timestamp,sequence,team,robot_id,interval_ms,left_target_eps,left_measured_eps,left_duty,right_target_eps,right_measured_eps,right_duty,flags
2026-09-06T20:58:15.983,658,0,1,50,0,0,8893,184,0,4132,0x07
2026-09-06T20:58:16.036,659,0,2,51,0,0,0,0,0,0,0x03
2026-09-06T20:58:16.036,660,0,1,50,832,40,12259,326,0,5860,0x07
2026-09-06T20:58:16.101,661,0,2,51,0,0,0,0,0,0,0x03
2026-09-06T20:58:16.101,662,0,1,52,0,0,0,0,0,0,0x03
2026-09-06T20:58:16.166,663,0,2,52,0,0,0,0,0,0,0x03
2026-09-06T20:58:16.166,0,0,1,51,0,0,0,0,0,0,0x03
2026-09-06T20:58:16.231,1,0,2,51,0,0,0,0,0,0,0x03
2026-09-06T20:58:16.231,2,0,1,52,0,0,0,0,0,0,0x03
2026-09-06T20:58:16.296,3,0,2,50,0,0,0,0,0,0,0x03
2026-09-06T20:58:16.296,4,0,1,50,0,0,0,0,0,0,0x03
2026-09-06T20:58:16.361,5,0,2,50,0,0,0,0,0,0,0x03
2026-09-06T20:58:16.361,6,0,1,51,0,0,0,0,0,0,0x03
2026-09-06T20:58:16.442,7,0,2,50,0,0,0,0,0,0,0x03
2026-09-06T20:58:16.442,8,0,1,52,0,0,0,0,0,0,0x03
2026-09-06T20:58:16.507,9,0,2,52,0,0,0,0,0,0,0x03
2026-09-06T20:58:16.507,10,0,1,51,0,0,0,0,0,0,0x03
2026-09-06T20:58:16.571,11,0,2,51,0,0,0,0,0,0,0x03
2026-09-06T20:58:16.572,12,0,1,50,0,0,0,0,0,0,0x03
2026-09-06T20:58:16.636,13,0,2,51,0,0,0,0,0,0,0x03
2026-09-06T20:58:16.636,14,0,1,50,0,0,0,0,0,0,0x03
2026-09-06T20:58:16.701,15,0,2,55,0,0,0,0,0,0,0x03
2026-09-06T20:58:16.701,16,0,1,54,0,0,0,0,0,0,0x03
2026-09-06T20:58:16.766,17,0,2,50,0,0,0,0,0,0,0x03
2026-09-06T20:58:16.766,18,0,1,50,0,0,0,0,0,0,0x03
2026-09-06T20:58:16.831,19,0,2,50,0,0,0,0,0,0,0x03
2026-09-06T20:58:16.831,20,0,1,51,0,0,0,0,0,0,0x03
2026-09-06T20:58:16.895,21,0,2,52,0,0,0,0,0,0,0x03
2026-09-06T20:58:16.895,22,0,1,50,0,0,0,0,0,0,0x03
2026-09-06T20:58:16.977,23,0,2,55,0,0,0,0,0,0,0x03
2026-09-06T20:58:16.977,24,0,1,51,0,0,0,0,0,0,0x03
2026-09-06T20:58:17.042,25,0,2,52,0,0,0,0,0,0,0x03
2026-09-06T20:58:17.042,26,0,1,50,0,0,0,0,0,0,0x03
2026-09-06T20:58:17.107,27,0,2,50,0,0,0,0,0,0,0x03
2026-09-06T20:58:17.107,28,0,1,52,0,0,0,0,0,0,0x03
2026-09-06T20:58:17.172,29,0,2,50,0,0,0,0,0,0,0x03
2026-09-06T20:58:17.172,30,0,1,51,0,0,0,0,0,0,0x03
2026-09-06T20:58:17.237,31,0,2,50,0,0,0,0,0,0,0x03
2026-09-06T20:58:17.237,32,0,1,51,0,0,0,0,0,0,0x03
2026-09-06T20:58:17.302,33,0,2,52,0,0,0,0,0,0,0x03
2026-09-06T20:58:17.302,34,0,1,51,0,0,0,0,0,0,0x03
2026-09-06T20:58:17.366,35,0,2,53,0,0,0,0,0,0,0x03
2026-09-06T20:58:17.367,36,0,1,50,0,0,0,0,0,0,0x03
2026-09-06T20:58:17.431,37,0,2,51,0,0,0,0,0,0,0x03
2026-09-06T20:58:17.431,38,0,1,51,0,0,0,0,0,0,0x03
2026-09-06T20:58:17.512,39,0,2,50,0,0,0,0,0,0,0x03
2026-09-06T20:58:17.512,40,0,1,52,0,0,0,0,0,0,0x03
2026-09-06T20:58:17.577,41,0,2,51,0,0,0,0,0,0,0x03
2026-09-06T20:58:17.577,42,0,1,51,0,0,0,0,0,0,0x03
2026-09-06T20:58:17.642,43,0,2,51,0,0,0,0,0,0,0x03
2026-09-06T20:58:17.642,44,0,1,52,0,0,0,0,0,0,0x03
2026-09-06T20:58:17.707,45,0,2,50,0,0,0,0,0,0,0x03
2026-09-06T20:58:17.707,46,0,1,52,0,0,0,0,0,0,0x03
2026-09-06T20:58:17.772,47,0,2,51,0,0,0,0,0,0,0x03
2026-09-06T20:58:17.772,48,0,1,53,0,0,0,0,0,0,0x03
2026-09-06T20:58:17.837,49,0,2,50,0,0,0,0,0,0,0x03
2026-09-06T20:58:17.837,50,0,1,50,0,0,0,0,0,0,0x03
2026-09-06T20:58:17.902,51,0,2,50,0,0,0,0,0,0,0x03
2026-09-06T20:58:17.902,52,0,1,51,0,0,0,0,0,0,0x03
2026-09-06T20:58:17.983,53,0,2,50,0,0,0,0,0,0,0x03
2026-09-06T20:58:17.983,54,0,1,50,0,0,0,0,0,0,0x03
2026-09-06T20:58:18.048,55,0,2,50,0,0,0,0,0,0,0x03
2026-09-06T20:58:18.048,56,0,1,51,0,0,0,0,0,0,0x03
2026-09-06T20:58:18.113,57,0,2,51,0,0,0,0,0,0,0x03
2026-09-06T20:58:18.113,58,0,1,52,0,0,0,0,0,0,0x03
2026-09-06T20:58:18.178,59,0,2,52,0,0,0,0,0,0,0x03
2026-09-06T20:58:18.178,60,0,1,50,0,0,0,0,0,0,0x03
2026-09-06T20:58:18.243,61,0,2,52,0,0,0,0,0,0,0x03
2026-09-06T20:58:18.243,62,0,1,52,0,0,0,0,0,0,0x03
2026-09-06T20:58:18.308,63,0,2,51,0,0,0,0,0,0,0x03
2026-09-06T20:58:18.308,64,0,1,52,0,0,0,0,0,0,0x03
2026-09-06T20:58:18.373,65,0,2,52,0,0,0,0,0,0,0x03
2026-09-06T20:58:18.373,66,0,1,52,0,0,19697,0,0,14902,0x07
2026-09-06T20:58:18.438,67,0,2,58,1954,0,26075,871,0,13016,0x07
2026-09-06T20:58:18.438,68,0,1,56,2004,768,23340,1818,54,23732,0x07
2026-09-06T20:58:18.519,69,0,2,50,1954,1020,21740,871,140,12421,0x07
2026-09-06T20:58:18.519,70,0,1,52,2004,654,23825,1818,58,23714,0x07
2026-09-06T20:58:18.584,71,0,2,51,1602,412,20058,1245,216,16817,0x07
2026-09-06T20:58:18.584,72,0,1,50,1987,760,23170,1791,0,23629,0x07
2026-09-06T20:58:18.649,73,0,2,51,1606,667,19020,1250,353,16295,0x07
2026-09-06T20:58:18.649,74,0,1,51,1950,1078,21367,1769,0,23356,0x07
2026-09-06T20:58:18.714,75,0,2,51,1662,980,18366,1370,765,16065,0x07
2026-09-06T20:58:18.714,76,0,1,51,1976,1196,21186,1946,0,25505,0x07
2026-09-06T20:58:18.779,77,0,2,51,1767,1118,19058,1549,882,17818,0x07
2026-09-06T20:58:18.779,78,0,1,51,1957,1216,20862,2065,0,26952,0x07
2026-09-06T20:58:18.843,79,0,2,51,1940,1314,20324,1760,1020,19902,0x07
2026-09-06T20:58:18.843,80,0,1,52,1855,1192,19737,2111,0,27509,0x07
2026-09-06T20:58:18.908,81,0,2,51,1940,1451,19741,1760,1059,19736,0x07
2026-09-06T20:58:18.908,82,0,1,50,1501,1260,15166,2006,0,26236,0x07
2026-09-06T20:58:18.973,83,0,2,50,2002,1580,19945,1868,1120,20840,0x07
2026-09-06T20:58:18.973,84,0,1,51,0,0,3323,1600,0,21310,0x07
2026-09-06T20:58:19.054,85,0,2,50,2065,1560,20788,1969,1200,21773,0x07
2026-09-06T20:58:19.054,86,0,1,50,-122,-220,2906,930,0,13180,0x07
2026-09-06T20:58:19.119,87,0,2,56,2182,1821,21096,2268,1375,24797,0x07
2026-09-06T20:58:19.119,88,0,1,53,-758,-94,11134,-1189,0,16326,0x07
2026-09-06T20:58:19.184,89,0,2,51,2182,1784,21254,2268,1588,23891,0x07
2026-09-06T20:58:19.185,90,0,1,51,-758,-98,11118,-1189,-196,15493,0x07
2026-09-06T20:58:19.249,91,0,2,50,2197,1740,21627,2333,1680,24331,0x07
2026-09-06T20:58:19.249,92,0,1,52,-1481,-173,19540,-1378,-96,18205,0x07
2026-09-06T20:58:19.314,93,0,2,50,2152,1940,20232,2333,1780,23906,0x07
2026-09-06T20:58:19.314,94,0,1,51,-1763,-510,21515,-1635,-353,20235,0x07
2026-09-06T20:58:19.379,95,0,2,50,2111,1960,19653,2333,1840,23651,0x07
2026-09-06T20:58:19.379,96,0,1,50,-1815,-780,21004,-1708,-540,20331,0x07
2026-09-06T20:58:19.444,97,0,2,51,2037,2137,17998,2333,1902,23388,0x07
2026-09-06T20:58:19.444,98,0,1,50,-1796,-860,20432,-1708,-780,19303,0x07
2026-09-06T20:58:19.509,99,0,2,53,1796,1849,16302,2179,1925,21344,0x07
2026-09-06T20:58:19.509,100,0,1,53,-1630,-1075,17512,-1676,-1038,17825,0x07
2026-09-06T20:58:19.591,101,0,2,51,1796,1902,16077,2179,2157,20357,0x07
2026-09-06T20:58:19.591,102,0,1,52,-1630,-1135,17261,-1676,-1173,17250,0x07
2026-09-06T20:58:19.640,103,0,2,51,1627,1882,14110,2074,1902,20110,0x07
2026-09-06T20:58:19.640,104,0,1,51,-1452,-1059,15424,-1523,-1098,15709,0x07
2026-09-06T20:58:19.721,105,0,2,50,1567,1780,13813,1988,1980,18693,0x07
2026-09-06T20:58:19.721,106,0,1,53,-898,-1019,8902,-959,-1057,9046,0x07
2026-09-06T20:58:19.787,107,0,2,51,1451,1608,13138,1909,1824,18358,0x07
2026-09-06T20:58:19.787,108,0,1,50,-571,-920,5357,-621,-980,5266,0x07
2026-09-06T20:58:19.852,109,0,2,51,1444,1529,13394,1868,1882,17592,0x07
2026-09-06T20:58:19.852,110,0,1,50,0,0,4111,-621,-700,6456,0x07
2026-09-06T20:58:19.917,111,0,2,53,1508,1566,14011,1891,1868,17949,0x07
2026-09-06T20:58:19.917,112,0,1,53,-221,-19,4960,-937,-755,10066,0x07
2026-09-06T20:58:19.982,113,0,2,50,1508,1560,14037,1891,1740,18493,0x07
2026-09-06T20:58:19.982,114,0,1,50,-221,-280,3850,-937,-500,11149,0x07
2026-09-06T20:58:20.047,115,0,2,50,1578,1520,15054,1933,1800,18767,0x07
2026-09-06T20:58:20.047,116,0,1,50,-207,-160,4189,-952,-460,11500,0x07
2026-09-06T20:58:20.112,117,0,2,50,1668,1520,16150,1991,1720,19837,0x07
2026-09-06T20:58:20.112,118,0,1,50,-182,-20,4482,-978,-500,11640,0x07
2026-09-06T20:58:20.177,119,0,2,51,1830,1431,18491,2077,1902,20150,0x07
2026-09-06T20:58:20.177,120,0,1,50,-207,0,4869,-952,-560,11072,0x07
2026-09-06T20:58:20.258,121,0,2,51,1983,1529,19966,2169,1706,22150,0x07
2026-09-06T20:58:20.258,122,0,1,51,-251,0,5407,-906,-529,10641,0x07
2026-09-06T20:58:20.323,123,0,2,51,2136,1647,21362,2243,1725,22995,0x07
2026-09-06T20:58:20.323,124,0,1,50,-311,0,6130,-844,-520,9930,0x07
2026-09-06T20:58:20.389,125,0,2,53,2249,1755,22367,2312,1698,24048,0x07
2026-09-06T20:58:20.389,126,0,1,50,-639,-120,9589,-1080,-580,12545,0x07
2026-09-06T20:58:20.454,127,0,2,50,2249,1960,21536,2312,1900,23220,0x07
2026-09-06T20:58:20.454,128,0,1,52,-1021,-423,12920,-1395,-673,15962,0x07
2026-09-06T20:58:20.518,129,0,2,55,2249,1964,21561,2328,2055,22782,0x07
2026-09-06T20:58:20.519,130,0,1,51,-1437,-353,18241,-1707,-529,20360,0x07
2026-09-06T20:58:20.584,131,0,2,55,2207,2127,20420,2333,2000,23147,0x07
2026-09-06T20:58:20.584,132,0,1,55,-1926,-745,22493,-2099,-709,24346,0x07
2026-09-06T20:58:20.649,133,0,2,51,2207,2039,20833,2333,2020,23092,0x07
2026-09-06T20:58:20.649,134,0,1,50,-1926,-900,21836,-2099,-880,23620,0x07
2026-09-06T20:58:20.714,135,0,2,51,2091,2039,19454,2333,1902,23620,0x07
2026-09-06T20:58:20.714,136,0,1,51,-2067,-1039,22942,-2209,-1137,23869,0x07
2026-09-06T20:58:20.795,137,0,2,51,1820,2176,15538,2268,2176,21644,0x07
2026-09-06T20:58:20.795,138,0,1,50,-2074,-1180,22433,-2269,-1180,24413,0x07
2026-09-06T20:58:20.861,139,0,2,53,586,1528,3136,1382,1887,11606,0x07
2026-09-06T20:58:20.861,140,0,1,51,-2070,-1255,22066,-2264,-1275,23955,0x07
2026-09-06T20:58:20.926,141,0,2,51,586,1000,5390,1382,1765,12142,0x07
2026-09-06T20:58:20.926,142,0,1,51,-1886,-1431,19097,-2083,-1392,21257,0x07
2026-09-06T20:58:20.990,143,0,2,51,58,1157,3401,1011,1510,8506,0x07
2026-09-06T20:58:20.990,144,0,1,56,-1244,-1446,11259,-1577,-1232,15802,0x07
2026-09-06T20:58:21.056,145,0,2,50,121,620,1279,1041,1120,10573,0x07
2026-09-06T20:58:21.056,146,0,1,50,-1244,-1380,11542,-1577,-1240,15768,0x07
2026-09-06T20:58:21.121,147,0,2,50,113,380,2199,1050,1040,11038,0x07
2026-09-06T20:58:21.121,148,0,1,52,-831,-1308,6855,-1282,-1096,12792,0x07
2026-09-06T20:58:21.186,149,0,2,51,141,275,3000,1020,1020,10753,0x07
2026-09-06T20:58:21.186,150,0,1,50,-364,-1040,2346,-995,-1120,9218,0x07
2026-09-06T20:58:21.250,151,0,2,51,279,235,4861,877,863,9607,0x07
2026-09-06T20:58:21.250,152,0,1,55,-131,-382,2332,-1030,-927,10461,0x07
2026-09-06T20:58:21.331,153,0,2,51,279,255,4778,877,804,9868,0x07
2026-09-06T20:58:21.331,154,0,1,51,-131,-216,3038,-1030,-824,10902,0x07
2026-09-06T20:58:21.396,155,0,2,50,495,140,7916,872,720,10165,0x07
2026-09-06T20:58:21.396,156,0,1,50,0,0,4987,0,0,9378,0x07
2026-09-06T20:58:21.463,157,0,2,51,1079,353,14201,1375,686,16756,0x07
2026-09-06T20:58:21.463,158,0,1,52,334,0,6407,948,250,12347,0x07
2026-09-06T20:58:21.527,159,0,2,52,1584,692,18994,1780,788,21526,0x07
2026-09-06T20:58:21.528,160,0,1,52,313,0,6158,937,19,13183,0x07
2026-09-06T20:58:21.593,161,0,2,50,1905,760,22658,2048,800,24904,0x07
2026-09-06T20:58:21.593,162,0,1,51,189,20,4573,971,39,13509,0x07
2026-09-06T20:58:21.658,163,0,2,52,2249,1269,24773,1915,1135,21808,0x07
2026-09-06T20:58:21.658,164,0,1,52,133,19,3893,1029,0,14382,0x07
2026-09-06T20:58:21.724,165,0,2,51,2249,1529,23705,1915,1235,21401,0x07
2026-09-06T20:58:21.724,166,0,1,50,0,0,6454,0,0,10613,0x07
2026-09-06T20:58:21.789,167,0,2,51,2209,1725,22408,2038,1392,22337,0x07
2026-09-06T20:58:21.789,168,0,1,50,-521,-200,7818,-1105,-20,15226,0x07
2026-09-06T20:58:21.853,169,0,2,51,2154,1784,21514,1972,1392,21508,0x07
2026-09-06T20:58:21.853,170,0,1,51,-590,-255,8416,-1144,-59,15533,0x07
2026-09-06T20:58:21.934,171,0,2,57,2057,2053,19239,2017,1596,21257,0x07
2026-09-06T20:58:21.934,172,0,1,51,-702,-118,10358,-1223,-275,15572,0x07
2026-09-06T20:58:21.999,173,0,2,50,2057,1920,19835,2017,1640,21093,0x07
2026-09-06T20:58:21.999,174,0,1,52,-738,-154,10637,-1271,-212,16425,0x07
2026-09-06T20:58:22.064,175,0,2,50,2026,1980,19232,2145,1600,22935,0x07
2026-09-06T20:58:22.064,176,0,1,50,-709,-260,9830,-1270,-380,15701,0x07
2026-09-06T20:58:22.130,177,0,2,50,1971,1920,18871,2234,1880,22930,0x07
2026-09-06T20:58:22.130,178,0,1,52,-709,-308,9628,-1270,-481,15272,0x07
2026-09-06T20:58:22.195,179,0,2,50,1918,2000,17896,2206,1860,22685,0x07
2026-09-06T20:58:22.195,180,0,1,51,-696,-373,9206,-1256,-549,14812,0x07
2026-09-06T20:58:22.260,181,0,2,50,1810,1960,16748,2136,1900,21627,0x07
2026-09-06T20:58:22.260,182,0,1,51,-626,-412,8182,-1213,-569,14198,0x07
2026-09-06T20:58:22.325,183,0,2,55,-21,-109,2286,1252,1855,10406,0x07
2026-09-06T20:58:22.325,184,0,1,50,-650,-460,8274,-1209,-620,13937,0x07
2026-09-06T20:58:22.390,185,0,2,50,0,0,3431,1252,1120,13541,0x07
2026-09-06T20:58:22.390,186,0,1,50,-649,-500,8096,-1212,-640,13891,0x07
2026-09-06T20:58:22.455,187,0,2,52,0,0,8353,0,0,13096,0x07
2026-09-06T20:58:22.455,188,0,1,50,-583,-520,7208,-1175,-680,13271,0x07
2026-09-06T20:58:22.520,189,0,2,50,-713,-80,11043,-1265,-140,17878,0x07
2026-09-06T20:58:22.520,190,0,1,50,-670,-520,8256,-1219,-720,13635,0x07
2026-09-06T20:58:22.601,191,0,2,57,-1888,-421,24265,-2080,-1474,22751,0x07
2026-09-06T20:58:22.601,192,0,1,50,-670,-560,8086,-1219,-740,13550,0x07
2026-09-06T20:58:22.666,193,0,2,52,-1888,-712,23031,-2080,-904,25172,0x07
2026-09-06T20:58:22.666,194,0,1,51,-612,-588,7273,-1196,-765,13161,0x07
2026-09-06T20:58:22.731,195,0,2,50,-1894,-980,21958,-1826,-660,22924,0x07
2026-09-06T20:58:22.731,196,0,1,50,-598,-540,7306,-1176,-780,12854,0x07
2026-09-06T20:58:22.796,197,0,2,57,-1108,-1193,11248,-1962,-1175,22492,0x07
2026-09-06T20:58:22.796,198,0,1,51,-576,-588,6837,-1158,-804,12540,0x07
2026-09-06T20:58:22.860,199,0,2,50,-1108,-1100,11644,-1962,-1400,21537,0x07
2026-09-06T20:58:22.861,200,0,1,50,-658,-580,7859,-1198,-880,12696,0x07
2026-09-06T20:58:22.926,201,0,2,51,-665,-1216,5614,-1418,-1451,14278,0x07
2026-09-06T20:58:22.926,202,0,1,56,-797,-500,9884,-1322,-839,14368,0x07
2026-09-06T20:58:22.990,203,0,2,51,0,0,11280,0,0,14955,0x07
2026-09-06T20:58:22.990,204,0,1,51,-797,-510,9843,-1322,-902,14101,0x07
2026-09-06T20:58:23.072,205,0,2,50,1069,20,15736,1479,840,17671,0x07
2026-09-06T20:58:23.072,206,0,1,51,-840,-471,10527,-1357,-902,14526,0x07
2026-09-06T20:58:23.137,207,0,2,51,1431,0,20349,1739,1157,19690,0x07
2026-09-06T20:58:23.137,208,0,1,50,-832,-460,10471,-1364,-880,14709,0x07
2026-09-06T20:58:23.202,209,0,2,51,1396,216,18994,1815,627,22923,0x07
2026-09-06T20:58:23.202,210,0,1,51,-902,-529,11028,-1402,-902,15073,0x07
2026-09-06T20:58:23.267,211,0,2,50,1272,620,15722,1764,680,22042,0x07
2026-09-06T20:58:23.267,212,0,1,52,-1091,-596,13033,-1518,-923,16399,0x07
2026-09-06T20:58:23.332,213,0,2,51,1038,686,12521,1611,941,18953,0x07
2026-09-06T20:58:23.332,214,0,1,50,-1076,-780,12065,-1619,-920,17634,0x07
2026-09-06T20:58:23.398,215,0,2,52,826,750,9607,1429,1058,16103,0x07
2026-09-06T20:58:23.398,216,0,1,50,-1076,-760,12150,-1619,-900,17719,0x07
2026-09-06T20:58:23.463,217,0,2,52,756,788,8572,1330,1154,14403,0x07
2026-09-06T20:58:23.463,218,0,1,50,-1420,-860,15885,-1742,-980,18874,0x07
2026-09-06T20:58:23.528,219,0,2,51,640,784,7143,1240,1039,13732,0x07
2026-09-06T20:58:23.528,220,0,1,51,-1495,-902,16612,-1855,-1059,19941,0x07
2026-09-06T20:58:23.593,221,0,2,52,742,712,8725,1264,1019,14128,0x07
2026-09-06T20:58:23.593,222,0,1,51,-1499,-1078,15908,-1890,-1176,19936,0x07
2026-09-06T20:58:23.675,223,0,2,50,921,800,10576,1406,1080,15709,0x07
2026-09-06T20:58:23.675,224,0,1,50,-1652,-1140,17500,-1961,-1280,20395,0x07
2026-09-06T20:58:23.724,225,0,2,50,921,880,10236,1406,1200,15199,0x07
2026-09-06T20:58:23.724,226,0,1,51,-1723,-1196,18117,-2031,-1353,20976,0x07
2026-09-06T20:58:23.805,227,0,2,50,1047,760,12323,1483,1120,16531,0x07
2026-09-06T20:58:23.805,228,0,1,50,-1746,-1260,18128,-2067,-1520,20783,0x07
2026-09-06T20:58:23.870,229,0,2,52,856,385,11530,1340,519,17236,0x07
2026-09-06T20:58:23.870,230,0,1,50,-1738,-1320,17779,-2077,-1460,21192,0x07
2026-09-06T20:58:23.935,231,0,2,57,148,351,2847,1013,298,13936,0x07
2026-09-06T20:58:23.935,232,0,1,51,-1721,-1353,17435,-2072,-1529,20866,0x07
2026-09-06T20:58:24.001,233,0,2,51,148,157,3671,1013,98,14787,0x07
2026-09-06T20:58:24.001,234,0,1,50,-1770,-1500,17393,-2084,-1520,21126,0x07
2026-09-06T20:58:24.066,235,0,2,51,0,0,7004,0,0,11909,0x07
2026-09-06T20:58:24.066,236,0,1,51,-1837,-1529,18088,-2119,-1549,21464,0x07
2026-09-06T20:58:24.131,237,0,2,51,-549,-510,7170,-1129,-922,12790,0x07
2026-09-06T20:58:24.131,238,0,1,51,-1823,-1569,17746,-2137,-1667,21226,0x07
2026-09-06T20:58:24.196,239,0,2,51,-879,-608,10872,-1311,-1235,13821,0x07
2026-09-06T20:58:24.196,240,0,1,52,-1715,-1500,16796,-2081,-1673,20580,0x07
2026-09-06T20:58:24.260,241,0,2,50,-1087,-280,14863,-1499,-360,19970,0x07
2026-09-06T20:58:24.260,242,0,1,52,-1715,-1500,16830,-2081,-1712,20449,0x07
2026-09-06T20:58:24.342,243,0,2,52,-1168,-481,15021,-1631,-538,20914,0x07
2026-09-06T20:58:24.342,244,0,1,50,-1661,-1520,16123,-2045,-1760,19830,0x07
2026-09-06T20:58:24.407,245,0,2,51,-1168,-667,14231,-1631,-686,20286,0x07
2026-09-06T20:58:24.407,246,0,1,50,-1599,-1480,15568,-2002,-1680,19664,0x07
2026-09-06T20:58:24.472,247,0,2,51,-1252,-824,14617,-1679,-882,20077,0x07
2026-09-06T20:58:24.472,248,0,1,51,-1565,-1549,14924,-1966,-1725,19088,0x07
2026-09-06T20:58:24.536,249,0,2,50,-1138,-980,12520,-1644,-1200,18279,0x07
2026-09-06T20:58:24.536,250,0,1,52,0,0,18810,0,0,20717,0x07
2026-09-06T20:58:24.602,251,0,2,51,-817,-941,8685,-1451,-1176,15874,0x07
2026-09-06T20:58:24.602,252,0,1,50,2057,240,26531,2286,460,28478,0x07
2026-09-06T20:58:24.667,253,0,2,51,-144,-882,529,-1017,-1196,10183,0x07
2026-09-06T20:58:24.667,254,0,1,52,1964,0,26418,2274,1154,25381,0x07
2026-09-06T20:58:24.732,255,0,2,51,811,39,12438,1306,59,18744,0x07
2026-09-06T20:58:24.732,256,0,1,51,1945,20,26107,2239,804,26432,0x07
2026-09-06T20:58:24.797,257,0,2,52,811,19,12523,1306,788,15643,0x07
2026-09-06T20:58:24.797,258,0,1,51,1883,235,24423,2210,451,27571,0x07
2026-09-06T20:58:24.879,259,0,2,51,966,20,14454,1394,275,18970,0x07
2026-09-06T20:58:24.879,260,0,1,53,1354,623,16310,1920,19,25793,0x07
2026-09-06T20:58:24.944,261,0,2,52,881,135,12912,1399,115,19719,0x07
2026-09-06T20:58:24.944,262,0,1,51,1354,745,15789,1920,0,25873,0x07
2026-09-06T20:58:25.009,263,0,2,55,509,418,7066,1153,491,14937,0x07
2026-09-06T20:58:25.009,264,0,1,50,1054,820,11803,1663,0,22675,0x07
2026-09-06T20:58:25.074,265,0,2,50,509,440,6973,1153,600,14473,0x07
2026-09-06T20:58:25.074,266,0,1,57,129,544,1676,1033,0,14835,0x07
2026-09-06T20:58:25.140,267,0,2,51,423,490,5686,1045,627,12958,0x07
2026-09-06T20:58:25.140,268,0,1,52,129,365,2434,1033,19,14753,0x07
2026-09-06T20:58:25.205,269,0,2,50,318,400,4756,958,620,11857,0x07
2026-09-06T20:58:25.205,270,0,1,50,0,0,6107,0,0,10648,0x07
2026-09-06T20:58:25.269,271,0,2,50,319,360,4934,927,660,11292,0x07
2026-09-06T20:58:25.270,272,0,1,52,-464,-19,7997,-1058,-19,15061,0x07
2026-09-06T20:58:25.335,273,0,2,50,190,380,3245,854,700,10181,0x07
2026-09-06T20:58:25.335,274,0,1,50,-1093,-200,14913,-1404,-260,18343,0x07
2026-09-06T20:58:25.400,275,0,2,54,211,278,3940,849,722,10019,0x07
2026-09-06T20:58:25.400,276,0,1,51,-1487,-353,19089,-1743,-294,22417,0x07
2026-09-06T20:58:25.481,277,0,2,50,0,0,0,0,0,0,0x03
2026-09-06T20:58:25.481,278,0,1,50,-1662,-540,20434,-1938,-460,24140,0x07
2026-09-06T20:58:25.546,279,0,2,50,0,0,6045,0,0,10261,0x07
2026-09-06T20:58:25.546,280,0,1,55,-1704,-855,19606,-2051,-1000,23256,0x07
2026-09-06T20:58:25.611,281,0,2,52,433,77,7556,939,288,13026,0x07
2026-09-06T20:58:25.611,282,0,1,51,-1704,-961,19154,-2051,-1216,22339,0x07
2026-09-06T20:58:25.676,283,0,2,50,747,560,9424,1182,540,15100,0x07
2026-09-06T20:58:25.676,284,0,1,50,-1739,-980,19497,-2065,-1300,22155,0x07
2026-09-06T20:58:25.741,285,0,2,50,844,380,11401,1307,600,16458,0x07
2026-09-06T20:58:25.742,286,0,1,50,-1623,-1140,17398,-2032,-1400,21325,0x07
2026-09-06T20:58:25.806,287,0,2,52,767,519,9850,1259,750,15200,0x07
2026-09-06T20:58:25.806,288,0,1,50,-1652,-1240,17333,-2012,-1500,20648,0x07
2026-09-06T20:58:25.871,290,0,1,50,-1702,-1260,17858,-2033,-1420,21249,0x07
2026-09-06T20:58:25.935,290,0,1,50,-573,-980,5247,-1108,-1180,10755,0x07
2026-09-06T20:58:26.016,292,0,1,51,-573,-706,6412,-1108,-1039,11354,0x07
2026-09-06T20:58:26.081,291,0,2,50,762,560,9617,1216,740,14694,0x07
2026-09-06T20:58:26.081,292,0,1,52,-227,-750,2000,-878,-1038,8500,0x07
2026-09-06T20:58:26.146,292,0,1,50,-227,-240,4167,-878,-440,11044,0x07
2026-09-06T20:58:26.210,293,0,2,52,154,385,2766,1045,115,15134,0x07
2026-09-06T20:58:26.211,65535,0,1,51,0,0,0,0,0,0,0x0b
2026-09-06T20:58:26.275,297,0,2,53,68,0,3331,1096,0,16286,0x07
2026-09-06T20:58:26.275,65535,0,1,51,0,0,0,0,0,0,0x0b
2026-09-06T20:58:26.340,297,0,2,50,68,0,3331,1096,0,16286,0x07
2026-09-06T20:58:26.340,304,0,1,56,28,0,2750,702,0,10713,0x07
2026-09-06T20:58:26.405,305,0,2,53,0,0,14607,0,0,17136,0x07
2026-09-06T20:58:26.405,306,0,1,51,0,0,3336,702,0,10713,0x07
2026-09-06T20:58:26.487,307,0,2,55,-1555,-1255,16562,-1824,-1582,18975,0x07
2026-09-06T20:58:26.487,308,0,1,51,-116,-20,3747,733,0,11096,0x07
2026-09-06T20:58:26.552,309,0,2,50,-1555,-560,19514,-1824,-1240,20428,0x07
2026-09-06T20:58:26.552,310,0,1,50,-189,0,4714,0,0,7131,0x07
2026-09-06T20:58:26.617,311,0,2,50,-1575,-500,20019,-1861,-540,23883,0x07
2026-09-06T20:58:26.617,312,0,1,52,-43,-77,2600,-629,0,9803,0x07
2026-09-06T20:58:26.682,313,0,2,50,-1611,-1020,18255,-1894,-900,22778,0x07
2026-09-06T20:58:26.682,314,0,1,51,-403,0,7332,-694,0,10618,0x07
2026-09-06T20:58:26.748,315,0,2,50,-1540,-1200,16609,-1861,-1040,21758,0x07
2026-09-06T20:58:26.748,316,0,1,51,-646,-20,10223,-855,-59,12371,0x07
2026-09-06T20:58:26.812,317,0,2,51,-850,-1255,7763,-1716,-1216,19141,0x07
2026-09-06T20:58:26.812,318,0,1,64,-981,-203,13534,-1141,-297,14914,0x07
2026-09-06T20:58:26.877,319,0,2,52,-130,-731,1000,-1032,-1192,10386,0x07
2026-09-06T20:58:26.877,320,0,1,51,-981,-196,13564,-1141,-275,15009,0x07
2026-09-06T20:58:26.942,321,0,2,51,-130,-392,2439,-1032,-1098,10786,0x07
2026-09-06T20:58:26.942,322,0,1,50,-1159,-280,15386,-1278,-360,16358,0x07
2026-09-06T20:58:27.023,323,0,2,50,0,0,9226,0,0,13860,0x07
2026-09-06T20:58:27.023,324,0,1,52,-1307,-346,16920,-1422,-500,17549,0x07
2026-09-06T20:58:27.087,325,0,2,50,819,40,12536,1353,200,18761,0x07
2026-09-06T20:58:27.087,326,0,1,57,-1614,-632,19459,-1684,-737,19805,0x07
2026-09-06T20:58:27.152,327,0,2,52,1932,346,25122,1878,442,24520,0x07
2026-09-06T20:58:27.152,328,0,1,50,-1614,-760,18913,-1684,-780,19621,0x07
2026-09-06T20:58:27.217,329,0,2,50,1658,500,21049,2049,360,27080,0x07
2026-09-06T20:58:27.217,330,0,1,50,-1689,-880,19320,-1712,-880,19541,0x07
2026-09-06T20:58:27.282,331,0,2,53,1086,811,12593,1668,943,19681,0x07
2026-09-06T20:58:27.282,332,0,1,50,-1741,-1120,18931,-1652,-920,18630,0x07
2026-09-06T20:58:27.346,333,0,2,50,1086,880,12301,1668,1040,19271,0x07
2026-09-06T20:58:27.346,334,0,1,52,-1741,-1173,18706,-1652,-1000,18290,0x07
2026-09-06T20:58:27.411,335,0,2,50,789,900,8510,1431,1140,15771,0x07
2026-09-06T20:58:27.411,336,0,1,50,-1665,-1340,17068,-1624,-1040,17767,0x07
2026-09-06T20:58:27.476,337,0,2,50,684,920,7115,1287,1280,13310,0x07
2026-09-06T20:58:27.476,338,0,1,50,-1571,-1380,15751,-1530,-1100,16340,0x07
2026-09-06T20:58:27.558,339,0,2,57,-46,-35,2912,1214,1123,13046,0x07
2026-09-06T20:58:27.558,340,0,1,56,-2223,-1286,24118,-1904,-1143,20823,0x07
2026-09-06T20:58:27.607,341,0,2,50,-46,-80,2721,0,0,12190,0x07
2026-09-06T20:58:27.607,342,0,1,50,-2223,-1380,23717,-1904,-1340,19985,0x07
2026-09-06T20:58:27.689,343,0,2,51,-587,-255,8733,-1161,-235,16124,0x07
2026-09-06T20:58:27.689,344,0,1,52,-2158,-1481,22496,-2066,-1327,22053,0x07
2026-09-06T20:58:27.754,345,0,2,50,-1057,-120,15169,-1418,-220,19509,0x07
2026-09-06T20:58:27.754,346,0,1,52,-2158,-1481,22496,-2066,-1327,22053,0x07
2026-09-06T20:58:27.818,347,0,2,56,-277,-339,4500,-1069,-321,14570,0x07
2026-09-06T20:58:27.818,348,0,1,50,-2162,-1680,21694,-2046,-1100,22773,0x07
2026-09-06T20:58:27.884,349,0,2,51,-277,-196,5109,-1069,-490,13853,0x07
2026-09-06T20:58:27.884,350,0,1,50,-2144,-1660,21560,-1975,-760,23334,0x07
2026-09-06T20:58:27.949,351,0,2,50,-154,-380,2790,-1007,-620,12496,0x07
2026-09-06T20:58:27.949,352,0,1,56,-1623,-429,20426,-1465,-518,18008,0x07
2026-09-06T20:58:27.963,353,0,2,50,-156,-280,3236,-1006,-640,12393,0x07
2026-09-06T20:58:27.963,354,0,1,52,-1623,-77,21920,0,0,5996,0x07
