timestamp,sequence,team,robot_id,interval_ms,left_target_eps,left_measured_eps,left_duty,right_target_eps,right_measured_eps,right_duty,flags
2026-09-06T20:57:31.391,1427,0,2,50,0,0,0,0,0,0,0x03
2026-09-06T20:57:31.391,1428,0,1,51,0,0,0,0,0,0,0x03
2026-09-06T20:57:31.444,1429,0,2,51,0,0,0,0,0,0,0x03
2026-09-06T20:57:31.444,65535,255,1,0,0,0,0,0,0,0,0x03
2026-09-06T20:57:31.509,1431,0,2,52,0,0,0,0,0,0,0x03
2026-09-06T20:57:31.509,1432,0,1,52,0,0,0,0,0,0,0x03
2026-09-06T20:57:31.573,1433,0,2,58,0,0,0,0,0,0,0x03
2026-09-06T20:57:31.573,0,0,1,52,0,0,0,0,0,0,0x03
2026-09-06T20:57:31.638,1,0,2,50,0,0,0,0,0,0,0x03
2026-09-06T20:57:31.638,2,0,1,51,0,0,0,0,0,0,0x03
2026-09-06T20:57:31.704,3,0,2,50,0,0,0,0,0,0,0x03
2026-09-06T20:57:31.704,4,0,1,50,0,0,0,0,0,0,0x03
2026-09-06T20:57:31.768,5,0,2,52,0,0,0,0,0,0,0x03
2026-09-06T20:57:31.769,6,0,1,50,0,0,0,0,0,0,0x03
2026-09-06T20:57:31.834,7,0,2,50,0,0,0,0,0,0,0x03
2026-09-06T20:57:31.834,8,0,1,50,0,0,0,0,0,0,0x03
2026-09-06T20:57:31.899,9,0,2,54,0,0,0,0,0,0,0x03
2026-09-06T20:57:31.899,10,0,1,51,0,0,0,0,0,0,0x03
2026-09-06T20:57:31.964,11,0,2,50,0,0,0,0,0,0,0x03
2026-09-06T20:57:31.964,12,0,1,51,0,0,0,0,0,0,0x03
2026-09-06T20:57:32.045,13,0,2,50,0,0,0,0,0,0,0x03
2026-09-06T20:57:32.045,14,0,1,50,0,0,0,0,0,0,0x03
2026-09-06T20:57:32.109,15,0,2,52,0,0,0,0,0,0,0x03
2026-09-06T20:57:32.109,16,0,1,52,0,0,0,0,0,0,0x03
2026-09-06T20:57:32.174,17,0,2,50,0,0,0,0,0,0,0x03
2026-09-06T20:57:32.174,18,0,1,50,0,0,0,0,0,0,0x03
2026-09-06T20:57:32.239,19,0,2,52,0,0,0,0,0,0,0x03
2026-09-06T20:57:32.239,20,0,1,52,0,0,0,0,0,0,0x03
2026-09-06T20:57:32.304,21,0,2,51,0,0,0,0,0,0,0x03
2026-09-06T20:57:32.304,22,0,1,50,0,0,0,0,0,0,0x03
2026-09-06T20:57:32.369,23,0,2,51,0,0,0,0,0,0,0x03
2026-09-06T20:57:32.369,24,0,1,52,0,0,0,0,0,0,0x03
2026-09-06T20:57:32.450,25,0,2,50,0,0,0,0,0,0,0x03
2026-09-06T20:57:32.450,26,0,1,51,0,0,0,0,0,0,0x03
2026-09-06T20:57:32.499,27,0,2,51,0,0,0,0,0,0,0x03
2026-09-06T20:57:32.499,28,0,1,51,0,0,0,0,0,0,0x03
2026-09-06T20:57:32.580,29,0,2,53,0,0,0,0,0,0,0x03
2026-09-06T20:57:32.580,30,0,1,51,0,0,0,0,0,0,0x03
2026-09-06T20:57:32.644,31,0,2,52,0,0,0,0,0,0,0x03
2026-09-06T20:57:32.645,32,0,1,59,0,0,0,0,0,0,0x03
2026-09-06T20:57:32.709,33,0,2,50,0,0,0,0,0,0,0x03
2026-09-06T20:57:32.709,34,0,1,51,0,0,0,0,0,0,0x03
2026-09-06T20:57:32.774,35,0,2,50,0,0,0,0,0,0,0x03
2026-09-06T20:57:32.774,36,0,1,50,0,0,0,0,0,0,0x03
2026-09-06T20:57:32.840,37,0,2,52,0,0,0,0,0,0,0x03
2026-09-06T20:57:32.840,38,0,1,50,0,0,0,0,0,0,0x03
2026-09-06T20:57:32.904,39,0,2,50,0,0,0,0,0,0,0x03
2026-09-06T20:57:32.904,40,0,1,51,0,0,0,0,0,0,0x03
2026-09-06T20:57:32.984,41,0,2,50,0,0,0,0,0,0,0x03
2026-09-06T20:57:32.984,42,0,1,51,0,0,0,0,0,0,0x03
2026-09-06T20:57:33.049,43,0,2,51,0,0,0,0,0,0,0x03
2026-09-06T20:57:33.049,44,0,1,52,0,0,0,0,0,0,0x03
2026-09-06T20:57:33.114,45,0,2,52,0,0,0,0,0,0,0x03
2026-09-06T20:57:33.114,46,0,1,50,0,0,0,0,0,0,0x03
2026-09-06T20:57:33.179,47,0,2,53,0,0,0,0,0,0,0x03
2026-09-06T20:57:33.179,48,0,1,50,0,0,0,0,0,0,0x03
2026-09-06T20:57:33.244,49,0,2,51,0,0,0,0,0,0,0x03
2026-09-06T20:57:33.244,50,0,1,50,0,0,0,0,0,0,0x03
2026-09-06T20:57:33.309,51,0,2,51,0,0,0,0,0,0,0x03
2026-09-06T20:57:33.309,52,0,1,51,0,0,0,0,0,0,0x03
2026-09-06T20:57:33.374,53,0,2,50,0,0,0,0,0,0,0x03
2026-09-06T20:57:33.374,54,0,1,50,0,0,0,0,0,0,0x03
2026-09-06T20:57:33.438,55,0,2,55,0,0,0,0,0,0,0x03
2026-09-06T20:57:33.438,56,0,1,50,0,0,0,0,0,0,0x03
2026-09-06T20:57:33.503,57,0,2,50,0,0,0,0,0,0,0x03
2026-09-06T20:57:33.503,58,0,1,51,0,0,0,0,0,0,0x03
2026-09-06T20:57:33.585,59,0,2,51,0,0,0,0,0,0,0x03
2026-09-06T20:57:33.585,60,0,1,50,0,0,0,0,0,0,0x03
2026-09-06T20:57:33.650,61,0,2,50,0,0,0,0,0,0,0x03
2026-09-06T20:57:33.650,62,0,1,50,0,0,0,0,0,0,0x03
2026-09-06T20:57:33.714,63,0,2,51,0,0,0,0,0,0,0x03
2026-09-06T20:57:33.714,64,0,1,50,0,0,0,0,0,0,0x03
2026-09-06T20:57:33.779,65,0,2,51,0,0,0,0,0,0,0x03
2026-09-06T20:57:33.779,66,0,1,50,0,0,0,0,0,0,0x03
2026-09-06T20:57:33.844,67,0,2,50,0,0,0,0,0,0,0x03
2026-09-06T20:57:33.844,68,0,1,52,0,0,0,0,0,0,0x03
2026-09-06T20:57:33.909,69,0,2,52,0,0,0,0,0,0,0x03
2026-09-06T20:57:33.909,70,0,1,52,0,0,0,0,0,0,0x03
2026-09-06T20:57:33.990,71,0,2,51,0,0,0,0,0,0,0x03
2026-09-06T20:57:33.990,72,0,1,50,0,0,0,0,0,0,0x03
2026-09-06T20:57:34.039,73,0,2,50,0,0,0,0,0,0,0x03
2026-09-06T20:57:34.039,74,0,1,51,0,0,0,0,0,0,0x03
2026-09-06T20:57:34.121,75,0,2,55,0,0,0,0,0,0,0x03
2026-09-06T20:57:34.121,76,0,1,50,0,0,0,0,0,0,0x03
2026-09-06T20:57:34.185,77,0,2,52,0,0,0,0,0,0,0x03
2026-09-06T20:57:34.185,78,0,1,51,0,0,0,0,0,0,0x03
2026-09-06T20:57:34.250,79,0,2,51,0,0,0,0,0,0,0x03
2026-09-06T20:57:34.250,80,0,1,52,0,0,0,0,0,0,0x03
2026-09-06T20:57:34.315,81,0,2,51,0,0,0,0,0,0,0x03
2026-09-06T20:57:34.315,82,0,1,50,0,0,0,0,0,0,0x03
2026-09-06T20:57:34.380,83,0,2,51,0,0,0,0,0,0,0x03
2026-09-06T20:57:34.380,84,0,1,50,0,0,0,0,0,0,0x03
2026-09-06T20:57:34.445,85,0,2,51,0,0,0,0,0,0,0x03
2026-09-06T20:57:34.445,86,0,1,52,0,0,0,0,0,0,0x03
2026-09-06T20:57:34.526,87,0,2,51,0,0,0,0,0,0,0x03
2026-09-06T20:57:34.526,88,0,1,52,0,0,0,0,0,0,0x03
2026-09-06T20:57:34.575,89,0,2,50,0,0,0,0,0,0,0x03
2026-09-06T20:57:34.576,90,0,1,52,0,0,0,0,0,0,0x03
2026-09-06T20:57:34.657,91,0,2,52,0,0,0,0,0,0,0x03
2026-09-06T20:57:34.657,92,0,1,52,0,0,0,0,0,0,0x03
2026-09-06T20:57:34.722,93,0,2,53,0,0,0,0,0,0,0x03
2026-09-06T20:57:34.722,94,0,1,50,0,0,22166,0,0,27536,0x07
2026-09-06T20:57:34.786,95,0,2,50,0,0,0,0,0,0,0x03
2026-09-06T20:57:34.786,96,0,1,51,2598,1314,27626,3367,0,40000,0x07
2026-09-06T20:57:34.851,97,0,2,51,0,0,0,0,0,0,0x03
2026-09-06T20:57:34.851,98,0,1,52,2814,808,32336,3158,0,39361,0x07
2026-09-06T20:57:34.917,99,0,2,50,0,0,0,0,0,0,0x03
2026-09-06T20:57:34.917,100,0,1,50,2816,820,32312,3162,0,39403,0x07
2026-09-06T20:57:34.982,101,0,2,51,0,0,0,0,0,0,0x03
2026-09-06T20:57:34.982,102,0,1,50,2727,1420,28702,3119,0,38895,0x07
2026-09-06T20:57:35.047,103,0,2,52,0,0,0,0,0,0,0x03
2026-09-06T20:57:35.047,104,0,1,51,2465,1549,25037,2955,0,36953,0x07
2026-09-06T20:57:35.112,105,0,2,50,0,0,0,0,0,0,0x03
2026-09-06T20:57:35.112,106,0,1,50,1782,1660,16447,2469,0,31174,0x07
2026-09-06T20:57:35.193,107,0,2,50,0,0,0,0,0,0,0x03
2026-09-06T20:57:35.193,108,0,1,58,-1034,-34,14455,-1621,0,21103,0x07
2026-09-06T20:57:35.259,109,0,2,50,0,0,0,0,0,0,0x03
2026-09-06T20:57:35.259,110,0,1,50,-1034,-280,13412,-1621,-620,18468,0x07
2026-09-06T20:57:35.324,111,0,2,50,0,0,0,0,0,0,0x03
2026-09-06T20:57:35.324,112,0,1,51,-2945,-39,37167,-2829,-373,33873,0x07
2026-09-06T20:57:35.390,113,0,2,51,0,0,0,0,0,0,0x03
2026-09-06T20:57:35.390,114,0,1,51,-3374,-1549,35850,-3321,-1392,35378,0x07
2026-09-06T20:57:35.454,115,0,2,51,0,0,0,0,0,0,0x03
2026-09-06T20:57:35.454,116,0,1,51,-3374,-1176,37434,-3230,-2078,31379,0x07
2026-09-06T20:57:35.519,117,0,2,50,0,0,0,0,0,0,0x03
2026-09-06T20:57:35.519,118,0,1,51,-3225,-1588,33906,-2930,-1725,29317,0x07
2026-09-06T20:57:35.585,119,0,2,51,0,0,0,0,0,0,0x03
2026-09-06T20:57:35.585,120,0,1,51,-3003,-1824,30266,-2748,-1275,29071,0x07
2026-09-06T20:57:35.650,121,0,2,50,0,0,0,0,0,0,0x03
2026-09-06T20:57:35.650,122,0,1,50,-2922,-2040,28383,-2726,-1720,26916,0x07
2026-09-06T20:57:35.715,123,0,2,50,0,0,0,0,0,0,0x03
2026-09-06T20:57:35.715,124,0,1,51,-2923,-2118,28069,-2762,-1882,26654,0x07
2026-09-06T20:57:35.797,125,0,2,51,0,0,0,0,0,0,0x03
2026-09-06T20:57:35.797,126,0,1,51,-3043,-2098,29581,-3011,-1941,29364,0x07
2026-09-06T20:57:35.862,127,0,2,52,0,0,0,0,0,0,0x03
2026-09-06T20:57:35.862,128,0,1,56,-3247,-2375,30827,-3255,-2000,32008,0x07
2026-09-06T20:57:35.927,129,0,2,52,0,0,0,0,0,0,0x03
2026-09-06T20:57:35.927,130,0,1,50,-3247,-2500,30296,-3255,-2280,30818,0x07
2026-09-06T20:57:35.991,131,0,2,52,0,0,0,0,0,0,0x03
2026-09-06T20:57:35.991,132,0,1,51,-3298,-2490,30948,-3398,-2353,32213,0x07
2026-09-06T20:57:36.057,133,0,2,51,0,0,0,0,0,0,0x03
2026-09-06T20:57:36.057,134,0,1,57,-3345,-2596,31050,-3500,-2456,32984,0x07
2026-09-06T20:57:36.122,135,0,2,50,0,0,0,0,0,0,0x03
2026-09-06T20:57:36.122,136,0,1,51,-3345,-2843,30001,-3500,-2510,32756,0x07
2026-09-06T20:57:36.188,137,0,2,51,0,0,0,0,0,0,0x03
2026-09-06T20:57:36.188,138,0,1,51,-3356,-2745,30550,-3500,-2667,32090,0x07
2026-09-06T20:57:36.253,139,0,2,55,0,0,0,0,0,0,0x03
2026-09-06T20:57:36.253,140,0,1,51,-3360,-2784,30432,-3500,-2588,32423,0x07
2026-09-06T20:57:36.334,141,0,2,51,0,0,0,0,0,0,0x03
2026-09-06T20:57:36.334,142,0,1,57,-3256,-2930,28578,-3500,-2509,32761,0x07
2026-09-06T20:57:36.383,143,0,2,51,0,0,0,0,0,0,0x03
2026-09-06T20:57:36.383,144,0,1,51,-3256,-2784,29196,-3500,-2824,31423,0x07
2026-09-06T20:57:36.464,145,0,2,51,0,0,0,0,0,0,0x03
2026-09-06T20:57:36.464,146,0,1,50,-3208,-2880,28223,-3492,-2680,31938,0x07
2026-09-06T20:57:36.529,147,0,2,50,0,0,0,0,0,0,0x03
2026-09-06T20:57:36.529,148,0,1,52,-3162,-2769,28145,-3451,-2673,31485,0x07
2026-09-06T20:57:36.594,149,0,2,50,0,0,0,0,0,0,0x03
2026-09-06T20:57:36.594,150,0,1,50,-2985,-2660,26507,-3373,-2680,30520,0x07
2026-09-06T20:57:36.659,151,0,2,53,0,0,0,0,0,0,0x03
2026-09-06T20:57:36.660,152,0,1,50,-2829,-2680,24559,-3243,-2600,29317,0x07
2026-09-06T20:57:36.725,153,0,2,51,0,0,0,0,0,0,0x03
2026-09-06T20:57:36.725,154,0,1,53,-2321,-2604,18849,-2844,-2679,24244,0x07
2026-09-06T20:57:36.790,155,0,2,51,0,0,0,0,0,0,0x03
2026-09-06T20:57:36.790,156,0,1,50,-2321,-2420,19630,-2844,-2540,24835,0x07
2026-09-06T20:57:36.855,157,0,2,51,0,0,0,0,0,0,0x03
2026-09-06T20:57:36.855,158,0,1,50,-2196,-2220,18991,-2691,-2400,23613,0x07
2026-09-06T20:57:36.920,159,0,2,51,0,0,0,0,0,0,0x03
2026-09-06T20:57:36.920,160,0,1,50,-2134,-2260,18078,-2614,-2340,22959,0x07
2026-09-06T20:57:37.002,161,0,2,52,0,0,0,0,0,0,0x03
2026-09-06T20:57:37.002,162,0,1,51,-1798,-1922,15524,-2383,-2118,21151,0x07
2026-09-06T20:57:37.066,163,0,2,51,0,0,0,0,0,0,0x03
2026-09-06T20:57:37.066,164,0,1,50,-1649,-1780,14352,-2212,-2040,19455,0x07
2026-09-06T20:57:37.131,165,0,2,51,0,0,0,0,0,0,0x03
2026-09-06T20:57:37.131,166,0,1,51,-1573,-1392,15102,-2074,-1706,19273,0x07
2026-09-06T20:57:37.195,167,0,2,50,0,0,0,0,0,0,0x03
2026-09-06T20:57:37.195,168,0,1,50,-1573,-1440,14935,-2074,-1660,19512,0x07
2026-09-06T20:57:37.260,169,0,2,50,0,0,0,0,0,0,0x03
2026-09-06T20:57:37.260,170,0,1,50,-1503,-1520,13792,-2052,-1640,19381,0x07
2026-09-06T20:57:37.325,171,0,2,52,0,0,0,0,0,0,0x03
2026-09-06T20:57:37.325,172,0,1,50,-1597,-1420,15372,-2105,-1480,20731,0x07
2026-09-06T20:57:37.390,173,0,2,50,0,0,0,0,0,0,0x03
2026-09-06T20:57:37.390,174,0,1,50,-1706,-1540,16242,-2194,-1580,21463,0x07
2026-09-06T20:57:37.455,175,0,2,50,0,0,0,0,0,0,0x03
2026-09-06T20:57:37.455,176,0,1,50,-1761,-1460,17279,-2253,-1560,22306,0x07
2026-09-06T20:57:37.536,177,0,2,51,0,0,0,0,0,0,0x03
2026-09-06T20:57:37.536,178,0,1,51,-1816,-1333,18515,-2303,-1235,24323,0x07
2026-09-06T20:57:37.601,179,0,2,51,0,0,0,0,0,0,0x03
2026-09-06T20:57:37.601,180,0,1,54,-1695,-500,20668,-2210,-889,24766,0x07
2026-09-06T20:57:37.666,181,0,2,50,0,0,0,0,0,0,0x03
2026-09-06T20:57:37.666,182,0,1,51,-1695,-529,20578,-2210,-314,27253,0x07
2026-09-06T20:57:37.731,183,0,2,54,0,0,0,0,0,0,0x03
2026-09-06T20:57:37.731,184,0,1,50,-1684,-540,20440,-2203,-200,27693,0x07
2026-09-06T20:57:37.797,185,0,2,52,0,0,0,0,0,0,0x03
2026-09-06T20:57:37.797,186,0,1,56,-621,-161,9192,-1373,-179,17746,0x07
2026-09-06T20:57:37.862,187,0,2,50,0,0,0,0,0,0,0x03
2026-09-06T20:57:37.862,188,0,1,50,-621,0,9875,-1373,0,18504,0x07
2026-09-06T20:57:37.927,189,0,2,50,0,0,0,0,0,0,0x03
2026-09-06T20:57:37.927,190,0,1,51,-436,0,7643,-1297,0,17591,0x07
2026-09-06T20:57:37.992,191,0,2,50,0,0,0,0,0,0,0x03
2026-09-06T20:57:37.992,192,0,1,51,-398,0,7178,-1337,0,18073,0x07
2026-09-06T20:57:38.073,193,0,2,52,0,0,0,0,0,0,0x03
2026-09-06T20:57:38.073,194,0,1,57,-419,0,7438,-1315,0,17806,0x07
2026-09-06T20:57:38.139,195,0,2,51,0,0,0,0,0,0,0x03
2026-09-06T20:57:38.139,196,0,1,50,-419,0,7438,-1315,0,17806,0x07
2026-09-06T20:57:38.203,197,0,2,51,0,0,0,0,0,0,0x03
2026-09-06T20:57:38.203,198,0,1,51,-432,0,7594,-1302,0,17641,0x07
2026-09-06T20:57:38.269,199,0,2,50,0,0,0,0,0,0,0x03
2026-09-06T20:57:38.269,200,0,1,52,-445,0,7753,-1288,0,17475,0x07
2026-09-06T20:57:38.334,201,0,2,51,0,0,0,0,0,0,0x03
2026-09-06T20:57:38.334,202,0,1,52,-444,0,7741,-1289,0,17488,0x07
2026-09-06T20:57:38.399,203,0,2,50,0,0,0,0,0,0,0x03
2026-09-06T20:57:38.399,204,0,1,51,-457,0,7896,-1276,0,17332,0x07
2026-09-06T20:57:38.464,205,0,2,50,0,0,0,0,0,0,0x03
2026-09-06T20:57:38.464,206,0,1,50,-453,0,7843,-1281,0,17387,0x07
2026-09-06T20:57:38.529,207,0,2,51,0,0,0,0,0,0,0x03
2026-09-06T20:57:38.529,208,0,1,50,-462,0,7953,-1271,0,17269,0x07
2026-09-06T20:57:38.610,209,0,2,53,0,0,0,0,0,0,0x03
2026-09-06T20:57:38.610,210,0,1,51,-460,0,7924,-1273,0,17298,0x07
2026-09-06T20:57:38.659,211,0,2,50,0,0,0,0,0,0,0x03
2026-09-06T20:57:38.659,212,0,1,50,-455,0,7875,-1278,0,17348,0x07
2026-09-06T20:57:38.741,213,0,2,50,0,0,0,0,0,0,0x03
2026-09-06T20:57:38.741,214,0,1,51,-463,0,7961,-1270,0,17260,0x07
2026-09-06T20:57:38.806,215,0,2,52,0,0,0,0,0,0,0x03
2026-09-06T20:57:38.806,216,0,1,50,-455,0,7871,-1278,0,17353,0x07
2026-09-06T20:57:38.871,217,0,2,51,0,0,0,0,0,0,0x03
2026-09-06T20:57:38.871,218,0,1,51,-454,0,7859,-1279,0,17366,0x07
2026-09-06T20:57:38.936,219,0,2,50,0,0,0,0,0,0,0x03
2026-09-06T20:57:38.936,220,0,1,50,0,0,15599,-1279,0,17366,0x07
2026-09-06T20:57:39.001,221,0,2,52,0,0,0,0,0,0,0x03
2026-09-06T20:57:39.001,222,0,1,52,1687,481,20725,-1750,0,23066,0x07
2026-09-06T20:57:39.067,223,0,2,52,0,0,0,0,0,0,0x03
2026-09-06T20:57:39.067,224,0,1,50,1687,240,21749,-1750,0,23066,0x07
2026-09-06T20:57:39.132,225,0,2,51,0,0,0,0,0,0,0x03
2026-09-06T20:57:39.132,226,0,1,55,1687,473,20760,-1750,-18,22988,0x07
2026-09-06T20:57:39.197,227,0,2,50,0,0,0,0,0,0,0x03
2026-09-06T20:57:39.197,228,0,1,50,1687,680,19879,-1750,-100,22640,0x07
2026-09-06T20:57:39.278,229,0,2,52,0,0,0,0,0,0,0x03
2026-09-06T20:57:39.278,230,0,1,52,1687,731,19663,-1750,-365,21546,0x07
2026-09-06T20:57:39.344,231,0,2,51,0,0,0,0,0,0,0x03
2026-09-06T20:57:39.344,232,0,1,54,0,0,0,0,0,0,0x03
2026-09-06T20:57:39.409,233,0,2,52,0,0,0,0,0,0,0x03
2026-09-06T20:57:39.409,234,0,1,51,0,0,10724,0,0,11940,0x07
2026-09-06T20:57:39.473,235,0,2,50,0,0,0,0,0,0,0x03
2026-09-06T20:57:39.474,236,0,1,51,-1066,-78,14919,-1274,-275,16186,0x07
2026-09-06T20:57:39.538,237,0,2,51,0,0,0,0,0,0,0x03
2026-09-06T20:57:39.538,238,0,1,52,-2256,-77,29316,-2401,-654,28250,0x07
2026-09-06T20:57:39.602,239,0,2,52,0,0,0,0,0,0,0x03
2026-09-06T20:57:39.602,240,0,1,51,-3301,-1157,37376,-3182,-980,36334,0x07
2026-09-06T20:57:39.668,241,0,2,55,0,0,0,0,0,0,0x03
2026-09-06T20:57:39.668,242,0,1,50,-3374,-1840,35348,-3199,-1460,34507,0x07
2026-09-06T20:57:39.733,243,0,2,50,0,0,0,0,0,0,0x03
2026-09-06T20:57:39.733,244,0,1,50,-3173,-1520,34278,-2755,-1820,27586,0x07
2026-09-06T20:57:39.814,245,0,2,51,0,0,0,0,0,0,0x03
2026-09-06T20:57:39.815,246,0,1,53,-2516,-1962,24458,-2130,-1528,21251,0x07
2026-09-06T20:57:39.880,247,0,2,50,0,0,0,0,0,0,0x03
2026-09-06T20:57:39.880,248,0,1,50,-2516,-2000,24297,-2130,-1660,20691,0x07
2026-09-06T20:57:39.945,249,0,2,51,0,0,0,0,0,0,0x03
2026-09-06T20:57:39.945,250,0,1,50,-2384,-1980,22782,-2029,-1660,19460,0x07
2026-09-06T20:57:40.010,251,0,2,52,0,0,0,0,0,0,0x03
2026-09-06T20:57:40.010,252,0,1,50,-2316,-2040,21708,-1964,-1720,18412,0x07
2026-09-06T20:57:40.075,253,0,2,52,0,0,0,0,0,0,0x03
2026-09-06T20:57:40.075,254,0,1,51,-2385,-2000,22714,-2107,-1608,20633,0x07
2026-09-06T20:57:40.139,255,0,2,52,0,0,0,0,0,0,0x03
2026-09-06T20:57:40.139,256,0,1,50,-2511,-2180,23462,-2280,-1620,22670,0x07
2026-09-06T20:57:40.204,257,0,2,51,0,0,0,0,0,0,0x03
2026-09-06T20:57:40.204,258,0,1,56,-2896,-2143,28279,-2823,-1875,28176,0x07
2026-09-06T20:57:40.270,259,0,2,51,0,0,0,0,0,0,0x03
2026-09-06T20:57:40.270,260,0,1,50,-2896,-2140,28292,-2823,-1900,28070,0x07
2026-09-06T20:57:40.351,261,0,2,54,0,0,0,0,0,0,0x03
2026-09-06T20:57:40.351,262,0,1,51,-1880,-2294,15355,-1601,-2020,12739,0x07
2026-09-06T20:57:40.415,263,0,2,51,0,0,0,0,0,0,0x03
2026-09-06T20:57:40.415,264,0,1,51,-1245,-2020,8843,0,0,2662,0x07
2026-09-06T20:57:40.480,265,0,2,50,0,0,0,0,0,0,0x03
2026-09-06T20:57:40.480,266,0,1,51,-759,-1235,6294,0,0,15655,0x07
2026-09-06T20:57:40.545,267,0,2,51,0,0,0,0,0,0,0x03
2026-09-06T20:57:40.545,268,0,1,51,-1162,-1039,12003,-1745,-647,20322,0x07
2026-09-06T20:57:40.610,269,0,2,50,0,0,0,0,0,0,0x03
2026-09-06T20:57:40.610,270,0,1,51,1051,39,14915,1637,39,21593,0x07
2026-09-06T20:57:40.675,271,0,2,51,0,0,0,0,0,0,0x03
2026-09-06T20:57:40.675,272,0,1,50,1051,80,14741,1637,520,19550,0x07
2026-09-06T20:57:40.741,273,0,2,53,0,0,0,0,0,0,0x03
2026-09-06T20:57:40.741,274,0,1,50,1296,20,17955,1805,440,21932,0x07
2026-09-06T20:57:40.806,275,0,2,52,0,0,0,0,0,0,0x03
2026-09-06T20:57:40.806,276,0,1,50,1392,180,18433,1916,160,24460,0x07
2026-09-06T20:57:40.887,277,0,2,51,0,0,0,0,0,0,0x03
2026-09-06T20:57:40.887,278,0,1,51,1179,392,14961,1793,0,23658,0x07
2026-09-06T20:57:40.952,279,0,2,51,0,0,0,0,0,0,0x03
2026-09-06T20:57:40.952,280,0,1,51,866,490,10762,1539,0,20576,0x07
2026-09-06T20:57:41.017,281,0,2,55,0,0,0,0,0,0,0x03
2026-09-06T20:57:41.017,282,0,1,55,440,473,5674,1294,0,17599,0x07
2026-09-06T20:57:41.083,283,0,2,52,0,0,0,0,0,0,0x03
2026-09-06T20:57:41.083,284,0,1,50,440,420,5898,1294,0,17599,0x07
2026-09-06T20:57:41.148,285,0,2,51,0,0,0,0,0,0,0x03
2026-09-06T20:57:41.148,286,0,1,51,0,0,7821,0,0,12279,0x07
2026-09-06T20:57:41.214,287,0,2,50,0,0,0,0,0,0,0x03
2026-09-06T20:57:41.214,288,0,1,51,-695,-98,10360,-1317,-20,17792,0x07
2026-09-06T20:57:41.278,289,0,2,50,0,0,0,0,0,0,0x03
2026-09-06T20:57:41.278,290,0,1,56,-2487,-214,31536,-2680,-1089,29782,0x07
2026-09-06T20:57:41.343,291,0,2,51,0,0,0,0,0,0,0x03
2026-09-06T20:57:41.343,292,0,1,51,-2487,-745,29280,-2680,-725,31328,0x07
2026-09-06T20:57:41.408,293,0,2,52,0,0,0,0,0,0,0x03
2026-09-06T20:57:41.408,294,0,1,50,-2914,-760,34374,-3088,-1140,34518,0x07
2026-09-06T20:57:41.489,295,0,2,52,0,0,0,0,0,0,0x03
2026-09-06T20:57:41.489,296,0,1,51,-3082,-1020,35310,-3280,-1373,35861,0x07
2026-09-06T20:57:41.554,297,0,2,50,0,0,0,0,0,0,0x03
2026-09-06T20:57:41.554,298,0,1,57,-3081,-1719,32325,-3348,-2123,33500,0x07
2026-09-06T20:57:41.619,299,0,2,51,0,0,0,0,0,0,0x03
2026-09-06T20:57:41.619,300,0,1,50,-3081,-2220,30197,-3348,-1420,36487,0x07
2026-09-06T20:57:41.684,301,0,2,51,0,0,0,0,0,0,0x03
2026-09-06T20:57:41.684,302,0,1,51,-2862,-2000,28480,-3275,-1686,34463,0x07
2026-09-06T20:57:41.749,303,0,2,52,0,0,0,0,0,0,0x03
2026-09-06T20:57:41.749,304,0,1,51,-2526,-2118,23916,-3044,-2118,29824,0x07
2026-09-06T20:57:41.814,305,0,2,51,0,0,0,0,0,0,0x03
2026-09-06T20:57:41.815,306,0,1,50,-1524,-780,17482,-2324,-1800,22448,0x07
2026-09-06T20:57:41.880,307,0,2,51,0,0,0,0,0,0,0x03
2026-09-06T20:57:41.880,308,0,1,52,-459,-231,6940,-1353,-846,14725,0x07
2026-09-06T20:57:41.945,309,0,2,51,0,0,0,0,0,0,0x03
2026-09-06T20:57:41.945,310,0,1,51,1375,0,18993,1926,0,25268,0x07
2026-09-06T20:57:42.010,311,0,2,50,0,0,0,0,0,0,0x03
2026-09-06T20:57:42.011,312,0,1,50,1375,700,16018,1926,20,25183,0x07
2026-09-06T20:57:42.076,313,0,2,50,0,0,0,0,0,0,0x03
2026-09-06T20:57:42.076,314,0,1,51,1768,275,22581,2189,118,27960,0x07
2026-09-06T20:57:42.157,315,0,2,50,0,0,0,0,0,0,0x03
2026-09-06T20:57:42.157,316,0,1,52,1830,385,22863,2305,19,29784,0x07
2026-09-06T20:57:42.222,317,0,2,52,0,0,0,0,0,0,0x03
2026-09-06T20:57:42.222,318,0,1,56,1608,679,18926,2177,0,28307,0x07
2026-09-06T20:57:42.287,319,0,2,51,0,0,0,0,0,0,0x03
2026-09-06T20:57:42.287,320,0,1,51,1608,608,19226,2177,0,28307,0x07
2026-09-06T20:57:42.352,321,0,2,51,0,0,0,0,0,0,0x03
2026-09-06T20:57:42.352,322,0,1,51,1191,824,13275,1856,0,24422,0x07
2026-09-06T20:57:42.416,323,0,2,50,0,0,0,0,0,0,0x03
2026-09-06T20:57:42.416,324,0,1,51,510,431,6703,1297,0,17638,0x07
2026-09-06T20:57:42.481,325,0,2,51,0,0,0,0,0,0,0x03
2026-09-06T20:57:42.481,326,0,1,52,0,0,7988,0,0,12431,0x07
2026-09-06T20:57:42.546,327,0,2,50,0,0,0,0,0,0,0x03
2026-09-06T20:57:42.546,328,0,1,51,-717,-118,10534,-1336,-137,17525,0x07
2026-09-06T20:57:42.612,329,0,2,52,0,0,0,0,0,0,0x03
2026-09-06T20:57:42.612,330,0,1,51,-2035,-157,26304,-2231,-98,28552,0x07
2026-09-06T20:57:42.693,331,0,2,50,0,0,0,0,0,0,0x03
2026-09-06T20:57:42.693,332,0,1,51,-2731,-961,31308,-2885,-706,33905,0x07
2026-09-06T20:57:42.758,333,0,2,51,0,0,0,0,0,0,0x03
2026-09-06T20:57:42.758,334,0,1,50,-3064,-1400,33465,-3215,-1060,36395,0x07
2026-09-06T20:57:42.823,335,0,2,50,0,0,0,0,0,0,0x03
2026-09-06T20:57:42.823,336,0,1,50,-3227,-1420,35355,-3370,-1860,34884,0x07
2026-09-06T20:57:42.887,337,0,2,50,0,0,0,0,0,0,0x03
2026-09-06T20:57:42.887,338,0,1,50,-3250,-1800,34021,-3438,-1860,35707,0x07
2026-09-06T20:57:42.952,339,0,2,50,0,0,0,0,0,0,0x03
2026-09-06T20:57:42.952,340,0,1,50,-3290,-2180,32884,-3464,-1680,36778,0x07
2026-09-06T20:57:43.017,341,0,2,52,0,0,0,0,0,0,0x03
2026-09-06T20:57:43.017,342,0,1,50,-3262,-2200,32464,-3500,-2200,35010,0x07
2026-09-06T20:57:43.082,343,0,2,51,0,0,0,0,0,0,0x03
2026-09-06T20:57:43.082,344,0,1,52,-3262,-2346,31843,-3500,-2327,34471,0x07
2026-09-06T20:57:43.147,345,0,2,50,0,0,0,0,0,0,0x03
2026-09-06T20:57:43.147,346,0,1,51,-3117,-2431,29723,-3464,-2373,33844,0x07
2026-09-06T20:57:43.228,347,0,2,50,0,0,0,0,0,0,0x03
2026-09-06T20:57:43.228,348,0,1,50,-2852,-2660,25557,-3310,-2420,31765,0x07
2026-09-06T20:57:43.293,349,0,2,50,0,0,0,0,0,0,0x03
2026-09-06T20:57:43.293,350,0,1,50,0,0,12024,0,0,15705,0x07
2026-09-06T20:57:43.358,351,0,2,54,0,0,0,0,0,0,0x03
2026-09-06T20:57:43.358,352,0,1,50,1231,540,14961,1751,1240,17878,0x07
2026-09-06T20:57:43.423,353,0,2,52,0,0,0,0,0,0,0x03
2026-09-06T20:57:43.423,354,0,1,50,2745,340,34122,2988,260,37048,0x07
2026-09-06T20:57:43.488,355,0,2,51,0,0,0,0,0,0,0x03
2026-09-06T20:57:43.488,356,0,1,51,2745,392,33900,2988,0,38153,0x07
2026-09-06T20:57:43.553,357,0,2,52,0,0,0,0,0,0,0x03
2026-09-06T20:57:43.553,358,0,1,51,3057,765,36080,3228,0,40000,0x07
2026-09-06T20:57:43.618,359,0,2,50,0,0,0,0,0,0,0x03
2026-09-06T20:57:43.618,360,0,1,51,3173,1157,35817,3358,59,40000,0x07
2026-09-06T20:57:43.683,361,0,2,50,0,0,0,0,0,0,0x03
2026-09-06T20:57:43.683,362,0,1,58,2903,1655,30439,3324,0,40000,0x07
2026-09-06T20:57:43.764,363,0,2,52,0,0,0,0,0,0,0x03
2026-09-06T20:57:43.764,364,0,1,50,2903,1960,29144,3324,0,40000,0x07
2026-09-06T20:57:43.829,365,0,2,51,0,0,0,0,0,0,0x03
2026-09-06T20:57:43.829,366,0,1,50,2140,2000,19743,2840,20,36272,0x07
2026-09-06T20:57:43.894,367,0,2,51,0,0,0,0,0,0,0x03
2026-09-06T20:57:43.894,368,0,1,50,0,0,7900,0,0,12348,0x07
2026-09-06T20:57:43.959,369,0,2,56,0,0,0,0,0,0,0x03
2026-09-06T20:57:43.959,370,0,1,50,-706,-260,9793,-1325,-100,17556,0x07
2026-09-06T20:57:44.024,371,0,2,50,0,0,0,0,0,0,0x03
2026-09-06T20:57:44.024,372,0,1,50,-2740,-500,33382,-2659,-360,32628,0x07
2026-09-06T20:57:44.089,373,0,2,51,0,0,0,0,0,0,0x03
2026-09-06T20:57:44.089,374,0,1,54,-3150,-1833,32668,-3276,-944,37629,0x07
2026-09-06T20:57:44.154,375,0,2,51,0,0,0,0,0,0,0x03
2026-09-06T20:57:44.155,376,0,1,50,-3150,-2000,31959,-3276,-1120,36883,0x07
2026-09-06T20:57:44.219,377,0,2,55,0,0,0,0,0,0,0x03
2026-09-06T20:57:44.219,378,0,1,51,-3236,-1863,33579,-3400,-1510,36725,0x07
2026-09-06T20:57:44.300,379,0,2,50,0,0,0,0,0,0,0x03
2026-09-06T20:57:44.300,380,0,1,50,-3252,-1640,34727,-3448,-1720,36417,0x07
2026-09-06T20:57:44.365,381,0,2,52,0,0,0,0,0,0,0x03
2026-09-06T20:57:44.365,382,0,1,50,-3303,-1920,34157,-3466,-2120,34942,0x07
2026-09-06T20:57:44.430,383,0,2,51,0,0,0,0,0,0,0x03
2026-09-06T20:57:44.430,384,0,1,51,-3374,-2176,33918,-3455,-2059,35067,0x07
2026-09-06T20:57:44.495,385,0,2,50,0,0,0,0,0,0,0x03
2026-09-06T20:57:44.495,386,0,1,54,-3367,-2333,33167,-3213,-2481,30336,0x07
2026-09-06T20:57:44.560,387,0,2,50,0,0,0,0,0,0,0x03
2026-09-06T20:57:44.560,388,0,1,51,-3367,-2490,32500,-3213,-2549,30049,0x07
2026-09-06T20:57:44.625,389,0,2,52,0,0,0,0,0,0,0x03
2026-09-06T20:57:44.626,390,0,1,50,-3163,-2560,29735,-2886,-2620,25778,0x07
2026-09-06T20:57:44.690,391,0,2,52,0,0,0,0,0,0,0x03
2026-09-06T20:57:44.690,392,0,1,50,-2956,-2780,26294,-2693,-2420,24280,0x07
2026-09-06T20:57:44.756,393,0,2,50,0,0,0,0,0,0,0x03
2026-09-06T20:57:44.756,394,0,1,50,-2644,-2540,23544,-2236,-2220,19589,0x07
2026-09-06T20:57:44.837,395,0,2,52,0,0,0,0,0,0,0x03
2026-09-06T20:57:44.837,396,0,1,50,-2107,-2520,17138,-1524,-2120,11375,0x07
2026-09-06T20:57:44.902,397,0,2,50,0,0,0,0,0,0,0x03
2026-09-06T20:57:44.902,398,0,1,50,-1319,-2300,8546,-563,-1860,829,0x07
2026-09-06T20:57:44.967,399,0,2,50,0,0,0,0,0,0,0x03
2026-09-06T20:57:44.967,400,0,1,52,0,0,15651,0,0,11595,0x07
2026-09-06T20:57:45.033,401,0,2,53,0,0,0,0,0,0,0x03
2026-09-06T20:57:45.033,402,0,1,52,1694,481,20806,1230,442,14942,0x07
2026-09-06T20:57:45.098,403,0,2,52,0,0,0,0,0,0,0x03
2026-09-06T20:57:45.098,404,0,1,50,1965,780,22811,1659,260,20923,0x07
2026-09-06T20:57:45.164,405,0,2,50,0,0,0,0,0,0,0x03
2026-09-06T20:57:45.164,406,0,1,51,2110,804,24472,1774,20,23342,0x07
2026-09-06T20:57:45.228,407,0,2,51,0,0,0,0,0,0,0x03
2026-09-06T20:57:45.228,408,0,1,51,2429,1000,27490,2260,0,29313,0x07
2026-09-06T20:57:45.293,409,0,2,52,0,0,0,0,0,0,0x03
2026-09-06T20:57:45.293,410,0,1,50,2738,1260,30124,2651,0,34056,0x07
2026-09-06T20:57:45.359,411,0,2,51,0,0,0,0,0,0,0x03
2026-09-06T20:57:45.359,412,0,1,53,3175,1623,33870,3242,0,40000,0x07
2026-09-06T20:57:45.424,413,0,2,51,0,0,0,0,0,0,0x03
2026-09-06T20:57:45.424,414,0,1,51,3175,1902,32683,3242,0,40000,0x07
2026-09-06T20:57:45.505,415,0,2,51,0,0,0,0,0,0,0x03
2026-09-06T20:57:45.505,416,0,1,51,3270,1961,33579,3500,0,40000,0x07
2026-09-06T20:57:45.570,417,0,2,51,0,0,0,0,0,0,0x03
2026-09-06T20:57:45.570,418,0,1,50,3053,2040,30615,3500,0,40000,0x07
2026-09-06T20:57:45.635,419,0,2,51,0,0,0,0,0,0,0x03
2026-09-06T20:57:45.635,420,0,1,52,1780,462,21936,2729,19,34921,0x07
2026-09-06T20:57:45.700,421,0,2,54,0,0,0,0,0,0,0x03
2026-09-06T20:57:45.700,422,0,1,51,0,0,16953,0,0,20278,0x07
2026-09-06T20:57:45.765,423,0,2,51,0,0,0,0,0,0,0x03
2026-09-06T20:57:45.765,424,0,1,51,-1860,-902,21024,-2332,-1412,24188,0x07
2026-09-06T20:57:45.831,425,0,2,51,0,0,0,0,0,0,0x03
2026-09-06T20:57:45.831,426,0,1,50,-2891,-780,34011,-2950,-920,33776,0x07
2026-09-06T20:57:45.896,427,0,2,50,0,0,0,0,0,0,0x03
2026-09-06T20:57:45.896,428,0,1,50,-3118,-1400,34122,-3229,-700,38094,0x07
2026-09-06T20:57:45.961,429,0,2,50,0,0,0,0,0,0,0x03
2026-09-06T20:57:45.961,430,0,1,51,-3285,-1882,34088,-3403,-1078,38596,0x07
2026-09-06T20:57:46.042,431,0,2,50,0,0,0,0,0,0,0x03
2026-09-06T20:57:46.042,432,0,1,50,-3279,-1640,35045,-3468,-1820,36234,0x07
2026-09-06T20:57:46.107,433,0,2,52,0,0,0,0,0,0,0x03
2026-09-06T20:57:46.107,434,0,1,50,-3191,-1660,33898,-3421,-1920,35244,0x07
2026-09-06T20:57:46.173,435,0,2,50,0,0,0,0,0,0,0x03
2026-09-06T20:57:46.173,436,0,1,54,-2451,-2222,22561,-2647,-2056,25272,0x07
2026-09-06T20:57:46.238,437,0,2,51,0,0,0,0,0,0,0x03
2026-09-06T20:57:46.238,438,0,1,50,-2451,-2140,22910,-2647,-2100,25083,0x07
2026-09-06T20:57:46.303,439,0,2,52,0,0,0,0,0,0,0x03
2026-09-06T20:57:46.303,440,0,1,51,-2115,-2059,19192,-2208,-2137,19605,0x07
2026-09-06T20:57:46.368,441,0,2,51,0,0,0,0,0,0,0x03
2026-09-06T20:57:46.368,442,0,1,50,-1236,-1980,8903,-1480,-2100,10937,0x07
2026-09-06T20:57:46.432,443,0,2,52,0,0,0,0,0,0,0x03
2026-09-06T20:57:46.432,444,0,1,50,-2712,-2180,25904,-1435,-1460,13101,0x07
2026-09-06T20:57:46.498,445,0,2,51,0,0,0,0,0,0,0x03
2026-09-06T20:57:46.498,446,0,1,50,-1914,-2220,16079,-1359,-1280,12950,0x07
2026-09-06T20:57:46.578,447,0,2,50,0,0,0,0,0,0,0x03
2026-09-06T20:57:46.578,448,0,1,51,-1446,-1843,12026,-788,-1471,5210,0x07
2026-09-06T20:57:46.643,449,0,2,51,0,0,0,0,0,0,0x03
2026-09-06T20:57:46.643,450,0,1,52,-1245,-1308,11869,-458,-942,3456,0x07
2026-09-06T20:57:46.707,451,0,2,51,0,0,0,0,0,0,0x03
2026-09-06T20:57:46.707,452,0,1,51,-1245,-1412,11427,-458,-804,4044,0x07
2026-09-06T20:57:46.772,453,0,2,51,0,0,0,0,0,0,0x03
2026-09-06T20:57:46.772,454,0,1,51,-1217,-1294,11581,-488,-647,5073,0x07
2026-09-06T20:57:46.837,455,0,2,50,0,0,0,0,0,0,0x03
2026-09-06T20:57:46.837,456,0,1,50,-1225,-1040,12766,-479,-340,6266,0x07
2026-09-06T20:57:46.902,457,0,2,51,0,0,0,0,0,0,0x03
2026-09-06T20:57:46.902,458,0,1,50,-1177,-960,12523,-529,-400,6619,0x07
2026-09-06T20:57:46.967,459,0,2,52,0,0,0,0,0,0,0x03
2026-09-06T20:57:46.967,460,0,1,51,-1130,-980,11869,-578,-275,7742,0x07
2026-09-06T20:57:47.032,461,0,2,51,0,0,0,0,0,0,0x03
2026-09-06T20:57:47.032,462,0,1,51,-1097,-804,12220,-649,-255,8691,0x07
2026-09-06T20:57:47.113,463,0,2,51,0,0,0,0,0,0,0x03
2026-09-06T20:57:47.113,464,0,1,50,-1688,-920,18867,-1408,-320,17620,0x07
2026-09-06T20:57:47.178,465,0,2,51,0,0,0,0,0,0,0x03
2026-09-06T20:57:47.178,466,0,1,50,0,0,24778,0,0,22923,0x07
2026-09-06T20:57:47.243,467,0,2,51,0,0,0,0,0,0,0x03
2026-09-06T20:57:47.243,468,0,1,56,2639,661,31470,2262,54,29112,0x07
2026-09-06T20:57:47.308,469,0,2,52,0,0,0,0,0,0,0x03
2026-09-06T20:57:47.308,470,0,1,50,2639,740,31133,2262,20,29254,0x07
2026-09-06T20:57:47.372,471,0,2,50,0,0,0,0,0,0,0x03
2026-09-06T20:57:47.372,472,0,1,50,2209,460,27130,1685,0,22337,0x07
2026-09-06T20:57:47.437,473,0,2,50,0,0,0,0,0,0,0x03
2026-09-06T20:57:47.437,474,0,1,50,1808,720,21174,1242,0,16967,0x07
2026-09-06T20:57:47.502,475,0,2,51,0,0,0,0,0,0,0x03
2026-09-06T20:57:47.502,476,0,1,52,1672,962,18502,1175,0,16157,0x07
2026-09-06T20:57:47.567,477,0,2,52,0,0,0,0,0,0,0x03
2026-09-06T20:57:47.567,478,0,1,51,1667,1039,18111,1200,0,16462,0x07
2026-09-06T20:57:47.649,479,0,2,50,0,0,0,0,0,0,0x03
2026-09-06T20:57:47.649,480,0,1,50,1992,1080,21863,1712,0,22673,0x07
2026-09-06T20:57:47.714,481,0,2,51,0,0,0,0,0,0,0x03
2026-09-06T20:57:47.714,482,0,1,52,3057,1231,34107,3300,0,40000,0x07
2026-09-06T20:57:47.779,483,0,2,51,0,0,0,0,0,0,0x03
2026-09-06T20:57:47.779,484,0,1,51,3057,1431,33255,3300,0,40000,0x07
2026-09-06T20:57:47.844,485,0,2,52,0,0,0,0,0,0,0x03
2026-09-06T20:57:47.844,486,0,1,50,3199,1700,33831,3500,0,40000,0x07
2026-09-06T20:57:47.909,487,0,2,50,0,0,0,0,0,0,0x03
2026-09-06T20:57:47.909,488,0,1,50,2801,1900,28170,3440,0,40000,0x07
2026-09-06T20:57:47.974,489,0,2,51,0,0,0,0,0,0,0x03
2026-09-06T20:57:47.974,490,0,1,51,1991,1961,18116,2752,20,35198,0x07
2026-09-06T20:57:48.039,491,0,2,50,0,0,0,0,0,0,0x03
2026-09-06T20:57:48.039,492,0,1,51,0,0,7832,0,0,12287,0x07
2026-09-06T20:57:48.103,493,0,2,50,0,0,0,0,0,0,0x03
2026-09-06T20:57:48.103,494,0,1,52,-2972,-288,37088,-2783,-538,33372,0x07
2026-09-06T20:57:48.184,495,0,2,52,0,0,0,0,0,0,0x03
2026-09-06T20:57:48.184,496,0,1,52,-2972,-635,35617,0,0,10788,0x07
2026-09-06T20:57:48.249,497,0,2,51,0,0,0,0,0,0,0x03
2026-09-06T20:57:48.249,498,0,1,50,-1364,-840,15289,1127,720,12519,0x07
2026-09-06T20:57:48.314,499,0,2,51,0,0,0,0,0,0,0x03
2026-09-06T20:57:48.314,500,0,1,50,-595,-520,7354,286,20,5287,0x07
2026-09-06T20:57:48.379,501,0,2,50,0,0,0,0,0,0,0x03
2026-09-06T20:57:48.379,502,0,1,50,0,0,6454,0,0,2303,0x07
2026-09-06T20:57:48.444,503,0,2,50,0,0,0,0,0,0,0x03
2026-09-06T20:57:48.444,504,0,1,52,521,115,8178,0,0,2805,0x07
2026-09-06T20:57:48.509,505,0,2,50,0,0,0,0,0,0,0x03
2026-09-06T20:57:48.509,506,0,1,53,652,38,10087,201,0,4341,0x07
2026-09-06T20:57:48.574,507,0,2,51,0,0,0,0,0,0,0x03
2026-09-06T20:57:48.574,508,0,1,52,652,19,10165,201,0,4341,0x07
2026-09-06T20:57:48.655,509,0,2,50,0,0,0,0,0,0,0x03
2026-09-06T20:57:48.655,510,0,1,51,706,118,10398,254,0,4986,0x07
2026-09-06T20:57:48.704,511,0,2,51,0,0,0,0,0,0,0x03
2026-09-06T20:57:48.704,512,0,1,51,724,98,10711,219,0,4561,0x07
2026-09-06T20:57:48.786,513,0,2,52,0,0,0,0,0,0,0x03
2026-09-06T20:57:48.786,514,0,1,52,718,192,10233,229,0,4684,0x07
2026-09-06T20:57:48.850,515,0,2,51,0,0,0,0,0,0,0x03
2026-09-06T20:57:48.850,516,0,1,52,714,173,10269,224,0,4625,0x07
2026-09-06T20:57:48.915,517,0,2,50,0,0,0,0,0,0,0x03
2026-09-06T20:57:48.915,518,0,1,51,707,235,9915,215,0,4506,0x07
2026-09-06T20:57:48.980,519,0,2,50,0,0,0,0,0,0,0x03
2026-09-06T20:57:48.980,520,0,1,51,682,196,9784,176,0,4044,0x07
2026-09-06T20:57:49.046,521,0,2,50,0,0,0,0,0,0,0x03
2026-09-06T20:57:49.046,522,0,1,51,668,235,9446,159,0,3835,0x07
2026-09-06T20:57:49.111,523,0,2,51,0,0,0,0,0,0,0x03
2026-09-06T20:57:49.111,524,0,1,51,649,255,9130,158,0,3818,0x07
2026-09-06T20:57:49.176,525,0,2,50,0,0,0,0,0,0,0x03
2026-09-06T20:57:49.176,526,0,1,50,645,240,9149,157,0,3805,0x07
2026-09-06T20:57:49.241,527,0,2,51,0,0,0,0,0,0,0x03
2026-09-06T20:57:49.241,528,0,1,50,645,280,8979,157,0,3805,0x07
2026-09-06T20:57:49.322,529,0,2,52,0,0,0,0,0,0,0x03
2026-09-06T20:57:49.322,530,0,1,51,638,275,8916,155,0,3788,0x07
2026-09-06T20:57:49.388,531,0,2,51,0,0,0,0,0,0,0x03
2026-09-06T20:57:49.388,532,0,1,50,636,240,9043,205,0,4392,0x07
2026-09-06T20:57:49.453,533,0,2,52,0,0,0,0,0,0,0x03
2026-09-06T20:57:49.453,534,0,1,50,653,300,8983,237,0,4778,0x07
2026-09-06T20:57:49.517,535,0,2,51,0,0,0,0,0,0,0x03
2026-09-06T20:57:49.517,536,0,1,50,1296,320,16674,406,0,6828,0x07
2026-09-06T20:57:49.582,537,0,2,50,0,0,0,0,0,0,0x03
2026-09-06T20:57:49.582,538,0,1,50,1177,500,14478,683,0,10186,0x07
2026-09-06T20:57:49.647,539,0,2,50,0,0,0,0,0,0,0x03
2026-09-06T20:57:49.647,540,0,1,50,1418,600,16966,971,0,13676,0x07
2026-09-06T20:57:49.712,541,0,2,52,0,0,0,0,0,0,0x03
2026-09-06T20:57:49.712,542,0,1,52,1731,712,20270,1374,0,18571,0x07
2026-09-06T20:57:49.778,543,0,2,50,0,0,0,0,0,0,0x03
2026-09-06T20:57:49.778,544,0,1,51,2118,804,24562,1877,0,24678,0x07
2026-09-06T20:57:49.843,545,0,2,51,0,0,0,0,0,0,0x03
2026-09-06T20:57:49.843,546,0,1,51,2513,1137,27927,2386,0,30846,0x07
2026-09-06T20:57:49.924,547,0,2,50,0,0,0,0,0,0,0x03
2026-09-06T20:57:49.924,548,0,1,50,2787,1300,30541,2695,0,34590,0x07
2026-09-06T20:57:49.989,549,0,2,54,0,0,0,0,0,0,0x03
2026-09-06T20:57:49.989,550,0,1,50,3108,1560,33324,3254,0,40000,0x07
2026-09-06T20:57:50.054,551,0,2,51,0,0,0,0,0,0,0x03
2026-09-06T20:57:50.054,552,0,1,51,3258,1843,33928,3500,0,40000,0x07
2026-09-06T20:57:50.119,553,0,2,51,0,0,0,0,0,0,0x03
2026-09-06T20:57:50.119,554,0,1,51,2958,1980,29725,3500,0,40000,0x07
2026-09-06T20:57:50.184,555,0,2,52,0,0,0,0,0,0,0x03
2026-09-06T20:57:50.184,556,0,1,51,2090,2039,18969,2880,0,36842,0x07
2026-09-06T20:57:50.249,557,0,2,50,0,0,0,0,0,0,0x03
2026-09-06T20:57:50.249,558,0,1,51,0,0,8263,0,0,12677,0x07
2026-09-06T20:57:50.314,559,0,2,51,0,0,0,0,0,0,0x03
2026-09-06T20:57:50.314,560,0,1,51,-752,-353,9958,0,0,11066,0x07
2026-09-06T20:57:50.379,561,0,2,51,0,0,0,0,0,0,0x03
2026-09-06T20:57:50.379,562,0,1,52,-1524,-38,20634,1163,19,15926,0x07
2026-09-06T20:57:50.460,563,0,2,50,0,0,0,0,0,0,0x03
2026-09-06T20:57:50.460,564,0,1,53,615,19,9720,60,0,2625,0x07
2026-09-06T20:57:50.526,565,0,2,51,0,0,0,0,0,0,0x03
2026-09-06T20:57:50.526,566,0,1,52,615,269,8656,60,19,2543,0x07
2026-09-06T20:57:50.591,567,0,2,51,0,0,0,0,0,0,0x03
2026-09-06T20:57:50.591,568,0,1,51,702,39,10696,396,0,6702,0x07
2026-09-06T20:57:50.656,569,0,2,51,0,0,0,0,0,0,0x03
2026-09-06T20:57:50.656,570,0,1,50,835,140,11874,488,0,7818,0x07
2026-09-06T20:57:50.721,571,0,2,52,0,0,0,0,0,0,0x03
2026-09-06T20:57:50.721,572,0,1,50,909,200,12506,568,0,8799,0x07
2026-09-06T20:57:50.786,573,0,2,50,0,0,0,0,0,0,0x03
2026-09-06T20:57:50.786,574,0,1,51,937,235,12703,567,0,8781,0x07
2026-09-06T20:57:50.851,575,0,2,51,0,0,0,0,0,0,0x03
2026-09-06T20:57:50.851,576,0,1,51,935,294,12427,560,0,8700,0x07
2026-09-06T20:57:50.916,577,0,2,52,0,0,0,0,0,0,0x03
2026-09-06T20:57:50.916,578,0,1,50,931,400,11920,584,0,8985,0x07
2026-09-06T20:57:50.998,579,0,2,51,0,0,0,0,0,0,0x03
2026-09-06T20:57:50.998,580,0,1,51,941,451,11835,639,0,9652,0x07
2026-09-06T20:57:51.047,581,0,2,50,0,0,0,0,0,0,0x03
2026-09-06T20:57:51.047,582,0,1,52,936,442,11806,656,0,9856,0x07
2026-09-06T20:57:51.128,583,0,2,50,0,0,0,0,0,0,0x03
2026-09-06T20:57:51.128,584,0,1,51,917,529,11207,705,0,10450,0x07
2026-09-06T20:57:51.193,585,0,2,51,0,0,0,0,0,0,0x03
2026-09-06T20:57:51.193,586,0,1,51,866,510,10679,675,0,10092,0x07
2026-09-06T20:57:51.258,587,0,2,51,0,0,0,0,0,0,0x03
2026-09-06T20:57:51.258,588,0,1,51,852,529,10420,672,0,10052,0x07
2026-09-06T20:57:51.323,589,0,2,52,0,0,0,0,0,0,0x03
2026-09-06T20:57:51.323,590,0,1,51,791,549,9599,661,0,9924,0x07
2026-09-06T20:57:51.388,591,0,2,50,0,0,0,0,0,0,0x03
2026-09-06T20:57:51.388,592,0,1,51,2348,529,28507,1594,0,21243,0x07
2026-09-06T20:57:51.453,593,0,2,51,0,0,0,0,0,0,0x03
2026-09-06T20:57:51.453,594,0,1,51,2471,804,28838,2321,0,30057,0x07
2026-09-06T20:57:51.534,595,0,2,50,0,0,0,0,0,0,0x03
2026-09-06T20:57:51.534,596,0,1,53,3115,1208,34903,3215,0,40000,0x07
2026-09-06T20:57:51.583,597,0,2,51,0,0,0,0,0,0,0x03
2026-09-06T20:57:51.583,598,0,1,51,3115,1529,33535,3215,0,40000,0x07
2026-09-06T20:57:51.665,599,0,2,51,0,0,0,0,0,0,0x03
2026-09-06T20:57:51.665,600,0,1,50,3273,1760,34469,3479,0,40000,0x07
2026-09-06T20:57:51.730,601,0,2,50,0,0,0,0,0,0,0x03
2026-09-06T20:57:51.730,602,0,1,50,3232,1880,33462,3500,0,40000,0x07
2026-09-06T20:57:51.795,603,0,2,51,0,0,0,0,0,0,0x03
2026-09-06T20:57:51.795,604,0,1,51,2757,2020,27123,3388,0,40000,0x07
2026-09-06T20:57:51.860,605,0,2,52,0,0,0,0,0,0,0x03
2026-09-06T20:57:51.860,606,0,1,50,1672,1900,14510,2528,0,32569,0x07
2026-09-06T20:57:51.925,607,0,2,50,0,0,0,0,0,0,0x03
2026-09-06T20:57:51.925,608,0,1,56,-577,-71,9041,-38,0,2366,0x07
2026-09-06T20:57:51.990,609,0,2,51,0,0,0,0,0,0,0x03
2026-09-06T20:57:51.990,610,0,1,51,-577,-157,8678,0,0,3158,0x07
2026-09-06T20:57:52.055,611,0,2,51,0,0,0,0,0,0,0x03
2026-09-06T20:57:52.055,612,0,1,50,0,0,7755,159,0,3835,0x07
2026-09-06T20:57:52.120,613,0,2,51,0,0,0,0,0,0,0x03
2026-09-06T20:57:52.120,614,0,1,50,687,80,10335,136,0,3556,0x07
2026-09-06T20:57:52.201,615,0,2,50,0,0,0,0,0,0,0x03
2026-09-06T20:57:52.201,616,0,1,55,949,255,12758,768,18,11141,0x07
2026-09-06T20:57:52.266,617,0,2,52,0,0,0,0,0,0,0x03
2026-09-06T20:57:52.266,618,0,1,51,949,176,13090,768,0,11219,0x07
2026-09-06T20:57:52.331,619,0,2,52,0,0,0,0,0,0,0x03
2026-09-06T20:57:52.331,620,0,1,51,1006,176,13780,757,0,11091,0x07
2026-09-06T20:57:52.396,621,0,2,51,0,0,0,0,0,0,0x03
2026-09-06T20:57:52.396,622,0,1,51,1015,294,13394,684,0,10200,0x07
2026-09-06T20:57:52.461,623,0,2,50,0,0,0,0,0,0,0x03
2026-09-06T20:57:52.461,624,0,1,50,1002,340,13036,897,0,12784,0x07
2026-09-06T20:57:52.526,625,0,2,51,0,0,0,0,0,0,0x03
2026-09-06T20:57:52.526,626,0,1,50,1030,440,12949,874,0,12501,0x07
2026-09-06T20:57:52.591,627,0,2,51,0,0,0,0,0,0,0x03
2026-09-06T20:57:52.591,628,0,1,51,964,510,11857,881,0,12586,0x07
2026-09-06T20:57:52.656,629,0,2,51,0,0,0,0,0,0,0x03
2026-09-06T20:57:52.656,630,0,1,51,964,529,11774,881,0,12586,0x07
2026-09-06T20:57:52.737,631,0,2,50,0,0,0,0,0,0,0x03
2026-09-06T20:57:52.737,632,0,1,51,885,529,10815,835,0,12038,0x07
2026-09-06T20:57:52.802,633,0,2,52,0,0,0,0,0,0,0x03
2026-09-06T20:57:52.802,634,0,1,50,774,560,9351,821,0,11868,0x07
2026-09-06T20:57:52.868,635,0,2,51,0,0,0,0,0,0,0x03
2026-09-06T20:57:52.868,636,0,1,52,634,500,7913,761,0,11137,0x07
2026-09-06T20:57:52.932,637,0,2,50,0,0,0,0,0,0,0x03
2026-09-06T20:57:52.932,638,0,1,51,495,529,6107,699,0,10382,0x07
2026-09-06T20:57:52.997,639,0,2,52,0,0,0,0,0,0,0x03
2026-09-06T20:57:52.997,640,0,1,52,3182,1154,35940,3258,0,40000,0x07
2026-09-06T20:57:53.063,641,0,2,50,0,0,0,0,0,0,0x03
2026-09-06T20:57:53.063,642,0,1,51,3182,1216,35677,3258,0,40000,0x07
2026-09-06T20:57:53.128,643,0,2,52,0,0,0,0,0,0,0x03
2026-09-06T20:57:53.128,644,0,1,51,3287,1373,36288,3500,0,40000,0x07
2026-09-06T20:57:53.193,645,0,2,54,0,0,0,0,0,0,0x03
2026-09-06T20:57:53.193,646,0,1,51,3312,1725,35081,3500,0,40000,0x07
2026-09-06T20:57:53.274,647,0,2,51,0,0,0,0,0,0,0x03
2026-09-06T20:57:53.274,648,0,1,50,3130,1960,31884,3500,0,40000,0x07
2026-09-06T20:57:53.339,649,0,2,50,0,0,0,0,0,0,0x03
2026-09-06T20:57:53.339,650,0,1,50,2535,2040,24356,3188,0,40000,0x07
2026-09-06T20:57:53.405,651,0,2,50,0,0,0,0,0,0,0x03
2026-09-06T20:57:53.405,652,0,1,53,259,1491,0,1482,19,19794,0x07
2026-09-06T20:57:53.470,653,0,2,52,0,0,0,0,0,0,0x03
2026-09-06T20:57:53.470,654,0,1,51,0,0,7440,0,0,2566,0x07
2026-09-06T20:57:53.486,655,0,2,51,0,0,0,0,0,0,0x03
2026-09-06T20:57:53.486,656,0,1,51,-647,-196,9356,0,0,3351,0x07
