timestamp,sequence,team,robot_id,interval_ms,left_target_eps,left_measured_eps,left_duty,right_target_eps,right_measured_eps,right_duty,flags
2026-09-06T16:44:12.056,2169,0,2,52,1283,0,17567,419,0,6930,0x07
2026-09-06T16:44:12.125,2168,0,0,51,270,0,7109,1470,0,21064,0x07
2026-09-06T16:44:12.125,2171,0,2,52,1263,0,17326,440,0,7182,0x07
2026-09-06T16:44:12.190,2170,0,0,51,322,20,7691,1416,0,20389,0x07
2026-09-06T16:44:12.190,2173,0,2,50,0,0,0,0,0,0,0x03
2026-09-06T16:44:12.255,2172,0,0,50,0,0,0,0,0,0,0x03
2026-09-06T16:44:12.255,1,0,2,51,0,0,0,0,0,0,0x03
2026-09-06T16:44:12.321,0,0,0,52,0,0,0,0,0,0,0x03
2026-09-06T16:44:12.321,3,0,2,50,0,0,0,0,0,0,0x03
2026-09-06T16:44:12.402,2,0,0,50,0,0,0,0,0,0,0x03
2026-09-06T16:44:12.402,5,0,2,54,0,0,0,0,0,0,0x03
2026-09-06T16:44:12.467,4,0,0,50,0,0,0,0,0,0,0x03
2026-09-06T16:44:12.467,7,0,2,51,0,0,0,0,0,0,0x03
2026-09-06T16:44:12.532,6,0,0,50,0,0,0,0,0,0,0x03
2026-09-06T16:44:12.532,9,0,2,51,0,0,0,0,0,0,0x03
2026-09-06T16:44:12.597,8,0,0,50,0,0,0,0,0,0,0x03
2026-09-06T16:44:12.597,11,0,2,52,0,0,0,0,0,0,0x03
2026-09-06T16:44:12.662,10,0,0,50,0,0,0,0,0,0,0x03
2026-09-06T16:44:12.662,13,0,2,51,0,0,0,0,0,0,0x03
2026-09-06T16:44:12.727,12,0,0,52,0,0,0,0,0,0,0x03
2026-09-06T16:44:12.727,15,0,2,50,0,0,0,0,0,0,0x03
2026-09-06T16:44:12.792,14,0,0,50,0,0,0,0,0,0,0x03
2026-09-06T16:44:12.792,17,0,2,50,0,0,0,0,0,0,0x03
2026-09-06T16:44:12.857,16,0,0,52,0,0,0,0,0,0,0x03
2026-09-06T16:44:12.857,19,0,2,51,0,0,0,0,0,0,0x03
2026-09-06T16:44:12.938,18,0,0,54,0,0,0,0,0,0,0x03
2026-09-06T16:44:12.938,21,0,2,51,0,0,0,0,0,0,0x03
2026-09-06T16:44:13.002,20,0,0,50,0,0,0,0,0,0,0x03
2026-09-06T16:44:13.002,23,0,2,50,0,0,0,0,0,0,0x03
2026-09-06T16:44:13.067,22,0,0,50,0,0,0,0,0,0,0x03
2026-09-06T16:44:13.068,25,0,2,50,0,0,0,0,0,0,0x03
2026-09-06T16:44:13.133,24,0,0,50,0,0,0,0,0,0,0x03
2026-09-06T16:44:13.133,27,0,2,50,0,0,0,0,0,0,0x03
2026-09-06T16:44:13.197,26,0,0,50,0,0,0,0,0,0,0x03
2026-09-06T16:44:13.197,29,0,2,51,0,0,0,0,0,0,0x03
2026-09-06T16:44:13.262,28,0,0,51,0,0,0,0,0,0,0x03
2026-09-06T16:44:13.262,31,0,2,51,0,0,0,0,0,0,0x03
2026-09-06T16:44:13.327,30,0,0,53,0,0,0,0,0,0,0x03
2026-09-06T16:44:13.327,33,0,2,51,0,0,0,0,0,0,0x03
2026-09-06T16:44:13.392,32,0,0,51,0,0,0,0,0,0,0x03
2026-09-06T16:44:13.392,35,0,2,50,0,0,0,0,0,0,0x03
2026-09-06T16:44:13.473,34,0,0,51,0,0,0,0,0,0,0x03
2026-09-06T16:44:13.473,37,0,2,51,0,0,0,0,0,0,0x03
2026-09-06T16:44:13.539,36,0,0,51,0,0,0,0,0,0,0x03
2026-09-06T16:44:13.539,39,0,2,51,0,0,0,0,0,0,0x03
2026-09-06T16:44:13.604,38,0,0,54,0,0,0,0,0,0,0x03
2026-09-06T16:44:13.604,41,0,2,52,0,0,0,0,0,0,0x03
2026-09-06T16:44:13.670,40,0,0,50,0,0,0,0,0,0,0x03
2026-09-06T16:44:13.670,43,0,2,51,0,0,0,0,0,0,0x03
2026-09-06T16:44:13.735,42,0,0,51,0,0,0,0,0,0,0x03
2026-09-06T16:44:13.735,45,0,2,51,0,0,0,0,0,0,0x03
2026-09-06T16:44:13.801,44,0,0,50,0,0,0,0,0,0,0x03
2026-09-06T16:44:13.801,47,0,2,50,0,0,0,0,0,0,0x03
2026-09-06T16:44:13.865,46,0,0,51,0,0,0,0,0,0,0x03
2026-09-06T16:44:13.865,49,0,2,53,0,0,0,0,0,0,0x03
2026-09-06T16:44:13.930,48,0,0,52,0,0,0,0,0,0,0x03
2026-09-06T16:44:13.930,51,0,2,50,0,0,0,0,0,0,0x03
2026-09-06T16:44:13.995,50,0,0,52,0,0,0,0,0,0,0x03
2026-09-06T16:44:13.995,53,0,2,50,0,0,0,0,0,0,0x03
2026-09-06T16:44:14.060,52,0,0,50,0,0,0,0,0,0,0x03
2026-09-06T16:44:14.060,55,0,2,51,0,0,0,0,0,0,0x03
2026-09-06T16:44:14.141,54,0,0,51,0,0,0,0,0,0,0x03
2026-09-06T16:44:14.141,57,0,2,51,0,0,0,0,0,0,0x03
2026-09-06T16:44:14.206,56,0,0,52,0,0,0,0,0,0,0x03
2026-09-06T16:44:14.206,59,0,2,52,0,0,0,0,0,0,0x03
2026-09-06T16:44:14.271,58,0,0,55,0,0,0,0,0,0,0x03
2026-09-06T16:44:14.271,61,0,2,52,0,0,0,0,0,0,0x03
2026-09-06T16:44:14.337,60,0,0,52,0,0,0,0,0,0,0x03
2026-09-06T16:44:14.337,63,0,2,52,0,0,0,0,0,0,0x03
2026-09-06T16:44:14.402,62,0,0,52,0,0,0,0,0,0,0x03
2026-09-06T16:44:14.402,65,0,2,50,0,0,0,0,0,0,0x03
2026-09-06T16:44:14.467,64,0,0,50,0,0,0,0,0,0,0x03
2026-09-06T16:44:14.467,67,0,2,52,0,0,0,0,0,0,0x03
2026-09-06T16:44:14.532,66,0,0,52,0,0,0,0,0,0,0x03
2026-09-06T16:44:14.532,69,0,2,55,0,0,0,0,0,0,0x03
2026-09-06T16:44:14.597,68,0,0,50,0,0,0,0,0,0,0x03
2026-09-06T16:44:14.597,71,0,2,51,0,0,0,0,0,0,0x03
2026-09-06T16:44:14.662,70,0,0,51,0,0,0,0,0,0,0x03
2026-09-06T16:44:14.662,73,0,2,50,0,0,0,0,0,0,0x03
2026-09-06T16:44:14.744,72,0,0,50,0,0,0,0,0,0,0x03
2026-09-06T16:44:14.744,75,0,2,50,0,0,0,0,0,0,0x03
2026-09-06T16:44:14.809,74,0,0,51,0,0,0,0,0,0,0x03
2026-09-06T16:44:14.810,77,0,2,55,0,0,0,0,0,0,0x03
2026-09-06T16:44:14.874,76,0,0,51,0,0,0,0,0,0,0x03
2026-09-06T16:44:14.875,79,0,2,52,0,0,0,0,0,0,0x03
2026-09-06T16:44:14.940,78,0,0,51,0,0,0,0,0,0,0x03
2026-09-06T16:44:14.940,81,0,2,50,0,0,0,0,0,0,0x03
2026-09-06T16:44:15.004,80,0,0,51,0,0,0,0,0,0,0x03
2026-09-06T16:44:15.005,83,0,2,50,0,0,0,0,0,0,0x03
2026-09-06T16:44:15.070,82,0,0,52,0,0,0,0,0,0,0x03
2026-09-06T16:44:15.070,85,0,2,50,0,0,0,0,0,0,0x03
2026-09-06T16:44:15.135,84,0,0,50,0,0,0,0,0,0,0x03
2026-09-06T16:44:15.135,87,0,2,51,0,0,0,0,0,0,0x03
2026-09-06T16:44:15.200,86,0,0,50,0,0,0,0,0,0,0x03
2026-09-06T16:44:15.200,89,0,2,50,0,0,0,0,0,0,0x03
2026-09-06T16:44:15.281,88,0,0,50,0,0,0,0,0,0,0x03
2026-09-06T16:44:15.281,91,0,2,52,0,0,0,0,0,0,0x03
2026-09-06T16:44:15.330,90,0,0,52,0,0,0,0,0,0,0x03
2026-09-06T16:44:15.330,93,0,2,50,0,0,0,0,0,0,0x03
2026-09-06T16:44:15.411,92,0,0,50,0,0,0,0,0,0,0x03
2026-09-06T16:44:15.411,95,0,2,51,0,0,0,0,0,0,0x03
2026-09-06T16:44:15.476,94,0,0,55,0,0,0,0,0,0,0x03
2026-09-06T16:44:15.476,97,0,2,50,0,0,0,0,0,0,0x03
2026-09-06T16:44:15.542,96,0,0,55,0,0,0,0,0,0,0x03
2026-09-06T16:44:15.542,99,0,2,52,0,0,0,0,0,0,0x03
2026-09-06T16:44:15.607,98,0,0,51,0,0,0,0,0,0,0x03
2026-09-06T16:44:15.672,100,0,0,52,0,0,0,0,0,0,0x03
2026-09-06T16:44:15.672,101,0,2,51,0,0,0,0,0,0,0x03
2026-09-06T16:44:15.737,102,0,0,52,0,0,0,0,0,0,0x03
2026-09-06T16:44:15.803,102,0,0,50,0,0,0,0,0,0,0x03
2026-09-06T16:44:15.803,101,0,2,51,0,0,0,0,0,0,0x03
2026-09-06T16:44:15.868,102,0,0,51,0,0,0,0,0,0,0x03
2026-09-06T16:44:15.949,65535,0,0,53,0,0,0,0,0,0,0x0b
2026-09-06T16:44:16.014,65535,0,0,50,0,0,0,0,0,0,0x0b
2026-09-06T16:44:16.015,111,0,2,50,0,0,0,0,0,0,0x03
2026-09-06T16:44:16.080,65535,0,0,51,0,0,0,0,0,0,0x0b
2026-09-06T16:44:16.080,113,0,2,51,0,0,0,0,0,0,0x03
2026-09-06T16:44:16.145,112,0,0,54,0,0,0,0,0,0,0x03
2026-09-06T16:44:16.145,117,0,2,51,0,0,0,0,0,0,0x03
2026-09-06T16:44:16.210,112,0,0,51,0,0,0,0,0,0,0x03
2026-09-06T16:44:16.210,119,0,2,52,0,0,0,0,0,0,0x03
2026-09-06T16:44:16.276,118,0,0,50,0,0,0,0,0,0,0x03
2026-09-06T16:44:16.276,121,0,2,51,0,0,0,0,0,0,0x03
2026-09-06T16:44:16.341,120,0,0,50,0,0,0,0,0,0,0x03
2026-09-06T16:44:16.341,123,0,2,50,0,0,0,0,0,0,0x03
2026-09-06T16:44:16.407,122,0,0,50,0,0,0,0,0,0,0x03
2026-09-06T16:44:16.407,125,0,2,50,0,0,0,0,0,0,0x03
2026-09-06T16:44:16.473,124,0,0,51,0,0,0,0,0,0,0x03
2026-09-06T16:44:16.473,127,0,2,52,0,0,0,0,0,0,0x03
2026-09-06T16:44:16.554,126,0,0,50,0,0,0,0,0,0,0x03
2026-09-06T16:44:16.554,129,0,2,51,0,0,0,0,0,0,0x03
2026-09-06T16:44:16.620,128,0,0,55,0,0,0,0,0,0,0x03
2026-09-06T16:44:16.620,131,0,2,50,0,0,0,0,0,0,0x03
2026-09-06T16:44:16.685,130,0,0,50,0,0,0,0,0,0,0x03
2026-09-06T16:44:16.685,133,0,2,50,0,0,0,0,0,0,0x03
2026-09-06T16:44:16.751,132,0,0,50,0,0,0,0,0,0,0x03
2026-09-06T16:44:16.751,135,0,2,51,0,0,0,0,0,0,0x03
2026-09-06T16:44:16.815,134,0,0,52,0,0,0,0,0,0,0x03
2026-09-06T16:44:16.815,137,0,2,51,0,0,0,0,0,0,0x03
2026-09-06T16:44:16.880,136,0,0,50,0,0,0,0,0,0,0x03
2026-09-06T16:44:16.880,139,0,2,50,0,0,0,0,0,0,0x03
2026-09-06T16:44:16.945,138,0,0,52,0,0,0,0,0,0,0x03
2026-09-06T16:44:16.945,141,0,2,51,0,0,0,0,0,0,0x03
2026-09-06T16:44:17.011,140,0,0,52,0,0,0,0,0,0,0x03
2026-09-06T16:44:17.011,143,0,2,50,0,0,0,0,0,0,0x03
2026-09-06T16:44:17.076,142,0,0,52,0,0,0,0,0,0,0x03
2026-09-06T16:44:17.076,145,0,2,50,0,0,0,0,0,0,0x03
2026-09-06T16:44:17.141,144,0,0,52,0,0,0,0,0,0,0x03
2026-09-06T16:44:17.141,147,0,2,50,0,0,0,0,0,0,0x03
2026-09-06T16:44:17.207,146,0,0,50,0,0,0,0,0,0,0x03
2026-09-06T16:44:17.207,149,0,2,51,0,0,0,0,0,0,0x03
2026-09-06T16:44:17.289,148,0,0,51,0,0,0,0,0,0,0x03
2026-09-06T16:44:17.289,151,0,2,54,0,0,0,0,0,0,0x03
2026-09-06T16:44:17.353,150,0,0,51,0,0,0,0,0,0,0x03
2026-09-06T16:44:17.353,153,0,2,52,0,0,0,0,0,0,0x03
2026-09-06T16:44:17.419,152,0,0,50,0,0,0,0,0,0,0x03
2026-09-06T16:44:17.419,155,0,2,50,0,0,0,0,0,0,0x03
2026-09-06T16:44:17.484,154,0,0,52,0,0,0,0,0,0,0x03
2026-09-06T16:44:17.484,157,0,2,51,0,0,0,0,0,0,0x03
2026-09-06T16:44:17.549,156,0,0,51,0,0,0,0,0,0,0x03
2026-09-06T16:44:17.549,159,0,2,50,0,0,0,0,0,0,0x03
2026-09-06T16:44:17.615,158,0,0,50,0,0,0,0,0,0,0x03
2026-09-06T16:44:17.615,161,0,2,51,0,0,0,0,0,0,0x03
2026-09-06T16:44:17.679,160,0,0,51,0,0,0,0,0,0,0x03
2026-09-06T16:44:17.679,163,0,2,51,0,0,0,0,0,0,0x03
2026-09-06T16:44:17.745,162,0,0,59,0,0,0,0,0,0,0x03
2026-09-06T16:44:17.745,165,0,2,52,0,0,0,0,0,0,0x03
2026-09-06T16:44:17.826,164,0,0,51,0,0,0,0,0,0,0x03
2026-09-06T16:44:17.826,167,0,2,51,0,0,0,0,0,0,0x03
2026-09-06T16:44:17.891,166,0,0,51,0,0,0,0,0,0,0x03
2026-09-06T16:44:17.891,169,0,2,52,0,0,0,0,0,0,0x03
2026-09-06T16:44:17.955,168,0,0,51,0,0,0,0,0,0,0x03
2026-09-06T16:44:17.955,171,0,2,50,0,0,0,0,0,0,0x03
2026-09-06T16:44:18.021,170,0,0,51,0,0,0,0,0,0,0x03
2026-09-06T16:44:18.021,173,0,2,50,0,0,0,0,0,0,0x03
2026-09-06T16:44:18.086,172,0,0,51,0,0,0,0,0,0,0x03
2026-09-06T16:44:18.086,175,0,2,50,0,0,0,0,0,0,0x03
2026-09-06T16:44:18.152,174,0,0,52,0,0,0,0,0,0,0x03
2026-09-06T16:44:18.152,177,0,2,51,0,0,0,0,0,0,0x03
2026-09-06T16:44:18.217,176,0,0,50,0,0,0,0,0,0,0x03
2026-09-06T16:44:18.217,179,0,2,50,0,0,0,0,0,0,0x03
2026-09-06T16:44:18.281,178,0,0,51,0,0,0,0,0,0,0x03
2026-09-06T16:44:18.281,181,0,2,50,0,0,0,0,0,0,0x03
2026-09-06T16:44:18.346,180,0,0,51,0,0,0,0,0,0,0x03
2026-09-06T16:44:18.346,183,0,2,50,0,0,0,0,0,0,0x03
2026-09-06T16:44:18.426,182,0,0,51,0,0,0,0,0,0,0x03
2026-09-06T16:44:18.426,185,0,2,50,0,0,0,0,0,0,0x03
2026-09-06T16:44:18.491,184,0,0,52,0,0,0,0,0,0,0x03
2026-09-06T16:44:18.491,187,0,2,52,0,0,0,0,0,0,0x03
2026-09-06T16:44:18.556,186,0,0,52,0,0,0,0,0,0,0x03
2026-09-06T16:44:18.556,189,0,2,52,0,0,0,0,0,0,0x03
2026-09-06T16:44:18.620,188,0,0,50,0,0,0,0,0,0,0x03
2026-09-06T16:44:18.620,191,0,2,50,0,0,7449,0,0,20964,0x07
2026-09-06T16:44:18.685,190,0,0,52,0,0,18553,0,0,18176,0x07
2026-09-06T16:44:18.685,193,0,2,51,0,0,4571,2448,392,29701,0x07
2026-09-06T16:44:18.751,192,0,0,52,1775,615,23637,1863,0,25938,0x07
2026-09-06T16:44:18.751,195,0,2,56,296,393,4160,1443,571,16832,0x07
2026-09-06T16:44:18.816,194,0,0,50,1775,280,25062,1863,0,25938,0x07
2026-09-06T16:44:18.816,197,0,2,50,296,360,4300,1443,400,17560,0x07
2026-09-06T16:44:18.898,196,0,0,52,1775,385,24617,1863,0,25938,0x07
2026-09-06T16:44:18.898,199,0,2,51,296,255,4747,1443,569,16844,0x07
2026-09-06T16:44:18.947,198,0,0,51,1775,510,24085,1863,0,25938,0x07
2026-09-06T16:44:18.947,201,0,2,50,321,280,4933,1417,640,16233,0x07
2026-09-06T16:44:19.027,200,0,0,50,1793,620,23848,1925,0,26717,0x07
2026-09-06T16:44:19.027,203,0,2,50,353,240,5480,1384,820,15071,0x07
2026-09-06T16:44:19.093,202,0,0,51,1760,667,23225,2034,0,28059,0x07
2026-09-06T16:44:19.093,205,0,2,52,421,269,6170,1313,827,14186,0x07
2026-09-06T16:44:19.158,204,0,0,51,1741,725,22739,2119,0,29120,0x07
2026-09-06T16:44:19.158,207,0,2,52,488,308,6805,1244,808,13428,0x07
2026-09-06T16:44:19.223,206,0,0,50,1704,740,22206,2154,0,29561,0x07
2026-09-06T16:44:19.223,209,0,2,50,488,320,6753,1244,860,13206,0x07
2026-09-06T16:44:19.288,208,0,0,51,1389,784,18010,2027,0,27977,0x07
2026-09-06T16:44:19.288,211,0,2,50,532,280,7441,1198,840,12748,0x07
2026-09-06T16:44:19.354,210,0,0,51,1093,706,14573,1770,0,24781,0x07
2026-09-06T16:44:19.354,213,0,2,51,548,275,7661,1181,863,12445,0x07
2026-09-06T16:44:19.419,212,0,0,51,603,471,9343,1376,0,19894,0x07
2026-09-06T16:44:19.419,215,0,2,57,590,368,7759,1138,895,11790,0x07
2026-09-06T16:44:19.483,214,0,0,51,332,569,5481,1191,0,17597,0x07
2026-09-06T16:44:19.483,217,0,2,51,590,373,7742,1138,824,12092,0x07
2026-09-06T16:44:19.564,216,0,0,51,321,392,6090,1255,0,18385,0x07
2026-09-06T16:44:19.565,219,0,2,52,1112,404,13813,1574,808,17413,0x07
2026-09-06T16:44:19.630,218,0,0,52,293,269,6256,1282,0,18729,0x07
2026-09-06T16:44:19.630,221,0,2,51,1388,569,16399,1867,902,20540,0x07
2026-09-06T16:44:19.695,220,0,0,51,293,235,6400,1282,0,18729,0x07
2026-09-06T16:44:19.695,223,0,2,50,1620,820,18083,2085,1240,21731,0x07
2026-09-06T16:44:19.760,222,0,0,50,229,240,5578,1303,0,18989,0x07
2026-09-06T16:44:19.760,225,0,2,51,1916,941,21091,2330,1353,24197,0x07
2026-09-06T16:44:19.825,224,0,0,51,203,118,5760,1306,0,19015,0x07
2026-09-06T16:44:19.825,227,0,2,57,1778,1246,18160,2239,1561,22215,0x07
2026-09-06T16:44:19.891,229,0,2,51,1778,1451,17287,2239,1725,21517,0x07
2026-09-06T16:44:19.956,229,0,2,51,1237,1608,10180,1802,1706,16339,0x07
2026-09-06T16:44:20.021,226,0,0,51,192,20,6038,1307,0,19032,0x07
2026-09-06T16:44:20.021,231,0,2,50,1237,1300,11488,1802,1760,16109,0x07
2026-09-06T16:44:20.086,228,0,0,52,168,0,5822,1304,0,18994,0x07
2026-09-06T16:44:20.087,231,0,2,53,556,1358,3142,1266,1679,9999,0x07
2026-09-06T16:44:20.168,232,0,0,50,0,0,4904,0,0,13018,0x07
2026-09-06T16:44:20.168,237,0,2,51,556,902,5082,1266,1490,10802,0x07
2026-09-06T16:44:20.234,236,0,0,51,144,20,5434,1251,0,18333,0x07
2026-09-06T16:44:20.234,239,0,2,50,60,500,901,1404,1440,12668,0x07
2026-09-06T16:44:20.298,238,0,0,51,137,0,5427,1238,0,18181,0x07
2026-09-06T16:44:20.298,241,0,2,50,251,480,3248,1490,1260,14479,0x07
2026-09-06T16:44:20.364,240,0,0,52,164,0,5769,1227,0,18046,0x07
2026-09-06T16:44:20.364,243,0,2,50,0,0,3091,1467,1220,14366,0x07
2026-09-06T16:44:20.429,242,0,0,54,155,0,5655,1235,0,18137,0x07
2026-09-06T16:44:20.429,245,0,2,51,0,0,4576,1856,1294,18743,0x07
2026-09-06T16:44:20.494,244,0,0,51,155,0,5655,1235,0,18137,0x07
2026-09-06T16:44:20.494,247,0,2,53,367,321,5310,1369,1283,12922,0x07
2026-09-06T16:44:20.559,246,0,0,50,156,0,5662,1235,0,18137,0x07
2026-09-06T16:44:20.559,249,0,2,50,367,420,4888,1369,1160,13445,0x07
2026-09-06T16:44:20.624,248,0,0,51,157,0,5671,1235,0,18141,0x07
2026-09-06T16:44:20.624,251,0,2,51,473,235,6932,1259,1137,12218,0x07
2026-09-06T16:44:20.705,250,0,0,54,157,0,5680,1237,0,18159,0x07
2026-09-06T16:44:20.705,253,0,2,51,539,98,8303,1191,1059,11724,0x07
2026-09-06T16:44:20.754,252,0,0,51,157,0,5680,1237,0,18159,0x07
2026-09-06T16:44:20.754,255,0,2,50,636,260,8770,1090,1020,10676,0x07
2026-09-06T16:44:20.835,254,0,0,50,157,0,5680,1237,0,18167,0x07
2026-09-06T16:44:20.835,257,0,2,51,999,353,12692,1329,922,13978,0x07
2026-09-06T16:44:20.900,256,0,0,50,158,0,5685,1238,0,18172,0x07
2026-09-06T16:44:20.900,259,0,2,51,1892,490,22727,2165,863,24291,0x07
2026-09-06T16:44:20.965,258,0,0,50,158,0,5685,1238,0,18176,0x07
2026-09-06T16:44:20.965,261,0,2,50,3374,1400,36484,3170,1500,33690,0x07
2026-09-06T16:44:21.030,260,0,0,51,0,0,4766,1245,0,18260,0x07
2026-09-06T16:44:21.030,263,0,2,50,3374,1840,34614,3437,2180,34016,0x07
2026-09-06T16:44:21.095,262,0,0,53,-13,-208,2961,1237,0,18167,0x07
2026-09-06T16:44:21.095,265,0,2,51,3346,1275,36684,0,0,5382,0x07
2026-09-06T16:44:21.160,264,0,0,50,-13,-200,2993,1237,0,18167,0x07
2026-09-06T16:44:21.160,267,0,2,50,2118,1660,20443,0,0,29230,0x07
2026-09-06T16:44:21.241,266,0,0,52,-202,-58,6000,1420,38,20269,0x07
2026-09-06T16:44:21.241,269,0,2,51,2144,1745,20391,3500,1314,38522,0x07
2026-09-06T16:44:21.291,268,0,0,50,-146,-260,4437,1389,40,19885,0x07
2026-09-06T16:44:21.291,271,0,2,51,2658,1824,26173,2460,3333,17396,0x07
2026-09-06T16:44:21.372,270,0,0,50,-94,-120,4372,1410,40,20151,0x07
2026-09-06T16:44:21.372,273,0,2,50,2313,1900,21735,2095,1680,20019,0x07
2026-09-06T16:44:21.438,272,0,0,52,0,0,32244,0,0,23374,0x07
2026-09-06T16:44:21.438,275,0,2,51,2017,1922,18124,1840,1686,16919,0x07
2026-09-06T16:44:21.503,274,0,0,52,3374,173,40000,0,0,4362,0x07
2026-09-06T16:44:21.503,277,0,2,50,1284,1560,10950,1183,1660,9102,0x07
2026-09-06T16:44:21.569,276,0,0,51,1489,451,20696,191,20,5092,0x07
2026-09-06T16:44:21.569,279,0,2,51,1284,1235,12330,1183,1000,11907,0x07
2026-09-06T16:44:21.634,278,0,0,52,1476,500,20326,219,0,5515,0x07
2026-09-06T16:44:21.634,281,0,2,50,724,1360,5143,0,0,9349,0x07
2026-09-06T16:44:21.699,280,0,0,51,1474,686,19507,221,0,5541,0x07
2026-09-06T16:44:21.699,283,0,2,51,1224,1039,12452,-955,-78,13075,0x07
2026-09-06T16:44:21.764,282,0,0,55,1345,873,17068,355,36,7055,0x07
2026-09-06T16:44:21.764,285,0,2,50,855,960,8399,0,0,2180,0x07
2026-09-06T16:44:21.829,284,0,0,51,1345,725,17694,355,216,6293,0x07
2026-09-06T16:44:21.829,287,0,2,50,0,0,0,0,0,0,0x03
2026-09-06T16:44:21.894,286,0,0,52,1224,750,16054,481,38,8604,0x07
2026-09-06T16:44:21.894,289,0,2,51,0,0,11560,0,0,5748,0x07
2026-09-06T16:44:21.975,288,0,0,50,1078,620,14752,632,0,10645,0x07
2026-09-06T16:44:21.975,291,0,2,51,-1225,0,16873,3021,549,35992,0x07
2026-09-06T16:44:22.041,290,0,0,57,1559,544,21195,1353,0,19607,0x07
2026-09-06T16:44:22.041,293,0,2,51,0,0,3957,3021,2137,29242,0x07
2026-09-06T16:44:22.106,292,0,0,51,1559,549,21173,1353,0,19607,0x07
2026-09-06T16:44:22.106,295,0,2,50,216,240,3855,1526,1960,11964,0x07
2026-09-06T16:44:22.170,294,0,0,52,2164,577,28743,2091,0,28778,0x07
2026-09-06T16:44:22.171,297,0,2,50,242,280,3994,0,0,12250,0x07
2026-09-06T16:44:22.236,296,0,0,51,2609,882,33107,2622,0,35364,0x07
2026-09-06T16:44:22.236,299,0,2,51,2966,294,36328,0,0,4359,0x07
2026-09-06T16:44:22.300,298,0,0,51,3176,1020,39727,3426,0,40000,0x07
2026-09-06T16:44:22.300,301,0,2,50,1373,1640,11665,316,360,4174,0x07
2026-09-06T16:44:22.365,300,0,0,51,3285,1275,40000,3500,0,40000,0x07
2026-09-06T16:44:22.365,303,0,2,51,1327,588,15589,373,333,4974,0x07
2026-09-06T16:44:22.446,302,0,0,52,3128,1442,37330,3500,0,40000,0x07
2026-09-06T16:44:22.447,305,0,2,51,1327,569,15672,373,412,4641,0x07
2026-09-06T16:44:22.511,304,0,0,50,2664,1560,30926,3266,40,40000,0x07
2026-09-06T16:44:22.511,307,0,2,51,1363,608,15931,310,373,4040,0x07
2026-09-06T16:44:22.575,306,0,0,51,1868,1569,20769,2614,0,35274,0x07
2026-09-06T16:44:22.575,309,0,2,57,1289,825,14127,413,351,5382,0x07
2026-09-06T16:44:22.640,308,0,0,53,313,925,3732,1425,0,20503,0x07
2026-09-06T16:44:22.640,311,0,2,51,1289,922,13715,413,412,5123,0x07
2026-09-06T16:44:22.706,310,0,0,50,313,880,3922,1425,0,20503,0x07
2026-09-06T16:44:22.706,313,0,2,50,1270,960,13335,432,380,5486,0x07
2026-09-06T16:44:22.771,312,0,0,50,178,660,3137,1566,0,22247,0x07
2026-09-06T16:44:22.771,315,0,2,51,1214,1020,12411,491,373,6223,0x07
2026-09-06T16:44:22.836,314,0,0,51,92,471,2856,1654,0,23346,0x07
2026-09-06T16:44:22.836,317,0,2,50,1185,640,13676,521,440,6303,0x07
2026-09-06T16:44:22.901,316,0,0,56,3374,196,40000,-2322,0,31647,0x07
2026-09-06T16:44:22.901,319,0,2,50,1119,400,13921,589,340,7543,0x07
2026-09-06T16:44:22.966,318,0,0,50,3374,1360,40000,0,0,5362,0x07
2026-09-06T16:44:22.966,321,0,2,51,1112,510,13362,597,235,8085,0x07
2026-09-06T16:44:23.047,320,0,0,50,1384,740,18138,314,40,6526,0x07
2026-09-06T16:44:23.047,323,0,2,51,1108,588,12985,634,353,8037,0x07
2026-09-06T16:44:23.112,322,0,0,50,1372,660,18324,327,0,6853,0x07
2026-09-06T16:44:23.112,325,0,2,52,1379,769,15434,929,519,10885,0x07
2026-09-06T16:44:23.178,324,0,0,51,1358,725,17870,341,0,7031,0x07
2026-09-06T16:44:23.178,327,0,2,50,1616,820,18047,1210,580,14013,0x07
2026-09-06T16:44:23.243,326,0,0,51,1278,667,17095,425,0,8070,0x07
2026-09-06T16:44:23.243,329,0,2,50,1798,1040,19275,1411,780,15594,0x07
2026-09-06T16:44:23.307,328,0,0,53,1135,604,15551,572,0,9906,0x07
2026-09-06T16:44:23.307,331,0,2,51,1928,1157,20314,1552,824,17111,0x07
2026-09-06T16:44:23.373,330,0,0,50,1135,580,15652,572,0,9906,0x07
2026-09-06T16:44:23.373,333,0,2,50,2044,1220,21435,1693,900,18483,0x07
2026-09-06T16:44:23.438,332,0,0,51,1052,569,14637,659,0,10984,0x07
2026-09-06T16:44:23.438,335,0,2,50,1971,1120,20989,1528,1100,15644,0x07
