timestamp,sequence,team,robot_id,interval_ms,left_target_eps,left_measured_eps,left_duty,right_target_eps,right_measured_eps,right_duty,flags
2026-09-06T15:29:03.042-03:00,53,0,0,50,0,0,0,0,0,0,0x03
2026-09-06T15:29:03.060-03:00,54,0,0,52,0,0,0,0,0,0,0x03
2026-09-06T15:29:03.083-03:00,55,0,0,52,0,0,0,0,0,0,0x03
2026-09-06T15:29:03.101-03:00,55,0,0,52,0,0,0,0,0,0,0x03
2026-09-06T15:29:03.121-03:00,55,0,0,50,0,0,0,0,0,0,0x03
2026-09-06T15:29:03.138-03:00,55,0,0,50,0,0,0,0,0,0,0x03
2026-09-06T15:29:03.158-03:00,55,0,0,50,0,0,0,0,0,0,0x03
2026-09-06T15:29:03.179-03:00,55,0,0,50,0,0,0,0,0,0,0x03
2026-09-06T15:29:03.199-03:00,55,0,0,50,0,0,0,0,0,0,0x03
2026-09-06T15:29:03.223-03:00,55,0,0,51,0,0,0,0,0,0,0x03
2026-09-06T15:29:03.240-03:00,8,0,0,51,0,0,0,0,0,31098,0x07
2026-09-06T15:29:03.262-03:00,9,0,0,51,0,0,0,3500,78,40000,0x07
2026-09-06T15:29:03.279-03:00,10,0,0,51,0,0,0,3500,78,40000,0x07
2026-09-06T15:29:03.303-03:00,11,0,0,53,0,0,0,3500,528,40000,0x07
2026-09-06T15:29:03.321-03:00,12,0,0,53,0,0,0,3500,528,40000,0x07
2026-09-06T15:29:03.339-03:00,13,0,0,53,0,0,0,3500,528,40000,0x07
2026-09-06T15:29:03.362-03:00,14,0,0,54,0,0,0,3500,111,40000,0x07
2026-09-06T15:29:03.380-03:00,15,0,0,54,0,0,0,3500,111,40000,0x07
2026-09-06T15:29:03.403-03:00,16,0,0,54,0,0,0,3500,111,40000,0x07
2026-09-06T15:29:03.423-03:00,17,0,0,50,0,0,0,3500,0,40000,0x07
2026-09-06T15:29:03.438-03:00,18,0,0,50,0,0,0,3500,0,40000,0x07
2026-09-06T15:29:03.458-03:00,19,0,0,53,0,0,0,3500,0,40000,0x07
2026-09-06T15:29:03.481-03:00,20,0,0,53,0,0,0,3500,0,40000,0x07
2026-09-06T15:29:03.501-03:00,21,0,0,53,0,0,0,3500,0,40000,0x07
2026-09-06T15:29:03.521-03:00,22,0,0,50,0,0,0,3500,0,40000,0x07
2026-09-06T15:29:03.539-03:00,23,0,0,50,0,0,0,3500,0,40000,0x07
2026-09-06T15:29:03.562-03:00,24,0,0,50,0,0,0,3500,0,40000,0x07
2026-09-06T15:29:03.580-03:00,25,0,0,54,0,0,0,3500,0,40000,0x07
2026-09-06T15:29:03.600-03:00,26,0,0,54,0,0,0,3500,0,40000,0x07
2026-09-06T15:29:03.623-03:00,27,0,0,55,0,0,0,3500,0,40000,0x07
2026-09-06T15:29:03.640-03:00,28,0,0,55,0,0,0,3500,0,40000,0x07
2026-09-06T15:29:03.658-03:00,29,0,0,55,0,0,0,3500,0,40000,0x07
2026-09-06T15:29:03.683-03:00,30,0,0,51,0,0,0,3500,0,40000,0x07
2026-09-06T15:29:03.701-03:00,31,0,0,51,0,0,0,3500,0,40000,0x07
2026-09-06T15:29:03.719-03:00,32,0,0,51,0,0,0,3500,0,40000,0x07
2026-09-06T15:29:03.740-03:00,33,0,0,53,0,0,0,3500,0,40000,0x07
2026-09-06T15:29:03.763-03:00,34,0,0,53,0,0,0,3500,0,40000,0x07
2026-09-06T15:29:03.781-03:00,35,0,0,53,0,0,0,3500,0,40000,0x07
2026-09-06T15:29:03.801-03:00,36,0,0,53,0,0,0,3500,0,40000,0x07
2026-09-06T15:29:03.821-03:00,37,0,0,53,0,0,0,3500,0,40000,0x07
2026-09-06T15:29:03.839-03:00,38,0,0,51,0,0,0,3500,0,40000,0x07
2026-09-06T15:29:03.863-03:00,39,0,0,51,0,0,0,3500,0,40000,0x07
2026-09-06T15:29:03.881-03:00,40,0,0,51,0,0,0,3500,0,40000,0x07
2026-09-06T15:29:03.902-03:00,41,0,0,54,0,0,0,3500,0,40000,0x07
2026-09-06T15:29:03.920-03:00,42,0,0,54,0,0,0,3500,0,40000,0x07
2026-09-06T15:29:03.938-03:00,43,0,0,50,0,0,0,3500,0,40000,0x07
2026-09-06T15:29:03.962-03:00,44,0,0,50,0,0,0,3500,0,40000,0x07
2026-09-06T15:29:03.980-03:00,45,0,0,50,0,0,0,3500,0,40000,0x07
2026-09-06T15:29:04.001-03:00,46,0,0,51,0,0,0,3500,0,40000,0x07
2026-09-06T15:29:04.019-03:00,47,0,0,51,0,0,0,3500,0,40000,0x07
2026-09-06T15:29:04.063-03:00,48,0,0,56,0,0,0,3500,0,40000,0x07
2026-09-06T15:29:04.107-03:00,49,0,0,56,0,0,0,3500,0,40000,0x07
2026-09-06T15:29:04.151-03:00,50,0,0,51,0,0,0,3500,0,40000,0x07
2026-09-06T15:29:04.192-03:00,51,0,0,53,0,0,0,0,0,0,0x03
2026-09-06T15:29:04.236-03:00,52,0,0,52,0,0,0,0,0,0,0x03
