timestamp,sequence,team,robot_id,interval_ms,left_target_eps,left_measured_eps,left_duty,right_target_eps,right_measured_eps,right_duty,flags
2026-09-06T15:24:36.797-03:00,65535,255,0,0,0,0,0,0,0,0,0x03
2026-09-06T15:24:36.820-03:00,504,0,0,50,0,0,0,0,0,0,0x03
2026-09-06T15:24:36.838-03:00,505,0,0,54,0,0,0,0,0,0,0x03
2026-09-06T15:24:36.861-03:00,505,0,0,54,0,0,0,0,0,0,0x03
2026-09-06T15:24:36.879-03:00,505,0,0,54,0,0,0,0,0,0,0x03
2026-09-06T15:24:36.899-03:00,505,0,0,51,0,0,0,0,0,0,0x03
2026-09-06T15:24:36.919-03:00,505,0,0,51,0,0,0,0,0,0,0x03
2026-09-06T15:24:36.937-03:00,505,0,0,52,0,0,0,0,0,0,0x03
2026-09-06T15:24:36.960-03:00,505,0,0,52,0,0,0,0,0,0,0x03
2026-09-06T15:24:36.977-03:00,505,0,0,52,0,0,0,0,0,0,0x03
2026-09-06T15:24:37.001-03:00,8,0,0,50,0,0,30741,0,0,0,0x07
2026-09-06T15:24:37.021-03:00,9,0,0,50,0,0,30741,0,0,0,0x07
2026-09-06T15:24:37.039-03:00,10,0,0,52,3374,615,40000,0,0,0,0x07
2026-09-06T15:24:37.057-03:00,11,0,0,52,3374,615,40000,0,0,0,0x07
2026-09-06T15:24:37.080-03:00,12,0,0,52,3374,615,40000,0,0,0,0x07
2026-09-06T15:24:37.098-03:00,13,0,0,55,3374,291,40000,0,0,0,0x07
2026-09-06T15:24:37.117-03:00,14,0,0,55,3374,291,40000,0,0,0,0x07
2026-09-06T15:24:37.140-03:00,15,0,0,55,3374,291,40000,0,0,0,0x07
2026-09-06T15:24:37.158-03:00,16,0,0,51,3374,98,40000,0,0,0,0x07
2026-09-06T15:24:37.181-03:00,17,0,0,51,3374,98,40000,0,0,0,0x07
2026-09-06T15:24:37.199-03:00,18,0,0,51,3374,78,40000,0,0,0,0x07
2026-09-06T15:24:37.217-03:00,19,0,0,51,3374,78,40000,0,0,0,0x07
2026-09-06T15:24:37.239-03:00,20,0,0,51,3374,78,40000,0,0,0,0x07
2026-09-06T15:24:37.257-03:00,21,0,0,51,3374,20,40000,0,0,0,0x07
2026-09-06T15:24:37.280-03:00,22,0,0,51,3374,20,40000,0,0,0,0x07
2026-09-06T15:24:37.298-03:00,23,0,0,51,3374,20,40000,0,0,0,0x07
2026-09-06T15:24:37.321-03:00,24,0,0,52,3374,0,40000,0,0,0,0x07
2026-09-06T15:24:37.339-03:00,25,0,0,52,3374,0,40000,0,0,0,0x07
2026-09-06T15:24:37.357-03:00,26,0,0,52,3374,0,40000,0,0,0,0x07
2026-09-06T15:24:37.380-03:00,27,0,0,52,3374,0,40000,0,0,0,0x07
2026-09-06T15:24:37.400-03:00,28,0,0,52,3374,0,40000,0,0,0,0x07
2026-09-06T15:24:37.418-03:00,29,0,0,51,3374,0,40000,0,0,0,0x07
2026-09-06T15:24:37.440-03:00,30,0,0,51,3374,0,40000,0,0,0,0x07
2026-09-06T15:24:37.458-03:00,31,0,0,53,3374,0,40000,0,0,0,0x07
2026-09-06T15:24:37.478-03:00,32,0,0,53,3374,0,40000,0,0,0,0x07
2026-09-06T15:24:37.501-03:00,33,0,0,53,3374,0,40000,0,0,0,0x07
2026-09-06T15:24:37.519-03:00,34,0,0,50,3374,0,40000,0,0,0,0x07
2026-09-06T15:24:37.540-03:00,35,0,0,50,3374,0,40000,0,0,0,0x07
2026-09-06T15:24:37.558-03:00,36,0,0,52,3374,0,40000,0,0,0,0x07
2026-09-06T15:24:37.581-03:00,37,0,0,52,3374,0,40000,0,0,0,0x07
2026-09-06T15:24:37.600-03:00,38,0,0,52,3374,0,40000,0,0,0,0x07
2026-09-06T15:24:37.620-03:00,39,0,0,51,3374,0,40000,0,0,0,0x07
2026-09-06T15:24:37.638-03:00,40,0,0,51,3374,0,40000,0,0,0,0x07
2026-09-06T15:24:37.658-03:00,41,0,0,51,3374,0,40000,0,0,0,0x07
2026-09-06T15:24:37.677-03:00,42,0,0,51,3374,0,40000,0,0,0,0x07
2026-09-06T15:24:37.700-03:00,43,0,0,51,3374,0,40000,0,0,0,0x07
2026-09-06T15:24:37.718-03:00,44,0,0,57,3374,0,40000,0,0,0,0x07
2026-09-06T15:24:37.738-03:00,45,0,0,57,3374,0,40000,0,0,0,0x07
2026-09-06T15:24:37.761-03:00,46,0,0,57,3374,0,40000,0,0,0,0x07
2026-09-06T15:24:37.782-03:00,47,0,0,51,3374,0,40000,0,0,0,0x07
2026-09-06T15:24:37.827-03:00,48,0,0,51,3374,0,40000,0,0,0,0x07
2026-09-06T15:24:37.871-03:00,49,0,0,51,3374,0,40000,0,0,0,0x07
2026-09-06T15:24:37.914-03:00,50,0,0,51,3374,0,40000,0,0,0,0x07
2026-09-06T15:24:37.958-03:00,51,0,0,51,0,0,0,0,0,0,0x03
2026-09-06T15:24:37.999-03:00,52,0,0,52,0,0,0,0,0,0,0x03
