timestamp,sequence,team,robot_id,interval_ms,left_target_eps,left_measured_eps,left_duty,right_target_eps,right_measured_eps,right_duty,flags
2026-09-06T21:30:56.488,65535,0,2,50,0,0,0,0,0,0,0x0b
2026-09-06T21:30:56.508,65535,0,2,51,0,0,0,0,0,0,0x0b
2026-09-06T21:30:56.573,65535,0,2,51,0,0,0,0,0,0,0x0b
2026-09-06T21:30:56.639,65535,0,2,50,0,0,0,0,0,0,0x0b
2026-09-06T21:30:56.720,65535,0,2,51,0,0,0,0,0,0,0x0b
2026-09-06T21:30:56.785,65535,0,2,52,0,0,0,0,0,0,0x0b
2026-09-06T21:30:56.850,65535,0,2,52,0,0,0,0,0,0,0x0b
2026-09-06T21:30:56.915,65535,0,2,50,0,0,0,0,0,0,0x0b
2026-09-06T21:30:56.980,65535,0,2,51,0,0,0,0,0,0,0x0b
2026-09-06T21:30:57.045,65535,0,2,54,0,0,0,0,0,0,0x0b
2026-09-06T21:30:57.110,65535,0,2,50,0,0,0,0,0,0,0x0b
2026-09-06T21:30:57.175,65535,0,2,52,0,0,0,0,0,0,0x0b
2026-09-06T21:30:57.256,65535,0,2,50,0,0,0,0,0,0,0x0b
2026-09-06T21:30:57.322,65535,0,2,50,0,0,0,0,0,0,0x0b
2026-09-06T21:30:57.387,65535,0,2,52,0,0,0,0,0,0,0x0b
2026-09-06T21:30:57.451,65535,0,2,52,0,0,0,0,0,0,0x0b
2026-09-06T21:30:57.516,65535,0,2,50,0,0,0,0,0,0,0x0b
2026-09-06T21:30:57.581,65535,0,2,51,0,0,0,0,0,0,0x0b
2026-09-06T21:30:57.646,65535,0,2,52,0,0,0,0,0,0,0x0b
2026-09-06T21:30:57.711,65535,0,2,50,0,0,0,0,0,0,0x0b
2026-09-06T21:30:57.792,65535,0,2,50,0,0,0,0,0,0,0x0b
2026-09-06T21:30:57.857,65535,0,2,52,0,0,0,0,0,0,0x0b
2026-09-06T21:30:57.922,65535,0,2,51,0,0,0,0,0,0,0x0b
2026-09-06T21:30:57.987,65535,0,2,50,0,0,0,0,0,0,0x0b
2026-09-06T21:30:58.052,65535,0,2,51,0,0,0,0,0,0,0x0b
2026-09-06T21:30:58.117,65535,0,2,51,0,0,0,0,0,0,0x0b
2026-09-06T21:30:58.182,65535,0,2,51,0,0,0,0,0,0,0x0b
2026-09-06T21:30:58.247,65535,0,2,51,0,0,0,0,0,0,0x0b
2026-09-06T21:30:58.328,65535,0,2,51,0,0,0,0,0,0,0x0b
2026-09-06T21:30:58.394,65535,0,2,52,0,0,0,0,0,0,0x0b
2026-09-06T21:30:58.459,65535,0,2,52,0,0,0,0,0,0,0x0b
2026-09-06T21:30:58.524,65535,0,2,54,0,0,0,0,0,0,0x0b
2026-09-06T21:30:58.589,65535,0,2,52,0,0,0,0,0,0,0x0b
2026-09-06T21:30:58.653,65535,0,2,50,0,0,0,0,0,0,0x0b
2026-09-06T21:30:58.719,65535,0,2,50,0,0,0,0,0,0,0x0b
2026-09-06T21:30:58.783,65535,0,2,51,0,0,0,0,0,0,0x0b
2026-09-06T21:30:58.864,65535,0,2,52,0,0,0,0,0,0,0x0b
2026-09-06T21:30:58.913,65535,0,2,52,0,0,0,0,0,0,0x0b
2026-09-06T21:30:58.995,65535,0,2,52,0,0,0,0,0,0,0x0b
2026-09-06T21:30:59.060,65535,0,2,50,0,0,0,0,0,0,0x0b
2026-09-06T21:30:59.125,65535,0,2,50,0,0,0,0,0,0,0x0b
2026-09-06T21:30:59.190,65535,0,2,52,0,0,0,0,0,0,0x0b
2026-09-06T21:30:59.256,65535,0,2,52,0,0,0,0,0,0,0x0b
2026-09-06T21:30:59.320,65535,0,2,51,0,0,0,0,0,0,0x0b
2026-09-06T21:30:59.401,65535,0,2,50,0,0,0,0,0,0,0x0b
2026-09-06T21:30:59.450,65535,0,2,52,0,0,0,0,0,0,0x0b
2026-09-06T21:30:59.531,65535,0,2,50,0,0,0,0,0,0,0x0b
2026-09-06T21:30:59.596,65535,0,2,52,0,0,0,0,0,0,0x0b
2026-09-06T21:30:59.661,65535,0,2,51,0,0,0,0,0,0,0x0b
2026-09-06T21:30:59.726,65535,0,2,52,0,0,0,0,0,0,0x0b
2026-09-06T21:30:59.791,65535,0,2,50,0,0,0,0,0,0,0x0b
2026-09-06T21:30:59.857,65535,0,2,52,0,0,0,0,0,0,0x0b
2026-09-06T21:30:59.922,65535,0,2,50,0,0,0,0,0,0,0x0b
2026-09-06T21:30:59.987,65535,0,2,51,0,0,0,0,0,0,0x0b
2026-09-06T21:31:00.069,65535,0,2,51,0,0,0,0,0,0,0x0b
2026-09-06T21:31:00.133,65535,0,2,50,0,0,0,0,0,0,0x0b
2026-09-06T21:31:00.199,65535,0,2,50,0,0,0,0,0,0,0x0b
2026-09-06T21:31:00.265,65535,0,2,52,0,0,0,0,0,0,0x0b
2026-09-06T21:31:00.330,65535,0,2,52,0,0,0,0,0,0,0x0b
2026-09-06T21:31:00.395,65535,0,2,50,0,0,0,0,0,0,0x0b
2026-09-06T21:31:00.460,65535,0,2,50,0,0,0,0,0,0,0x0b
2026-09-06T21:31:00.525,65535,0,2,50,0,0,0,0,0,0,0x0b
2026-09-06T21:31:00.590,65535,0,2,50,0,0,0,0,0,0,0x0b
2026-09-06T21:31:00.672,65535,0,2,51,0,0,0,0,0,0,0x0b
2026-09-06T21:31:00.721,65535,0,2,53,0,0,0,0,0,0,0x0b
2026-09-06T21:31:00.803,65535,0,2,51,0,0,0,0,0,0,0x0b
2026-09-06T21:31:00.868,65535,0,2,51,0,0,0,0,0,0,0x0b
2026-09-06T21:31:00.933,65535,0,2,51,0,0,0,0,0,0,0x0b
2026-09-06T21:31:00.999,65535,0,2,51,0,0,0,0,0,0,0x0b
2026-09-06T21:31:01.063,65535,0,2,52,0,0,0,0,0,0,0x0b
2026-09-06T21:31:01.129,65535,0,2,53,0,0,0,0,0,0,0x0b
2026-09-06T21:31:01.194,65535,0,2,52,0,0,0,0,0,0,0x0b
2026-09-06T21:31:01.259,65535,0,2,51,0,0,0,0,0,0,0x0b
2026-09-06T21:31:01.341,65535,0,2,51,0,0,0,0,0,0,0x0b
2026-09-06T21:31:01.406,65535,0,2,50,0,0,0,0,0,0,0x0b
2026-09-06T21:31:01.471,65535,0,2,51,0,0,0,0,0,0,0x0b
2026-09-06T21:31:01.537,65535,0,2,52,0,0,0,0,0,0,0x0b
2026-09-06T21:31:01.602,65535,0,2,51,0,0,0,0,0,0,0x0b
2026-09-06T21:31:01.667,65535,0,2,50,0,0,0,0,0,0,0x0b
2026-09-06T21:31:01.732,65535,0,2,51,0,0,0,0,0,0,0x0b
2026-09-06T21:31:01.798,65535,0,2,52,0,0,0,0,0,0,0x0b
2026-09-06T21:31:01.862,65535,0,2,50,0,0,0,0,0,0,0x0b
2026-09-06T21:31:01.944,65535,0,2,50,0,0,0,0,0,0,0x0b
2026-09-06T21:31:02.008,65535,0,2,52,0,0,0,0,0,0,0x0b
2026-09-06T21:31:02.073,65535,0,2,51,0,0,0,0,0,0,0x0b
2026-09-06T21:31:02.137,65535,0,2,51,0,0,0,0,0,0,0x0b
2026-09-06T21:31:02.203,65535,0,2,50,0,0,0,0,0,0,0x0b
2026-09-06T21:31:02.268,65535,0,2,52,0,0,0,0,0,0,0x0b
2026-09-06T21:31:02.333,65535,0,2,51,0,0,0,0,0,0,0x0b
2026-09-06T21:31:02.397,65535,0,2,52,0,0,0,0,0,0,0x0b
2026-09-06T21:31:02.479,65535,0,2,50,0,0,0,0,0,0,0x0b
2026-09-06T21:31:02.544,65535,0,2,52,0,0,0,0,0,0,0x0b
2026-09-06T21:31:02.610,65535,0,2,50,0,0,0,0,0,0,0x0b
2026-09-06T21:31:02.675,65535,0,2,51,0,0,0,0,0,0,0x0b
2026-09-06T21:31:02.740,65535,0,2,51,0,0,0,0,0,0,0x0b
2026-09-06T21:31:02.806,65535,0,2,51,0,0,0,0,0,0,0x0b
2026-09-06T21:31:02.873,65535,0,2,51,0,0,0,0,0,0,0x0b
2026-09-06T21:31:02.938,65535,0,2,52,0,0,0,0,0,0,0x0b
2026-09-06T21:31:03.005,65535,0,2,51,0,0,0,0,0,0,0x0b
2026-09-06T21:31:03.070,65535,0,2,50,0,0,0,0,0,0,0x0b
2026-09-06T21:31:03.135,65535,0,2,50,0,0,0,0,0,0,0x0b
2026-09-06T21:31:03.201,65535,0,2,50,0,0,0,0,0,0,0x0b
2026-09-06T21:31:03.282,65535,0,2,51,0,0,0,0,0,0,0x0b
2026-09-06T21:31:03.347,65535,0,2,51,0,0,0,0,0,0,0x0b
2026-09-06T21:31:03.412,65535,0,2,50,0,0,0,0,0,0,0x0b
2026-09-06T21:31:03.477,65535,0,2,51,0,0,0,0,0,0,0x0b
2026-09-06T21:31:03.542,65535,0,2,52,0,0,0,0,0,0,0x0b
2026-09-06T21:31:03.607,65535,0,2,50,0,0,0,0,0,0,0x0b
2026-09-06T21:31:03.672,65535,0,2,50,0,0,0,0,0,0,0x0b
2026-09-06T21:31:03.737,65535,0,2,51,0,0,0,0,0,0,0x0b
2026-09-06T21:31:03.818,65535,0,2,50,0,0,0,0,0,0,0x0b
2026-09-06T21:31:03.884,65535,0,2,50,0,0,0,0,0,0,0x0b
2026-09-06T21:31:03.950,65535,0,2,51,0,0,0,0,0,0,0x0b
2026-09-06T21:31:04.014,65535,0,2,50,0,0,0,0,0,0,0x0b
2026-09-06T21:31:04.079,65535,0,2,51,0,0,0,0,0,0,0x0b
2026-09-06T21:31:04.144,65535,0,2,51,0,0,0,0,0,0,0x0b
2026-09-06T21:31:04.209,65535,0,2,50,0,0,0,0,0,0,0x0b
2026-09-06T21:31:04.273,65535,0,2,50,0,0,0,0,0,0,0x0b
2026-09-06T21:31:04.338,65535,0,2,50,0,0,0,0,0,0,0x0b
2026-09-06T21:31:04.420,65535,0,2,50,0,0,0,0,0,0,0x0b
2026-09-06T21:31:04.485,65535,0,2,51,0,0,0,0,0,0,0x0b
2026-09-06T21:31:04.550,65535,0,2,52,0,0,0,0,0,0,0x0b
2026-09-06T21:31:04.616,65535,0,2,52,0,0,0,0,0,0,0x0b
2026-09-06T21:31:04.681,65535,0,2,52,0,0,0,0,0,0,0x0b
2026-09-06T21:31:04.746,65535,0,2,51,0,0,0,0,0,0,0x0b
2026-09-06T21:31:04.811,65535,0,2,51,0,0,0,0,0,0,0x0b
2026-09-06T21:31:04.876,65535,0,2,51,0,0,0,0,0,0,0x0b
2026-09-06T21:31:04.941,65535,0,2,52,0,0,0,0,0,0,0x0b
2026-09-06T21:31:05.022,65535,0,2,50,0,0,0,0,0,0,0x0b
2026-09-06T21:31:05.088,65535,0,2,51,0,0,0,0,0,0,0x0b
2026-09-06T21:31:05.153,65535,0,2,51,0,0,0,0,0,0,0x0b
2026-09-06T21:31:05.218,65535,0,2,52,0,0,0,0,0,0,0x0b
2026-09-06T21:31:05.283,65535,0,2,51,0,0,0,0,0,0,0x0b
2026-09-06T21:31:05.348,65535,0,2,51,0,0,0,0,0,0,0x0b
2026-09-06T21:31:05.413,65535,0,2,51,0,0,0,0,0,0,0x0b
2026-09-06T21:31:05.479,65535,0,2,52,0,0,0,0,0,0,0x0b
2026-09-06T21:31:05.560,65535,0,2,50,0,0,0,0,0,0,0x0b
2026-09-06T21:31:05.609,65535,0,2,52,0,0,0,0,0,0,0x0b
2026-09-06T21:31:05.691,65535,0,2,50,0,0,0,0,0,0,0x0b
2026-09-06T21:31:05.755,65535,0,2,50,0,0,0,0,0,0,0x0b
2026-09-06T21:31:05.820,65535,0,2,51,0,0,0,0,0,0,0x0b
2026-09-06T21:31:05.885,65535,0,2,51,0,0,0,0,0,0,0x0b
2026-09-06T21:31:05.950,65535,0,2,51,0,0,0,0,0,0,0x0b
2026-09-06T21:31:06.015,65535,0,2,51,0,0,0,0,0,0,0x0b
2026-09-06T21:31:06.096,65535,0,2,50,0,0,0,0,0,0,0x0b
2026-09-06T21:31:06.146,65535,0,2,50,0,0,0,0,0,0,0x0b
2026-09-06T21:31:06.226,65535,0,2,51,0,0,0,0,0,0,0x0b
2026-09-06T21:31:06.292,65535,0,2,52,0,0,0,0,0,0,0x0b
2026-09-06T21:31:06.357,65535,0,2,52,0,0,0,0,0,0,0x0b
2026-09-06T21:31:06.422,65535,0,2,50,0,0,0,0,0,0,0x0b
2026-09-06T21:31:06.487,65535,0,2,50,0,0,0,0,0,0,0x0b
2026-09-06T21:31:06.551,65535,0,2,51,0,0,0,0,0,0,0x0b
2026-09-06T21:31:06.632,65535,0,2,51,0,0,0,0,0,0,0x0b
2026-09-06T21:31:06.682,65535,0,2,52,0,0,0,0,0,0,0x0b
2026-09-06T21:31:06.763,65535,0,2,50,0,0,0,0,0,0,0x0b
2026-09-06T21:31:06.828,65535,0,2,52,0,0,0,0,0,0,0x0b
2026-09-06T21:31:06.893,65535,0,2,51,0,0,0,0,0,0,0x0b
2026-09-06T21:31:06.959,65535,0,2,51,0,0,0,0,0,0,0x0b
2026-09-06T21:31:07.024,65535,0,2,50,0,0,0,0,0,0,0x0b
2026-09-06T21:31:07.089,65535,0,2,52,0,0,0,0,0,0,0x0b
2026-09-06T21:31:07.154,65535,0,2,50,0,0,0,0,0,0,0x0b
2026-09-06T21:31:07.220,65535,0,2,52,0,0,0,0,0,0,0x0b
2026-09-06T21:31:07.285,65535,0,2,50,0,0,0,0,0,0,0x0b
2026-09-06T21:31:07.367,65535,0,2,51,0,0,0,0,0,0,0x0b
2026-09-06T21:31:07.432,65535,0,2,50,0,0,0,0,0,0,0x0b
2026-09-06T21:31:07.497,65535,0,2,51,0,0,0,0,0,0,0x0b
2026-09-06T21:31:07.562,65535,0,2,50,0,0,0,0,0,0,0x0b
2026-09-06T21:31:07.627,65535,0,2,52,0,0,0,0,0,0,0x0b
2026-09-06T21:31:07.692,65535,0,2,51,0,0,0,0,0,0,0x0b
2026-09-06T21:31:07.757,65535,0,2,50,0,0,0,0,0,0,0x0b
2026-09-06T21:31:07.822,65535,0,2,51,0,0,0,0,0,0,0x0b
2026-09-06T21:31:07.904,65535,0,2,50,0,0,0,0,0,0,0x0b
2026-09-06T21:31:07.968,65535,0,2,50,0,0,0,0,0,0,0x0b
2026-09-06T21:31:08.033,65535,0,2,51,0,0,0,0,0,0,0x0b
2026-09-06T21:31:08.098,65535,0,2,50,0,0,0,0,0,0,0x0b
2026-09-06T21:31:08.163,65535,0,2,51,0,0,0,0,0,0,0x0b
2026-09-06T21:31:08.228,65535,0,2,50,0,0,0,0,0,0,0x0b
2026-09-06T21:31:08.293,65535,0,2,51,0,0,0,0,0,0,0x0b
2026-09-06T21:31:08.359,65535,0,2,50,0,0,0,0,0,0,0x0b
2026-09-06T21:31:08.439,65535,0,2,50,0,0,0,0,0,0,0x0b
2026-09-06T21:31:08.504,65535,0,2,51,0,0,0,0,0,0,0x0b
2026-09-06T21:31:08.569,65535,0,2,51,0,0,0,0,0,0,0x0b
2026-09-06T21:31:08.635,65535,0,2,50,0,0,0,0,0,0,0x0b
2026-09-06T21:31:08.699,65535,0,2,50,0,0,0,0,0,0,0x0b
2026-09-06T21:31:08.764,65535,0,2,50,0,0,0,0,0,0,0x0b
2026-09-06T21:31:08.830,65535,0,2,50,0,0,0,0,0,0,0x0b
2026-09-06T21:31:08.894,65535,0,2,51,0,0,0,0,0,0,0x0b
2026-09-06T21:31:08.959,65535,0,2,52,0,0,0,0,0,0,0x0b
2026-09-06T21:31:09.040,65535,0,2,51,0,0,0,0,0,0,0x0b
2026-09-06T21:31:09.106,65535,0,2,52,0,0,0,0,0,0,0x0b
2026-09-06T21:31:09.171,65535,0,2,52,0,0,0,0,0,0,0x0b
2026-09-06T21:31:09.236,65535,0,2,51,0,0,0,0,0,0,0x0b
2026-09-06T21:31:09.302,65535,0,2,50,0,0,0,0,0,0,0x0b
2026-09-06T21:31:09.366,65535,0,2,51,0,0,0,0,0,0,0x0b
2026-09-06T21:31:09.431,65535,0,2,51,0,0,0,0,0,0,0x0b
2026-09-06T21:31:09.496,65535,0,2,50,0,0,0,0,0,0,0x0b
2026-09-06T21:31:09.561,65535,0,2,52,0,0,0,0,0,0,0x0b
2026-09-06T21:31:09.643,65535,0,2,50,0,0,0,0,0,0,0x0b
2026-09-06T21:31:09.708,65535,0,2,50,0,0,0,0,0,0,0x0b
2026-09-06T21:31:09.773,65535,0,2,51,0,0,0,0,0,0,0x0b
2026-09-06T21:31:09.838,65535,0,2,51,0,0,0,0,0,0,0x0b
2026-09-06T21:31:09.903,65535,0,2,51,0,0,0,0,0,0,0x0b
2026-09-06T21:31:09.968,65535,0,2,50,0,0,0,0,0,0,0x0b
2026-09-06T21:31:10.033,65535,0,2,52,0,0,0,0,0,0,0x0b
2026-09-06T21:31:10.098,65535,0,2,50,0,0,0,0,0,0,0x0b
2026-09-06T21:31:10.179,65535,0,2,51,0,0,0,0,0,0,0x0b
2026-09-06T21:31:10.245,65535,0,2,51,0,0,0,0,0,0,0x0b
2026-09-06T21:31:10.309,65535,0,2,51,0,0,0,0,0,0,0x0b
2026-09-06T21:31:10.375,65535,0,2,52,0,0,0,0,0,0,0x0b
2026-09-06T21:31:10.439,65535,0,2,50,0,0,0,0,0,0,0x0b
2026-09-06T21:31:10.504,65535,0,2,50,0,0,0,0,0,0,0x0b
2026-09-06T21:31:10.569,65535,0,2,51,0,0,0,0,0,0,0x0b
2026-09-06T21:31:10.635,65535,0,2,51,0,0,0,0,0,0,0x0b
2026-09-06T21:31:10.700,65535,0,2,51,0,0,0,0,0,0,0x0b
2026-09-06T21:31:10.765,65535,0,2,50,0,0,0,0,0,0,0x0b
2026-09-06T21:31:10.846,65535,0,2,51,0,0,0,0,0,0,0x0b
2026-09-06T21:31:10.911,65535,0,2,50,0,0,0,0,0,0,0x0b
2026-09-06T21:31:10.976,65535,0,2,51,0,0,0,0,0,0,0x0b
2026-09-06T21:31:11.042,65535,0,2,50,0,0,0,0,0,0,0x0b
2026-09-06T21:31:11.106,65535,0,2,53,0,0,0,0,0,0,0x0b
2026-09-06T21:31:11.171,65535,0,2,50,0,0,0,0,0,0,0x0b
2026-09-06T21:31:11.252,65535,0,2,50,0,0,0,0,0,0,0x0b
2026-09-06T21:31:11.301,65535,0,2,51,0,0,0,0,0,0,0x0b
2026-09-06T21:31:11.383,65535,0,2,52,0,0,0,0,0,0,0x0b
2026-09-06T21:31:11.447,65535,0,2,51,0,0,0,0,0,0,0x0b
2026-09-06T21:31:11.513,65535,0,2,51,0,0,0,0,0,0,0x0b
2026-09-06T21:31:11.577,65535,0,2,51,0,0,0,0,0,0,0x0b
2026-09-06T21:31:11.643,65535,0,2,50,0,0,0,0,0,0,0x0b
2026-09-06T21:31:11.708,65535,0,2,52,0,0,0,0,0,0,0x0b
2026-09-06T21:31:11.772,65535,0,2,53,0,0,0,0,0,0,0x0b
2026-09-06T21:31:11.838,65535,0,2,51,0,0,0,0,0,0,0x0b
2026-09-06T21:31:11.918,65535,0,2,52,0,0,0,0,0,0,0x0b
2026-09-06T21:31:11.984,65535,0,2,51,0,0,0,0,0,0,0x0b
2026-09-06T21:31:12.049,65535,0,2,51,0,0,0,0,0,0,0x0b
2026-09-06T21:31:12.115,65535,0,2,51,0,0,0,0,0,0,0x0b
2026-09-06T21:31:12.180,65535,0,2,50,0,0,0,0,0,0,0x0b
2026-09-06T21:31:12.246,65535,0,2,50,0,0,0,0,0,0,0x0b
2026-09-06T21:31:12.311,65535,0,2,52,0,0,0,0,0,0,0x0b
2026-09-06T21:31:12.376,65535,0,2,52,0,0,0,0,0,0,0x0b
2026-09-06T21:31:12.441,65535,0,2,52,0,0,0,0,0,0,0x0b
2026-09-06T21:31:12.522,65535,0,2,51,0,0,0,0,0,0,0x0b
2026-09-06T21:31:12.587,65535,0,2,51,0,0,0,0,0,0,0x0b
2026-09-06T21:31:12.652,65535,0,2,51,0,0,0,0,0,0,0x0b
2026-09-06T21:31:12.718,65535,0,2,50,0,0,0,0,0,0,0x0b
2026-09-06T21:31:12.783,65535,0,2,51,0,0,0,0,0,0,0x0b
2026-09-06T21:31:12.848,65535,0,2,51,0,0,0,0,0,0,0x0b
2026-09-06T21:31:12.914,65535,0,2,50,0,0,0,0,0,0,0x0b
2026-09-06T21:31:12.979,65535,0,2,50,0,0,0,0,0,0,0x0b
2026-09-06T21:31:13.059,65535,0,2,51,0,0,0,0,0,0,0x0b
2026-09-06T21:31:13.109,65535,0,2,51,0,0,0,0,0,0,0x0b
2026-09-06T21:31:13.190,65535,0,2,51,0,0,0,0,0,0,0x0b
2026-09-06T21:31:13.254,65535,0,2,50,0,0,0,0,0,0,0x0b
2026-09-06T21:31:13.319,65535,0,2,50,0,0,0,0,0,0,0x0b
2026-09-06T21:31:13.385,65535,0,2,50,0,0,0,0,0,0,0x0b
2026-09-06T21:31:13.449,65535,0,2,52,0,0,0,0,0,0,0x0b
2026-09-06T21:31:13.513,65535,0,2,50,0,0,0,0,0,0,0x0b
2026-09-06T21:31:13.594,65535,0,2,51,0,0,0,0,0,0,0x0b
2026-09-06T21:31:13.644,65535,0,2,52,0,0,0,0,0,0,0x0b
2026-09-06T21:31:13.725,65535,0,2,51,0,0,0,0,0,0,0x0b
2026-09-06T21:31:13.790,65535,0,2,51,0,0,0,0,0,0,0x0b
2026-09-06T21:31:13.855,65535,0,2,52,0,0,0,0,0,0,0x0b
2026-09-06T21:31:13.921,65535,0,2,51,0,0,0,0,0,0,0x0b
2026-09-06T21:31:13.986,65535,0,2,50,0,0,0,0,0,0,0x0b
2026-09-06T21:31:14.051,65535,0,2,50,0,0,0,0,0,0,0x0b
2026-09-06T21:31:14.116,65535,0,2,53,0,0,0,0,0,0,0x0b
2026-09-06T21:31:14.181,65535,0,2,50,0,0,0,0,0,0,0x0b
2026-09-06T21:31:14.263,65535,0,2,51,0,0,0,0,0,0,0x0b
2026-09-06T21:31:14.328,65535,0,2,51,0,0,0,0,0,0,0x0b
2026-09-06T21:31:14.393,65535,0,2,50,0,0,0,0,0,0,0x0b
2026-09-06T21:31:14.459,65535,0,2,51,0,0,0,0,0,0,0x0b
2026-09-06T21:31:14.524,65535,0,2,51,0,0,0,0,0,0,0x0b
2026-09-06T21:31:14.589,65535,0,2,52,0,0,0,0,0,0,0x0b
2026-09-06T21:31:14.654,65535,0,2,52,0,0,0,0,0,0,0x0b
2026-09-06T21:31:14.719,65535,0,2,52,0,0,0,0,0,0,0x0b
2026-09-06T21:31:14.784,65535,0,2,50,0,0,0,0,0,0,0x0b
2026-09-06T21:31:14.866,65535,0,2,51,0,0,0,0,0,0,0x0b
2026-09-06T21:31:14.930,65535,0,2,51,0,0,0,0,0,0,0x0b
2026-09-06T21:31:14.995,65535,0,2,51,0,0,0,0,0,0,0x0b
2026-09-06T21:31:15.060,65535,0,2,50,0,0,0,0,0,0,0x0b
2026-09-06T21:31:15.125,65535,0,2,51,0,0,0,0,0,0,0x0b
2026-09-06T21:31:15.190,65535,0,2,50,0,0,0,0,0,0,0x0b
2026-09-06T21:31:15.255,65535,0,2,50,0,0,0,0,0,0,0x0b
2026-09-06T21:31:15.321,65535,0,2,50,0,0,0,0,0,0,0x0b
2026-09-06T21:31:15.403,65535,0,2,52,0,0,0,0,0,0,0x0b
2026-09-06T21:31:15.452,65535,0,2,51,0,0,0,0,0,0,0x0b
2026-09-06T21:31:15.533,65535,0,2,51,0,0,0,0,0,0,0x0b
2026-09-06T21:31:15.598,65535,0,2,50,0,0,0,0,0,0,0x0b
2026-09-06T21:31:15.663,65535,0,2,50,0,0,0,0,0,0,0x0b
2026-09-06T21:31:15.728,65535,0,2,50,0,0,0,0,0,0,0x0b
2026-09-06T21:31:15.793,65535,0,2,53,0,0,0,0,0,0,0x0b
2026-09-06T21:31:15.858,65535,0,2,51,0,0,0,0,0,0,0x0b
2026-09-06T21:31:15.923,65535,0,2,51,0,0,0,0,0,0,0x0b
2026-09-06T21:31:15.988,65535,0,2,51,0,0,0,0,0,0,0x0b
2026-09-06T21:31:16.069,65535,0,2,52,0,0,0,0,0,0,0x0b
2026-09-06T21:31:16.134,65535,0,2,52,0,0,0,0,0,0,0x0b
2026-09-06T21:31:16.199,65535,0,2,52,0,0,0,0,0,0,0x0b
2026-09-06T21:31:16.265,65535,0,2,50,0,0,0,0,0,0,0x0b
2026-09-06T21:31:16.329,65535,0,2,50,0,0,0,0,0,0,0x0b
2026-09-06T21:31:16.394,65535,0,2,50,0,0,0,0,0,0,0x0b
2026-09-06T21:31:16.459,65535,0,2,52,0,0,0,0,0,0,0x0b
2026-09-06T21:31:16.540,65535,0,2,50,0,0,0,0,0,0,0x0b
2026-09-06T21:31:16.604,65535,0,2,51,0,0,0,0,0,0,0x0b
2026-09-06T21:31:16.669,65535,0,2,51,0,0,0,0,0,0,0x0b
2026-09-06T21:31:16.734,65535,0,2,50,0,0,0,0,0,0,0x0b
2026-09-06T21:31:16.800,65535,0,2,52,0,0,0,0,0,0,0x0b
2026-09-06T21:31:16.865,65535,0,2,52,0,0,0,0,0,0,0x0b
2026-09-06T21:31:16.930,65535,0,2,51,0,0,0,0,0,0,0x0b
2026-09-06T21:31:16.995,65535,0,2,50,0,0,0,0,0,0,0x0b
2026-09-06T21:31:17.076,65535,0,2,51,0,0,0,0,0,0,0x0b
2026-09-06T21:31:17.141,65535,0,2,52,0,0,0,0,0,0,0x0b
2026-09-06T21:31:17.206,65535,0,2,50,0,0,0,0,0,0,0x0b
2026-09-06T21:31:17.271,65535,0,2,50,0,0,0,0,0,0,0x0b
2026-09-06T21:31:17.335,65535,0,2,51,0,0,0,0,0,0,0x0b
2026-09-06T21:31:17.400,65535,0,2,52,0,0,0,0,0,0,0x0b
2026-09-06T21:31:17.465,65535,0,2,51,0,0,0,0,0,0,0x0b
2026-09-06T21:31:17.531,65535,0,2,51,0,0,0,0,0,0,0x0b
2026-09-06T21:31:17.612,65535,0,2,51,0,0,0,0,0,0,0x0b
2026-09-06T21:31:17.677,65535,0,2,51,0,0,0,0,0,0,0x0b
2026-09-06T21:31:17.742,65535,0,2,51,0,0,0,0,0,0,0x0b
2026-09-06T21:31:17.807,65535,0,2,52,0,0,0,0,0,0,0x0b
2026-09-06T21:31:17.872,65535,0,2,51,0,0,0,0,0,0,0x0b
2026-09-06T21:31:17.937,65535,0,2,51,0,0,0,0,0,0,0x0b
2026-09-06T21:31:18.002,65535,0,2,51,0,0,0,0,0,0,0x0b
2026-09-06T21:31:18.067,65535,0,2,51,0,0,0,0,0,0,0x0b
2026-09-06T21:31:18.132,65535,0,2,51,0,0,0,0,0,0,0x0b
2026-09-06T21:31:18.214,65535,0,2,53,0,0,0,0,0,0,0x0b
2026-09-06T21:31:18.279,65535,0,2,50,0,0,0,0,0,0,0x0b
2026-09-06T21:31:18.344,65535,0,2,50,0,0,0,0,0,0,0x0b
2026-09-06T21:31:18.409,65535,0,2,51,0,0,0,0,0,0,0x0b
2026-09-06T21:31:18.474,65535,0,2,50,0,0,0,0,0,0,0x0b
2026-09-06T21:31:18.539,65535,0,2,50,0,0,0,0,0,0,0x0b
2026-09-06T21:31:18.604,65535,0,2,53,0,0,0,0,0,0,0x0b
2026-09-06T21:31:18.670,65535,0,2,51,0,0,0,0,0,0,0x0b
2026-09-06T21:31:18.736,65535,0,2,51,0,0,0,0,0,0,0x0b
2026-09-06T21:31:18.800,65535,0,2,51,0,0,0,0,0,0,0x0b
2026-09-06T21:31:18.881,65535,0,2,51,0,0,0,0,0,0,0x0b
2026-09-06T21:31:18.947,65535,0,2,51,0,0,0,0,0,0,0x0b
2026-09-06T21:31:19.012,65535,0,2,50,0,0,0,0,0,0,0x0b
2026-09-06T21:31:19.077,65535,0,2,51,0,0,0,0,0,0,0x0b
2026-09-06T21:31:19.142,65535,0,2,52,0,0,0,0,0,0,0x0b
2026-09-06T21:31:19.207,65535,0,2,50,0,0,0,0,0,0,0x0b
2026-09-06T21:31:19.272,65535,0,2,51,0,0,0,0,0,0,0x0b
2026-09-06T21:31:19.337,65535,0,2,50,0,0,0,0,0,0,0x0b
2026-09-06T21:31:19.418,65535,0,2,51,0,0,0,0,0,0,0x0b
2026-09-06T21:31:19.483,65535,0,2,51,0,0,0,0,0,0,0x0b
2026-09-06T21:31:19.548,65535,0,2,51,0,0,0,0,0,0,0x0b
2026-09-06T21:31:19.614,65535,0,2,51,0,0,0,0,0,0,0x0b
2026-09-06T21:31:19.679,65535,0,2,50,0,0,0,0,0,0,0x0b
2026-09-06T21:31:19.744,65535,0,2,51,0,0,0,0,0,0,0x0b
2026-09-06T21:31:19.810,65535,0,2,51,0,0,0,0,0,0,0x0b
2026-09-06T21:31:19.875,65535,0,2,52,0,0,0,0,0,0,0x0b
2026-09-06T21:31:19.940,65535,0,2,50,0,0,0,0,0,0,0x0b
2026-09-06T21:31:20.021,65535,0,2,52,0,0,0,0,0,0,0x0b
2026-09-06T21:31:20.087,65535,0,2,51,0,0,0,0,0,0,0x0b
2026-09-06T21:31:20.152,65535,0,2,50,0,0,0,0,0,0,0x0b
2026-09-06T21:31:20.217,65535,0,2,51,0,0,0,0,0,0,0x0b
2026-09-06T21:31:20.282,65535,0,2,54,0,0,0,0,0,0,0x0b
2026-09-06T21:31:20.347,65535,0,2,50,0,0,0,0,0,0,0x0b
2026-09-06T21:31:20.412,65535,0,2,51,0,0,0,0,0,0,0x0b
2026-09-06T21:31:20.478,65535,0,2,51,0,0,0,0,0,0,0x0b
2026-09-06T21:31:20.559,65535,0,2,50,0,0,0,0,0,0,0x0b
2026-09-06T21:31:20.624,65535,0,2,50,0,0,0,0,0,0,0x0b
2026-09-06T21:31:20.688,65535,0,2,51,0,0,0,0,0,0,0x0b
2026-09-06T21:31:20.753,65535,0,2,51,0,0,0,0,0,0,0x0b
2026-09-06T21:31:20.818,65535,0,2,52,0,0,0,0,0,0,0x0b
2026-09-06T21:31:20.883,65535,0,2,52,0,0,0,0,0,0,0x0b
2026-09-06T21:31:20.949,65535,0,2,50,0,0,0,0,0,0,0x0b
2026-09-06T21:31:21.014,65535,0,2,51,0,0,0,0,0,0,0x0b
2026-09-06T21:31:21.079,65535,0,2,52,0,0,0,0,0,0,0x0b
2026-09-06T21:31:21.144,65535,0,2,50,0,0,0,0,0,0,0x0b
2026-09-06T21:31:21.225,65535,0,2,50,0,0,0,0,0,0,0x0b
2026-09-06T21:31:21.289,65535,0,2,50,0,0,0,0,0,0,0x0b
2026-09-06T21:31:21.354,65535,0,2,50,0,0,0,0,0,0,0x0b
2026-09-06T21:31:21.419,65535,0,2,51,0,0,0,0,0,0,0x0b
2026-09-06T21:31:21.484,65535,0,2,51,0,0,0,0,0,0,0x0b
2026-09-06T21:31:21.549,65535,0,2,50,0,0,0,0,0,0,0x0b
2026-09-06T21:31:21.614,65535,0,2,51,0,0,0,0,0,0,0x0b
2026-09-06T21:31:21.695,65535,0,2,51,0,0,0,0,0,0,0x0b
2026-09-06T21:31:21.760,65535,0,2,51,0,0,0,0,0,0,0x0b
2026-09-06T21:31:21.825,65535,0,2,51,0,0,0,0,0,0,0x0b
2026-09-06T21:31:21.890,65535,0,2,51,0,0,0,0,0,0,0x0b
2026-09-06T21:31:21.954,65535,0,2,52,0,0,0,0,0,0,0x0b
2026-09-06T21:31:22.020,65535,0,2,50,0,0,0,0,0,0,0x0b
2026-09-06T21:31:22.085,65535,0,2,50,0,0,0,0,0,0,0x0b
2026-09-06T21:31:22.150,65535,0,2,50,0,0,0,0,0,0,0x0b
2026-09-06T21:31:22.216,65535,0,2,52,0,0,0,0,0,0,0x0b
2026-09-06T21:31:22.265,65535,0,2,50,0,0,0,0,0,0,0x0b
