timestamp,sequence,team,robot_id,interval_ms,left_target_eps,left_measured_eps,left_duty,right_target_eps,right_measured_eps,right_duty,flags
2026-09-06T15:09:00.437-03:00,65535,255,0,0,0,0,0,0,0,0,0x03
2026-09-06T15:09:00.455-03:00,13,0,0,50,0,0,30741,0,0,31098,0x07
2026-09-06T15:09:00.494-03:00,14,0,0,57,3374,421,40000,3500,316,40000,0x07
2026-09-06T15:09:00.514-03:00,15,0,0,57,3374,421,40000,3500,316,40000,0x07
2026-09-06T15:09:00.532-03:00,15,0,0,57,3374,421,40000,3500,316,40000,0x07
2026-09-06T15:09:00.613-03:00,15,0,0,89,3374,2472,34575,3500,2247,36422,0x07
2026-09-06T15:09:00.693-03:00,15,0,0,92,3374,3163,31638,3500,2880,33731,0x07
2026-09-06T15:09:00.753-03:00,15,0,0,62,3374,2661,33770,3500,2645,34731,0x07
2026-09-06T15:09:00.816-03:00,15,0,0,58,3374,2655,33796,3500,2759,34249,0x07
2026-09-06T15:09:00.875-03:00,15,0,0,58,3374,2621,33943,3500,2500,35348,0x07
2026-09-06T15:09:00.933-03:00,15,0,0,64,3374,2891,32795,3500,2812,34020,0x07
2026-09-06T15:09:00.992-03:00,15,0,0,59,3374,2746,33411,3500,2847,33871,0x07
2026-09-06T15:09:01.054-03:00,15,0,0,58,3374,2759,33356,3500,2741,34322,0x07
2026-09-06T15:09:01.175-03:00,15,0,0,58,3374,2741,33430,3500,2741,34322,0x07
2026-09-06T15:09:01.194-03:00,17,0,0,67,3374,2687,33663,3500,2537,35189,0x07
2026-09-06T15:09:01.255-03:00,20,0,0,74,3374,2770,33307,3500,2919,33568,0x07
2026-09-06T15:09:01.314-03:00,23,0,0,69,3374,2783,33254,3500,2522,35256,0x07
2026-09-06T15:09:01.393-03:00,26,0,0,74,3374,2865,32905,3500,2689,34544,0x07
2026-09-06T15:09:01.534-03:00,29,0,0,68,3374,2750,33393,3500,2676,34598,0x07
2026-09-06T15:09:01.534-03:00,32,0,0,70,3374,2686,33666,3500,2729,34377,0x07
2026-09-06T15:09:01.595-03:00,39,0,0,71,3374,2845,32989,3500,2634,34779,0x07
2026-09-06T15:09:01.673-03:00,40,0,0,68,3374,2441,34706,3500,2382,35848,0x07
2026-09-06T15:09:01.836-03:00,42,0,0,81,3374,2790,33222,3500,2901,33643,0x07
2026-09-06T15:09:01.896-03:00,45,0,0,74,3374,2703,33594,3500,3000,33223,0x07
2026-09-06T15:09:01.896-03:00,49,0,0,70,3374,2786,33241,3500,2557,35105,0x07
2026-09-06T15:09:01.975-03:00,56,0,0,68,3374,2559,34206,3500,2662,34660,0x07
2026-09-06T15:09:02.037-03:00,57,0,0,72,3374,2806,33157,3500,2708,34463,0x07
2026-09-06T15:09:02.114-03:00,60,0,0,72,3374,2736,33452,3500,2722,34404,0x07
2026-09-06T15:09:02.214-03:00,63,0,0,69,3374,2696,33624,3500,2667,34640,0x07
2026-09-06T15:09:02.232-03:00,71,0,0,61,3374,2721,33515,3500,2590,34965,0x07
2026-09-06T15:09:02.252-03:00,74,0,0,61,3374,2721,33515,3500,2590,34965,0x07
2026-09-06T15:09:02.314-03:00,75,0,0,92,3374,2598,34040,3500,2283,36272,0x07
2026-09-06T15:09:02.357-03:00,78,0,0,92,3374,2598,34040,3500,2283,36272,0x07
2026-09-06T15:09:02.394-03:00,81,0,0,87,3374,2667,33747,3500,2103,37033,0x07
2026-09-06T15:09:02.456-03:00,85,0,0,50,3374,2620,33946,3500,2220,36538,0x07
2026-09-06T15:09:02.513-03:00,91,0,0,50,3374,2620,33946,3500,2220,36538,0x07
2026-09-06T15:09:02.535-03:00,92,0,0,77,3374,2662,33766,3500,1961,37639,0x07
2026-09-06T15:09:02.556-03:00,93,0,0,77,3374,2662,33766,3500,1961,37639,0x07
2026-09-06T15:09:02.572-03:00,95,0,0,60,3374,2800,33180,3500,1300,40000,0x07
2026-09-06T15:09:02.656-03:00,97,0,0,60,3374,2800,33180,3500,1300,40000,0x07
2026-09-06T15:09:02.656-03:00,99,0,0,68,3374,2662,33768,3500,1618,39098,0x07
2026-09-06T15:09:02.673-03:00,102,0,0,68,3374,2662,33768,3500,1618,39098,0x07
2026-09-06T15:09:02.712-03:00,105,0,0,68,3374,2603,34018,3500,1588,39223,0x07
2026-09-06T15:09:02.755-03:00,106,0,0,68,3374,2603,34018,3500,1588,39223,0x07
2026-09-06T15:09:02.876-03:00,107,0,0,88,3374,2557,34214,3500,2159,36797,0x07
2026-09-06T15:09:02.895-03:00,109,0,0,53,3374,2509,34415,3500,2396,35789,0x07
2026-09-06T15:09:02.913-03:00,112,0,0,53,3374,2509,34415,3500,2396,35789,0x07
2026-09-06T15:09:02.936-03:00,113,0,0,82,3374,2622,33937,3500,2146,36851,0x07
2026-09-06T15:09:02.977-03:00,114,0,0,82,3374,2622,33937,3500,2146,36851,0x07
2026-09-06T15:09:03.013-03:00,116,0,0,72,3374,1806,37407,3500,1736,38595,0x07
2026-09-06T15:09:03.034-03:00,118,0,0,72,3374,1806,37407,3500,1736,38595,0x07
2026-09-06T15:09:03.076-03:00,124,0,0,60,3374,2433,34739,3500,1600,39173,0x07
2026-09-06T15:09:03.135-03:00,125,0,0,60,3374,2433,34739,3500,1600,39173,0x07
2026-09-06T15:09:03.135-03:00,126,0,0,64,3374,2203,35717,3500,1828,38203,0x07
2026-09-06T15:09:03.216-03:00,127,0,0,64,3374,2203,35717,3500,1828,38203,0x07
2026-09-06T15:09:03.216-03:00,128,0,0,64,3374,2094,36182,3500,2062,37207,0x07
2026-09-06T15:09:03.235-03:00,130,0,0,64,3374,2094,36182,3500,2062,37207,0x07
2026-09-06T15:09:03.253-03:00,132,0,0,56,3374,2179,35822,3500,1589,39219,0x07
2026-09-06T15:09:03.277-03:00,134,0,0,56,3374,2179,35822,3500,1589,39219,0x07
2026-09-06T15:09:03.295-03:00,136,0,0,56,3374,2179,35822,3500,1589,39219,0x07
2026-09-06T15:09:03.312-03:00,137,0,0,67,3374,2015,36517,3500,970,40000,0x07
2026-09-06T15:09:03.356-03:00,140,0,0,67,3374,2015,36517,3500,970,40000,0x07
2026-09-06T15:09:03.377-03:00,141,0,0,57,3374,2053,36357,3500,1702,38741,0x07
2026-09-06T15:09:03.415-03:00,142,0,0,57,3374,2053,36357,3500,1702,38741,0x07
2026-09-06T15:09:03.453-03:00,143,0,0,65,3374,2292,35338,3500,1908,37865,0x07
2026-09-06T15:09:03.476-03:00,144,0,0,65,3374,2292,35338,3500,1908,37865,0x07
2026-09-06T15:09:03.513-03:00,145,0,0,72,3374,2347,35105,3500,2139,36883,0x07
2026-09-06T15:09:03.554-03:00,146,0,0,72,3374,2347,35105,3500,2139,36883,0x07
2026-09-06T15:09:03.595-03:00,147,0,0,63,3374,2206,35704,3500,1905,37878,0x07
2026-09-06T15:09:03.614-03:00,149,0,0,63,3374,2206,35704,3500,1905,37878,0x07
2026-09-06T15:09:03.652-03:00,150,0,0,56,3374,2036,36429,3500,1375,40000,0x07
2026-09-06T15:09:03.676-03:00,152,0,0,56,3374,2036,36429,3500,1375,40000,0x07
2026-09-06T15:09:03.694-03:00,154,0,0,58,3374,2155,35921,3500,1621,39085,0x07
2026-09-06T15:09:03.717-03:00,156,0,0,58,3374,2155,35921,3500,1621,39085,0x07
2026-09-06T15:09:03.772-03:00,157,0,0,60,3374,2033,36439,3500,1933,37756,0x07
2026-09-06T15:09:03.793-03:00,160,0,0,60,3374,2033,36439,3500,1933,37756,0x07
2026-09-06T15:09:03.833-03:00,161,0,0,57,3374,1947,36804,3500,1649,38964,0x07
2026-09-06T15:09:03.873-03:00,163,0,0,57,3374,1947,36804,3500,1649,38964,0x07
2026-09-06T15:09:03.873-03:00,164,0,0,56,3374,2107,36125,3500,1500,39598,0x07
2026-09-06T15:09:03.896-03:00,165,0,0,56,3374,2107,36125,3500,1500,39598,0x07
2026-09-06T15:09:03.916-03:00,166,0,0,57,3374,1982,36655,3500,1912,37846,0x07
2026-09-06T15:09:03.956-03:00,168,0,0,57,3374,1982,36655,3500,1912,37846,0x07
2026-09-06T15:09:03.994-03:00,169,0,0,63,3374,2079,36243,3500,2032,37338,0x07
2026-09-06T15:09:04.015-03:00,172,0,0,63,3374,2079,36243,3500,2032,37338,0x07
2026-09-06T15:09:04.055-03:00,173,0,0,61,3374,2082,36232,3500,1852,38100,0x07
2026-09-06T15:09:04.073-03:00,174,0,0,61,3374,2082,36232,3500,1852,38100,0x07
2026-09-06T15:09:04.094-03:00,175,0,0,54,3374,1981,36659,3500,1630,39047,0x07
2026-09-06T15:09:04.135-03:00,176,0,0,54,3374,1981,36659,3500,1630,39047,0x07
2026-09-06T15:09:04.153-03:00,177,0,0,58,3374,1914,36947,3500,1828,38206,0x07
2026-09-06T15:09:04.196-03:00,179,0,0,58,3374,1914,36947,3500,1828,38206,0x07
2026-09-06T15:09:04.216-03:00,181,0,0,63,3374,2111,36108,3500,1937,37743,0x07
2026-09-06T15:09:04.256-03:00,182,0,0,63,3374,2111,36108,3500,1937,37743,0x07
2026-09-06T15:09:04.276-03:00,183,0,0,63,3374,2238,35569,3500,1984,37540,0x07
2026-09-06T15:09:04.316-03:00,185,0,0,63,3374,2238,35569,3500,1984,37540,0x07
2026-09-06T15:09:04.316-03:00,186,0,0,63,3374,2238,35569,3500,1984,37540,0x07
2026-09-06T15:09:04.353-03:00,188,0,0,65,3374,2000,36580,3500,1015,40000,0x07
2026-09-06T15:09:04.376-03:00,189,0,0,65,3374,2000,36580,3500,1015,40000,0x07
2026-09-06T15:09:04.396-03:00,191,0,0,65,3374,2000,36580,3500,1015,40000,0x07
2026-09-06T15:09:04.415-03:00,192,0,0,52,3374,1885,37071,3500,308,40000,0x07
2026-09-06T15:09:04.452-03:00,194,0,0,52,3374,1885,37071,3500,308,40000,0x07
2026-09-06T15:09:04.476-03:00,195,0,0,54,3374,2167,35872,3500,1389,40000,0x07
2026-09-06T15:09:04.494-03:00,196,0,0,54,3374,2167,35872,3500,1389,40000,0x07
2026-09-06T15:09:04.516-03:00,198,0,0,60,3374,2050,36368,3500,1900,37898,0x07
2026-09-06T15:09:04.536-03:00,199,0,0,60,3374,2050,36368,3500,1900,37898,0x07
2026-09-06T15:09:04.572-03:00,200,0,0,59,3374,2068,36292,3500,1797,38337,0x07
2026-09-06T15:09:04.597-03:00,201,0,0,59,3374,2068,36292,3500,1797,38337,0x07
2026-09-06T15:09:04.637-03:00,203,0,0,56,3374,2125,36049,3500,1464,39750,0x07
2026-09-06T15:09:04.696-03:00,204,0,0,56,3374,2125,36049,3500,1464,39750,0x07
2026-09-06T15:09:04.696-03:00,205,0,0,61,3374,2311,35257,3500,1574,39284,0x07
2026-09-06T15:09:04.715-03:00,206,0,0,61,3374,2311,35257,3500,1574,39284,0x07
2026-09-06T15:09:04.752-03:00,207,0,0,63,3374,2079,36243,3500,1921,37810,0x07
2026-09-06T15:09:04.794-03:00,209,0,0,63,3374,2079,36243,3500,1921,37810,0x07
2026-09-06T15:09:04.835-03:00,210,0,0,63,3374,2190,35771,3500,1905,37878,0x07
2026-09-06T15:09:04.853-03:00,211,0,0,63,3374,2190,35771,3500,1905,37878,0x07
2026-09-06T15:09:04.877-03:00,214,0,0,55,3374,2291,35344,3500,1382,40000,0x07
2026-09-06T15:09:04.895-03:00,215,0,0,55,3374,2291,35344,3500,1382,40000,0x07
2026-09-06T15:09:04.936-03:00,216,0,0,55,3374,1945,36812,3500,1564,39328,0x07
2026-09-06T15:09:04.957-03:00,218,0,0,55,3374,1945,36812,3500,1564,39328,0x07
2026-09-06T15:09:04.996-03:00,219,0,0,59,3374,2000,36580,3500,1949,37689,0x07
2026-09-06T15:09:05.016-03:00,222,0,0,59,3374,2000,36580,3500,1949,37689,0x07
2026-09-06T15:09:05.052-03:00,223,0,0,63,3374,2175,35838,3500,1937,37743,0x07
2026-09-06T15:09:05.076-03:00,224,0,0,63,3374,2175,35838,3500,1937,37743,0x07
2026-09-06T15:09:05.097-03:00,225,0,0,53,3374,1811,37382,3500,1453,39798,0x07
2026-09-06T15:09:05.173-03:00,226,0,0,53,3374,1811,37382,3500,1453,39798,0x07
2026-09-06T15:09:05.196-03:00,228,0,0,57,3374,2000,36580,3500,1649,38964,0x07
2026-09-06T15:09:05.237-03:00,229,0,0,57,3374,2000,36580,3500,1649,38964,0x07
2026-09-06T15:09:05.237-03:00,231,0,0,65,3374,2169,35861,3500,2077,37146,0x07
2026-09-06T15:09:05.255-03:00,232,0,0,65,3374,2169,35861,3500,2077,37146,0x07
2026-09-06T15:09:05.276-03:00,233,0,0,62,3374,2081,36238,3500,1903,37884,0x07
2026-09-06T15:09:05.315-03:00,235,0,0,62,3374,2081,36238,3500,1903,37884,0x07
2026-09-06T15:09:05.336-03:00,238,0,0,51,3374,1961,36747,3500,1412,39973,0x07
2026-09-06T15:09:05.353-03:00,240,0,0,51,3374,1961,36747,3500,1412,39973,0x07
2026-09-06T15:09:05.395-03:00,241,0,0,56,3374,2214,35670,3500,1536,39446,0x07
2026-09-06T15:09:05.436-03:00,242,0,0,56,3374,2214,35670,3500,1536,39446,0x07
2026-09-06T15:09:05.474-03:00,243,0,0,70,3374,2429,34759,3500,2114,36987,0x07
2026-09-06T15:09:05.494-03:00,244,0,0,70,3374,2429,34759,3500,2114,36987,0x07
2026-09-06T15:09:05.555-03:00,245,0,0,60,3374,2050,36368,3500,1833,38181,0x07
2026-09-06T15:09:05.556-03:00,247,0,0,60,3374,2050,36368,3500,1833,38181,0x07
2026-09-06T15:09:05.576-03:00,248,0,0,51,3374,2059,36330,3500,1078,40000,0x07
2026-09-06T15:09:05.594-03:00,250,0,0,51,3374,2059,36330,3500,1078,40000,0x07
2026-09-06T15:09:05.654-03:00,251,0,0,52,3374,2288,35355,3500,1038,40000,0x07
2026-09-06T15:09:05.673-03:00,253,0,0,52,3374,2288,35355,3500,1038,40000,0x07
2026-09-06T15:09:05.696-03:00,255,0,0,61,3374,2230,35605,3500,1639,39006,0x07
2026-09-06T15:09:05.715-03:00,257,0,0,61,3374,2230,35605,3500,1639,39006,0x07
2026-09-06T15:09:05.757-03:00,258,0,0,64,3374,2234,35584,3500,1938,37739,0x07
2026-09-06T15:09:05.776-03:00,259,0,0,64,3374,2234,35584,3500,1938,37739,0x07
2026-09-06T15:09:05.813-03:00,260,0,0,63,3374,2349,35096,3500,1825,38215,0x07
2026-09-06T15:09:05.875-03:00,263,0,0,63,3374,2349,35096,3500,1825,38215,0x07
2026-09-06T15:09:05.875-03:00,264,0,0,56,3374,2196,35746,3500,1339,40000,0x07
2026-09-06T15:09:05.895-03:00,265,0,0,56,3374,2196,35746,3500,1339,40000,0x07
2026-09-06T15:09:05.932-03:00,266,0,0,63,3374,2349,35096,3500,1825,38215,0x07
2026-09-06T15:09:06.016-03:00,268,0,0,63,3374,2349,35096,3500,1825,38215,0x07
2026-09-06T15:09:06.016-03:00,269,0,0,73,3374,2438,34717,3500,2123,36949,0x07
2026-09-06T15:09:06.034-03:00,271,0,0,73,3374,2438,34717,3500,2123,36949,0x07
2026-09-06T15:09:06.072-03:00,273,0,0,64,3374,2328,35186,3500,1609,39133,0x07
2026-09-06T15:09:06.093-03:00,274,0,0,64,3374,2328,35186,3500,1609,39133,0x07
2026-09-06T15:09:06.134-03:00,275,0,0,61,3374,2607,34003,3500,1443,39842,0x07
2026-09-06T15:09:06.216-03:00,277,0,0,61,3374,2607,34003,3500,1443,39842,0x07
2026-09-06T15:09:06.217-03:00,280,0,0,74,3374,2405,34858,3500,2122,36956,0x07
2026-09-06T15:09:06.234-03:00,281,0,0,74,3374,2405,34858,3500,2122,36956,0x07
2026-09-06T15:09:06.274-03:00,282,0,0,60,3374,2017,36510,3500,2117,36977,0x07
2026-09-06T15:09:06.297-03:00,283,0,0,60,3374,2017,36510,3500,2117,36977,0x07
2026-09-06T15:09:06.334-03:00,285,0,0,58,3374,2069,36287,3500,1672,38865,0x07
2026-09-06T15:09:06.373-03:00,287,0,0,58,3374,2069,36287,3500,1672,38865,0x07
2026-09-06T15:09:06.413-03:00,290,0,0,85,3374,2788,33230,3500,2082,37123,0x07
2026-09-06T15:09:06.457-03:00,291,0,0,50,3374,2540,34286,3500,2200,36623,0x07
2026-09-06T15:09:06.496-03:00,292,0,0,50,3374,2540,34286,3500,2200,36623,0x07
2026-09-06T15:09:06.516-03:00,293,0,0,62,3374,2210,35689,3500,1855,38090,0x07
2026-09-06T15:09:06.556-03:00,295,0,0,62,3374,2210,35689,3500,1855,38090,0x07
2026-09-06T15:09:06.593-03:00,296,0,0,62,3374,2081,36238,3500,1855,38090,0x07
2026-09-06T15:09:06.614-03:00,298,0,0,62,3374,2081,36238,3500,1855,38090,0x07
2026-09-06T15:09:06.656-03:00,301,0,0,69,3374,2319,35225,3500,2246,36426,0x07
2026-09-06T15:09:06.677-03:00,303,0,0,69,3374,2319,35225,3500,2246,36426,0x07
2026-09-06T15:09:06.717-03:00,304,0,0,63,3374,2063,36311,3500,2048,37271,0x07
2026-09-06T15:09:06.753-03:00,306,0,0,63,3374,2063,36311,3500,2048,37271,0x07
2026-09-06T15:09:06.813-03:00,307,0,0,59,3374,2068,36292,3500,1780,38409,0x07
2026-09-06T15:09:06.813-03:00,309,0,0,59,3374,2068,36292,3500,1780,38409,0x07
2026-09-06T15:09:06.837-03:00,311,0,0,65,3374,2108,36123,3500,2246,36427,0x07
2026-09-06T15:09:06.873-03:00,313,0,0,65,3374,2108,36123,3500,2246,36427,0x07
2026-09-06T15:09:06.895-03:00,314,0,0,64,3374,1828,37311,3500,2219,36543,0x07
2026-09-06T15:09:06.935-03:00,315,0,0,64,3374,1828,37311,3500,2219,36543,0x07
2026-09-06T15:09:06.993-03:00,317,0,0,58,3374,1483,38779,3500,2207,36594,0x07
2026-09-06T15:09:06.993-03:00,320,0,0,58,3374,1483,38779,3500,2207,36594,0x07
2026-09-06T15:09:07.034-03:00,321,0,0,65,3374,1077,40000,3500,2185,36688,0x07
2026-09-06T15:09:07.055-03:00,322,0,0,65,3374,1077,40000,3500,2185,36688,0x07
2026-09-06T15:09:07.093-03:00,323,0,0,63,3374,1365,39279,3500,2683,34572,0x07
2026-09-06T15:09:07.116-03:00,325,0,0,63,3374,1365,39279,3500,2683,34572,0x07
2026-09-06T15:09:07.155-03:00,326,0,0,67,3374,1433,38991,3500,2597,34936,0x07
2026-09-06T15:09:07.195-03:00,329,0,0,67,3374,1433,38991,3500,2597,34936,0x07
2026-09-06T15:09:07.234-03:00,330,0,0,69,3374,1681,37936,3500,2696,34516,0x07
2026-09-06T15:09:07.255-03:00,331,0,0,69,3374,1681,37936,3500,2696,34516,0x07
2026-09-06T15:09:07.276-03:00,333,0,0,59,3374,1254,39750,3500,2593,34952,0x07
2026-09-06T15:09:07.314-03:00,334,0,0,59,3374,1254,39750,3500,2593,34952,0x07
2026-09-06T15:09:07.337-03:00,336,0,0,61,3374,1148,40000,3500,2541,35174,0x07
2026-09-06T15:09:07.373-03:00,338,0,0,61,3374,1148,40000,3500,2541,35174,0x07
2026-09-06T15:09:07.394-03:00,339,0,0,57,3374,1263,39712,3500,2439,35609,0x07
2026-09-06T15:09:07.413-03:00,341,0,0,57,3374,1263,39712,3500,2439,35609,0x07
2026-09-06T15:09:07.475-03:00,343,0,0,57,3374,1263,39712,3500,2439,35609,0x07
2026-09-06T15:09:07.475-03:00,344,0,0,69,3374,1420,39044,3500,1609,39136,0x07
2026-09-06T15:09:07.493-03:00,345,0,0,69,3374,1420,39044,3500,1609,39136,0x07
2026-09-06T15:09:07.514-03:00,347,0,0,69,3374,1420,39044,3500,1609,39136,0x07
2026-09-06T15:09:07.575-03:00,348,0,0,73,3374,1767,37570,3500,1534,39452,0x07
2026-09-06T15:09:07.595-03:00,350,0,0,73,3374,1767,37570,3500,1534,39452,0x07
2026-09-06T15:09:07.613-03:00,351,0,0,54,3374,1944,36817,3500,1648,38968,0x07
2026-09-06T15:09:07.637-03:00,353,0,0,54,3374,1944,36817,3500,1648,38968,0x07
2026-09-06T15:09:07.655-03:00,354,0,0,56,3374,1964,36732,3500,1554,39370,0x07
2026-09-06T15:09:07.697-03:00,355,0,0,56,3374,1964,36732,3500,1554,39370,0x07
2026-09-06T15:09:07.715-03:00,356,0,0,50,3374,1920,36920,3500,1200,40000,0x07
2026-09-06T15:09:07.733-03:00,358,0,0,50,3374,1920,36920,3500,1200,40000,0x07
2026-09-06T15:09:07.756-03:00,360,0,0,50,3374,2060,36326,3500,1140,40000,0x07
2026-09-06T15:09:07.812-03:00,361,0,0,50,3374,2060,36326,3500,1140,40000,0x07
2026-09-06T15:09:07.812-03:00,362,0,0,54,3374,2130,36030,3500,1463,39755,0x07
2026-09-06T15:09:07.854-03:00,363,0,0,54,3374,2130,36030,3500,1463,39755,0x07
2026-09-06T15:09:07.874-03:00,365,0,0,52,3374,2077,36254,3500,1269,40000,0x07
2026-09-06T15:09:07.892-03:00,366,0,0,52,3374,2077,36254,3500,1269,40000,0x07
2026-09-06T15:09:07.913-03:00,367,0,0,50,3374,1980,36666,3500,1440,39853,0x07
2026-09-06T15:09:07.936-03:00,368,0,0,50,3374,1980,36666,3500,1440,39853,0x07
2026-09-06T15:09:07.975-03:00,370,0,0,50,3374,1980,36666,3500,1440,39853,0x07
2026-09-06T15:09:07.995-03:00,371,0,0,66,3374,1848,37224,3500,1015,40000,0x07
2026-09-06T15:09:08.013-03:00,373,0,0,66,3374,1848,37224,3500,1015,40000,0x07
2026-09-06T15:09:08.036-03:00,374,0,0,66,3374,1848,37224,3500,1015,40000,0x07
2026-09-06T15:09:08.055-03:00,377,0,0,56,3374,1607,38250,3500,768,40000,0x07
2026-09-06T15:09:08.074-03:00,379,0,0,52,3374,1615,38215,3500,558,40000,0x07
2026-09-06T15:09:08.092-03:00,380,0,0,52,3374,1615,38215,3500,558,40000,0x07
2026-09-06T15:09:08.112-03:00,381,0,0,52,3374,1615,38215,3500,558,40000,0x07
2026-09-06T15:09:08.133-03:00,382,0,0,52,3374,1615,38215,3500,558,40000,0x07
2026-09-06T15:09:08.156-03:00,383,0,0,61,3374,1721,37765,3500,180,40000,0x07
2026-09-06T15:09:08.172-03:00,384,0,0,61,3374,1721,37765,3500,180,40000,0x07
2026-09-06T15:09:08.192-03:00,385,0,0,61,3374,1721,37765,3500,180,40000,0x07
2026-09-06T15:09:08.216-03:00,386,0,0,51,3374,1882,37080,3500,0,40000,0x07
2026-09-06T15:09:08.234-03:00,387,0,0,51,3374,1882,37080,3500,0,40000,0x07
2026-09-06T15:09:08.253-03:00,388,0,0,51,3374,1882,37080,3500,0,40000,0x07
2026-09-06T15:09:08.277-03:00,389,0,0,54,3374,1778,37525,3500,0,40000,0x07
2026-09-06T15:09:08.295-03:00,390,0,0,54,3374,1778,37525,3500,0,40000,0x07
2026-09-06T15:09:08.313-03:00,391,0,0,52,3374,1923,36907,3500,0,40000,0x07
2026-09-06T15:09:08.333-03:00,392,0,0,52,3374,1923,36907,3500,0,40000,0x07
2026-09-06T15:09:08.352-03:00,393,0,0,52,3374,1923,36907,3500,0,40000,0x07
2026-09-06T15:09:08.373-03:00,394,0,0,50,3374,1760,37600,3500,0,40000,0x07
2026-09-06T15:09:08.396-03:00,395,0,0,50,3374,1760,37600,3500,0,40000,0x07
2026-09-06T15:09:08.414-03:00,396,0,0,52,3374,2058,36335,3500,0,40000,0x07
2026-09-06T15:09:08.432-03:00,397,0,0,52,3374,2058,36335,3500,0,40000,0x07
2026-09-06T15:09:08.456-03:00,398,0,0,52,3374,2058,36335,3500,0,40000,0x07
2026-09-06T15:09:08.474-03:00,399,0,0,60,3374,2017,36510,3500,117,40000,0x07
2026-09-06T15:09:08.495-03:00,400,0,0,60,3374,2017,36510,3500,117,40000,0x07
2026-09-06T15:09:08.513-03:00,401,0,0,60,3374,2017,36510,3500,117,40000,0x07
2026-09-06T15:09:08.536-03:00,402,0,0,71,3374,1986,36640,3500,1141,40000,0x07
2026-09-06T15:09:08.575-03:00,403,0,0,71,3374,1986,36640,3500,1141,40000,0x07
2026-09-06T15:09:08.615-03:00,404,0,0,69,3374,2130,36026,3500,2145,36857,0x07
2026-09-06T15:09:08.674-03:00,405,0,0,69,3374,2130,36026,3500,2145,36857,0x07
2026-09-06T15:09:08.674-03:00,406,0,0,69,3374,2058,36334,3500,2333,36056,0x07
2026-09-06T15:09:08.695-03:00,407,0,0,69,3374,2058,36334,3500,2333,36056,0x07
2026-09-06T15:09:08.732-03:00,408,0,0,64,3374,2000,36580,3500,2109,37008,0x07
2026-09-06T15:09:08.774-03:00,409,0,0,64,3374,2000,36580,3500,2109,37008,0x07
2026-09-06T15:09:08.854-03:00,410,0,0,74,3374,2203,35719,3500,2216,36554,0x07
2026-09-06T15:09:08.854-03:00,411,0,0,74,3374,2203,35719,3500,2216,36554,0x07
2026-09-06T15:09:08.897-03:00,413,0,0,77,3374,2156,35918,3500,2234,36479,0x07
2026-09-06T15:09:08.917-03:00,414,0,0,77,3374,2156,35918,3500,2234,36479,0x07
2026-09-06T15:09:08.972-03:00,415,0,0,73,3374,2205,35707,3500,2315,36134,0x07
2026-09-06T15:09:08.995-03:00,417,0,0,73,3374,2205,35707,3500,2315,36134,0x07
2026-09-06T15:09:09.036-03:00,419,0,0,79,3374,2278,35397,3500,2291,36236,0x07
2026-09-06T15:09:09.072-03:00,422,0,0,79,3374,2278,35397,3500,2291,36236,0x07
2026-09-06T15:09:09.114-03:00,423,0,0,70,3374,2286,35366,3500,2100,37048,0x07
2026-09-06T15:09:09.153-03:00,424,0,0,70,3374,2286,35366,3500,2100,37048,0x07
2026-09-06T15:09:09.173-03:00,426,0,0,69,3374,2203,35718,3500,2174,36734,0x07
2026-09-06T15:09:09.213-03:00,428,0,0,69,3374,2203,35718,3500,2174,36734,0x07
2026-09-06T15:09:09.255-03:00,430,0,0,67,3374,2254,35502,3500,2104,37029,0x07
2026-09-06T15:09:09.313-03:00,432,0,0,67,3374,2254,35502,3500,2104,37029,0x07
2026-09-06T15:09:09.313-03:00,434,0,0,61,3374,2082,36232,3500,1869,38030,0x07
2026-09-06T15:09:09.333-03:00,436,0,0,61,3374,2082,36232,3500,1869,38030,0x07
2026-09-06T15:09:09.413-03:00,437,0,0,71,3374,2394,34904,3500,2014,37413,0x07
2026-09-06T15:09:09.455-03:00,439,0,0,71,3374,2394,34904,3500,2014,37413,0x07
2026-09-06T15:09:09.455-03:00,440,0,0,72,3374,2250,35518,3500,2222,36529,0x07
2026-09-06T15:09:09.474-03:00,442,0,0,72,3374,2250,35518,3500,2222,36529,0x07
2026-09-06T15:09:09.552-03:00,445,0,0,64,3374,2094,36182,3500,2125,36942,0x07
2026-09-06T15:09:09.552-03:00,446,0,0,64,3374,2094,36182,3500,2125,36942,0x07
2026-09-06T15:09:09.636-03:00,447,0,0,74,3374,2392,34915,3500,2216,36554,0x07
2026-09-06T15:09:09.675-03:00,450,0,0,74,3374,2392,34915,3500,2216,36554,0x07
2026-09-06T15:09:09.715-03:00,452,0,0,81,3374,2111,36108,3500,2556,35112,0x07
2026-09-06T15:09:09.715-03:00,453,0,0,81,3374,2111,36108,3500,2556,35112,0x07
2026-09-06T15:09:09.754-03:00,454,0,0,80,3374,1975,36687,3500,2600,34923,0x07
2026-09-06T15:09:09.796-03:00,457,0,0,80,3374,1975,36687,3500,2600,34923,0x07
2026-09-06T15:09:09.833-03:00,458,0,0,85,3374,2129,36030,3500,2612,34873,0x07
2026-09-06T15:09:09.872-03:00,461,0,0,85,3374,2129,36030,3500,2612,34873,0x07
2026-09-06T15:09:09.954-03:00,463,0,0,75,3374,2093,36184,3500,2400,35773,0x07
2026-09-06T15:09:09.992-03:00,465,0,0,75,3374,2093,36184,3500,2400,35773,0x07
2026-09-06T15:09:10.016-03:00,466,0,0,85,3374,2353,35080,3500,2482,35423,0x07
2026-09-06T15:09:10.036-03:00,468,0,0,85,3374,2353,35080,3500,2482,35423,0x07
2026-09-06T15:09:10.073-03:00,470,0,0,77,3374,2273,35421,3500,2351,35983,0x07
2026-09-06T15:09:10.115-03:00,472,0,0,77,3374,2273,35421,3500,2351,35983,0x07
2026-09-06T15:09:10.152-03:00,474,0,0,83,3374,2410,34840,3500,2217,36551,0x07
2026-09-06T15:09:10.195-03:00,477,0,0,83,3374,2410,34840,3500,2217,36551,0x07
2026-09-06T15:09:10.235-03:00,479,0,0,68,3374,2353,35080,3500,1956,37660,0x07
2026-09-06T15:09:10.254-03:00,480,0,0,68,3374,2353,35080,3500,1956,37660,0x07
2026-09-06T15:09:10.296-03:00,482,0,0,63,3374,2111,36108,3500,1921,37810,0x07
2026-09-06T15:09:10.314-03:00,484,0,0,63,3374,2111,36108,3500,1921,37810,0x07
2026-09-06T15:09:10.352-03:00,486,0,0,68,3374,2426,34768,3500,1897,37910,0x07
2026-09-06T15:09:10.374-03:00,488,0,0,68,3374,2426,34768,3500,1897,37910,0x07
2026-09-06T15:09:10.414-03:00,489,0,0,60,3374,2083,36226,3500,1733,38606,0x07
2026-09-06T15:09:10.459-03:00,491,0,0,60,3374,2083,36226,3500,1733,38606,0x07
2026-09-06T15:09:10.502-03:00,492,0,0,52,3374,1981,36662,3500,1423,39925,0x07
2026-09-06T15:09:10.543-03:00,494,0,0,52,3374,1981,36662,3500,1423,39925,0x07
2026-09-06T15:09:10.588-03:00,496,0,0,63,3374,2444,34692,3500,1810,38283,0x07
2026-09-06T15:09:10.632-03:00,498,0,0,63,3374,2444,34692,3500,1810,38283,0x07
