timestamp,sequence,team,robot_id,interval_ms,left_target_eps,left_measured_eps,left_duty,right_target_eps,right_measured_eps,right_duty,flags
2026-09-06T21:07:23.818,3826,0,1,50,0,0,0,0,0,0,0x03
2026-09-06T21:07:23.904,3827,0,2,50,0,0,0,0,0,0,0x03
2026-09-06T21:07:23.904,3828,0,1,50,0,0,0,0,0,0,0x03
2026-09-06T21:07:23.968,3829,0,2,51,0,0,0,0,0,0,0x03
2026-09-06T21:07:23.968,3830,0,1,52,0,0,0,0,0,0,0x03
2026-09-06T21:07:24.033,3831,0,2,51,0,0,0,0,0,0,0x03
2026-09-06T21:07:24.033,0,0,1,51,0,0,0,0,0,0,0x03
2026-09-06T21:07:24.098,1,0,2,51,0,0,0,0,0,0,0x03
2026-09-06T21:07:24.098,2,0,1,50,0,0,0,0,0,0,0x03
2026-09-06T21:07:24.163,3,0,2,51,0,0,0,0,0,0,0x03
2026-09-06T21:07:24.163,4,0,1,52,0,0,0,0,0,0,0x03
2026-09-06T21:07:24.228,5,0,2,52,0,0,0,0,0,0,0x03
2026-09-06T21:07:24.228,6,0,1,52,0,0,0,0,0,0,0x03
2026-09-06T21:07:24.309,7,0,2,50,0,0,0,0,0,0,0x03
2026-09-06T21:07:24.309,8,0,1,51,0,0,0,0,0,0,0x03
2026-09-06T21:07:24.358,9,0,2,52,0,0,0,0,0,0,0x03
2026-09-06T21:07:24.358,10,0,1,51,0,0,0,0,0,0,0x03
2026-09-06T21:07:24.439,11,0,2,50,0,0,0,0,0,0,0x03
2026-09-06T21:07:24.439,12,0,1,50,0,0,0,0,0,0,0x03
2026-09-06T21:07:24.505,13,0,2,51,0,0,0,0,0,0,0x03
2026-09-06T21:07:24.505,14,0,1,51,0,0,0,0,0,0,0x03
2026-09-06T21:07:24.570,15,0,2,50,0,0,0,0,0,0,0x03
2026-09-06T21:07:24.570,16,0,1,54,0,0,0,0,0,0,0x03
2026-09-06T21:07:24.636,17,0,2,50,0,0,0,0,0,0,0x03
2026-09-06T21:07:24.636,18,0,1,52,0,0,0,0,0,0,0x03
2026-09-06T21:07:24.700,19,0,2,51,0,0,0,0,0,0,0x03
2026-09-06T21:07:24.700,20,0,1,50,0,0,0,0,0,0,0x03
2026-09-06T21:07:24.765,21,0,2,50,0,0,0,0,0,0,0x03
2026-09-06T21:07:24.765,22,0,1,52,0,0,0,0,0,0,0x03
2026-09-06T21:07:24.830,23,0,2,51,0,0,0,0,0,0,0x03
2026-09-06T21:07:24.830,24,0,1,53,0,0,0,0,0,0,0x03
2026-09-06T21:07:24.895,25,0,2,51,0,0,0,0,0,0,0x03
2026-09-06T21:07:24.895,26,0,1,51,0,0,0,0,0,0,0x03
2026-09-06T21:07:24.976,27,0,2,51,0,0,0,0,0,0,0x03
2026-09-06T21:07:24.976,28,0,1,51,0,0,0,0,0,0,0x03
2026-09-06T21:07:25.041,29,0,2,54,0,0,0,0,0,0,0x03
2026-09-06T21:07:25.041,30,0,1,52,0,0,0,0,0,0,0x03
2026-09-06T21:07:25.106,31,0,2,51,0,0,0,0,0,0,0x03
2026-09-06T21:07:25.106,32,0,1,50,0,0,0,0,0,0,0x03
2026-09-06T21:07:25.172,33,0,2,50,0,0,0,0,0,0,0x03
2026-09-06T21:07:25.172,34,0,1,50,0,0,0,0,0,0,0x03
2026-09-06T21:07:25.237,35,0,2,50,0,0,0,0,0,0,0x03
2026-09-06T21:07:25.237,36,0,1,50,0,0,0,0,0,0,0x03
2026-09-06T21:07:25.302,37,0,2,50,0,0,0,0,0,0,0x03
2026-09-06T21:07:25.302,38,0,1,50,0,0,0,0,0,0,0x03
2026-09-06T21:07:25.368,39,0,2,51,0,0,0,0,0,0,0x03
2026-09-06T21:07:25.368,40,0,1,51,0,0,0,0,0,0,0x03
2026-09-06T21:07:25.433,41,0,2,53,0,0,0,0,0,0,0x03
2026-09-06T21:07:25.433,42,0,1,52,0,0,0,0,0,0,0x03
2026-09-06T21:07:25.498,43,0,2,50,0,0,0,0,0,0,0x03
2026-09-06T21:07:25.498,44,0,1,51,0,0,0,0,0,0,0x03
2026-09-06T21:07:25.579,45,0,2,51,0,0,0,0,0,0,0x03
2026-09-06T21:07:25.579,46,0,1,52,0,0,0,0,0,0,0x03
2026-09-06T21:07:25.644,47,0,2,50,0,0,0,0,0,0,0x03
2026-09-06T21:07:25.644,48,0,1,50,0,0,0,0,0,0,0x03
2026-09-06T21:07:25.709,49,0,2,51,0,0,0,0,0,0,0x03
2026-09-06T21:07:25.709,50,0,1,50,0,0,0,0,0,0,0x03
2026-09-06T21:07:25.774,51,0,2,51,0,0,0,0,0,0,0x03
2026-09-06T21:07:25.774,52,0,1,50,0,0,0,0,0,0,0x03
2026-09-06T21:07:25.839,53,0,2,53,0,0,0,0,0,0,0x03
2026-09-06T21:07:25.839,54,0,1,52,0,0,0,0,0,0,0x03
2026-09-06T21:07:25.904,55,0,2,50,0,0,0,0,0,0,0x03
2026-09-06T21:07:25.904,56,0,1,51,0,0,0,0,0,0,0x03
2026-09-06T21:07:25.969,57,0,2,52,0,0,0,0,0,0,0x03
2026-09-06T21:07:25.969,58,0,1,52,0,0,0,0,0,0,0x03
2026-09-06T21:07:26.050,59,0,2,51,0,0,0,0,0,0,0x03
2026-09-06T21:07:26.050,60,0,1,52,0,0,0,0,0,0,0x03
2026-09-06T21:07:26.099,61,0,2,55,0,0,0,0,0,0,0x03
2026-09-06T21:07:26.099,62,0,1,52,0,0,0,0,0,0,0x03
2026-09-06T21:07:26.180,63,0,2,52,0,0,0,0,0,0,0x03
2026-09-06T21:07:26.180,64,0,1,51,0,0,0,0,0,0,0x03
2026-09-06T21:07:26.245,65,0,2,50,0,0,0,0,0,0,0x03
2026-09-06T21:07:26.245,66,0,1,51,0,0,0,0,0,0,0x03
2026-09-06T21:07:26.310,67,0,2,52,0,0,0,0,0,0,0x03
2026-09-06T21:07:26.310,68,0,1,51,0,0,0,0,0,0,0x03
2026-09-06T21:07:26.375,69,0,2,52,0,0,0,0,0,0,0x03
2026-09-06T21:07:26.375,70,0,1,51,0,0,0,0,0,0,0x03
2026-09-06T21:07:26.441,71,0,2,52,0,0,0,0,0,0,0x03
2026-09-06T21:07:26.441,72,0,1,50,0,0,0,0,0,0,0x03
2026-09-06T21:07:26.506,73,0,2,50,0,0,0,0,0,0,0x03
2026-09-06T21:07:26.506,74,0,1,52,0,0,0,0,0,0,0x03
2026-09-06T21:07:26.571,75,0,2,51,0,0,0,0,0,0,0x03
2026-09-06T21:07:26.571,76,0,1,50,0,0,0,0,0,0,0x03
2026-09-06T21:07:26.636,77,0,2,50,0,0,0,0,0,0,0x03
2026-09-06T21:07:26.636,78,0,1,52,0,0,0,0,0,0,0x03
2026-09-06T21:07:26.718,79,0,2,51,0,0,0,0,0,0,0x03
2026-09-06T21:07:26.718,80,0,1,51,0,0,0,0,0,0,0x03
2026-09-06T21:07:26.783,81,0,2,54,0,0,0,0,0,0,0x03
2026-09-06T21:07:26.783,82,0,1,51,0,0,0,0,0,0,0x03
2026-09-06T21:07:26.848,83,0,2,50,0,0,0,0,0,0,0x03
2026-09-06T21:07:26.848,84,0,1,52,0,0,0,0,0,0,0x03
2026-09-06T21:07:26.912,85,0,2,51,0,0,0,0,0,0,0x03
2026-09-06T21:07:26.912,86,0,1,51,0,0,0,0,0,0,0x03
2026-09-06T21:07:26.977,87,0,2,50,0,0,0,0,0,0,0x03
2026-09-06T21:07:26.977,88,0,1,50,0,0,0,0,0,0,0x03
2026-09-06T21:07:27.042,89,0,2,52,0,0,0,0,0,0,0x03
2026-09-06T21:07:27.042,90,0,1,50,0,0,0,0,0,0,0x03
2026-09-06T21:07:27.107,91,0,2,50,0,0,0,0,0,0,0x03
2026-09-06T21:07:27.107,92,0,1,50,0,0,0,0,0,0,0x03
2026-09-06T21:07:27.173,93,0,2,51,0,0,0,0,0,0,0x03
2026-09-06T21:07:27.173,94,0,1,52,0,0,0,0,0,0,0x03
2026-09-06T21:07:27.238,95,0,2,50,0,0,0,0,0,0,0x03
2026-09-06T21:07:27.238,96,0,1,52,0,0,0,0,0,0,0x03
2026-09-06T21:07:27.320,97,0,2,50,0,0,0,0,0,0,0x03
2026-09-06T21:07:27.320,98,0,1,51,0,0,0,0,0,0,0x03
2026-09-06T21:07:27.385,99,0,2,51,0,0,0,0,0,0,0x03
2026-09-06T21:07:27.385,100,0,1,51,0,0,0,0,0,0,0x03
2026-09-06T21:07:27.450,101,0,2,51,0,0,0,0,0,0,0x03
2026-09-06T21:07:27.450,102,0,1,52,0,0,0,0,0,0,0x03
2026-09-06T21:07:27.516,103,0,2,51,0,0,0,0,0,0,0x03
2026-09-06T21:07:27.516,104,0,1,50,0,0,0,0,0,0,0x03
2026-09-06T21:07:27.580,105,0,2,53,0,0,0,0,0,0,0x03
2026-09-06T21:07:27.580,106,0,1,52,0,0,0,0,0,0,0x03
2026-09-06T21:07:27.646,107,0,2,50,0,0,0,0,0,0,0x03
2026-09-06T21:07:27.646,108,0,1,50,0,0,0,0,0,0,0x03
2026-09-06T21:07:27.710,109,0,2,50,0,0,0,0,0,0,0x03
2026-09-06T21:07:27.710,110,0,1,50,0,0,0,0,0,0,0x03
2026-09-06T21:07:27.775,111,0,2,50,0,0,0,0,0,0,0x03
2026-09-06T21:07:27.775,112,0,1,51,0,0,0,0,0,0,0x03
2026-09-06T21:07:27.856,113,0,2,50,0,0,0,0,0,0,0x03
2026-09-06T21:07:27.856,114,0,1,52,0,0,0,0,0,0,0x03
2026-09-06T21:07:27.921,115,0,2,52,0,0,0,0,0,0,0x03
2026-09-06T21:07:27.921,116,0,1,52,0,0,0,0,0,0,0x03
2026-09-06T21:07:27.987,117,0,2,50,0,0,0,0,0,0,0x03
2026-09-06T21:07:27.987,118,0,1,50,0,0,0,0,0,0,0x03
2026-09-06T21:07:28.052,119,0,2,51,0,0,0,0,0,0,0x03
2026-09-06T21:07:28.052,120,0,1,52,0,0,0,0,0,0,0x03
2026-09-06T21:07:28.116,121,0,2,50,0,0,0,0,0,0,0x03
2026-09-06T21:07:28.117,122,0,1,52,0,0,0,0,0,0,0x03
2026-09-06T21:07:28.182,123,0,2,50,0,0,0,0,0,0,0x03
2026-09-06T21:07:28.182,124,0,1,50,0,0,0,0,0,0,0x03
2026-09-06T21:07:28.247,125,0,2,52,0,0,0,0,0,0,0x03
2026-09-06T21:07:28.247,126,0,1,50,0,0,0,0,0,0,0x03
2026-09-06T21:07:28.313,127,0,2,51,0,0,0,0,0,0,0x03
2026-09-06T21:07:28.313,128,0,1,51,0,0,0,0,0,0,0x03
2026-09-06T21:07:28.379,129,0,2,52,0,0,0,0,0,0,0x03
2026-09-06T21:07:28.379,130,0,1,51,0,0,0,0,0,0,0x03
2026-09-06T21:07:28.444,131,0,2,50,0,0,0,0,0,0,0x03
2026-09-06T21:07:28.444,132,0,1,51,0,0,0,0,0,0,0x03
2026-09-06T21:07:28.526,133,0,2,52,0,0,0,0,0,0,0x03
2026-09-06T21:07:28.526,134,0,1,52,0,0,0,0,0,0,0x03
2026-09-06T21:07:28.591,135,0,2,51,0,0,0,0,0,0,0x03
2026-09-06T21:07:28.591,136,0,1,51,0,0,0,0,0,0,0x03
2026-09-06T21:07:28.656,137,0,2,52,0,0,0,0,0,0,0x03
2026-09-06T21:07:28.656,138,0,1,53,0,0,0,0,0,0,0x03
2026-09-06T21:07:28.720,139,0,2,50,0,0,0,0,0,0,0x03
2026-09-06T21:07:28.720,140,0,1,51,0,0,0,0,0,0,0x03
2026-09-06T21:07:28.785,141,0,2,50,0,0,0,0,0,0,0x03
2026-09-06T21:07:28.785,142,0,1,51,0,0,0,0,0,0,0x03
2026-09-06T21:07:28.850,143,0,2,52,0,0,0,0,0,0,0x03
2026-09-06T21:07:28.851,144,0,1,50,0,0,0,0,0,0,0x03
2026-09-06T21:07:28.916,145,0,2,50,0,0,0,0,0,0,0x03
2026-09-06T21:07:28.916,146,0,1,55,0,0,0,0,0,0,0x03
2026-09-06T21:07:28.981,147,0,2,52,0,0,0,0,0,0,0x03
2026-09-06T21:07:28.981,148,0,1,51,0,0,0,0,0,0,0x03
2026-09-06T21:07:29.046,149,0,2,52,0,0,0,0,0,0,0x03
2026-09-06T21:07:29.046,150,0,1,51,0,0,0,0,0,0,0x03
2026-09-06T21:07:29.128,151,0,2,50,0,0,0,0,0,0,0x03
2026-09-06T21:07:29.128,152,0,1,50,0,0,0,0,0,0,0x03
2026-09-06T21:07:29.192,153,0,2,52,0,0,0,0,0,0,0x03
2026-09-06T21:07:29.192,154,0,1,51,0,0,0,0,0,0,0x03
2026-09-06T21:07:29.257,155,0,2,50,0,0,0,0,0,0,0x03
2026-09-06T21:07:29.257,156,0,1,52,0,0,0,0,0,0,0x03
2026-09-06T21:07:29.323,157,0,2,51,0,0,0,0,0,0,0x03
2026-09-06T21:07:29.323,158,0,1,52,0,0,0,0,0,0,0x03
2026-09-06T21:07:29.387,159,0,2,51,0,0,0,0,0,0,0x03
2026-09-06T21:07:29.387,160,0,1,52,0,0,0,0,0,0,0x03
2026-09-06T21:07:29.452,161,0,2,50,0,0,0,0,0,0,0x03
2026-09-06T21:07:29.452,162,0,1,50,0,0,0,0,0,0,0x03
2026-09-06T21:07:29.517,163,0,2,56,0,0,0,0,0,0,0x03
2026-09-06T21:07:29.518,164,0,1,51,0,0,0,0,0,0,0x03
2026-09-06T21:07:29.583,165,0,2,52,0,0,0,0,0,0,0x03
2026-09-06T21:07:29.583,166,0,1,50,0,0,0,0,0,0,0x03
2026-09-06T21:07:29.665,167,0,2,52,0,0,0,0,0,0,0x03
2026-09-06T21:07:29.665,168,0,1,52,0,0,0,0,0,0,0x03
2026-09-06T21:07:29.729,169,0,2,51,0,0,0,0,0,0,0x03
2026-09-06T21:07:29.729,170,0,1,52,0,0,0,0,0,0,0x03
2026-09-06T21:07:29.794,171,0,2,54,0,0,0,0,0,0,0x03
2026-09-06T21:07:29.794,172,0,1,51,0,0,0,0,0,0,0x03
2026-09-06T21:07:29.859,173,0,2,51,0,0,0,0,0,0,0x03
2026-09-06T21:07:29.859,174,0,1,50,0,0,0,0,0,0,0x03
2026-09-06T21:07:29.925,175,0,2,50,0,0,0,0,0,0,0x03
2026-09-06T21:07:29.925,176,0,1,51,0,0,0,0,0,0,0x03
2026-09-06T21:07:29.990,177,0,2,50,0,0,0,0,0,0,0x03
2026-09-06T21:07:29.990,178,0,1,50,0,0,0,0,0,0,0x03
2026-09-06T21:07:30.055,179,0,2,51,0,0,0,0,0,0,0x03
2026-09-06T21:07:30.055,180,0,1,50,0,0,0,0,0,0,0x03
2026-09-06T21:07:30.120,181,0,2,50,0,0,0,0,0,0,0x03
2026-09-06T21:07:30.120,182,0,1,50,0,0,0,0,0,0,0x03
2026-09-06T21:07:30.201,183,0,2,52,0,0,0,0,0,0,0x03
2026-09-06T21:07:30.201,184,0,1,52,0,0,0,0,0,0,0x03
2026-09-06T21:07:30.250,185,0,2,52,0,0,0,0,0,0,0x03
2026-09-06T21:07:30.250,186,0,1,51,0,0,0,0,0,0,0x03
2026-09-06T21:07:30.332,187,0,2,51,0,0,0,0,0,0,0x03
2026-09-06T21:07:30.332,188,0,1,50,0,0,0,0,0,0,0x03
2026-09-06T21:07:30.397,189,0,2,50,0,0,0,0,0,0,0x03
2026-09-06T21:07:30.397,190,0,1,51,0,0,0,0,0,0,0x03
2026-09-06T21:07:30.463,191,0,2,55,0,0,0,0,0,0,0x03
2026-09-06T21:07:30.463,192,0,1,52,0,0,0,0,0,0,0x03
2026-09-06T21:07:30.528,193,0,2,50,0,0,0,0,0,0,0x03
2026-09-06T21:07:30.528,194,0,1,50,0,0,0,0,0,0,0x03
2026-09-06T21:07:30.593,195,0,2,50,0,0,0,0,0,0,0x03
2026-09-06T21:07:30.593,196,0,1,53,0,0,0,0,0,0,0x03
2026-09-06T21:07:30.659,197,0,2,51,0,0,0,0,0,0,0x03
2026-09-06T21:07:30.659,198,0,1,50,0,0,0,0,0,0,0x03
2026-09-06T21:07:30.724,199,0,2,51,0,0,0,0,0,0,0x03
2026-09-06T21:07:30.724,200,0,1,51,0,0,0,0,0,0,0x03
2026-09-06T21:07:30.788,201,0,2,50,0,0,0,0,0,0,0x03
2026-09-06T21:07:30.788,202,0,1,50,0,0,0,0,0,0,0x03
2026-09-06T21:07:30.870,203,0,2,55,0,0,0,0,0,0,0x03
2026-09-06T21:07:30.870,204,0,1,50,0,0,0,0,0,0,0x03
2026-09-06T21:07:30.935,205,0,2,50,0,0,0,0,0,0,0x03
2026-09-06T21:07:30.935,206,0,1,50,0,0,0,0,0,0,0x03
2026-09-06T21:07:31.000,207,0,2,50,0,0,0,0,0,0,0x03
2026-09-06T21:07:31.000,208,0,1,50,0,0,0,0,0,0,0x03
2026-09-06T21:07:31.065,209,0,2,50,0,0,0,0,0,0,0x03
2026-09-06T21:07:31.065,210,0,1,51,0,0,0,0,0,0,0x03
2026-09-06T21:07:31.130,211,0,2,50,0,0,0,0,0,0,0x03
2026-09-06T21:07:31.130,212,0,1,50,0,0,0,0,0,0,0x03
2026-09-06T21:07:31.195,213,0,2,51,0,0,0,0,0,0,0x03
2026-09-06T21:07:31.195,214,0,1,52,0,0,0,0,0,0,0x03
2026-09-06T21:07:31.261,215,0,2,54,0,0,0,0,0,0,0x03
2026-09-06T21:07:31.261,216,0,1,51,0,0,0,0,0,0,0x03
2026-09-06T21:07:31.326,217,0,2,50,0,0,0,0,0,0,0x03
2026-09-06T21:07:31.326,218,0,1,50,0,0,0,0,0,0,0x03
2026-09-06T21:07:31.390,219,0,2,50,0,0,0,0,0,0,0x03
2026-09-06T21:07:31.390,220,0,1,52,0,0,0,0,0,0,0x03
2026-09-06T21:07:31.472,221,0,2,51,0,0,0,0,0,0,0x03
2026-09-06T21:07:31.472,222,0,1,54,0,0,0,0,0,0,0x03
2026-09-06T21:07:31.536,223,0,2,50,0,0,0,0,0,0,0x03
2026-09-06T21:07:31.536,224,0,1,51,0,0,0,0,0,0,0x03
2026-09-06T21:07:31.602,225,0,2,52,0,0,0,0,0,0,0x03
2026-09-06T21:07:31.602,226,0,1,50,0,0,0,0,0,0,0x03
2026-09-06T21:07:31.666,227,0,2,50,0,0,0,0,0,0,0x03
2026-09-06T21:07:31.666,228,0,1,51,0,0,0,0,0,0,0x03
2026-09-06T21:07:31.732,229,0,2,51,0,0,0,0,0,0,0x03
2026-09-06T21:07:31.732,230,0,1,51,0,0,0,0,0,0,0x03
2026-09-06T21:07:31.798,231,0,2,51,0,0,0,0,0,0,0x03
2026-09-06T21:07:31.798,232,0,1,52,0,0,0,0,0,0,0x03
2026-09-06T21:07:31.862,233,0,2,51,0,0,0,0,0,0,0x03
2026-09-06T21:07:31.862,234,0,1,52,0,0,0,0,0,0,0x03
2026-09-06T21:07:31.927,235,0,2,50,0,0,0,0,0,0,0x03
2026-09-06T21:07:31.927,236,0,1,52,0,0,0,0,0,0,0x03
2026-09-06T21:07:32.008,237,0,2,52,0,0,0,0,0,0,0x03
2026-09-06T21:07:32.008,238,0,1,52,0,0,0,0,0,0,0x03
2026-09-06T21:07:32.073,239,0,2,50,0,0,0,0,0,0,0x03
2026-09-06T21:07:32.074,240,0,1,50,0,0,0,0,0,0,0x03
2026-09-06T21:07:32.139,241,0,2,51,0,0,0,0,0,0,0x03
2026-09-06T21:07:32.139,242,0,1,58,0,0,0,0,0,0,0x03
2026-09-06T21:07:32.204,243,0,2,51,0,0,0,0,0,0,0x03
2026-09-06T21:07:32.204,244,0,1,50,0,0,0,0,0,0,0x03
2026-09-06T21:07:32.269,245,0,2,51,0,0,0,0,0,0,0x03
2026-09-06T21:07:32.269,246,0,1,51,0,0,0,0,0,0,0x03
2026-09-06T21:07:32.335,247,0,2,54,0,0,0,0,0,0,0x03
2026-09-06T21:07:32.335,248,0,1,54,0,0,0,0,0,0,0x03
2026-09-06T21:07:32.399,249,0,2,52,0,0,0,0,0,0,0x03
2026-09-06T21:07:32.399,250,0,1,51,0,0,0,0,0,0,0x03
2026-09-06T21:07:32.464,251,0,2,50,0,0,0,0,0,0,0x03
2026-09-06T21:07:32.464,252,0,1,52,0,0,0,0,0,0,0x03
2026-09-06T21:07:32.545,253,0,2,51,0,0,0,0,0,0,0x03
2026-09-06T21:07:32.545,254,0,1,50,0,0,0,0,0,0,0x03
2026-09-06T21:07:32.610,255,0,2,51,0,0,0,0,0,0,0x03
2026-09-06T21:07:32.610,256,0,1,56,0,0,0,0,0,0,0x03
2026-09-06T21:07:32.674,257,0,2,52,0,0,0,0,0,0,0x03
2026-09-06T21:07:32.674,258,0,1,50,0,0,0,0,0,0,0x03
2026-09-06T21:07:32.740,259,0,2,51,0,0,0,0,0,0,0x03
2026-09-06T21:07:32.740,260,0,1,51,0,0,0,0,0,0,0x03
2026-09-06T21:07:32.804,261,0,2,51,0,0,0,0,0,0,0x03
2026-09-06T21:07:32.804,262,0,1,50,0,0,0,0,0,0,0x03
2026-09-06T21:07:32.869,263,0,2,52,0,0,0,0,0,0,0x03
2026-09-06T21:07:32.869,264,0,1,52,0,0,0,0,0,0,0x03
2026-09-06T21:07:32.934,265,0,2,51,0,0,0,0,0,0,0x03
2026-09-06T21:07:32.935,266,0,1,52,0,0,0,0,0,0,0x03
2026-09-06T21:07:33.000,267,0,2,50,0,0,0,0,0,0,0x03
2026-09-06T21:07:33.000,268,0,1,51,0,0,0,0,0,0,0x03
2026-09-06T21:07:33.065,269,0,2,50,0,0,0,0,0,0,0x03
2026-09-06T21:07:33.065,270,0,1,52,0,0,0,0,0,0,0x03
2026-09-06T21:07:33.146,271,0,2,50,0,0,0,0,0,0,0x03
2026-09-06T21:07:33.146,272,0,1,51,0,0,0,0,0,0,0x03
2026-09-06T21:07:33.211,273,0,2,51,0,0,0,0,0,0,0x03
2026-09-06T21:07:33.211,274,0,1,50,0,0,0,0,0,0,0x03
2026-09-06T21:07:33.276,275,0,2,51,0,0,0,0,0,0,0x03
2026-09-06T21:07:33.276,276,0,1,52,0,0,0,0,0,0,0x03
2026-09-06T21:07:33.341,277,0,2,51,0,0,0,0,0,0,0x03
2026-09-06T21:07:33.341,278,0,1,51,0,0,0,0,0,0,0x03
2026-09-06T21:07:33.406,279,0,2,54,0,0,0,0,0,0,0x03
2026-09-06T21:07:33.406,280,0,1,51,0,0,0,0,0,0,0x03
2026-09-06T21:07:33.471,281,0,2,51,0,0,0,0,0,0,0x03
2026-09-06T21:07:33.471,282,0,1,52,0,0,0,0,0,0,0x03
2026-09-06T21:07:33.536,283,0,2,51,0,0,0,0,0,0,0x03
2026-09-06T21:07:33.536,284,0,1,51,0,0,0,0,0,0,0x03
2026-09-06T21:07:33.601,285,0,2,50,0,0,0,0,0,0,0x03
2026-09-06T21:07:33.601,286,0,1,50,0,0,0,0,0,0,0x03
2026-09-06T21:07:33.667,287,0,2,50,0,0,0,0,0,0,0x03
2026-09-06T21:07:33.667,288,0,1,50,0,0,0,0,0,0,0x03
2026-09-06T21:07:33.748,289,0,2,50,0,0,0,0,0,0,0x03
2026-09-06T21:07:33.748,290,0,1,52,0,0,0,0,0,0,0x03
2026-09-06T21:07:33.813,291,0,2,50,0,0,0,0,0,0,0x03
2026-09-06T21:07:33.813,292,0,1,50,0,0,0,0,0,0,0x03
2026-09-06T21:07:33.877,293,0,2,50,0,0,0,0,0,0,0x03
2026-09-06T21:07:33.878,294,0,1,50,0,0,0,0,0,0,0x03
2026-09-06T21:07:33.943,295,0,2,51,0,0,0,0,0,0,0x03
2026-09-06T21:07:33.943,296,0,1,51,0,0,0,0,0,0,0x03
2026-09-06T21:07:34.008,297,0,2,51,0,0,0,0,0,0,0x03
2026-09-06T21:07:34.008,298,0,1,51,0,0,0,0,0,0,0x03
2026-09-06T21:07:34.074,299,0,2,52,0,0,0,0,0,0,0x03
2026-09-06T21:07:34.074,300,0,1,51,0,0,0,0,0,0,0x03
2026-09-06T21:07:34.138,301,0,2,50,0,0,0,0,0,0,0x03
2026-09-06T21:07:34.139,302,0,1,51,0,0,0,0,0,0,0x03
2026-09-06T21:07:34.204,303,0,2,50,0,0,0,0,0,0,0x03
2026-09-06T21:07:34.204,304,0,1,51,0,0,0,0,0,0,0x03
2026-09-06T21:07:34.286,305,0,2,50,0,0,0,0,0,0,0x03
2026-09-06T21:07:34.286,306,0,1,51,0,0,0,0,0,0,0x03
2026-09-06T21:07:34.351,307,0,2,52,0,0,0,0,0,0,0x03
2026-09-06T21:07:34.351,308,0,1,53,0,0,0,0,0,0,0x03
2026-09-06T21:07:34.416,309,0,2,51,0,0,0,0,0,0,0x03
2026-09-06T21:07:34.416,310,0,1,51,0,0,0,0,0,0,0x03
2026-09-06T21:07:34.481,311,0,2,55,0,0,0,0,0,0,0x03
2026-09-06T21:07:34.481,312,0,1,50,0,0,0,0,0,0,0x03
2026-09-06T21:07:34.547,313,0,2,52,0,0,0,0,0,0,0x03
2026-09-06T21:07:34.547,314,0,1,50,0,0,0,0,0,0,0x03
2026-09-06T21:07:34.611,315,0,2,50,0,0,0,0,0,0,0x03
2026-09-06T21:07:34.611,316,0,1,50,0,0,0,0,0,0,0x03
2026-09-06T21:07:34.676,317,0,2,50,0,0,0,0,0,0,0x03
2026-09-06T21:07:34.676,318,0,1,50,0,0,0,0,0,0,0x03
2026-09-06T21:07:34.742,319,0,2,51,0,0,0,0,0,0,0x03
2026-09-06T21:07:34.742,320,0,1,55,0,0,0,0,0,0,0x03
2026-09-06T21:07:34.806,321,0,2,50,0,0,0,0,0,0,0x03
2026-09-06T21:07:34.806,322,0,1,50,0,0,0,0,0,0,0x03
2026-09-06T21:07:34.871,323,0,2,52,0,0,0,0,0,0,0x03
2026-09-06T21:07:34.871,324,0,1,50,0,0,0,0,0,0,0x03
2026-09-06T21:07:34.952,325,0,2,50,0,0,0,0,0,0,0x03
2026-09-06T21:07:34.952,326,0,1,50,0,0,0,0,0,0,0x03
2026-09-06T21:07:35.017,327,0,2,51,0,0,0,0,0,0,0x03
2026-09-06T21:07:35.017,328,0,1,50,0,0,0,0,0,0,0x03
2026-09-06T21:07:35.081,329,0,2,51,0,0,0,0,0,0,0x03
2026-09-06T21:07:35.081,330,0,1,50,0,0,0,0,0,0,0x03
2026-09-06T21:07:35.146,331,0,2,51,0,0,0,0,0,0,0x03
2026-09-06T21:07:35.146,332,0,1,54,0,0,0,0,0,0,0x03
2026-09-06T21:07:35.211,333,0,2,50,0,0,0,0,0,0,0x03
2026-09-06T21:07:35.211,334,0,1,50,0,0,0,0,0,0,0x03
2026-09-06T21:07:35.276,335,0,2,50,0,0,0,0,0,0,0x03
2026-09-06T21:07:35.276,336,0,1,50,0,0,0,0,0,0,0x03
2026-09-06T21:07:35.358,337,0,2,52,0,0,0,0,0,0,0x03
2026-09-06T21:07:35.358,338,0,1,51,0,0,0,0,0,0,0x03
2026-09-06T21:07:35.407,339,0,2,51,0,0,0,0,0,0,0x03
2026-09-06T21:07:35.407,340,0,1,50,0,0,0,0,0,0,0x03
2026-09-06T21:07:35.487,341,0,2,52,0,0,0,0,0,0,0x03
2026-09-06T21:07:35.488,342,0,1,52,0,0,0,0,0,0,0x03
2026-09-06T21:07:35.553,343,0,2,53,0,0,0,0,0,0,0x03
2026-09-06T21:07:35.553,344,0,1,52,0,0,0,0,0,0,0x03
2026-09-06T21:07:35.618,345,0,2,50,0,0,0,0,0,0,0x03
2026-09-06T21:07:35.618,346,0,1,51,0,0,0,0,0,0,0x03
2026-09-06T21:07:35.683,347,0,2,51,0,0,0,0,0,0,0x03
2026-09-06T21:07:35.683,348,0,1,50,0,0,0,0,0,0,0x03
2026-09-06T21:07:35.747,349,0,2,50,0,0,0,0,0,0,0x03
2026-09-06T21:07:35.747,350,0,1,51,0,0,0,0,0,0,0x03
2026-09-06T21:07:35.812,351,0,2,51,0,0,0,0,0,0,0x03
2026-09-06T21:07:35.812,352,0,1,55,0,0,0,0,0,0,0x03
2026-09-06T21:07:35.878,353,0,2,50,0,0,0,0,0,0,0x03
2026-09-06T21:07:35.878,354,0,1,52,0,0,0,0,0,0,0x03
2026-09-06T21:07:35.943,355,0,2,52,0,0,0,0,0,0,0x03
2026-09-06T21:07:35.943,356,0,1,50,0,0,0,0,0,0,0x03
2026-09-06T21:07:36.025,357,0,2,51,0,0,0,0,0,0,0x03
2026-09-06T21:07:36.025,358,0,1,51,0,0,0,0,0,0,0x03
2026-09-06T21:07:36.090,359,0,2,52,0,0,0,0,0,0,0x03
2026-09-06T21:07:36.090,360,0,1,50,0,0,0,0,0,0,0x03
2026-09-06T21:07:36.154,361,0,2,51,0,0,0,0,0,0,0x03
2026-09-06T21:07:36.154,362,0,1,50,0,0,0,0,0,0,0x03
2026-09-06T21:07:36.220,363,0,2,50,0,0,0,0,0,0,0x03
2026-09-06T21:07:36.220,364,0,1,56,0,0,0,0,0,0,0x03
2026-09-06T21:07:36.286,365,0,2,50,0,0,0,0,0,0,0x03
2026-09-06T21:07:36.286,366,0,1,51,0,0,0,0,0,0,0x03
2026-09-06T21:07:36.351,367,0,2,51,0,0,0,0,0,0,0x03
2026-09-06T21:07:36.351,368,0,1,52,0,0,0,0,0,0,0x03
2026-09-06T21:07:36.415,369,0,2,50,0,0,0,0,0,0,0x03
2026-09-06T21:07:36.415,370,0,1,50,0,0,0,0,0,0,0x03
2026-09-06T21:07:36.481,371,0,2,51,0,0,0,0,0,0,0x03
2026-09-06T21:07:36.481,372,0,1,50,0,0,0,0,0,0,0x03
2026-09-06T21:07:36.561,373,0,2,52,0,0,0,0,0,0,0x03
2026-09-06T21:07:36.561,374,0,1,50,0,0,0,0,0,0,0x03
2026-09-06T21:07:36.627,375,0,2,50,0,0,0,0,0,0,0x03
2026-09-06T21:07:36.627,376,0,1,51,0,0,0,0,0,0,0x03
2026-09-06T21:07:36.691,377,0,2,50,0,0,0,0,0,0,0x03
2026-09-06T21:07:36.691,378,0,1,51,0,0,0,0,0,0,0x03
2026-09-06T21:07:36.756,379,0,2,50,0,0,0,0,0,0,0x03
2026-09-06T21:07:36.756,380,0,1,51,0,0,0,0,0,0,0x03
2026-09-06T21:07:36.822,381,0,2,52,0,0,0,0,0,0,0x03
2026-09-06T21:07:36.822,382,0,1,51,0,0,0,0,0,0,0x03
2026-09-06T21:07:36.888,383,0,2,50,0,0,0,0,0,0,0x03
2026-09-06T21:07:36.888,384,0,1,51,0,0,0,0,0,0,0x03
2026-09-06T21:07:36.953,385,0,2,51,0,0,0,0,0,0,0x03
2026-09-06T21:07:36.953,386,0,1,50,0,0,0,0,0,0,0x03
2026-09-06T21:07:37.018,387,0,2,51,0,0,0,0,0,0,0x03
2026-09-06T21:07:37.018,388,0,1,50,0,0,0,0,0,0,0x03
2026-09-06T21:07:37.083,389,0,2,51,0,0,0,0,0,0,0x03
2026-09-06T21:07:37.083,390,0,1,51,0,0,0,0,0,0,0x03
2026-09-06T21:07:37.164,391,0,2,51,0,0,0,0,0,0,0x03
2026-09-06T21:07:37.164,392,0,1,51,0,0,0,0,0,0,0x03
2026-09-06T21:07:37.229,393,0,2,52,0,0,0,0,0,0,0x03
2026-09-06T21:07:37.229,394,0,1,51,0,0,0,0,0,0,0x03
2026-09-06T21:07:37.294,395,0,2,51,0,0,0,0,0,0,0x03
2026-09-06T21:07:37.294,396,0,1,52,0,0,0,0,0,0,0x03
2026-09-06T21:07:37.358,397,0,2,51,0,0,0,0,0,0,0x03
2026-09-06T21:07:37.358,398,0,1,51,0,0,0,0,0,0,0x03
2026-09-06T21:07:37.423,399,0,2,50,0,0,0,0,0,0,0x03
2026-09-06T21:07:37.424,400,0,1,51,0,0,0,0,0,0,0x03
2026-09-06T21:07:37.489,401,0,2,50,0,0,0,0,0,0,0x03
2026-09-06T21:07:37.489,402,0,1,52,0,0,0,0,0,0,0x03
2026-09-06T21:07:37.554,403,0,2,51,0,0,0,0,0,0,0x03
2026-09-06T21:07:37.554,404,0,1,50,0,0,0,0,0,0,0x03
2026-09-06T21:07:37.619,405,0,2,52,0,0,0,0,0,0,0x03
2026-09-06T21:07:37.619,406,0,1,50,0,0,0,0,0,0,0x03
2026-09-06T21:07:37.700,407,0,2,51,0,0,0,0,0,0,0x03
2026-09-06T21:07:37.700,408,0,1,52,0,0,0,0,0,0,0x03
2026-09-06T21:07:37.764,409,0,2,51,0,0,0,0,0,0,0x03
2026-09-06T21:07:37.764,410,0,1,52,0,0,0,0,0,0,0x03
2026-09-06T21:07:37.829,411,0,2,51,0,0,0,0,0,0,0x03
2026-09-06T21:07:37.829,412,0,1,50,0,0,0,0,0,0,0x03
2026-09-06T21:07:37.894,413,0,2,50,0,0,0,0,0,0,0x03
2026-09-06T21:07:37.894,414,0,1,50,0,0,0,0,0,0,0x03
2026-09-06T21:07:37.959,415,0,2,51,0,0,0,0,0,0,0x03
2026-09-06T21:07:37.959,416,0,1,52,0,0,0,0,0,0,0x03
2026-09-06T21:07:38.024,417,0,2,51,0,0,0,0,0,0,0x03
2026-09-06T21:07:38.024,418,0,1,50,0,0,0,0,0,0,0x03
2026-09-06T21:07:38.089,419,0,2,50,0,0,0,0,0,0,0x03
2026-09-06T21:07:38.089,420,0,1,50,0,0,0,0,0,0,0x03
2026-09-06T21:07:38.155,421,0,2,51,0,0,0,0,0,0,0x03
2026-09-06T21:07:38.155,422,0,1,50,0,0,0,0,0,0,0x03
2026-09-06T21:07:38.221,423,0,2,50,0,0,0,0,0,0,0x03
2026-09-06T21:07:38.221,424,0,1,50,0,0,0,0,0,0,0x03
2026-09-06T21:07:38.286,425,0,2,50,0,0,0,0,0,0,0x03
2026-09-06T21:07:38.286,426,0,1,50,0,0,0,0,0,0,0x03
2026-09-06T21:07:38.367,427,0,2,50,0,0,0,0,0,0,0x03
2026-09-06T21:07:38.368,428,0,1,51,0,0,0,0,0,0,0x03
2026-09-06T21:07:38.433,429,0,2,50,0,0,0,0,0,0,0x03
2026-09-06T21:07:38.433,430,0,1,52,0,0,0,0,0,0,0x03
2026-09-06T21:07:38.498,431,0,2,50,0,0,0,0,0,0,0x03
2026-09-06T21:07:38.498,432,0,1,51,0,0,0,0,0,0,0x03
2026-09-06T21:07:38.563,433,0,2,51,0,0,0,0,0,0,0x03
2026-09-06T21:07:38.563,434,0,1,54,0,0,0,0,0,0,0x03
2026-09-06T21:07:38.627,435,0,2,50,0,0,0,0,0,0,0x03
2026-09-06T21:07:38.627,436,0,1,51,0,0,0,0,0,0,0x03
2026-09-06T21:07:38.693,437,0,2,51,0,0,0,0,0,0,0x03
2026-09-06T21:07:38.693,438,0,1,50,0,0,0,0,0,0,0x03
2026-09-06T21:07:38.758,439,0,2,50,0,0,0,0,0,0,0x03
2026-09-06T21:07:38.758,440,0,1,50,0,0,0,0,0,0,0x03
2026-09-06T21:07:38.824,441,0,2,51,0,0,0,0,0,0,0x03
2026-09-06T21:07:38.824,442,0,1,52,0,0,0,0,0,0,0x03
2026-09-06T21:07:38.905,443,0,2,50,0,0,0,0,0,0,0x03
2026-09-06T21:07:38.905,444,0,1,51,0,0,0,0,0,0,0x03
2026-09-06T21:07:38.970,445,0,2,50,0,0,0,0,0,0,0x03
2026-09-06T21:07:38.970,446,0,1,50,0,0,0,0,0,0,0x03
2026-09-06T21:07:39.035,447,0,2,51,0,0,0,0,0,0,0x03
2026-09-06T21:07:39.035,448,0,1,51,0,0,0,0,0,0,0x03
2026-09-06T21:07:39.101,449,0,2,55,0,0,0,0,0,0,0x03
2026-09-06T21:07:39.101,450,0,1,51,0,0,30299,0,0,27553,0x07
2026-09-06T21:07:39.165,451,0,2,51,0,0,4439,0,0,13709,0x07
2026-09-06T21:07:39.165,452,0,1,50,3371,180,40000,3015,0,40000,0x07
2026-09-06T21:07:39.231,453,0,2,51,0,0,4483,1306,294,18009,0x07
2026-09-06T21:07:39.231,454,0,1,50,3247,1020,38747,3250,0,40000,0x07
2026-09-06T21:07:39.296,455,0,2,50,240,60,5249,813,220,11859,0x07
2026-09-06T21:07:39.296,456,0,1,51,3257,1157,38284,3204,0,40000,0x07
2026-09-06T21:07:39.555,457,0,2,51,162,20,4444,788,275,11297,0x07
2026-09-06T21:07:39.555,458,0,1,51,3244,1471,36790,3188,0,40000,0x07
2026-09-06T21:07:39.702,459,0,2,52,179,0,4744,770,288,11008,0x07
2026-09-06T21:07:39.702,460,0,1,51,3275,1902,35348,3500,0,40000,0x07
2026-09-06T21:07:39.767,461,0,2,50,179,20,4659,770,320,10874,0x07
2026-09-06T21:07:39.767,462,0,1,50,0,0,24992,0,0,31006,0x07
2026-09-06T21:07:39.832,463,0,2,51,0,0,5181,0,0,9684,0x07
2026-09-06T21:07:39.832,464,0,1,51,0,0,0,0,0,0,0x03
2026-09-06T21:07:39.897,465,0,2,52,0,0,0,0,0,0,0x03
2026-09-06T21:07:39.897,466,0,1,52,0,0,22241,0,0,19660,0x07
2026-09-06T21:07:39.962,467,0,2,51,-1228,-39,17708,-860,0,13409,0x07
2026-09-06T21:07:39.962,468,0,1,51,-2394,-353,30916,-2082,-333,27091,0x07
2026-09-06T21:07:40.027,469,0,2,50,-1228,-1320,12265,-860,-580,10944,0x07
2026-09-06T21:07:40.027,470,0,1,51,0,0,12942,0,0,8125,0x07
2026-09-06T21:07:40.109,471,0,2,51,-1287,-1078,14025,-1404,-922,16627,0x07
2026-09-06T21:07:40.109,472,0,1,55,2255,473,28666,2294,0,31200,0x07
2026-09-06T21:07:40.175,473,0,2,50,-1396,-620,17346,-1842,-860,22633,0x07
2026-09-06T21:07:40.175,474,0,1,50,2255,580,28210,2294,0,31200,0x07
2026-09-06T21:07:40.239,475,0,2,59,-1985,-847,23748,319,68,6032,0x07
2026-09-06T21:07:40.239,476,0,1,51,0,0,0,0,0,0,0x03
2026-09-06T21:07:40.304,477,0,2,50,0,0,4918,0,0,24384,0x07
2026-09-06T21:07:40.304,478,0,1,51,0,0,0,0,0,0,0x03
2026-09-06T21:07:40.369,479,0,2,50,0,0,6026,-2511,-300,33780,0x07
2026-09-06T21:07:40.369,480,0,1,51,0,0,0,0,0,0,0x03
2026-09-06T21:07:40.434,481,0,2,51,-427,-922,3923,-1307,-1725,11943,0x07
2026-09-06T21:07:40.434,482,0,1,50,0,0,0,0,0,0,0x03
2026-09-06T21:07:40.499,483,0,2,51,0,0,7871,0,0,13439,0x07
2026-09-06T21:07:40.499,484,0,1,52,0,0,0,0,0,0,0x03
2026-09-06T21:07:40.564,485,0,2,50,650,160,9953,1275,240,17839,0x07
2026-09-06T21:07:40.564,486,0,1,51,0,0,0,0,0,0,0x03
2026-09-06T21:07:40.824,487,0,2,50,1289,140,18043,1786,580,23084,0x07
2026-09-06T21:07:40.824,488,0,1,50,0,0,0,0,0,0,0x03
2026-09-06T21:07:40.906,489,0,2,51,1289,412,16888,1786,588,23049,0x07
2026-09-06T21:07:40.906,490,0,1,52,0,0,0,0,0,0,0x03
2026-09-06T21:07:40.971,491,0,2,50,1274,600,15894,1832,660,23354,0x07
2026-09-06T21:07:40.971,492,0,1,51,0,0,0,0,0,0,0x03
2026-09-06T21:07:41.037,493,0,2,51,0,0,8462,0,0,14831,0x07
2026-09-06T21:07:41.037,494,0,1,52,0,0,0,0,0,0,0x03
2026-09-06T21:07:41.102,495,0,2,51,0,0,0,0,0,0,0x03
2026-09-06T21:07:41.102,496,0,1,50,0,0,0,0,0,0,0x03
2026-09-06T21:07:41.167,497,0,2,50,0,0,20680,0,0,22924,0x07
2026-09-06T21:07:41.167,498,0,1,52,0,0,0,0,0,0,0x03
2026-09-06T21:07:41.248,499,0,2,50,2198,380,28409,2346,440,31025,0x07
2026-09-06T21:07:41.248,500,0,1,50,0,0,0,0,0,0,0x03
2026-09-06T21:07:41.314,501,0,2,50,1816,980,21063,2368,1340,27493,0x07
2026-09-06T21:07:41.314,502,0,1,50,0,0,0,0,0,0,0x03
2026-09-06T21:07:41.378,503,0,2,50,1570,1220,16968,2161,1380,24598,0x07
2026-09-06T21:07:41.378,504,0,1,50,0,0,0,0,0,0,0x03
2026-09-06T21:07:41.443,505,0,2,50,1456,1300,15199,2030,1640,21782,0x07
2026-09-06T21:07:41.443,506,0,1,50,0,0,0,0,0,0,0x03
2026-09-06T21:07:41.508,507,0,2,51,1312,1333,13259,1904,1922,18938,0x07
2026-09-06T21:07:41.508,508,0,1,51,0,0,0,0,0,0,0x03
2026-09-06T21:07:41.573,509,0,2,51,460,1373,2417,1280,1235,13674,0x07
2026-09-06T21:07:41.573,510,0,1,52,0,0,0,0,0,0,0x03
2026-09-06T21:07:41.639,511,0,2,50,412,460,5703,1322,1180,14459,0x07
2026-09-06T21:07:41.639,512,0,1,51,0,0,0,0,0,0,0x03
2026-09-06T21:07:41.704,513,0,2,51,412,1000,3408,1322,1118,14724,0x07
2026-09-06T21:07:41.704,514,0,1,50,0,0,0,0,0,0,0x03
2026-09-06T21:07:41.785,515,0,2,52,0,0,11357,0,0,16800,0x07
2026-09-06T21:07:41.785,516,0,1,50,0,0,0,0,0,0,0x03
2026-09-06T21:07:41.850,517,0,2,52,-1071,-115,15419,-1655,-212,22934,0x07
2026-09-06T21:07:41.850,518,0,1,52,0,0,0,0,0,0,0x03
2026-09-06T21:07:41.915,519,0,2,55,-1277,-327,17091,-1844,-545,23997,0x07
2026-09-06T21:07:41.915,520,0,1,52,0,0,0,0,0,0,0x03
2026-09-06T21:07:41.980,521,0,2,59,-1277,-492,16393,-1844,-407,24587,0x07
2026-09-06T21:07:41.980,522,0,1,52,0,0,0,0,0,0,0x03
2026-09-06T21:07:42.045,523,0,2,52,-807,-692,9663,-1514,-750,18806,0x07
2026-09-06T21:07:42.045,524,0,1,52,0,0,0,0,0,0,0x03
2026-09-06T21:07:42.110,525,0,2,51,-477,-706,5470,-1255,-922,14677,0x07
2026-09-06T21:07:42.111,526,0,1,50,0,0,0,0,0,0,0x03
2026-09-06T21:07:42.175,527,0,2,51,-473,-549,6082,-1260,-922,14736,0x07
2026-09-06T21:07:42.175,528,0,1,51,0,0,0,0,0,0,0x03
2026-09-06T21:07:42.241,529,0,2,50,-494,-600,6127,-1238,-1040,13949,0x07
2026-09-06T21:07:42.241,530,0,1,58,582,0,9765,2665,0,35924,0x07
2026-09-06T21:07:42.306,531,0,2,50,-489,-600,6072,-1242,-1020,14093,0x07
2026-09-06T21:07:42.306,532,0,1,50,582,60,9510,2665,0,35924,0x07
2026-09-06T21:07:42.371,533,0,2,55,-526,-618,6452,-1205,-1055,13451,0x07
2026-09-06T21:07:42.371,534,0,1,50,477,60,8194,1293,0,18479,0x07
2026-09-06T21:07:42.452,535,0,2,50,-526,-600,6529,-1205,-940,13938,0x07
2026-09-06T21:07:42.452,536,0,1,51,478,98,8046,1254,0,17989,0x07
2026-09-06T21:07:42.517,537,0,2,50,-566,-620,6955,-1162,-960,13298,0x07
2026-09-06T21:07:42.517,538,0,1,55,502,145,8148,1229,0,17669,0x07
2026-09-06T21:07:42.581,539,0,2,50,-693,-500,9049,-1236,-940,14342,0x07
2026-09-06T21:07:42.581,540,0,1,50,502,140,8171,1229,0,17669,0x07
2026-09-06T21:07:42.647,541,0,2,51,-1241,-667,15196,-1688,-1196,19181,0x07
2026-09-06T21:07:42.647,542,0,1,50,504,100,8366,1227,0,17643,0x07
2026-09-06T21:07:42.712,543,0,2,50,-1606,-720,19540,-2041,-1100,24220,0x07
2026-09-06T21:07:42.712,544,0,1,50,494,120,8159,1238,0,17776,0x07
2026-09-06T21:07:42.777,545,0,2,54,-2527,-1204,29018,-2800,-1389,32943,0x07
2026-09-06T21:07:42.777,546,0,1,51,527,137,8494,1203,0,17340,0x07
2026-09-06T21:07:42.842,547,0,2,50,-2527,-1440,28014,-2800,-1740,31451,0x07
2026-09-06T21:07:42.842,548,0,1,51,497,235,7707,1234,0,17731,0x07
2026-09-06T21:07:42.906,549,0,2,50,-2801,-1620,30687,-3055,-1920,34026,0x07
2026-09-06T21:07:42.906,550,0,1,55,3374,200,40000,2484,0,33615,0x07
2026-09-06T21:07:42.988,551,0,2,50,0,0,0,0,0,0,0x03
2026-09-06T21:07:42.988,552,0,1,52,3374,865,40000,2484,0,33615,0x07
2026-09-06T21:07:43.053,553,0,2,50,0,0,0,0,0,0,0x03
2026-09-06T21:07:43.053,554,0,1,50,3288,920,39673,3347,0,40000,0x07
2026-09-06T21:07:43.117,555,0,2,52,0,0,0,0,0,0,0x03
2026-09-06T21:07:43.117,556,0,1,53,3333,1547,37578,3500,0,40000,0x07
2026-09-06T21:07:43.183,557,0,2,51,0,0,0,0,0,0,0x03
2026-09-06T21:07:43.183,558,0,1,52,3333,1769,36634,3500,0,40000,0x07
2026-09-06T21:07:43.248,559,0,2,51,0,0,0,0,0,0,0x03
2026-09-06T21:07:43.248,560,0,1,51,3253,2059,34395,3500,0,40000,0x07
2026-09-06T21:07:43.313,561,0,2,51,0,0,0,0,0,0,0x03
2026-09-06T21:07:43.313,562,0,1,50,0,0,0,0,0,0,0x03
2026-09-06T21:07:43.378,563,0,2,51,0,0,0,0,0,0,0x03
2026-09-06T21:07:43.378,564,0,1,50,0,0,3966,0,0,15282,0x07
2026-09-06T21:07:43.444,565,0,2,50,0,0,0,0,0,0,0x03
2026-09-06T21:07:43.444,566,0,1,50,0,0,19391,0,0,23365,0x07
2026-09-06T21:07:43.525,567,0,2,52,0,0,0,0,0,0,0x03
2026-09-06T21:07:43.525,568,0,1,50,-2049,-60,27843,-2520,-200,33224,0x07
2026-09-06T21:07:43.591,569,0,2,52,0,0,0,0,0,0,0x03
2026-09-06T21:07:43.591,570,0,1,52,-3236,-942,38930,-2590,-981,30804,0x07
2026-09-06T21:07:43.656,571,0,2,52,0,0,0,0,0,0,0x03
2026-09-06T21:07:43.656,572,0,1,50,-3236,-1100,38260,-2590,-1260,29617,0x07
2026-09-06T21:07:43.721,573,0,2,50,0,0,0,0,0,0,0x03
2026-09-06T21:07:43.721,574,0,1,51,-2313,-1137,26571,-1623,-1294,17179,0x07
2026-09-06T21:07:43.785,575,0,2,52,0,0,0,0,0,0,0x03
2026-09-06T21:07:43.785,576,0,1,51,-1497,-1451,15039,-750,-745,8417,0x07
2026-09-06T21:07:43.851,577,0,2,55,0,0,0,0,0,0,0x03
2026-09-06T21:07:43.851,578,0,1,50,-1239,-1440,11861,-464,-620,5313,0x07
2026-09-06T21:07:43.916,579,0,2,50,0,0,0,0,0,0,0x03
2026-09-06T21:07:43.916,580,0,1,50,0,0,0,0,0,0,0x03
2026-09-06T21:07:43.982,581,0,2,50,0,0,0,0,0,0,0x03
2026-09-06T21:07:43.982,582,0,1,56,-1084,-36,15889,-626,-18,9924,0x07
2026-09-06T21:07:44.048,583,0,2,51,0,0,0,0,0,0,0x03
2026-09-06T21:07:44.048,584,0,1,51,-1084,-902,12208,-626,-333,8583,0x07
2026-09-06T21:07:44.130,585,0,2,51,0,0,0,0,0,0,0x03
2026-09-06T21:07:44.130,586,0,1,51,-1609,-706,19598,-1302,-373,17011,0x07
2026-09-06T21:07:44.178,587,0,2,51,0,0,0,0,0,0,0x03
2026-09-06T21:07:44.178,588,0,1,52,-2197,-808,26521,-2042,-481,25958,0x07
2026-09-06T21:07:44.260,589,0,2,50,0,0,0,0,0,0,0x03
2026-09-06T21:07:44.260,590,0,1,51,-2624,-1098,30617,-2535,-961,30190,0x07
2026-09-06T21:07:44.324,591,0,2,50,0,0,0,0,0,0,0x03
2026-09-06T21:07:44.324,592,0,1,50,0,0,0,0,0,0,0x03
2026-09-06T21:07:44.390,593,0,2,51,0,0,0,0,0,0,0x03
2026-09-06T21:07:44.390,594,0,1,53,-3188,-75,40000,-3322,-19,40000,0x07
2026-09-06T21:07:44.455,595,0,2,51,0,0,0,0,0,0,0x03
2026-09-06T21:07:44.455,596,0,1,50,-3188,-1980,33929,-3322,-1500,37899,0x07
2026-09-06T21:07:44.520,597,0,2,51,0,0,0,0,0,0,0x03
2026-09-06T21:07:44.520,598,0,1,51,-3273,-2020,34818,-3500,-1608,39702,0x07
2026-09-06T21:07:44.584,599,0,2,50,0,0,0,0,0,0,0x03
2026-09-06T21:07:44.584,600,0,1,50,-3033,-1760,32924,-3446,-1780,38280,0x07
2026-09-06T21:07:44.650,601,0,2,50,0,0,0,0,0,0,0x03
2026-09-06T21:07:44.650,602,0,1,50,-3033,-1920,32244,-3446,-1860,37940,0x07
2026-09-06T21:07:44.716,603,0,2,54,0,0,0,0,0,0,0x03
2026-09-06T21:07:44.716,604,0,1,50,-2912,-2200,29545,-3308,-2000,35588,0x07
2026-09-06T21:07:44.797,605,0,2,52,0,0,0,0,0,0,0x03
2026-09-06T21:07:44.797,606,0,1,50,-2832,-2220,28456,-3215,-2040,34243,0x07
2026-09-06T21:07:44.861,607,0,2,51,0,0,0,0,0,0,0x03
2026-09-06T21:07:44.861,608,0,1,53,-2490,-2245,24068,-2973,-2264,30212,0x07
2026-09-06T21:07:44.926,609,0,2,52,0,0,0,0,0,0,0x03
2026-09-06T21:07:44.926,610,0,1,51,-2490,-2176,24360,-2973,-2196,30501,0x07
2026-09-06T21:07:44.992,611,0,2,50,0,0,0,0,0,0,0x03
2026-09-06T21:07:44.992,612,0,1,51,-2231,-2314,20545,-2706,-2176,27186,0x07
2026-09-06T21:07:45.057,613,0,2,51,0,0,0,0,0,0,0x03
2026-09-06T21:07:45.057,614,0,1,50,-2231,-2100,21454,-2706,-2280,26746,0x07
2026-09-06T21:07:45.121,615,0,2,52,0,0,0,0,0,0,0x03
2026-09-06T21:07:45.121,616,0,1,51,-2274,-1980,22498,-2707,-2157,27288,0x07
2026-09-06T21:07:45.186,617,0,2,50,0,0,0,0,0,0,0x03
2026-09-06T21:07:45.186,618,0,1,50,0,0,0,0,0,0,0x03
2026-09-06T21:07:45.252,619,0,2,51,0,0,30402,0,0,27824,0x07
2026-09-06T21:07:45.252,620,0,1,50,0,0,0,0,0,0,0x03
2026-09-06T21:07:45.333,621,0,2,50,-3374,-460,40000,-2899,-380,38530,0x07
2026-09-06T21:07:45.333,622,0,1,50,0,0,0,0,0,0,0x03
2026-09-06T21:07:45.398,623,0,2,57,-2962,-1596,32794,-2741,-2000,29571,0x07
2026-09-06T21:07:45.398,624,0,1,50,0,0,0,0,0,0,0x03
2026-09-06T21:07:45.463,625,0,2,50,-2962,-1580,32864,-2741,-1020,33736,0x07
2026-09-06T21:07:45.463,626,0,1,51,0,0,0,0,0,0,0x03
2026-09-06T21:07:45.529,627,0,2,52,-2904,-1423,32809,-2706,-1327,31976,0x07
2026-09-06T21:07:45.529,628,0,1,51,0,0,15739,0,0,20948,0x07
2026-09-06T21:07:45.594,629,0,2,60,2385,183,31585,2071,117,28797,0x07
2026-09-06T21:07:45.594,630,0,1,51,-1606,-549,20231,-2234,-549,28109,0x07
2026-09-06T21:07:45.660,631,0,2,50,2385,720,29304,2071,1240,24023,0x07
2026-09-06T21:07:45.660,632,0,1,52,-544,-769,6024,-1280,-1327,12675,0x07
2026-09-06T21:07:45.725,633,0,2,50,2057,1100,23579,1531,2020,13619,0x07
2026-09-06T21:07:45.725,634,0,1,51,0,0,0,0,0,0,0x03
2026-09-06T21:07:45.790,635,0,2,51,0,0,29629,0,0,30996,0x07
2026-09-06T21:07:45.790,636,0,1,50,0,0,0,0,0,0,0x03
2026-09-06T21:07:45.855,637,0,2,58,-3305,-2034,35232,-3398,-2500,36068,0x07
2026-09-06T21:07:45.855,638,0,1,51,0,0,0,0,0,0,0x03
2026-09-06T21:07:45.936,639,0,2,51,-3305,-1549,37296,-3398,-2745,35026,0x07
2026-09-06T21:07:45.936,640,0,1,52,0,0,0,0,0,0,0x03
2026-09-06T21:07:46.000,641,0,2,51,-3343,-1216,39186,-3427,-2510,36402,0x07
2026-09-06T21:07:46.000,642,0,1,50,0,0,6656,0,0,12419,0x07
2026-09-06T21:07:46.065,643,0,2,50,-3362,-1880,36600,-3422,-2240,37478,0x07
2026-09-06T21:07:46.065,644,0,1,58,726,17,11492,551,34,8904,0x07
2026-09-06T21:07:46.131,645,0,2,50,-3212,-2120,33700,-2828,-2260,29604,0x07
2026-09-06T21:07:46.131,646,0,1,51,726,353,10065,551,216,8134,0x07
2026-09-06T21:07:46.196,647,0,2,50,-3146,-2440,31512,-3128,-2020,34560,0x07
2026-09-06T21:07:46.196,648,0,1,51,867,118,12833,719,20,11103,0x07
2026-09-06T21:07:46.261,649,0,2,53,-3312,-2774,32177,-3500,-2396,37838,0x07
2026-09-06T21:07:46.261,650,0,1,50,962,140,13924,668,0,10538,0x07
2026-09-06T21:07:46.327,651,0,2,51,-3312,-2784,32131,-3500,-2725,36439,0x07
2026-09-06T21:07:46.327,652,0,1,51,-535,0,9174,2305,39,31175,0x07
2026-09-06T21:07:46.392,653,0,2,50,-3286,-2580,32670,-3500,-3080,34932,0x07
2026-09-06T21:07:46.392,654,0,1,50,0,0,5683,2305,280,30151,0x07
2026-09-06T21:07:46.457,655,0,2,50,-2987,-2080,31051,-3488,-3160,34441,0x07
2026-09-06T21:07:46.457,656,0,1,50,387,140,6733,1303,60,18349,0x07
2026-09-06T21:07:46.522,657,0,2,54,0,0,0,0,0,0,0x03
2026-09-06T21:07:46.522,658,0,1,51,0,0,20432,0,0,17380,0x07
2026-09-06T21:07:46.603,659,0,2,50,0,0,24888,0,0,10977,0x07
2026-09-06T21:07:46.603,660,0,1,51,0,0,7640,-1812,-490,22999,0x07
2026-09-06T21:07:46.669,661,0,2,50,0,0,0,0,0,0,0x03
2026-09-06T21:07:46.669,662,0,1,51,0,0,30324,-2398,-431,30687,0x07
2026-09-06T21:07:46.733,663,0,2,52,0,0,14817,0,0,17973,0x07
2026-09-06T21:07:46.733,664,0,1,54,-2653,-2056,26918,-2233,-463,28457,0x07
2026-09-06T21:07:46.798,665,0,2,52,0,0,26049,0,0,25659,0x07
2026-09-06T21:07:46.798,666,0,1,50,-2653,-2020,27070,-2233,-440,28555,0x07
2026-09-06T21:07:46.864,667,0,2,51,2848,647,35402,2655,451,35025,0x07
2026-09-06T21:07:46.864,668,0,1,50,0,0,10807,0,0,15567,0x07
2026-09-06T21:07:46.929,669,0,2,53,0,0,0,0,0,0,0x03
2026-09-06T21:07:46.929,670,0,1,52,1008,212,14193,1598,192,21542,0x07
2026-09-06T21:07:46.994,671,0,2,51,0,0,0,0,0,0,0x03
2026-09-06T21:07:46.994,672,0,1,56,1037,18,15374,1622,0,22661,0x07
2026-09-06T21:07:47.060,673,0,2,51,0,0,0,0,0,0,0x03
2026-09-06T21:07:47.060,674,0,1,50,1037,180,14685,1622,0,22661,0x07
2026-09-06T21:07:47.141,675,0,2,50,0,0,0,0,0,0,0x03
2026-09-06T21:07:47.141,676,0,1,51,1252,294,16886,1772,0,24566,0x07
2026-09-06T21:07:47.206,677,0,2,51,0,0,0,0,0,0,0x03
2026-09-06T21:07:47.206,678,0,1,50,1688,440,21716,2106,40,28644,0x07
2026-09-06T21:07:47.271,679,0,2,51,0,0,0,0,0,0,0x03
2026-09-06T21:07:47.271,680,0,1,50,1614,760,19436,2144,0,29295,0x07
2026-09-06T21:07:47.336,681,0,2,50,0,0,0,0,0,0,0x03
2026-09-06T21:07:47.336,682,0,1,52,1633,827,19383,2152,0,29397,0x07
2026-09-06T21:07:47.401,683,0,2,51,0,0,0,0,0,0,0x03
2026-09-06T21:07:47.401,684,0,1,57,463,807,4842,1270,0,18189,0x07
2026-09-06T21:07:47.466,685,0,2,51,0,0,0,0,0,0,0x03
2026-09-06T21:07:47.466,686,0,1,51,463,549,5939,1270,0,18189,0x07
2026-09-06T21:07:47.531,687,0,2,50,0,0,0,0,0,0,0x03
2026-09-06T21:07:47.531,688,0,1,51,0,0,11723,0,0,16411,0x07
2026-09-06T21:07:47.596,689,0,2,51,0,0,0,0,0,0,0x03
2026-09-06T21:07:47.596,690,0,1,50,-1119,-40,16309,-1698,-40,23457,0x07
2026-09-06T21:07:47.662,691,0,2,50,0,0,0,0,0,0,0x03
2026-09-06T21:07:47.662,692,0,1,50,-2289,-660,28291,-2470,-300,32167,0x07
2026-09-06T21:07:47.744,693,0,2,50,0,0,0,0,0,0,0x03
2026-09-06T21:07:47.744,694,0,1,50,-2954,-1340,33718,-3056,-600,38339,0x07
2026-09-06T21:07:47.808,695,0,2,51,0,0,0,0,0,0,0x03
2026-09-06T21:07:47.809,696,0,1,50,-3245,-1460,36852,-3331,-960,40000,0x07
2026-09-06T21:07:47.873,697,0,2,51,0,0,0,0,0,0,0x03
2026-09-06T21:07:47.873,698,0,1,51,-3368,-1784,37004,-3436,-1627,38801,0x07
2026-09-06T21:07:47.939,699,0,2,50,0,0,0,0,0,0,0x03
2026-09-06T21:07:47.939,700,0,1,50,-3370,-1660,37558,-3482,-1680,39169,0x07
2026-09-06T21:07:48.004,701,0,2,50,0,0,0,0,0,0,0x03
2026-09-06T21:07:48.004,702,0,1,51,-3374,-1608,37830,-3451,-1588,39167,0x07
2026-09-06T21:07:48.069,703,0,2,51,0,0,0,0,0,0,0x03
2026-09-06T21:07:48.069,704,0,1,50,-3374,-2120,35654,-3411,-1200,40000,0x07
2026-09-06T21:07:48.134,705,0,2,51,0,0,0,0,0,0,0x03
2026-09-06T21:07:48.134,706,0,1,51,-3374,-2373,34580,-3375,-1020,40000,0x07
2026-09-06T21:07:48.198,707,0,2,54,0,0,0,0,0,0,0x03
2026-09-06T21:07:48.198,708,0,1,51,-3336,-1824,36433,-3500,-902,40000,0x07
2026-09-06T21:07:48.263,709,0,2,51,0,0,0,0,0,0,0x03
2026-09-06T21:07:48.263,710,0,1,54,-3199,-1519,36021,-3428,-1722,38299,0x07
2026-09-06T21:07:48.345,711,0,2,51,0,0,0,0,0,0,0x03
2026-09-06T21:07:48.345,712,0,1,51,-3199,-1824,34724,-3428,-1549,39035,0x07
2026-09-06T21:07:48.410,713,0,2,51,0,0,0,0,0,0,0x03
2026-09-06T21:07:48.410,714,0,1,51,-2841,-2275,28333,-3052,-1235,35591,0x07
2026-09-06T21:07:48.474,715,0,2,54,0,0,0,0,0,0,0x03
2026-09-06T21:07:48.474,716,0,1,51,-2397,-902,28613,-2689,-1059,31731,0x07
2026-09-06T21:07:48.540,717,0,2,51,0,0,0,0,0,0,0x03
2026-09-06T21:07:48.540,718,0,1,51,-2261,-627,28083,-2437,-1471,26769,0x07
2026-09-06T21:07:48.605,719,0,2,50,0,0,0,0,0,0,0x03
2026-09-06T21:07:48.605,720,0,1,50,0,0,0,0,0,0,0x03
2026-09-06T21:07:48.670,721,0,2,50,0,0,17047,0,0,19321,0x07
2026-09-06T21:07:48.670,722,0,1,51,0,0,0,0,0,0,0x03
2026-09-06T21:07:48.736,723,0,2,50,-1759,-220,23589,-1939,-100,27138,0x07
2026-09-06T21:07:48.736,724,0,1,52,0,0,0,0,0,0,0x03
2026-09-06T21:07:48.800,725,0,2,50,0,0,9833,0,0,14006,0x07
2026-09-06T21:07:48.800,726,0,1,51,0,0,0,0,0,0,0x03
2026-09-06T21:07:48.866,727,0,2,55,114,800,520,974,964,10819,0x07
2026-09-06T21:07:48.866,728,0,1,50,0,0,0,0,0,0,0x03
2026-09-06T21:07:48.947,729,0,2,50,114,500,1795,974,1160,9984,0x07
2026-09-06T21:07:48.948,730,0,1,51,0,0,0,0,0,0,0x03
2026-09-06T21:07:49.012,731,0,2,51,8,0,2593,840,196,12323,0x07
2026-09-06T21:07:49.012,732,0,1,50,0,0,0,0,0,0,0x03
2026-09-06T21:07:49.077,733,0,2,51,80,0,3498,774,255,11197,0x07
2026-09-06T21:07:49.077,734,0,1,51,-1313,0,18908,-1698,0,23622,0x07
2026-09-06T21:07:49.143,735,0,2,51,107,20,3757,737,353,10307,0x07
2026-09-06T21:07:49.143,736,0,1,51,-1313,-196,18075,-1698,-196,22789,0x07
2026-09-06T21:07:49.208,737,0,2,51,304,0,6302,1435,373,19363,0x07
2026-09-06T21:07:49.208,738,0,1,50,0,0,0,0,0,0,0x03
2026-09-06T21:07:49.273,739,0,2,54,256,296,4443,592,556,7533,0x07
2026-09-06T21:07:49.273,740,0,1,51,0,0,0,0,0,0,0x03
2026-09-06T21:07:49.339,741,0,2,52,256,38,5539,592,154,9240,0x07
2026-09-06T21:07:49.339,742,0,1,55,0,0,0,0,0,0,0x03
2026-09-06T21:07:49.405,743,0,2,52,107,19,3754,702,19,11257,0x07
2026-09-06T21:07:49.405,744,0,1,51,0,0,0,0,0,0,0x03
2026-09-06T21:07:49.486,745,0,2,50,336,0,6700,826,0,12968,0x07
2026-09-06T21:07:49.486,746,0,1,50,0,0,0,0,0,0,0x03
2026-09-06T21:07:49.535,747,0,2,55,521,18,8937,1007,0,15335,0x07
2026-09-06T21:07:49.535,748,0,1,50,0,0,0,0,0,0,0x03
2026-09-06T21:07:49.616,749,0,2,51,521,0,9015,1007,0,15335,0x07
2026-09-06T21:07:49.616,750,0,1,50,0,0,0,0,0,0,0x03
2026-09-06T21:07:49.682,751,0,2,51,551,0,9395,1045,0,15841,0x07
2026-09-06T21:07:49.682,752,0,1,50,0,0,0,0,0,0,0x03
2026-09-06T21:07:49.747,753,0,2,51,561,0,9522,1063,0,16075,0x07
2026-09-06T21:07:49.747,754,0,1,55,0,0,0,0,0,0,0x03
2026-09-06T21:07:49.813,755,0,2,50,639,0,10493,1099,0,16542,0x07
2026-09-06T21:07:49.813,756,0,1,51,0,0,0,0,0,0,0x03
2026-09-06T21:07:49.878,757,0,2,50,668,0,10861,1133,0,16992,0x07
2026-09-06T21:07:49.878,758,0,1,50,0,0,0,0,0,0,0x03
2026-09-06T21:07:49.943,759,0,2,55,603,0,10045,1127,0,16919,0x07
2026-09-06T21:07:49.943,760,0,1,52,0,0,0,0,0,0,0x03
2026-09-06T21:07:50.008,761,0,2,50,603,0,10045,1127,0,16919,0x07
2026-09-06T21:07:50.008,762,0,1,55,0,0,0,0,0,0,0x03
2026-09-06T21:07:50.073,763,0,2,52,641,0,10519,0,0,17644,0x07
2026-09-06T21:07:50.073,764,0,1,51,0,0,0,0,0,0,0x03
2026-09-06T21:07:50.139,765,0,2,51,1687,0,23620,-1750,-314,23748,0x07
2026-09-06T21:07:50.139,766,0,1,51,0,0,0,0,0,0,0x03
2026-09-06T21:07:50.219,767,0,2,57,1687,0,23620,-1750,-526,22845,0x07
2026-09-06T21:07:50.219,768,0,1,50,0,0,0,0,0,0,0x03
2026-09-06T21:07:50.284,769,0,2,51,1687,0,23620,-1750,-333,23665,0x07
2026-09-06T21:07:50.284,770,0,1,50,0,0,0,0,0,0,0x03
2026-09-06T21:07:50.349,771,0,2,52,1687,0,23620,-1750,-481,23038,0x07
2026-09-06T21:07:50.349,772,0,1,52,0,0,0,0,0,0,0x03
2026-09-06T21:07:50.414,773,0,2,51,1687,216,22703,-1750,-451,23165,0x07
2026-09-06T21:07:50.414,774,0,1,50,0,0,0,0,0,0,0x03
2026-09-06T21:07:50.479,775,0,2,50,0,0,0,0,0,0,0x03
2026-09-06T21:07:50.479,776,0,1,52,0,0,0,0,0,0,0x03
2026-09-06T21:07:50.543,777,0,2,51,0,0,3426,0,0,10316,0x07
2026-09-06T21:07:50.543,778,0,1,52,0,0,0,0,0,0,0x03
2026-09-06T21:07:50.608,779,0,2,51,9,157,1944,850,882,9531,0x07
2026-09-06T21:07:50.608,780,0,1,52,0,0,0,0,0,0,0x03
2026-09-06T21:07:50.673,781,0,2,51,0,0,2530,850,824,9781,0x07
2026-09-06T21:07:50.673,782,0,1,50,0,0,0,0,0,0,0x03
2026-09-06T21:07:50.755,783,0,2,52,-4,0,2547,863,96,13042,0x07
2026-09-06T21:07:50.755,784,0,1,52,0,0,0,0,0,0,0x03
2026-09-06T21:07:50.820,785,0,2,52,-75,0,3433,0,0,10267,0x07
2026-09-06T21:07:50.820,786,0,1,50,0,0,0,0,0,0,0x03
2026-09-06T21:07:50.884,787,0,2,54,-559,-130,8951,-1021,-685,12607,0x07
2026-09-06T21:07:50.884,788,0,1,51,0,0,0,0,0,0,0x03
2026-09-06T21:07:50.949,789,0,2,50,-559,-320,8141,-1021,-1000,11269,0x07
2026-09-06T21:07:50.949,790,0,1,51,0,0,0,0,0,0,0x03
2026-09-06T21:07:51.014,791,0,2,52,-627,-365,8797,-1110,-365,15131,0x07
2026-09-06T21:07:51.014,792,0,1,50,0,0,0,0,0,0,0x03
2026-09-06T21:07:51.080,793,0,2,51,-644,-20,10482,-1146,0,17158,0x07
2026-09-06T21:07:51.080,794,0,1,50,0,0,0,0,0,0,0x03
2026-09-06T21:07:51.145,795,0,2,52,-557,0,9475,-1110,0,16684,0x07
2026-09-06T21:07:51.145,796,0,1,51,0,0,0,0,0,0,0x03
2026-09-06T21:07:51.226,797,0,2,50,-493,0,8665,-1057,0,15996,0x07
2026-09-06T21:07:51.226,798,0,1,52,0,0,0,0,0,0,0x03
2026-09-06T21:07:51.290,799,0,2,51,-372,0,7152,-947,0,14552,0x07
2026-09-06T21:07:51.290,800,0,1,52,0,0,0,0,0,0,0x03
2026-09-06T21:07:51.355,801,0,2,51,-372,0,7152,-947,0,14552,0x07
2026-09-06T21:07:51.355,802,0,1,51,0,0,0,0,0,0,0x03
2026-09-06T21:07:51.421,803,0,2,50,-358,0,6983,-933,0,14368,0x07
2026-09-06T21:07:51.421,804,0,1,51,0,0,0,0,0,0,0x03
2026-09-06T21:07:51.486,805,0,2,51,-352,0,6903,-925,0,14266,0x07
2026-09-06T21:07:51.486,806,0,1,50,0,0,0,0,0,0,0x03
2026-09-06T21:07:51.550,807,0,2,50,0,0,16450,-922,0,14225,0x07
2026-09-06T21:07:51.551,808,0,1,50,0,0,0,0,0,0,0x03
2026-09-06T21:07:51.616,809,0,2,51,1687,353,22120,-1750,0,25082,0x07
2026-09-06T21:07:51.616,810,0,1,50,0,0,0,0,0,0,0x03
2026-09-06T21:07:51.681,811,0,2,54,1687,519,21416,-1750,-111,24609,0x07
2026-09-06T21:07:51.681,812,0,1,51,0,0,0,0,0,0,0x03
2026-09-06T21:07:51.746,813,0,2,51,1687,745,20453,-1750,-392,23415,0x07
2026-09-06T21:07:51.746,814,0,1,52,0,0,0,0,0,0,0x03
2026-09-06T21:07:51.828,815,0,2,52,1687,923,19697,-1750,-635,22384,0x07
2026-09-06T21:07:51.828,816,0,1,51,0,0,0,0,0,0,0x03
2026-09-06T21:07:51.893,817,0,2,51,1687,980,19453,-1750,-510,22915,0x07
2026-09-06T21:07:51.893,818,0,1,52,0,0,0,0,0,0,0x03
2026-09-06T21:07:51.958,819,0,2,55,0,0,0,0,0,0,0x03
2026-09-06T21:07:51.958,820,0,1,51,0,0,0,0,0,0,0x03
2026-09-06T21:07:52.024,821,0,2,52,0,0,20333,0,0,14927,0x07
2026-09-06T21:07:52.024,822,0,1,50,0,0,0,0,0,0,0x03
2026-09-06T21:07:52.089,823,0,2,50,-2157,-200,28649,-1443,-200,20211,0x07
2026-09-06T21:07:52.090,824,0,1,52,0,0,0,0,0,0,0x03
2026-09-06T21:07:52.154,825,0,2,51,-2015,-412,25971,-1448,-1412,15116,0x07
2026-09-06T21:07:52.155,826,0,1,54,0,0,0,0,0,0,0x03
2026-09-06T21:07:52.219,827,0,2,50,-1493,-780,17875,0,0,3033,0x07
2026-09-06T21:07:52.219,828,0,1,50,0,0,0,0,0,0,0x03
2026-09-06T21:07:52.284,829,0,2,52,0,0,11259,101,135,2889,0x07
2026-09-06T21:07:52.284,830,0,1,50,0,0,0,0,0,0,0x03
2026-09-06T21:07:52.365,831,0,2,50,1444,700,17602,1334,260,18521,0x07
2026-09-06T21:07:52.365,832,0,1,50,0,0,0,0,0,0,0x03
2026-09-06T21:07:52.414,833,0,2,50,1444,60,20322,1334,940,15631,0x07
2026-09-06T21:07:52.414,834,0,1,50,0,0,0,0,0,0,0x03
2026-09-06T21:07:52.495,835,0,2,50,1871,280,24731,1726,580,22299,0x07
2026-09-06T21:07:52.495,836,0,1,51,0,0,0,0,0,0,0x03
2026-09-06T21:07:52.560,837,0,2,50,2193,920,26046,2036,640,26114,0x07
2026-09-06T21:07:52.560,838,0,1,51,0,0,0,0,0,0,0x03
2026-09-06T21:07:52.625,839,0,2,57,2459,1123,28508,2334,965,28643,0x07
2026-09-06T21:07:52.625,840,0,1,52,0,0,0,0,0,0,0x03
2026-09-06T21:07:52.690,841,0,2,51,2753,1353,31215,2703,1275,32163,0x07
2026-09-06T21:07:52.690,842,0,1,51,0,0,0,0,0,0,0x03
2026-09-06T21:07:52.755,843,0,2,52,2811,1615,30829,2809,1673,31851,0x07
2026-09-06T21:07:52.755,844,0,1,50,0,0,0,0,0,0,0x03
2026-09-06T21:07:52.819,845,0,2,51,2695,1294,30737,2661,2529,26278,0x07
2026-09-06T21:07:52.819,846,0,1,51,0,0,0,0,0,0,0x03
2026-09-06T21:07:52.950,847,0,2,50,2299,1300,25758,2329,2360,22641,0x07
2026-09-06T21:07:52.950,848,0,1,50,0,0,8572,0,0,12738,0x07
2026-09-06T21:07:53.031,849,0,2,52,0,0,0,0,0,0,0x03
2026-09-06T21:07:53.031,850,0,1,51,-737,-137,11122,-1264,-20,18026,0x07
2026-09-06T21:07:53.096,851,0,2,50,0,0,0,0,0,0,0x03
2026-09-06T21:07:53.096,852,0,1,50,-537,-160,8520,-1086,-120,15335,0x07
2026-09-06T21:07:53.160,853,0,2,50,0,0,0,0,0,0,0x03
2026-09-06T21:07:53.160,854,0,1,50,-414,-180,6896,-981,-100,14089,0x07
2026-09-06T21:07:53.226,855,0,2,53,0,0,0,0,0,0,0x03
2026-09-06T21:07:53.226,856,0,1,50,-3309,-700,40000,-1891,-200,25233,0x07
2026-09-06T21:07:53.291,857,0,2,50,0,0,0,0,0,0,0x03
2026-09-06T21:07:53.291,858,0,1,51,-2773,-1373,31315,-2428,-216,31987,0x07
2026-09-06T21:07:53.356,859,0,2,50,0,0,0,0,0,0,0x03
2026-09-06T21:07:53.356,860,0,1,50,0,0,20129,0,0,17000,0x07
2026-09-06T21:07:53.420,861,0,2,51,0,0,26283,0,0,28620,0x07
2026-09-06T21:07:53.421,862,0,1,51,1959,412,25226,1478,294,19587,0x07
2026-09-06T21:07:53.502,863,0,2,51,2876,1784,30923,2989,1569,34657,0x07
2026-09-06T21:07:53.502,864,0,1,51,1959,765,23726,1478,20,20754,0x07
2026-09-06T21:07:53.567,865,0,2,50,2298,1240,26000,2153,2100,21437,0x07
2026-09-06T21:07:53.567,866,0,1,51,0,0,12889,0,0,8059,0x07
2026-09-06T21:07:53.633,867,0,2,51,1807,1137,20290,1507,1647,14902,0x07
2026-09-06T21:07:53.633,868,0,1,50,-1261,-460,16291,-711,-100,10655,0x07
2026-09-06T21:07:53.698,869,0,2,51,1636,1020,18648,1446,1196,16006,0x07
2026-09-06T21:07:53.698,870,0,1,50,-1448,-320,19236,-1000,-260,13651,0x07
2026-09-06T21:07:53.764,871,0,2,51,1441,1196,15452,1153,1176,12254,0x07
2026-09-06T21:07:53.764,872,0,1,51,-1416,-353,18686,-875,-392,11505,0x07
2026-09-06T21:07:53.828,873,0,2,51,1326,1157,14186,1040,1196,10688,0x07
2026-09-06T21:07:53.828,874,0,1,53,-1178,-623,14566,-528,-151,8116,0x07
2026-09-06T21:07:53.894,875,0,2,50,1098,960,12163,883,1020,9385,0x07
2026-09-06T21:07:53.894,876,0,1,51,-1178,-706,14212,-528,-196,7924,0x07
2026-09-06T21:07:53.959,877,0,2,50,860,960,9181,685,980,6959,0x07
2026-09-06T21:07:53.959,878,0,1,50,-1174,-680,14282,-532,-240,7782,0x07
2026-09-06T21:07:54.024,879,0,2,50,2392,880,28704,3500,860,40000,0x07
2026-09-06T21:07:54.024,880,0,1,50,-1121,-680,13614,-587,-280,8315,0x07
2026-09-06T21:07:54.104,881,0,2,54,2648,1259,30303,3057,1852,34348,0x07
2026-09-06T21:07:54.105,882,0,1,55,-1619,-127,22188,-1228,0,17660,0x07
2026-09-06T21:07:54.169,883,0,2,50,2648,1360,29875,3057,2780,30403,0x07
2026-09-06T21:07:54.169,884,0,1,50,-1619,-60,22474,-1228,-40,17490,0x07
2026-09-06T21:07:54.233,885,0,2,51,2425,1314,27279,2909,3098,27110,0x07
2026-09-06T21:07:54.233,886,0,1,50,-2168,0,29595,-1894,0,26118,0x07
2026-09-06T21:07:54.299,887,0,2,52,2257,1269,25359,2753,2712,26702,0x07
2026-09-06T21:07:54.299,888,0,1,51,-2168,-39,29428,-1894,-137,25535,0x07
2026-09-06T21:07:54.364,889,0,2,50,2020,1180,22778,2561,2540,24913,0x07
2026-09-06T21:07:54.364,890,0,1,52,-2376,-77,31862,-2135,-38,29016,0x07
2026-09-06T21:07:54.429,891,0,2,51,1661,1176,18293,2271,1902,23830,0x07
2026-09-06T21:07:54.429,892,0,1,51,-2584,0,34795,-2407,0,32641,0x07
2026-09-06T21:07:54.495,893,0,2,52,1309,1423,12844,1909,1500,20784,0x07
2026-09-06T21:07:54.495,894,0,1,53,-2571,0,34627,-2274,0,30955,0x07
2026-09-06T21:07:54.560,895,0,2,50,1309,1460,12687,1909,1560,20529,0x07
2026-09-06T21:07:54.560,896,0,1,51,-2571,0,34627,-2274,0,30955,0x07
2026-09-06T21:07:54.626,897,0,2,50,1043,1440,9434,1689,1400,18333,0x07
2026-09-06T21:07:54.626,898,0,1,51,-2442,0,33015,-2085,0,28543,0x07
2026-09-06T21:07:54.691,899,0,2,50,895,1260,8345,1533,1420,16197,0x07
2026-09-06T21:07:54.691,900,0,1,52,-2321,0,31498,-1947,0,26799,0x07
2026-09-06T21:07:54.772,901,0,2,50,0,0,29889,0,0,33142,0x07
2026-09-06T21:07:54.772,902,0,1,54,-2198,0,29962,-1808,0,25032,0x07
2026-09-06T21:07:54.820,903,0,2,51,-3312,-216,40000,-3499,-804,40000,0x07
2026-09-06T21:07:54.820,904,0,1,51,-2198,0,29962,-1808,0,25032,0x07
