timestamp,sequence,team,robot_id,interval_ms,left_target_eps,left_measured_eps,left_duty,right_target_eps,right_measured_eps,right_duty,flags
2026-09-06T15:24:52.776-03:00,53,0,0,50,0,0,0,0,0,0,0x03
2026-09-06T15:24:52.800-03:00,54,0,0,51,0,0,0,0,0,0,0x03
2026-09-06T15:24:52.820-03:00,55,0,0,51,0,0,0,0,0,0,0x03
2026-09-06T15:24:52.838-03:00,55,0,0,51,0,0,0,0,0,0,0x03
2026-09-06T15:24:52.856-03:00,55,0,0,52,0,0,0,0,0,0,0x03
2026-09-06T15:24:52.876-03:00,55,0,0,52,0,0,0,0,0,0,0x03
2026-09-06T15:24:52.899-03:00,55,0,0,52,0,0,0,0,0,0,0x03
2026-09-06T15:24:52.920-03:00,55,0,0,50,0,0,0,0,0,0,0x03
2026-09-06T15:24:52.940-03:00,55,0,0,50,0,0,0,0,0,0,0x03
2026-09-06T15:24:52.958-03:00,55,0,0,50,0,0,0,0,0,0,0x03
2026-09-06T15:24:52.980-03:00,8,0,0,50,0,0,0,0,0,31098,0x07
2026-09-06T15:24:53.001-03:00,9,0,0,53,0,0,0,3500,151,40000,0x07
2026-09-06T15:24:53.019-03:00,10,0,0,53,0,0,0,3500,151,40000,0x07
2026-09-06T15:24:53.039-03:00,11,0,0,53,0,0,0,3500,151,40000,0x07
2026-09-06T15:24:53.057-03:00,12,0,0,51,0,0,0,3500,608,40000,0x07
2026-09-06T15:24:53.077-03:00,13,0,0,51,0,0,0,3500,608,40000,0x07
2026-09-06T15:24:53.099-03:00,14,0,0,51,0,0,0,3500,608,40000,0x07
2026-09-06T15:24:53.120-03:00,15,0,0,51,0,0,0,3500,569,40000,0x07
2026-09-06T15:24:53.137-03:00,16,0,0,51,0,0,0,3500,569,40000,0x07
2026-09-06T15:24:53.160-03:00,17,0,0,50,0,0,0,3500,320,40000,0x07
2026-09-06T15:24:53.180-03:00,18,0,0,50,0,0,0,3500,320,40000,0x07
2026-09-06T15:24:53.197-03:00,19,0,0,50,0,0,0,3500,240,40000,0x07
2026-09-06T15:24:53.220-03:00,20,0,0,50,0,0,0,3500,240,40000,0x07
2026-09-06T15:24:53.237-03:00,21,0,0,50,0,0,0,3500,240,40000,0x07
2026-09-06T15:24:53.259-03:00,22,0,0,52,0,0,0,3500,38,40000,0x07
2026-09-06T15:24:53.276-03:00,23,0,0,52,0,0,0,3500,38,40000,0x07
2026-09-06T15:24:53.299-03:00,24,0,0,52,0,0,0,3500,38,40000,0x07
2026-09-06T15:24:53.320-03:00,25,0,0,51,0,0,0,3500,39,40000,0x07
2026-09-06T15:24:53.338-03:00,26,0,0,51,0,0,0,3500,39,40000,0x07
2026-09-06T15:24:53.360-03:00,27,0,0,54,0,0,0,3500,0,40000,0x07
2026-09-06T15:24:53.378-03:00,28,0,0,54,0,0,0,3500,0,40000,0x07
2026-09-06T15:24:53.396-03:00,29,0,0,54,0,0,0,3500,0,40000,0x07
2026-09-06T15:24:53.419-03:00,30,0,0,50,0,0,0,3500,20,40000,0x07
2026-09-06T15:24:53.438-03:00,31,0,0,50,0,0,0,3500,20,40000,0x07
2026-09-06T15:24:53.456-03:00,32,0,0,54,0,0,0,3500,0,40000,0x07
2026-09-06T15:24:53.479-03:00,33,0,0,54,0,0,0,3500,0,40000,0x07
2026-09-06T15:24:53.497-03:00,34,0,0,54,0,0,0,3500,0,40000,0x07
2026-09-06T15:24:53.520-03:00,35,0,0,55,0,0,0,3500,0,40000,0x07
2026-09-06T15:24:53.538-03:00,36,0,0,55,0,0,0,3500,0,40000,0x07
2026-09-06T15:24:53.556-03:00,37,0,0,55,0,0,0,3500,0,40000,0x07
2026-09-06T15:24:53.579-03:00,38,0,0,50,0,0,0,3500,0,40000,0x07
2026-09-06T15:24:53.599-03:00,39,0,0,50,0,0,0,3500,0,40000,0x07
2026-09-06T15:24:53.617-03:00,40,0,0,51,0,0,0,3500,0,40000,0x07
2026-09-06T15:24:53.640-03:00,41,0,0,51,0,0,0,3500,0,40000,0x07
2026-09-06T15:24:53.658-03:00,42,0,0,51,0,0,0,3500,0,40000,0x07
2026-09-06T15:24:53.677-03:00,43,0,0,51,0,0,0,3500,0,40000,0x07
2026-09-06T15:24:53.700-03:00,44,0,0,51,0,0,0,3500,0,40000,0x07
2026-09-06T15:24:53.719-03:00,45,0,0,51,0,0,0,3500,0,40000,0x07
2026-09-06T15:24:53.737-03:00,46,0,0,51,0,0,0,3500,0,40000,0x07
2026-09-06T15:24:53.760-03:00,47,0,0,51,0,0,0,3500,0,40000,0x07
2026-09-06T15:24:53.804-03:00,48,0,0,57,0,0,0,3500,0,40000,0x07
2026-09-06T15:24:53.849-03:00,49,0,0,57,0,0,0,3500,0,40000,0x07
2026-09-06T15:24:53.893-03:00,50,0,0,52,0,0,0,3500,0,40000,0x07
2026-09-06T15:24:53.937-03:00,51,0,0,52,0,0,0,0,0,0,0x03
2026-09-06T15:24:53.981-03:00,52,0,0,51,0,0,0,0,0,0,0x03
