timestamp,sequence,team,robot_id,interval_ms,left_target_eps,left_measured_eps,left_duty,right_target_eps,right_measured_eps,right_duty,flags
2026-09-06T20:51:02.892,489,0,2,51,0,0,25759,-928,-471,11661,0x07
2026-09-06T20:51:02.892,488,0,1,52,0,0,0,0,0,0,0x03
2026-09-06T20:51:02.929,491,0,2,50,-2968,-360,36845,-2259,-20,30291,0x07
2026-09-06T20:51:02.929,490,0,1,50,0,0,0,0,0,0,0x03
2026-09-06T20:51:02.994,493,0,2,51,-3056,-1510,33021,-2504,-490,31374,0x07
2026-09-06T20:51:02.994,492,0,1,50,0,0,0,0,0,0,0x03
2026-09-06T20:51:03.059,495,0,2,51,0,0,0,0,0,0,0x03
2026-09-06T20:51:03.059,494,0,1,52,0,0,0,0,0,0,0x03
2026-09-06T20:51:03.124,1,0,2,51,0,0,0,0,0,0,0x03
2026-09-06T20:51:03.124,0,0,1,50,0,0,0,0,0,0,0x03
2026-09-06T20:51:03.205,3,0,2,51,0,0,0,0,0,0,0x03
2026-09-06T20:51:03.205,2,0,1,51,0,0,0,0,0,0,0x03
2026-09-06T20:51:03.271,5,0,2,55,0,0,0,0,0,0,0x03
2026-09-06T20:51:03.271,4,0,1,50,0,0,0,0,0,0,0x03
2026-09-06T20:51:03.335,7,0,2,50,0,0,0,0,0,0,0x03
2026-09-06T20:51:03.335,6,0,1,52,0,0,0,0,0,0,0x03
2026-09-06T20:51:03.401,9,0,2,51,0,0,0,0,0,0,0x03
2026-09-06T20:51:03.401,8,0,1,52,0,0,0,0,0,0,0x03
2026-09-06T20:51:03.466,11,0,2,51,0,0,0,0,0,0,0x03
2026-09-06T20:51:03.466,10,0,1,51,0,0,0,0,0,0,0x03
2026-09-06T20:51:03.531,13,0,2,51,0,0,0,0,0,0,0x03
2026-09-06T20:51:03.531,12,0,1,52,0,0,0,0,0,0,0x03
2026-09-06T20:51:03.596,15,0,2,50,0,0,0,0,0,0,0x03
2026-09-06T20:51:03.596,14,0,1,52,0,0,0,0,0,0,0x03
2026-09-06T20:51:03.661,17,0,2,52,0,0,0,0,0,0,0x03
2026-09-06T20:51:03.661,16,0,1,50,0,0,0,0,0,0,0x03
2026-09-06T20:51:03.726,19,0,2,52,0,0,0,0,0,0,0x03
2026-09-06T20:51:03.726,18,0,1,52,0,0,0,0,0,0,0x03
2026-09-06T20:51:03.807,21,0,2,50,0,0,0,0,0,0,0x03
2026-09-06T20:51:03.808,20,0,1,50,0,0,0,0,0,0,0x03
2026-09-06T20:51:03.872,23,0,2,52,0,0,0,0,0,0,0x03
2026-09-06T20:51:03.872,22,0,1,50,0,0,0,0,0,0,0x03
2026-09-06T20:51:03.937,25,0,2,55,0,0,0,0,0,0,0x03
2026-09-06T20:51:03.937,24,0,1,52,0,0,0,0,0,0,0x03
2026-09-06T20:51:04.002,27,0,2,50,0,0,0,0,0,0,0x03
2026-09-06T20:51:04.002,26,0,1,52,0,0,0,0,0,0,0x03
2026-09-06T20:51:04.067,29,0,2,51,0,0,0,0,0,0,0x03
2026-09-06T20:51:04.067,28,0,1,50,0,0,0,0,0,0,0x03
2026-09-06T20:51:04.132,31,0,2,50,0,0,0,0,0,0,0x03
2026-09-06T20:51:04.132,30,0,1,53,0,0,0,0,0,0,0x03
2026-09-06T20:51:04.197,33,0,2,50,0,0,0,0,0,0,0x03
2026-09-06T20:51:04.197,32,0,1,52,0,0,0,0,0,0,0x03
2026-09-06T20:51:04.262,35,0,2,52,0,0,0,0,0,0,0x03
2026-09-06T20:51:04.262,34,0,1,50,0,0,0,0,0,0,0x03
2026-09-06T20:51:04.343,37,0,2,51,0,0,0,0,0,0,0x03
2026-09-06T20:51:04.343,36,0,1,50,0,0,0,0,0,0,0x03
2026-09-06T20:51:04.408,39,0,2,51,0,0,0,0,0,0,0x03
2026-09-06T20:51:04.408,38,0,1,52,0,0,0,0,0,0,0x03
2026-09-06T20:51:04.473,41,0,2,51,0,0,0,0,0,0,0x03
2026-09-06T20:51:04.473,40,0,1,50,0,0,0,0,0,0,0x03
2026-09-06T20:51:04.538,43,0,2,50,0,0,0,0,0,0,0x03
2026-09-06T20:51:04.539,42,0,1,50,0,0,0,0,0,0,0x03
2026-09-06T20:51:04.602,45,0,2,51,0,0,0,0,0,0,0x03
2026-09-06T20:51:04.602,44,0,1,50,0,0,0,0,0,0,0x03
2026-09-06T20:51:04.668,47,0,2,50,0,0,0,0,0,0,0x03
2026-09-06T20:51:04.668,46,0,1,52,0,0,0,0,0,0,0x03
2026-09-06T20:51:04.733,49,0,2,50,0,0,0,0,0,0,0x03
2026-09-06T20:51:04.733,48,0,1,51,0,0,0,0,0,0,0x03
2026-09-06T20:51:04.797,51,0,2,50,0,0,0,0,0,0,0x03
2026-09-06T20:51:04.797,50,0,1,50,0,0,0,0,0,0,0x03
2026-09-06T20:51:04.879,53,0,2,52,0,0,0,0,0,0,0x03
2026-09-06T20:51:04.879,52,0,1,52,0,0,0,0,0,0,0x03
2026-09-06T20:51:04.943,55,0,2,51,0,0,0,0,0,0,0x03
2026-09-06T20:51:04.943,54,0,1,50,0,0,0,0,0,0,0x03
2026-09-06T20:51:05.008,57,0,2,51,0,0,0,0,0,0,0x03
2026-09-06T20:51:05.008,56,0,1,52,0,0,0,0,0,0,0x03
2026-09-06T20:51:05.074,59,0,2,50,0,0,0,0,0,0,0x03
2026-09-06T20:51:05.074,58,0,1,50,0,0,0,0,0,0,0x03
2026-09-06T20:51:05.139,61,0,2,51,0,0,0,0,0,0,0x03
2026-09-06T20:51:05.139,60,0,1,50,0,0,0,0,0,0,0x03
2026-09-06T20:51:05.204,63,0,2,52,0,0,0,0,0,0,0x03
2026-09-06T20:51:05.204,62,0,1,53,0,0,0,0,0,0,0x03
2026-09-06T20:51:05.269,65,0,2,52,0,0,27882,0,0,28069,0x07
2026-09-06T20:51:05.269,64,0,1,51,0,0,0,0,0,0,0x03
2026-09-06T20:51:05.334,67,0,2,50,-3238,-440,39774,-3136,-400,39697,0x07
2026-09-06T20:51:05.334,66,0,1,51,0,0,0,0,0,0,0x03
2026-09-06T20:51:05.399,69,0,2,50,-3238,-2240,32124,-3136,-1660,34342,0x07
2026-09-06T20:51:05.399,68,0,1,51,0,0,0,0,0,0,0x03
2026-09-06T20:51:05.480,71,0,2,50,-3238,-1160,36714,-3135,-1580,34672,0x07
2026-09-06T20:51:05.480,70,0,1,50,0,0,0,0,0,0,0x03
2026-09-06T20:51:05.546,73,0,2,52,-3237,-1365,35832,-3135,-1615,34514,0x07
2026-09-06T20:51:05.546,72,0,1,51,0,0,0,0,0,0,0x03
2026-09-06T20:51:05.611,75,0,2,51,-3186,-1922,32843,-3060,-1922,32276,0x07
2026-09-06T20:51:05.611,74,0,1,52,0,0,0,0,0,0,0x03
2026-09-06T20:51:05.676,77,0,2,50,-3186,-2240,31489,-3060,-2000,31942,0x07
2026-09-06T20:51:05.676,76,0,1,52,0,0,0,0,0,0,0x03
2026-09-06T20:51:05.741,79,0,2,50,-3158,-2500,30045,-2971,-2180,30056,0x07
2026-09-06T20:51:05.741,78,0,1,52,0,0,0,0,0,0,0x03
2026-09-06T20:51:05.806,81,0,2,50,-1458,-1900,11982,0,0,2129,0x07
2026-09-06T20:51:05.806,80,0,1,51,0,0,0,0,0,0,0x03
2026-09-06T20:51:05.871,83,0,2,51,0,0,7719,0,0,2382,0x07
2026-09-06T20:51:05.871,82,0,1,51,0,0,0,0,0,0,0x03
2026-09-06T20:51:05.936,85,0,2,52,0,0,7939,0,0,21347,0x07
2026-09-06T20:51:05.936,84,0,1,50,0,0,0,0,0,0,0x03
2026-09-06T20:51:06.017,87,0,2,51,1324,59,18183,1742,588,21382,0x07
2026-09-06T20:51:06.017,86,0,1,52,0,0,0,0,0,0,0x03
2026-09-06T20:51:06.082,89,0,2,50,1324,420,16648,1742,280,22692,0x07
2026-09-06T20:51:06.082,88,0,1,50,0,0,0,0,0,0,0x03
2026-09-06T20:51:06.147,91,0,2,50,150,220,3259,1595,280,20846,0x07
2026-09-06T20:51:06.147,90,0,1,53,0,0,0,0,0,0,0x03
2026-09-06T20:51:06.212,93,0,2,51,439,373,6113,1295,686,15356,0x07
2026-09-06T20:51:06.212,92,0,1,51,0,0,0,0,0,0,0x03
2026-09-06T20:51:06.276,95,0,2,50,485,300,6978,1247,760,14445,0x07
2026-09-06T20:51:06.277,94,0,1,51,0,0,0,0,0,0,0x03
2026-09-06T20:51:06.341,97,0,2,51,464,314,6674,1268,843,14355,0x07
2026-09-06T20:51:06.341,96,0,1,52,0,0,0,0,0,0,0x03
2026-09-06T20:51:06.406,99,0,2,51,917,412,11753,1563,941,17640,0x07
2026-09-06T20:51:06.406,98,0,1,51,0,0,0,0,0,0,0x03
2026-09-06T20:51:06.471,101,0,2,52,917,519,11296,1563,981,17472,0x07
2026-09-06T20:51:06.471,100,0,1,51,0,0,0,0,0,0,0x03
2026-09-06T20:51:06.552,103,0,2,50,1241,620,14791,1853,960,21196,0x07
2026-09-06T20:51:06.552,102,0,1,51,0,0,0,0,0,0,0x03
2026-09-06T20:51:06.617,105,0,2,51,1723,784,19943,2228,1000,25747,0x07
2026-09-06T20:51:06.617,104,0,1,51,0,0,0,0,0,0,0x03
2026-09-06T20:51:06.682,107,0,2,50,1777,1240,18657,2358,1300,26094,0x07
2026-09-06T20:51:06.682,106,0,1,50,0,0,0,0,0,0,0x03
2026-09-06T20:51:06.747,109,0,2,51,2132,1333,22561,2594,1471,28341,0x07
2026-09-06T20:51:06.747,108,0,1,51,0,0,0,0,0,0,0x03
2026-09-06T20:51:06.812,111,0,2,51,1974,1510,19899,2578,1765,26889,0x07
2026-09-06T20:51:06.812,110,0,1,51,0,0,0,0,0,0,0x03
2026-09-06T20:51:06.877,113,0,2,51,1974,1725,18983,2578,2098,25472,0x07
2026-09-06T20:51:06.877,112,0,1,52,0,0,0,0,0,0,0x03
2026-09-06T20:51:06.942,115,0,2,51,1767,1706,16550,2423,2039,23780,0x07
2026-09-06T20:51:06.942,114,0,1,50,0,0,0,0,0,0,0x03
2026-09-06T20:51:07.007,117,0,2,51,0,0,7350,0,0,2025,0x07
2026-09-06T20:51:07.007,116,0,1,51,0,0,0,0,0,0,0x03
2026-09-06T20:51:07.089,119,0,2,55,-2998,-273,37579,-3500,-564,40000,0x07
2026-09-06T20:51:07.089,118,0,1,51,0,0,0,0,0,0,0x03
2026-09-06T20:51:07.153,121,0,2,51,-2998,-1000,34489,-3500,-1275,40000,0x07
2026-09-06T20:51:07.153,120,0,1,51,0,0,0,0,0,0,0x03
2026-09-06T20:51:07.218,123,0,2,51,-3330,-2137,33681,-3500,-1843,38135,0x07
2026-09-06T20:51:07.218,122,0,1,53,0,0,0,0,0,0,0x03
2026-09-06T20:51:07.283,125,0,2,51,-3312,-1412,36535,-3500,-2176,36718,0x07
2026-09-06T20:51:07.283,124,0,1,51,0,0,0,0,0,0,0x03
2026-09-06T20:51:07.348,127,0,2,50,-3202,-1860,33305,-3500,-1460,39763,0x07
2026-09-06T20:51:07.348,126,0,1,50,0,0,0,0,0,0,0x03
2026-09-06T20:51:07.413,129,0,2,51,-2881,-1882,29314,-3418,-1725,37601,0x07
2026-09-06T20:51:07.413,128,0,1,51,0,0,0,0,0,0,0x03
2026-09-06T20:51:07.478,131,0,2,52,-2264,-1904,21736,-2877,-1923,29975,0x07
2026-09-06T20:51:07.478,130,0,1,50,0,0,0,0,0,0,0x03
2026-09-06T20:51:07.543,133,0,2,51,-2264,-1922,21661,-2877,-2118,29148,0x07
2026-09-06T20:51:07.543,132,0,1,51,0,0,0,0,0,0,0x03
2026-09-06T20:51:07.624,135,0,2,50,-1944,-2060,17202,-2611,-2200,25447,0x07
2026-09-06T20:51:07.624,134,0,1,52,0,0,0,0,0,0,0x03
2026-09-06T20:51:07.690,137,0,2,50,-1665,-2020,13980,-2360,-2280,21960,0x07
2026-09-06T20:51:07.690,136,0,1,50,0,0,0,0,0,0,0x03
2026-09-06T20:51:07.755,139,0,2,51,-1382,-1549,12553,-2115,-2157,19402,0x07
2026-09-06T20:51:07.755,138,0,1,50,0,0,0,0,0,0,0x03
2026-09-06T20:51:07.820,141,0,2,51,-1248,-1451,11349,-1967,-2137,17626,0x07
2026-09-06T20:51:07.820,140,0,1,52,0,0,0,0,0,0,0x03
2026-09-06T20:51:07.885,143,0,2,51,-946,-1333,8183,-1722,-1784,16058,0x07
2026-09-06T20:51:07.885,142,0,1,51,0,0,0,0,0,0,0x03
2026-09-06T20:51:07.950,145,0,2,50,-946,-1420,7815,-1722,-1740,16246,0x07
2026-09-06T20:51:07.950,144,0,1,52,0,0,0,0,0,0,0x03
2026-09-06T20:51:08.015,147,0,2,50,-846,-1140,7785,-1609,-1480,15926,0x07
2026-09-06T20:51:08.015,146,0,1,52,0,0,0,0,0,0,0x03
2026-09-06T20:51:08.080,149,0,2,50,-723,-940,7147,-1504,-1380,15027,0x07
2026-09-06T20:51:08.080,148,0,1,52,0,0,0,0,0,0,0x03
2026-09-06T20:51:08.161,151,0,2,50,-566,-660,6435,-1374,-1340,13567,0x07
2026-09-06T20:51:08.161,150,0,1,52,0,0,0,0,0,0,0x03
2026-09-06T20:51:08.226,153,0,2,50,-775,-680,8890,-1486,-1260,15313,0x07
2026-09-06T20:51:08.226,152,0,1,50,0,0,0,0,0,0,0x03
2026-09-06T20:51:08.291,155,0,2,51,-1032,-765,11648,-1692,-1098,18587,0x07
2026-09-06T20:51:08.291,154,0,1,51,0,0,0,0,0,0,0x03
2026-09-06T20:51:08.356,157,0,2,51,-1123,-1137,11165,-1800,-1333,18954,0x07
2026-09-06T20:51:08.356,156,0,1,50,0,0,0,0,0,0,0x03
2026-09-06T20:51:08.421,159,0,2,50,-1573,-1040,17032,-2115,-1380,22703,0x07
2026-09-06T20:51:08.421,158,0,1,52,0,0,0,0,0,0,0x03
2026-09-06T20:51:08.486,161,0,2,51,-2029,-863,23321,-2482,-1392,27268,0x07
2026-09-06T20:51:08.486,160,0,1,51,0,0,0,0,0,0,0x03
2026-09-06T20:51:08.551,163,0,2,51,-2307,-1294,24859,-2741,-1647,29434,0x07
2026-09-06T20:51:08.551,162,0,1,50,0,0,0,0,0,0,0x03
2026-09-06T20:51:08.616,165,0,2,51,-2704,-1647,28163,-3018,-1804,32249,0x07
2026-09-06T20:51:08.616,164,0,1,51,0,0,0,0,0,0,0x03
2026-09-06T20:51:08.681,167,0,2,51,-2993,-1843,30845,-3237,-1941,34412,0x07
2026-09-06T20:51:08.681,166,0,1,52,0,0,0,0,0,0,0x03
2026-09-06T20:51:08.746,169,0,2,51,-3201,-2275,31523,-3410,-2392,34668,0x07
2026-09-06T20:51:08.746,168,0,1,50,0,0,0,0,0,0,0x03
2026-09-06T20:51:08.828,171,0,2,50,-3201,-2380,31074,-3410,-2560,33954,0x07
2026-09-06T20:51:08.828,170,0,1,52,0,0,0,0,0,0,0x03
2026-09-06T20:51:08.892,173,0,2,51,-3263,-2588,30946,-3456,-2667,34086,0x07
2026-09-06T20:51:08.893,172,0,1,51,0,0,0,0,0,0,0x03
2026-09-06T20:51:08.957,175,0,2,53,-2023,-2623,15768,-2272,-2962,17953,0x07
2026-09-06T20:51:08.957,174,0,1,53,0,0,0,0,0,0,0x03
2026-09-06T20:51:09.022,177,0,2,50,-2023,-2460,16459,-2272,-2460,20087,0x07
2026-09-06T20:51:09.022,176,0,1,52,0,0,0,0,0,0,0x03
2026-09-06T20:51:09.088,179,0,2,51,-1015,-2078,5851,-1423,-2176,10637,0x07
2026-09-06T20:51:09.088,178,0,1,51,0,0,0,0,0,0,0x03
2026-09-06T20:51:09.153,181,0,2,51,-392,-1510,719,-1343,-1667,11796,0x07
2026-09-06T20:51:09.153,180,0,1,52,0,0,0,0,0,0,0x03
2026-09-06T20:51:09.219,183,0,2,51,-392,-1118,2386,-1343,-1549,12296,0x07
2026-09-06T20:51:09.219,182,0,1,52,0,0,0,0,0,0,0x03
2026-09-06T20:51:09.283,185,0,2,51,-359,-824,3234,-1377,-1235,14055,0x07
2026-09-06T20:51:09.283,184,0,1,52,0,0,0,0,0,0,0x03
2026-09-06T20:51:09.364,187,0,2,51,-359,-627,4067,-1377,-1275,13889,0x07
2026-09-06T20:51:09.364,186,0,1,51,0,0,0,0,0,0,0x03
2026-09-06T20:51:09.428,189,0,2,55,-430,-418,5809,-1304,-1073,13833,0x07
2026-09-06T20:51:09.428,188,0,1,51,0,0,0,0,0,0,0x03
2026-09-06T20:51:09.494,191,0,2,51,-430,-451,5670,-1304,-1000,14142,0x07
2026-09-06T20:51:09.494,190,0,1,52,0,0,0,0,0,0,0x03
2026-09-06T20:51:09.559,193,0,2,51,-509,-490,6464,-1222,-1039,12942,0x07
2026-09-06T20:51:09.559,192,0,1,53,0,0,0,0,0,0,0x03
2026-09-06T20:51:09.624,195,0,2,50,-689,-580,8263,-1336,-1060,14286,0x07
2026-09-06T20:51:09.625,194,0,1,50,0,0,0,0,0,0,0x03
2026-09-06T20:51:09.689,197,0,2,51,-1356,-706,15817,-1881,-1118,20882,0x07
2026-09-06T20:51:09.689,196,0,1,50,0,0,0,0,0,0,0x03
2026-09-06T20:51:09.754,199,0,2,51,-1923,-1039,21274,-2368,-1608,24914,0x07
2026-09-06T20:51:09.754,198,0,1,52,0,0,0,0,0,0,0x03
2026-09-06T20:51:09.819,201,0,2,51,-2975,-1686,31289,-3186,-1412,36021,0x07
2026-09-06T20:51:09.819,200,0,1,50,0,0,0,0,0,0,0x03
2026-09-06T20:51:09.901,203,0,2,51,-2975,-1686,31289,-3186,-1686,34855,0x07
2026-09-06T20:51:09.901,202,0,1,52,0,0,0,0,0,0,0x03
2026-09-06T20:51:09.966,205,0,2,50,-3179,-1500,34557,-3361,-1860,36318,0x07
2026-09-06T20:51:09.966,204,0,1,50,0,0,0,0,0,0,0x03
2026-09-06T20:51:10.031,207,0,2,50,-3324,-2000,34187,-3441,-2040,36605,0x07
2026-09-06T20:51:10.031,206,0,1,50,0,0,0,0,0,0,0x03
2026-09-06T20:51:10.096,209,0,2,50,-3374,-2520,32582,-3453,-2480,34974,0x07
2026-09-06T20:51:10.096,208,0,1,50,0,0,0,0,0,0,0x03
2026-09-06T20:51:10.161,211,0,2,50,-3374,-2760,31562,-3485,-2660,34660,0x07
2026-09-06T20:51:10.161,210,0,1,51,0,0,0,0,0,0,0x03
2026-09-06T20:51:10.226,213,0,2,56,773,268,10613,808,196,11382,0x07
2026-09-06T20:51:10.226,212,0,1,51,0,0,0,0,0,0,0x03
2026-09-06T20:51:10.291,215,0,2,51,773,706,8751,808,725,9134,0x07
2026-09-06T20:51:10.291,214,0,1,50,0,0,0,0,0,0,0x03
2026-09-06T20:51:10.356,217,0,2,52,1729,192,22525,1926,212,25426,0x07
2026-09-06T20:51:10.356,216,0,1,51,0,0,0,0,0,0,0x03
2026-09-06T20:51:10.437,219,0,2,51,2896,118,36991,3028,314,38901,0x07
2026-09-06T20:51:10.437,218,0,1,55,0,0,0,0,0,0,0x03
2026-09-06T20:51:10.502,221,0,2,54,41,685,0,1815,3593,9657,0x07
2026-09-06T20:51:10.502,220,0,1,52,0,0,0,0,0,0,0x03
2026-09-06T20:51:10.567,223,0,2,50,41,180,2112,1815,2180,15661,0x07
2026-09-06T20:51:10.567,222,0,1,50,0,0,0,0,0,0,0x03
2026-09-06T20:51:10.633,225,0,2,50,1071,0,15369,1674,340,21704,0x07
2026-09-06T20:51:10.633,224,0,1,51,0,0,0,0,0,0,0x03
2026-09-06T20:51:10.698,227,0,2,50,1102,420,13952,1788,660,21785,0x07
2026-09-06T20:51:10.698,226,0,1,52,0,0,0,0,0,0,0x03
2026-09-06T20:51:10.763,229,0,2,51,1060,667,12399,1776,784,21106,0x07
2026-09-06T20:51:10.763,228,0,1,50,0,0,0,0,0,0,0x03
2026-09-06T20:51:10.828,231,0,2,51,1062,765,12003,1771,882,20626,0x07
2026-09-06T20:51:10.828,230,0,1,52,0,0,0,0,0,0,0x03
2026-09-06T20:51:10.893,233,0,2,52,892,731,10094,1643,1154,17848,0x07
2026-09-06T20:51:10.893,232,0,1,51,0,0,0,0,0,0,0x03
2026-09-06T20:51:10.958,235,0,2,50,892,720,10140,1643,1200,17652,0x07
2026-09-06T20:51:10.958,234,0,1,51,0,0,0,0,0,0,0x03
2026-09-06T20:51:11.039,237,0,2,50,843,760,9371,1593,1340,16434,0x07
2026-09-06T20:51:11.039,236,0,1,52,0,0,0,0,0,0,0x03
2026-09-06T20:51:11.104,239,0,2,50,880,820,9559,1608,1340,16615,0x07
2026-09-06T20:51:11.104,238,0,1,51,0,0,0,0,0,0,0x03
2026-09-06T20:51:11.169,241,0,2,51,1056,843,11596,1730,1294,18360,0x07
2026-09-06T20:51:11.169,240,0,1,50,0,0,0,0,0,0,0x03
2026-09-06T20:51:11.234,243,0,2,52,1323,865,14747,1939,1423,20440,0x07
2026-09-06T20:51:11.234,242,0,1,51,0,0,0,0,0,0,0x03
2026-09-06T20:51:11.299,245,0,2,51,2752,1353,30002,2198,1431,23683,0x07
2026-09-06T20:51:11.299,244,0,1,50,0,0,0,0,0,0,0x03
2026-09-06T20:51:11.364,247,0,2,51,2752,1667,28668,2198,1510,23349,0x07
2026-09-06T20:51:11.364,246,0,1,52,0,0,0,0,0,0,0x03
2026-09-06T20:51:11.429,249,0,2,50,1945,1940,17724,1128,1640,9288,0x07
2026-09-06T20:51:11.429,248,0,1,51,0,0,0,0,0,0,0x03
2026-09-06T20:51:11.494,251,0,2,50,1267,1860,9832,243,1280,29719,0x07
2026-09-06T20:51:11.494,250,0,1,51,0,0,0,0,0,0,0x03
2026-09-06T20:51:11.575,253,0,2,58,898,1121,8510,1754,1931,15944,0x07
2026-09-06T20:51:11.575,252,0,1,50,0,0,0,0,0,0,0x03
2026-09-06T20:51:11.641,255,0,2,51,898,1333,7606,1754,1373,18318,0x07
2026-09-06T20:51:11.641,254,0,1,52,0,0,0,0,0,0,0x03
2026-09-06T20:51:11.706,257,0,2,51,0,0,2526,1191,1314,11474,0x07
2026-09-06T20:51:11.706,256,0,1,51,0,0,0,0,0,0,0x03
2026-09-06T20:51:11.771,259,0,2,57,-699,-368,9294,-1405,-70,19450,0x07
2026-09-06T20:51:11.771,258,0,1,50,0,0,0,0,0,0,0x03
2026-09-06T20:51:11.835,261,0,2,51,0,0,13898,0,0,8845,0x07
2026-09-06T20:51:11.835,260,0,1,51,0,0,0,0,0,0,0x03
2026-09-06T20:51:11.900,263,0,2,50,0,0,27959,0,0,28409,0x07
2026-09-06T20:51:11.900,262,0,1,54,0,0,0,0,0,0,0x03
2026-09-06T20:51:11.965,265,0,2,51,0,0,5040,-3152,-314,40000,0x07
2026-09-06T20:51:11.965,264,0,1,50,0,0,0,0,0,0,0x03
2026-09-06T20:51:12.046,267,0,2,57,-145,-18,4065,-1396,-1105,14945,0x07
2026-09-06T20:51:12.046,266,0,1,52,0,0,0,0,0,0,0x03
2026-09-06T20:51:12.095,269,0,2,50,0,0,8929,0,0,14980,0x07
2026-09-06T20:51:12.095,268,0,1,50,0,0,0,0,0,0,0x03
2026-09-06T20:51:12.176,271,0,2,50,832,220,11529,1548,400,19859,0x07
2026-09-06T20:51:12.176,270,0,1,50,0,0,0,0,0,0,0x03
2026-09-06T20:51:12.241,273,0,2,51,1688,98,22435,2101,451,26616,0x07
2026-09-06T20:51:12.241,272,0,1,52,0,0,0,0,0,0,0x03
2026-09-06T20:51:12.306,275,0,2,56,2458,411,30443,2877,464,36354,0x07
2026-09-06T20:51:12.306,274,0,1,50,0,0,0,0,0,0,0x03
2026-09-06T20:51:12.372,277,0,2,50,2458,800,28789,2877,1100,33652,0x07
2026-09-06T20:51:12.372,276,0,1,52,0,0,0,0,0,0,0x03
2026-09-06T20:51:12.437,279,0,2,50,2425,1140,26934,2913,1940,30545,0x07
2026-09-06T20:51:12.437,278,0,1,50,0,0,0,0,0,0,0x03
2026-09-06T20:51:12.503,281,0,2,50,2466,1600,25482,2936,1820,31338,0x07
2026-09-06T20:51:12.503,280,0,1,51,0,0,0,0,0,0,0x03
2026-09-06T20:51:12.568,283,0,2,51,2302,1804,22631,2856,1824,30316,0x07
2026-09-06T20:51:12.568,282,0,1,52,0,0,0,0,0,0,0x03
2026-09-06T20:51:12.633,285,0,2,51,1902,2000,16938,2587,1843,26840,0x07
2026-09-06T20:51:12.633,284,0,1,52,0,0,0,0,0,0,0x03
2026-09-06T20:51:12.698,287,0,2,53,984,1585,7573,1834,2113,16191,0x07
2026-09-06T20:51:12.698,286,0,1,51,0,0,0,0,0,0,0x03
2026-09-06T20:51:12.778,289,0,2,50,984,1260,8953,1834,2100,16247,0x07
2026-09-06T20:51:12.778,288,0,1,50,0,0,0,0,0,0,0x03
2026-09-06T20:51:12.844,291,0,2,51,3374,1020,38958,2677,1941,27554,0x07
2026-09-06T20:51:12.844,290,0,1,50,0,0,0,0,0,0,0x03
2026-09-06T20:51:12.909,293,0,2,50,3280,2740,30501,3191,2160,33108,0x07
2026-09-06T20:51:12.909,292,0,1,50,0,0,0,0,0,0,0x03
2026-09-06T20:51:12.974,295,0,2,51,2788,1941,27936,2532,2157,24804,0x07
2026-09-06T20:51:12.974,294,0,1,54,0,0,0,0,0,0,0x03
2026-09-06T20:51:13.039,297,0,2,51,2203,2157,19920,1729,2333,13922,0x07
2026-09-06T20:51:13.039,296,0,1,52,0,0,0,0,0,0,0x03
2026-09-06T20:51:13.104,299,0,2,52,1002,1846,6687,-45,-38,2427,0x07
2026-09-06T20:51:13.104,298,0,1,50,0,0,0,0,0,0,0x03
2026-09-06T20:51:13.169,301,0,2,50,1002,1220,9348,-45,-240,1571,0x07
2026-09-06T20:51:13.169,300,0,1,51,0,0,0,0,0,0,0x03
2026-09-06T20:51:13.234,303,0,2,51,0,0,12006,-153,-431,2123,0x07
2026-09-06T20:51:13.234,302,0,1,51,0,0,0,0,0,0,0x03
2026-09-06T20:51:13.315,305,0,2,51,-1222,-255,16118,-604,-392,7975,0x07
2026-09-06T20:51:13.315,304,0,1,50,0,0,0,0,0,0,0x03
2026-09-06T20:51:13.380,307,0,2,56,-3297,-804,38944,-3436,-821,40000,0x07
2026-09-06T20:51:13.380,306,0,1,50,0,0,0,0,0,0,0x03
2026-09-06T20:51:13.444,309,0,2,51,-3297,-2412,32110,0,0,5769,0x07
2026-09-06T20:51:13.444,308,0,1,51,0,0,0,0,0,0,0x03
2026-09-06T20:51:13.510,311,0,2,50,-1645,-1540,15787,448,340,6227,0x07
2026-09-06T20:51:13.510,310,0,1,51,0,0,0,0,0,0,0x03
2026-09-06T20:51:13.575,313,0,2,51,0,0,17122,65,196,2006,0x07
2026-09-06T20:51:13.575,312,0,1,50,0,0,0,0,0,0,0x03
2026-09-06T20:51:13.640,315,0,2,51,1872,471,23078,1442,235,19225,0x07
2026-09-06T20:51:13.640,314,0,1,51,0,0,0,0,0,0,0x03
2026-09-06T20:51:13.705,317,0,2,50,2530,500,30939,2670,460,33765,0x07
2026-09-06T20:51:13.705,316,0,1,51,0,0,0,0,0,0,0x03
2026-09-06T20:51:13.771,319,0,2,52,3331,1058,38273,3306,1981,35324,0x07
2026-09-06T20:51:13.771,318,0,1,52,0,0,0,0,0,0,0x03
2026-09-06T20:51:13.852,321,0,2,50,3331,1240,37498,3306,2340,33797,0x07
2026-09-06T20:51:13.852,320,0,1,53,0,0,0,0,0,0,0x03
2026-09-06T20:51:13.917,323,0,2,51,3332,1569,36119,3300,2627,32509,0x07
2026-09-06T20:51:13.917,322,0,1,51,0,0,0,0,0,0,0x03
2026-09-06T20:51:13.982,325,0,2,51,3331,1961,34435,3298,2314,33811,0x07
2026-09-06T20:51:13.982,324,0,1,50,0,0,0,0,0,0,0x03
2026-09-06T20:51:14.047,327,0,2,51,3334,2314,32968,3458,2647,34409,0x07
2026-09-06T20:51:14.047,326,0,1,52,0,0,0,0,0,0,0x03
2026-09-06T20:51:14.112,329,0,2,50,3243,2480,31170,3500,2820,34208,0x07
2026-09-06T20:51:14.112,328,0,1,51,0,0,0,0,0,0,0x03
2026-09-06T20:51:14.177,331,0,2,57,1787,2544,13230,2676,2684,24392,0x07
2026-09-06T20:51:14.177,330,0,1,50,0,0,0,0,0,0,0x03
2026-09-06T20:51:14.243,333,0,2,50,1787,2220,14607,2676,2320,25940,0x07
2026-09-06T20:51:14.243,332,0,1,51,0,0,0,0,0,0,0x03
2026-09-06T20:51:14.307,335,0,2,50,278,1760,3775,1461,1860,12558,0x07
2026-09-06T20:51:14.307,334,0,1,51,0,0,0,0,0,0,0x03
2026-09-06T20:51:14.387,337,0,2,50,0,0,13972,0,0,19796,0x07
2026-09-06T20:51:14.387,336,0,1,52,0,0,0,0,0,0,0x03
2026-09-06T20:51:14.452,339,0,2,50,-1472,-200,19378,-2123,-1120,24061,0x07
2026-09-06T20:51:14.452,338,0,1,52,0,0,0,0,0,0,0x03
2026-09-06T20:51:14.517,341,0,2,51,-2578,-294,32386,-2786,-980,33016,0x07
2026-09-06T20:51:14.518,340,0,1,54,0,0,0,0,0,0,0x03
2026-09-06T20:51:14.582,343,0,2,51,-3099,-706,36953,-3336,-1941,35876,0x07
2026-09-06T20:51:14.582,342,0,1,50,0,0,0,0,0,0,0x03
2026-09-06T20:51:14.647,345,0,2,51,-3099,-1294,34453,-3336,-2078,35293,0x07
2026-09-06T20:51:14.647,344,0,1,52,0,0,0,0,0,0,0x03
2026-09-06T20:51:14.712,347,0,2,51,-2956,-1608,31386,-3348,-2078,35448,0x07
2026-09-06T20:51:14.712,346,0,1,51,0,0,0,0,0,0,0x03
2026-09-06T20:51:14.777,349,0,2,50,-2915,-1940,29482,-3305,-2000,35237,0x07
2026-09-06T20:51:14.777,348,0,1,50,0,0,0,0,0,0,0x03
2026-09-06T20:51:14.842,351,0,2,51,-2626,-2216,24805,-3164,-1941,33699,0x07
2026-09-06T20:51:14.843,350,0,1,51,0,0,0,0,0,0,0x03
2026-09-06T20:51:14.924,353,0,2,50,-2027,-2200,17614,-2760,-2300,27081,0x07
2026-09-06T20:51:14.924,352,0,1,50,0,0,0,0,0,0,0x03
2026-09-06T20:51:14.989,355,0,2,51,-1183,-2098,7810,-2082,-2255,18711,0x07
2026-09-06T20:51:14.989,354,0,1,52,0,0,0,0,0,0,0x03
2026-09-06T20:51:15.054,357,0,2,51,-371,-1549,291,-1365,-2118,10254,0x07
2026-09-06T20:51:15.054,356,0,1,50,0,0,0,0,0,0,0x03
2026-09-06T20:51:15.119,359,0,2,51,-326,-1157,1418,-1412,-1255,14503,0x07
2026-09-06T20:51:15.119,358,0,1,50,0,0,0,0,0,0,0x03
2026-09-06T20:51:15.184,361,0,2,50,-328,-960,2275,-1410,-1420,13780,0x07
2026-09-06T20:51:15.184,360,0,1,50,0,0,0,0,0,0,0x03
2026-09-06T20:51:15.249,363,0,2,59,607,34,9590,1376,85,19030,0x07
2026-09-06T20:51:15.249,362,0,1,51,0,0,0,0,0,0,0x03
2026-09-06T20:51:15.314,365,0,2,50,607,0,9734,1376,840,15820,0x07
2026-09-06T20:51:15.314,364,0,1,52,0,0,0,0,0,0,0x03
2026-09-06T20:51:15.380,367,0,2,51,427,0,7561,1307,549,16178,0x07
2026-09-06T20:51:15.380,366,0,1,52,0,0,0,0,0,0,0x03
2026-09-06T20:51:15.445,369,0,2,50,356,20,6613,1381,120,18937,0x07
2026-09-06T20:51:15.445,368,0,1,50,0,0,0,0,0,0,0x03
2026-09-06T20:51:15.510,371,0,2,57,-2215,-18,29168,-2745,-18,36592,0x07
2026-09-06T20:51:15.510,370,0,1,51,0,0,0,0,0,0,0x03
2026-09-06T20:51:15.591,373,0,2,51,-2215,-1451,23076,-2745,-1824,28916,0x07
2026-09-06T20:51:15.592,372,0,1,55,0,0,0,0,0,0,0x03
2026-09-06T20:51:15.656,375,0,2,50,-2381,-1440,25136,-2838,-1740,30451,0x07
2026-09-06T20:51:15.656,374,0,1,51,0,0,0,0,0,0,0x03
2026-09-06T20:51:15.721,377,0,2,50,-574,-560,6962,-1739,-1240,18696,0x07
2026-09-06T20:51:15.721,376,0,1,52,0,0,0,0,0,0,0x03
2026-09-06T20:51:15.787,379,0,2,50,-475,-620,5506,-1320,-800,15283,0x07
2026-09-06T20:51:15.787,378,0,1,50,0,0,0,0,0,0,0x03
2026-09-06T20:51:15.851,381,0,2,51,-421,-647,4730,-1314,-863,14932,0x07
2026-09-06T20:51:15.851,380,0,1,51,0,0,0,0,0,0,0x03
2026-09-06T20:51:15.916,383,0,2,52,-1464,-462,18173,-1792,-981,20464,0x07
2026-09-06T20:51:15.916,382,0,1,50,0,0,0,0,0,0,0x03
2026-09-06T20:51:15.981,385,0,2,51,-1464,-1157,15218,-1792,-1137,19799,0x07
2026-09-06T20:51:15.981,384,0,1,50,0,0,0,0,0,0,0x03
2026-09-06T20:51:16.046,387,0,2,51,-1239,-784,14073,-1935,-1196,21358,0x07
2026-09-06T20:51:16.046,386,0,1,51,0,0,0,0,0,0,0x03
2026-09-06T20:51:16.128,389,0,2,51,-1320,-804,14971,-1978,-1196,21905,0x07
2026-09-06T20:51:16.128,388,0,1,50,0,0,0,0,0,0,0x03
2026-09-06T20:51:16.192,391,0,2,56,-1885,-1071,20687,-2407,-1357,26626,0x07
2026-09-06T20:51:16.192,390,0,1,51,0,0,0,0,0,0,0x03
2026-09-06T20:51:16.258,393,0,2,51,-1885,-1294,19741,-2407,-1608,25561,0x07
2026-09-06T20:51:16.258,392,0,1,52,0,0,0,0,0,0,0x03
2026-09-06T20:51:16.323,395,0,2,50,-1986,-1340,20765,-2526,-1700,26671,0x07
2026-09-06T20:51:16.323,394,0,1,50,0,0,0,0,0,0,0x03
2026-09-06T20:51:16.388,397,0,2,51,-2443,-1569,25333,-2816,-2000,29058,0x07
2026-09-06T20:51:16.388,396,0,1,50,0,0,0,0,0,0,0x03
2026-09-06T20:51:16.452,399,0,2,51,-2698,-1902,27014,-3043,-2098,31512,0x07
2026-09-06T20:51:16.452,398,0,1,51,0,0,0,0,0,0,0x03
2026-09-06T20:51:16.517,401,0,2,50,-2866,-1920,28974,-3189,-2140,33172,0x07
2026-09-06T20:51:16.517,400,0,1,51,0,0,0,0,0,0,0x03
2026-09-06T20:51:16.583,403,0,2,53,-3088,-2415,29563,-3358,-2434,34056,0x07
2026-09-06T20:51:16.583,402,0,1,50,0,0,0,0,0,0,0x03
2026-09-06T20:51:16.664,405,0,2,51,-3088,-2392,29660,-3358,-2725,32817,0x07
2026-09-06T20:51:16.664,404,0,1,51,0,0,0,0,0,0,0x03
2026-09-06T20:51:16.730,407,0,2,50,-3156,-2760,28920,-3407,-2780,33208,0x07
2026-09-06T20:51:16.730,406,0,1,52,0,0,0,0,0,0,0x03
2026-09-06T20:51:16.795,409,0,2,50,-3108,-2600,29018,-3423,-2820,33236,0x07
2026-09-06T20:51:16.795,408,0,1,51,0,0,0,0,0,0,0x03
2026-09-06T20:51:16.860,411,0,2,50,-3057,-2820,27461,-3402,-3180,31442,0x07
2026-09-06T20:51:16.860,410,0,1,52,0,0,0,0,0,0,0x03
2026-09-06T20:51:16.925,413,0,2,50,-2865,-2980,24458,-3320,-3060,30923,0x07
2026-09-06T20:51:16.925,412,0,1,52,0,0,0,0,0,0,0x03
2026-09-06T20:51:16.990,415,0,2,54,-1190,-2704,5321,-2096,-3037,15569,0x07
2026-09-06T20:51:16.990,414,0,1,50,0,0,0,0,0,0,0x03
2026-09-06T20:51:17.055,417,0,2,51,-1190,-1745,9395,-2096,-2529,17727,0x07
2026-09-06T20:51:17.055,416,0,1,52,0,0,0,0,0,0,0x03
2026-09-06T20:51:17.120,419,0,2,50,-213,-1660,4576,-1530,-1720,14014,0x07
2026-09-06T20:51:17.120,418,0,1,52,0,0,0,0,0,0,0x03
2026-09-06T20:51:17.201,421,0,2,50,0,0,10138,0,0,16292,0x07
2026-09-06T20:51:17.201,420,0,1,50,0,0,0,0,0,0,0x03
2026-09-06T20:51:17.250,423,0,2,57,2090,930,23764,2412,1544,25903,0x07
2026-09-06T20:51:17.250,422,0,1,50,0,0,0,0,0,0,0x03
2026-09-06T20:51:17.332,425,0,2,51,2090,569,25299,2412,1529,25965,0x07
2026-09-06T20:51:17.332,424,0,1,51,0,0,0,0,0,0,0x03
2026-09-06T20:51:17.396,427,0,2,51,2603,608,31355,2900,941,34627,0x07
2026-09-06T20:51:17.396,426,0,1,50,0,0,0,0,0,0,0x03
2026-09-06T20:51:17.461,429,0,2,50,2850,900,33114,3147,1560,35111,0x07
2026-09-06T20:51:17.462,428,0,1,50,0,0,0,0,0,0,0x03
2026-09-06T20:51:17.526,431,0,2,51,2843,1647,29848,3220,2431,32327,0x07
2026-09-06T20:51:17.526,430,0,1,52,0,0,0,0,0,0,0x03
2026-09-06T20:51:17.591,433,0,2,50,2775,1960,27696,3202,2200,33084,0x07
2026-09-06T20:51:17.592,432,0,1,50,0,0,0,0,0,0,0x03
2026-09-06T20:51:17.657,435,0,2,53,1516,2094,11864,2375,1962,23662,0x07
2026-09-06T20:51:17.657,434,0,1,53,0,0,0,0,0,0,0x03
2026-09-06T20:51:17.738,437,0,2,51,1516,1706,13515,2375,1843,24168,0x07
2026-09-06T20:51:17.738,436,0,1,50,0,0,0,0,0,0,0x03
2026-09-06T20:51:17.786,439,0,2,51,412,1510,957,1452,1922,12186,0x07
2026-09-06T20:51:17.786,438,0,1,50,0,0,0,0,0,0,0x03
2026-09-06T20:51:17.867,441,0,2,51,0,0,12763,0,0,18697,0x07
2026-09-06T20:51:17.867,440,0,1,52,0,0,0,0,0,0,0x03
2026-09-06T20:51:17.932,443,0,2,50,-1319,-140,17772,-1992,-1000,22914,0x07
2026-09-06T20:51:17.932,442,0,1,50,0,0,0,0,0,0,0x03
2026-09-06T20:51:17.997,445,0,2,50,-2020,-1000,22627,-2435,-560,30376,0x07
2026-09-06T20:51:17.997,444,0,1,50,0,0,0,0,0,0,0x03
2026-09-06T20:51:18.061,447,0,2,52,-2323,-538,28259,-2814,-846,33940,0x07
2026-09-06T20:51:18.061,446,0,1,51,0,0,0,0,0,0,0x03
2026-09-06T20:51:18.126,449,0,2,51,-2323,-941,26548,-2814,-1333,31870,0x07
2026-09-06T20:51:18.126,448,0,1,51,0,0,0,0,0,0,0x03
2026-09-06T20:51:18.191,451,0,2,51,-1908,-1176,20511,-2588,-1608,27849,0x07
2026-09-06T20:51:18.191,450,0,1,50,0,0,0,0,0,0,0x03
2026-09-06T20:51:18.273,453,0,2,51,-1379,-1451,12928,-2170,-1392,23496,0x07
2026-09-06T20:51:18.273,452,0,1,50,0,0,0,0,0,0,0x03
2026-09-06T20:51:18.338,455,0,2,54,-407,-1111,2590,-1328,-1426,12720,0x07
2026-09-06T20:51:18.338,454,0,1,52,0,0,0,0,0,0,0x03
2026-09-06T20:51:18.403,457,0,2,51,-407,-588,4812,-1328,-1333,13114,0x07
2026-09-06T20:51:18.403,456,0,1,52,0,0,0,0,0,0,0x03
2026-09-06T20:51:18.468,459,0,2,50,-317,-780,2903,-1421,-1240,14690,0x07
2026-09-06T20:51:18.468,458,0,1,50,0,0,0,0,0,0,0x03
2026-09-06T20:51:18.533,461,0,2,50,-322,-500,4153,-1416,-980,15734,0x07
2026-09-06T20:51:18.533,460,0,1,51,0,0,0,0,0,0,0x03
2026-09-06T20:51:18.598,463,0,2,50,-308,-440,4239,-1431,-920,16169,0x07
2026-09-06T20:51:18.598,462,0,1,51,0,0,0,0,0,0,0x03
2026-09-06T20:51:18.663,465,0,2,51,-322,-314,4952,-1416,-961,15806,0x07
2026-09-06T20:51:18.663,464,0,1,51,0,0,0,0,0,0,0x03
2026-09-06T20:51:18.728,467,0,2,54,-448,-296,6552,-1285,-1037,13834,0x07
2026-09-06T20:51:18.728,466,0,1,51,0,0,0,0,0,0,0x03
2026-09-06T20:51:18.793,469,0,2,51,-448,-333,6395,-1285,-1000,13991,0x07
2026-09-06T20:51:18.793,468,0,1,50,0,0,0,0,0,0,0x03
2026-09-06T20:51:18.858,471,0,2,51,-526,-431,6927,-1204,-922,13300,0x07
2026-09-06T20:51:18.858,470,0,1,50,0,0,0,0,0,0,0x03
2026-09-06T20:51:18.939,473,0,2,51,-1287,-471,15982,-1746,-843,20471,0x07
2026-09-06T20:51:18.939,472,0,1,53,0,0,0,0,0,0,0x03
2026-09-06T20:51:19.004,475,0,2,56,-2764,-679,33008,-2999,-1571,33195,0x07
2026-09-06T20:51:19.004,474,0,1,51,0,0,0,0,0,0,0x03
2026-09-06T20:51:19.069,477,0,2,50,-2764,-1060,31386,-2999,-1420,33838,0x07
2026-09-06T20:51:19.069,476,0,1,51,0,0,0,0,0,0,0x03
2026-09-06T20:51:19.135,479,0,2,51,-3277,-1569,35451,-3324,-1627,37051,0x07
2026-09-06T20:51:19.135,478,0,1,53,0,0,0,0,0,0,0x03
2026-09-06T20:51:19.199,481,0,2,51,-3374,-2216,33875,-3415,-2235,35621,0x07
2026-09-06T20:51:19.199,480,0,1,52,0,0,0,0,0,0,0x03
2026-09-06T20:51:19.265,483,0,2,51,-3374,-2529,32542,-3423,-2176,35971,0x07
2026-09-06T20:51:19.265,482,0,1,51,0,0,0,0,0,0,0x03
2026-09-06T20:51:19.330,485,0,2,52,-3374,-2558,32421,-3446,-2654,34235,0x07
2026-09-06T20:51:19.330,484,0,1,52,0,0,0,0,0,0,0x03
2026-09-06T20:51:19.395,487,0,2,50,-3338,-2820,30866,-3500,-2820,34208,0x07
2026-09-06T20:51:19.395,486,0,1,50,0,0,0,0,0,0,0x03
2026-09-06T20:51:19.476,489,0,2,50,-3338,-3160,29421,-3500,-2900,33868,0x07
2026-09-06T20:51:19.476,488,0,1,51,0,0,0,0,0,0,0x03
2026-09-06T20:51:19.541,491,0,2,51,-3219,-2961,28831,-3500,-3059,33193,0x07
2026-09-06T20:51:19.541,490,0,1,52,0,0,0,0,0,0,0x03
2026-09-06T20:51:19.606,493,0,2,51,-3013,-3137,25581,-3465,-3020,32923,0x07
2026-09-06T20:51:19.606,492,0,1,51,0,0,0,0,0,0,0x03
2026-09-06T20:51:19.670,495,0,2,50,-2511,-2860,20671,-3166,-3120,28724,0x07
2026-09-06T20:51:19.670,494,0,1,52,0,0,0,0,0,0,0x03
2026-09-06T20:51:19.735,497,0,2,51,-1411,-2608,8401,-2257,-3196,16920,0x07
2026-09-06T20:51:19.735,496,0,1,51,0,0,0,0,0,0,0x03
2026-09-06T20:51:19.800,499,0,2,50,-373,-1640,0,-1363,-1580,12512,0x07
2026-09-06T20:51:19.800,498,0,1,50,0,0,0,0,0,0,0x03
2026-09-06T20:51:19.866,501,0,2,51,0,0,11841,0,0,17525,0x07
2026-09-06T20:51:19.866,500,0,1,51,0,0,0,0,0,0,0x03
2026-09-06T20:51:19.931,503,0,2,50,1201,120,16437,1852,460,23442,0x07
2026-09-06T20:51:19.931,502,0,1,50,0,0,0,0,0,0,0x03
2026-09-06T20:51:20.012,505,0,2,50,2041,20,27045,2469,700,30206,0x07
2026-09-06T20:51:20.012,504,0,1,50,0,0,0,0,0,0,0x03
2026-09-06T20:51:20.078,507,0,2,50,2059,500,25219,2596,1380,28923,0x07
2026-09-06T20:51:20.078,506,0,1,51,0,0,0,0,0,0,0x03
2026-09-06T20:51:20.142,509,0,2,51,1960,745,22978,2555,1549,27684,0x07
2026-09-06T20:51:20.142,508,0,1,50,0,0,0,0,0,0,0x03
2026-09-06T20:51:20.208,511,0,2,53,1013,1170,9692,1864,1075,20972,0x07
2026-09-06T20:51:20.208,510,0,1,55,0,0,0,0,0,0,0x03
2026-09-06T20:51:20.274,513,0,2,51,1013,1118,9914,1864,1118,20793,0x07
2026-09-06T20:51:20.274,512,0,1,50,0,0,0,0,0,0,0x03
2026-09-06T20:51:20.339,515,0,2,51,376,1059,2431,1360,1157,14274,0x07
2026-09-06T20:51:20.339,514,0,1,50,0,0,0,0,0,0,0x03
2026-09-06T20:51:20.388,517,0,2,51,291,686,2991,1448,1235,15046,0x07
2026-09-06T20:51:20.388,516,0,1,52,0,0,0,0,0,0,0x03
