timestamp,sequence,team,robot_id,interval_ms,left_target_eps,left_measured_eps,left_duty,right_target_eps,right_measured_eps,right_duty,flags
2026-09-06T08:42:21.019,254,0,2,50,0,0,6287,0,0,14044,0x07
2026-09-06T08:42:21.084,255,0,2,51,0,0,6709,0,0,13605,0x07
2026-09-06T08:42:21.149,256,0,2,52,0,0,0,0,0,0,0x03
2026-09-06T08:42:21.214,257,0,2,51,0,0,0,0,0,0,0x03
2026-09-06T08:42:21.279,0,0,2,51,0,0,0,0,0,0,0x03
2026-09-06T08:42:21.343,1,0,2,50,0,0,0,0,0,0,0x03
2026-09-06T08:42:21.408,2,0,2,51,0,0,0,0,0,0,0x03
2026-09-06T08:42:21.473,3,0,2,52,0,0,0,0,0,0,0x03
2026-09-06T08:42:21.554,4,0,2,50,0,0,0,0,0,0,0x03
2026-09-06T08:42:21.619,5,0,2,50,0,0,0,0,0,0,0x03
2026-09-06T08:42:21.684,6,0,2,52,0,0,0,0,0,0,0x03
2026-09-06T08:42:21.749,7,0,2,54,0,0,0,0,0,0,0x03
2026-09-06T08:42:21.814,8,0,2,51,0,0,0,0,0,0,0x03
2026-09-06T08:42:21.878,9,0,2,50,0,0,0,0,0,0,0x03
2026-09-06T08:42:21.943,10,0,2,50,0,0,0,0,0,0,0x03
2026-09-06T08:42:22.008,11,0,2,52,0,0,0,0,0,0,0x03
2026-09-06T08:42:22.089,12,0,2,51,0,0,0,0,0,0,0x03
2026-09-06T08:42:22.154,13,0,2,50,0,0,0,0,0,0,0x03
2026-09-06T08:42:22.219,14,0,2,50,0,0,0,0,0,0,0x03
2026-09-06T08:42:22.284,15,0,2,51,0,0,0,0,0,0,0x03
2026-09-06T08:42:22.349,16,0,2,52,0,0,0,0,0,0,0x03
2026-09-06T08:42:22.414,17,0,2,53,0,0,0,0,0,0,0x03
2026-09-06T08:42:22.479,18,0,2,51,0,0,0,0,0,0,0x03
2026-09-06T08:42:22.544,19,0,2,52,0,0,0,0,0,0,0x03
2026-09-06T08:42:22.625,20,0,2,52,0,0,0,0,0,0,0x03
2026-09-06T08:42:22.690,21,0,2,55,0,0,0,0,0,0,0x03
2026-09-06T08:42:22.755,22,0,2,52,0,0,0,0,0,0,0x03
2026-09-06T08:42:22.820,23,0,2,50,0,0,0,0,0,0,0x03
2026-09-06T08:42:22.885,24,0,2,52,0,0,0,0,0,0,0x03
2026-09-06T08:42:22.950,25,0,2,50,0,0,0,0,0,0,0x03
2026-09-06T08:42:23.015,26,0,2,52,0,0,0,0,0,0,0x03
2026-09-06T08:42:23.079,27,0,2,50,0,0,0,0,0,0,0x03
2026-09-06T08:42:23.160,28,0,2,52,0,0,0,0,0,0,0x03
2026-09-06T08:42:23.225,29,0,2,50,0,0,0,0,0,0,0x03
2026-09-06T08:42:23.291,30,0,2,52,0,0,0,0,0,0,0x03
2026-09-06T08:42:23.355,31,0,2,50,0,0,0,0,0,0,0x03
2026-09-06T08:42:23.420,32,0,2,50,0,0,0,0,0,0,0x03
2026-09-06T08:42:23.485,33,0,2,50,0,0,0,0,0,0,0x03
2026-09-06T08:42:23.550,34,0,2,50,0,0,0,0,0,0,0x03
2026-09-06T08:42:23.631,35,0,2,51,0,0,0,0,0,0,0x03
2026-09-06T08:42:23.696,36,0,2,51,0,0,0,0,0,0,0x03
2026-09-06T08:42:23.761,37,0,2,52,0,0,0,0,0,0,0x03
2026-09-06T08:42:23.826,38,0,2,52,0,0,0,0,0,0,0x03
2026-09-06T08:42:23.891,39,0,2,50,0,0,0,0,0,0,0x03
2026-09-06T08:42:23.956,40,0,2,52,0,0,0,0,0,0,0x03
2026-09-06T08:42:24.021,41,0,2,51,0,0,0,0,0,0,0x03
2026-09-06T08:42:24.086,42,0,2,51,0,0,0,0,0,0,0x03
2026-09-06T08:42:24.167,43,0,2,50,0,0,0,0,0,0,0x03
2026-09-06T08:42:24.215,44,0,2,51,0,0,0,0,0,0,0x03
2026-09-06T08:42:24.296,45,0,2,50,0,0,0,0,0,0,0x03
2026-09-06T08:42:24.361,46,0,2,50,0,0,0,0,0,0,0x03
2026-09-06T08:42:24.426,47,0,2,50,0,0,0,0,0,0,0x03
2026-09-06T08:42:24.491,48,0,2,52,0,0,0,0,0,0,0x03
2026-09-06T08:42:24.556,49,0,2,50,0,0,0,0,0,0,0x03
2026-09-06T08:42:24.621,50,0,2,51,0,0,0,0,0,0,0x03
2026-09-06T08:42:24.702,51,0,2,51,0,0,0,0,0,0,0x03
2026-09-06T08:42:24.767,52,0,2,51,0,0,0,0,0,0,0x03
2026-09-06T08:42:24.832,53,0,2,53,0,0,0,0,0,0,0x03
2026-09-06T08:42:24.897,54,0,2,50,0,0,0,0,0,0,0x03
2026-09-06T08:42:24.962,55,0,2,51,0,0,0,0,0,0,0x03
2026-09-06T08:42:25.027,56,0,2,51,0,0,0,0,0,0,0x03
2026-09-06T08:42:25.092,57,0,2,50,0,0,0,0,0,0,0x03
2026-09-06T08:42:25.157,58,0,2,52,0,0,0,0,0,0,0x03
2026-09-06T08:42:25.239,59,0,2,51,0,0,0,0,0,0,0x03
2026-09-06T08:42:25.287,60,0,2,51,0,0,0,0,0,0,0x03
2026-09-06T08:42:25.368,61,0,2,50,0,0,0,0,0,0,0x03
2026-09-06T08:42:25.433,62,0,2,52,0,0,0,0,0,0,0x03
2026-09-06T08:42:25.498,63,0,2,52,0,0,0,0,0,0,0x03
2026-09-06T08:42:25.563,64,0,2,50,0,0,0,0,0,0,0x03
2026-09-06T08:42:25.627,65,0,2,50,0,0,0,0,0,0,0x03
2026-09-06T08:42:25.692,66,0,2,50,0,0,0,0,0,0,0x03
2026-09-06T08:42:25.757,67,0,2,51,0,0,0,0,0,0,0x03
2026-09-06T08:42:25.838,68,0,2,52,0,0,0,0,0,0,0x03
2026-09-06T08:42:25.903,69,0,2,52,0,0,0,0,0,0,0x03
2026-09-06T08:42:25.968,70,0,2,52,0,0,0,0,0,0,0x03
2026-09-06T08:42:26.033,71,0,2,50,0,0,0,0,0,0,0x03
2026-09-06T08:42:26.098,72,0,2,52,0,0,0,0,0,0,0x03
2026-09-06T08:42:26.162,73,0,2,51,0,0,0,0,0,0,0x03
2026-09-06T08:42:26.227,74,0,2,51,0,0,0,0,0,0,0x03
2026-09-06T08:42:26.292,75,0,2,50,0,0,0,0,0,0,0x03
2026-09-06T08:42:26.373,76,0,2,50,0,0,0,0,0,0,0x03
2026-09-06T08:42:26.438,77,0,2,50,0,0,0,0,0,0,0x03
2026-09-06T08:42:26.503,78,0,2,51,0,0,0,0,0,0,0x03
2026-09-06T08:42:26.568,79,0,2,50,0,0,0,0,0,0,0x03
2026-09-06T08:42:26.633,80,0,2,52,0,0,0,0,0,0,0x03
2026-09-06T08:42:26.697,81,0,2,53,0,0,0,0,0,0,0x03
2026-09-06T08:42:26.778,82,0,2,50,0,0,0,0,0,0,0x03
2026-09-06T08:42:26.827,83,0,2,52,0,0,0,0,0,0,0x03
2026-09-06T08:42:26.908,84,0,2,50,0,0,0,0,0,0,0x03
2026-09-06T08:42:26.973,85,0,2,51,0,0,0,0,0,0,0x03
2026-09-06T08:42:27.039,86,0,2,51,0,0,0,0,0,0,0x03
2026-09-06T08:42:27.103,87,0,2,51,0,0,0,0,0,0,0x03
2026-09-06T08:42:27.168,88,0,2,52,0,0,0,0,0,0,0x03
2026-09-06T08:42:27.233,89,0,2,52,0,0,0,0,0,0,0x03
2026-09-06T08:42:27.298,90,0,2,50,0,0,0,0,0,0,0x03
2026-09-06T08:42:27.363,91,0,2,50,0,0,0,0,0,0,0x03
2026-09-06T08:42:27.444,92,0,2,50,0,0,0,0,0,0,0x03
2026-09-06T08:42:27.508,93,0,2,51,0,0,0,0,0,0,0x03
2026-09-06T08:42:27.573,94,0,2,51,0,0,0,0,0,0,0x03
2026-09-06T08:42:27.638,95,0,2,52,0,0,0,0,0,0,0x03
2026-09-06T08:42:27.703,96,0,2,52,0,0,0,0,0,0,0x03
2026-09-06T08:42:27.768,97,0,2,51,0,0,0,0,0,0,0x03
2026-09-06T08:42:27.833,98,0,2,51,0,0,0,0,0,0,0x03
2026-09-06T08:42:27.914,99,0,2,52,0,0,0,0,0,0,0x03
2026-09-06T08:42:27.980,100,0,2,50,0,0,0,0,0,0,0x03
2026-09-06T08:42:28.044,101,0,2,52,0,0,0,0,0,0,0x03
2026-09-06T08:42:28.110,102,0,2,52,0,0,0,0,0,0,0x03
2026-09-06T08:42:28.174,103,0,2,52,0,0,0,0,0,0,0x03
2026-09-06T08:42:28.239,104,0,2,50,0,0,0,0,0,0,0x03
2026-09-06T08:42:28.304,105,0,2,51,0,0,0,0,0,0,0x03
2026-09-06T08:42:28.370,106,0,2,51,0,0,0,0,0,0,0x03
2026-09-06T08:42:28.451,107,0,2,51,0,0,0,0,0,0,0x03
2026-09-06T08:42:28.516,108,0,2,50,0,0,0,0,0,0,0x03
2026-09-06T08:42:28.581,109,0,2,52,0,0,0,0,0,0,0x03
2026-09-06T08:42:28.646,110,0,2,50,0,0,0,0,0,0,0x03
2026-09-06T08:42:28.712,111,0,2,50,0,0,0,0,0,0,0x03
2026-09-06T08:42:28.776,112,0,2,51,0,0,0,0,0,0,0x03
2026-09-06T08:42:28.841,113,0,2,50,0,0,0,0,0,0,0x03
2026-09-06T08:42:28.906,114,0,2,50,0,0,0,0,0,0,0x03
2026-09-06T08:42:28.971,115,0,2,50,0,0,0,0,0,0,0x03
2026-09-06T08:42:29.052,116,0,2,51,0,0,0,0,0,0,0x03
2026-09-06T08:42:29.117,117,0,2,51,0,0,0,0,0,0,0x03
2026-09-06T08:42:29.182,118,0,2,50,0,0,0,0,0,0,0x03
2026-09-06T08:42:29.247,119,0,2,52,0,0,0,0,0,0,0x03
2026-09-06T08:42:29.312,120,0,2,50,0,0,0,0,0,0,0x03
2026-09-06T08:42:29.377,121,0,2,51,0,0,0,0,0,0,0x03
2026-09-06T08:42:29.442,122,0,2,51,0,0,0,0,0,0,0x03
2026-09-06T08:42:29.507,123,0,2,50,0,0,0,0,0,0,0x03
2026-09-06T08:42:29.589,124,0,2,51,0,0,0,0,0,0,0x03
2026-09-06T08:42:29.654,125,0,2,51,0,0,0,0,0,0,0x03
2026-09-06T08:42:29.718,126,0,2,50,0,0,0,0,0,0,0x03
2026-09-06T08:42:29.783,127,0,2,51,0,0,0,0,0,0,0x03
2026-09-06T08:42:29.848,128,0,2,52,0,0,0,0,0,0,0x03
2026-09-06T08:42:29.914,129,0,2,52,0,0,0,0,0,0,0x03
2026-09-06T08:42:29.979,130,0,2,51,0,0,0,0,0,0,0x03
2026-09-06T08:42:30.044,131,0,2,51,0,0,0,0,0,0,0x03
2026-09-06T08:42:30.125,132,0,2,51,0,0,0,0,0,0,0x03
2026-09-06T08:42:30.190,133,0,2,50,0,0,0,0,0,0,0x03
2026-09-06T08:42:30.255,134,0,2,51,0,0,0,0,0,0,0x03
2026-09-06T08:42:30.319,135,0,2,54,0,0,0,0,0,0,0x03
2026-09-06T08:42:30.384,136,0,2,51,0,0,0,0,0,0,0x03
2026-09-06T08:42:30.449,137,0,2,52,0,0,0,0,0,0,0x03
2026-09-06T08:42:30.514,138,0,2,51,0,0,0,0,0,0,0x03
2026-09-06T08:42:30.578,139,0,2,55,0,0,0,0,0,0,0x03
2026-09-06T08:42:30.643,140,0,2,51,0,0,0,0,0,0,0x03
2026-09-06T08:42:30.724,141,0,2,50,0,0,0,0,0,0,0x03
2026-09-06T08:42:30.789,142,0,2,52,0,0,0,0,0,0,0x03
2026-09-06T08:42:30.853,143,0,2,55,0,0,0,0,0,0,0x03
2026-09-06T08:42:30.918,144,0,2,50,0,0,0,0,0,0,0x03
2026-09-06T08:42:30.983,145,0,2,51,0,0,0,0,0,0,0x03
2026-09-06T08:42:31.048,146,0,2,50,0,0,0,0,0,0,0x03
2026-09-06T08:42:31.129,147,0,2,52,0,0,0,0,0,0,0x03
2026-09-06T08:42:31.194,148,0,2,52,0,0,0,0,0,0,0x03
2026-09-06T08:42:31.259,149,0,2,51,0,0,0,0,0,0,0x03
2026-09-06T08:42:31.323,150,0,2,50,0,0,0,0,0,0,0x03
2026-09-06T08:42:31.388,151,0,2,51,0,0,0,0,0,0,0x03
2026-09-06T08:42:31.453,152,0,2,52,0,0,0,0,0,0,0x03
2026-09-06T08:42:31.518,153,0,2,52,0,0,0,0,0,0,0x03
2026-09-06T08:42:31.582,154,0,2,51,0,0,0,0,0,0,0x03
2026-09-06T08:42:31.663,155,0,2,51,0,0,0,0,0,0,0x03
2026-09-06T08:42:31.728,156,0,2,50,0,0,0,0,0,0,0x03
2026-09-06T08:42:31.793,157,0,2,51,0,0,0,0,0,0,0x03
2026-09-06T08:42:31.858,158,0,2,54,0,0,0,0,0,0,0x03
2026-09-06T08:42:31.923,159,0,2,50,0,0,0,0,0,0,0x03
2026-09-06T08:42:31.987,160,0,2,51,0,0,0,0,0,0,0x03
2026-09-06T08:42:32.052,161,0,2,51,0,0,0,0,0,0,0x03
2026-09-06T08:42:32.133,162,0,2,51,0,0,0,0,0,0,0x03
2026-09-06T08:42:32.182,163,0,2,50,0,0,0,0,0,0,0x03
2026-09-06T08:42:32.263,164,0,2,51,0,0,0,0,0,0,0x03
2026-09-06T08:42:32.328,165,0,2,51,0,0,0,0,0,0,0x03
2026-09-06T08:42:32.393,166,0,2,51,0,0,0,0,0,0,0x03
2026-09-06T08:42:32.458,167,0,2,50,0,0,0,0,0,0,0x03
2026-09-06T08:42:32.523,168,0,2,50,0,0,0,0,0,0,0x03
2026-09-06T08:42:32.589,169,0,2,51,0,0,0,0,0,0,0x03
2026-09-06T08:42:32.670,170,0,2,50,0,0,0,0,0,0,0x03
2026-09-06T08:42:32.718,171,0,2,51,0,0,0,0,0,0,0x03
2026-09-06T08:42:32.800,172,0,2,52,0,0,0,0,0,0,0x03
2026-09-06T08:42:32.865,173,0,2,51,0,0,0,0,0,0,0x03
2026-09-06T08:42:32.930,174,0,2,51,0,0,0,0,0,0,0x03
2026-09-06T08:42:32.995,175,0,2,50,0,0,0,0,0,0,0x03
2026-09-06T08:42:33.060,176,0,2,51,0,0,0,0,0,0,0x03
2026-09-06T08:42:33.125,177,0,2,50,0,0,0,0,0,0,0x03
2026-09-06T08:42:33.190,178,0,2,52,0,0,0,0,0,0,0x03
2026-09-06T08:42:33.255,179,0,2,51,0,0,0,0,0,0,0x03
2026-09-06T08:42:33.336,180,0,2,50,0,0,0,0,0,0,0x03
2026-09-06T08:42:33.401,181,0,2,50,0,0,0,0,0,0,0x03
2026-09-06T08:42:33.466,182,0,2,52,0,0,0,0,0,0,0x03
2026-09-06T08:42:33.531,183,0,2,52,0,0,0,0,0,0,0x03
2026-09-06T08:42:33.596,184,0,2,50,0,0,0,0,0,0,0x03
2026-09-06T08:42:33.661,185,0,2,51,0,0,0,0,0,0,0x03
2026-09-06T08:42:33.742,186,0,2,51,0,0,0,0,0,0,0x03
2026-09-06T08:42:33.791,187,0,2,55,0,0,0,0,0,0,0x03
2026-09-06T08:42:33.872,188,0,2,51,0,0,0,0,0,0,0x03
2026-09-06T08:42:33.937,189,0,2,52,0,0,0,0,0,0,0x03
2026-09-06T08:42:34.002,190,0,2,50,0,0,0,0,0,0,0x03
2026-09-06T08:42:34.067,191,0,2,52,0,0,0,0,0,0,0x03
2026-09-06T08:42:34.132,192,0,2,50,0,0,0,0,0,0,0x03
2026-09-06T08:42:34.197,193,0,2,51,0,0,0,0,0,0,0x03
2026-09-06T08:42:34.262,194,0,2,50,0,0,0,0,0,0,0x03
2026-09-06T08:42:34.327,195,0,2,52,0,0,0,0,0,0,0x03
2026-09-06T08:42:34.408,196,0,2,51,0,0,0,0,0,0,0x03
2026-09-06T08:42:34.473,197,0,2,50,0,0,0,0,0,0,0x03
2026-09-06T08:42:34.538,198,0,2,50,0,0,0,0,0,0,0x03
2026-09-06T08:42:34.604,199,0,2,52,0,0,0,0,0,0,0x03
2026-09-06T08:42:34.669,200,0,2,50,0,0,0,0,0,0,0x03
2026-09-06T08:42:34.734,201,0,2,51,0,0,0,0,0,0,0x03
2026-09-06T08:42:34.799,202,0,2,52,0,0,0,0,0,0,0x03
2026-09-06T08:42:34.864,203,0,2,53,0,0,0,0,0,0,0x03
2026-09-06T08:42:34.945,204,0,2,51,0,0,0,0,0,0,0x03
2026-09-06T08:42:35.010,205,0,2,51,0,0,0,0,0,0,0x03
2026-09-06T08:42:35.075,206,0,2,52,0,0,0,0,0,0,0x03
2026-09-06T08:42:35.140,207,0,2,50,0,0,0,0,0,0,0x03
2026-09-06T08:42:35.205,208,0,2,51,0,0,0,0,0,0,0x03
2026-09-06T08:42:35.270,209,0,2,50,0,0,0,0,0,0,0x03
2026-09-06T08:42:35.335,210,0,2,52,0,0,0,0,0,0,0x03
2026-09-06T08:42:35.400,211,0,2,50,0,0,0,0,0,0,0x03
2026-09-06T08:42:35.481,212,0,2,51,0,0,0,0,0,0,0x03
2026-09-06T08:42:35.545,213,0,2,54,0,0,0,0,0,0,0x03
2026-09-06T08:42:35.610,214,0,2,51,0,0,0,0,0,0,0x03
2026-09-06T08:42:35.675,215,0,2,52,0,0,0,0,0,0,0x03
2026-09-06T08:42:35.740,216,0,2,51,0,0,0,0,0,0,0x03
2026-09-06T08:42:35.805,217,0,2,50,0,0,0,0,0,0,0x03
2026-09-06T08:42:35.870,218,0,2,50,0,0,0,0,0,0,0x03
2026-09-06T08:42:35.935,219,0,2,51,0,0,0,0,0,0,0x03
2026-09-06T08:42:36.016,220,0,2,50,0,0,0,0,0,0,0x03
2026-09-06T08:42:36.081,221,0,2,51,0,0,0,0,0,0,0x03
2026-09-06T08:42:36.146,222,0,2,50,0,0,0,0,0,0,0x03
2026-09-06T08:42:36.211,223,0,2,50,0,0,0,0,0,0,0x03
2026-09-06T08:42:36.276,224,0,2,50,0,0,0,0,0,0,0x03
2026-09-06T08:42:36.341,225,0,2,51,0,0,0,0,0,0,0x03
2026-09-06T08:42:36.406,226,0,2,51,0,0,0,0,0,0,0x03
2026-09-06T08:42:36.471,227,0,2,50,0,0,0,0,0,0,0x03
2026-09-06T08:42:36.552,228,0,2,51,0,0,0,0,0,0,0x03
2026-09-06T08:42:36.616,229,0,2,51,0,0,0,0,0,0,0x03
2026-09-06T08:42:36.681,230,0,2,51,0,0,0,0,0,0,0x03
2026-09-06T08:42:36.746,231,0,2,51,0,0,0,0,0,0,0x03
2026-09-06T08:42:36.811,232,0,2,52,0,0,0,0,0,0,0x03
2026-09-06T08:42:36.876,233,0,2,50,0,0,0,0,0,0,0x03
2026-09-06T08:42:36.941,234,0,2,51,0,0,0,0,0,0,0x03
2026-09-06T08:42:37.006,235,0,2,50,0,0,0,0,0,0,0x03
2026-09-06T08:42:37.087,236,0,2,52,0,0,0,0,0,0,0x03
2026-09-06T08:42:37.151,237,0,2,52,0,0,0,0,0,0,0x03
2026-09-06T08:42:37.216,238,0,2,51,0,0,0,0,0,0,0x03
2026-09-06T08:42:37.281,239,0,2,52,0,0,0,0,0,0,0x03
2026-09-06T08:42:37.346,240,0,2,52,0,0,0,0,0,0,0x03
2026-09-06T08:42:37.411,241,0,2,52,0,0,0,0,0,0,0x03
2026-09-06T08:42:37.476,242,0,2,50,0,0,0,0,0,0,0x03
2026-09-06T08:42:37.557,243,0,2,50,0,0,0,0,0,0,0x03
2026-09-06T08:42:37.606,244,0,2,51,0,0,0,0,0,0,0x03
2026-09-06T08:42:37.687,245,0,2,52,0,0,0,0,0,0,0x03
2026-09-06T08:42:37.751,246,0,2,51,0,0,0,0,0,0,0x03
2026-09-06T08:42:37.816,247,0,2,51,0,0,0,0,0,0,0x03
2026-09-06T08:42:37.881,248,0,2,54,0,0,0,0,0,0,0x03
2026-09-06T08:42:37.946,249,0,2,52,0,0,0,0,0,0,0x03
2026-09-06T08:42:38.011,250,0,2,52,0,0,0,0,0,0,0x03
2026-09-06T08:42:38.092,251,0,2,52,0,0,0,0,0,0,0x03
2026-09-06T08:42:38.156,252,0,2,51,0,0,0,0,0,0,0x03
2026-09-06T08:42:38.221,253,0,2,51,0,0,0,0,0,0,0x03
2026-09-06T08:42:38.286,254,0,2,50,0,0,0,0,0,0,0x03
2026-09-06T08:42:38.351,255,0,2,50,0,0,0,0,0,0,0x03
2026-09-06T08:42:38.481,256,0,2,50,0,0,0,0,0,0,0x03
2026-09-06T08:42:38.546,257,0,2,50,0,0,0,0,0,0,0x03
2026-09-06T08:42:38.949,258,0,2,53,0,0,0,0,0,0,0x03
2026-09-06T08:42:39.159,259,0,2,50,0,0,0,0,0,0,0x03
2026-09-06T08:42:39.224,260,0,2,50,0,0,0,0,0,0,0x03
2026-09-06T08:42:39.290,261,0,2,51,0,0,0,0,0,0,0x03
2026-09-06T08:42:39.354,262,0,2,51,0,0,0,0,0,0,0x03
2026-09-06T08:42:39.419,263,0,2,51,0,0,0,0,0,0,0x03
2026-09-06T08:42:39.484,264,0,2,50,0,0,0,0,0,0,0x03
2026-09-06T08:42:39.565,265,0,2,51,0,0,0,0,0,0,0x03
2026-09-06T08:42:39.630,266,0,2,50,0,0,0,0,0,0,0x03
2026-09-06T08:42:39.694,267,0,2,50,0,0,0,0,0,0,0x03
2026-09-06T08:42:39.759,268,0,2,53,0,0,0,0,0,0,0x03
2026-09-06T08:42:39.824,269,0,2,51,0,0,0,0,0,0,0x03
2026-09-06T08:42:39.890,270,0,2,51,0,0,0,0,0,0,0x03
2026-09-06T08:42:39.955,271,0,2,50,0,0,0,0,0,0,0x03
2026-09-06T08:42:40.020,272,0,2,51,0,0,0,0,0,0,0x03
2026-09-06T08:42:40.085,273,0,2,50,0,0,0,0,0,0,0x03
2026-09-06T08:42:40.167,274,0,2,50,0,0,0,0,0,0,0x03
2026-09-06T08:42:40.232,275,0,2,53,0,0,0,0,0,0,0x03
2026-09-06T08:42:40.297,276,0,2,50,0,0,0,0,0,0,0x03
2026-09-06T08:42:40.362,277,0,2,51,0,0,0,0,0,0,0x03
2026-09-06T08:42:40.427,278,0,2,50,0,0,0,0,0,0,0x03
2026-09-06T08:42:40.492,279,0,2,51,0,0,0,0,0,0,0x03
2026-09-06T08:42:40.557,280,0,2,51,0,0,0,0,0,0,0x03
2026-09-06T08:42:40.622,281,0,2,50,0,0,0,0,0,0,0x03
2026-09-06T08:42:40.687,282,0,2,52,0,0,0,0,0,0,0x03
2026-09-06T08:42:40.753,283,0,2,50,0,0,0,0,0,0,0x03
2026-09-06T08:42:40.834,284,0,2,51,0,0,0,0,0,0,0x03
2026-09-06T08:42:40.899,285,0,2,50,0,0,0,0,0,0,0x03
2026-09-06T08:42:40.963,286,0,2,52,0,0,0,0,0,0,0x03
2026-09-06T08:42:41.028,287,0,2,50,0,0,0,0,0,0,0x03
2026-09-06T08:42:41.093,288,0,2,52,0,0,0,0,0,0,0x03
2026-09-06T08:42:41.158,289,0,2,50,0,0,0,0,0,0,0x03
2026-09-06T08:42:41.223,290,0,2,51,0,0,0,0,0,0,0x03
2026-09-06T08:42:41.305,291,0,2,51,0,0,0,0,0,0,0x03
2026-09-06T08:42:41.370,292,0,2,50,0,0,0,0,0,0,0x03
2026-09-06T08:42:41.435,293,0,2,50,0,0,0,0,0,0,0x03
2026-09-06T08:42:41.500,294,0,2,50,0,0,0,0,0,0,0x03
2026-09-06T08:42:41.565,295,0,2,52,0,0,0,0,0,0,0x03
2026-09-06T08:42:41.630,296,0,2,51,0,0,0,0,0,0,0x03
2026-09-06T08:42:41.694,297,0,2,50,0,0,0,0,0,0,0x03
2026-09-06T08:42:41.759,298,0,2,51,0,0,0,0,0,0,0x03
2026-09-06T08:42:41.824,299,0,2,52,0,0,0,0,0,0,0x03
2026-09-06T08:42:41.906,300,0,2,50,0,0,0,0,0,0,0x03
2026-09-06T08:42:41.971,301,0,2,52,0,0,0,0,0,0,0x03
2026-09-06T08:42:42.035,302,0,2,52,0,0,0,0,0,0,0x03
2026-09-06T08:42:42.100,303,0,2,50,0,0,0,0,0,0,0x03
2026-09-06T08:42:42.165,304,0,2,50,0,0,0,0,0,0,0x03
2026-09-06T08:42:42.230,305,0,2,51,0,0,0,0,0,0,0x03
2026-09-06T08:42:42.295,306,0,2,51,0,0,0,0,0,0,0x03
2026-09-06T08:42:42.376,307,0,2,52,0,0,0,0,0,0,0x03
2026-09-06T08:42:42.441,308,0,2,50,0,0,0,0,0,0,0x03
2026-09-06T08:42:42.506,309,0,2,52,0,0,0,0,0,0,0x03
2026-09-06T08:42:42.571,310,0,2,50,0,0,0,0,0,0,0x03
2026-09-06T08:42:42.636,311,0,2,51,0,0,0,0,0,0,0x03
2026-09-06T08:42:42.701,312,0,2,52,0,0,0,0,0,0,0x03
2026-09-06T08:42:42.766,313,0,2,52,0,0,0,0,0,0,0x03
2026-09-06T08:42:42.831,314,0,2,51,0,0,0,0,0,0,0x03
2026-09-06T08:42:42.912,315,0,2,50,0,0,0,0,0,0,0x03
2026-09-06T08:42:42.976,316,0,2,50,0,0,0,0,0,0,0x03
2026-09-06T08:42:43.041,317,0,2,50,0,0,0,0,0,0,0x03
2026-09-06T08:42:43.105,318,0,2,50,0,0,0,0,0,0,0x03
2026-09-06T08:42:43.170,319,0,2,51,0,0,0,0,0,0,0x03
2026-09-06T08:42:43.234,320,0,2,50,0,0,0,0,0,0,0x03
2026-09-06T08:42:43.299,321,0,2,51,0,0,0,0,0,0,0x03
2026-09-06T08:42:43.380,322,0,2,50,0,0,0,0,0,0,0x03
2026-09-06T08:42:43.444,323,0,2,52,0,0,0,0,0,0,0x03
2026-09-06T08:42:43.509,324,0,2,52,0,0,0,0,0,0,0x03
2026-09-06T08:42:43.573,325,0,2,53,0,0,0,0,0,0,0x03
2026-09-06T08:42:43.638,326,0,2,50,0,0,0,0,0,0,0x03
2026-09-06T08:42:43.703,327,0,2,51,0,0,0,0,0,0,0x03
2026-09-06T08:42:43.783,328,0,2,51,0,0,0,0,0,0,0x03
2026-09-06T08:42:43.848,329,0,2,53,0,0,0,0,0,0,0x03
2026-09-06T08:42:43.913,330,0,2,51,0,0,0,0,0,0,0x03
2026-09-06T08:42:43.977,331,0,2,52,0,0,0,0,0,0,0x03
2026-09-06T08:42:44.042,332,0,2,50,0,0,0,0,0,0,0x03
2026-09-06T08:42:44.106,333,0,2,52,0,0,0,0,0,0,0x03
2026-09-06T08:42:44.171,334,0,2,51,0,0,0,0,0,0,0x03
2026-09-06T08:42:44.252,335,0,2,50,0,0,0,0,0,0,0x03
2026-09-06T08:42:44.300,336,0,2,51,0,0,0,0,0,0,0x03
2026-09-06T08:42:44.381,337,0,2,52,0,0,0,0,0,0,0x03
2026-09-06T08:42:44.446,338,0,2,54,0,0,0,0,0,0,0x03
2026-09-06T08:42:44.510,339,0,2,54,0,0,0,0,0,0,0x03
2026-09-06T08:42:44.575,340,0,2,50,0,0,0,0,0,0,0x03
2026-09-06T08:42:44.639,341,0,2,51,0,0,0,0,0,0,0x03
2026-09-06T08:42:44.720,342,0,2,50,0,0,0,0,0,0,0x03
2026-09-06T08:42:44.785,343,0,2,50,0,0,0,0,0,0,0x03
2026-09-06T08:42:44.849,344,0,2,50,0,0,0,0,0,0,0x03
2026-09-06T08:42:44.914,345,0,2,50,0,0,0,0,0,0,0x03
2026-09-06T08:42:44.979,346,0,2,51,0,0,0,0,0,0,0x03
2026-09-06T08:42:45.043,347,0,2,52,0,0,0,0,0,0,0x03
2026-09-06T08:42:45.108,348,0,2,55,0,0,0,0,0,0,0x03
2026-09-06T08:42:45.172,349,0,2,51,0,0,0,0,0,0,0x03
2026-09-06T08:42:45.253,350,0,2,51,0,0,0,0,0,0,0x03
2026-09-06T08:42:45.317,351,0,2,51,0,0,0,0,0,0,0x03
2026-09-06T08:42:45.382,352,0,2,55,0,0,0,0,0,0,0x03
2026-09-06T08:42:45.447,353,0,2,51,0,0,0,0,0,0,0x03
2026-09-06T08:42:45.511,354,0,2,62,0,0,0,0,0,0,0x03
2026-09-06T08:42:45.576,355,0,2,62,0,0,0,0,0,0,0x03
2026-09-06T08:42:45.641,356,0,2,52,0,0,0,0,0,0,0x03
2026-09-06T08:42:45.722,357,0,2,50,0,0,0,0,0,0,0x03
2026-09-06T08:42:45.786,358,0,2,52,0,0,0,0,0,0,0x03
2026-09-06T08:42:45.851,359,0,2,52,0,0,0,0,0,0,0x03
2026-09-06T08:42:45.916,360,0,2,52,0,0,0,0,0,0,0x03
2026-09-06T08:42:45.980,361,0,2,51,0,0,0,0,0,0,0x03
2026-09-06T08:42:46.045,362,0,2,55,1715,0,24644,2919,0,38801,0x07
2026-09-06T08:42:46.109,363,0,2,52,1715,173,23909,2919,1019,34469,0x07
2026-09-06T08:42:46.190,364,0,2,52,2076,423,27290,2543,1019,29834,0x07
2026-09-06T08:42:46.255,365,0,2,51,2076,667,26250,2543,804,30745,0x07
2026-09-06T08:42:46.320,366,0,2,55,2175,982,26129,2602,1091,30255,0x07
2026-09-06T08:42:46.384,367,0,2,50,2175,1140,25457,2602,1280,29452,0x07
2026-09-06T08:42:46.449,368,0,2,51,2123,1333,24003,2594,1255,29458,0x07
2026-09-06T08:42:46.514,369,0,2,56,2225,1429,24849,2656,1589,28802,0x07
2026-09-06T08:42:46.595,370,0,2,51,2225,1529,24420,2656,1824,27807,0x07
2026-09-06T08:42:46.644,371,0,2,53,2251,1604,24425,2685,1566,29255,0x07
2026-09-06T08:42:46.725,372,0,2,50,2221,1580,24161,2675,1600,28990,0x07
2026-09-06T08:42:46.790,373,0,2,50,2207,1920,22536,2661,1820,27878,0x07
2026-09-06T08:42:46.855,374,0,2,50,0,0,0,0,0,0,0x03
2026-09-06T08:42:46.920,375,0,2,52,0,0,0,0,0,0,0x03
2026-09-06T08:42:46.985,376,0,2,52,0,0,20128,0,0,23582,0x07
2026-09-06T08:42:47.050,377,0,2,51,2059,1451,22713,2571,1451,28344,0x07
2026-09-06T08:42:47.131,378,0,2,51,0,0,0,0,0,0,0x03
2026-09-06T08:42:47.180,379,0,2,52,1993,58,27820,2477,38,33177,0x07
2026-09-06T08:42:47.261,380,0,2,52,1993,1481,21772,2477,1750,25903,0x07
2026-09-06T08:42:47.326,381,0,2,51,1942,1294,21941,2441,1431,26816,0x07
2026-09-06T08:42:47.391,382,0,2,51,1301,1333,13872,2017,1490,21339,0x07
2026-09-06T08:42:47.456,383,0,2,51,684,1020,7602,1463,1510,14408,0x07
2026-09-06T08:42:47.521,384,0,2,52,400,750,5248,1244,1462,11912,0x07
2026-09-06T08:42:47.585,385,0,2,51,330,882,3824,1206,1255,12319,0x07
2026-09-06T08:42:47.650,386,0,2,58,204,569,3610,1378,1034,15377,0x07
2026-09-06T08:42:47.732,387,0,2,51,204,471,4028,0,0,18118,0x07
2026-09-06T08:42:47.992,388,0,2,51,3374,353,40000,0,0,4013,0x07
