timestamp,sequence,team,robot_id,interval_ms,left_target_eps,left_measured_eps,left_duty,right_target_eps,right_measured_eps,right_duty,flags
2026-09-06T12:11:35.803-03:00,502,0,0,50,0,0,0,0,0,0,0x03
2026-09-06T12:11:35.821-03:00,503,0,0,50,0,0,0,0,0,0,0x03
2026-09-06T12:11:35.843-03:00,504,0,0,51,0,0,0,0,0,0,0x03
2026-09-06T12:11:35.862-03:00,505,0,0,50,0,0,0,0,0,0,0x03
2026-09-06T12:11:35.880-03:00,505,0,0,50,0,0,0,0,0,0,0x03
2026-09-06T12:11:35.903-03:00,505,0,0,50,0,0,0,0,0,0,0x03
2026-09-06T12:11:35.921-03:00,505,0,0,54,0,0,0,0,0,0,0x03
2026-09-06T12:11:35.944-03:00,505,0,0,54,0,0,0,0,0,0,0x03
2026-09-06T12:11:35.964-03:00,505,0,0,52,0,0,0,0,0,0,0x03
2026-09-06T12:11:36.000-03:00,505,0,0,52,0,0,0,0,0,0,0x03
2026-09-06T12:11:36.000-03:00,505,0,0,52,0,0,0,0,0,0,0x03
2026-09-06T12:11:36.020-03:00,8,0,0,50,0,0,30741,0,0,31098,0x07
2026-09-06T12:11:36.043-03:00,9,0,0,50,0,0,30741,0,0,31098,0x07
2026-09-06T12:11:36.059-03:00,10,0,0,56,3374,857,40000,3500,0,40000,0x07
2026-09-06T12:11:36.082-03:00,11,0,0,56,3374,857,40000,3500,0,40000,0x07
2026-09-06T12:11:36.101-03:00,12,0,0,56,3374,857,40000,3500,0,40000,0x07
2026-09-06T12:11:36.124-03:00,13,0,0,72,3374,2306,35282,3500,0,40000,0x07
2026-09-06T12:11:36.144-03:00,14,0,0,72,3374,2306,35282,3500,0,40000,0x07
2026-09-06T12:11:36.161-03:00,15,0,0,72,3374,2306,35282,3500,0,40000,0x07
2026-09-06T12:11:36.204-03:00,16,0,0,64,3374,3031,32198,3500,0,40000,0x07
2026-09-06T12:11:36.204-03:00,17,0,0,64,3374,3031,32198,3500,0,40000,0x07
2026-09-06T12:11:36.219-03:00,18,0,0,64,3374,3031,32198,3500,0,40000,0x07
2026-09-06T12:11:36.241-03:00,19,0,0,60,3374,2633,33889,3500,0,40000,0x07
2026-09-06T12:11:36.262-03:00,20,0,0,60,3374,2633,33889,3500,0,40000,0x07
2026-09-06T12:11:36.280-03:00,21,0,0,60,3374,2633,33889,3500,0,40000,0x07
2026-09-06T12:11:36.303-03:00,22,0,0,59,3374,2644,33843,3500,0,40000,0x07
2026-09-06T12:11:36.321-03:00,23,0,0,59,3374,2644,33843,3500,0,40000,0x07
2026-09-06T12:11:36.344-03:00,24,0,0,59,3374,2644,33843,3500,0,40000,0x07
2026-09-06T12:11:36.364-03:00,25,0,0,59,3374,2746,33411,3500,0,40000,0x07
2026-09-06T12:11:36.382-03:00,26,0,0,59,3374,2746,33411,3500,0,40000,0x07
2026-09-06T12:11:36.423-03:00,27,0,0,59,3374,2746,33411,3500,0,40000,0x07
2026-09-06T12:11:36.441-03:00,28,0,0,58,3374,2690,33649,3500,0,40000,0x07
2026-09-06T12:11:36.464-03:00,29,0,0,58,3374,2690,33649,3500,0,40000,0x07
2026-09-06T12:11:36.482-03:00,30,0,0,53,3374,2679,33694,3500,0,40000,0x07
2026-09-06T12:11:36.500-03:00,31,0,0,53,3374,2679,33694,3500,0,40000,0x07
2026-09-06T12:11:36.522-03:00,33,0,0,53,3374,2679,33694,3500,0,40000,0x07
2026-09-06T12:11:36.541-03:00,34,0,0,59,3374,2593,34059,3500,0,40000,0x07
2026-09-06T12:11:36.563-03:00,35,0,0,59,3374,2593,34059,3500,0,40000,0x07
2026-09-06T12:11:36.583-03:00,36,0,0,59,3374,2593,34059,3500,0,40000,0x07
2026-09-06T12:11:36.601-03:00,37,0,0,59,3374,2729,33483,3500,0,40000,0x07
2026-09-06T12:11:36.622-03:00,38,0,0,59,3374,2729,33483,3500,0,40000,0x07
2026-09-06T12:11:36.640-03:00,39,0,0,59,3374,2729,33483,3500,0,40000,0x07
2026-09-06T12:11:36.660-03:00,40,0,0,59,3374,2678,33699,3500,0,40000,0x07
2026-09-06T12:11:36.682-03:00,41,0,0,59,3374,2678,33699,3500,0,40000,0x07
2026-09-06T12:11:36.701-03:00,42,0,0,59,3374,2678,33699,3500,0,40000,0x07
2026-09-06T12:11:36.722-03:00,43,0,0,50,3374,2720,33520,3500,0,40000,0x07
2026-09-06T12:11:36.743-03:00,44,0,0,50,3374,2720,33520,3500,0,40000,0x07
2026-09-06T12:11:36.761-03:00,45,0,0,52,3374,2673,33720,3500,0,40000,0x07
2026-09-06T12:11:36.784-03:00,46,0,0,52,3374,2673,33720,3500,0,40000,0x07
2026-09-06T12:11:36.802-03:00,47,0,0,52,3374,2673,33720,3500,0,40000,0x07
2026-09-06T12:11:36.820-03:00,48,0,0,59,3374,2678,33699,3500,0,40000,0x07
2026-09-06T12:11:36.843-03:00,49,0,0,59,3374,2678,33699,3500,0,40000,0x07
2026-09-06T12:11:36.861-03:00,50,0,0,59,3374,2678,33699,3500,0,40000,0x07
2026-09-06T12:11:36.885-03:00,51,0,0,59,3374,2729,33483,3500,0,40000,0x07
2026-09-06T12:11:36.904-03:00,52,0,0,59,3374,2729,33483,3500,0,40000,0x07
2026-09-06T12:11:36.922-03:00,53,0,0,59,3374,2729,33483,3500,0,40000,0x07
2026-09-06T12:11:36.940-03:00,54,0,0,50,3374,2660,33776,3500,0,40000,0x07
2026-09-06T12:11:36.963-03:00,55,0,0,50,3374,2660,33776,3500,0,40000,0x07
2026-09-06T12:11:36.981-03:00,56,0,0,53,3374,2698,33614,3500,19,40000,0x07
2026-09-06T12:11:37.004-03:00,57,0,0,53,3374,2698,33614,3500,19,40000,0x07
2026-09-06T12:11:37.024-03:00,58,0,0,53,3374,2698,33614,3500,19,40000,0x07
2026-09-06T12:11:37.062-03:00,59,0,0,58,3374,2707,33576,3500,0,40000,0x07
2026-09-06T12:11:37.082-03:00,60,0,0,58,3374,2707,33576,3500,0,40000,0x07
2026-09-06T12:11:37.101-03:00,61,0,0,58,3374,2707,33576,3500,0,40000,0x07
2026-09-06T12:11:37.122-03:00,62,0,0,51,3374,2647,33830,3500,20,40000,0x07
2026-09-06T12:11:37.140-03:00,63,0,0,51,3374,2647,33830,3500,20,40000,0x07
2026-09-06T12:11:37.160-03:00,65,0,0,67,3374,2791,33219,3500,0,40000,0x07
2026-09-06T12:11:37.183-03:00,66,0,0,67,3374,2791,33219,3500,0,40000,0x07
2026-09-06T12:11:37.201-03:00,67,0,0,67,3374,2791,33219,3500,0,40000,0x07
2026-09-06T12:11:37.223-03:00,68,0,0,65,3374,2692,33638,3500,0,40000,0x07
2026-09-06T12:11:37.241-03:00,69,0,0,65,3374,2692,33638,3500,0,40000,0x07
2026-09-06T12:11:37.262-03:00,70,0,0,65,3374,2692,33638,3500,0,40000,0x07
2026-09-06T12:11:37.279-03:00,71,0,0,58,3374,2690,33649,3500,0,40000,0x07
2026-09-06T12:11:37.302-03:00,72,0,0,58,3374,2690,33649,3500,0,40000,0x07
2026-09-06T12:11:37.320-03:00,73,0,0,58,3374,2690,33649,3500,0,40000,0x07
2026-09-06T12:11:37.343-03:00,74,0,0,59,3374,2661,33771,3500,0,40000,0x07
2026-09-06T12:11:37.361-03:00,75,0,0,59,3374,2661,33771,3500,0,40000,0x07
2026-09-06T12:11:37.381-03:00,76,0,0,59,3374,2661,33771,3500,0,40000,0x07
2026-09-06T12:11:37.404-03:00,77,0,0,50,3374,2680,33690,3500,0,40000,0x07
2026-09-06T12:11:37.421-03:00,78,0,0,50,3374,2680,33690,3500,0,40000,0x07
2026-09-06T12:11:37.444-03:00,79,0,0,53,3374,2755,33373,3500,0,40000,0x07
2026-09-06T12:11:37.464-03:00,80,0,0,53,3374,2755,33373,3500,0,40000,0x07
2026-09-06T12:11:37.484-03:00,81,0,0,53,3374,2755,33373,3500,0,40000,0x07
2026-09-06T12:11:37.502-03:00,82,0,0,50,3374,2700,33606,3500,0,40000,0x07
2026-09-06T12:11:37.520-03:00,83,0,0,50,3374,2700,33606,3500,0,40000,0x07
2026-09-06T12:11:37.543-03:00,84,0,0,52,3374,2673,33720,3500,0,40000,0x07
2026-09-06T12:11:37.560-03:00,85,0,0,52,3374,2673,33720,3500,0,40000,0x07
2026-09-06T12:11:37.584-03:00,86,0,0,52,3374,2673,33720,3500,0,40000,0x07
2026-09-06T12:11:37.601-03:00,87,0,0,59,3374,2678,33699,3500,0,40000,0x07
2026-09-06T12:11:37.621-03:00,88,0,0,59,3374,2678,33699,3500,0,40000,0x07
2026-09-06T12:11:37.643-03:00,89,0,0,59,3374,2678,33699,3500,0,40000,0x07
2026-09-06T12:11:37.661-03:00,90,0,0,59,3374,2661,33771,3500,0,40000,0x07
2026-09-06T12:11:37.684-03:00,91,0,0,59,3374,2661,33771,3500,0,40000,0x07
2026-09-06T12:11:37.701-03:00,92,0,0,59,3374,2661,33771,3500,0,40000,0x07
2026-09-06T12:11:37.722-03:00,93,0,0,59,3374,2746,33411,3500,0,40000,0x07
2026-09-06T12:11:37.740-03:00,94,0,0,59,3374,2746,33411,3500,0,40000,0x07
2026-09-06T12:11:37.760-03:00,95,0,0,59,3374,2746,33411,3500,0,40000,0x07
2026-09-06T12:11:37.783-03:00,96,0,0,59,3374,2661,33771,3500,0,40000,0x07
2026-09-06T12:11:37.803-03:00,97,0,0,59,3374,2661,33771,3500,0,40000,0x07
2026-09-06T12:11:37.821-03:00,98,0,0,59,3374,2661,33771,3500,0,40000,0x07
2026-09-06T12:11:37.842-03:00,99,0,0,50,3374,2660,33776,3500,0,40000,0x07
2026-09-06T12:11:37.860-03:00,100,0,0,50,3374,2660,33776,3500,0,40000,0x07
2026-09-06T12:11:37.883-03:00,101,0,0,52,3374,2808,33148,3500,0,40000,0x07
2026-09-06T12:11:37.901-03:00,102,0,0,52,3374,2808,33148,3500,0,40000,0x07
2026-09-06T12:11:37.924-03:00,103,0,0,52,3374,2808,33148,3500,0,40000,0x07
2026-09-06T12:11:37.942-03:00,104,0,0,59,3374,2661,33771,3500,0,40000,0x07
2026-09-06T12:11:37.964-03:00,105,0,0,59,3374,2661,33771,3500,0,40000,0x07
2026-09-06T12:11:37.982-03:00,106,0,0,59,3374,2661,33771,3500,0,40000,0x07
2026-09-06T12:11:38.003-03:00,107,0,0,50,3374,2660,33776,3500,0,40000,0x07
2026-09-06T12:11:38.021-03:00,108,0,0,50,3374,2660,33776,3500,0,40000,0x07
2026-09-06T12:11:38.044-03:00,109,0,0,52,3374,2731,33475,3500,0,40000,0x07
2026-09-06T12:11:38.062-03:00,110,0,0,52,3374,2731,33475,3500,0,40000,0x07
2026-09-06T12:11:38.080-03:00,111,0,0,52,3374,2731,33475,3500,0,40000,0x07
2026-09-06T12:11:38.103-03:00,112,0,0,59,3374,2678,33699,3500,0,40000,0x07
2026-09-06T12:11:38.120-03:00,113,0,0,59,3374,2678,33699,3500,0,40000,0x07
2026-09-06T12:11:38.144-03:00,114,0,0,59,3374,2678,33699,3500,0,40000,0x07
2026-09-06T12:11:38.164-03:00,115,0,0,59,3374,2678,33699,3500,0,40000,0x07
2026-09-06T12:11:38.180-03:00,116,0,0,59,3374,2678,33699,3500,0,40000,0x07
2026-09-06T12:11:38.201-03:00,117,0,0,59,3374,2678,33699,3500,0,40000,0x07
2026-09-06T12:11:38.224-03:00,118,0,0,50,3374,2740,33436,3500,0,40000,0x07
2026-09-06T12:11:38.241-03:00,119,0,0,50,3374,2740,33436,3500,0,40000,0x07
2026-09-06T12:11:38.260-03:00,120,0,0,53,3374,2717,33533,3500,0,40000,0x07
2026-09-06T12:11:38.283-03:00,121,0,0,53,3374,2717,33533,3500,0,40000,0x07
2026-09-06T12:11:38.301-03:00,122,0,0,53,3374,2717,33533,3500,0,40000,0x07
2026-09-06T12:11:38.320-03:00,123,0,0,59,3374,2661,33771,3500,0,40000,0x07
2026-09-06T12:11:38.342-03:00,124,0,0,59,3374,2661,33771,3500,0,40000,0x07
2026-09-06T12:11:38.361-03:00,125,0,0,59,3374,2661,33771,3500,0,40000,0x07
2026-09-06T12:11:38.384-03:00,126,0,0,59,3374,2678,33699,3500,0,40000,0x07
2026-09-06T12:11:38.401-03:00,127,0,0,59,3374,2678,33699,3500,0,40000,0x07
2026-09-06T12:11:38.423-03:00,128,0,0,59,3374,2678,33699,3500,0,40000,0x07
2026-09-06T12:11:38.442-03:00,129,0,0,59,3374,2695,33627,3500,0,40000,0x07
2026-09-06T12:11:38.460-03:00,130,0,0,59,3374,2695,33627,3500,0,40000,0x07
2026-09-06T12:11:38.483-03:00,131,0,0,59,3374,2695,33627,3500,0,40000,0x07
2026-09-06T12:11:38.503-03:00,132,0,0,59,3374,2695,33627,3500,0,40000,0x07
2026-09-06T12:11:38.521-03:00,133,0,0,59,3374,2695,33627,3500,0,40000,0x07
2026-09-06T12:11:38.544-03:00,134,0,0,59,3374,2695,33627,3500,0,40000,0x07
2026-09-06T12:11:38.562-03:00,135,0,0,50,3374,2660,33776,3500,0,40000,0x07
2026-09-06T12:11:38.580-03:00,136,0,0,50,3374,2660,33776,3500,0,40000,0x07
2026-09-06T12:11:38.603-03:00,137,0,0,52,3374,2827,33066,3500,0,40000,0x07
2026-09-06T12:11:38.620-03:00,138,0,0,52,3374,2827,33066,3500,0,40000,0x07
2026-09-06T12:11:38.642-03:00,139,0,0,52,3374,2827,33066,3500,0,40000,0x07
2026-09-06T12:11:38.662-03:00,140,0,0,59,3374,2678,33699,3500,0,40000,0x07
2026-09-06T12:11:38.680-03:00,141,0,0,59,3374,2678,33699,3500,0,40000,0x07
2026-09-06T12:11:38.703-03:00,142,0,0,59,3374,2678,33699,3500,0,40000,0x07
2026-09-06T12:11:38.720-03:00,143,0,0,59,3374,2644,33843,3500,0,40000,0x07
2026-09-06T12:11:38.743-03:00,144,0,0,59,3374,2644,33843,3500,0,40000,0x07
2026-09-06T12:11:38.761-03:00,145,0,0,59,3374,2644,33843,3500,0,40000,0x07
2026-09-06T12:11:38.779-03:00,146,0,0,58,3374,2707,33576,3500,0,40000,0x07
2026-09-06T12:11:38.802-03:00,147,0,0,58,3374,2707,33576,3500,0,40000,0x07
2026-09-06T12:11:38.820-03:00,148,0,0,58,3374,2707,33576,3500,0,40000,0x07
2026-09-06T12:11:38.843-03:00,149,0,0,59,3374,2729,33483,3500,0,40000,0x07
2026-09-06T12:11:38.881-03:00,150,0,0,59,3374,2729,33483,3500,0,40000,0x07
2026-09-06T12:11:38.881-03:00,151,0,0,59,3374,2729,33483,3500,0,40000,0x07
2026-09-06T12:11:38.904-03:00,152,0,0,51,3374,2647,33830,3500,0,40000,0x07
2026-09-06T12:11:38.922-03:00,153,0,0,51,3374,2647,33830,3500,0,40000,0x07
2026-09-06T12:11:38.961-03:00,154,0,0,58,3374,2793,33210,3500,0,40000,0x07
2026-09-06T12:11:38.961-03:00,155,0,0,58,3374,2793,33210,3500,0,40000,0x07
2026-09-06T12:11:38.983-03:00,156,0,0,58,3374,2793,33210,3500,0,40000,0x07
2026-09-06T12:11:39.002-03:00,157,0,0,67,3374,2373,34995,3500,0,40000,0x07
2026-09-06T12:11:39.024-03:00,158,0,0,67,3374,2373,34995,3500,0,40000,0x07
2026-09-06T12:11:39.042-03:00,159,0,0,67,3374,2373,34995,3500,0,40000,0x07
2026-09-06T12:11:39.062-03:00,160,0,0,60,3374,2717,33535,3500,0,40000,0x07
2026-09-06T12:11:39.082-03:00,161,0,0,60,3374,2717,33535,3500,0,40000,0x07
2026-09-06T12:11:39.102-03:00,162,0,0,60,3374,2717,33535,3500,0,40000,0x07
2026-09-06T12:11:39.120-03:00,163,0,0,60,3374,2767,33322,3500,0,40000,0x07
2026-09-06T12:11:39.143-03:00,164,0,0,60,3374,2767,33322,3500,0,40000,0x07
2026-09-06T12:11:39.161-03:00,165,0,0,60,3374,2767,33322,3500,0,40000,0x07
2026-09-06T12:11:39.179-03:00,166,0,0,59,3374,2661,33771,3500,0,40000,0x07
2026-09-06T12:11:39.201-03:00,167,0,0,59,3374,2661,33771,3500,0,40000,0x07
2026-09-06T12:11:39.222-03:00,168,0,0,59,3374,2661,33771,3500,0,40000,0x07
2026-09-06T12:11:39.242-03:00,169,0,0,58,3374,2672,33723,3500,0,40000,0x07
2026-09-06T12:11:39.260-03:00,170,0,0,58,3374,2672,33723,3500,0,40000,0x07
2026-09-06T12:11:39.283-03:00,171,0,0,58,3374,2672,33723,3500,0,40000,0x07
2026-09-06T12:11:39.301-03:00,172,0,0,59,3374,2695,33627,3500,0,40000,0x07
2026-09-06T12:11:39.324-03:00,173,0,0,59,3374,2695,33627,3500,0,40000,0x07
2026-09-06T12:11:39.344-03:00,174,0,0,59,3374,2695,33627,3500,0,40000,0x07
2026-09-06T12:11:39.362-03:00,175,0,0,59,3374,2712,33555,3500,0,40000,0x07
2026-09-06T12:11:39.380-03:00,176,0,0,59,3374,2712,33555,3500,0,40000,0x07
2026-09-06T12:11:39.404-03:00,177,0,0,59,3374,2712,33555,3500,0,40000,0x07
2026-09-06T12:11:39.444-03:00,178,0,0,59,3374,2695,33627,3500,0,40000,0x07
2026-09-06T12:11:39.444-03:00,179,0,0,59,3374,2695,33627,3500,0,40000,0x07
2026-09-06T12:11:39.480-03:00,180,0,0,59,3374,2695,33627,3500,0,40000,0x07
2026-09-06T12:11:39.480-03:00,181,0,0,65,3374,2723,33507,3500,0,40000,0x07
2026-09-06T12:11:39.503-03:00,182,0,0,65,3374,2723,33507,3500,0,40000,0x07
2026-09-06T12:11:39.521-03:00,183,0,0,65,3374,2723,33507,3500,0,40000,0x07
2026-09-06T12:11:39.544-03:00,184,0,0,59,3374,2746,33411,3500,0,40000,0x07
2026-09-06T12:11:39.563-03:00,185,0,0,59,3374,2746,33411,3500,0,40000,0x07
2026-09-06T12:11:39.583-03:00,186,0,0,59,3374,2746,33411,3500,0,40000,0x07
2026-09-06T12:11:39.603-03:00,187,0,0,58,3374,2741,33430,3500,0,40000,0x07
2026-09-06T12:11:39.644-03:00,188,0,0,58,3374,2741,33430,3500,0,40000,0x07
2026-09-06T12:11:39.644-03:00,189,0,0,58,3374,2741,33430,3500,0,40000,0x07
2026-09-06T12:11:39.662-03:00,190,0,0,59,3374,2508,34419,3500,0,40000,0x07
2026-09-06T12:11:39.682-03:00,191,0,0,59,3374,2508,34419,3500,0,40000,0x07
2026-09-06T12:11:39.700-03:00,192,0,0,59,3374,2508,34419,3500,0,40000,0x07
2026-09-06T12:11:39.723-03:00,193,0,0,59,3374,2746,33411,3500,0,40000,0x07
2026-09-06T12:11:39.742-03:00,194,0,0,59,3374,2746,33411,3500,0,40000,0x07
2026-09-06T12:11:39.760-03:00,195,0,0,59,3374,2746,33411,3500,0,40000,0x07
2026-09-06T12:11:39.783-03:00,196,0,0,59,3374,2695,33627,3500,0,40000,0x07
2026-09-06T12:11:39.801-03:00,197,0,0,59,3374,2695,33627,3500,0,40000,0x07
2026-09-06T12:11:39.821-03:00,198,0,0,59,3374,2695,33627,3500,0,40000,0x07
2026-09-06T12:11:39.844-03:00,199,0,0,59,3374,2661,33771,3500,0,40000,0x07
2026-09-06T12:11:39.859-03:00,200,0,0,59,3374,2661,33771,3500,0,40000,0x07
2026-09-06T12:11:39.882-03:00,201,0,0,59,3374,2661,33771,3500,0,40000,0x07
2026-09-06T12:11:39.902-03:00,202,0,0,50,3374,2580,34116,3500,0,40000,0x07
2026-09-06T12:11:39.920-03:00,203,0,0,50,3374,2580,34116,3500,0,40000,0x07
2026-09-06T12:11:39.944-03:00,204,0,0,52,3374,2769,33311,3500,0,40000,0x07
2026-09-06T12:11:39.963-03:00,205,0,0,52,3374,2769,33311,3500,0,40000,0x07
2026-09-06T12:11:39.982-03:00,206,0,0,52,3374,2769,33311,3500,0,40000,0x07
2026-09-06T12:11:40.002-03:00,207,0,0,59,3374,2695,33627,3500,0,40000,0x07
2026-09-06T12:11:40.020-03:00,208,0,0,59,3374,2695,33627,3500,0,40000,0x07
2026-09-06T12:11:40.043-03:00,209,0,0,59,3374,2695,33627,3500,0,40000,0x07
2026-09-06T12:11:40.063-03:00,210,0,0,59,3374,2695,33627,3500,0,40000,0x07
2026-09-06T12:11:40.082-03:00,211,0,0,59,3374,2695,33627,3500,0,40000,0x07
2026-09-06T12:11:40.102-03:00,212,0,0,59,3374,2695,33627,3500,0,40000,0x07
2026-09-06T12:11:40.123-03:00,213,0,0,59,3374,2678,33699,3500,0,40000,0x07
2026-09-06T12:11:40.164-03:00,214,0,0,59,3374,2678,33699,3500,0,40000,0x07
2026-09-06T12:11:40.164-03:00,215,0,0,59,3374,2678,33699,3500,0,40000,0x07
2026-09-06T12:11:40.204-03:00,216,0,0,59,3374,2763,33339,3500,0,40000,0x07
2026-09-06T12:11:40.204-03:00,217,0,0,59,3374,2763,33339,3500,0,40000,0x07
2026-09-06T12:11:40.222-03:00,218,0,0,59,3374,2763,33339,3500,0,40000,0x07
2026-09-06T12:11:40.242-03:00,219,0,0,58,3374,2672,33723,3500,0,40000,0x07
2026-09-06T12:11:40.262-03:00,220,0,0,58,3374,2672,33723,3500,0,40000,0x07
2026-09-06T12:11:40.280-03:00,221,0,0,58,3374,2672,33723,3500,0,40000,0x07
2026-09-06T12:11:40.303-03:00,222,0,0,50,3374,2660,33776,3500,0,40000,0x07
2026-09-06T12:11:40.323-03:00,223,0,0,50,3374,2660,33776,3500,0,40000,0x07
2026-09-06T12:11:40.341-03:00,224,0,0,53,3374,2698,33614,3500,0,40000,0x07
2026-09-06T12:11:40.364-03:00,225,0,0,53,3374,2698,33614,3500,0,40000,0x07
2026-09-06T12:11:40.382-03:00,226,0,0,53,3374,2698,33614,3500,0,40000,0x07
2026-09-06T12:11:40.402-03:00,227,0,0,58,3374,2724,33503,3500,0,40000,0x07
2026-09-06T12:11:40.420-03:00,228,0,0,58,3374,2724,33503,3500,0,40000,0x07
2026-09-06T12:11:40.441-03:00,229,0,0,58,3374,2724,33503,3500,0,40000,0x07
2026-09-06T12:11:40.461-03:00,230,0,0,59,3374,2746,33411,3500,0,40000,0x07
2026-09-06T12:11:40.481-03:00,231,0,0,59,3374,2746,33411,3500,0,40000,0x07
2026-09-06T12:11:40.501-03:00,232,0,0,59,3374,2746,33411,3500,0,40000,0x07
2026-09-06T12:11:40.521-03:00,233,0,0,50,3374,2680,33690,3500,0,40000,0x07
2026-09-06T12:11:40.544-03:00,234,0,0,50,3374,2680,33690,3500,0,40000,0x07
2026-09-06T12:11:40.562-03:00,235,0,0,52,3374,2654,33802,3500,0,40000,0x07
2026-09-06T12:11:40.582-03:00,236,0,0,52,3374,2654,33802,3500,0,40000,0x07
2026-09-06T12:11:40.600-03:00,237,0,0,52,3374,2654,33802,3500,0,40000,0x07
2026-09-06T12:11:40.623-03:00,238,0,0,59,3374,2644,33843,3500,0,40000,0x07
2026-09-06T12:11:40.641-03:00,239,0,0,59,3374,2644,33843,3500,0,40000,0x07
2026-09-06T12:11:40.664-03:00,240,0,0,59,3374,2644,33843,3500,0,40000,0x07
2026-09-06T12:11:40.684-03:00,241,0,0,60,3374,2667,33747,3500,17,40000,0x07
2026-09-06T12:11:40.704-03:00,242,0,0,60,3374,2667,33747,3500,17,40000,0x07
2026-09-06T12:11:40.721-03:00,243,0,0,60,3374,2667,33747,3500,17,40000,0x07
2026-09-06T12:11:40.740-03:00,244,0,0,50,3374,2800,33180,3500,0,40000,0x07
2026-09-06T12:11:40.760-03:00,245,0,0,50,3374,2800,33180,3500,0,40000,0x07
2026-09-06T12:11:40.784-03:00,246,0,0,52,3374,2654,33802,3500,0,40000,0x07
2026-09-06T12:11:40.801-03:00,247,0,0,52,3374,2654,33802,3500,0,40000,0x07
2026-09-06T12:11:40.823-03:00,248,0,0,52,3374,2654,33802,3500,0,40000,0x07
2026-09-06T12:11:40.841-03:00,249,0,0,59,3374,2746,33411,3500,17,40000,0x07
2026-09-06T12:11:40.861-03:00,250,0,0,59,3374,2746,33411,3500,17,40000,0x07
2026-09-06T12:11:40.882-03:00,251,0,0,59,3374,2746,33411,3500,17,40000,0x07
2026-09-06T12:11:40.902-03:00,252,0,0,58,3374,2707,33576,3500,0,40000,0x07
2026-09-06T12:11:40.920-03:00,253,0,0,58,3374,2707,33576,3500,0,40000,0x07
2026-09-06T12:11:40.943-03:00,254,0,0,58,3374,2707,33576,3500,0,40000,0x07
2026-09-06T12:11:40.960-03:00,255,0,0,59,3374,2695,33627,3500,0,40000,0x07
2026-09-06T12:11:40.979-03:00,256,0,0,59,3374,2695,33627,3500,0,40000,0x07
2026-09-06T12:11:41.002-03:00,257,0,0,59,3374,2695,33627,3500,0,40000,0x07
2026-09-06T12:11:41.020-03:00,258,0,0,65,3374,2754,33377,3500,0,40000,0x07
2026-09-06T12:11:41.043-03:00,259,0,0,65,3374,2754,33377,3500,0,40000,0x07
2026-09-06T12:11:41.061-03:00,260,0,0,65,3374,2754,33377,3500,0,40000,0x07
2026-09-06T12:11:41.085-03:00,261,0,0,59,3374,2729,33483,3500,0,40000,0x07
2026-09-06T12:11:41.119-03:00,262,0,0,59,3374,2729,33483,3500,0,40000,0x07
2026-09-06T12:11:41.119-03:00,263,0,0,59,3374,2729,33483,3500,0,40000,0x07
2026-09-06T12:11:41.142-03:00,264,0,0,60,3374,2767,33322,3500,100,40000,0x07
2026-09-06T12:11:41.160-03:00,265,0,0,60,3374,2767,33322,3500,100,40000,0x07
2026-09-06T12:11:41.179-03:00,266,0,0,60,3374,2767,33322,3500,100,40000,0x07
2026-09-06T12:11:41.202-03:00,267,0,0,59,3374,2559,34203,3500,17,40000,0x07
2026-09-06T12:11:41.220-03:00,268,0,0,59,3374,2559,34203,3500,17,40000,0x07
2026-09-06T12:11:41.243-03:00,269,0,0,59,3374,2559,34203,3500,17,40000,0x07
2026-09-06T12:11:41.261-03:00,270,0,0,60,3374,2783,33251,3500,0,40000,0x07
2026-09-06T12:11:41.284-03:00,271,0,0,60,3374,2783,33251,3500,0,40000,0x07
2026-09-06T12:11:41.302-03:00,272,0,0,60,3374,2783,33251,3500,0,40000,0x07
2026-09-06T12:11:41.320-03:00,273,0,0,59,3374,2763,33339,3500,0,40000,0x07
2026-09-06T12:11:41.343-03:00,274,0,0,59,3374,2763,33339,3500,0,40000,0x07
2026-09-06T12:11:41.362-03:00,275,0,0,59,3374,2763,33339,3500,0,40000,0x07
2026-09-06T12:11:41.380-03:00,276,0,0,58,3374,2638,33869,3500,0,40000,0x07
2026-09-06T12:11:41.400-03:00,277,0,0,58,3374,2638,33869,3500,0,40000,0x07
2026-09-06T12:11:41.422-03:00,278,0,0,58,3374,2638,33869,3500,0,40000,0x07
2026-09-06T12:11:41.440-03:00,279,0,0,59,3374,2644,33843,3500,0,40000,0x07
2026-09-06T12:11:41.460-03:00,280,0,0,59,3374,2644,33843,3500,0,40000,0x07
2026-09-06T12:11:41.483-03:00,281,0,0,59,3374,2644,33843,3500,0,40000,0x07
2026-09-06T12:11:41.501-03:00,282,0,0,59,3374,2746,33411,3500,0,40000,0x07
2026-09-06T12:11:41.520-03:00,283,0,0,59,3374,2746,33411,3500,0,40000,0x07
2026-09-06T12:11:41.540-03:00,284,0,0,59,3374,2746,33411,3500,0,40000,0x07
2026-09-06T12:11:41.564-03:00,285,0,0,62,3374,2742,33427,3500,0,40000,0x07
2026-09-06T12:11:41.582-03:00,286,0,0,62,3374,2742,33427,3500,0,40000,0x07
2026-09-06T12:11:41.602-03:00,287,0,0,62,3374,2742,33427,3500,0,40000,0x07
2026-09-06T12:11:41.644-03:00,288,0,0,50,3374,2640,33860,3500,0,40000,0x07
2026-09-06T12:11:41.644-03:00,289,0,0,50,3374,2640,33860,3500,0,40000,0x07
2026-09-06T12:11:41.663-03:00,290,0,0,52,3374,2615,33965,3500,0,40000,0x07
2026-09-06T12:11:41.680-03:00,291,0,0,52,3374,2615,33965,3500,0,40000,0x07
2026-09-06T12:11:41.703-03:00,292,0,0,52,3374,2615,33965,3500,0,40000,0x07
2026-09-06T12:11:41.721-03:00,293,0,0,59,3374,2763,33339,3500,0,40000,0x07
2026-09-06T12:11:41.744-03:00,294,0,0,59,3374,2763,33339,3500,0,40000,0x07
2026-09-06T12:11:41.763-03:00,295,0,0,59,3374,2763,33339,3500,0,40000,0x07
2026-09-06T12:11:41.781-03:00,296,0,0,69,3374,2435,34733,3500,0,40000,0x07
2026-09-06T12:11:41.804-03:00,297,0,0,69,3374,2435,34733,3500,0,40000,0x07
2026-09-06T12:11:41.824-03:00,298,0,0,69,3374,2435,34733,3500,0,40000,0x07
2026-09-06T12:11:41.841-03:00,299,0,0,60,3374,2850,32968,3500,0,40000,0x07
2026-09-06T12:11:41.862-03:00,300,0,0,60,3374,2850,32968,3500,0,40000,0x07
2026-09-06T12:11:41.882-03:00,301,0,0,60,3374,2850,32968,3500,0,40000,0x07
2026-09-06T12:11:41.900-03:00,302,0,0,60,3374,2750,33393,3500,0,40000,0x07
2026-09-06T12:11:41.924-03:00,303,0,0,60,3374,2750,33393,3500,0,40000,0x07
2026-09-06T12:11:41.940-03:00,304,0,0,60,3374,2750,33393,3500,0,40000,0x07
2026-09-06T12:11:41.964-03:00,305,0,0,58,3374,2603,34016,3500,0,40000,0x07
2026-09-06T12:11:41.982-03:00,306,0,0,58,3374,2603,34016,3500,0,40000,0x07
2026-09-06T12:11:42.024-03:00,307,0,0,58,3374,2603,34016,3500,0,40000,0x07
2026-09-06T12:11:42.024-03:00,308,0,0,60,3374,2767,33322,3500,0,40000,0x07
2026-09-06T12:11:42.042-03:00,309,0,0,60,3374,2767,33322,3500,0,40000,0x07
2026-09-06T12:11:42.062-03:00,310,0,0,60,3374,2767,33322,3500,0,40000,0x07
2026-09-06T12:11:42.080-03:00,311,0,0,59,3374,2695,33627,3500,0,40000,0x07
2026-09-06T12:11:42.120-03:00,312,0,0,59,3374,2695,33627,3500,0,40000,0x07
2026-09-06T12:11:42.120-03:00,313,0,0,59,3374,2695,33627,3500,0,40000,0x07
2026-09-06T12:11:42.140-03:00,314,0,0,59,3374,2678,33699,3500,0,40000,0x07
2026-09-06T12:11:42.160-03:00,315,0,0,59,3374,2678,33699,3500,0,40000,0x07
2026-09-06T12:11:42.182-03:00,316,0,0,59,3374,2678,33699,3500,0,40000,0x07
2026-09-06T12:11:42.202-03:00,317,0,0,59,3374,2746,33411,3500,0,40000,0x07
2026-09-06T12:11:42.220-03:00,318,0,0,59,3374,2746,33411,3500,0,40000,0x07
2026-09-06T12:11:42.243-03:00,319,0,0,59,3374,2746,33411,3500,0,40000,0x07
2026-09-06T12:11:42.261-03:00,320,0,0,59,3374,2678,33699,3500,0,40000,0x07
2026-09-06T12:11:42.284-03:00,321,0,0,59,3374,2678,33699,3500,0,40000,0x07
2026-09-06T12:11:42.302-03:00,322,0,0,59,3374,2678,33699,3500,0,40000,0x07
2026-09-06T12:11:42.322-03:00,323,0,0,59,3374,2678,33699,3500,0,40000,0x07
2026-09-06T12:11:42.340-03:00,324,0,0,59,3374,2678,33699,3500,0,40000,0x07
2026-09-06T12:11:42.364-03:00,325,0,0,59,3374,2678,33699,3500,0,40000,0x07
2026-09-06T12:11:42.381-03:00,326,0,0,58,3374,2707,33576,3500,0,40000,0x07
2026-09-06T12:11:42.399-03:00,327,0,0,58,3374,2707,33576,3500,0,40000,0x07
2026-09-06T12:11:42.423-03:00,328,0,0,58,3374,2707,33576,3500,0,40000,0x07
2026-09-06T12:11:42.441-03:00,329,0,0,60,3374,2750,33393,3500,0,40000,0x07
2026-09-06T12:11:42.461-03:00,330,0,0,60,3374,2750,33393,3500,0,40000,0x07
2026-09-06T12:11:42.483-03:00,331,0,0,60,3374,2750,33393,3500,0,40000,0x07
2026-09-06T12:11:42.502-03:00,332,0,0,58,3374,2724,33503,3500,0,40000,0x07
2026-09-06T12:11:42.520-03:00,333,0,0,58,3374,2724,33503,3500,0,40000,0x07
2026-09-06T12:11:42.543-03:00,334,0,0,58,3374,2724,33503,3500,0,40000,0x07
2026-09-06T12:11:42.560-03:00,335,0,0,62,3374,2677,33701,3500,0,40000,0x07
2026-09-06T12:11:42.583-03:00,336,0,0,62,3374,2677,33701,3500,0,40000,0x07
2026-09-06T12:11:42.601-03:00,337,0,0,62,3374,2677,33701,3500,0,40000,0x07
2026-09-06T12:11:42.624-03:00,338,0,0,59,3374,2712,33555,3500,0,40000,0x07
2026-09-06T12:11:42.644-03:00,339,0,0,59,3374,2712,33555,3500,0,40000,0x07
2026-09-06T12:11:42.664-03:00,340,0,0,59,3374,2712,33555,3500,0,40000,0x07
2026-09-06T12:11:42.682-03:00,341,0,0,50,3374,2780,33266,3500,0,40000,0x07
2026-09-06T12:11:42.700-03:00,342,0,0,50,3374,2780,33266,3500,0,40000,0x07
2026-09-06T12:11:42.723-03:00,343,0,0,52,3374,2615,33965,3500,0,40000,0x07
2026-09-06T12:11:42.743-03:00,344,0,0,52,3374,2615,33965,3500,0,40000,0x07
2026-09-06T12:11:42.761-03:00,345,0,0,52,3374,2615,33965,3500,0,40000,0x07
2026-09-06T12:11:42.781-03:00,346,0,0,59,3374,2610,33987,3500,0,40000,0x07
2026-09-06T12:11:42.804-03:00,347,0,0,59,3374,2610,33987,3500,0,40000,0x07
2026-09-06T12:11:42.821-03:00,348,0,0,59,3374,2610,33987,3500,0,40000,0x07
2026-09-06T12:11:42.844-03:00,349,0,0,60,3374,2700,33606,3500,0,40000,0x07
2026-09-06T12:11:42.862-03:00,350,0,0,60,3374,2700,33606,3500,0,40000,0x07
2026-09-06T12:11:42.880-03:00,351,0,0,60,3374,2700,33606,3500,0,40000,0x07
2026-09-06T12:11:42.903-03:00,352,0,0,50,3374,2700,33606,3500,0,40000,0x07
2026-09-06T12:11:42.923-03:00,353,0,0,50,3374,2700,33606,3500,0,40000,0x07
2026-09-06T12:11:42.941-03:00,354,0,0,52,3374,2788,33230,3500,0,40000,0x07
2026-09-06T12:11:42.961-03:00,355,0,0,52,3374,2788,33230,3500,0,40000,0x07
2026-09-06T12:11:42.984-03:00,356,0,0,52,3374,2788,33230,3500,0,40000,0x07
2026-09-06T12:11:43.002-03:00,357,0,0,59,3374,2661,33771,3500,0,40000,0x07
2026-09-06T12:11:43.023-03:00,358,0,0,59,3374,2661,33771,3500,0,40000,0x07
2026-09-06T12:11:43.041-03:00,359,0,0,59,3374,2661,33771,3500,0,40000,0x07
2026-09-06T12:11:43.064-03:00,360,0,0,59,3374,2644,33843,3500,0,40000,0x07
2026-09-06T12:11:43.081-03:00,361,0,0,59,3374,2644,33843,3500,0,40000,0x07
2026-09-06T12:11:43.103-03:00,362,0,0,59,3374,2644,33843,3500,0,40000,0x07
2026-09-06T12:11:43.121-03:00,363,0,0,50,3374,2740,33436,3500,0,40000,0x07
2026-09-06T12:11:43.144-03:00,364,0,0,50,3374,2740,33436,3500,0,40000,0x07
2026-09-06T12:11:43.161-03:00,365,0,0,52,3374,2692,33638,3500,0,40000,0x07
2026-09-06T12:11:43.184-03:00,366,0,0,52,3374,2692,33638,3500,0,40000,0x07
2026-09-06T12:11:43.202-03:00,367,0,0,52,3374,2692,33638,3500,0,40000,0x07
2026-09-06T12:11:43.220-03:00,368,0,0,59,3374,2644,33843,3500,0,40000,0x07
2026-09-06T12:11:43.240-03:00,369,0,0,59,3374,2644,33843,3500,0,40000,0x07
2026-09-06T12:11:43.263-03:00,370,0,0,59,3374,2644,33843,3500,0,40000,0x07
2026-09-06T12:11:43.281-03:00,371,0,0,59,3374,2831,33051,3500,0,40000,0x07
2026-09-06T12:11:43.303-03:00,372,0,0,59,3374,2831,33051,3500,0,40000,0x07
2026-09-06T12:11:43.321-03:00,373,0,0,59,3374,2831,33051,3500,0,40000,0x07
2026-09-06T12:11:43.341-03:00,374,0,0,58,3374,2707,33576,3500,0,40000,0x07
2026-09-06T12:11:43.362-03:00,375,0,0,58,3374,2707,33576,3500,0,40000,0x07
2026-09-06T12:11:43.384-03:00,376,0,0,58,3374,2707,33576,3500,0,40000,0x07
2026-09-06T12:11:43.402-03:00,377,0,0,50,3374,2520,34370,3500,0,40000,0x07
2026-09-06T12:11:43.420-03:00,378,0,0,50,3374,2520,34370,3500,0,40000,0x07
2026-09-06T12:11:43.440-03:00,379,0,0,53,3374,2755,33373,3500,0,40000,0x07
2026-09-06T12:11:43.463-03:00,380,0,0,53,3374,2755,33373,3500,0,40000,0x07
2026-09-06T12:11:43.481-03:00,381,0,0,53,3374,2755,33373,3500,0,40000,0x07
2026-09-06T12:11:43.504-03:00,382,0,0,59,3374,2780,33267,3500,0,40000,0x07
2026-09-06T12:11:43.522-03:00,383,0,0,59,3374,2780,33267,3500,0,40000,0x07
2026-09-06T12:11:43.541-03:00,384,0,0,59,3374,2780,33267,3500,0,40000,0x07
2026-09-06T12:11:43.560-03:00,385,0,0,50,3374,2700,33606,3500,0,40000,0x07
2026-09-06T12:11:43.584-03:00,386,0,0,50,3374,2700,33606,3500,0,40000,0x07
2026-09-06T12:11:43.604-03:00,387,0,0,52,3374,2712,33556,3500,0,40000,0x07
2026-09-06T12:11:43.622-03:00,388,0,0,52,3374,2712,33556,3500,0,40000,0x07
2026-09-06T12:11:43.640-03:00,389,0,0,52,3374,2712,33556,3500,0,40000,0x07
2026-09-06T12:11:43.664-03:00,390,0,0,59,3374,2695,33627,3500,0,40000,0x07
2026-09-06T12:11:43.682-03:00,391,0,0,59,3374,2695,33627,3500,0,40000,0x07
2026-09-06T12:11:43.702-03:00,392,0,0,59,3374,2695,33627,3500,0,40000,0x07
2026-09-06T12:11:43.720-03:00,393,0,0,59,3374,2695,33627,3500,0,40000,0x07
2026-09-06T12:11:43.743-03:00,394,0,0,59,3374,2695,33627,3500,0,40000,0x07
2026-09-06T12:11:43.761-03:00,395,0,0,59,3374,2695,33627,3500,0,40000,0x07
2026-09-06T12:11:43.784-03:00,396,0,0,59,3374,2780,33267,3500,0,40000,0x07
2026-09-06T12:11:43.801-03:00,397,0,0,59,3374,2780,33267,3500,0,40000,0x07
2026-09-06T12:11:43.819-03:00,398,0,0,59,3374,2780,33267,3500,0,40000,0x07
2026-09-06T12:11:43.843-03:00,399,0,0,50,3374,2660,33776,3500,0,40000,0x07
2026-09-06T12:11:43.860-03:00,400,0,0,50,3374,2660,33776,3500,0,40000,0x07
2026-09-06T12:11:43.884-03:00,401,0,0,52,3374,2769,33311,3500,0,40000,0x07
2026-09-06T12:11:43.902-03:00,402,0,0,52,3374,2769,33311,3500,0,40000,0x07
2026-09-06T12:11:43.922-03:00,403,0,0,52,3374,2769,33311,3500,0,40000,0x07
2026-09-06T12:11:43.940-03:00,404,0,0,59,3374,2678,33699,3500,0,40000,0x07
2026-09-06T12:11:43.962-03:00,405,0,0,59,3374,2678,33699,3500,0,40000,0x07
2026-09-06T12:11:43.981-03:00,406,0,0,59,3374,2678,33699,3500,0,40000,0x07
2026-09-06T12:11:44.003-03:00,407,0,0,59,3374,2661,33771,3500,0,40000,0x07
2026-09-06T12:11:44.023-03:00,408,0,0,59,3374,2661,33771,3500,0,40000,0x07
2026-09-06T12:11:44.041-03:00,409,0,0,59,3374,2661,33771,3500,0,40000,0x07
2026-09-06T12:11:44.064-03:00,410,0,0,50,3374,2680,33690,3500,0,40000,0x07
2026-09-06T12:11:44.081-03:00,411,0,0,50,3374,2680,33690,3500,0,40000,0x07
2026-09-06T12:11:44.099-03:00,412,0,0,53,3374,2717,33533,3500,0,40000,0x07
2026-09-06T12:11:44.122-03:00,413,0,0,53,3374,2717,33533,3500,0,40000,0x07
2026-09-06T12:11:44.140-03:00,414,0,0,53,3374,2717,33533,3500,0,40000,0x07
2026-09-06T12:11:44.163-03:00,415,0,0,59,3374,2729,33483,3500,0,40000,0x07
2026-09-06T12:11:44.180-03:00,416,0,0,59,3374,2729,33483,3500,0,40000,0x07
2026-09-06T12:11:44.200-03:00,417,0,0,59,3374,2729,33483,3500,0,40000,0x07
2026-09-06T12:11:44.222-03:00,418,0,0,59,3374,2576,34131,3500,0,40000,0x07
2026-09-06T12:11:44.242-03:00,419,0,0,59,3374,2576,34131,3500,0,40000,0x07
2026-09-06T12:11:44.262-03:00,420,0,0,59,3374,2576,34131,3500,0,40000,0x07
2026-09-06T12:11:44.279-03:00,421,0,0,51,3374,2569,34164,3500,0,40000,0x07
2026-09-06T12:11:44.302-03:00,422,0,0,51,3374,2569,34164,3500,0,40000,0x07
2026-09-06T12:11:44.324-03:00,423,0,0,53,3374,2792,33213,3500,0,40000,0x07
2026-09-06T12:11:44.342-03:00,424,0,0,53,3374,2792,33213,3500,0,40000,0x07
2026-09-06T12:11:44.364-03:00,425,0,0,53,3374,2792,33213,3500,0,40000,0x07
2026-09-06T12:11:44.382-03:00,426,0,0,59,3374,2661,33771,3500,0,40000,0x07
2026-09-06T12:11:44.402-03:00,427,0,0,59,3374,2661,33771,3500,0,40000,0x07
2026-09-06T12:11:44.420-03:00,428,0,0,59,3374,2661,33771,3500,0,40000,0x07
2026-09-06T12:11:44.443-03:00,429,0,0,59,3374,2678,33699,3500,0,40000,0x07
2026-09-06T12:11:44.461-03:00,430,0,0,59,3374,2678,33699,3500,0,40000,0x07
2026-09-06T12:11:44.483-03:00,431,0,0,59,3374,2678,33699,3500,0,40000,0x07
2026-09-06T12:11:44.501-03:00,432,0,0,58,3374,2741,33430,3500,0,40000,0x07
2026-09-06T12:11:44.524-03:00,433,0,0,58,3374,2741,33430,3500,0,40000,0x07
2026-09-06T12:11:44.542-03:00,434,0,0,58,3374,2741,33430,3500,0,40000,0x07
2026-09-06T12:11:44.560-03:00,435,0,0,59,3374,2678,33699,3500,0,40000,0x07
2026-09-06T12:11:44.583-03:00,436,0,0,59,3374,2678,33699,3500,0,40000,0x07
2026-09-06T12:11:44.600-03:00,437,0,0,59,3374,2678,33699,3500,0,40000,0x07
2026-09-06T12:11:44.623-03:00,438,0,0,67,3374,2388,34931,3500,0,40000,0x07
2026-09-06T12:11:44.643-03:00,439,0,0,67,3374,2388,34931,3500,0,40000,0x07
2026-09-06T12:11:44.660-03:00,440,0,0,67,3374,2388,34931,3500,0,40000,0x07
2026-09-06T12:11:44.680-03:00,441,0,0,61,3374,2820,33097,3500,0,40000,0x07
2026-09-06T12:11:44.703-03:00,442,0,0,61,3374,2820,33097,3500,0,40000,0x07
2026-09-06T12:11:44.720-03:00,443,0,0,61,3374,2820,33097,3500,0,40000,0x07
2026-09-06T12:11:44.744-03:00,444,0,0,60,3374,2817,33110,3500,0,40000,0x07
2026-09-06T12:11:44.762-03:00,445,0,0,60,3374,2817,33110,3500,0,40000,0x07
2026-09-06T12:11:44.779-03:00,446,0,0,60,3374,2817,33110,3500,0,40000,0x07
2026-09-06T12:11:44.803-03:00,447,0,0,59,3374,2593,34059,3500,0,40000,0x07
2026-09-06T12:11:44.820-03:00,448,0,0,59,3374,2593,34059,3500,0,40000,0x07
2026-09-06T12:11:44.841-03:00,449,0,0,59,3374,2593,34059,3500,0,40000,0x07
2026-09-06T12:11:44.864-03:00,450,0,0,58,3374,2793,33210,3500,0,40000,0x07
2026-09-06T12:11:44.882-03:00,451,0,0,58,3374,2793,33210,3500,0,40000,0x07
2026-09-06T12:11:44.900-03:00,452,0,0,58,3374,2793,33210,3500,0,40000,0x07
2026-09-06T12:11:44.923-03:00,453,0,0,59,3374,2763,33339,3500,0,40000,0x07
2026-09-06T12:11:44.941-03:00,454,0,0,59,3374,2763,33339,3500,0,40000,0x07
2026-09-06T12:11:44.959-03:00,455,0,0,59,3374,2763,33339,3500,0,40000,0x07
2026-09-06T12:11:44.983-03:00,456,0,0,58,3374,2569,34162,3500,0,40000,0x07
2026-09-06T12:11:45.000-03:00,457,0,0,58,3374,2569,34162,3500,0,40000,0x07
2026-09-06T12:11:45.020-03:00,458,0,0,58,3374,2569,34162,3500,0,40000,0x07
2026-09-06T12:11:45.044-03:00,459,0,0,59,3374,2729,33483,3500,0,40000,0x07
2026-09-06T12:11:45.062-03:00,460,0,0,59,3374,2729,33483,3500,0,40000,0x07
2026-09-06T12:11:45.080-03:00,461,0,0,59,3374,2729,33483,3500,0,40000,0x07
2026-09-06T12:11:45.103-03:00,462,0,0,50,3374,2760,33350,3500,0,40000,0x07
2026-09-06T12:11:45.124-03:00,463,0,0,50,3374,2760,33350,3500,0,40000,0x07
2026-09-06T12:11:45.141-03:00,464,0,0,52,3374,2654,33802,3500,0,40000,0x07
2026-09-06T12:11:45.164-03:00,465,0,0,52,3374,2654,33802,3500,0,40000,0x07
2026-09-06T12:11:45.182-03:00,466,0,0,52,3374,2654,33802,3500,0,40000,0x07
2026-09-06T12:11:45.200-03:00,467,0,0,58,3374,2534,34309,3500,0,40000,0x07
2026-09-06T12:11:45.223-03:00,468,0,0,58,3374,2534,34309,3500,0,40000,0x07
2026-09-06T12:11:45.243-03:00,469,0,0,58,3374,2534,34309,3500,0,40000,0x07
2026-09-06T12:11:45.263-03:00,470,0,0,59,3374,2644,33843,3500,0,40000,0x07
2026-09-06T12:11:45.281-03:00,471,0,0,59,3374,2644,33843,3500,0,40000,0x07
2026-09-06T12:11:45.304-03:00,472,0,0,59,3374,2644,33843,3500,0,40000,0x07
2026-09-06T12:11:45.322-03:00,473,0,0,62,3374,2742,33427,3500,0,40000,0x07
2026-09-06T12:11:45.340-03:00,474,0,0,62,3374,2742,33427,3500,0,40000,0x07
2026-09-06T12:11:45.364-03:00,475,0,0,62,3374,2742,33427,3500,0,40000,0x07
2026-09-06T12:11:45.382-03:00,476,0,0,58,3374,2690,33649,3500,0,40000,0x07
2026-09-06T12:11:45.400-03:00,477,0,0,58,3374,2690,33649,3500,0,40000,0x07
2026-09-06T12:11:45.423-03:00,478,0,0,58,3374,2690,33649,3500,0,40000,0x07
2026-09-06T12:11:45.441-03:00,479,0,0,62,3374,2597,34044,3500,0,40000,0x07
2026-09-06T12:11:45.461-03:00,480,0,0,62,3374,2597,34044,3500,0,40000,0x07
2026-09-06T12:11:45.480-03:00,481,0,0,62,3374,2597,34044,3500,0,40000,0x07
2026-09-06T12:11:45.500-03:00,482,0,0,58,3374,2759,33356,3500,0,40000,0x07
2026-09-06T12:11:45.523-03:00,483,0,0,58,3374,2759,33356,3500,0,40000,0x07
2026-09-06T12:11:45.541-03:00,484,0,0,58,3374,2759,33356,3500,0,40000,0x07
2026-09-06T12:11:45.563-03:00,485,0,0,58,3374,2724,33503,3500,0,40000,0x07
2026-09-06T12:11:45.581-03:00,486,0,0,58,3374,2724,33503,3500,0,40000,0x07
2026-09-06T12:11:45.604-03:00,487,0,0,58,3374,2724,33503,3500,0,40000,0x07
2026-09-06T12:11:45.622-03:00,488,0,0,64,3374,2562,34190,3500,0,40000,0x07
2026-09-06T12:11:45.640-03:00,489,0,0,64,3374,2562,34190,3500,0,40000,0x07
2026-09-06T12:11:45.660-03:00,490,0,0,64,3374,2562,34190,3500,0,40000,0x07
2026-09-06T12:11:45.680-03:00,491,0,0,61,3374,2787,33236,3500,0,40000,0x07
2026-09-06T12:11:45.700-03:00,492,0,0,61,3374,2787,33236,3500,0,40000,0x07
2026-09-06T12:11:45.720-03:00,493,0,0,61,3374,2787,33236,3500,0,40000,0x07
2026-09-06T12:11:45.744-03:00,494,0,0,59,3374,2695,33627,3500,0,40000,0x07
2026-09-06T12:11:45.780-03:00,495,0,0,59,3374,2695,33627,3500,0,40000,0x07
2026-09-06T12:11:45.780-03:00,496,0,0,59,3374,2695,33627,3500,0,40000,0x07
2026-09-06T12:11:45.822-03:00,497,0,0,50,3374,2600,34030,3500,0,40000,0x07
2026-09-06T12:11:45.866-03:00,498,0,0,50,3374,2600,34030,3500,0,40000,0x07
2026-09-06T12:11:45.907-03:00,499,0,0,52,3374,2654,33802,3500,0,40000,0x07
2026-09-06T12:11:45.951-03:00,500,0,0,52,3374,2654,33802,3500,0,40000,0x07
2026-09-06T12:11:45.995-03:00,501,0,0,50,0,0,0,0,0,0,0x03
