timestamp,sequence,team,robot_id,interval_ms,left_target_eps,left_measured_eps,left_duty,right_target_eps,right_measured_eps,right_duty,flags
2026-09-06T11:43:00.139-03:00,65535,255,0,0,0,0,0,0,0,0,0x03
2026-09-06T11:43:00.160-03:00,504,0,0,51,0,0,0,0,0,0,0x03
2026-09-06T11:43:00.178-03:00,505,0,0,51,0,0,0,0,0,0,0x03
2026-09-06T11:43:00.200-03:00,505,0,0,51,0,0,0,0,0,0,0x03
2026-09-06T11:43:00.217-03:00,505,0,0,51,0,0,0,0,0,0,0x03
2026-09-06T11:43:00.239-03:00,505,0,0,51,0,0,0,0,0,0,0x03
2026-09-06T11:43:00.257-03:00,505,0,0,50,0,0,0,0,0,0,0x03
2026-09-06T11:43:00.280-03:00,505,0,0,50,0,0,0,0,0,0,0x03
2026-09-06T11:43:00.298-03:00,505,0,0,50,0,0,0,0,0,0,0x03
2026-09-06T11:43:00.316-03:00,505,0,0,52,0,0,0,0,0,0,0x03
2026-09-06T11:43:00.339-03:00,8,0,0,52,0,0,30741,0,0,31098,0x07
2026-09-06T11:43:00.357-03:00,9,0,0,54,3374,259,40000,3500,0,40000,0x07
2026-09-06T11:43:00.380-03:00,10,0,0,54,3374,259,40000,3500,0,40000,0x07
2026-09-06T11:43:00.398-03:00,11,0,0,54,3374,259,40000,3500,0,40000,0x07
2026-09-06T11:43:00.420-03:00,12,0,0,51,3374,2000,36580,3500,0,40000,0x07
2026-09-06T11:43:00.459-03:00,13,0,0,51,3374,2000,36580,3500,0,40000,0x07
2026-09-06T11:43:00.477-03:00,14,0,0,57,3374,2807,33151,3500,0,40000,0x07
2026-09-06T11:43:00.500-03:00,15,0,0,57,3374,2807,33151,3500,0,40000,0x07
2026-09-06T11:43:00.518-03:00,16,0,0,57,3374,2807,33151,3500,0,40000,0x07
2026-09-06T11:43:00.536-03:00,17,0,0,60,3374,2700,33606,3500,0,40000,0x07
2026-09-06T11:43:00.556-03:00,18,0,0,60,3374,2700,33606,3500,0,40000,0x07
2026-09-06T11:43:00.580-03:00,19,0,0,60,3374,2700,33606,3500,0,40000,0x07
2026-09-06T11:43:00.597-03:00,20,0,0,59,3374,2847,32979,3500,0,40000,0x07
2026-09-06T11:43:00.620-03:00,21,0,0,59,3374,2847,32979,3500,0,40000,0x07
2026-09-06T11:43:00.640-03:00,22,0,0,59,3374,2847,32979,3500,0,40000,0x07
2026-09-06T11:43:00.660-03:00,23,0,0,59,3374,2695,33627,3500,0,40000,0x07
2026-09-06T11:43:00.680-03:00,24,0,0,59,3374,2695,33627,3500,0,40000,0x07
2026-09-06T11:43:00.698-03:00,25,0,0,59,3374,2695,33627,3500,0,40000,0x07
2026-09-06T11:43:00.717-03:00,26,0,0,61,3374,2607,34003,3500,0,40000,0x07
2026-09-06T11:43:00.737-03:00,27,0,0,61,3374,2607,34003,3500,0,40000,0x07
2026-09-06T11:43:00.761-03:00,28,0,0,61,3374,2607,34003,3500,0,40000,0x07
2026-09-06T11:43:00.778-03:00,29,0,0,60,3374,2750,33393,3500,0,40000,0x07
2026-09-06T11:43:00.796-03:00,30,0,0,60,3374,2750,33393,3500,0,40000,0x07
2026-09-06T11:43:00.818-03:00,31,0,0,60,3374,2750,33393,3500,0,40000,0x07
2026-09-06T11:43:00.836-03:00,32,0,0,58,3374,2690,33649,3500,0,40000,0x07
2026-09-06T11:43:00.859-03:00,33,0,0,58,3374,2690,33649,3500,0,40000,0x07
2026-09-06T11:43:00.876-03:00,34,0,0,58,3374,2690,33649,3500,0,40000,0x07
2026-09-06T11:43:00.899-03:00,35,0,0,60,3374,2767,33322,3500,0,40000,0x07
2026-09-06T11:43:00.917-03:00,36,0,0,60,3374,2767,33322,3500,0,40000,0x07
2026-09-06T11:43:00.960-03:00,37,0,0,60,3374,2767,33322,3500,0,40000,0x07
2026-09-06T11:43:00.960-03:00,38,0,0,51,3374,2745,33414,3500,0,40000,0x07
2026-09-06T11:43:00.981-03:00,39,0,0,51,3374,2745,33414,3500,0,40000,0x07
2026-09-06T11:43:00.999-03:00,40,0,0,52,3374,2731,33475,3500,0,40000,0x07
2026-09-06T11:43:01.017-03:00,41,0,0,52,3374,2731,33475,3500,0,40000,0x07
2026-09-06T11:43:01.040-03:00,42,0,0,52,3374,2731,33475,3500,0,40000,0x07
2026-09-06T11:43:01.060-03:00,43,0,0,59,3374,2763,33339,3500,0,40000,0x07
2026-09-06T11:43:01.078-03:00,44,0,0,59,3374,2763,33339,3500,0,40000,0x07
2026-09-06T11:43:01.096-03:00,45,0,0,59,3374,2763,33339,3500,0,40000,0x07
2026-09-06T11:43:01.119-03:00,46,0,0,50,3374,2760,33350,3500,0,40000,0x07
2026-09-06T11:43:01.138-03:00,47,0,0,50,3374,2760,33350,3500,0,40000,0x07
2026-09-06T11:43:01.158-03:00,48,0,0,52,3374,2654,33802,3500,0,40000,0x07
2026-09-06T11:43:01.176-03:00,49,0,0,52,3374,2654,33802,3500,0,40000,0x07
2026-09-06T11:43:01.200-03:00,50,0,0,52,3374,2654,33802,3500,0,40000,0x07
2026-09-06T11:43:01.218-03:00,51,0,0,59,3374,2797,33195,3500,0,40000,0x07
2026-09-06T11:43:01.241-03:00,52,0,0,59,3374,2797,33195,3500,0,40000,0x07
2026-09-06T11:43:01.257-03:00,53,0,0,59,3374,2797,33195,3500,0,40000,0x07
2026-09-06T11:43:01.280-03:00,54,0,0,58,3374,2690,33649,3500,0,40000,0x07
2026-09-06T11:43:01.298-03:00,55,0,0,58,3374,2690,33649,3500,0,40000,0x07
2026-09-06T11:43:01.321-03:00,56,0,0,58,3374,2690,33649,3500,0,40000,0x07
2026-09-06T11:43:01.338-03:00,57,0,0,50,3374,2520,34370,3500,0,40000,0x07
2026-09-06T11:43:01.360-03:00,58,0,0,50,3374,2520,34370,3500,0,40000,0x07
2026-09-06T11:43:01.378-03:00,59,0,0,53,3374,2755,33373,3500,0,40000,0x07
2026-09-06T11:43:01.400-03:00,60,0,0,53,3374,2755,33373,3500,0,40000,0x07
2026-09-06T11:43:01.418-03:00,61,0,0,53,3374,2755,33373,3500,0,40000,0x07
2026-09-06T11:43:01.437-03:00,62,0,0,59,3374,2763,33339,3500,0,40000,0x07
2026-09-06T11:43:01.457-03:00,63,0,0,59,3374,2763,33339,3500,0,40000,0x07
2026-09-06T11:43:01.480-03:00,64,0,0,59,3374,2763,33339,3500,0,40000,0x07
2026-09-06T11:43:01.498-03:00,65,0,0,67,3374,2433,34741,3500,0,40000,0x07
2026-09-06T11:43:01.518-03:00,66,0,0,67,3374,2433,34741,3500,0,40000,0x07
2026-09-06T11:43:01.559-03:00,67,0,0,67,3374,2433,34741,3500,0,40000,0x07
2026-09-06T11:43:01.559-03:00,68,0,0,60,3374,2750,33393,3500,0,40000,0x07
2026-09-06T11:43:01.577-03:00,69,0,0,60,3374,2750,33393,3500,0,40000,0x07
2026-09-06T11:43:01.595-03:00,70,0,0,60,3374,2750,33393,3500,0,40000,0x07
2026-09-06T11:43:01.618-03:00,71,0,0,60,3374,2583,34101,3500,0,40000,0x07
2026-09-06T11:43:01.638-03:00,72,0,0,60,3374,2583,34101,3500,0,40000,0x07
2026-09-06T11:43:01.657-03:00,73,0,0,60,3374,2583,34101,3500,0,40000,0x07
2026-09-06T11:43:01.680-03:00,74,0,0,60,3374,2883,32826,3500,0,40000,0x07
2026-09-06T11:43:01.698-03:00,75,0,0,60,3374,2883,32826,3500,0,40000,0x07
2026-09-06T11:43:01.718-03:00,76,0,0,60,3374,2883,32826,3500,0,40000,0x07
2026-09-06T11:43:01.736-03:00,77,0,0,59,3374,2729,33483,3500,0,40000,0x07
2026-09-06T11:43:01.758-03:00,78,0,0,59,3374,2729,33483,3500,0,40000,0x07
2026-09-06T11:43:01.776-03:00,79,0,0,59,3374,2729,33483,3500,0,40000,0x07
2026-09-06T11:43:01.796-03:00,80,0,0,58,3374,2569,34162,3500,0,40000,0x07
2026-09-06T11:43:01.819-03:00,81,0,0,58,3374,2569,34162,3500,0,40000,0x07
2026-09-06T11:43:01.839-03:00,82,0,0,58,3374,2569,34162,3500,0,40000,0x07
2026-09-06T11:43:01.857-03:00,83,0,0,60,3374,2667,33747,3500,0,40000,0x07
2026-09-06T11:43:01.880-03:00,84,0,0,60,3374,2667,33747,3500,0,40000,0x07
2026-09-06T11:43:01.898-03:00,85,0,0,60,3374,2667,33747,3500,0,40000,0x07
2026-09-06T11:43:01.916-03:00,86,0,0,59,3374,2678,33699,3500,0,40000,0x07
2026-09-06T11:43:01.937-03:00,87,0,0,59,3374,2678,33699,3500,0,40000,0x07
2026-09-06T11:43:01.960-03:00,88,0,0,59,3374,2678,33699,3500,0,40000,0x07
2026-09-06T11:43:01.978-03:00,89,0,0,59,3374,2780,33267,3500,0,40000,0x07
2026-09-06T11:43:01.999-03:00,90,0,0,59,3374,2780,33267,3500,0,40000,0x07
2026-09-06T11:43:02.017-03:00,91,0,0,59,3374,2780,33267,3500,0,40000,0x07
2026-09-06T11:43:02.036-03:00,92,0,0,59,3374,2661,33771,3500,0,40000,0x07
2026-09-06T11:43:02.056-03:00,93,0,0,59,3374,2661,33771,3500,0,40000,0x07
2026-09-06T11:43:02.080-03:00,94,0,0,59,3374,2661,33771,3500,0,40000,0x07
2026-09-06T11:43:02.098-03:00,95,0,0,59,3374,2661,33771,3500,0,40000,0x07
2026-09-06T11:43:02.116-03:00,96,0,0,59,3374,2661,33771,3500,0,40000,0x07
2026-09-06T11:43:02.139-03:00,97,0,0,59,3374,2661,33771,3500,0,40000,0x07
2026-09-06T11:43:02.158-03:00,98,0,0,59,3374,2864,32907,3500,0,40000,0x07
2026-09-06T11:43:02.180-03:00,99,0,0,59,3374,2864,32907,3500,0,40000,0x07
2026-09-06T11:43:02.198-03:00,100,0,0,59,3374,2864,32907,3500,0,40000,0x07
2026-09-06T11:43:02.218-03:00,101,0,0,58,3374,2638,33869,3500,0,40000,0x07
2026-09-06T11:43:02.236-03:00,102,0,0,58,3374,2638,33869,3500,0,40000,0x07
2026-09-06T11:43:02.260-03:00,103,0,0,58,3374,2638,33869,3500,0,40000,0x07
2026-09-06T11:43:02.280-03:00,104,0,0,62,3374,2710,33564,3500,0,40000,0x07
2026-09-06T11:43:02.299-03:00,105,0,0,62,3374,2710,33564,3500,0,40000,0x07
2026-09-06T11:43:02.318-03:00,106,0,0,62,3374,2710,33564,3500,0,40000,0x07
2026-09-06T11:43:02.336-03:00,107,0,0,60,3374,2750,33393,3500,0,40000,0x07
2026-09-06T11:43:02.359-03:00,108,0,0,60,3374,2750,33393,3500,0,40000,0x07
2026-09-06T11:43:02.377-03:00,109,0,0,60,3374,2750,33393,3500,0,40000,0x07
2026-09-06T11:43:02.400-03:00,110,0,0,58,3374,2707,33576,3500,0,40000,0x07
2026-09-06T11:43:02.418-03:00,111,0,0,58,3374,2707,33576,3500,0,40000,0x07
2026-09-06T11:43:02.436-03:00,112,0,0,58,3374,2707,33576,3500,0,40000,0x07
2026-09-06T11:43:02.456-03:00,113,0,0,51,3374,2725,33497,3500,0,40000,0x07
2026-09-06T11:43:02.479-03:00,114,0,0,51,3374,2725,33497,3500,0,40000,0x07
2026-09-06T11:43:02.497-03:00,115,0,0,52,3374,2731,33475,3500,0,40000,0x07
2026-09-06T11:43:02.515-03:00,116,0,0,52,3374,2731,33475,3500,0,40000,0x07
2026-09-06T11:43:02.539-03:00,117,0,0,52,3374,2731,33475,3500,0,40000,0x07
2026-09-06T11:43:02.559-03:00,118,0,0,59,3374,2661,33771,3500,0,40000,0x07
2026-09-06T11:43:02.580-03:00,119,0,0,59,3374,2661,33771,3500,0,40000,0x07
2026-09-06T11:43:02.598-03:00,120,0,0,59,3374,2661,33771,3500,0,40000,0x07
2026-09-06T11:43:02.616-03:00,121,0,0,51,3374,2765,33330,3500,0,40000,0x07
2026-09-06T11:43:02.636-03:00,122,0,0,51,3374,2765,33330,3500,0,40000,0x07
2026-09-06T11:43:02.660-03:00,123,0,0,52,3374,2731,33475,3500,0,40000,0x07
2026-09-06T11:43:02.680-03:00,124,0,0,52,3374,2731,33475,3500,0,40000,0x07
2026-09-06T11:43:02.697-03:00,125,0,0,52,3374,2731,33475,3500,0,40000,0x07
2026-09-06T11:43:02.720-03:00,126,0,0,58,3374,2621,33943,3500,0,40000,0x07
2026-09-06T11:43:02.738-03:00,127,0,0,58,3374,2621,33943,3500,0,40000,0x07
2026-09-06T11:43:02.756-03:00,128,0,0,58,3374,2621,33943,3500,0,40000,0x07
2026-09-06T11:43:02.780-03:00,129,0,0,60,3374,2817,33110,3500,0,40000,0x07
2026-09-06T11:43:02.798-03:00,130,0,0,60,3374,2817,33110,3500,0,40000,0x07
2026-09-06T11:43:02.816-03:00,131,0,0,60,3374,2817,33110,3500,0,40000,0x07
2026-09-06T11:43:02.839-03:00,132,0,0,59,3374,2678,33699,3500,0,40000,0x07
2026-09-06T11:43:02.860-03:00,133,0,0,59,3374,2678,33699,3500,0,40000,0x07
2026-09-06T11:43:02.878-03:00,134,0,0,59,3374,2678,33699,3500,0,40000,0x07
2026-09-06T11:43:02.901-03:00,135,0,0,59,3374,2661,33771,3500,0,40000,0x07
2026-09-06T11:43:02.919-03:00,136,0,0,59,3374,2661,33771,3500,0,40000,0x07
2026-09-06T11:43:02.939-03:00,137,0,0,59,3374,2661,33771,3500,0,40000,0x07
2026-09-06T11:43:02.957-03:00,138,0,0,50,3374,2700,33606,3500,0,40000,0x07
2026-09-06T11:43:02.980-03:00,139,0,0,50,3374,2700,33606,3500,0,40000,0x07
2026-09-06T11:43:02.998-03:00,140,0,0,53,3374,2698,33614,3500,0,40000,0x07
2026-09-06T11:43:03.016-03:00,141,0,0,53,3374,2698,33614,3500,0,40000,0x07
2026-09-06T11:43:03.036-03:00,142,0,0,53,3374,2698,33614,3500,0,40000,0x07
2026-09-06T11:43:03.059-03:00,143,0,0,59,3374,2678,33699,3500,0,40000,0x07
2026-09-06T11:43:03.078-03:00,144,0,0,59,3374,2678,33699,3500,0,40000,0x07
2026-09-06T11:43:03.099-03:00,145,0,0,59,3374,2678,33699,3500,0,40000,0x07
2026-09-06T11:43:03.117-03:00,146,0,0,60,3374,2717,33535,3500,0,40000,0x07
2026-09-06T11:43:03.136-03:00,147,0,0,60,3374,2717,33535,3500,0,40000,0x07
2026-09-06T11:43:03.159-03:00,148,0,0,60,3374,2717,33535,3500,0,40000,0x07
2026-09-06T11:43:03.177-03:00,149,0,0,58,3374,2707,33576,3500,0,40000,0x07
2026-09-06T11:43:03.200-03:00,150,0,0,58,3374,2707,33576,3500,0,40000,0x07
2026-09-06T11:43:03.218-03:00,151,0,0,58,3374,2707,33576,3500,0,40000,0x07
2026-09-06T11:43:03.236-03:00,152,0,0,59,3374,2780,33267,3500,0,40000,0x07
2026-09-06T11:43:03.256-03:00,153,0,0,59,3374,2780,33267,3500,0,40000,0x07
2026-09-06T11:43:03.279-03:00,154,0,0,59,3374,2780,33267,3500,0,40000,0x07
2026-09-06T11:43:03.297-03:00,155,0,0,59,3374,2695,33627,3500,0,40000,0x07
2026-09-06T11:43:03.321-03:00,156,0,0,59,3374,2695,33627,3500,0,40000,0x07
2026-09-06T11:43:03.339-03:00,157,0,0,59,3374,2695,33627,3500,0,40000,0x07
2026-09-06T11:43:03.359-03:00,158,0,0,61,3374,2787,33236,3500,0,40000,0x07
2026-09-06T11:43:03.377-03:00,159,0,0,61,3374,2787,33236,3500,0,40000,0x07
2026-09-06T11:43:03.400-03:00,160,0,0,61,3374,2787,33236,3500,0,40000,0x07
2026-09-06T11:43:03.418-03:00,161,0,0,51,3374,2745,33414,3500,0,40000,0x07
2026-09-06T11:43:03.436-03:00,162,0,0,51,3374,2745,33414,3500,0,40000,0x07
2026-09-06T11:43:03.459-03:00,163,0,0,51,3374,2686,33664,3500,0,40000,0x07
2026-09-06T11:43:03.479-03:00,164,0,0,51,3374,2686,33664,3500,0,40000,0x07
2026-09-06T11:43:03.499-03:00,165,0,0,51,3374,2686,33664,3500,0,40000,0x07
2026-09-06T11:43:03.516-03:00,166,0,0,50,3374,2660,33776,3500,0,40000,0x07
2026-09-06T11:43:03.540-03:00,167,0,0,50,3374,2660,33776,3500,0,40000,0x07
2026-09-06T11:43:03.557-03:00,168,0,0,53,3374,2755,33373,3500,0,40000,0x07
2026-09-06T11:43:03.581-03:00,169,0,0,53,3374,2755,33373,3500,0,40000,0x07
2026-09-06T11:43:03.600-03:00,170,0,0,53,3374,2755,33373,3500,0,40000,0x07
2026-09-06T11:43:03.620-03:00,171,0,0,58,3374,2759,33356,3500,0,40000,0x07
2026-09-06T11:43:03.639-03:00,172,0,0,58,3374,2759,33356,3500,0,40000,0x07
2026-09-06T11:43:03.657-03:00,173,0,0,58,3374,2759,33356,3500,0,40000,0x07
2026-09-06T11:43:03.677-03:00,174,0,0,59,3374,2729,33483,3500,0,40000,0x07
2026-09-06T11:43:03.697-03:00,175,0,0,59,3374,2729,33483,3500,0,40000,0x07
2026-09-06T11:43:03.719-03:00,176,0,0,59,3374,2729,33483,3500,0,40000,0x07
2026-09-06T11:43:03.739-03:00,177,0,0,59,3374,2627,33915,3500,0,40000,0x07
2026-09-06T11:43:03.759-03:00,178,0,0,59,3374,2627,33915,3500,0,40000,0x07
2026-09-06T11:43:03.777-03:00,179,0,0,59,3374,2627,33915,3500,0,40000,0x07
2026-09-06T11:43:03.800-03:00,180,0,0,50,3374,2600,34030,3500,0,40000,0x07
2026-09-06T11:43:03.818-03:00,181,0,0,50,3374,2600,34030,3500,0,40000,0x07
2026-09-06T11:43:03.838-03:00,182,0,0,53,3374,2774,33293,3500,0,40000,0x07
2026-09-06T11:43:03.858-03:00,183,0,0,53,3374,2774,33293,3500,0,40000,0x07
2026-09-06T11:43:03.878-03:00,184,0,0,53,3374,2774,33293,3500,0,40000,0x07
2026-09-06T11:43:03.896-03:00,185,0,0,59,3374,2746,33411,3500,0,40000,0x07
2026-09-06T11:43:03.919-03:00,186,0,0,59,3374,2746,33411,3500,0,40000,0x07
2026-09-06T11:43:03.937-03:00,187,0,0,59,3374,2746,33411,3500,0,40000,0x07
2026-09-06T11:43:03.960-03:00,188,0,0,58,3374,2586,34089,3500,0,40000,0x07
2026-09-06T11:43:03.980-03:00,189,0,0,58,3374,2586,34089,3500,0,40000,0x07
2026-09-06T11:43:03.999-03:00,190,0,0,58,3374,2586,34089,3500,0,40000,0x07
2026-09-06T11:43:04.019-03:00,191,0,0,52,3374,2769,33311,3500,0,40000,0x07
2026-09-06T11:43:04.037-03:00,192,0,0,52,3374,2769,33311,3500,0,40000,0x07
2026-09-06T11:43:04.060-03:00,193,0,0,52,3374,2692,33638,3500,0,40000,0x07
2026-09-06T11:43:04.078-03:00,194,0,0,52,3374,2692,33638,3500,0,40000,0x07
2026-09-06T11:43:04.098-03:00,195,0,0,52,3374,2692,33638,3500,0,40000,0x07
2026-09-06T11:43:04.116-03:00,196,0,0,59,3374,2593,34059,3500,0,40000,0x07
2026-09-06T11:43:04.139-03:00,197,0,0,59,3374,2593,34059,3500,0,40000,0x07
2026-09-06T11:43:04.156-03:00,198,0,0,59,3374,2593,34059,3500,0,40000,0x07
2026-09-06T11:43:04.179-03:00,199,0,0,59,3374,2797,33195,3500,0,40000,0x07
2026-09-06T11:43:04.197-03:00,200,0,0,59,3374,2797,33195,3500,0,40000,0x07
2026-09-06T11:43:04.220-03:00,201,0,0,59,3374,2797,33195,3500,0,40000,0x07
2026-09-06T11:43:04.240-03:00,202,0,0,59,3374,2678,33699,3500,0,40000,0x07
2026-09-06T11:43:04.258-03:00,203,0,0,59,3374,2678,33699,3500,0,40000,0x07
2026-09-06T11:43:04.281-03:00,204,0,0,59,3374,2678,33699,3500,0,40000,0x07
2026-09-06T11:43:04.296-03:00,205,0,0,67,3374,2448,34678,3500,0,40000,0x07
2026-09-06T11:43:04.319-03:00,206,0,0,67,3374,2448,34678,3500,0,40000,0x07
2026-09-06T11:43:04.337-03:00,207,0,0,67,3374,2448,34678,3500,0,40000,0x07
2026-09-06T11:43:04.359-03:00,208,0,0,60,3374,2733,33464,3500,0,40000,0x07
2026-09-06T11:43:04.377-03:00,209,0,0,60,3374,2733,33464,3500,0,40000,0x07
2026-09-06T11:43:04.400-03:00,210,0,0,60,3374,2733,33464,3500,0,40000,0x07
2026-09-06T11:43:04.420-03:00,211,0,0,60,3374,2800,33180,3500,0,40000,0x07
2026-09-06T11:43:04.438-03:00,212,0,0,60,3374,2800,33180,3500,0,40000,0x07
2026-09-06T11:43:04.456-03:00,213,0,0,60,3374,2800,33180,3500,0,40000,0x07
2026-09-06T11:43:04.480-03:00,214,0,0,59,3374,2763,33339,3500,0,40000,0x07
2026-09-06T11:43:04.498-03:00,215,0,0,59,3374,2763,33339,3500,0,40000,0x07
2026-09-06T11:43:04.518-03:00,216,0,0,59,3374,2763,33339,3500,0,40000,0x07
2026-09-06T11:43:04.536-03:00,217,0,0,58,3374,2672,33723,3500,0,40000,0x07
2026-09-06T11:43:04.559-03:00,218,0,0,58,3374,2672,33723,3500,0,40000,0x07
2026-09-06T11:43:04.577-03:00,219,0,0,58,3374,2672,33723,3500,0,40000,0x07
2026-09-06T11:43:04.599-03:00,220,0,0,59,3374,2729,33483,3500,0,40000,0x07
2026-09-06T11:43:04.617-03:00,221,0,0,59,3374,2729,33483,3500,0,40000,0x07
2026-09-06T11:43:04.641-03:00,222,0,0,59,3374,2729,33483,3500,0,40000,0x07
2026-09-06T11:43:04.656-03:00,223,0,0,59,3374,2763,33339,3500,0,40000,0x07
2026-09-06T11:43:04.679-03:00,224,0,0,59,3374,2763,33339,3500,0,40000,0x07
2026-09-06T11:43:04.697-03:00,225,0,0,59,3374,2763,33339,3500,0,40000,0x07
2026-09-06T11:43:04.720-03:00,226,0,0,59,3374,2695,33627,3500,0,40000,0x07
2026-09-06T11:43:04.738-03:00,227,0,0,59,3374,2695,33627,3500,0,40000,0x07
2026-09-06T11:43:04.756-03:00,228,0,0,59,3374,2695,33627,3500,0,40000,0x07
2026-09-06T11:43:04.779-03:00,229,0,0,50,3374,2700,33606,3500,0,40000,0x07
2026-09-06T11:43:04.797-03:00,230,0,0,50,3374,2700,33606,3500,0,40000,0x07
2026-09-06T11:43:04.820-03:00,231,0,0,52,3374,2712,33556,3500,0,40000,0x07
2026-09-06T11:43:04.837-03:00,232,0,0,52,3374,2712,33556,3500,0,40000,0x07
2026-09-06T11:43:04.858-03:00,233,0,0,52,3374,2712,33556,3500,0,40000,0x07
2026-09-06T11:43:04.876-03:00,234,0,0,59,3374,2678,33699,3500,0,40000,0x07
2026-09-06T11:43:04.899-03:00,235,0,0,59,3374,2678,33699,3500,0,40000,0x07
2026-09-06T11:43:04.918-03:00,236,0,0,59,3374,2678,33699,3500,0,40000,0x07
2026-09-06T11:43:04.937-03:00,237,0,0,59,3374,2814,33123,3500,0,40000,0x07
2026-09-06T11:43:04.957-03:00,238,0,0,59,3374,2814,33123,3500,0,40000,0x07
2026-09-06T11:43:04.980-03:00,239,0,0,59,3374,2814,33123,3500,0,40000,0x07
2026-09-06T11:43:04.998-03:00,240,0,0,62,3374,2694,33633,3500,0,40000,0x07
2026-09-06T11:43:05.016-03:00,241,0,0,62,3374,2694,33633,3500,0,40000,0x07
2026-09-06T11:43:05.038-03:00,242,0,0,62,3374,2694,33633,3500,0,40000,0x07
2026-09-06T11:43:05.056-03:00,243,0,0,58,3374,2724,33503,3500,0,40000,0x07
2026-09-06T11:43:05.079-03:00,244,0,0,58,3374,2724,33503,3500,0,40000,0x07
2026-09-06T11:43:05.097-03:00,245,0,0,58,3374,2724,33503,3500,0,40000,0x07
2026-09-06T11:43:05.120-03:00,246,0,0,59,3374,2695,33627,3500,0,40000,0x07
2026-09-06T11:43:05.138-03:00,247,0,0,59,3374,2695,33627,3500,0,40000,0x07
2026-09-06T11:43:05.156-03:00,248,0,0,59,3374,2695,33627,3500,0,40000,0x07
2026-09-06T11:43:05.180-03:00,249,0,0,50,3374,2620,33946,3500,0,40000,0x07
2026-09-06T11:43:05.200-03:00,250,0,0,50,3374,2620,33946,3500,0,40000,0x07
2026-09-06T11:43:05.218-03:00,251,0,0,53,3374,2792,33213,3500,0,40000,0x07
2026-09-06T11:43:05.236-03:00,252,0,0,53,3374,2792,33213,3500,0,40000,0x07
2026-09-06T11:43:05.259-03:00,253,0,0,53,3374,2792,33213,3500,0,40000,0x07
2026-09-06T11:43:05.277-03:00,254,0,0,59,3374,2678,33699,3500,0,40000,0x07
2026-09-06T11:43:05.297-03:00,255,0,0,59,3374,2678,33699,3500,0,40000,0x07
2026-09-06T11:43:05.318-03:00,256,0,0,59,3374,2678,33699,3500,0,40000,0x07
2026-09-06T11:43:05.340-03:00,257,0,0,58,3374,2672,33723,3500,0,40000,0x07
2026-09-06T11:43:05.358-03:00,258,0,0,58,3374,2672,33723,3500,0,40000,0x07
2026-09-06T11:43:05.376-03:00,259,0,0,58,3374,2672,33723,3500,0,40000,0x07
2026-09-06T11:43:05.401-03:00,260,0,0,51,3374,2804,33164,3500,0,40000,0x07
2026-09-06T11:43:05.418-03:00,261,0,0,51,3374,2804,33164,3500,0,40000,0x07
2026-09-06T11:43:05.436-03:00,262,0,0,52,3374,2673,33720,3500,0,40000,0x07
2026-09-06T11:43:05.459-03:00,263,0,0,52,3374,2673,33720,3500,0,40000,0x07
2026-09-06T11:43:05.477-03:00,264,0,0,52,3374,2673,33720,3500,0,40000,0x07
2026-09-06T11:43:05.496-03:00,265,0,0,58,3374,2724,33503,3500,0,40000,0x07
2026-09-06T11:43:05.519-03:00,266,0,0,58,3374,2724,33503,3500,0,40000,0x07
2026-09-06T11:43:05.537-03:00,267,0,0,58,3374,2724,33503,3500,0,40000,0x07
2026-09-06T11:43:05.557-03:00,268,0,0,60,3374,2717,33535,3500,0,40000,0x07
2026-09-06T11:43:05.577-03:00,269,0,0,60,3374,2717,33535,3500,0,40000,0x07
2026-09-06T11:43:05.596-03:00,270,0,0,60,3374,2717,33535,3500,0,40000,0x07
2026-09-06T11:43:05.618-03:00,271,0,0,58,3374,2707,33576,3500,0,40000,0x07
2026-09-06T11:43:05.640-03:00,272,0,0,58,3374,2707,33576,3500,0,40000,0x07
2026-09-06T11:43:05.658-03:00,273,0,0,58,3374,2707,33576,3500,0,40000,0x07
2026-09-06T11:43:05.676-03:00,274,0,0,59,3374,2678,33699,3500,0,40000,0x07
2026-09-06T11:43:05.699-03:00,275,0,0,59,3374,2678,33699,3500,0,40000,0x07
2026-09-06T11:43:05.717-03:00,276,0,0,59,3374,2678,33699,3500,0,40000,0x07
2026-09-06T11:43:05.740-03:00,277,0,0,59,3374,2695,33627,3500,0,40000,0x07
2026-09-06T11:43:05.760-03:00,278,0,0,59,3374,2695,33627,3500,0,40000,0x07
2026-09-06T11:43:05.777-03:00,279,0,0,59,3374,2695,33627,3500,0,40000,0x07
2026-09-06T11:43:05.800-03:00,280,0,0,50,3374,2660,33776,3500,0,40000,0x07
2026-09-06T11:43:05.817-03:00,281,0,0,50,3374,2660,33776,3500,0,40000,0x07
2026-09-06T11:43:05.841-03:00,282,0,0,52,3374,2808,33148,3500,0,40000,0x07
2026-09-06T11:43:05.859-03:00,283,0,0,52,3374,2808,33148,3500,0,40000,0x07
2026-09-06T11:43:05.877-03:00,284,0,0,52,3374,2808,33148,3500,0,40000,0x07
2026-09-06T11:43:05.897-03:00,285,0,0,51,3374,2725,33497,3500,0,40000,0x07
2026-09-06T11:43:05.920-03:00,286,0,0,51,3374,2725,33497,3500,0,40000,0x07
2026-09-06T11:43:05.938-03:00,287,0,0,52,3374,2712,33556,3500,0,40000,0x07
2026-09-06T11:43:05.958-03:00,288,0,0,52,3374,2712,33556,3500,0,40000,0x07
2026-09-06T11:43:05.976-03:00,289,0,0,52,3374,2712,33556,3500,0,40000,0x07
2026-09-06T11:43:06.000-03:00,290,0,0,59,3374,2746,33411,3500,0,40000,0x07
2026-09-06T11:43:06.018-03:00,291,0,0,59,3374,2746,33411,3500,0,40000,0x07
2026-09-06T11:43:06.038-03:00,292,0,0,59,3374,2746,33411,3500,0,40000,0x07
2026-09-06T11:43:06.056-03:00,293,0,0,58,3374,2690,33649,3500,0,40000,0x07
2026-09-06T11:43:06.079-03:00,294,0,0,58,3374,2690,33649,3500,0,40000,0x07
2026-09-06T11:43:06.097-03:00,295,0,0,58,3374,2690,33649,3500,0,40000,0x07
2026-09-06T11:43:06.120-03:00,296,0,0,59,3374,2576,34131,3500,0,40000,0x07
2026-09-06T11:43:06.138-03:00,297,0,0,59,3374,2576,34131,3500,0,40000,0x07
2026-09-06T11:43:06.156-03:00,298,0,0,59,3374,2576,34131,3500,0,40000,0x07
2026-09-06T11:43:06.180-03:00,299,0,0,50,3374,2840,33010,3500,0,40000,0x07
2026-09-06T11:43:06.198-03:00,300,0,0,50,3374,2840,33010,3500,0,40000,0x07
2026-09-06T11:43:06.216-03:00,301,0,0,53,3374,2679,33694,3500,0,40000,0x07
2026-09-06T11:43:06.239-03:00,302,0,0,53,3374,2679,33694,3500,0,40000,0x07
2026-09-06T11:43:06.257-03:00,303,0,0,53,3374,2679,33694,3500,0,40000,0x07
2026-09-06T11:43:06.280-03:00,304,0,0,58,3374,2655,33796,3500,0,40000,0x07
2026-09-06T11:43:06.298-03:00,305,0,0,58,3374,2655,33796,3500,0,40000,0x07
2026-09-06T11:43:06.316-03:00,306,0,0,58,3374,2655,33796,3500,0,40000,0x07
2026-09-06T11:43:06.339-03:00,307,0,0,51,3374,2686,33664,3500,0,40000,0x07
2026-09-06T11:43:06.357-03:00,308,0,0,51,3374,2686,33664,3500,0,40000,0x07
2026-09-06T11:43:06.380-03:00,309,0,0,52,3374,2731,33475,3500,0,40000,0x07
2026-09-06T11:43:06.398-03:00,310,0,0,52,3374,2731,33475,3500,0,40000,0x07
2026-09-06T11:43:06.418-03:00,311,0,0,52,3374,2731,33475,3500,0,40000,0x07
2026-09-06T11:43:06.436-03:00,312,0,0,59,3374,2678,33699,3500,0,40000,0x07
2026-09-06T11:43:06.456-03:00,313,0,0,59,3374,2678,33699,3500,0,40000,0x07
2026-09-06T11:43:06.476-03:00,314,0,0,59,3374,2678,33699,3500,0,40000,0x07
2026-09-06T11:43:06.499-03:00,315,0,0,60,3374,2650,33818,3500,0,40000,0x07
2026-09-06T11:43:06.519-03:00,316,0,0,60,3374,2650,33818,3500,0,40000,0x07
2026-09-06T11:43:06.537-03:00,317,0,0,60,3374,2650,33818,3500,0,40000,0x07
2026-09-06T11:43:06.560-03:00,318,0,0,58,3374,2586,34089,3500,0,40000,0x07
2026-09-06T11:43:06.580-03:00,319,0,0,58,3374,2586,34089,3500,0,40000,0x07
2026-09-06T11:43:06.597-03:00,320,0,0,58,3374,2586,34089,3500,0,40000,0x07
2026-09-06T11:43:06.617-03:00,321,0,0,51,3374,2686,33664,3500,0,40000,0x07
2026-09-06T11:43:06.636-03:00,322,0,0,51,3374,2686,33664,3500,0,40000,0x07
2026-09-06T11:43:06.659-03:00,323,0,0,53,3374,2736,33453,3500,0,40000,0x07
2026-09-06T11:43:06.677-03:00,324,0,0,53,3374,2736,33453,3500,0,40000,0x07
2026-09-06T11:43:06.700-03:00,325,0,0,53,3374,2736,33453,3500,0,40000,0x07
2026-09-06T11:43:06.718-03:00,326,0,0,58,3374,2759,33356,3500,0,40000,0x07
2026-09-06T11:43:06.738-03:00,327,0,0,58,3374,2759,33356,3500,0,40000,0x07
2026-09-06T11:43:06.758-03:00,328,0,0,58,3374,2759,33356,3500,0,40000,0x07
2026-09-06T11:43:06.776-03:00,329,0,0,59,3374,2746,33411,3500,0,40000,0x07
2026-09-06T11:43:06.796-03:00,330,0,0,59,3374,2746,33411,3500,0,40000,0x07
2026-09-06T11:43:06.819-03:00,331,0,0,59,3374,2746,33411,3500,0,40000,0x07
2026-09-06T11:43:06.837-03:00,332,0,0,59,3374,2661,33771,3500,0,40000,0x07
2026-09-06T11:43:06.859-03:00,333,0,0,59,3374,2661,33771,3500,0,40000,0x07
2026-09-06T11:43:06.877-03:00,334,0,0,59,3374,2661,33771,3500,0,40000,0x07
2026-09-06T11:43:06.900-03:00,335,0,0,58,3374,2690,33649,3500,0,40000,0x07
2026-09-06T11:43:06.920-03:00,336,0,0,58,3374,2690,33649,3500,0,40000,0x07
2026-09-06T11:43:06.937-03:00,337,0,0,58,3374,2690,33649,3500,0,40000,0x07
2026-09-06T11:43:06.955-03:00,338,0,0,51,3374,2725,33497,3500,0,40000,0x07
2026-09-06T11:43:06.978-03:00,339,0,0,51,3374,2725,33497,3500,0,40000,0x07
2026-09-06T11:43:06.996-03:00,340,0,0,52,3374,2769,33311,3500,0,40000,0x07
2026-09-06T11:43:07.019-03:00,341,0,0,52,3374,2769,33311,3500,0,40000,0x07
2026-09-06T11:43:07.037-03:00,342,0,0,52,3374,2769,33311,3500,0,40000,0x07
2026-09-06T11:43:07.060-03:00,343,0,0,59,3374,2695,33627,3500,0,40000,0x07
2026-09-06T11:43:07.078-03:00,344,0,0,59,3374,2695,33627,3500,0,40000,0x07
2026-09-06T11:43:07.096-03:00,345,0,0,59,3374,2695,33627,3500,0,40000,0x07
2026-09-06T11:43:07.119-03:00,346,0,0,50,3374,2800,33180,3500,0,40000,0x07
2026-09-06T11:43:07.137-03:00,347,0,0,50,3374,2800,33180,3500,0,40000,0x07
2026-09-06T11:43:07.160-03:00,348,0,0,60,3374,2333,35164,3500,0,40000,0x07
2026-09-06T11:43:07.178-03:00,349,0,0,60,3374,2333,35164,3500,0,40000,0x07
2026-09-06T11:43:07.196-03:00,350,0,0,60,3374,2333,35164,3500,0,40000,0x07
2026-09-06T11:43:07.220-03:00,351,0,0,61,3374,2787,33236,3500,0,40000,0x07
2026-09-06T11:43:07.240-03:00,352,0,0,61,3374,2787,33236,3500,0,40000,0x07
2026-09-06T11:43:07.258-03:00,353,0,0,61,3374,2787,33236,3500,0,40000,0x07
2026-09-06T11:43:07.276-03:00,354,0,0,60,3374,2750,33393,3500,0,40000,0x07
2026-09-06T11:43:07.299-03:00,355,0,0,60,3374,2750,33393,3500,0,40000,0x07
2026-09-06T11:43:07.317-03:00,356,0,0,60,3374,2750,33393,3500,0,40000,0x07
2026-09-06T11:43:07.335-03:00,357,0,0,59,3374,2661,33771,3500,0,40000,0x07
2026-09-06T11:43:07.359-03:00,358,0,0,59,3374,2661,33771,3500,0,40000,0x07
2026-09-06T11:43:07.377-03:00,359,0,0,59,3374,2661,33771,3500,0,40000,0x07
2026-09-06T11:43:07.401-03:00,360,0,0,59,3374,2814,33123,3500,0,40000,0x07
2026-09-06T11:43:07.419-03:00,361,0,0,59,3374,2814,33123,3500,0,40000,0x07
2026-09-06T11:43:07.437-03:00,362,0,0,59,3374,2814,33123,3500,0,40000,0x07
2026-09-06T11:43:07.460-03:00,363,0,0,59,3374,2712,33555,3500,0,40000,0x07
2026-09-06T11:43:07.478-03:00,364,0,0,59,3374,2712,33555,3500,0,40000,0x07
2026-09-06T11:43:07.496-03:00,365,0,0,59,3374,2712,33555,3500,0,40000,0x07
2026-09-06T11:43:07.519-03:00,366,0,0,58,3374,2741,33430,3500,0,40000,0x07
2026-09-06T11:43:07.536-03:00,367,0,0,58,3374,2741,33430,3500,0,40000,0x07
2026-09-06T11:43:07.559-03:00,368,0,0,58,3374,2741,33430,3500,0,40000,0x07
2026-09-06T11:43:07.577-03:00,369,0,0,60,3374,2767,33322,3500,0,40000,0x07
2026-09-06T11:43:07.600-03:00,370,0,0,60,3374,2767,33322,3500,0,40000,0x07
2026-09-06T11:43:07.618-03:00,371,0,0,60,3374,2767,33322,3500,0,40000,0x07
2026-09-06T11:43:07.636-03:00,372,0,0,58,3374,2603,34016,3500,0,40000,0x07
2026-09-06T11:43:07.659-03:00,373,0,0,58,3374,2603,34016,3500,0,40000,0x07
2026-09-06T11:43:07.678-03:00,374,0,0,58,3374,2603,34016,3500,0,40000,0x07
2026-09-06T11:43:07.696-03:00,375,0,0,59,3374,2780,33267,3500,0,40000,0x07
2026-09-06T11:43:07.716-03:00,376,0,0,59,3374,2780,33267,3500,0,40000,0x07
2026-09-06T11:43:07.739-03:00,377,0,0,59,3374,2780,33267,3500,0,40000,0x07
2026-09-06T11:43:07.757-03:00,378,0,0,59,3374,2712,33555,3500,0,40000,0x07
2026-09-06T11:43:07.780-03:00,379,0,0,59,3374,2712,33555,3500,0,40000,0x07
2026-09-06T11:43:07.799-03:00,380,0,0,59,3374,2712,33555,3500,0,40000,0x07
2026-09-06T11:43:07.817-03:00,381,0,0,58,3374,2672,33723,3500,0,40000,0x07
2026-09-06T11:43:07.838-03:00,382,0,0,58,3374,2672,33723,3500,0,40000,0x07
2026-09-06T11:43:07.857-03:00,383,0,0,58,3374,2672,33723,3500,0,40000,0x07
2026-09-06T11:43:07.881-03:00,384,0,0,60,3374,2700,33606,3500,0,40000,0x07
2026-09-06T11:43:07.896-03:00,385,0,0,60,3374,2700,33606,3500,0,40000,0x07
2026-09-06T11:43:07.919-03:00,386,0,0,60,3374,2700,33606,3500,0,40000,0x07
2026-09-06T11:43:07.936-03:00,387,0,0,50,3374,2700,33606,3500,0,40000,0x07
2026-09-06T11:43:07.960-03:00,388,0,0,50,3374,2700,33606,3500,0,40000,0x07
2026-09-06T11:43:07.978-03:00,389,0,0,53,3374,2717,33533,3500,0,40000,0x07
2026-09-06T11:43:07.996-03:00,390,0,0,53,3374,2717,33533,3500,0,40000,0x07
2026-09-06T11:43:08.016-03:00,391,0,0,53,3374,2717,33533,3500,0,40000,0x07
2026-09-06T11:43:08.038-03:00,392,0,0,59,3374,2763,33339,3500,0,40000,0x07
2026-09-06T11:43:08.058-03:00,393,0,0,59,3374,2763,33339,3500,0,40000,0x07
2026-09-06T11:43:08.076-03:00,394,0,0,59,3374,2763,33339,3500,0,40000,0x07
2026-09-06T11:43:08.099-03:00,395,0,0,58,3374,2655,33796,3500,0,40000,0x07
2026-09-06T11:43:08.119-03:00,396,0,0,58,3374,2655,33796,3500,0,40000,0x07
2026-09-06T11:43:08.140-03:00,397,0,0,58,3374,2655,33796,3500,0,40000,0x07
2026-09-06T11:43:08.158-03:00,398,0,0,51,3374,2588,34080,3500,0,40000,0x07
2026-09-06T11:43:08.176-03:00,399,0,0,51,3374,2588,34080,3500,0,40000,0x07
2026-09-06T11:43:08.199-03:00,400,0,0,53,3374,2736,33453,3500,0,40000,0x07
2026-09-06T11:43:08.218-03:00,401,0,0,53,3374,2736,33453,3500,0,40000,0x07
2026-09-06T11:43:08.236-03:00,402,0,0,53,3374,2736,33453,3500,0,40000,0x07
2026-09-06T11:43:08.259-03:00,403,0,0,59,3374,2695,33627,3500,0,40000,0x07
2026-09-06T11:43:08.276-03:00,404,0,0,59,3374,2695,33627,3500,0,40000,0x07
2026-09-06T11:43:08.299-03:00,405,0,0,59,3374,2695,33627,3500,0,40000,0x07
2026-09-06T11:43:08.317-03:00,406,0,0,59,3374,2831,33051,3500,0,40000,0x07
2026-09-06T11:43:08.336-03:00,407,0,0,59,3374,2831,33051,3500,0,40000,0x07
2026-09-06T11:43:08.359-03:00,408,0,0,59,3374,2831,33051,3500,0,40000,0x07
2026-09-06T11:43:08.377-03:00,409,0,0,59,3374,2695,33627,3500,0,40000,0x07
2026-09-06T11:43:08.400-03:00,410,0,0,59,3374,2695,33627,3500,0,40000,0x07
2026-09-06T11:43:08.418-03:00,411,0,0,59,3374,2695,33627,3500,0,40000,0x07
2026-09-06T11:43:08.436-03:00,412,0,0,58,3374,2655,33796,3500,0,40000,0x07
2026-09-06T11:43:08.456-03:00,413,0,0,58,3374,2655,33796,3500,0,40000,0x07
2026-09-06T11:43:08.480-03:00,414,0,0,58,3374,2655,33796,3500,0,40000,0x07
2026-09-06T11:43:08.498-03:00,415,0,0,60,3374,2767,33322,3500,0,40000,0x07
2026-09-06T11:43:08.517-03:00,416,0,0,60,3374,2767,33322,3500,0,40000,0x07
2026-09-06T11:43:08.540-03:00,417,0,0,60,3374,2767,33322,3500,0,40000,0x07
2026-09-06T11:43:08.558-03:00,418,0,0,60,3374,2733,33464,3500,0,40000,0x07
2026-09-06T11:43:08.577-03:00,419,0,0,60,3374,2733,33464,3500,0,40000,0x07
2026-09-06T11:43:08.597-03:00,420,0,0,60,3374,2733,33464,3500,0,40000,0x07
2026-09-06T11:43:08.620-03:00,421,0,0,62,3374,2726,33496,3500,0,40000,0x07
2026-09-06T11:43:08.638-03:00,422,0,0,62,3374,2726,33496,3500,0,40000,0x07
2026-09-06T11:43:08.657-03:00,423,0,0,62,3374,2726,33496,3500,0,40000,0x07
2026-09-06T11:43:08.680-03:00,424,0,0,51,3374,2686,33664,3500,0,40000,0x07
2026-09-06T11:43:08.700-03:00,425,0,0,51,3374,2686,33664,3500,0,40000,0x07
2026-09-06T11:43:08.720-03:00,426,0,0,52,3374,2692,33638,3500,0,40000,0x07
2026-09-06T11:43:08.740-03:00,427,0,0,52,3374,2692,33638,3500,0,40000,0x07
2026-09-06T11:43:08.758-03:00,428,0,0,52,3374,2692,33638,3500,0,40000,0x07
2026-09-06T11:43:08.778-03:00,429,0,0,59,3374,2797,33195,3500,0,40000,0x07
2026-09-06T11:43:08.798-03:00,430,0,0,59,3374,2797,33195,3500,0,40000,0x07
2026-09-06T11:43:08.818-03:00,431,0,0,59,3374,2797,33195,3500,0,40000,0x07
2026-09-06T11:43:08.836-03:00,432,0,0,59,3374,2644,33843,3500,0,40000,0x07
2026-09-06T11:43:08.856-03:00,433,0,0,59,3374,2644,33843,3500,0,40000,0x07
2026-09-06T11:43:08.879-03:00,434,0,0,59,3374,2644,33843,3500,0,40000,0x07
2026-09-06T11:43:08.897-03:00,435,0,0,58,3374,2603,34016,3500,0,40000,0x07
2026-09-06T11:43:08.920-03:00,436,0,0,58,3374,2603,34016,3500,0,40000,0x07
2026-09-06T11:43:08.940-03:00,437,0,0,58,3374,2603,34016,3500,0,40000,0x07
2026-09-06T11:43:08.958-03:00,438,0,0,60,3374,2833,33039,3500,0,40000,0x07
2026-09-06T11:43:08.978-03:00,439,0,0,60,3374,2833,33039,3500,0,40000,0x07
2026-09-06T11:43:08.995-03:00,440,0,0,60,3374,2833,33039,3500,0,40000,0x07
2026-09-06T11:43:09.020-03:00,441,0,0,58,3374,2776,33283,3500,0,40000,0x07
2026-09-06T11:43:09.038-03:00,442,0,0,58,3374,2776,33283,3500,0,40000,0x07
2026-09-06T11:43:09.056-03:00,443,0,0,58,3374,2776,33283,3500,0,40000,0x07
2026-09-06T11:43:09.079-03:00,444,0,0,51,3374,2588,34080,3500,0,40000,0x07
2026-09-06T11:43:09.097-03:00,445,0,0,51,3374,2588,34080,3500,0,40000,0x07
2026-09-06T11:43:09.119-03:00,446,0,0,53,3374,2792,33213,3500,0,40000,0x07
2026-09-06T11:43:09.137-03:00,447,0,0,53,3374,2792,33213,3500,0,40000,0x07
2026-09-06T11:43:09.160-03:00,448,0,0,53,3374,2792,33213,3500,0,40000,0x07
2026-09-06T11:43:09.178-03:00,449,0,0,58,3374,2793,33210,3500,0,40000,0x07
2026-09-06T11:43:09.197-03:00,450,0,0,58,3374,2793,33210,3500,0,40000,0x07
2026-09-06T11:43:09.217-03:00,451,0,0,58,3374,2793,33210,3500,0,40000,0x07
2026-09-06T11:43:09.239-03:00,452,0,0,61,3374,2705,33585,3500,0,40000,0x07
2026-09-06T11:43:09.256-03:00,453,0,0,61,3374,2705,33585,3500,0,40000,0x07
2026-09-06T11:43:09.279-03:00,454,0,0,61,3374,2705,33585,3500,0,40000,0x07
2026-09-06T11:43:09.297-03:00,455,0,0,50,3374,2620,33946,3500,0,40000,0x07
2026-09-06T11:43:09.321-03:00,456,0,0,50,3374,2620,33946,3500,0,40000,0x07
2026-09-06T11:43:09.339-03:00,457,0,0,53,3374,2717,33533,3500,0,40000,0x07
2026-09-06T11:43:09.357-03:00,458,0,0,53,3374,2717,33533,3500,0,40000,0x07
2026-09-06T11:43:09.380-03:00,459,0,0,53,3374,2717,33533,3500,0,40000,0x07
2026-09-06T11:43:09.398-03:00,460,0,0,59,3374,2814,33123,3500,0,40000,0x07
2026-09-06T11:43:09.416-03:00,461,0,0,59,3374,2814,33123,3500,0,40000,0x07
2026-09-06T11:43:09.439-03:00,462,0,0,59,3374,2814,33123,3500,0,40000,0x07
2026-09-06T11:43:09.457-03:00,463,0,0,59,3374,2644,33843,3500,0,40000,0x07
2026-09-06T11:43:09.480-03:00,464,0,0,59,3374,2644,33843,3500,0,40000,0x07
2026-09-06T11:43:09.498-03:00,465,0,0,59,3374,2644,33843,3500,0,40000,0x07
2026-09-06T11:43:09.516-03:00,466,0,0,59,3374,2644,33843,3500,0,40000,0x07
2026-09-06T11:43:09.536-03:00,467,0,0,59,3374,2644,33843,3500,0,40000,0x07
2026-09-06T11:43:09.559-03:00,468,0,0,59,3374,2644,33843,3500,0,40000,0x07
2026-09-06T11:43:09.578-03:00,469,0,0,60,3374,2833,33039,3500,0,40000,0x07
2026-09-06T11:43:09.598-03:00,470,0,0,60,3374,2833,33039,3500,0,40000,0x07
2026-09-06T11:43:09.640-03:00,471,0,0,60,3374,2833,33039,3500,0,40000,0x07
2026-09-06T11:43:09.640-03:00,472,0,0,61,3374,2721,33515,3500,0,40000,0x07
2026-09-06T11:43:09.657-03:00,473,0,0,61,3374,2721,33515,3500,0,40000,0x07
2026-09-06T11:43:09.678-03:00,474,0,0,61,3374,2721,33515,3500,0,40000,0x07
2026-09-06T11:43:09.698-03:00,475,0,0,59,3374,2746,33411,3500,0,40000,0x07
2026-09-06T11:43:09.720-03:00,476,0,0,59,3374,2746,33411,3500,0,40000,0x07
2026-09-06T11:43:09.738-03:00,477,0,0,59,3374,2746,33411,3500,0,40000,0x07
2026-09-06T11:43:09.756-03:00,478,0,0,58,3374,2707,33576,3500,0,40000,0x07
2026-09-06T11:43:09.779-03:00,479,0,0,58,3374,2707,33576,3500,0,40000,0x07
2026-09-06T11:43:09.798-03:00,480,0,0,58,3374,2707,33576,3500,0,40000,0x07
2026-09-06T11:43:09.816-03:00,481,0,0,59,3374,2644,33843,3500,0,40000,0x07
2026-09-06T11:43:09.836-03:00,482,0,0,59,3374,2644,33843,3500,0,40000,0x07
2026-09-06T11:43:09.859-03:00,483,0,0,59,3374,2644,33843,3500,0,40000,0x07
2026-09-06T11:43:09.877-03:00,484,0,0,59,3374,2847,32979,3500,0,40000,0x07
2026-09-06T11:43:09.900-03:00,485,0,0,59,3374,2847,32979,3500,0,40000,0x07
2026-09-06T11:43:09.918-03:00,486,0,0,59,3374,2847,32979,3500,0,40000,0x07
2026-09-06T11:43:09.959-03:00,487,0,0,53,3374,2604,34014,3500,0,40000,0x07
2026-09-06T11:43:09.959-03:00,488,0,0,53,3374,2604,34014,3500,0,40000,0x07
2026-09-06T11:43:09.978-03:00,489,0,0,61,3374,2377,34978,3500,0,40000,0x07
2026-09-06T11:43:09.996-03:00,490,0,0,61,3374,2377,34978,3500,0,40000,0x07
2026-09-06T11:43:10.019-03:00,491,0,0,61,3374,2377,34978,3500,0,40000,0x07
2026-09-06T11:43:10.037-03:00,492,0,0,61,3374,2836,33027,3500,0,40000,0x07
2026-09-06T11:43:10.056-03:00,493,0,0,61,3374,2836,33027,3500,0,40000,0x07
2026-09-06T11:43:10.079-03:00,494,0,0,61,3374,2836,33027,3500,0,40000,0x07
2026-09-06T11:43:10.097-03:00,495,0,0,60,3374,2667,33747,3500,0,40000,0x07
2026-09-06T11:43:10.117-03:00,496,0,0,60,3374,2667,33747,3500,0,40000,0x07
2026-09-06T11:43:10.160-03:00,497,0,0,60,3374,2667,33747,3500,0,40000,0x07
2026-09-06T11:43:10.203-03:00,498,0,0,59,3374,2847,32979,3500,0,40000,0x07
2026-09-06T11:43:10.248-03:00,499,0,0,59,3374,2847,32979,3500,0,40000,0x07
2026-09-06T11:43:10.292-03:00,500,0,0,50,3374,2660,33776,3500,0,40000,0x07
2026-09-06T11:43:10.335-03:00,501,0,0,50,0,0,0,0,0,0,0x03
