timestamp,sequence,team,robot_id,interval_ms,left_target_eps,left_measured_eps,left_duty,right_target_eps,right_measured_eps,right_duty,flags
2026-09-06T08:39:40.284,140,0,2,51,234,0,6394,1507,0,21377,0x07
2026-09-06T08:39:40.335,141,0,2,52,240,0,6465,1502,0,21303,0x07
2026-09-06T08:39:40.399,142,0,2,51,0,0,0,0,0,0,0x03
2026-09-06T08:39:40.464,143,0,2,51,0,0,5453,0,0,14911,0x07
2026-09-06T08:39:40.529,144,0,2,50,0,0,0,0,0,0,0x03
2026-09-06T08:39:40.593,0,0,2,51,0,0,0,0,0,0,0x03
2026-09-06T08:39:40.674,1,0,2,51,0,0,0,0,0,0,0x03
2026-09-06T08:39:40.723,2,0,2,51,0,0,0,0,0,0,0x03
2026-09-06T08:39:40.805,3,0,2,50,0,0,0,0,0,0,0x03
2026-09-06T08:39:40.869,4,0,2,52,0,0,0,0,0,0,0x03
2026-09-06T08:39:40.934,5,0,2,50,0,0,0,0,0,0,0x03
2026-09-06T08:39:40.999,6,0,2,51,0,0,0,0,0,0,0x03
2026-09-06T08:39:41.064,7,0,2,51,0,0,0,0,0,0,0x03
2026-09-06T08:39:41.128,8,0,2,51,0,0,0,0,0,0,0x03
2026-09-06T08:39:41.209,9,0,2,52,0,0,0,0,0,0,0x03
2026-09-06T08:39:41.274,10,0,2,52,0,0,0,0,0,0,0x03
2026-09-06T08:39:41.339,11,0,2,53,0,0,0,0,0,0,0x03
2026-09-06T08:39:41.404,12,0,2,51,0,0,0,0,0,0,0x03
2026-09-06T08:39:41.468,13,0,2,51,0,0,0,0,0,0,0x03
2026-09-06T08:39:41.533,14,0,2,50,0,0,0,0,0,0,0x03
2026-09-06T08:39:41.598,15,0,2,50,0,0,0,0,0,0,0x03
2026-09-06T08:39:41.663,16,0,2,52,0,0,0,0,0,0,0x03
2026-09-06T08:39:41.728,17,0,2,50,0,0,0,0,0,0,0x03
2026-09-06T08:39:41.809,18,0,2,51,0,0,0,0,0,0,0x03
2026-09-06T08:39:41.873,19,0,2,50,0,0,0,0,0,0,0x03
2026-09-06T08:39:41.938,20,0,2,52,0,0,0,0,0,0,0x03
2026-09-06T08:39:42.003,21,0,2,51,0,0,0,0,0,0,0x03
2026-09-06T08:39:42.068,22,0,2,52,0,0,0,0,0,0,0x03
2026-09-06T08:39:42.133,23,0,2,52,0,0,0,0,0,0,0x03
2026-09-06T08:39:42.214,24,0,2,52,0,0,0,0,0,0,0x03
2026-09-06T08:39:42.279,25,0,2,51,0,0,0,0,0,0,0x03
2026-09-06T08:39:42.343,26,0,2,51,0,0,0,0,0,0,0x03
2026-09-06T08:39:42.408,27,0,2,50,0,0,0,0,0,0,0x03
2026-09-06T08:39:42.472,28,0,2,50,0,0,0,0,0,0,0x03
2026-09-06T08:39:42.537,29,0,2,50,0,0,0,0,0,0,0x03
2026-09-06T08:39:42.602,30,0,2,52,0,0,0,0,0,0,0x03
2026-09-06T08:39:42.682,31,0,2,51,0,0,0,0,0,0,0x03
2026-09-06T08:39:42.747,32,0,2,52,0,0,0,0,0,0,0x03
2026-09-06T08:39:42.812,33,0,2,50,0,0,0,0,0,0,0x03
2026-09-06T08:39:42.877,34,0,2,50,0,0,0,0,0,0,0x03
2026-09-06T08:39:42.942,35,0,2,50,0,0,0,0,0,0,0x03
2026-09-06T08:39:43.007,36,0,2,50,0,0,0,0,0,0,0x03
2026-09-06T08:39:43.072,37,0,2,52,0,0,0,0,0,0,0x03
2026-09-06T08:39:43.136,38,0,2,50,0,0,0,0,0,0,0x03
2026-09-06T08:39:43.217,39,0,2,50,0,0,0,0,0,0,0x03
2026-09-06T08:39:43.282,40,0,2,50,0,0,0,0,0,0,0x03
2026-09-06T08:39:43.347,41,0,2,51,0,0,0,0,0,0,0x03
2026-09-06T08:39:43.412,42,0,2,53,0,0,0,0,0,0,0x03
2026-09-06T08:39:43.477,43,0,2,51,0,0,0,0,0,0,0x03
2026-09-06T08:39:43.541,44,0,2,50,0,0,0,0,0,0,0x03
2026-09-06T08:39:43.606,45,0,2,51,0,0,0,0,0,0,0x03
2026-09-06T08:39:43.687,46,0,2,50,0,0,0,0,0,0,0x03
2026-09-06T08:39:43.752,47,0,2,52,0,0,0,0,0,0,0x03
2026-09-06T08:39:43.817,48,0,2,52,0,0,0,0,0,0,0x03
2026-09-06T08:39:43.882,49,0,2,50,0,0,0,0,0,0,0x03
2026-09-06T08:39:43.946,50,0,2,51,0,0,0,0,0,0,0x03
2026-09-06T08:39:44.011,51,0,2,50,0,0,0,0,0,0,0x03
2026-09-06T08:39:44.076,52,0,2,52,0,0,0,0,0,0,0x03
2026-09-06T08:39:44.141,53,0,2,52,0,0,0,0,0,0,0x03
2026-09-06T08:39:44.222,54,0,2,51,0,0,0,0,0,0,0x03
2026-09-06T08:39:44.287,55,0,2,50,0,0,0,0,0,0,0x03
2026-09-06T08:39:44.352,56,0,2,50,0,0,0,0,0,0,0x03
2026-09-06T08:39:44.417,57,0,2,50,0,0,0,0,0,0,0x03
2026-09-06T08:39:44.482,58,0,2,54,0,0,0,0,0,0,0x03
2026-09-06T08:39:44.548,59,0,2,51,0,0,0,0,0,0,0x03
2026-09-06T08:39:44.613,60,0,2,51,0,0,0,0,0,0,0x03
2026-09-06T08:39:44.678,61,0,2,52,0,0,0,0,0,0,0x03
2026-09-06T08:39:44.759,62,0,2,50,0,0,0,0,0,0,0x03
2026-09-06T08:39:44.808,63,0,2,50,0,0,0,0,0,0,0x03
2026-09-06T08:39:44.889,64,0,2,52,0,0,0,0,0,0,0x03
2026-09-06T08:39:44.954,65,0,2,50,0,0,0,0,0,0,0x03
2026-09-06T08:39:45.019,66,0,2,52,0,0,0,0,0,0,0x03
2026-09-06T08:39:45.084,67,0,2,51,0,0,0,0,0,0,0x03
2026-09-06T08:39:45.149,68,0,2,54,0,0,0,0,0,0,0x03
2026-09-06T08:39:45.280,69,0,2,51,0,0,0,0,0,0,0x03
2026-09-06T08:39:45.345,70,0,2,51,0,0,0,0,0,0,0x03
2026-09-06T08:39:45.426,71,0,2,51,0,0,0,0,0,0,0x03
2026-09-06T08:39:45.491,72,0,2,50,0,0,0,0,0,0,0x03
2026-09-06T08:39:45.555,73,0,2,50,0,0,0,0,0,0,0x03
2026-09-06T08:39:45.620,75,0,2,50,0,0,0,0,0,0,0x03
2026-09-06T08:39:45.685,76,0,2,51,0,0,0,0,0,0,0x03
2026-09-06T08:39:45.751,77,0,2,52,0,0,0,0,0,0,0x03
2026-09-06T08:39:45.815,78,0,2,53,0,0,0,0,0,0,0x03
2026-09-06T08:39:45.880,79,0,2,52,0,0,0,0,0,0,0x03
2026-09-06T08:39:45.961,80,0,2,50,0,0,0,0,0,0,0x03
2026-09-06T08:39:46.026,81,0,2,51,0,0,0,0,0,0,0x03
2026-09-06T08:39:46.090,82,0,2,53,0,0,0,0,0,0,0x03
2026-09-06T08:39:46.155,83,0,2,52,0,0,0,0,0,0,0x03
2026-09-06T08:39:46.220,84,0,2,50,0,0,0,0,0,0,0x03
2026-09-06T08:39:46.284,85,0,2,50,0,0,0,0,0,0,0x03
2026-09-06T08:39:46.366,86,0,2,50,0,0,0,0,0,0,0x03
2026-09-06T08:39:46.431,87,0,2,50,0,0,0,0,0,0,0x03
2026-09-06T08:39:46.496,88,0,2,52,0,0,0,0,0,0,0x03
2026-09-06T08:39:46.561,89,0,2,50,0,0,0,0,0,0,0x03
2026-09-06T08:39:46.626,90,0,2,51,0,0,0,0,0,0,0x03
2026-09-06T08:39:46.690,91,0,2,55,0,0,0,0,0,0,0x03
2026-09-06T08:39:46.755,92,0,2,50,0,0,0,0,0,0,0x03
2026-09-06T08:39:46.820,93,0,2,52,0,0,0,0,0,0,0x03
2026-09-06T08:39:46.885,94,0,2,50,0,0,0,0,0,0,0x03
2026-09-06T08:39:46.966,95,0,2,50,0,0,0,0,0,0,0x03
2026-09-06T08:39:47.031,96,0,2,50,0,0,0,0,0,0,0x03
2026-09-06T08:39:47.095,97,0,2,50,0,0,0,0,0,0,0x03
2026-09-06T08:39:47.160,98,0,2,52,0,0,0,0,0,0,0x03
2026-09-06T08:39:47.225,99,0,2,52,0,0,0,0,0,0,0x03
2026-09-06T08:39:47.290,100,0,2,51,0,0,0,0,0,0,0x03
2026-09-06T08:39:47.371,101,0,2,53,0,0,0,0,0,0,0x03
2026-09-06T08:39:47.420,102,0,2,52,0,0,0,0,0,0,0x03
2026-09-06T08:39:47.565,103,0,2,50,0,0,0,0,0,0,0x03
2026-09-06T08:39:47.630,104,0,2,50,0,0,0,0,0,0,0x03
2026-09-06T08:39:47.696,105,0,2,50,0,0,30719,0,0,31098,0x07
2026-09-06T08:39:47.761,106,0,2,56,3370,357,40000,3500,1089,40000,0x07
2026-09-06T08:39:47.826,107,0,2,52,3370,750,40000,3500,1923,37800,0x07
2026-09-06T08:39:47.907,109,0,2,50,3370,1060,40000,3500,1980,37558,0x07
2026-09-06T08:39:47.956,110,0,2,50,3372,1100,40000,3500,1420,39938,0x07
2026-09-06T08:39:48.037,111,0,2,57,3289,1754,36580,3500,1860,38069,0x07
2026-09-06T08:39:48.102,112,0,2,51,3289,1725,36703,3500,1863,38056,0x07
2026-09-06T08:39:48.167,113,0,2,50,3172,1480,36296,3500,1940,37728,0x07
2026-09-06T08:39:48.232,114,0,2,55,2375,2000,24275,2998,1545,33210,0x07
2026-09-06T08:39:48.297,115,0,2,51,2375,1686,25608,2998,1627,32861,0x07
2026-09-06T08:39:48.362,116,0,2,51,1423,1804,13373,2257,1804,22964,0x07
2026-09-06T08:39:48.427,117,0,2,51,335,1490,1308,1402,1725,12744,0x07
2026-09-06T08:39:48.492,118,0,2,52,160,885,1724,1584,1712,15045,0x07
2026-09-06T08:39:48.573,119,0,2,52,160,1019,1151,1584,1654,15290,0x07
2026-09-06T08:39:48.703,120,0,2,51,165,843,1962,1578,1490,15920,0x07
2026-09-06T08:39:48.768,121,0,2,51,180,647,2974,1563,1392,16152,0x07
2026-09-06T08:39:48.833,122,0,2,50,215,500,4032,1527,1300,16094,0x07
2026-09-06T08:39:48.898,123,0,2,51,300,431,5367,1439,1216,15368,0x07
2026-09-06T08:39:48.963,124,0,2,51,360,373,6362,1377,1157,14845,0x07
2026-09-06T08:39:49.028,126,0,2,51,467,451,7350,1265,1098,13721,0x07
2026-09-06T08:39:49.109,127,0,2,50,647,560,9107,1078,1200,10980,0x07
2026-09-06T08:39:49.174,128,0,2,53,1833,208,25217,2077,981,24236,0x07
2026-09-06T08:39:49.239,129,0,2,51,1833,431,24266,2077,1039,23989,0x07
2026-09-06T08:39:49.305,130,0,2,51,2598,686,32598,2746,922,32746,0x07
2026-09-06T08:39:49.370,131,0,2,58,3374,1345,39365,3372,1224,39184,0x07
2026-09-06T08:39:49.435,132,0,2,52,3374,1577,38379,3372,1481,38094,0x07
2026-09-06T08:39:49.500,133,0,2,50,3374,1600,38280,3412,1760,37413,0x07
2026-09-06T08:39:49.565,134,0,2,51,3374,1667,37997,3336,1667,36860,0x07
2026-09-06T08:39:49.645,135,0,2,54,3324,1741,37067,3305,1648,36562,0x07
2026-09-06T08:39:49.710,136,0,2,50,3324,1860,36560,3305,1620,36681,0x07
2026-09-06T08:39:49.776,137,0,2,52,3321,1712,37158,3385,1692,37359,0x07
2026-09-06T08:39:49.841,138,0,2,67,3301,1806,36506,3500,1940,37727,0x07
2026-09-06T08:39:49.906,139,0,2,56,3088,1821,33818,3500,2036,37321,0x07
2026-09-06T08:39:49.971,140,0,2,50,3088,1380,35694,3500,2000,37473,0x07
2026-09-06T08:39:50.182,141,0,2,52,0,0,6300,2466,2096,24306,0x07
2026-09-06T08:39:50.231,142,0,2,51,0,0,30741,1196,2137,8444,0x07
2026-09-06T08:39:50.312,143,0,2,57,2111,2158,20354,1428,1298,14874,0x07
2026-09-06T08:39:50.377,144,0,2,56,-1454,-125,20891,2727,71,36130,0x07
2026-09-06T08:39:50.442,145,0,2,56,0,0,9914,2727,71,36130,0x07
2026-09-06T08:39:50.507,148,0,2,50,794,1480,6997,815,1660,5772,0x07
2026-09-06T08:39:50.573,149,0,2,51,244,1059,2019,1399,804,16625,0x07
2026-09-06T08:39:50.638,150,0,2,50,225,560,3901,1517,1180,16474,0x07
2026-09-06T08:39:50.703,151,0,2,50,224,680,3379,1518,1180,16487,0x07
2026-09-06T08:39:50.768,152,0,2,52,226,442,4418,1516,1000,17226,0x07
2026-09-06T08:39:50.849,153,0,2,52,504,404,8003,1227,1096,13258,0x07
2026-09-06T08:39:50.914,154,0,2,51,295,549,4813,1444,1059,16091,0x07
2026-09-06T08:39:50.979,155,0,2,50,353,380,6238,1384,1180,14841,0x07
2026-09-06T08:39:51.044,156,0,2,50,407,420,6742,1328,1060,14651,0x07
2026-09-06T08:39:51.109,157,0,2,56,535,232,9111,1195,1036,13121,0x07
2026-09-06T08:39:51.174,158,0,2,51,535,196,9264,1195,980,13356,0x07
2026-09-06T08:39:51.239,159,0,2,50,550,260,9176,1180,980,13168,0x07
2026-09-06T08:39:51.303,160,0,2,51,617,294,9863,1110,941,12469,0x07
2026-09-06T08:39:51.385,161,0,2,56,1694,339,22935,2034,768,24607,0x07
2026-09-06T08:39:51.449,162,0,2,51,1694,588,21877,2034,1020,23537,0x07
2026-09-06T08:39:51.515,163,0,2,51,2195,745,27393,2494,1078,28977,0x07
2026-09-06T08:39:51.579,164,0,2,58,3120,1224,36747,3228,1293,37116,0x07
2026-09-06T08:39:51.644,165,0,2,51,3120,1588,35200,3228,1588,35862,0x07
2026-09-06T08:39:51.709,166,0,2,52,2660,1788,28687,1928,1654,19537,0x07
2026-09-06T08:39:51.774,167,0,2,50,1863,1680,19321,1391,1360,14154,0x07
2026-09-06T08:39:51.854,168,0,2,54,797,1667,6245,-256,-56,5696,0x07
2026-09-06T08:39:51.919,169,0,2,50,797,1120,8568,-256,-20,5847,0x07
2026-09-06T08:39:51.984,170,0,2,51,1091,1314,11373,-544,-98,9066,0x07
2026-09-06T08:39:52.048,171,0,2,50,1137,1300,11989,0,0,3035,0x07
2026-09-06T08:39:52.113,172,0,2,52,1269,1212,13999,33,135,2603,0x07
2026-09-06T08:39:52.178,173,0,2,52,1359,846,16662,340,77,6637,0x07
2026-09-06T08:39:52.258,174,0,2,51,1319,961,15680,382,314,6145,0x07
2026-09-06T08:39:52.307,175,0,2,51,1259,843,15431,445,471,6261,0x07
2026-09-06T08:39:52.388,176,0,2,52,1213,808,15017,492,288,7622,0x07
2026-09-06T08:39:52.452,177,0,2,51,1095,745,13836,614,294,9097,0x07
2026-09-06T08:39:52.517,178,0,2,51,1095,745,13836,614,294,9097,0x07
2026-09-06T08:39:52.582,179,0,2,50,1047,820,12928,695,400,9649,0x07
2026-09-06T08:39:52.647,180,0,2,51,1046,863,12734,683,431,9365,0x07
2026-09-06T08:39:52.681,181,0,2,54,1403,926,16859,933,463,12324,0x07
