timestamp,sequence,team,robot_id,interval_ms,left_target_eps,left_measured_eps,left_duty,right_target_eps,right_measured_eps,right_duty,flags
2026-09-06T18:52:44.180-03:00,502,0,1,50,0,0,0,0,0,0,0x03
2026-09-06T18:52:44.198-03:00,503,0,1,50,0,0,0,0,0,0,0x03
2026-09-06T18:52:44.221-03:00,65535,0,1,50,0,0,0,0,0,0,0x0b
2026-09-06T18:52:44.257-03:00,65535,0,1,50,0,0,0,0,0,0,0x0b
2026-09-06T18:52:44.257-03:00,1,0,1,50,0,0,30741,0,0,31098,0x07
2026-09-06T18:52:44.280-03:00,2,0,1,54,3374,37,40000,3500,37,40000,0x07
2026-09-06T18:52:44.298-03:00,3,0,1,54,3374,37,40000,3500,37,40000,0x07
2026-09-06T18:52:44.318-03:00,4,0,1,55,3374,2509,34417,3500,2145,36855,0x07
2026-09-06T18:52:44.337-03:00,5,0,1,55,3374,2509,34417,3500,2145,36855,0x07
2026-09-06T18:52:44.396-03:00,6,0,1,55,3374,2509,34417,3500,2145,36855,0x07
2026-09-06T18:52:44.396-03:00,7,0,1,51,3374,4098,27664,3500,3784,29890,0x07
2026-09-06T18:52:44.420-03:00,8,0,1,51,3374,4098,27664,3500,3784,29890,0x07
2026-09-06T18:52:44.438-03:00,9,0,1,50,3374,4020,27996,3500,3900,29398,0x07
2026-09-06T18:52:44.461-03:00,10,0,1,50,3374,4020,27996,3500,3900,29398,0x07
2026-09-06T18:52:44.481-03:00,12,0,1,51,3374,3588,29830,3500,3608,30640,0x07
2026-09-06T18:52:44.499-03:00,13,0,1,51,3374,3588,29830,3500,3608,30640,0x07
2026-09-06T18:52:44.518-03:00,14,0,1,51,3374,3608,29747,3500,3451,31306,0x07
2026-09-06T18:52:44.536-03:00,15,0,1,51,3374,3608,29747,3500,3451,31306,0x07
2026-09-06T18:52:44.558-03:00,16,0,1,51,3374,3608,29747,3500,3451,31306,0x07
2026-09-06T18:52:44.580-03:00,17,0,1,58,3374,3621,29693,3500,3328,31831,0x07
2026-09-06T18:52:44.597-03:00,18,0,1,58,3374,3621,29693,3500,3328,31831,0x07
2026-09-06T18:52:44.620-03:00,19,0,1,50,3374,3680,29440,3500,3440,31353,0x07
2026-09-06T18:52:44.658-03:00,20,0,1,50,3374,3680,29440,3500,3440,31353,0x07
2026-09-06T18:52:44.658-03:00,21,0,1,50,3374,3680,29440,3500,3440,31353,0x07
2026-09-06T18:52:44.676-03:00,22,0,1,53,3374,3717,29283,3500,3623,30577,0x07
2026-09-06T18:52:44.700-03:00,23,0,1,53,3374,3717,29283,3500,3623,30577,0x07
2026-09-06T18:52:44.717-03:00,24,0,1,53,3374,3717,29283,3500,3623,30577,0x07
2026-09-06T18:52:44.740-03:00,25,0,1,56,3374,3643,29598,3500,3482,31174,0x07
2026-09-06T18:52:44.758-03:00,26,0,1,56,3374,3643,29598,3500,3482,31174,0x07
2026-09-06T18:52:44.800-03:00,27,0,1,56,3374,3643,29598,3500,3482,31174,0x07
2026-09-06T18:52:44.800-03:00,28,0,1,51,3374,3667,29497,3500,3529,30973,0x07
2026-09-06T18:52:44.838-03:00,29,0,1,51,3374,3667,29497,3500,3529,30973,0x07
2026-09-06T18:52:44.838-03:00,30,0,1,51,3374,3667,29497,3500,3529,30973,0x07
2026-09-06T18:52:44.858-03:00,31,0,1,56,3374,3679,29447,3500,3446,31326,0x07
2026-09-06T18:52:44.880-03:00,32,0,1,56,3374,3679,29447,3500,3446,31326,0x07
2026-09-06T18:52:44.898-03:00,33,0,1,52,3374,3731,29225,3500,3500,31098,0x07
2026-09-06T18:52:44.916-03:00,34,0,1,52,3374,3731,29225,3500,3500,31098,0x07
2026-09-06T18:52:44.939-03:00,35,0,1,52,3374,3731,29225,3500,3500,31098,0x07
2026-09-06T18:52:44.959-03:00,36,0,1,50,3374,3600,29780,3500,3420,31438,0x07
2026-09-06T18:52:44.976-03:00,37,0,1,50,3374,3600,29780,3500,3420,31438,0x07
2026-09-06T18:52:44.999-03:00,38,0,1,53,3374,3717,29283,3500,3472,31218,0x07
2026-09-06T18:52:45.021-03:00,39,0,1,53,3374,3717,29283,3500,3472,31218,0x07
2026-09-06T18:52:45.039-03:00,40,0,1,53,3374,3717,29283,3500,3472,31218,0x07
2026-09-06T18:52:45.061-03:00,41,0,1,50,3374,3680,29440,3500,3480,31183,0x07
2026-09-06T18:52:45.079-03:00,42,0,1,50,3374,3680,29440,3500,3480,31183,0x07
2026-09-06T18:52:45.099-03:00,43,0,1,50,3374,3680,29440,3500,3480,31183,0x07
2026-09-06T18:52:45.117-03:00,44,0,1,56,3374,3607,29750,3500,3429,31402,0x07
2026-09-06T18:52:45.137-03:00,45,0,1,56,3374,3607,29750,3500,3429,31402,0x07
2026-09-06T18:52:45.160-03:00,46,0,1,53,3374,3755,29123,3500,3491,31138,0x07
2026-09-06T18:52:45.178-03:00,47,0,1,53,3374,3755,29123,3500,3491,31138,0x07
2026-09-06T18:52:45.197-03:00,48,0,1,53,3374,3755,29123,3500,3491,31138,0x07
2026-09-06T18:52:45.220-03:00,49,0,1,50,3374,3660,29526,3500,3460,31268,0x07
2026-09-06T18:52:45.237-03:00,50,0,1,50,3374,3660,29526,3500,3460,31268,0x07
2026-09-06T18:52:45.257-03:00,51,0,1,50,3374,3660,29526,3500,3460,31268,0x07
2026-09-06T18:52:45.280-03:00,52,0,1,56,3374,3589,29826,3500,3429,31402,0x07
2026-09-06T18:52:45.298-03:00,53,0,1,56,3374,3589,29826,3500,3429,31402,0x07
2026-09-06T18:52:45.316-03:00,54,0,1,52,3374,3750,29143,3500,3500,31098,0x07
2026-09-06T18:52:45.338-03:00,55,0,1,52,3374,3750,29143,3500,3500,31098,0x07
2026-09-06T18:52:45.358-03:00,56,0,1,52,3374,3750,29143,3500,3500,31098,0x07
2026-09-06T18:52:45.376-03:00,57,0,1,50,3374,3680,29440,3500,3500,31098,0x07
2026-09-06T18:52:45.399-03:00,58,0,1,50,3374,3680,29440,3500,3500,31098,0x07
2026-09-06T18:52:45.416-03:00,59,0,1,52,3374,3577,29879,3500,3404,31507,0x07
2026-09-06T18:52:45.439-03:00,60,0,1,52,3374,3577,29879,3500,3404,31507,0x07
2026-09-06T18:52:45.457-03:00,61,0,1,52,3374,3577,29879,3500,3404,31507,0x07
2026-09-06T18:52:45.477-03:00,62,0,1,57,3374,3772,29050,3500,3526,30986,0x07
2026-09-06T18:52:45.497-03:00,63,0,1,57,3374,3772,29050,3500,3526,30986,0x07
2026-09-06T18:52:45.519-03:00,64,0,1,57,3374,3772,29050,3500,3526,30986,0x07
2026-09-06T18:52:45.537-03:00,65,0,1,51,3374,3667,29497,3500,3510,31056,0x07
2026-09-06T18:52:45.557-03:00,66,0,1,51,3374,3667,29497,3500,3510,31056,0x07
2026-09-06T18:52:45.576-03:00,67,0,1,52,3374,3654,29552,3500,3462,31261,0x07
2026-09-06T18:52:45.596-03:00,68,0,1,52,3374,3654,29552,3500,3462,31261,0x07
2026-09-06T18:52:45.616-03:00,69,0,1,52,3374,3654,29552,3500,3462,31261,0x07
2026-09-06T18:52:45.639-03:00,70,0,1,50,3374,3660,29526,3500,3440,31353,0x07
2026-09-06T18:52:45.658-03:00,71,0,1,50,3374,3660,29526,3500,3440,31353,0x07
2026-09-06T18:52:45.678-03:00,72,0,1,50,3374,3660,29526,3500,3440,31353,0x07
2026-09-06T18:52:45.701-03:00,73,0,1,56,3374,3661,29522,3500,3518,31022,0x07
2026-09-06T18:52:45.737-03:00,74,0,1,56,3374,3661,29522,3500,3518,31022,0x07
2026-09-06T18:52:45.737-03:00,75,0,1,52,3374,3654,29552,3500,3500,31098,0x07
2026-09-06T18:52:45.760-03:00,76,0,1,52,3374,3654,29552,3500,3500,31098,0x07
2026-09-06T18:52:45.776-03:00,77,0,1,52,3374,3654,29552,3500,3500,31098,0x07
2026-09-06T18:52:45.801-03:00,78,0,1,61,3374,3672,29474,3500,3541,30924,0x07
2026-09-06T18:52:45.817-03:00,79,0,1,61,3374,3672,29474,3500,3541,30924,0x07
2026-09-06T18:52:45.857-03:00,80,0,1,61,3374,3672,29474,3500,3541,30924,0x07
2026-09-06T18:52:45.857-03:00,81,0,1,50,3374,3700,29356,3500,3580,30758,0x07
2026-09-06T18:52:45.877-03:00,82,0,1,50,3374,3700,29356,3500,3580,30758,0x07
2026-09-06T18:52:45.900-03:00,83,0,1,51,3374,3647,29580,3500,3529,30973,0x07
2026-09-06T18:52:45.918-03:00,84,0,1,51,3374,3647,29580,3500,3529,30973,0x07
2026-09-06T18:52:45.937-03:00,85,0,1,51,3374,3647,29580,3500,3529,30973,0x07
2026-09-06T18:52:45.960-03:00,86,0,1,51,3374,3667,29497,3500,3549,30890,0x07
2026-09-06T18:52:45.977-03:00,87,0,1,51,3374,3667,29497,3500,3549,30890,0x07
2026-09-06T18:52:45.997-03:00,88,0,1,51,3374,3667,29497,3500,3549,30890,0x07
2026-09-06T18:52:46.021-03:00,89,0,1,56,3374,3643,29557,3500,3554,30869,0x07
2026-09-06T18:52:46.038-03:00,90,0,1,56,3374,3643,29557,3500,3554,30869,0x07
2026-09-06T18:52:46.078-03:00,91,0,1,62,3374,3677,29410,3500,3581,30754,0x07
2026-09-06T18:52:46.098-03:00,92,0,1,62,3374,3677,29410,3500,3581,30754,0x07
2026-09-06T18:52:46.121-03:00,93,0,1,62,3374,3677,29410,3500,3581,30754,0x07
2026-09-06T18:52:46.139-03:00,94,0,1,50,3374,3720,29230,3500,3600,30672,0x07
2026-09-06T18:52:46.157-03:00,95,0,1,50,3374,3720,29230,3500,3600,30672,0x07
2026-09-06T18:52:46.180-03:00,97,0,1,51,3374,3627,29623,3500,3549,30889,0x07
2026-09-06T18:52:46.197-03:00,98,0,1,51,3374,3627,29623,3500,3549,30889,0x07
2026-09-06T18:52:46.217-03:00,99,0,1,51,3374,3608,29706,3500,3529,30972,0x07
2026-09-06T18:52:46.238-03:00,100,0,1,51,3374,3608,29706,3500,3529,30972,0x07
2026-09-06T18:52:46.256-03:00,101,0,1,51,3374,3608,29706,3500,3529,30972,0x07
2026-09-06T18:52:46.278-03:00,102,0,1,59,3374,3695,29336,3500,3542,30917,0x07
2026-09-06T18:52:46.297-03:00,103,0,1,59,3374,3695,29336,3500,3542,30917,0x07
2026-09-06T18:52:46.316-03:00,104,0,1,59,3374,3695,29336,3500,3542,30917,0x07
2026-09-06T18:52:46.339-03:00,105,0,1,59,3374,3712,29264,3500,3627,30557,0x07
2026-09-06T18:52:46.358-03:00,106,0,1,59,3374,3712,29264,3500,3627,30557,0x07
2026-09-06T18:52:46.376-03:00,107,0,1,59,3374,3712,29264,3500,3627,30557,0x07
2026-09-06T18:52:46.398-03:00,108,0,1,51,3374,3647,29540,3500,3490,31139,0x07
2026-09-06T18:52:46.416-03:00,109,0,1,51,3374,3647,29540,3500,3490,31139,0x07
2026-09-06T18:52:46.439-03:00,110,0,1,50,3374,3660,29484,3500,3500,31097,0x07
2026-09-06T18:52:46.459-03:00,111,0,1,50,3374,3660,29484,3500,3500,31097,0x07
2026-09-06T18:52:46.478-03:00,112,0,1,50,3374,3660,29484,3500,3500,31097,0x07
2026-09-06T18:52:46.500-03:00,113,0,1,51,3374,3647,29540,3500,3529,30972,0x07
2026-09-06T18:52:46.517-03:00,114,0,1,51,3374,3647,29540,3500,3529,30972,0x07
2026-09-06T18:52:46.537-03:00,115,0,1,50,3374,3680,29400,3500,3500,31097,0x07
2026-09-06T18:52:46.560-03:00,116,0,1,50,3374,3680,29400,3500,3500,31097,0x07
2026-09-06T18:52:46.579-03:00,117,0,1,50,3374,3680,29400,3500,3500,31097,0x07
2026-09-06T18:52:46.600-03:00,118,0,1,56,3374,3679,29406,3500,3554,30869,0x07
2026-09-06T18:52:46.617-03:00,119,0,1,56,3374,3679,29406,3500,3554,30869,0x07
2026-09-06T18:52:46.638-03:00,120,0,1,56,3374,3679,29406,3500,3554,30869,0x07
2026-09-06T18:52:46.658-03:00,121,0,1,50,3374,3640,29570,3500,3520,31012,0x07
2026-09-06T18:52:46.677-03:00,122,0,1,50,3374,3640,29570,3500,3520,31012,0x07
2026-09-06T18:52:46.697-03:00,123,0,1,55,3374,3691,29353,3500,3545,30904,0x07
2026-09-06T18:52:46.717-03:00,124,0,1,55,3374,3691,29353,3500,3545,30904,0x07
2026-09-06T18:52:46.739-03:00,125,0,1,55,3374,3691,29353,3500,3545,30904,0x07
2026-09-06T18:52:46.758-03:00,126,0,1,58,3374,3638,29578,3500,3517,31024,0x07
2026-09-06T18:52:46.776-03:00,127,0,1,58,3374,3638,29578,3500,3517,31024,0x07
2026-09-06T18:52:46.801-03:00,128,0,1,58,3374,3638,29578,3500,3517,31024,0x07
2026-09-06T18:52:46.820-03:00,129,0,1,51,3374,3667,29456,3500,3588,30722,0x07
2026-09-06T18:52:46.839-03:00,130,0,1,51,3374,3667,29456,3500,3588,30722,0x07
2026-09-06T18:52:46.859-03:00,131,0,1,52,3374,3712,29265,3500,3558,30852,0x07
2026-09-06T18:52:46.879-03:00,132,0,1,52,3374,3712,29265,3500,3558,30852,0x07
2026-09-06T18:52:46.899-03:00,133,0,1,52,3374,3712,29265,3500,3558,30852,0x07
2026-09-06T18:52:46.918-03:00,134,0,1,58,3374,3621,29652,3500,3483,31170,0x07
2026-09-06T18:52:46.941-03:00,135,0,1,58,3374,3621,29652,3500,3483,31170,0x07
2026-09-06T18:52:46.960-03:00,136,0,1,58,3374,3621,29652,3500,3483,31170,0x07
2026-09-06T18:52:46.978-03:00,137,0,1,58,3374,3690,29358,3500,3569,30804,0x07
2026-09-06T18:52:47.000-03:00,138,0,1,58,3374,3690,29358,3500,3569,30804,0x07
2026-09-06T18:52:47.017-03:00,139,0,1,58,3374,3690,29358,3500,3569,30804,0x07
2026-09-06T18:52:47.037-03:00,140,0,1,50,3374,3680,29400,3500,3480,31182,0x07
2026-09-06T18:52:47.060-03:00,141,0,1,50,3374,3680,29400,3500,3480,31182,0x07
2026-09-06T18:52:47.097-03:00,142,0,1,51,3374,3647,29540,3500,3510,31055,0x07
2026-09-06T18:52:47.098-03:00,143,0,1,51,3374,3647,29540,3500,3510,31055,0x07
2026-09-06T18:52:47.120-03:00,144,0,1,51,3374,3647,29540,3500,3510,31055,0x07
2026-09-06T18:52:47.140-03:00,145,0,1,51,3374,3667,29456,3500,3588,30722,0x07
2026-09-06T18:52:47.157-03:00,146,0,1,51,3374,3667,29456,3500,3588,30722,0x07
2026-09-06T18:52:47.180-03:00,147,0,1,50,3374,3700,29314,3500,3560,30842,0x07
2026-09-06T18:52:47.197-03:00,148,0,1,50,3374,3700,29314,3500,3560,30842,0x07
2026-09-06T18:52:47.220-03:00,149,0,1,50,3374,3700,29314,3500,3560,30842,0x07
2026-09-06T18:52:47.238-03:00,150,0,1,50,3374,3660,29484,3500,3560,30842,0x07
2026-09-06T18:52:47.257-03:00,151,0,1,50,3374,3660,29484,3500,3560,30842,0x07
2026-09-06T18:52:47.279-03:00,152,0,1,50,3374,3600,29740,3500,3480,31182,0x07
2026-09-06T18:52:47.298-03:00,153,0,1,50,3374,3600,29740,3500,3480,31182,0x07
2026-09-06T18:52:47.321-03:00,154,0,1,50,3374,3600,29740,3500,3480,31182,0x07
2026-09-06T18:52:47.339-03:00,155,0,1,51,3374,3686,29373,3500,3549,30889,0x07
2026-09-06T18:52:47.357-03:00,156,0,1,51,3374,3686,29373,3500,3549,30889,0x07
2026-09-06T18:52:47.377-03:00,157,0,1,50,3374,3700,29314,3500,3540,30927,0x07
2026-09-06T18:52:47.400-03:00,158,0,1,50,3374,3700,29314,3500,3540,30927,0x07
2026-09-06T18:52:47.417-03:00,159,0,1,50,3374,3700,29314,3500,3540,30927,0x07
2026-09-06T18:52:47.438-03:00,160,0,1,57,3374,3596,29754,3500,3474,31209,0x07
2026-09-06T18:52:47.460-03:00,161,0,1,57,3374,3596,29754,3500,3474,31209,0x07
2026-09-06T18:52:47.501-03:00,162,0,1,57,3374,3596,29754,3500,3474,31209,0x07
2026-09-06T18:52:47.501-03:00,163,0,1,51,3374,3725,29206,3500,3627,30555,0x07
2026-09-06T18:52:47.519-03:00,164,0,1,51,3374,3725,29206,3500,3627,30555,0x07
2026-09-06T18:52:47.537-03:00,165,0,1,61,3374,3705,29294,3500,3541,30923,0x07
2026-09-06T18:52:47.560-03:00,166,0,1,61,3374,3705,29294,3500,3541,30923,0x07
2026-09-06T18:52:47.578-03:00,167,0,1,61,3374,3705,29294,3500,3541,30923,0x07
2026-09-06T18:52:47.599-03:00,168,0,1,55,3374,3618,29662,3500,3527,30981,0x07
2026-09-06T18:52:47.619-03:00,169,0,1,55,3374,3618,29662,3500,3527,30981,0x07
2026-09-06T18:52:47.659-03:00,170,0,1,55,3374,3618,29662,3500,3527,30981,0x07
2026-09-06T18:52:47.676-03:00,171,0,1,55,3374,3655,29508,3500,3527,30981,0x07
2026-09-06T18:52:47.676-03:00,172,0,1,55,3374,3655,29508,3500,3527,30981,0x07
2026-09-06T18:52:47.696-03:00,173,0,1,55,3374,3655,29508,3500,3527,30981,0x07
2026-09-06T18:52:47.716-03:00,174,0,1,50,3374,3700,29314,3500,3600,30672,0x07
2026-09-06T18:52:47.739-03:00,175,0,1,50,3374,3700,29314,3500,3600,30672,0x07
2026-09-06T18:52:47.760-03:00,176,0,1,51,3374,3588,29790,3500,3510,31055,0x07
2026-09-06T18:52:47.779-03:00,177,0,1,51,3374,3588,29790,3500,3510,31055,0x07
2026-09-06T18:52:47.797-03:00,178,0,1,51,3374,3588,29790,3500,3510,31055,0x07
2026-09-06T18:52:47.820-03:00,179,0,1,59,3374,3746,29120,3500,3627,30557,0x07
2026-09-06T18:52:47.838-03:00,180,0,1,59,3374,3746,29120,3500,3627,30557,0x07
2026-09-06T18:52:47.860-03:00,181,0,1,59,3374,3746,29120,3500,3627,30557,0x07
2026-09-06T18:52:47.897-03:00,182,0,1,50,3374,3680,29400,3500,3560,30842,0x07
2026-09-06T18:52:47.897-03:00,183,0,1,50,3374,3680,29400,3500,3560,30842,0x07
2026-09-06T18:52:47.919-03:00,184,0,1,52,3374,3635,29592,3500,3558,30852,0x07
2026-09-06T18:52:47.941-03:00,185,0,1,52,3374,3635,29592,3500,3558,30852,0x07
2026-09-06T18:52:47.961-03:00,186,0,1,52,3374,3635,29592,3500,3558,30852,0x07
2026-09-06T18:52:47.978-03:00,187,0,1,57,3374,3684,29382,3500,3596,30687,0x07
2026-09-06T18:52:47.999-03:00,188,0,1,57,3374,3684,29382,3500,3596,30687,0x07
2026-09-06T18:52:48.018-03:00,189,0,1,57,3374,3684,29382,3500,3596,30687,0x07
2026-09-06T18:52:48.037-03:00,190,0,1,50,3374,3680,29400,3500,3580,30757,0x07
2026-09-06T18:52:48.057-03:00,191,0,1,50,3374,3680,29400,3500,3580,30757,0x07
2026-09-06T18:52:48.079-03:00,192,0,1,50,3374,3640,29570,3500,3540,30927,0x07
2026-09-06T18:52:48.097-03:00,193,0,1,50,3374,3640,29570,3500,3540,30927,0x07
2026-09-06T18:52:48.118-03:00,194,0,1,50,3374,3640,29570,3500,3540,30927,0x07
2026-09-06T18:52:48.141-03:00,195,0,1,52,3374,3692,29347,3500,3538,30934,0x07
2026-09-06T18:52:48.161-03:00,196,0,1,52,3374,3692,29347,3500,3538,30934,0x07
2026-09-06T18:52:48.177-03:00,197,0,1,52,3374,3692,29347,3500,3538,30934,0x07
2026-09-06T18:52:48.200-03:00,198,0,1,54,3374,3667,29456,3500,2574,35032,0x07
2026-09-06T18:52:48.220-03:00,199,0,1,54,3374,3667,29456,3500,2574,35032,0x07
2026-09-06T18:52:48.259-03:00,200,0,1,55,3374,3636,29585,3500,2873,33762,0x07
2026-09-06T18:52:48.259-03:00,201,0,1,55,3374,3636,29585,3500,2873,33762,0x07
2026-09-06T18:52:48.276-03:00,202,0,1,55,3374,3636,29585,3500,2873,33762,0x07
2026-09-06T18:52:48.299-03:00,203,0,1,57,3374,3509,30127,3500,3825,29715,0x07
2026-09-06T18:52:48.317-03:00,204,0,1,57,3374,3509,30127,3500,3825,29715,0x07
2026-09-06T18:52:48.340-03:00,205,0,1,57,3374,3509,30127,3500,3825,29715,0x07
2026-09-06T18:52:48.358-03:00,206,0,1,51,3374,2333,35123,3500,3843,29634,0x07
2026-09-06T18:52:48.378-03:00,207,0,1,51,3374,2333,35123,3500,3843,29634,0x07
2026-09-06T18:52:48.401-03:00,208,0,1,53,3374,2660,33695,3500,3698,30248,0x07
2026-09-06T18:52:48.419-03:00,209,0,1,53,3374,2660,33695,3500,3698,30248,0x07
2026-09-06T18:52:48.437-03:00,210,0,1,53,3374,2660,33695,3500,3698,30248,0x07
2026-09-06T18:52:48.460-03:00,211,0,1,52,3374,3346,30743,3500,3635,30516,0x07
2026-09-06T18:52:48.480-03:00,212,0,1,52,3374,3346,30743,3500,3635,30516,0x07
2026-09-06T18:52:48.500-03:00,213,0,1,51,3374,3471,30178,3500,3588,30711,0x07
2026-09-06T18:52:48.518-03:00,214,0,1,51,3374,3471,30178,3500,3588,30711,0x07
2026-09-06T18:52:48.536-03:00,215,0,1,51,3374,3471,30178,3500,3588,30711,0x07
2026-09-06T18:52:48.560-03:00,216,0,1,56,3374,3571,29713,3500,3357,31691,0x07
2026-09-06T18:52:48.580-03:00,217,0,1,56,3374,3571,29713,3500,3357,31691,0x07
2026-09-06T18:52:48.598-03:00,218,0,1,56,3374,3571,29713,3500,3357,31691,0x07
2026-09-06T18:52:48.620-03:00,219,0,1,51,3374,3627,29439,3500,3275,32040,0x07
2026-09-06T18:52:48.659-03:00,220,0,1,51,3374,3627,29439,3500,3275,32040,0x07
2026-09-06T18:52:48.659-03:00,221,0,1,50,3374,3540,29774,3500,3340,31761,0x07
2026-09-06T18:52:48.676-03:00,222,0,1,50,3374,3540,29774,3500,3340,31761,0x07
2026-09-06T18:52:48.699-03:00,223,0,1,50,3374,3540,29774,3500,3340,31761,0x07
2026-09-06T18:52:48.719-03:00,224,0,1,58,3374,3483,29984,3500,3466,31226,0x07
2026-09-06T18:52:48.737-03:00,225,0,1,58,3374,3483,29984,3500,3466,31226,0x07
2026-09-06T18:52:48.760-03:00,226,0,1,58,3374,3483,29984,3500,3466,31226,0x07
2026-09-06T18:52:48.778-03:00,227,0,1,50,3374,3240,30982,3500,3460,31248,0x07
2026-09-06T18:52:48.799-03:00,228,0,1,50,3374,3240,30982,3500,3460,31248,0x07
2026-09-06T18:52:48.819-03:00,229,0,1,52,3374,3308,30660,3500,3615,30586,0x07
2026-09-06T18:52:48.840-03:00,230,0,1,52,3374,3308,30660,3500,3615,30586,0x07
2026-09-06T18:52:48.857-03:00,231,0,1,52,3374,3308,30660,3500,3615,30586,0x07
2026-09-06T18:52:48.877-03:00,232,0,1,50,3374,3400,30236,3500,3580,30734,0x07
2026-09-06T18:52:48.898-03:00,233,0,1,50,3374,3400,30236,3500,3580,30734,0x07
2026-09-06T18:52:48.916-03:00,234,0,1,50,3374,3440,30032,3500,3480,31158,0x07
2026-09-06T18:52:48.940-03:00,235,0,1,50,3374,3440,30032,3500,3480,31158,0x07
2026-09-06T18:52:48.957-03:00,236,0,1,50,3374,3440,30032,3500,3480,31158,0x07
2026-09-06T18:52:48.996-03:00,237,0,1,66,3374,3394,30197,3500,3470,31200,0x07
2026-09-06T18:52:48.996-03:00,238,0,1,66,3374,3394,30197,3500,3470,31200,0x07
2026-09-06T18:52:49.016-03:00,239,0,1,66,3374,3394,30197,3500,3470,31200,0x07
2026-09-06T18:52:49.038-03:00,240,0,1,54,3374,3296,30581,3500,3537,30913,0x07
2026-09-06T18:52:49.059-03:00,241,0,1,54,3374,3296,30581,3500,3537,30913,0x07
2026-09-06T18:52:49.098-03:00,242,0,1,54,3374,3296,30581,3500,3537,30913,0x07
2026-09-06T18:52:49.098-03:00,243,0,1,58,3374,3362,30272,3500,3500,31068,0x07
2026-09-06T18:52:49.120-03:00,244,0,1,58,3374,3362,30272,3500,3500,31068,0x07
2026-09-06T18:52:49.137-03:00,245,0,1,58,3374,3362,30272,3500,3500,31068,0x07
2026-09-06T18:52:49.160-03:00,246,0,1,50,3374,3360,30250,3500,3500,31067,0x07
2026-09-06T18:52:49.177-03:00,247,0,1,50,3374,3360,30250,3500,3500,31067,0x07
2026-09-06T18:52:49.200-03:00,248,0,1,50,3374,3200,30902,3500,3480,31151,0x07
2026-09-06T18:52:49.218-03:00,249,0,1,50,3374,3200,30902,3500,3480,31151,0x07
2026-09-06T18:52:49.241-03:00,250,0,1,50,3374,3200,30902,3500,3480,31151,0x07
2026-09-06T18:52:49.277-03:00,251,0,1,51,3374,3431,29890,3500,3510,31022,0x07
2026-09-06T18:52:49.299-03:00,252,0,1,51,3374,3431,29890,3500,3510,31022,0x07
2026-09-06T18:52:49.336-03:00,253,0,1,51,3374,3373,30112,3500,3471,31188,0x07
2026-09-06T18:52:49.359-03:00,254,0,1,51,3374,3373,30112,3500,3471,31188,0x07
2026-09-06T18:52:49.377-03:00,255,0,1,50,3374,3240,30648,3500,3520,30977,0x07
2026-09-06T18:52:49.401-03:00,257,0,1,50,3374,3240,30648,3500,3520,30977,0x07
2026-09-06T18:52:49.419-03:00,258,0,1,53,3374,3302,30358,3500,3321,31822,0x07
2026-09-06T18:52:49.439-03:00,260,0,1,53,3374,3302,30358,3500,3321,31822,0x07
2026-09-06T18:52:49.457-03:00,261,0,1,57,3374,3281,30424,3500,3421,31395,0x07
2026-09-06T18:52:49.477-03:00,262,0,1,57,3374,3281,30424,3500,3421,31395,0x07
2026-09-06T18:52:49.499-03:00,263,0,1,57,3374,3281,30424,3500,3421,31395,0x07
2026-09-06T18:52:49.540-03:00,264,0,1,50,3374,3120,31082,3500,3340,31738,0x07
2026-09-06T18:52:49.540-03:00,265,0,1,50,3374,3120,31082,3500,3340,31738,0x07
2026-09-06T18:52:49.558-03:00,266,0,1,52,3374,3288,30342,3500,3404,31467,0x07
2026-09-06T18:52:49.578-03:00,267,0,1,52,3374,3288,30342,3500,3404,31467,0x07
2026-09-06T18:52:49.619-03:00,268,0,1,52,3374,3288,30342,3500,3404,31467,0x07
2026-09-06T18:52:49.619-03:00,269,0,1,56,3374,3411,29797,3500,3429,31361,0x07
2026-09-06T18:52:49.657-03:00,270,0,1,56,3374,3411,29797,3500,3429,31361,0x07
2026-09-06T18:52:49.657-03:00,271,0,1,56,3374,3411,29797,3500,3429,31361,0x07
2026-09-06T18:52:49.680-03:00,272,0,1,51,3374,3255,30436,3500,3549,30848,0x07
2026-09-06T18:52:49.698-03:00,273,0,1,51,3374,3255,30436,3500,3549,30848,0x07
2026-09-06T18:52:49.717-03:00,274,0,1,51,3374,3255,30436,3500,3549,30848,0x07
2026-09-06T18:52:49.741-03:00,275,0,1,56,3374,3250,30435,3500,3536,30903,0x07
2026-09-06T18:52:49.758-03:00,276,0,1,56,3374,3250,30435,3500,3536,30903,0x07
2026-09-06T18:52:49.777-03:00,277,0,1,54,3374,3481,29428,3500,3556,30818,0x07
2026-09-06T18:52:49.799-03:00,278,0,1,54,3374,3481,29428,3500,3556,30818,0x07
2026-09-06T18:52:49.819-03:00,279,0,1,54,3374,3481,29428,3500,3556,30818,0x07
2026-09-06T18:52:49.840-03:00,280,0,1,56,3374,3357,29935,3500,3607,30598,0x07
2026-09-06T18:52:49.860-03:00,281,0,1,56,3374,3357,29935,3500,3607,30598,0x07
2026-09-06T18:52:49.898-03:00,282,0,1,56,3374,3357,29935,3500,3607,30598,0x07
2026-09-06T18:52:49.898-03:00,283,0,1,50,3374,3340,29986,3500,3600,30627,0x07
2026-09-06T18:52:49.918-03:00,284,0,1,50,3374,3340,29986,3500,3600,30627,0x07
2026-09-06T18:52:49.938-03:00,285,0,1,56,3374,3500,29284,3500,3607,30596,0x07
2026-09-06T18:52:49.956-03:00,286,0,1,56,3374,3500,29284,3500,3607,30596,0x07
2026-09-06T18:52:50.017-03:00,287,0,1,56,3374,3500,29284,3500,3607,30596,0x07
2026-09-06T18:52:50.017-03:00,288,0,1,56,3374,3375,29796,3500,3607,30596,0x07
2026-09-06T18:52:50.040-03:00,289,0,1,56,3374,3375,29796,3500,3607,30596,0x07
2026-09-06T18:52:50.059-03:00,290,0,1,51,3374,3275,30203,3500,3490,31093,0x07
2026-09-06T18:52:50.077-03:00,291,0,1,51,3374,3275,30203,3500,3490,31093,0x07
2026-09-06T18:52:50.118-03:00,293,0,1,53,3374,3453,29425,3500,3491,31091,0x07
2026-09-06T18:52:50.138-03:00,294,0,1,53,3374,3453,29425,3500,3491,31091,0x07
2026-09-06T18:52:50.158-03:00,295,0,1,53,3374,3453,29425,3500,3491,31091,0x07
2026-09-06T18:52:50.180-03:00,296,0,1,55,3374,3473,29340,3500,3636,30471,0x07
2026-09-06T18:52:50.218-03:00,297,0,1,55,3374,3473,29340,3500,3636,30471,0x07
2026-09-06T18:52:50.236-03:00,298,0,1,50,3374,3360,29820,3500,3580,30711,0x07
2026-09-06T18:52:50.258-03:00,300,0,1,50,3374,3360,29820,3500,3580,30711,0x07
2026-09-06T18:52:50.278-03:00,301,0,1,51,3374,3471,29350,3500,3608,30593,0x07
2026-09-06T18:52:50.301-03:00,302,0,1,51,3374,3471,29350,3500,3608,30593,0x07
2026-09-06T18:52:50.318-03:00,304,0,1,50,3374,3600,28800,3500,3720,30116,0x07
2026-09-06T18:52:50.338-03:00,305,0,1,50,3374,3600,28800,3500,3720,30116,0x07
2026-09-06T18:52:50.356-03:00,306,0,1,53,3374,3642,28623,3500,3755,29968,0x07
2026-09-06T18:52:50.379-03:00,307,0,1,53,3374,3642,28623,3500,3755,29968,0x07
2026-09-06T18:52:50.399-03:00,308,0,1,53,3374,3642,28623,3500,3755,29968,0x07
2026-09-06T18:52:50.420-03:00,309,0,1,66,3374,3545,29031,3500,3773,29892,0x07
2026-09-06T18:52:50.440-03:00,310,0,1,66,3374,3545,29031,3500,3773,29892,0x07
2026-09-06T18:52:50.460-03:00,311,0,1,66,3374,3545,29031,3500,3773,29892,0x07
2026-09-06T18:52:50.478-03:00,312,0,1,55,3374,3582,28877,3500,3727,30085,0x07
2026-09-06T18:52:50.500-03:00,313,0,1,55,3374,3582,28877,3500,3727,30085,0x07
2026-09-06T18:52:50.519-03:00,314,0,1,55,3374,3582,28877,3500,3727,30085,0x07
2026-09-06T18:52:50.537-03:00,315,0,1,57,3374,3579,28889,3500,3719,30119,0x07
2026-09-06T18:52:50.559-03:00,316,0,1,57,3374,3579,28889,3500,3719,30119,0x07
2026-09-06T18:52:50.579-03:00,317,0,1,57,3374,3579,28889,3500,3719,30119,0x07
2026-09-06T18:52:50.597-03:00,318,0,1,51,3374,3588,28850,3500,3725,30093,0x07
2026-09-06T18:52:50.620-03:00,319,0,1,51,3374,3588,28850,3500,3725,30093,0x07
2026-09-06T18:52:50.638-03:00,320,0,1,51,3374,3529,29100,3500,3706,30176,0x07
2026-09-06T18:52:50.658-03:00,321,0,1,51,3374,3529,29100,3500,3706,30176,0x07
2026-09-06T18:52:50.681-03:00,322,0,1,51,3374,3529,29100,3500,3706,30176,0x07
2026-09-06T18:52:50.701-03:00,323,0,1,58,3374,3603,28785,3500,3724,30098,0x07
2026-09-06T18:52:50.718-03:00,324,0,1,58,3374,3603,28785,3500,3724,30098,0x07
2026-09-06T18:52:50.759-03:00,325,0,1,58,3374,3603,28785,3500,3724,30098,0x07
2026-09-06T18:52:50.759-03:00,326,0,1,50,3374,3620,28714,3500,3780,29861,0x07
2026-09-06T18:52:50.779-03:00,327,0,1,50,3374,3620,28714,3500,3780,29861,0x07
2026-09-06T18:52:50.797-03:00,328,0,1,50,3374,3640,28630,3500,3780,29861,0x07
2026-09-06T18:52:50.817-03:00,329,0,1,50,3374,3640,28630,3500,3780,29861,0x07
2026-09-06T18:52:50.837-03:00,330,0,1,50,3374,3640,28630,3500,3780,29861,0x07
2026-09-06T18:52:50.856-03:00,331,0,1,50,3374,3560,28970,3500,3740,30031,0x07
2026-09-06T18:52:50.879-03:00,332,0,1,50,3374,3560,28970,3500,3740,30031,0x07
2026-09-06T18:52:50.897-03:00,333,0,1,50,3374,3580,28884,3500,3700,30201,0x07
2026-09-06T18:52:50.918-03:00,334,0,1,50,3374,3580,28884,3500,3700,30201,0x07
2026-09-06T18:52:50.940-03:00,335,0,1,50,3374,3580,28884,3500,3700,30201,0x07
2026-09-06T18:52:50.958-03:00,336,0,1,50,3374,3580,28884,3500,3740,30031,0x07
2026-09-06T18:52:50.980-03:00,337,0,1,50,3374,3580,28884,3500,3740,30031,0x07
2026-09-06T18:52:50.998-03:00,338,0,1,51,3374,3549,29016,3500,3667,30343,0x07
2026-09-06T18:52:51.018-03:00,339,0,1,51,3374,3549,29016,3500,3667,30343,0x07
2026-09-06T18:52:51.036-03:00,340,0,1,51,3374,3549,29016,3500,3667,30343,0x07
2026-09-06T18:52:51.059-03:00,341,0,1,52,3374,3654,28571,3500,3750,29988,0x07
2026-09-06T18:52:51.080-03:00,342,0,1,52,3374,3654,28571,3500,3750,29988,0x07
2026-09-06T18:52:51.098-03:00,343,0,1,50,3374,3580,28884,3500,3760,29946,0x07
2026-09-06T18:52:51.120-03:00,344,0,1,50,3374,3580,28884,3500,3760,29946,0x07
2026-09-06T18:52:51.139-03:00,345,0,1,50,3374,3580,28884,3500,3760,29946,0x07
2026-09-06T18:52:51.158-03:00,346,0,1,50,3374,3600,28800,3500,3720,30116,0x07
2026-09-06T18:52:51.181-03:00,347,0,1,50,3374,3600,28800,3500,3720,30116,0x07
2026-09-06T18:52:51.198-03:00,348,0,1,51,3374,3529,29100,3500,3686,30259,0x07
2026-09-06T18:52:51.218-03:00,349,0,1,51,3374,3529,29100,3500,3686,30259,0x07
2026-09-06T18:52:51.238-03:00,350,0,1,51,3374,3529,29100,3500,3686,30259,0x07
2026-09-06T18:52:51.260-03:00,351,0,1,57,3374,3544,29038,3500,3737,30044,0x07
2026-09-06T18:52:51.278-03:00,352,0,1,57,3374,3544,29038,3500,3737,30044,0x07
2026-09-06T18:52:51.296-03:00,353,0,1,57,3374,3544,29038,3500,3737,30044,0x07
2026-09-06T18:52:51.321-03:00,354,0,1,51,3374,3686,28433,3500,3804,29759,0x07
2026-09-06T18:52:51.357-03:00,355,0,1,51,3374,3686,28433,3500,3804,29759,0x07
2026-09-06T18:52:51.357-03:00,356,0,1,51,3374,3569,28933,3500,3686,30259,0x07
2026-09-06T18:52:51.380-03:00,357,0,1,51,3374,3569,28933,3500,3686,30259,0x07
2026-09-06T18:52:51.400-03:00,358,0,1,51,3374,3569,28933,3500,3686,30259,0x07
2026-09-06T18:52:51.418-03:00,359,0,1,56,3374,3571,28921,3500,3786,29837,0x07
2026-09-06T18:52:51.438-03:00,360,0,1,56,3374,3571,28921,3500,3786,29837,0x07
2026-09-06T18:52:51.461-03:00,361,0,1,56,3374,3571,28921,3500,3786,29837,0x07
2026-09-06T18:52:51.478-03:00,362,0,1,50,3374,3600,28800,3500,3720,30116,0x07
2026-09-06T18:52:51.496-03:00,363,0,1,50,3374,3600,28800,3500,3720,30116,0x07
2026-09-06T18:52:51.519-03:00,364,0,1,55,3374,3545,29031,3500,3673,30317,0x07
2026-09-06T18:52:51.541-03:00,365,0,1,55,3374,3545,29031,3500,3673,30317,0x07
2026-09-06T18:52:51.559-03:00,366,0,1,55,3374,3545,29031,3500,3673,30317,0x07
2026-09-06T18:52:51.581-03:00,367,0,1,57,3374,3561,28964,3500,3737,30044,0x07
2026-09-06T18:52:51.598-03:00,368,0,1,57,3374,3561,28964,3500,3737,30044,0x07
2026-09-06T18:52:51.619-03:00,369,0,1,57,3374,3561,28964,3500,3737,30044,0x07
2026-09-06T18:52:51.637-03:00,370,0,1,52,3374,3673,28489,3500,3808,29743,0x07
2026-09-06T18:52:51.660-03:00,371,0,1,52,3374,3673,28489,3500,3808,29743,0x07
2026-09-06T18:52:51.679-03:00,372,0,1,50,3374,3580,28884,3500,3700,30201,0x07
2026-09-06T18:52:51.696-03:00,373,0,1,50,3374,3580,28884,3500,3700,30201,0x07
2026-09-06T18:52:51.720-03:00,374,0,1,50,3374,3580,28884,3500,3700,30201,0x07
2026-09-06T18:52:51.738-03:00,375,0,1,59,3374,3475,29333,3500,3695,30223,0x07
2026-09-06T18:52:51.759-03:00,376,0,1,59,3374,3475,29333,3500,3695,30223,0x07
2026-09-06T18:52:51.776-03:00,377,0,1,59,3374,3475,29333,3500,3695,30223,0x07
2026-09-06T18:52:51.800-03:00,378,0,1,58,3374,3690,28418,3500,3810,29732,0x07
2026-09-06T18:52:51.817-03:00,379,0,1,58,3374,3690,28418,3500,3810,29732,0x07
2026-09-06T18:52:51.840-03:00,380,0,1,58,3374,3690,28418,3500,3810,29732,0x07
2026-09-06T18:52:51.858-03:00,381,0,1,50,3374,3600,28800,3500,3700,30201,0x07
2026-09-06T18:52:51.877-03:00,382,0,1,50,3374,3600,28800,3500,3700,30201,0x07
2026-09-06T18:52:51.939-03:00,383,0,1,62,3374,3516,29156,3500,3694,30228,0x07
2026-09-06T18:52:51.959-03:00,386,0,1,55,3374,3600,28800,3500,3764,29931,0x07
2026-09-06T18:52:51.979-03:00,387,0,1,55,3374,3600,28800,3500,3764,29931,0x07
2026-09-06T18:52:52.020-03:00,388,0,1,54,3374,3648,28595,3500,3778,29870,0x07
2026-09-06T18:52:52.038-03:00,390,0,1,54,3374,3648,28595,3500,3778,29870,0x07
2026-09-06T18:52:52.056-03:00,391,0,1,54,3374,3648,28595,3500,3778,29870,0x07
2026-09-06T18:52:52.080-03:00,392,0,1,50,3374,3520,29140,3500,3680,30286,0x07
2026-09-06T18:52:52.098-03:00,393,0,1,50,3374,3520,29140,3500,3680,30286,0x07
2026-09-06T18:52:52.118-03:00,394,0,1,51,3374,3569,28933,3500,3686,30259,0x07
2026-09-06T18:52:52.141-03:00,395,0,1,51,3374,3569,28933,3500,3686,30259,0x07
2026-09-06T18:52:52.159-03:00,396,0,1,51,3374,3569,28933,3500,3686,30259,0x07
2026-09-06T18:52:52.177-03:00,397,0,1,58,3374,3655,28565,3500,3793,29805,0x07
2026-09-06T18:52:52.197-03:00,398,0,1,58,3374,3655,28565,3500,3793,29805,0x07
2026-09-06T18:52:52.220-03:00,399,0,1,58,3374,3655,28565,3500,3793,29805,0x07
2026-09-06T18:52:52.237-03:00,400,0,1,50,3374,3540,29054,3500,3700,30201,0x07
2026-09-06T18:52:52.277-03:00,401,0,1,50,3374,3540,29054,3500,3700,30201,0x07
2026-09-06T18:52:52.277-03:00,402,0,1,53,3374,3623,28703,3500,3755,29968,0x07
2026-09-06T18:52:52.300-03:00,403,0,1,53,3374,3623,28703,3500,3755,29968,0x07
2026-09-06T18:52:52.318-03:00,404,0,1,53,3374,3623,28703,3500,3755,29968,0x07
2026-09-06T18:52:52.339-03:00,405,0,1,55,3374,3564,28954,3500,3691,30240,0x07
2026-09-06T18:52:52.357-03:00,406,0,1,55,3374,3564,28954,3500,3691,30240,0x07
2026-09-06T18:52:52.380-03:00,407,0,1,55,3374,3564,28954,3500,3691,30240,0x07
2026-09-06T18:52:52.398-03:00,408,0,1,50,3374,3560,28970,3500,3740,30031,0x07
2026-09-06T18:52:52.418-03:00,409,0,1,50,3374,3560,28970,3500,3740,30031,0x07
2026-09-06T18:52:52.436-03:00,410,0,1,53,3374,3623,28703,3500,3736,30049,0x07
2026-09-06T18:52:52.456-03:00,411,0,1,53,3374,3623,28703,3500,3736,30049,0x07
2026-09-06T18:52:52.476-03:00,412,0,1,53,3374,3623,28703,3500,3736,30049,0x07
2026-09-06T18:52:52.501-03:00,413,0,1,57,3374,3614,28740,3500,3702,30194,0x07
2026-09-06T18:52:52.520-03:00,414,0,1,57,3374,3614,28740,3500,3702,30194,0x07
2026-09-06T18:52:52.540-03:00,415,0,1,57,3374,3614,28740,3500,3702,30194,0x07
2026-09-06T18:52:52.559-03:00,416,0,1,50,3374,3520,29140,3500,3720,30116,0x07
2026-09-06T18:52:52.577-03:00,417,0,1,50,3374,3520,29140,3500,3720,30116,0x07
2026-09-06T18:52:52.597-03:00,418,0,1,54,3374,3630,28674,3500,3722,30107,0x07
2026-09-06T18:52:52.618-03:00,419,0,1,54,3374,3630,28674,3500,3722,30107,0x07
2026-09-06T18:52:52.637-03:00,420,0,1,54,3374,3630,28674,3500,3722,30107,0x07
2026-09-06T18:52:52.660-03:00,421,0,1,57,3374,3596,28814,3500,3719,30119,0x07
2026-09-06T18:52:52.677-03:00,422,0,1,57,3374,3596,28814,3500,3719,30119,0x07
2026-09-06T18:52:52.700-03:00,423,0,1,57,3374,3596,28814,3500,3719,30119,0x07
2026-09-06T18:52:52.739-03:00,424,0,1,50,3374,3540,29054,3500,3720,30116,0x07
2026-09-06T18:52:52.739-03:00,425,0,1,50,3374,3540,29054,3500,3720,30116,0x07
2026-09-06T18:52:52.760-03:00,426,0,1,56,3374,3607,28769,3500,3714,30140,0x07
2026-09-06T18:52:52.797-03:00,427,0,1,56,3374,3607,28769,3500,3714,30140,0x07
2026-09-06T18:52:52.821-03:00,428,0,1,56,3374,3607,28769,3500,3714,30140,0x07
2026-09-06T18:52:52.821-03:00,429,0,1,57,3374,3614,28740,3500,3737,30044,0x07
2026-09-06T18:52:52.838-03:00,430,0,1,57,3374,3614,28740,3500,3737,30044,0x07
2026-09-06T18:52:52.858-03:00,431,0,1,57,3374,3614,28740,3500,3737,30044,0x07
2026-09-06T18:52:52.876-03:00,432,0,1,50,3374,3540,29054,3500,3720,30116,0x07
2026-09-06T18:52:52.899-03:00,433,0,1,50,3374,3540,29054,3500,3720,30116,0x07
2026-09-06T18:52:52.917-03:00,434,0,1,50,3374,3600,28800,3500,3720,30116,0x07
2026-09-06T18:52:52.940-03:00,435,0,1,50,3374,3600,28800,3500,3720,30116,0x07
2026-09-06T18:52:52.979-03:00,436,0,1,50,3374,3600,28800,3500,3720,30116,0x07
2026-09-06T18:52:52.979-03:00,437,0,1,58,3374,3569,28931,3500,3690,30245,0x07
2026-09-06T18:52:52.996-03:00,438,0,1,58,3374,3569,28931,3500,3690,30245,0x07
2026-09-06T18:52:53.017-03:00,439,0,1,58,3374,3569,28931,3500,3690,30245,0x07
2026-09-06T18:52:53.038-03:00,440,0,1,51,3374,3588,28850,3500,3784,29843,0x07
2026-09-06T18:52:53.080-03:00,441,0,1,51,3374,3588,28850,3500,3784,29843,0x07
2026-09-06T18:52:53.100-03:00,442,0,1,50,3374,3640,28630,3500,3700,30201,0x07
2026-09-06T18:52:53.140-03:00,443,0,1,50,3374,3640,28630,3500,3700,30201,0x07
2026-09-06T18:52:53.140-03:00,444,0,1,51,3374,3569,28933,3500,3706,30176,0x07
2026-09-06T18:52:53.160-03:00,445,0,1,51,3374,3569,28933,3500,3706,30176,0x07
2026-09-06T18:52:53.198-03:00,447,0,1,54,3374,3519,29146,3500,3704,30185,0x07
2026-09-06T18:52:53.217-03:00,448,0,1,54,3374,3519,29146,3500,3704,30185,0x07
2026-09-06T18:52:53.217-03:00,449,0,1,54,3374,3519,29146,3500,3704,30185,0x07
2026-09-06T18:52:53.239-03:00,450,0,1,59,3374,3610,28756,3500,3678,30295,0x07
2026-09-06T18:52:53.276-03:00,451,0,1,59,3374,3610,28756,3500,3678,30295,0x07
2026-09-06T18:52:53.276-03:00,452,0,1,59,3374,3610,28756,3500,3678,30295,0x07
2026-09-06T18:52:53.318-03:00,453,0,1,56,3374,3661,28541,3500,3554,30823,0x07
2026-09-06T18:52:53.318-03:00,454,0,1,56,3374,3661,28541,3500,3554,30823,0x07
2026-09-06T18:52:53.338-03:00,455,0,1,56,3374,3661,28541,3500,3554,30823,0x07
2026-09-06T18:52:53.358-03:00,456,0,1,58,3374,3569,28931,3500,3500,31051,0x07
2026-09-06T18:52:53.376-03:00,457,0,1,58,3374,3569,28931,3500,3500,31051,0x07
2026-09-06T18:52:53.396-03:00,458,0,1,52,3374,3519,29143,3500,3481,31133,0x07
2026-09-06T18:52:53.417-03:00,459,0,1,52,3374,3519,29143,3500,3481,31133,0x07
2026-09-06T18:52:53.460-03:00,460,0,1,52,3374,3519,29143,3500,3481,31133,0x07
2026-09-06T18:52:53.460-03:00,461,0,1,55,3374,3582,28877,3500,3545,30858,0x07
2026-09-06T18:52:53.498-03:00,462,0,1,55,3374,3582,28877,3500,3545,30858,0x07
2026-09-06T18:52:53.498-03:00,463,0,1,55,3374,3582,28877,3500,3545,30858,0x07
2026-09-06T18:52:53.538-03:00,464,0,1,57,3374,3579,28889,3500,3509,31014,0x07
2026-09-06T18:52:53.556-03:00,465,0,1,57,3374,3579,28889,3500,3509,31014,0x07
2026-09-06T18:52:53.578-03:00,466,0,1,57,3374,3579,28889,3500,3509,31014,0x07
2026-09-06T18:52:53.596-03:00,467,0,1,51,3374,3647,28600,3500,3549,30843,0x07
2026-09-06T18:52:53.619-03:00,468,0,1,51,3374,3647,28600,3500,3549,30843,0x07
2026-09-06T18:52:53.640-03:00,470,0,1,51,3374,3569,28933,3500,3451,31259,0x07
2026-09-06T18:52:53.660-03:00,471,0,1,51,3374,3569,28933,3500,3451,31259,0x07
2026-09-06T18:52:53.679-03:00,472,0,1,59,3374,3593,28828,3500,3542,30871,0x07
2026-09-06T18:52:53.699-03:00,473,0,1,59,3374,3593,28828,3500,3542,30871,0x07
2026-09-06T18:52:53.718-03:00,474,0,1,59,3374,3593,28828,3500,3542,30871,0x07
2026-09-06T18:52:53.758-03:00,475,0,1,57,3374,3544,29038,3500,3491,31088,0x07
2026-09-06T18:52:53.758-03:00,476,0,1,57,3374,3544,29038,3500,3491,31088,0x07
2026-09-06T18:52:53.778-03:00,477,0,1,57,3374,3544,29038,3500,3491,31088,0x07
2026-09-06T18:52:53.801-03:00,478,0,1,51,3374,3667,28516,3500,3608,30593,0x07
2026-09-06T18:52:53.839-03:00,479,0,1,51,3374,3667,28516,3500,3608,30593,0x07
2026-09-06T18:52:53.839-03:00,480,0,1,50,3374,3600,28800,3500,3600,30626,0x07
2026-09-06T18:52:53.857-03:00,481,0,1,50,3374,3600,28800,3500,3600,30626,0x07
2026-09-06T18:52:53.880-03:00,482,0,1,50,3374,3600,28800,3500,3600,30626,0x07
2026-09-06T18:52:53.898-03:00,483,0,1,50,3374,3560,28970,3500,3540,30881,0x07
2026-09-06T18:52:53.918-03:00,484,0,1,50,3374,3560,28970,3500,3540,30881,0x07
2026-09-06T18:52:53.940-03:00,485,0,1,51,3374,3569,28933,3500,3510,31009,0x07
2026-09-06T18:52:53.959-03:00,486,0,1,51,3374,3569,28933,3500,3510,31009,0x07
2026-09-06T18:52:53.976-03:00,487,0,1,51,3374,3569,28933,3500,3510,31009,0x07
2026-09-06T18:52:53.996-03:00,488,0,1,58,3374,3621,28712,3500,3586,30685,0x07
2026-09-06T18:52:54.017-03:00,489,0,1,58,3374,3621,28712,3500,3586,30685,0x07
2026-09-06T18:52:54.040-03:00,490,0,1,58,3374,3621,28712,3500,3586,30685,0x07
2026-09-06T18:52:54.056-03:00,491,0,1,56,3374,3589,28845,3500,3554,30823,0x07
2026-09-06T18:52:54.080-03:00,492,0,1,56,3374,3589,28845,3500,3554,30823,0x07
2026-09-06T18:52:54.121-03:00,493,0,1,56,3374,3589,28845,3500,3554,30823,0x07
2026-09-06T18:52:54.121-03:00,494,0,1,52,3374,3538,29061,3500,3481,31133,0x07
2026-09-06T18:52:54.160-03:00,495,0,1,52,3374,3538,29061,3500,3481,31133,0x07
2026-09-06T18:52:54.160-03:00,496,0,1,50,3374,3600,28800,3500,3620,30541,0x07
2026-09-06T18:52:54.204-03:00,497,0,1,50,3374,3600,28800,3500,3620,30541,0x07
2026-09-06T18:52:54.248-03:00,498,0,1,50,3374,3600,28800,3500,3620,30541,0x07
2026-09-06T18:52:54.292-03:00,499,0,1,51,3374,3608,28766,3500,3529,30926,0x07
2026-09-06T18:52:54.335-03:00,500,0,1,55,3374,3582,28877,3500,3564,30781,0x07
2026-09-06T18:52:54.376-03:00,501,0,1,55,0,0,0,0,0,0,0x03
