timestamp,sequence,team,robot_id,interval_ms,left_target_eps,left_measured_eps,left_duty,right_target_eps,right_measured_eps,right_duty,flags
2026-09-06T15:00:03.374-03:00,503,0,0,52,0,0,0,0,0,0,0x03
2026-09-06T15:00:03.431-03:00,504,0,0,50,0,0,0,0,0,0,0x03
2026-09-06T15:00:03.453-03:00,505,0,0,50,0,0,0,0,0,0,0x03
2026-09-06T15:00:03.453-03:00,505,0,0,51,0,0,0,0,0,0,0x03
2026-09-06T15:00:03.473-03:00,505,0,0,51,0,0,0,0,0,0,0x03
2026-09-06T15:00:03.490-03:00,505,0,0,51,0,0,0,0,0,0,0x03
2026-09-06T15:00:03.514-03:00,505,0,0,50,0,0,0,0,0,0,0x03
2026-09-06T15:00:03.534-03:00,505,0,0,50,0,0,0,0,0,0,0x03
2026-09-06T15:00:03.552-03:00,12,0,0,59,3374,0,40000,3500,0,40000,0x07
2026-09-06T15:00:03.570-03:00,13,0,0,59,3374,0,40000,3500,0,40000,0x07
2026-09-06T15:00:03.594-03:00,14,0,0,59,3374,0,40000,3500,0,40000,0x07
2026-09-06T15:00:03.612-03:00,15,0,0,57,3374,0,40000,3500,0,40000,0x07
2026-09-06T15:00:03.631-03:00,16,0,0,57,3374,0,40000,3500,0,40000,0x07
2026-09-06T15:00:03.654-03:00,17,0,0,57,3374,0,40000,3500,0,40000,0x07
2026-09-06T15:00:03.673-03:00,18,0,0,52,3374,0,40000,3500,0,40000,0x07
2026-09-06T15:00:03.691-03:00,19,0,0,52,3374,0,40000,3500,0,40000,0x07
2026-09-06T15:00:03.716-03:00,20,0,0,52,3374,0,40000,3500,0,40000,0x07
2026-09-06T15:00:03.734-03:00,21,0,0,53,3374,0,40000,3500,0,40000,0x07
2026-09-06T15:00:03.752-03:00,22,0,0,53,3374,0,40000,3500,0,40000,0x07
2026-09-06T15:00:03.775-03:00,23,0,0,50,3374,0,40000,3500,0,40000,0x07
2026-09-06T15:00:03.794-03:00,24,0,0,50,3374,0,40000,3500,0,40000,0x07
2026-09-06T15:00:03.813-03:00,25,0,0,50,3374,0,40000,3500,0,40000,0x07
2026-09-06T15:00:03.855-03:00,26,0,0,52,3374,0,40000,3500,0,40000,0x07
2026-09-06T15:00:03.855-03:00,27,0,0,52,3374,0,40000,3500,0,40000,0x07
2026-09-06T15:00:03.872-03:00,28,0,0,54,3374,0,40000,3500,0,40000,0x07
2026-09-06T15:00:03.892-03:00,29,0,0,54,3374,0,40000,3500,0,40000,0x07
2026-09-06T15:00:03.930-03:00,30,0,0,54,3374,0,40000,3500,0,40000,0x07
2026-09-06T15:00:03.930-03:00,31,0,0,50,3374,0,40000,3500,0,40000,0x07
2026-09-06T15:00:03.952-03:00,32,0,0,50,3374,0,40000,3500,0,40000,0x07
2026-09-06T15:00:03.975-03:00,33,0,0,50,3374,0,40000,3500,0,40000,0x07
2026-09-06T15:00:03.995-03:00,34,0,0,51,3374,0,40000,3500,0,40000,0x07
2026-09-06T15:00:04.015-03:00,35,0,0,51,3374,0,40000,3500,0,40000,0x07
2026-09-06T15:00:04.033-03:00,36,0,0,50,3374,0,40000,3500,0,40000,0x07
2026-09-06T15:00:04.056-03:00,37,0,0,50,3374,0,40000,3500,0,40000,0x07
2026-09-06T15:00:04.073-03:00,38,0,0,50,3374,0,40000,3500,0,40000,0x07
2026-09-06T15:00:04.091-03:00,39,0,0,52,3374,0,40000,3500,0,40000,0x07
2026-09-06T15:00:04.115-03:00,40,0,0,52,3374,0,40000,3500,0,40000,0x07
2026-09-06T15:00:04.133-03:00,41,0,0,55,3374,0,40000,3500,0,40000,0x07
2026-09-06T15:00:04.151-03:00,42,0,0,55,3374,0,40000,3500,0,40000,0x07
2026-09-06T15:00:04.175-03:00,43,0,0,55,3374,0,40000,3500,0,40000,0x07
2026-09-06T15:00:04.212-03:00,44,0,0,52,3374,0,40000,3500,0,40000,0x07
2026-09-06T15:00:04.234-03:00,45,0,0,52,3374,0,40000,3500,0,40000,0x07
2026-09-06T15:00:04.234-03:00,46,0,0,55,3374,0,40000,3500,0,40000,0x07
2026-09-06T15:00:04.252-03:00,47,0,0,55,3374,0,40000,3500,0,40000,0x07
2026-09-06T15:00:04.275-03:00,48,0,0,55,3374,0,40000,3500,0,40000,0x07
2026-09-06T15:00:04.293-03:00,49,0,0,55,3374,0,40000,3500,0,40000,0x07
2026-09-06T15:00:04.311-03:00,50,0,0,55,3374,0,40000,3500,0,40000,0x07
2026-09-06T15:00:04.334-03:00,51,0,0,55,3374,0,40000,3500,0,40000,0x07
2026-09-06T15:00:04.354-03:00,52,0,0,52,3374,0,40000,3500,0,40000,0x07
2026-09-06T15:00:04.374-03:00,53,0,0,52,3374,0,40000,3500,0,40000,0x07
2026-09-06T15:00:04.391-03:00,54,0,0,50,3374,0,40000,3500,0,40000,0x07
2026-09-06T15:00:04.415-03:00,55,0,0,50,3374,0,40000,3500,0,40000,0x07
2026-09-06T15:00:04.433-03:00,56,0,0,50,3374,0,40000,3500,0,40000,0x07
2026-09-06T15:00:04.451-03:00,57,0,0,52,3374,0,40000,3500,0,40000,0x07
2026-09-06T15:00:04.474-03:00,58,0,0,52,3374,0,40000,3500,0,40000,0x07
2026-09-06T15:00:04.494-03:00,59,0,0,52,3374,0,40000,3500,0,40000,0x07
2026-09-06T15:00:04.512-03:00,60,0,0,50,3374,0,40000,3500,0,40000,0x07
2026-09-06T15:00:04.532-03:00,61,0,0,50,3374,0,40000,3500,0,40000,0x07
2026-09-06T15:00:04.555-03:00,62,0,0,54,3374,0,40000,3500,0,40000,0x07
2026-09-06T15:00:04.573-03:00,63,0,0,54,3374,0,40000,3500,0,40000,0x07
2026-09-06T15:00:04.591-03:00,64,0,0,54,3374,0,40000,3500,0,40000,0x07
2026-09-06T15:00:04.611-03:00,65,0,0,51,3374,0,40000,3500,0,40000,0x07
2026-09-06T15:00:04.634-03:00,66,0,0,51,3374,0,40000,3500,0,40000,0x07
2026-09-06T15:00:04.652-03:00,67,0,0,51,3374,0,40000,3500,0,40000,0x07
2026-09-06T15:00:04.670-03:00,68,0,0,53,3374,0,40000,3500,0,40000,0x07
2026-09-06T15:00:04.694-03:00,69,0,0,53,3374,0,40000,3500,0,40000,0x07
2026-09-06T15:00:04.714-03:00,70,0,0,54,3374,0,40000,3500,0,40000,0x07
2026-09-06T15:00:04.734-03:00,71,0,0,54,3374,0,40000,3500,0,40000,0x07
2026-09-06T15:00:04.752-03:00,72,0,0,54,3374,0,40000,3500,0,40000,0x07
2026-09-06T15:00:04.775-03:00,73,0,0,51,3374,0,40000,3500,0,40000,0x07
2026-09-06T15:00:04.793-03:00,74,0,0,51,3374,0,40000,3500,0,40000,0x07
2026-09-06T15:00:04.811-03:00,75,0,0,56,3374,0,40000,3500,0,40000,0x07
2026-09-06T15:00:04.834-03:00,76,0,0,56,3374,0,40000,3500,0,40000,0x07
2026-09-06T15:00:04.852-03:00,77,0,0,56,3374,0,40000,3500,0,40000,0x07
2026-09-06T15:00:04.873-03:00,78,0,0,51,3374,0,40000,3500,0,40000,0x07
2026-09-06T15:00:04.891-03:00,79,0,0,51,3374,0,40000,3500,0,40000,0x07
2026-09-06T15:00:04.911-03:00,80,0,0,51,3374,0,40000,3500,0,40000,0x07
2026-09-06T15:00:04.934-03:00,81,0,0,51,3374,0,40000,3500,0,40000,0x07
2026-09-06T15:00:04.952-03:00,82,0,0,51,3374,0,40000,3500,0,40000,0x07
2026-09-06T15:00:04.971-03:00,83,0,0,50,3374,0,40000,3500,0,40000,0x07
2026-09-06T15:00:04.991-03:00,84,0,0,50,3374,0,40000,3500,0,40000,0x07
2026-09-06T15:00:05.012-03:00,85,0,0,50,3374,0,40000,3500,0,40000,0x07
2026-09-06T15:00:05.035-03:00,86,0,0,50,3374,0,40000,3500,0,40000,0x07
2026-09-06T15:00:05.072-03:00,87,0,0,50,3374,0,40000,3500,0,40000,0x07
2026-09-06T15:00:05.072-03:00,88,0,0,56,3374,0,40000,3500,0,40000,0x07
2026-09-06T15:00:05.092-03:00,89,0,0,56,3374,0,40000,3500,0,40000,0x07
2026-09-06T15:00:05.112-03:00,90,0,0,56,3374,0,40000,3500,0,40000,0x07
2026-09-06T15:00:05.135-03:00,91,0,0,50,3374,0,40000,3500,0,40000,0x07
2026-09-06T15:00:05.152-03:00,92,0,0,50,3374,0,40000,3500,0,40000,0x07
2026-09-06T15:00:05.191-03:00,93,0,0,50,3374,0,40000,3500,0,40000,0x07
2026-09-06T15:00:05.214-03:00,94,0,0,50,3374,0,40000,3500,0,40000,0x07
2026-09-06T15:00:05.232-03:00,95,0,0,50,3374,0,40000,3500,0,40000,0x07
2026-09-06T15:00:05.253-03:00,96,0,0,57,3374,0,40000,3500,0,40000,0x07
2026-09-06T15:00:05.271-03:00,97,0,0,57,3374,0,40000,3500,0,40000,0x07
2026-09-06T15:00:05.295-03:00,98,0,0,57,3374,0,40000,3500,0,40000,0x07
2026-09-06T15:00:05.312-03:00,99,0,0,50,3374,0,40000,3500,0,40000,0x07
2026-09-06T15:00:05.331-03:00,100,0,0,50,3374,0,40000,3500,0,40000,0x07
2026-09-06T15:00:05.354-03:00,101,0,0,54,3374,0,40000,3500,0,40000,0x07
2026-09-06T15:00:05.373-03:00,102,0,0,54,3374,0,40000,3500,0,40000,0x07
2026-09-06T15:00:05.391-03:00,103,0,0,54,3374,0,40000,3500,0,40000,0x07
2026-09-06T15:00:05.415-03:00,104,0,0,52,3374,0,40000,3500,0,40000,0x07
2026-09-06T15:00:05.433-03:00,105,0,0,52,3374,0,40000,3500,0,40000,0x07
2026-09-06T15:00:05.453-03:00,106,0,0,52,3374,0,40000,3500,0,40000,0x07
2026-09-06T15:00:05.472-03:00,107,0,0,51,3374,0,40000,3500,0,40000,0x07
2026-09-06T15:00:05.495-03:00,108,0,0,51,3374,0,40000,3500,0,40000,0x07
2026-09-06T15:00:05.514-03:00,109,0,0,54,3374,0,40000,3500,0,40000,0x07
2026-09-06T15:00:05.534-03:00,110,0,0,54,3374,0,40000,3500,0,40000,0x07
2026-09-06T15:00:05.554-03:00,111,0,0,54,3374,0,40000,3500,0,40000,0x07
2026-09-06T15:00:05.572-03:00,112,0,0,50,3374,0,40000,3500,0,40000,0x07
2026-09-06T15:00:05.613-03:00,113,0,0,50,3374,0,40000,3500,0,40000,0x07
2026-09-06T15:00:05.613-03:00,114,0,0,52,3374,0,40000,3500,0,40000,0x07
2026-09-06T15:00:05.632-03:00,115,0,0,52,3374,0,40000,3500,0,40000,0x07
2026-09-06T15:00:05.672-03:00,116,0,0,52,3374,0,40000,3500,0,40000,0x07
2026-09-06T15:00:05.695-03:00,117,0,0,51,3374,0,40000,3500,0,40000,0x07
2026-09-06T15:00:05.695-03:00,118,0,0,51,3374,0,40000,3500,0,40000,0x07
2026-09-06T15:00:05.713-03:00,119,0,0,52,3374,0,40000,3500,0,40000,0x07
2026-09-06T15:00:05.736-03:00,120,0,0,52,3374,0,40000,3500,0,40000,0x07
2026-09-06T15:00:05.754-03:00,121,0,0,52,3374,0,40000,3500,0,40000,0x07
2026-09-06T15:00:05.770-03:00,122,0,0,56,3374,0,40000,3500,0,40000,0x07
2026-09-06T15:00:05.791-03:00,123,0,0,56,3374,0,40000,3500,0,40000,0x07
2026-09-06T15:00:05.811-03:00,124,0,0,56,3374,0,40000,3500,0,40000,0x07
2026-09-06T15:00:05.835-03:00,125,0,0,56,3374,0,40000,3500,0,40000,0x07
2026-09-06T15:00:05.853-03:00,126,0,0,56,3374,0,40000,3500,0,40000,0x07
2026-09-06T15:00:05.873-03:00,127,0,0,56,3374,0,40000,3500,0,40000,0x07
2026-09-06T15:00:05.893-03:00,128,0,0,51,3374,0,40000,3500,0,40000,0x07
2026-09-06T15:00:05.912-03:00,129,0,0,51,3374,0,40000,3500,0,40000,0x07
2026-09-06T15:00:05.932-03:00,130,0,0,53,3374,0,40000,3500,0,40000,0x07
2026-09-06T15:00:05.952-03:00,131,0,0,53,3374,0,40000,3500,0,40000,0x07
2026-09-06T15:00:05.975-03:00,132,0,0,53,3374,0,40000,3500,0,40000,0x07
2026-09-06T15:00:05.993-03:00,133,0,0,51,3374,0,40000,3500,0,40000,0x07
2026-09-06T15:00:06.012-03:00,134,0,0,51,3374,0,40000,3500,0,40000,0x07
2026-09-06T15:00:06.035-03:00,135,0,0,52,3374,0,40000,3500,0,40000,0x07
2026-09-06T15:00:06.055-03:00,136,0,0,52,3374,0,40000,3500,0,40000,0x07
2026-09-06T15:00:06.073-03:00,137,0,0,52,3374,0,40000,3500,0,40000,0x07
2026-09-06T15:00:06.091-03:00,138,0,0,52,3374,0,40000,3500,0,40000,0x07
2026-09-06T15:00:06.114-03:00,139,0,0,52,3374,0,40000,3500,0,40000,0x07
2026-09-06T15:00:06.131-03:00,140,0,0,52,3374,0,40000,3500,0,40000,0x07
2026-09-06T15:00:06.154-03:00,141,0,0,51,3374,0,40000,3500,0,40000,0x07
2026-09-06T15:00:06.172-03:00,142,0,0,51,3374,0,40000,3500,0,40000,0x07
2026-09-06T15:00:06.194-03:00,143,0,0,51,3374,0,40000,3500,0,40000,0x07
2026-09-06T15:00:06.213-03:00,144,0,0,51,3374,0,40000,3500,0,40000,0x07
2026-09-06T15:00:06.231-03:00,145,0,0,51,3374,0,40000,3500,0,40000,0x07
2026-09-06T15:00:06.255-03:00,146,0,0,51,3374,0,40000,3500,0,40000,0x07
2026-09-06T15:00:06.273-03:00,147,0,0,51,3374,0,40000,3500,0,40000,0x07
2026-09-06T15:00:06.292-03:00,148,0,0,51,3374,0,40000,3500,0,40000,0x07
2026-09-06T15:00:06.316-03:00,149,0,0,54,3374,0,40000,3500,0,40000,0x07
2026-09-06T15:00:06.331-03:00,150,0,0,54,3374,0,40000,3500,0,40000,0x07
2026-09-06T15:00:06.353-03:00,151,0,0,56,3374,0,40000,3500,0,40000,0x07
2026-09-06T15:00:06.371-03:00,152,0,0,56,3374,0,40000,3500,0,40000,0x07
2026-09-06T15:00:06.392-03:00,153,0,0,56,3374,0,40000,3500,0,40000,0x07
2026-09-06T15:00:06.412-03:00,154,0,0,51,3374,0,40000,3500,0,40000,0x07
2026-09-06T15:00:06.432-03:00,155,0,0,51,3374,0,40000,3500,0,40000,0x07
2026-09-06T15:00:06.452-03:00,156,0,0,50,3374,0,40000,3500,0,40000,0x07
2026-09-06T15:00:06.472-03:00,157,0,0,50,3374,0,40000,3500,0,40000,0x07
2026-09-06T15:00:06.491-03:00,158,0,0,50,3374,0,40000,3500,0,40000,0x07
2026-09-06T15:00:06.515-03:00,159,0,0,52,3374,0,40000,3500,0,40000,0x07
2026-09-06T15:00:06.535-03:00,160,0,0,52,3374,0,40000,3500,0,40000,0x07
2026-09-06T15:00:06.555-03:00,161,0,0,52,3374,0,40000,3500,0,40000,0x07
2026-09-06T15:00:06.573-03:00,162,0,0,51,3374,0,40000,3500,0,40000,0x07
2026-09-06T15:00:06.592-03:00,163,0,0,51,3374,0,40000,3500,0,40000,0x07
2026-09-06T15:00:06.615-03:00,164,0,0,51,3374,0,40000,3500,0,40000,0x07
2026-09-06T15:00:06.636-03:00,165,0,0,51,3374,0,40000,3500,0,40000,0x07
2026-09-06T15:00:06.654-03:00,166,0,0,51,3374,0,40000,3500,0,40000,0x07
2026-09-06T15:00:06.672-03:00,167,0,0,51,3374,0,40000,3500,0,40000,0x07
2026-09-06T15:00:06.695-03:00,168,0,0,51,3374,0,40000,3500,0,40000,0x07
2026-09-06T15:00:06.714-03:00,169,0,0,51,3374,0,40000,3500,0,40000,0x07
2026-09-06T15:00:06.732-03:00,170,0,0,51,3374,0,40000,3500,0,40000,0x07
2026-09-06T15:00:06.756-03:00,171,0,0,51,3374,0,40000,3500,0,40000,0x07
2026-09-06T15:00:06.774-03:00,172,0,0,53,3374,0,40000,3500,0,40000,0x07
2026-09-06T15:00:06.793-03:00,173,0,0,53,3374,0,40000,3500,0,40000,0x07
2026-09-06T15:00:06.811-03:00,174,0,0,55,3374,0,40000,3500,0,40000,0x07
2026-09-06T15:00:06.834-03:00,175,0,0,55,3374,0,40000,3500,0,40000,0x07
2026-09-06T15:00:06.852-03:00,176,0,0,55,3374,0,40000,3500,0,40000,0x07
2026-09-06T15:00:06.871-03:00,177,0,0,56,3374,0,40000,3500,0,40000,0x07
2026-09-06T15:00:06.894-03:00,178,0,0,56,3374,0,40000,3500,0,40000,0x07
2026-09-06T15:00:06.912-03:00,179,0,0,56,3374,0,40000,3500,0,40000,0x07
2026-09-06T15:00:06.933-03:00,180,0,0,51,3374,0,40000,3500,0,40000,0x07
2026-09-06T15:00:06.951-03:00,181,0,0,51,3374,0,40000,3500,0,40000,0x07
2026-09-06T15:00:06.973-03:00,182,0,0,51,3374,0,40000,3500,0,40000,0x07
2026-09-06T15:00:06.996-03:00,183,0,0,53,3374,0,40000,3500,0,40000,0x07
2026-09-06T15:00:07.011-03:00,184,0,0,53,3374,0,40000,3500,0,40000,0x07
2026-09-06T15:00:07.034-03:00,185,0,0,51,3374,0,40000,3500,0,40000,0x07
2026-09-06T15:00:07.052-03:00,186,0,0,51,3374,0,40000,3500,0,40000,0x07
2026-09-06T15:00:07.071-03:00,187,0,0,51,3374,0,40000,3500,0,40000,0x07
2026-09-06T15:00:07.095-03:00,188,0,0,51,3374,0,40000,3500,0,40000,0x07
2026-09-06T15:00:07.113-03:00,189,0,0,51,3374,0,40000,3500,0,40000,0x07
2026-09-06T15:00:07.131-03:00,190,0,0,53,3374,0,40000,3500,0,40000,0x07
2026-09-06T15:00:07.151-03:00,191,0,0,53,3374,0,40000,3500,0,40000,0x07
2026-09-06T15:00:07.175-03:00,192,0,0,53,3374,0,40000,3500,0,40000,0x07
2026-09-06T15:00:07.193-03:00,193,0,0,50,3374,0,40000,3500,0,40000,0x07
2026-09-06T15:00:07.212-03:00,194,0,0,50,3374,0,40000,3500,0,40000,0x07
2026-09-06T15:00:07.231-03:00,195,0,0,54,3374,0,40000,3500,0,40000,0x07
2026-09-06T15:00:07.254-03:00,196,0,0,54,3374,0,40000,3500,0,40000,0x07
2026-09-06T15:00:07.272-03:00,197,0,0,54,3374,0,40000,3500,0,40000,0x07
2026-09-06T15:00:07.295-03:00,198,0,0,56,3374,0,40000,3500,0,40000,0x07
2026-09-06T15:00:07.313-03:00,199,0,0,56,3374,0,40000,3500,0,40000,0x07
2026-09-06T15:00:07.331-03:00,200,0,0,56,3374,0,40000,3500,0,40000,0x07
2026-09-06T15:00:07.351-03:00,201,0,0,50,3374,0,40000,3500,0,40000,0x07
2026-09-06T15:00:07.371-03:00,202,0,0,50,3374,0,40000,3500,0,40000,0x07
2026-09-06T15:00:07.395-03:00,203,0,0,50,3374,0,40000,3500,0,40000,0x07
2026-09-06T15:00:07.411-03:00,204,0,0,50,3374,0,40000,3500,0,40000,0x07
2026-09-06T15:00:07.434-03:00,205,0,0,50,3374,0,40000,3500,0,40000,0x07
2026-09-06T15:00:07.452-03:00,206,0,0,51,3374,0,40000,3500,0,40000,0x07
2026-09-06T15:00:07.472-03:00,207,0,0,51,3374,0,40000,3500,0,40000,0x07
2026-09-06T15:00:07.495-03:00,208,0,0,52,3374,0,40000,3500,0,40000,0x07
2026-09-06T15:00:07.513-03:00,209,0,0,52,3374,0,40000,3500,0,40000,0x07
2026-09-06T15:00:07.531-03:00,210,0,0,52,3374,0,40000,3500,0,40000,0x07
2026-09-06T15:00:07.555-03:00,211,0,0,51,3374,0,40000,3500,0,40000,0x07
2026-09-06T15:00:07.632-03:00,212,0,0,51,3374,0,40000,3500,0,40000,0x07
2026-09-06T15:00:07.653-03:00,213,0,0,51,3374,0,40000,3500,0,40000,0x07
2026-09-06T15:00:07.713-03:00,214,0,0,52,3374,0,40000,3500,0,40000,0x07
2026-09-06T15:00:07.713-03:00,215,0,0,50,3374,0,40000,3500,0,40000,0x07
2026-09-06T15:00:07.753-03:00,216,0,0,50,3374,0,40000,3500,0,40000,0x07
2026-09-06T15:00:07.754-03:00,219,0,0,55,3374,0,40000,3500,0,40000,0x07
2026-09-06T15:00:07.774-03:00,220,0,0,55,3374,0,40000,3500,0,40000,0x07
2026-09-06T15:00:07.794-03:00,223,0,0,55,3374,0,40000,3500,0,40000,0x07
2026-09-06T15:00:07.811-03:00,224,0,0,50,3374,0,40000,3500,0,40000,0x07
2026-09-06T15:00:07.832-03:00,225,0,0,50,3374,0,40000,3500,0,40000,0x07
2026-09-06T15:00:07.853-03:00,226,0,0,51,3374,0,40000,3500,0,40000,0x07
2026-09-06T15:00:07.871-03:00,227,0,0,51,3374,0,40000,3500,0,40000,0x07
2026-09-06T15:00:07.892-03:00,228,0,0,51,3374,0,40000,3500,0,40000,0x07
2026-09-06T15:00:07.915-03:00,229,0,0,51,3374,0,40000,3500,0,40000,0x07
2026-09-06T15:00:07.934-03:00,230,0,0,51,3374,0,40000,3500,0,40000,0x07
2026-09-06T15:00:07.974-03:00,231,0,0,51,3374,0,40000,3500,0,40000,0x07
2026-09-06T15:00:08.072-03:00,232,0,0,51,3374,0,40000,3500,0,40000,0x07
2026-09-06T15:00:08.072-03:00,233,0,0,51,3374,0,40000,3500,0,40000,0x07
2026-09-06T15:00:08.095-03:00,234,0,0,50,3374,0,40000,3500,0,40000,0x07
2026-09-06T15:00:08.115-03:00,235,0,0,52,3374,0,40000,3500,0,40000,0x07
2026-09-06T15:00:08.135-03:00,237,0,0,52,3374,0,40000,3500,0,40000,0x07
2026-09-06T15:00:08.153-03:00,241,0,0,52,3374,0,40000,3500,0,40000,0x07
2026-09-06T15:00:08.173-03:00,242,0,0,50,3374,0,40000,3500,0,40000,0x07
2026-09-06T15:00:08.191-03:00,243,0,0,50,3374,0,40000,3500,0,40000,0x07
2026-09-06T15:00:08.214-03:00,244,0,0,52,3374,0,40000,3500,0,40000,0x07
2026-09-06T15:00:08.233-03:00,245,0,0,52,3374,0,40000,3500,0,40000,0x07
2026-09-06T15:00:08.253-03:00,246,0,0,52,3374,0,40000,3500,0,40000,0x07
2026-09-06T15:00:08.271-03:00,247,0,0,50,3374,0,40000,3500,0,40000,0x07
2026-09-06T15:00:08.295-03:00,248,0,0,50,3374,0,40000,3500,0,40000,0x07
2026-09-06T15:00:08.313-03:00,249,0,0,52,3374,0,40000,3500,0,40000,0x07
2026-09-06T15:00:08.331-03:00,250,0,0,52,3374,0,40000,3500,0,40000,0x07
2026-09-06T15:00:08.355-03:00,251,0,0,52,3374,0,40000,3500,0,40000,0x07
2026-09-06T15:00:08.375-03:00,252,0,0,51,3374,0,40000,3500,0,40000,0x07
2026-09-06T15:00:08.393-03:00,253,0,0,51,3374,0,40000,3500,0,40000,0x07
2026-09-06T15:00:08.411-03:00,254,0,0,50,3374,0,40000,3500,0,40000,0x07
2026-09-06T15:00:08.435-03:00,255,0,0,50,3374,0,40000,3500,0,40000,0x07
2026-09-06T15:00:08.474-03:00,256,0,0,50,3374,0,40000,3500,0,40000,0x07
2026-09-06T15:00:08.474-03:00,257,0,0,55,3374,0,40000,3500,0,40000,0x07
2026-09-06T15:00:08.495-03:00,258,0,0,55,3374,0,40000,3500,0,40000,0x07
2026-09-06T15:00:08.514-03:00,259,0,0,55,3374,0,40000,3500,0,40000,0x07
2026-09-06T15:00:08.534-03:00,260,0,0,50,3374,0,40000,3500,0,40000,0x07
2026-09-06T15:00:08.553-03:00,261,0,0,50,3374,0,40000,3500,0,40000,0x07
2026-09-06T15:00:08.574-03:00,262,0,0,53,3374,0,40000,3500,0,40000,0x07
2026-09-06T15:00:08.594-03:00,263,0,0,53,3374,0,40000,3500,0,40000,0x07
2026-09-06T15:00:08.612-03:00,264,0,0,53,3374,0,40000,3500,0,40000,0x07
2026-09-06T15:00:08.631-03:00,265,0,0,52,3374,0,40000,3500,0,40000,0x07
2026-09-06T15:00:08.651-03:00,266,0,0,52,3374,0,40000,3500,0,40000,0x07
2026-09-06T15:00:08.671-03:00,267,0,0,52,3374,0,40000,3500,0,40000,0x07
2026-09-06T15:00:08.695-03:00,268,0,0,51,3374,0,40000,3500,0,40000,0x07
2026-09-06T15:00:08.713-03:00,269,0,0,51,3374,0,40000,3500,0,40000,0x07
2026-09-06T15:00:08.731-03:00,270,0,0,56,3374,0,40000,3500,0,40000,0x07
2026-09-06T15:00:08.755-03:00,271,0,0,56,3374,0,40000,3500,0,40000,0x07
2026-09-06T15:00:08.775-03:00,272,0,0,56,3374,0,40000,3500,0,40000,0x07
2026-09-06T15:00:08.794-03:00,273,0,0,50,3374,0,40000,3500,0,40000,0x07
2026-09-06T15:00:08.812-03:00,274,0,0,50,3374,0,40000,3500,0,40000,0x07
2026-09-06T15:00:08.833-03:00,275,0,0,54,3374,0,40000,3500,0,40000,0x07
2026-09-06T15:00:08.853-03:00,276,0,0,54,3374,0,40000,3500,0,40000,0x07
2026-09-06T15:00:08.872-03:00,277,0,0,54,3374,0,40000,3500,0,40000,0x07
2026-09-06T15:00:08.895-03:00,278,0,0,56,3374,0,40000,3500,0,40000,0x07
2026-09-06T15:00:08.914-03:00,279,0,0,56,3374,0,40000,3500,0,40000,0x07
2026-09-06T15:00:08.932-03:00,280,0,0,56,3374,0,40000,3500,0,40000,0x07
2026-09-06T15:00:08.952-03:00,281,0,0,52,3374,0,40000,3500,0,40000,0x07
2026-09-06T15:00:08.971-03:00,282,0,0,52,3374,0,40000,3500,0,40000,0x07
2026-09-06T15:00:08.994-03:00,283,0,0,52,3374,0,40000,3500,0,40000,0x07
2026-09-06T15:00:09.013-03:00,284,0,0,53,3374,0,40000,3500,0,40000,0x07
2026-09-06T15:00:09.031-03:00,285,0,0,53,3374,0,40000,3500,0,40000,0x07
2026-09-06T15:00:09.053-03:00,286,0,0,56,3374,0,40000,3500,0,40000,0x07
2026-09-06T15:00:09.073-03:00,287,0,0,56,3374,0,40000,3500,0,40000,0x07
2026-09-06T15:00:09.092-03:00,288,0,0,56,3374,0,40000,3500,0,40000,0x07
2026-09-06T15:00:09.115-03:00,289,0,0,51,3374,0,40000,3500,0,40000,0x07
2026-09-06T15:00:09.135-03:00,290,0,0,51,3374,0,40000,3500,0,40000,0x07
2026-09-06T15:00:09.154-03:00,291,0,0,51,3374,0,40000,3500,0,40000,0x07
2026-09-06T15:00:09.173-03:00,292,0,0,52,3374,0,40000,3500,0,40000,0x07
2026-09-06T15:00:09.191-03:00,293,0,0,52,3374,0,40000,3500,0,40000,0x07
2026-09-06T15:00:09.215-03:00,294,0,0,51,3374,0,40000,3500,0,40000,0x07
2026-09-06T15:00:09.230-03:00,295,0,0,51,3374,0,40000,3500,0,40000,0x07
2026-09-06T15:00:09.254-03:00,296,0,0,51,3374,0,40000,3500,0,40000,0x07
2026-09-06T15:00:09.272-03:00,297,0,0,51,3374,0,40000,3500,0,40000,0x07
2026-09-06T15:00:09.292-03:00,298,0,0,51,3374,0,40000,3500,0,40000,0x07
2026-09-06T15:00:09.316-03:00,299,0,0,56,3374,0,40000,3500,0,40000,0x07
2026-09-06T15:00:09.334-03:00,300,0,0,56,3374,0,40000,3500,0,40000,0x07
2026-09-06T15:00:09.352-03:00,301,0,0,56,3374,0,40000,3500,0,40000,0x07
2026-09-06T15:00:09.373-03:00,302,0,0,51,3374,0,40000,3500,0,40000,0x07
2026-09-06T15:00:09.391-03:00,303,0,0,51,3374,0,40000,3500,0,40000,0x07
2026-09-06T15:00:09.415-03:00,304,0,0,51,3374,0,40000,3500,0,40000,0x07
2026-09-06T15:00:09.453-03:00,305,0,0,52,3374,0,40000,3500,0,40000,0x07
2026-09-06T15:00:09.453-03:00,306,0,0,52,3374,0,40000,3500,0,40000,0x07
2026-09-06T15:00:09.471-03:00,307,0,0,57,3374,0,40000,3500,0,40000,0x07
2026-09-06T15:00:09.491-03:00,308,0,0,57,3374,0,40000,3500,0,40000,0x07
2026-09-06T15:00:09.514-03:00,309,0,0,57,3374,0,40000,3500,0,40000,0x07
2026-09-06T15:00:09.554-03:00,310,0,0,56,3374,0,40000,3500,0,40000,0x07
2026-09-06T15:00:09.554-03:00,311,0,0,56,3374,0,40000,3500,0,40000,0x07
2026-09-06T15:00:09.572-03:00,312,0,0,56,3374,0,40000,3500,0,40000,0x07
2026-09-06T15:00:09.591-03:00,313,0,0,52,3374,0,40000,3500,0,40000,0x07
2026-09-06T15:00:09.614-03:00,314,0,0,52,3374,0,40000,3500,0,40000,0x07
2026-09-06T15:00:09.635-03:00,315,0,0,50,3374,0,40000,3500,0,40000,0x07
2026-09-06T15:00:09.653-03:00,316,0,0,50,3374,0,40000,3500,0,40000,0x07
2026-09-06T15:00:09.673-03:00,317,0,0,50,3374,0,40000,3500,0,40000,0x07
2026-09-06T15:00:09.693-03:00,318,0,0,52,3374,0,40000,3500,0,40000,0x07
2026-09-06T15:00:09.712-03:00,319,0,0,52,3374,0,40000,3500,0,40000,0x07
2026-09-06T15:00:09.735-03:00,320,0,0,50,3374,0,40000,3500,0,40000,0x07
2026-09-06T15:00:09.754-03:00,321,0,0,50,3374,0,40000,3500,0,40000,0x07
2026-09-06T15:00:09.772-03:00,322,0,0,50,3374,0,40000,3500,0,40000,0x07
2026-09-06T15:00:09.791-03:00,323,0,0,51,3374,0,40000,3500,0,40000,0x07
2026-09-06T15:00:09.814-03:00,324,0,0,51,3374,0,40000,3500,0,40000,0x07
2026-09-06T15:00:09.833-03:00,325,0,0,51,3374,0,40000,3500,0,40000,0x07
2026-09-06T15:00:09.851-03:00,326,0,0,52,3374,0,40000,3500,0,40000,0x07
2026-09-06T15:00:09.875-03:00,327,0,0,52,3374,0,40000,3500,0,40000,0x07
2026-09-06T15:00:09.936-03:00,328,0,0,56,3374,0,40000,3500,0,40000,0x07
2026-09-06T15:00:09.972-03:00,329,0,0,56,3374,0,40000,3500,0,40000,0x07
2026-09-06T15:00:09.972-03:00,330,0,0,56,3374,0,40000,3500,0,40000,0x07
2026-09-06T15:00:10.012-03:00,331,0,0,52,3374,0,40000,3500,0,40000,0x07
2026-09-06T15:00:10.032-03:00,332,0,0,52,3374,0,40000,3500,0,40000,0x07
2026-09-06T15:00:10.055-03:00,335,0,0,52,3374,0,40000,3500,0,40000,0x07
2026-09-06T15:00:10.133-03:00,336,0,0,51,3374,0,40000,3500,0,40000,0x07
2026-09-06T15:00:10.153-03:00,337,0,0,51,3374,0,40000,3500,0,40000,0x07
2026-09-06T15:00:10.153-03:00,339,0,0,50,3374,0,40000,3500,0,40000,0x07
2026-09-06T15:00:10.173-03:00,340,0,0,50,3374,0,40000,3500,0,40000,0x07
2026-09-06T15:00:10.193-03:00,341,0,0,52,3374,0,40000,3500,0,40000,0x07
2026-09-06T15:00:10.233-03:00,344,0,0,52,3374,0,40000,3500,0,40000,0x07
2026-09-06T15:00:10.255-03:00,345,0,0,52,3374,0,40000,3500,0,40000,0x07
2026-09-06T15:00:10.255-03:00,346,0,0,54,3374,0,40000,3500,0,40000,0x07
2026-09-06T15:00:10.273-03:00,347,0,0,54,3374,0,40000,3500,0,40000,0x07
2026-09-06T15:00:10.292-03:00,348,0,0,54,3374,0,40000,3500,0,40000,0x07
2026-09-06T15:00:10.312-03:00,349,0,0,52,3374,0,40000,3500,0,40000,0x07
2026-09-06T15:00:10.330-03:00,350,0,0,52,3374,0,40000,3500,0,40000,0x07
2026-09-06T15:00:10.351-03:00,351,0,0,52,3374,0,40000,3500,0,40000,0x07
2026-09-06T15:00:10.375-03:00,352,0,0,50,3374,0,40000,3500,0,40000,0x07
2026-09-06T15:00:10.394-03:00,353,0,0,50,3374,0,40000,3500,0,40000,0x07
2026-09-06T15:00:10.412-03:00,354,0,0,50,3374,0,40000,3500,0,40000,0x07
2026-09-06T15:00:10.432-03:00,355,0,0,50,3374,0,40000,3500,0,40000,0x07
2026-09-06T15:00:10.455-03:00,356,0,0,50,3374,0,40000,3500,0,40000,0x07
2026-09-06T15:00:10.473-03:00,357,0,0,53,3374,0,40000,3500,0,40000,0x07
2026-09-06T15:00:10.491-03:00,358,0,0,53,3374,0,40000,3500,0,40000,0x07
2026-09-06T15:00:10.512-03:00,359,0,0,50,3374,0,40000,3500,0,40000,0x07
2026-09-06T15:00:10.534-03:00,360,0,0,50,3374,0,40000,3500,0,40000,0x07
2026-09-06T15:00:10.553-03:00,361,0,0,50,3374,0,40000,3500,0,40000,0x07
2026-09-06T15:00:10.572-03:00,362,0,0,51,3374,0,40000,3500,0,40000,0x07
2026-09-06T15:00:10.595-03:00,363,0,0,51,3374,0,40000,3500,0,40000,0x07
2026-09-06T15:00:10.613-03:00,364,0,0,54,3374,0,40000,3500,0,40000,0x07
2026-09-06T15:00:10.651-03:00,365,0,0,54,3374,0,40000,3500,0,40000,0x07
2026-09-06T15:00:10.651-03:00,366,0,0,54,3374,0,40000,3500,0,40000,0x07
2026-09-06T15:00:10.672-03:00,367,0,0,52,3374,0,40000,3500,0,40000,0x07
2026-09-06T15:00:10.692-03:00,368,0,0,52,3374,0,40000,3500,0,40000,0x07
2026-09-06T15:00:10.712-03:00,369,0,0,52,3374,0,40000,3500,0,40000,0x07
2026-09-06T15:00:10.731-03:00,370,0,0,51,3374,0,40000,3500,0,40000,0x07
2026-09-06T15:00:10.755-03:00,371,0,0,51,3374,0,40000,3500,0,40000,0x07
2026-09-06T15:00:10.773-03:00,372,0,0,50,3374,0,40000,3500,0,40000,0x07
2026-09-06T15:00:10.792-03:00,373,0,0,50,3374,0,40000,3500,0,40000,0x07
2026-09-06T15:00:10.815-03:00,374,0,0,50,3374,0,40000,3500,0,40000,0x07
2026-09-06T15:00:10.833-03:00,375,0,0,53,3374,0,40000,3500,0,40000,0x07
2026-09-06T15:00:10.852-03:00,376,0,0,53,3374,0,40000,3500,0,40000,0x07
2026-09-06T15:00:10.871-03:00,377,0,0,56,3374,0,40000,3500,0,40000,0x07
2026-09-06T15:00:10.895-03:00,378,0,0,56,3374,0,40000,3500,0,40000,0x07
2026-09-06T15:00:10.915-03:00,379,0,0,56,3374,0,40000,3500,0,40000,0x07
2026-09-06T15:00:10.936-03:00,380,0,0,57,3374,0,40000,3500,0,40000,0x07
2026-09-06T15:00:10.950-03:00,381,0,0,57,3374,0,40000,3500,0,40000,0x07
2026-09-06T15:00:10.974-03:00,382,0,0,57,3374,0,40000,3500,0,40000,0x07
2026-09-06T15:00:10.992-03:00,383,0,0,50,3374,0,40000,3500,0,40000,0x07
2026-09-06T15:00:11.016-03:00,384,0,0,50,3374,0,40000,3500,0,40000,0x07
2026-09-06T15:00:11.034-03:00,385,0,0,52,3374,0,40000,3500,0,40000,0x07
2026-09-06T15:00:11.052-03:00,386,0,0,52,3374,0,40000,3500,0,40000,0x07
2026-09-06T15:00:11.075-03:00,387,0,0,52,3374,0,40000,3500,0,40000,0x07
2026-09-06T15:00:11.093-03:00,388,0,0,50,3374,0,40000,3500,0,40000,0x07
2026-09-06T15:00:11.112-03:00,389,0,0,50,3374,0,40000,3500,0,40000,0x07
2026-09-06T15:00:11.135-03:00,390,0,0,52,3374,0,40000,3500,0,40000,0x07
2026-09-06T15:00:11.154-03:00,391,0,0,52,3374,0,40000,3500,0,40000,0x07
2026-09-06T15:00:11.174-03:00,392,0,0,52,3374,0,40000,3500,0,40000,0x07
2026-09-06T15:00:11.194-03:00,393,0,0,51,3374,0,40000,3500,0,40000,0x07
2026-09-06T15:00:11.211-03:00,394,0,0,51,3374,0,40000,3500,0,40000,0x07
2026-09-06T15:00:11.235-03:00,395,0,0,51,3374,0,40000,3500,0,40000,0x07
2026-09-06T15:00:11.275-03:00,396,0,0,51,3374,0,40000,3500,0,40000,0x07
2026-09-06T15:00:11.275-03:00,397,0,0,51,3374,0,40000,3500,0,40000,0x07
2026-09-06T15:00:11.314-03:00,398,0,0,50,3374,0,40000,3500,0,40000,0x07
2026-09-06T15:00:11.314-03:00,399,0,0,50,3374,0,40000,3500,0,40000,0x07
2026-09-06T15:00:11.334-03:00,400,0,0,50,3374,0,40000,3500,0,40000,0x07
2026-09-06T15:00:11.351-03:00,401,0,0,52,3374,0,40000,3500,0,40000,0x07
2026-09-06T15:00:11.374-03:00,402,0,0,52,3374,0,40000,3500,0,40000,0x07
2026-09-06T15:00:11.392-03:00,403,0,0,54,3374,0,40000,3500,0,40000,0x07
2026-09-06T15:00:11.413-03:00,404,0,0,54,3374,0,40000,3500,0,40000,0x07
2026-09-06T15:00:11.431-03:00,405,0,0,54,3374,0,40000,3500,0,40000,0x07
2026-09-06T15:00:11.471-03:00,406,0,0,52,3374,0,40000,3500,0,40000,0x07
2026-09-06T15:00:11.535-03:00,407,0,0,52,3374,0,40000,3500,0,40000,0x07
2026-09-06T15:00:11.535-03:00,408,0,0,52,3374,0,40000,3500,0,40000,0x07
2026-09-06T15:00:11.552-03:00,409,0,0,52,3374,0,40000,3500,0,40000,0x07
2026-09-06T15:00:11.575-03:00,410,0,0,51,3374,0,40000,3500,0,40000,0x07
2026-09-06T15:00:11.592-03:00,412,0,0,51,3374,0,40000,3500,0,40000,0x07
2026-09-06T15:00:11.615-03:00,414,0,0,52,3374,0,40000,3500,0,40000,0x07
2026-09-06T15:00:11.634-03:00,415,0,0,52,3374,0,40000,3500,0,40000,0x07
2026-09-06T15:00:11.651-03:00,416,0,0,52,3374,0,40000,3500,0,40000,0x07
2026-09-06T15:00:11.695-03:00,417,0,0,52,3374,0,40000,3500,0,40000,0x07
2026-09-06T15:00:11.695-03:00,418,0,0,52,3374,0,40000,3500,0,40000,0x07
2026-09-06T15:00:11.713-03:00,419,0,0,51,3374,0,40000,3500,0,40000,0x07
2026-09-06T15:00:11.734-03:00,420,0,0,51,3374,0,40000,3500,0,40000,0x07
2026-09-06T15:00:11.753-03:00,421,0,0,51,3374,0,40000,3500,0,40000,0x07
2026-09-06T15:00:11.774-03:00,422,0,0,51,3374,0,40000,3500,0,40000,0x07
2026-09-06T15:00:11.794-03:00,423,0,0,51,3374,0,40000,3500,0,40000,0x07
2026-09-06T15:00:11.814-03:00,424,0,0,50,3374,0,40000,3500,0,40000,0x07
2026-09-06T15:00:11.835-03:00,425,0,0,50,3374,0,40000,3500,0,40000,0x07
2026-09-06T15:00:11.852-03:00,426,0,0,50,3374,0,40000,3500,0,40000,0x07
2026-09-06T15:00:11.875-03:00,427,0,0,53,3374,0,40000,3500,0,40000,0x07
2026-09-06T15:00:11.896-03:00,428,0,0,53,3374,0,40000,3500,0,40000,0x07
2026-09-06T15:00:11.914-03:00,429,0,0,53,3374,0,40000,3500,0,40000,0x07
2026-09-06T15:00:11.932-03:00,430,0,0,53,3374,0,40000,3500,0,40000,0x07
2026-09-06T15:00:11.952-03:00,431,0,0,53,3374,0,40000,3500,0,40000,0x07
2026-09-06T15:00:11.973-03:00,432,0,0,50,3374,0,40000,3500,0,40000,0x07
2026-09-06T15:00:11.995-03:00,433,0,0,50,3374,0,40000,3500,0,40000,0x07
2026-09-06T15:00:12.012-03:00,434,0,0,51,3374,0,40000,3500,0,40000,0x07
2026-09-06T15:00:12.035-03:00,435,0,0,51,3374,0,40000,3500,0,40000,0x07
2026-09-06T15:00:12.052-03:00,436,0,0,51,3374,0,40000,3500,0,40000,0x07
2026-09-06T15:00:12.071-03:00,437,0,0,51,3374,0,40000,3500,0,40000,0x07
2026-09-06T15:00:12.095-03:00,438,0,0,51,3374,0,40000,3500,0,40000,0x07
2026-09-06T15:00:12.115-03:00,439,0,0,51,3374,0,40000,3500,0,40000,0x07
2026-09-06T15:00:12.133-03:00,440,0,0,54,3374,0,40000,3500,0,40000,0x07
2026-09-06T15:00:12.151-03:00,441,0,0,54,3374,0,40000,3500,0,40000,0x07
2026-09-06T15:00:12.174-03:00,442,0,0,51,3374,0,40000,3500,0,40000,0x07
2026-09-06T15:00:12.192-03:00,443,0,0,51,3374,0,40000,3500,0,40000,0x07
2026-09-06T15:00:12.213-03:00,444,0,0,51,3374,0,40000,3500,0,40000,0x07
2026-09-06T15:00:12.232-03:00,445,0,0,50,3374,0,40000,3500,0,40000,0x07
2026-09-06T15:00:12.292-03:00,446,0,0,50,3374,0,40000,3500,0,40000,0x07
2026-09-06T15:00:12.316-03:00,447,0,0,56,3374,0,40000,3500,0,40000,0x07
2026-09-06T15:00:12.332-03:00,448,0,0,56,3374,0,40000,3500,0,40000,0x07
2026-09-06T15:00:12.374-03:00,449,0,0,51,3374,0,40000,3500,0,40000,0x07
2026-09-06T15:00:12.374-03:00,450,0,0,51,3374,0,40000,3500,0,40000,0x07
2026-09-06T15:00:12.391-03:00,453,0,0,51,3374,0,40000,3500,0,40000,0x07
2026-09-06T15:00:12.411-03:00,454,0,0,51,3374,0,40000,3500,0,40000,0x07
2026-09-06T15:00:12.435-03:00,455,0,0,51,3374,0,40000,3500,0,40000,0x07
2026-09-06T15:00:12.455-03:00,456,0,0,51,3374,0,40000,3500,0,40000,0x07
2026-09-06T15:00:12.473-03:00,457,0,0,51,3374,0,40000,3500,0,40000,0x07
2026-09-06T15:00:12.491-03:00,458,0,0,50,3374,0,40000,3500,0,40000,0x07
2026-09-06T15:00:12.534-03:00,459,0,0,50,3374,0,40000,3500,0,40000,0x07
2026-09-06T15:00:12.554-03:00,460,0,0,55,3374,0,40000,3500,0,40000,0x07
2026-09-06T15:00:12.591-03:00,461,0,0,55,3374,0,40000,3500,0,40000,0x07
2026-09-06T15:00:12.613-03:00,462,0,0,51,3374,0,40000,3500,0,40000,0x07
2026-09-06T15:00:12.653-03:00,463,0,0,51,3374,0,40000,3500,0,40000,0x07
2026-09-06T15:00:12.653-03:00,465,0,0,51,3374,0,40000,3500,0,40000,0x07
2026-09-06T15:00:12.673-03:00,466,0,0,51,3374,0,40000,3500,0,40000,0x07
2026-09-06T15:00:12.695-03:00,468,0,0,50,3374,0,40000,3500,0,40000,0x07
2026-09-06T15:00:12.733-03:00,469,0,0,50,3374,0,40000,3500,0,40000,0x07
2026-09-06T15:00:12.751-03:00,470,0,0,50,3374,0,40000,3500,0,40000,0x07
2026-09-06T15:00:12.774-03:00,471,0,0,54,3374,0,40000,3500,0,40000,0x07
2026-09-06T15:00:12.774-03:00,472,0,0,54,3374,0,40000,3500,0,40000,0x07
2026-09-06T15:00:12.794-03:00,473,0,0,51,3374,0,40000,3500,0,40000,0x07
2026-09-06T15:00:12.813-03:00,474,0,0,51,3374,0,40000,3500,0,40000,0x07
2026-09-06T15:00:12.855-03:00,475,0,0,51,3374,0,40000,3500,0,40000,0x07
2026-09-06T15:00:12.855-03:00,476,0,0,51,3374,0,40000,3500,0,40000,0x07
2026-09-06T15:00:12.872-03:00,477,0,0,51,3374,0,40000,3500,0,40000,0x07
2026-09-06T15:00:12.953-03:00,478,0,0,57,3374,0,40000,3500,0,40000,0x07
2026-09-06T15:00:12.975-03:00,479,0,0,57,3374,0,40000,3500,0,40000,0x07
2026-09-06T15:00:12.994-03:00,480,0,0,57,3374,0,40000,3500,0,40000,0x07
2026-09-06T15:00:13.012-03:00,481,0,0,52,3374,0,40000,3500,0,40000,0x07
2026-09-06T15:00:13.035-03:00,482,0,0,52,3374,0,40000,3500,0,40000,0x07
2026-09-06T15:00:13.114-03:00,485,0,0,53,3374,0,40000,3500,0,40000,0x07
2026-09-06T15:00:13.114-03:00,486,0,0,53,3374,0,40000,3500,0,40000,0x07
2026-09-06T15:00:13.133-03:00,488,0,0,53,3374,0,40000,3500,0,40000,0x07
2026-09-06T15:00:13.151-03:00,489,0,0,50,3374,0,40000,3500,0,40000,0x07
2026-09-06T15:00:13.212-03:00,490,0,0,50,3374,0,40000,3500,0,40000,0x07
2026-09-06T15:00:13.252-03:00,493,0,0,50,3374,0,40000,3500,0,40000,0x07
2026-09-06T15:00:13.252-03:00,494,0,0,54,3374,0,40000,3500,0,40000,0x07
2026-09-06T15:00:13.378-03:00,495,0,0,54,3374,0,40000,3500,0,40000,0x07
2026-09-06T15:00:13.423-03:00,496,0,0,50,3374,0,40000,3500,0,40000,0x07
2026-09-06T15:00:13.467-03:00,498,0,0,53,3374,0,40000,3500,0,40000,0x07
