timestamp,sequence,team,robot_id,interval_ms,left_target_eps,left_measured_eps,left_duty,right_target_eps,right_measured_eps,right_duty,flags
2026-09-06T12:44:11.479-03:00,65535,255,0,0,0,0,0,0,0,0,0x03
2026-09-06T12:44:11.502-03:00,504,0,0,50,0,0,0,0,0,0,0x03
2026-09-06T12:44:11.520-03:00,505,0,0,54,0,0,0,0,0,0,0x03
2026-09-06T12:44:11.538-03:00,505,0,0,54,0,0,0,0,0,0,0x03
2026-09-06T12:44:11.562-03:00,505,0,0,54,0,0,0,0,0,0,0x03
2026-09-06T12:44:11.580-03:00,505,0,0,52,0,0,0,0,0,0,0x03
2026-09-06T12:44:11.600-03:00,505,0,0,52,0,0,0,0,0,0,0x03
2026-09-06T12:44:11.620-03:00,505,0,0,52,0,0,0,0,0,0,0x03
2026-09-06T12:44:11.643-03:00,505,0,0,51,0,0,0,0,0,0,0x03
2026-09-06T12:44:11.661-03:00,505,0,0,51,0,0,0,0,0,0,0x03
2026-09-06T12:44:11.683-03:00,8,0,0,52,0,0,30741,0,0,31098,0x07
2026-09-06T12:44:11.701-03:00,9,0,0,52,0,0,30741,0,0,31098,0x07
2026-09-06T12:44:11.739-03:00,10,0,0,51,3374,1059,40000,3500,0,40000,0x07
2026-09-06T12:44:11.762-03:00,11,0,0,51,3374,1059,40000,3500,0,40000,0x07
2026-09-06T12:44:11.801-03:00,12,0,0,61,3374,2672,33724,3500,0,40000,0x07
2026-09-06T12:44:11.819-03:00,13,0,0,61,3374,2672,33724,3500,0,40000,0x07
2026-09-06T12:44:11.840-03:00,15,0,0,61,3374,2672,33724,3500,0,40000,0x07
2026-09-06T12:44:11.858-03:00,16,0,0,62,3374,2919,32673,3500,0,40000,0x07
2026-09-06T12:44:11.882-03:00,17,0,0,62,3374,2919,32673,3500,0,40000,0x07
2026-09-06T12:44:11.900-03:00,18,0,0,62,3374,2919,32673,3500,0,40000,0x07
2026-09-06T12:44:11.923-03:00,19,0,0,59,3374,2678,33699,3500,0,40000,0x07
2026-09-06T12:44:11.941-03:00,20,0,0,59,3374,2678,33699,3500,0,40000,0x07
2026-09-06T12:44:11.983-03:00,21,0,0,59,3374,2678,33699,3500,0,40000,0x07
2026-09-06T12:44:11.983-03:00,22,0,0,50,3374,2660,33776,3500,0,40000,0x07
2026-09-06T12:44:12.001-03:00,23,0,0,50,3374,2660,33776,3500,0,40000,0x07
2026-09-06T12:44:12.021-03:00,24,0,0,52,3374,2827,33066,3500,0,40000,0x07
2026-09-06T12:44:12.041-03:00,25,0,0,52,3374,2827,33066,3500,0,40000,0x07
2026-09-06T12:44:12.061-03:00,26,0,0,52,3374,2827,33066,3500,0,40000,0x07
2026-09-06T12:44:12.101-03:00,27,0,0,59,3374,2678,33699,3500,0,40000,0x07
2026-09-06T12:44:12.101-03:00,28,0,0,59,3374,2678,33699,3500,0,40000,0x07
2026-09-06T12:44:12.123-03:00,29,0,0,59,3374,2678,33699,3500,0,40000,0x07
2026-09-06T12:44:12.143-03:00,30,0,0,59,3374,2678,33699,3500,0,40000,0x07
2026-09-06T12:44:12.161-03:00,31,0,0,59,3374,2678,33699,3500,0,40000,0x07
2026-09-06T12:44:12.179-03:00,32,0,0,59,3374,2678,33699,3500,0,40000,0x07
2026-09-06T12:44:12.199-03:00,33,0,0,50,3374,2720,33520,3500,0,40000,0x07
2026-09-06T12:44:12.223-03:00,34,0,0,50,3374,2720,33520,3500,0,40000,0x07
2026-09-06T12:44:12.243-03:00,35,0,0,52,3374,2769,33311,3500,0,40000,0x07
2026-09-06T12:44:12.261-03:00,36,0,0,52,3374,2769,33311,3500,0,40000,0x07
2026-09-06T12:44:12.281-03:00,37,0,0,52,3374,2769,33311,3500,0,40000,0x07
2026-09-06T12:44:12.303-03:00,38,0,0,59,3374,2644,33843,3500,0,40000,0x07
2026-09-06T12:44:12.320-03:00,39,0,0,59,3374,2644,33843,3500,0,40000,0x07
2026-09-06T12:44:12.340-03:00,40,0,0,59,3374,2644,33843,3500,0,40000,0x07
2026-09-06T12:44:12.382-03:00,41,0,0,59,3374,2729,33483,3500,0,40000,0x07
2026-09-06T12:44:12.400-03:00,42,0,0,59,3374,2729,33483,3500,0,40000,0x07
2026-09-06T12:44:12.418-03:00,43,0,0,59,3374,2729,33483,3500,0,40000,0x07
2026-09-06T12:44:12.442-03:00,44,0,0,50,3374,2780,33266,3500,0,40000,0x07
2026-09-06T12:44:12.460-03:00,45,0,0,50,3374,2780,33266,3500,0,40000,0x07
2026-09-06T12:44:12.483-03:00,47,0,0,67,3374,2746,33409,3500,0,40000,0x07
2026-09-06T12:44:12.498-03:00,48,0,0,67,3374,2746,33409,3500,0,40000,0x07
2026-09-06T12:44:12.540-03:00,49,0,0,67,3374,2746,33409,3500,0,40000,0x07
2026-09-06T12:44:12.563-03:00,50,0,0,50,3374,2640,33860,3500,0,40000,0x07
2026-09-06T12:44:12.581-03:00,51,0,0,50,3374,2640,33860,3500,0,40000,0x07
2026-09-06T12:44:12.603-03:00,52,0,0,50,3374,2840,33010,3500,0,40000,0x07
2026-09-06T12:44:12.621-03:00,53,0,0,50,3374,2840,33010,3500,0,40000,0x07
2026-09-06T12:44:12.641-03:00,55,0,0,62,3374,2677,33701,3500,0,40000,0x07
2026-09-06T12:44:12.681-03:00,56,0,0,62,3374,2677,33701,3500,0,40000,0x07
2026-09-06T12:44:12.681-03:00,57,0,0,62,3374,2677,33701,3500,0,40000,0x07
2026-09-06T12:44:12.699-03:00,58,0,0,59,3374,2729,33483,3500,0,40000,0x07
2026-09-06T12:44:12.723-03:00,59,0,0,59,3374,2729,33483,3500,0,40000,0x07
2026-09-06T12:44:12.740-03:00,60,0,0,59,3374,2729,33483,3500,0,40000,0x07
2026-09-06T12:44:12.758-03:00,61,0,0,59,3374,2695,33627,3500,0,40000,0x07
2026-09-06T12:44:12.781-03:00,62,0,0,59,3374,2695,33627,3500,0,40000,0x07
2026-09-06T12:44:12.821-03:00,63,0,0,59,3374,2695,33627,3500,0,40000,0x07
2026-09-06T12:44:12.821-03:00,64,0,0,61,3374,2721,33515,3500,0,40000,0x07
2026-09-06T12:44:12.839-03:00,65,0,0,61,3374,2721,33515,3500,0,40000,0x07
2026-09-06T12:44:12.858-03:00,66,0,0,61,3374,2721,33515,3500,0,40000,0x07
2026-09-06T12:44:12.880-03:00,67,0,0,62,3374,2726,33496,3500,0,40000,0x07
2026-09-06T12:44:12.899-03:00,68,0,0,62,3374,2726,33496,3500,0,40000,0x07
2026-09-06T12:44:12.922-03:00,69,0,0,62,3374,2726,33496,3500,0,40000,0x07
2026-09-06T12:44:12.959-03:00,70,0,0,59,3374,2695,33627,3500,0,40000,0x07
2026-09-06T12:44:12.959-03:00,71,0,0,59,3374,2695,33627,3500,0,40000,0x07
2026-09-06T12:44:12.982-03:00,72,0,0,59,3374,2695,33627,3500,0,40000,0x07
2026-09-06T12:44:13.000-03:00,73,0,0,62,3374,2806,33153,3500,0,40000,0x07
2026-09-06T12:44:13.023-03:00,74,0,0,62,3374,2806,33153,3500,0,40000,0x07
2026-09-06T12:44:13.041-03:00,75,0,0,62,3374,2806,33153,3500,0,40000,0x07
2026-09-06T12:44:13.059-03:00,76,0,0,59,3374,2712,33555,3500,0,40000,0x07
2026-09-06T12:44:13.102-03:00,77,0,0,59,3374,2712,33555,3500,0,40000,0x07
2026-09-06T12:44:13.120-03:00,78,0,0,59,3374,2712,33555,3500,0,40000,0x07
2026-09-06T12:44:13.139-03:00,79,0,0,59,3374,2627,33915,3500,0,40000,0x07
2026-09-06T12:44:13.163-03:00,80,0,0,59,3374,2627,33915,3500,0,40000,0x07
2026-09-06T12:44:13.181-03:00,81,0,0,51,3374,2765,33330,3500,0,40000,0x07
2026-09-06T12:44:13.200-03:00,83,0,0,51,3374,2765,33330,3500,0,40000,0x07
2026-09-06T12:44:13.239-03:00,84,0,0,52,3374,2769,33311,3500,0,40000,0x07
2026-09-06T12:44:13.262-03:00,85,0,0,52,3374,2769,33311,3500,0,40000,0x07
2026-09-06T12:44:13.300-03:00,86,0,0,52,3374,2769,33311,3500,0,40000,0x07
2026-09-06T12:44:13.300-03:00,87,0,0,50,3374,2660,33776,3500,0,40000,0x07
2026-09-06T12:44:13.319-03:00,88,0,0,50,3374,2660,33776,3500,0,40000,0x07
2026-09-06T12:44:13.340-03:00,90,0,0,67,3374,2791,33219,3500,0,40000,0x07
2026-09-06T12:44:13.381-03:00,91,0,0,67,3374,2791,33219,3500,0,40000,0x07
2026-09-06T12:44:13.400-03:00,92,0,0,67,3374,2791,33219,3500,0,40000,0x07
2026-09-06T12:44:13.420-03:00,93,0,0,50,3374,2600,34030,3500,0,40000,0x07
2026-09-06T12:44:13.443-03:00,94,0,0,52,3374,2808,33148,3500,0,40000,0x07
2026-09-06T12:44:13.461-03:00,95,0,0,52,3374,2808,33148,3500,0,40000,0x07
2026-09-06T12:44:13.481-03:00,97,0,0,52,3374,2808,33148,3500,0,40000,0x07
2026-09-06T12:44:13.519-03:00,98,0,0,59,3374,2678,33699,3500,0,40000,0x07
2026-09-06T12:44:13.539-03:00,99,0,0,59,3374,2678,33699,3500,0,40000,0x07
2026-09-06T12:44:13.562-03:00,100,0,0,59,3374,2678,33699,3500,0,40000,0x07
2026-09-06T12:44:13.582-03:00,101,0,0,51,3374,2588,34080,3500,0,40000,0x07
2026-09-06T12:44:13.599-03:00,102,0,0,51,3374,2588,34080,3500,0,40000,0x07
2026-09-06T12:44:13.622-03:00,104,0,0,56,3374,2804,33165,3500,0,40000,0x07
2026-09-06T12:44:13.640-03:00,105,0,0,56,3374,2804,33165,3500,0,40000,0x07
2026-09-06T12:44:13.663-03:00,106,0,0,55,3374,2727,33490,3500,0,40000,0x07
2026-09-06T12:44:13.681-03:00,107,0,0,55,3374,2727,33490,3500,0,40000,0x07
2026-09-06T12:44:13.699-03:00,108,0,0,55,3374,2727,33490,3500,0,40000,0x07
2026-09-06T12:44:13.722-03:00,109,0,0,59,3374,2678,33699,3500,0,40000,0x07
2026-09-06T12:44:13.740-03:00,110,0,0,59,3374,2678,33699,3500,0,40000,0x07
2026-09-06T12:44:13.760-03:00,111,0,0,59,3374,2678,33699,3500,0,40000,0x07
2026-09-06T12:44:13.781-03:00,112,0,0,59,3374,2661,33771,3500,0,40000,0x07
2026-09-06T12:44:13.800-03:00,113,0,0,59,3374,2661,33771,3500,0,40000,0x07
2026-09-06T12:44:13.820-03:00,114,0,0,59,3374,2661,33771,3500,0,40000,0x07
2026-09-06T12:44:13.838-03:00,115,0,0,50,3374,2800,33180,3500,0,40000,0x07
2026-09-06T12:44:13.861-03:00,116,0,0,50,3374,2800,33180,3500,0,40000,0x07
2026-09-06T12:44:13.880-03:00,117,0,0,52,3374,2635,33883,3500,0,40000,0x07
2026-09-06T12:44:13.903-03:00,118,0,0,52,3374,2635,33883,3500,0,40000,0x07
2026-09-06T12:44:13.921-03:00,119,0,0,52,3374,2635,33883,3500,0,40000,0x07
2026-09-06T12:44:13.939-03:00,120,0,0,59,3374,2695,33627,3500,0,40000,0x07
2026-09-06T12:44:13.962-03:00,121,0,0,59,3374,2695,33627,3500,0,40000,0x07
2026-09-06T12:44:13.982-03:00,122,0,0,59,3374,2695,33627,3500,0,40000,0x07
2026-09-06T12:44:14.000-03:00,123,0,0,59,3374,2797,33195,3500,0,40000,0x07
2026-09-06T12:44:14.020-03:00,124,0,0,59,3374,2797,33195,3500,0,40000,0x07
2026-09-06T12:44:14.042-03:00,125,0,0,59,3374,2797,33195,3500,0,40000,0x07
2026-09-06T12:44:14.062-03:00,126,0,0,50,3374,2720,33520,3500,0,40000,0x07
2026-09-06T12:44:14.080-03:00,127,0,0,50,3374,2720,33520,3500,0,40000,0x07
2026-09-06T12:44:14.098-03:00,128,0,0,52,3374,2731,33475,3500,0,40000,0x07
2026-09-06T12:44:14.123-03:00,129,0,0,52,3374,2731,33475,3500,0,40000,0x07
2026-09-06T12:44:14.141-03:00,130,0,0,52,3374,2731,33475,3500,0,40000,0x07
2026-09-06T12:44:14.161-03:00,131,0,0,59,3374,2712,33555,3500,0,40000,0x07
2026-09-06T12:44:14.179-03:00,132,0,0,59,3374,2712,33555,3500,0,40000,0x07
2026-09-06T12:44:14.202-03:00,133,0,0,59,3374,2712,33555,3500,0,40000,0x07
2026-09-06T12:44:14.222-03:00,134,0,0,59,3374,2661,33771,3500,0,40000,0x07
2026-09-06T12:44:14.240-03:00,135,0,0,59,3374,2661,33771,3500,0,40000,0x07
2026-09-06T12:44:14.262-03:00,136,0,0,59,3374,2661,33771,3500,0,40000,0x07
2026-09-06T12:44:14.302-03:00,137,0,0,50,3374,2700,33606,3500,0,40000,0x07
2026-09-06T12:44:14.302-03:00,138,0,0,50,3374,2700,33606,3500,0,40000,0x07
2026-09-06T12:44:14.322-03:00,139,0,0,62,3374,2371,35004,3500,0,40000,0x07
2026-09-06T12:44:14.362-03:00,140,0,0,62,3374,2371,35004,3500,0,40000,0x07
2026-09-06T12:44:14.362-03:00,141,0,0,62,3374,2371,35004,3500,0,40000,0x07
2026-09-06T12:44:14.381-03:00,142,0,0,61,3374,2852,32958,3500,0,40000,0x07
2026-09-06T12:44:14.399-03:00,143,0,0,61,3374,2852,32958,3500,0,40000,0x07
2026-09-06T12:44:14.422-03:00,144,0,0,61,3374,2852,32958,3500,0,40000,0x07
2026-09-06T12:44:14.440-03:00,145,0,0,60,3374,2833,33039,3500,0,40000,0x07
2026-09-06T12:44:14.462-03:00,146,0,0,60,3374,2833,33039,3500,0,40000,0x07
2026-09-06T12:44:14.480-03:00,147,0,0,60,3374,2833,33039,3500,0,40000,0x07
2026-09-06T12:44:14.502-03:00,148,0,0,58,3374,2690,33649,3500,0,40000,0x07
2026-09-06T12:44:14.520-03:00,149,0,0,58,3374,2690,33649,3500,0,40000,0x07
2026-09-06T12:44:14.540-03:00,150,0,0,58,3374,2690,33649,3500,0,40000,0x07
2026-09-06T12:44:14.559-03:00,151,0,0,59,3374,2678,33699,3500,0,40000,0x07
2026-09-06T12:44:14.581-03:00,152,0,0,59,3374,2678,33699,3500,0,40000,0x07
2026-09-06T12:44:14.599-03:00,153,0,0,59,3374,2678,33699,3500,0,40000,0x07
2026-09-06T12:44:14.622-03:00,154,0,0,59,3374,2797,33195,3500,0,40000,0x07
2026-09-06T12:44:14.640-03:00,155,0,0,59,3374,2797,33195,3500,0,40000,0x07
2026-09-06T12:44:14.660-03:00,156,0,0,59,3374,2797,33195,3500,0,40000,0x07
2026-09-06T12:44:14.699-03:00,157,0,0,59,3374,2678,33699,3500,0,40000,0x07
2026-09-06T12:44:14.722-03:00,158,0,0,59,3374,2678,33699,3500,0,40000,0x07
2026-09-06T12:44:14.741-03:00,159,0,0,59,3374,2678,33699,3500,0,40000,0x07
2026-09-06T12:44:14.761-03:00,160,0,0,50,3374,2560,34200,3500,0,40000,0x07
2026-09-06T12:44:14.783-03:00,161,0,0,50,3374,2560,34200,3500,0,40000,0x07
2026-09-06T12:44:14.800-03:00,163,0,0,63,3374,2794,33207,3500,0,40000,0x07
2026-09-06T12:44:14.818-03:00,164,0,0,63,3374,2794,33207,3500,0,40000,0x07
2026-09-06T12:44:14.842-03:00,165,0,0,63,3374,2794,33207,3500,0,40000,0x07
2026-09-06T12:44:14.940-03:00,166,0,0,62,3374,2839,33016,3500,0,40000,0x07
2026-09-06T12:44:14.940-03:00,167,0,0,62,3374,2839,33016,3500,0,40000,0x07
2026-09-06T12:44:15.059-03:00,168,0,0,62,3374,2839,33016,3500,0,40000,0x07
2026-09-06T12:44:15.080-03:00,169,0,0,52,3374,2962,32494,3500,0,40000,0x07
2026-09-06T12:44:15.100-03:00,170,0,0,52,3374,2962,32494,3500,0,40000,0x07
2026-09-06T12:44:15.100-03:00,174,0,0,52,3374,2904,32739,3500,0,40000,0x07
2026-09-06T12:44:15.121-03:00,175,0,0,58,3374,2672,33723,3500,0,40000,0x07
2026-09-06T12:44:15.140-03:00,180,0,0,58,3374,2672,33723,3500,0,40000,0x07
2026-09-06T12:44:15.158-03:00,181,0,0,58,3374,2672,33723,3500,0,40000,0x07
2026-09-06T12:44:15.181-03:00,182,0,0,58,3374,2672,33723,3500,0,40000,0x07
2026-09-06T12:44:15.241-03:00,183,0,0,58,3374,2672,33723,3500,0,40000,0x07
2026-09-06T12:44:15.260-03:00,184,0,0,58,3374,2672,33723,3500,0,40000,0x07
2026-09-06T12:44:15.280-03:00,185,0,0,50,3374,2720,33520,3500,0,40000,0x07
2026-09-06T12:44:15.300-03:00,186,0,0,52,3374,2865,32903,3500,0,40000,0x07
2026-09-06T12:44:15.323-03:00,187,0,0,52,3374,2865,32903,3500,0,40000,0x07
2026-09-06T12:44:15.341-03:00,190,0,0,55,3374,2655,33799,3500,0,40000,0x07
2026-09-06T12:44:15.359-03:00,191,0,0,55,3374,2655,33799,3500,0,40000,0x07
2026-09-06T12:44:15.419-03:00,192,0,0,55,3374,2655,33799,3500,0,40000,0x07
2026-09-06T12:44:15.442-03:00,193,0,0,59,3374,2644,33843,3500,0,40000,0x07
2026-09-06T12:44:15.442-03:00,194,0,0,59,3374,2644,33843,3500,0,40000,0x07
2026-09-06T12:44:15.499-03:00,195,0,0,52,3374,2846,32984,3500,0,40000,0x07
2026-09-06T12:44:15.499-03:00,196,0,0,52,3374,2846,32984,3500,0,40000,0x07
2026-09-06T12:44:15.521-03:00,198,0,0,53,3374,2679,33694,3500,19,40000,0x07
2026-09-06T12:44:15.539-03:00,199,0,0,53,3374,2679,33694,3500,19,40000,0x07
2026-09-06T12:44:15.559-03:00,200,0,0,56,3374,2732,33469,3500,18,40000,0x07
2026-09-06T12:44:15.581-03:00,202,0,0,56,3374,2732,33469,3500,18,40000,0x07
2026-09-06T12:44:15.623-03:00,203,0,0,56,3374,2732,33469,3500,18,40000,0x07
2026-09-06T12:44:15.623-03:00,204,0,0,60,3374,2750,33393,3500,50,40000,0x07
2026-09-06T12:44:15.643-03:00,205,0,0,60,3374,2750,33393,3500,50,40000,0x07
2026-09-06T12:44:15.661-03:00,206,0,0,60,3374,2750,33393,3500,50,40000,0x07
2026-09-06T12:44:15.679-03:00,207,0,0,59,3374,2678,33699,3500,34,40000,0x07
2026-09-06T12:44:15.703-03:00,208,0,0,59,3374,2678,33699,3500,34,40000,0x07
2026-09-06T12:44:15.721-03:00,209,0,0,59,3374,2678,33699,3500,34,40000,0x07
2026-09-06T12:44:15.759-03:00,210,0,0,59,3374,2695,33627,3500,0,40000,0x07
2026-09-06T12:44:15.759-03:00,211,0,0,59,3374,2695,33627,3500,0,40000,0x07
2026-09-06T12:44:15.779-03:00,212,0,0,59,3374,2695,33627,3500,0,40000,0x07
2026-09-06T12:44:15.803-03:00,213,0,0,60,3374,2767,33322,3500,0,40000,0x07
2026-09-06T12:44:15.818-03:00,214,0,0,60,3374,2767,33322,3500,0,40000,0x07
2026-09-06T12:44:15.840-03:00,215,0,0,60,3374,2767,33322,3500,0,40000,0x07
2026-09-06T12:44:15.858-03:00,216,0,0,50,3374,2780,33266,3500,0,40000,0x07
2026-09-06T12:44:15.902-03:00,217,0,0,50,3374,2780,33266,3500,0,40000,0x07
2026-09-06T12:44:15.920-03:00,218,0,0,52,3374,2692,33638,3500,0,40000,0x07
2026-09-06T12:44:15.943-03:00,219,0,0,52,3374,2692,33638,3500,0,40000,0x07
2026-09-06T12:44:15.963-03:00,220,0,0,59,3374,2831,33051,3500,0,40000,0x07
2026-09-06T12:44:15.981-03:00,221,0,0,59,3374,2831,33051,3500,0,40000,0x07
2026-09-06T12:44:16.021-03:00,223,0,0,59,3374,2831,33051,3500,0,40000,0x07
2026-09-06T12:44:16.021-03:00,224,0,0,62,3374,2694,33633,3500,0,40000,0x07
2026-09-06T12:44:16.041-03:00,225,0,0,62,3374,2694,33633,3500,0,40000,0x07
2026-09-06T12:44:16.081-03:00,226,0,0,62,3374,2694,33633,3500,0,40000,0x07
2026-09-06T12:44:16.099-03:00,227,0,0,59,3374,2712,33555,3500,0,40000,0x07
2026-09-06T12:44:16.122-03:00,228,0,0,59,3374,2712,33555,3500,0,40000,0x07
2026-09-06T12:44:16.161-03:00,229,0,0,52,3374,2692,33638,3500,0,40000,0x07
2026-09-06T12:44:16.161-03:00,230,0,0,52,3374,2692,33638,3500,0,40000,0x07
2026-09-06T12:44:16.198-03:00,231,0,0,52,3374,2692,33638,3500,0,40000,0x07
2026-09-06T12:44:16.198-03:00,232,0,0,51,3374,2608,33997,3500,0,40000,0x07
2026-09-06T12:44:16.222-03:00,233,0,0,51,3374,2608,33997,3500,0,40000,0x07
2026-09-06T12:44:16.241-03:00,235,0,0,56,3374,2732,33469,3500,0,40000,0x07
2026-09-06T12:44:16.261-03:00,236,0,0,56,3374,2732,33469,3500,0,40000,0x07
2026-09-06T12:44:16.303-03:00,237,0,0,56,3374,2732,33469,3500,0,40000,0x07
2026-09-06T12:44:16.303-03:00,238,0,0,60,3374,2783,33251,3500,0,40000,0x07
2026-09-06T12:44:16.323-03:00,239,0,0,60,3374,2783,33251,3500,0,40000,0x07
2026-09-06T12:44:16.341-03:00,240,0,0,60,3374,2783,33251,3500,0,40000,0x07
2026-09-06T12:44:16.401-03:00,241,0,0,61,3374,2672,33724,3500,0,40000,0x07
2026-09-06T12:44:16.401-03:00,242,0,0,61,3374,2672,33724,3500,0,40000,0x07
2026-09-06T12:44:16.421-03:00,243,0,0,61,3374,2672,33724,3500,0,40000,0x07
2026-09-06T12:44:16.438-03:00,244,0,0,50,3374,2740,33436,3500,0,40000,0x07
2026-09-06T12:44:16.459-03:00,245,0,0,50,3374,2740,33436,3500,0,40000,0x07
2026-09-06T12:44:16.479-03:00,247,0,0,67,3374,2776,33282,3500,0,40000,0x07
2026-09-06T12:44:16.498-03:00,248,0,0,67,3374,2776,33282,3500,0,40000,0x07
2026-09-06T12:44:16.521-03:00,249,0,0,67,3374,2776,33282,3500,0,40000,0x07
2026-09-06T12:44:16.541-03:00,250,0,0,51,3374,2725,33497,3500,0,40000,0x07
2026-09-06T12:44:16.558-03:00,251,0,0,51,3374,2725,33497,3500,0,40000,0x07
2026-09-06T12:44:16.581-03:00,252,0,0,52,3374,2731,33475,3500,0,40000,0x07
2026-09-06T12:44:16.600-03:00,253,0,0,52,3374,2731,33475,3500,0,40000,0x07
2026-09-06T12:44:16.623-03:00,254,0,0,52,3374,2731,33475,3500,0,40000,0x07
2026-09-06T12:44:16.662-03:00,255,0,0,59,3374,2746,33411,3500,17,40000,0x07
2026-09-06T12:44:16.662-03:00,256,0,0,59,3374,2746,33411,3500,17,40000,0x07
2026-09-06T12:44:16.699-03:00,257,0,0,59,3374,2746,33411,3500,17,40000,0x07
2026-09-06T12:44:16.699-03:00,258,0,0,65,3374,2677,33704,3500,15,40000,0x07
2026-09-06T12:44:16.722-03:00,259,0,0,65,3374,2677,33704,3500,15,40000,0x07
2026-09-06T12:44:16.739-03:00,260,0,0,65,3374,2677,33704,3500,15,40000,0x07
2026-09-06T12:44:16.761-03:00,261,0,0,59,3374,2780,33267,3500,0,40000,0x07
2026-09-06T12:44:16.800-03:00,262,0,0,59,3374,2780,33267,3500,0,40000,0x07
2026-09-06T12:44:16.800-03:00,263,0,0,59,3374,2780,33267,3500,0,40000,0x07
2026-09-06T12:44:16.819-03:00,264,0,0,59,3374,2644,33843,3500,0,40000,0x07
2026-09-06T12:44:16.841-03:00,265,0,0,59,3374,2644,33843,3500,0,40000,0x07
2026-09-06T12:44:16.859-03:00,266,0,0,59,3374,2644,33843,3500,0,40000,0x07
2026-09-06T12:44:16.883-03:00,267,0,0,59,3374,2712,33555,3500,0,40000,0x07
2026-09-06T12:44:16.901-03:00,268,0,0,59,3374,2712,33555,3500,0,40000,0x07
2026-09-06T12:44:16.921-03:00,269,0,0,59,3374,2712,33555,3500,0,40000,0x07
2026-09-06T12:44:16.979-03:00,270,0,0,59,3374,2695,33627,3500,0,40000,0x07
2026-09-06T12:44:16.979-03:00,271,0,0,59,3374,2695,33627,3500,0,40000,0x07
2026-09-06T12:44:17.019-03:00,272,0,0,59,3374,2695,33627,3500,0,40000,0x07
2026-09-06T12:44:17.019-03:00,273,0,0,51,3374,2765,33330,3500,0,40000,0x07
2026-09-06T12:44:17.040-03:00,274,0,0,52,3374,2788,33230,3500,0,40000,0x07
2026-09-06T12:44:17.060-03:00,276,0,0,52,3374,2788,33230,3500,0,40000,0x07
2026-09-06T12:44:17.080-03:00,277,0,0,52,3374,2788,33230,3500,0,40000,0x07
2026-09-06T12:44:17.099-03:00,278,0,0,59,3374,2712,33555,3500,17,40000,0x07
2026-09-06T12:44:17.139-03:00,279,0,0,59,3374,2712,33555,3500,17,40000,0x07
2026-09-06T12:44:17.139-03:00,280,0,0,59,3374,2712,33555,3500,17,40000,0x07
2026-09-06T12:44:17.159-03:00,281,0,0,59,3374,2712,33555,3500,17,40000,0x07
2026-09-06T12:44:17.182-03:00,282,0,0,59,3374,2712,33555,3500,17,40000,0x07
2026-09-06T12:44:17.202-03:00,283,0,0,59,3374,2712,33555,3500,17,40000,0x07
2026-09-06T12:44:17.240-03:00,284,0,0,67,3374,2493,34487,3500,0,40000,0x07
2026-09-06T12:44:17.258-03:00,285,0,0,67,3374,2493,34487,3500,0,40000,0x07
2026-09-06T12:44:17.278-03:00,286,0,0,67,3374,2493,34487,3500,0,40000,0x07
2026-09-06T12:44:17.298-03:00,287,0,0,52,3374,2808,33148,3500,0,40000,0x07
2026-09-06T12:44:17.342-03:00,288,0,0,52,3374,2808,33148,3500,0,40000,0x07
2026-09-06T12:44:17.342-03:00,290,0,0,57,3374,2702,33598,3500,0,40000,0x07
2026-09-06T12:44:17.360-03:00,291,0,0,57,3374,2702,33598,3500,0,40000,0x07
2026-09-06T12:44:17.380-03:00,292,0,0,57,3374,2702,33598,3500,0,40000,0x07
2026-09-06T12:44:17.398-03:00,293,0,0,51,3374,2706,33580,3500,0,40000,0x07
2026-09-06T12:44:17.419-03:00,294,0,0,51,3374,2706,33580,3500,0,40000,0x07
2026-09-06T12:44:17.460-03:00,295,0,0,53,3374,2717,33533,3500,0,40000,0x07
2026-09-06T12:44:17.460-03:00,296,0,0,53,3374,2717,33533,3500,0,40000,0x07
2026-09-06T12:44:17.482-03:00,297,0,0,53,3374,2717,33533,3500,0,40000,0x07
2026-09-06T12:44:17.523-03:00,298,0,0,59,3374,2746,33411,3500,0,40000,0x07
2026-09-06T12:44:17.523-03:00,299,0,0,59,3374,2746,33411,3500,0,40000,0x07
2026-09-06T12:44:17.541-03:00,300,0,0,59,3374,2746,33411,3500,0,40000,0x07
2026-09-06T12:44:17.561-03:00,301,0,0,50,3374,2760,33350,3500,0,40000,0x07
2026-09-06T12:44:17.583-03:00,302,0,0,50,3374,2760,33350,3500,0,40000,0x07
2026-09-06T12:44:17.601-03:00,303,0,0,52,3374,2692,33638,3500,0,40000,0x07
2026-09-06T12:44:17.619-03:00,304,0,0,52,3374,2692,33638,3500,0,40000,0x07
2026-09-06T12:44:17.642-03:00,305,0,0,52,3374,2692,33638,3500,0,40000,0x07
2026-09-06T12:44:17.660-03:00,306,0,0,59,3374,2644,33843,3500,0,40000,0x07
2026-09-06T12:44:17.680-03:00,307,0,0,59,3374,2644,33843,3500,0,40000,0x07
2026-09-06T12:44:17.702-03:00,308,0,0,59,3374,2644,33843,3500,0,40000,0x07
2026-09-06T12:44:17.722-03:00,309,0,0,59,3374,2780,33267,3500,0,40000,0x07
2026-09-06T12:44:17.759-03:00,310,0,0,59,3374,2780,33267,3500,0,40000,0x07
2026-09-06T12:44:17.779-03:00,311,0,0,59,3374,2780,33267,3500,0,40000,0x07
2026-09-06T12:44:17.821-03:00,312,0,0,59,3374,2729,33483,3500,0,40000,0x07
2026-09-06T12:44:17.821-03:00,313,0,0,59,3374,2729,33483,3500,0,40000,0x07
2026-09-06T12:44:17.842-03:00,314,0,0,59,3374,2797,33195,3500,0,40000,0x07
2026-09-06T12:44:17.861-03:00,316,0,0,59,3374,2797,33195,3500,0,40000,0x07
2026-09-06T12:44:17.901-03:00,317,0,0,59,3374,2797,33195,3500,0,40000,0x07
2026-09-06T12:44:17.901-03:00,318,0,0,62,3374,2710,33564,3500,0,40000,0x07
2026-09-06T12:44:17.923-03:00,319,0,0,62,3374,2710,33564,3500,0,40000,0x07
2026-09-06T12:44:17.941-03:00,320,0,0,62,3374,2710,33564,3500,0,40000,0x07
2026-09-06T12:44:17.959-03:00,321,0,0,59,3374,2678,33699,3500,17,40000,0x07
2026-09-06T12:44:18.019-03:00,322,0,0,59,3374,2678,33699,3500,17,40000,0x07
2026-09-06T12:44:18.019-03:00,323,0,0,59,3374,2678,33699,3500,17,40000,0x07
2026-09-06T12:44:18.042-03:00,324,0,0,59,3374,2678,33699,3500,0,40000,0x07
2026-09-06T12:44:18.060-03:00,325,0,0,59,3374,2678,33699,3500,0,40000,0x07
2026-09-06T12:44:18.080-03:00,326,0,0,59,3374,2864,32907,3500,0,40000,0x07
2026-09-06T12:44:18.099-03:00,328,0,0,59,3374,2864,32907,3500,0,40000,0x07
2026-09-06T12:44:18.122-03:00,329,0,0,59,3374,2864,32907,3500,0,40000,0x07
2026-09-06T12:44:18.140-03:00,330,0,0,50,3374,2700,33606,3500,0,40000,0x07
2026-09-06T12:44:18.159-03:00,331,0,0,50,3374,2700,33606,3500,0,40000,0x07
2026-09-06T12:44:18.178-03:00,332,0,0,52,3374,2673,33720,3500,0,40000,0x07
2026-09-06T12:44:18.202-03:00,333,0,0,52,3374,2673,33720,3500,0,40000,0x07
2026-09-06T12:44:18.220-03:00,334,0,0,52,3374,2673,33720,3500,0,40000,0x07
2026-09-06T12:44:18.260-03:00,335,0,0,59,3374,2780,33267,3500,0,40000,0x07
2026-09-06T12:44:18.261-03:00,336,0,0,59,3374,2780,33267,3500,0,40000,0x07
2026-09-06T12:44:18.302-03:00,337,0,0,59,3374,2780,33267,3500,0,40000,0x07
2026-09-06T12:44:18.321-03:00,338,0,0,51,3374,2686,33664,3500,0,40000,0x07
2026-09-06T12:44:18.339-03:00,339,0,0,51,3374,2686,33664,3500,0,40000,0x07
2026-09-06T12:44:18.382-03:00,340,0,0,50,3374,2680,33690,3500,0,40000,0x07
2026-09-06T12:44:18.382-03:00,341,0,0,50,3374,2680,33690,3500,0,40000,0x07
2026-09-06T12:44:18.401-03:00,343,0,0,50,3374,2660,33776,3500,0,40000,0x07
2026-09-06T12:44:18.440-03:00,344,0,0,50,3374,2660,33776,3500,0,40000,0x07
2026-09-06T12:44:18.440-03:00,345,0,0,56,3374,2732,33469,3500,0,40000,0x07
2026-09-06T12:44:18.482-03:00,346,0,0,56,3374,2732,33469,3500,0,40000,0x07
2026-09-06T12:44:18.482-03:00,347,0,0,56,3374,2732,33469,3500,0,40000,0x07
2026-09-06T12:44:18.502-03:00,348,0,0,59,3374,2746,33411,3500,17,40000,0x07
2026-09-06T12:44:18.520-03:00,349,0,0,59,3374,2746,33411,3500,17,40000,0x07
2026-09-06T12:44:18.559-03:00,350,0,0,59,3374,2746,33411,3500,17,40000,0x07
2026-09-06T12:44:18.581-03:00,351,0,0,59,3374,2695,33627,3500,0,40000,0x07
2026-09-06T12:44:18.599-03:00,352,0,0,59,3374,2695,33627,3500,0,40000,0x07
2026-09-06T12:44:18.639-03:00,353,0,0,53,3374,2736,33453,3500,0,40000,0x07
2026-09-06T12:44:18.661-03:00,354,0,0,53,3374,2736,33453,3500,0,40000,0x07
2026-09-06T12:44:18.719-03:00,356,0,0,53,3374,2736,33453,3500,0,40000,0x07
2026-09-06T12:44:18.719-03:00,357,0,0,51,3374,2647,33830,3500,20,40000,0x07
2026-09-06T12:44:18.743-03:00,358,0,0,52,3374,2885,32821,3500,0,40000,0x07
2026-09-06T12:44:18.761-03:00,360,0,0,52,3374,2885,32821,3500,0,40000,0x07
2026-09-06T12:44:18.801-03:00,361,0,0,59,3374,2763,33339,3500,0,40000,0x07
2026-09-06T12:44:18.801-03:00,363,0,0,59,3374,2763,33339,3500,0,40000,0x07
2026-09-06T12:44:18.819-03:00,364,0,0,59,3374,2763,33339,3500,0,40000,0x07
2026-09-06T12:44:18.842-03:00,365,0,0,52,3374,2731,33475,3500,0,40000,0x07
2026-09-06T12:44:18.860-03:00,366,0,0,52,3374,2731,33475,3500,0,40000,0x07
2026-09-06T12:44:18.882-03:00,367,0,0,53,3374,2566,34175,3500,19,40000,0x07
2026-09-06T12:44:18.899-03:00,368,0,0,53,3374,2566,34175,3500,19,40000,0x07
2026-09-06T12:44:18.920-03:00,369,0,0,53,3374,2566,34175,3500,19,40000,0x07
2026-09-06T12:44:18.942-03:00,370,0,0,59,3374,2814,33123,3500,0,40000,0x07
2026-09-06T12:44:18.978-03:00,371,0,0,59,3374,2814,33123,3500,0,40000,0x07
2026-09-06T12:44:18.978-03:00,372,0,0,59,3374,2814,33123,3500,0,40000,0x07
2026-09-06T12:44:19.002-03:00,373,0,0,59,3374,2678,33699,3500,0,40000,0x07
2026-09-06T12:44:19.039-03:00,374,0,0,59,3374,2678,33699,3500,0,40000,0x07
2026-09-06T12:44:19.060-03:00,375,0,0,59,3374,2678,33699,3500,0,40000,0x07
2026-09-06T12:44:19.083-03:00,376,0,0,59,3374,2712,33555,3500,0,40000,0x07
2026-09-06T12:44:19.122-03:00,377,0,0,59,3374,2712,33555,3500,0,40000,0x07
2026-09-06T12:44:19.122-03:00,378,0,0,59,3374,2814,33123,3500,0,40000,0x07
2026-09-06T12:44:19.139-03:00,380,0,0,59,3374,2814,33123,3500,0,40000,0x07
2026-09-06T12:44:19.163-03:00,381,0,0,59,3374,2814,33123,3500,0,40000,0x07
2026-09-06T12:44:19.202-03:00,382,0,0,50,3374,2760,33350,3500,0,40000,0x07
2026-09-06T12:44:19.202-03:00,383,0,0,50,3374,2760,33350,3500,0,40000,0x07
2026-09-06T12:44:19.222-03:00,384,0,0,55,3374,2655,33799,3500,0,40000,0x07
2026-09-06T12:44:19.239-03:00,385,0,0,55,3374,2655,33799,3500,0,40000,0x07
2026-09-06T12:44:19.261-03:00,386,0,0,55,3374,2655,33799,3500,0,40000,0x07
2026-09-06T12:44:19.279-03:00,387,0,0,59,3374,2797,33195,3500,0,40000,0x07
2026-09-06T12:44:19.300-03:00,388,0,0,59,3374,2797,33195,3500,0,40000,0x07
2026-09-06T12:44:19.342-03:00,389,0,0,59,3374,2797,33195,3500,0,40000,0x07
2026-09-06T12:44:19.359-03:00,390,0,0,59,3374,2763,33339,3500,0,40000,0x07
2026-09-06T12:44:19.382-03:00,391,0,0,59,3374,2763,33339,3500,0,40000,0x07
2026-09-06T12:44:19.419-03:00,392,0,0,59,3374,2831,33051,3500,0,40000,0x07
2026-09-06T12:44:19.420-03:00,393,0,0,59,3374,2831,33051,3500,0,40000,0x07
2026-09-06T12:44:19.438-03:00,395,0,0,59,3374,2831,33051,3500,0,40000,0x07
2026-09-06T12:44:19.462-03:00,396,0,0,59,3374,2644,33843,3500,0,40000,0x07
2026-09-06T12:44:19.502-03:00,397,0,0,59,3374,2644,33843,3500,0,40000,0x07
2026-09-06T12:44:19.502-03:00,398,0,0,59,3374,2644,33843,3500,0,40000,0x07
2026-09-06T12:44:19.522-03:00,399,0,0,58,3374,2638,33869,3500,0,40000,0x07
2026-09-06T12:44:19.540-03:00,400,0,0,58,3374,2638,33869,3500,0,40000,0x07
2026-09-06T12:44:19.562-03:00,401,0,0,58,3374,2638,33869,3500,0,40000,0x07
2026-09-06T12:44:19.582-03:00,402,0,0,51,3374,2647,33830,3500,0,40000,0x07
2026-09-06T12:44:19.602-03:00,403,0,0,51,3374,2647,33830,3500,0,40000,0x07
2026-09-06T12:44:19.623-03:00,404,0,0,53,3374,2736,33453,3500,0,40000,0x07
2026-09-06T12:44:19.641-03:00,405,0,0,53,3374,2736,33453,3500,0,40000,0x07
2026-09-06T12:44:19.701-03:00,406,0,0,53,3374,2736,33453,3500,0,40000,0x07
2026-09-06T12:44:19.722-03:00,407,0,0,59,3374,2780,33267,3500,0,40000,0x07
2026-09-06T12:44:19.742-03:00,408,0,0,59,3374,2780,33267,3500,0,40000,0x07
2026-09-06T12:44:19.761-03:00,409,0,0,51,3374,2706,33580,3500,0,40000,0x07
2026-09-06T12:44:19.779-03:00,410,0,0,51,3374,2706,33580,3500,0,40000,0x07
2026-09-06T12:44:19.818-03:00,413,0,0,67,3374,2836,33028,3500,0,40000,0x07
2026-09-06T12:44:19.841-03:00,414,0,0,67,3374,2836,33028,3500,0,40000,0x07
2026-09-06T12:44:19.861-03:00,415,0,0,67,3374,2836,33028,3500,0,40000,0x07
2026-09-06T12:44:19.879-03:00,416,0,0,50,3374,2720,33520,3500,0,40000,0x07
2026-09-06T12:44:19.903-03:00,417,0,0,52,3374,2712,33556,3500,0,40000,0x07
2026-09-06T12:44:19.921-03:00,419,0,0,52,3374,2712,33556,3500,0,40000,0x07
2026-09-06T12:44:19.939-03:00,420,0,0,52,3374,2712,33556,3500,0,40000,0x07
2026-09-06T12:44:19.981-03:00,421,0,0,59,3374,2763,33339,3500,0,40000,0x07
2026-09-06T12:44:19.999-03:00,422,0,0,59,3374,2763,33339,3500,0,40000,0x07
2026-09-06T12:44:20.023-03:00,423,0,0,59,3374,2763,33339,3500,0,40000,0x07
2026-09-06T12:44:20.041-03:00,424,0,0,50,3374,2720,33520,3500,0,40000,0x07
2026-09-06T12:44:20.059-03:00,425,0,0,50,3374,2720,33520,3500,0,40000,0x07
2026-09-06T12:44:20.081-03:00,427,0,0,56,3374,2696,33621,3500,0,40000,0x07
2026-09-06T12:44:20.100-03:00,428,0,0,56,3374,2696,33621,3500,0,40000,0x07
2026-09-06T12:44:20.122-03:00,429,0,0,52,3374,2827,33066,3500,0,40000,0x07
2026-09-06T12:44:20.143-03:00,430,0,0,52,3374,2827,33066,3500,0,40000,0x07
2026-09-06T12:44:20.161-03:00,431,0,0,51,3374,2275,35414,3500,0,40000,0x07
2026-09-06T12:44:20.181-03:00,432,0,0,51,3374,2275,35414,3500,0,40000,0x07
2026-09-06T12:44:20.201-03:00,433,0,0,51,3374,2275,35414,3500,0,40000,0x07
2026-09-06T12:44:20.238-03:00,434,0,0,60,3374,2867,32897,3500,0,40000,0x07
2026-09-06T12:44:20.258-03:00,435,0,0,60,3374,2867,32897,3500,0,40000,0x07
2026-09-06T12:44:20.302-03:00,436,0,0,60,3374,2867,32897,3500,0,40000,0x07
2026-09-06T12:44:20.302-03:00,437,0,0,51,3374,2706,33580,3500,0,40000,0x07
2026-09-06T12:44:20.321-03:00,438,0,0,51,3374,2706,33580,3500,0,40000,0x07
2026-09-06T12:44:20.339-03:00,440,0,0,60,3374,2633,33889,3500,33,40000,0x07
2026-09-06T12:44:20.380-03:00,441,0,0,60,3374,2633,33889,3500,33,40000,0x07
2026-09-06T12:44:20.400-03:00,442,0,0,60,3374,2633,33889,3500,33,40000,0x07
2026-09-06T12:44:20.423-03:00,443,0,0,59,3374,2729,33483,3500,0,40000,0x07
2026-09-06T12:44:20.440-03:00,444,0,0,59,3374,2729,33483,3500,0,40000,0x07
2026-09-06T12:44:20.460-03:00,445,0,0,59,3374,2847,32979,3500,0,40000,0x07
2026-09-06T12:44:20.478-03:00,447,0,0,59,3374,2847,32979,3500,0,40000,0x07
2026-09-06T12:44:20.502-03:00,448,0,0,59,3374,2847,32979,3500,0,40000,0x07
2026-09-06T12:44:20.521-03:00,449,0,0,59,3374,2712,33555,3500,17,40000,0x07
2026-09-06T12:44:20.539-03:00,450,0,0,59,3374,2712,33555,3500,17,40000,0x07
2026-09-06T12:44:20.563-03:00,451,0,0,59,3374,2712,33555,3500,17,40000,0x07
2026-09-06T12:44:20.583-03:00,452,0,0,62,3374,2629,33907,3500,0,40000,0x07
2026-09-06T12:44:20.601-03:00,453,0,0,62,3374,2629,33907,3500,0,40000,0x07
2026-09-06T12:44:20.620-03:00,454,0,0,62,3374,2629,33907,3500,0,40000,0x07
2026-09-06T12:44:20.642-03:00,455,0,0,51,3374,2706,33580,3500,0,40000,0x07
2026-09-06T12:44:20.660-03:00,456,0,0,51,3374,2706,33580,3500,0,40000,0x07
2026-09-06T12:44:20.678-03:00,457,0,0,52,3374,2769,33311,3500,0,40000,0x07
2026-09-06T12:44:20.698-03:00,458,0,0,52,3374,2769,33311,3500,0,40000,0x07
2026-09-06T12:44:20.721-03:00,459,0,0,52,3374,2769,33311,3500,0,40000,0x07
2026-09-06T12:44:20.738-03:00,460,0,0,59,3374,2695,33627,3500,0,40000,0x07
2026-09-06T12:44:20.762-03:00,461,0,0,59,3374,2695,33627,3500,0,40000,0x07
2026-09-06T12:44:20.798-03:00,462,0,0,59,3374,2695,33627,3500,0,40000,0x07
2026-09-06T12:44:20.798-03:00,463,0,0,59,3374,2729,33483,3500,0,40000,0x07
2026-09-06T12:44:20.822-03:00,464,0,0,59,3374,2729,33483,3500,0,40000,0x07
2026-09-06T12:44:20.840-03:00,465,0,0,59,3374,2729,33483,3500,0,40000,0x07
2026-09-06T12:44:20.858-03:00,466,0,0,59,3374,2712,33555,3500,0,40000,0x07
2026-09-06T12:44:20.878-03:00,467,0,0,59,3374,2712,33555,3500,0,40000,0x07
2026-09-06T12:44:20.901-03:00,468,0,0,59,3374,2712,33555,3500,0,40000,0x07
2026-09-06T12:44:20.941-03:00,469,0,0,59,3374,2695,33627,3500,17,40000,0x07
2026-09-06T12:44:20.941-03:00,470,0,0,59,3374,2695,33627,3500,17,40000,0x07
2026-09-06T12:44:20.962-03:00,471,0,0,59,3374,2695,33627,3500,17,40000,0x07
2026-09-06T12:44:20.980-03:00,472,0,0,51,3374,2686,33664,3500,0,40000,0x07
2026-09-06T12:44:20.998-03:00,473,0,0,51,3374,2686,33664,3500,0,40000,0x07
2026-09-06T12:44:21.020-03:00,474,0,0,52,3374,2827,33066,3500,0,40000,0x07
2026-09-06T12:44:21.039-03:00,475,0,0,52,3374,2827,33066,3500,0,40000,0x07
2026-09-06T12:44:21.059-03:00,476,0,0,52,3374,2827,33066,3500,0,40000,0x07
2026-09-06T12:44:21.083-03:00,477,0,0,51,3374,2647,33830,3500,0,40000,0x07
2026-09-06T12:44:21.120-03:00,478,0,0,51,3374,2647,33830,3500,0,40000,0x07
2026-09-06T12:44:21.120-03:00,479,0,0,52,3374,2654,33802,3500,0,40000,0x07
2026-09-06T12:44:21.141-03:00,480,0,0,52,3374,2654,33802,3500,0,40000,0x07
2026-09-06T12:44:21.183-03:00,481,0,0,52,3374,2654,33802,3500,0,40000,0x07
2026-09-06T12:44:21.201-03:00,482,0,0,51,3374,2745,33414,3500,0,40000,0x07
2026-09-06T12:44:21.219-03:00,483,0,0,51,3374,2745,33414,3500,0,40000,0x07
2026-09-06T12:44:21.238-03:00,484,0,0,52,3374,2769,33311,3500,0,40000,0x07
2026-09-06T12:44:21.283-03:00,485,0,0,52,3374,2769,33311,3500,0,40000,0x07
2026-09-06T12:44:21.323-03:00,487,0,0,52,3374,2673,33720,3500,0,40000,0x07
2026-09-06T12:44:21.343-03:00,488,0,0,52,3374,2673,33720,3500,0,40000,0x07
2026-09-06T12:44:21.383-03:00,489,0,0,52,3374,2673,33720,3500,0,40000,0x07
2026-09-06T12:44:21.383-03:00,490,0,0,50,3374,2940,32586,3500,0,40000,0x07
2026-09-06T12:44:21.400-03:00,491,0,0,50,3374,2940,32586,3500,0,40000,0x07
2026-09-06T12:44:21.438-03:00,494,0,0,50,3374,2940,32586,3500,0,40000,0x07
2026-09-06T12:44:21.461-03:00,495,0,0,59,3374,2712,33555,3500,0,40000,0x07
2026-09-06T12:44:21.502-03:00,496,0,0,59,3374,2712,33555,3500,0,40000,0x07
2026-09-06T12:44:21.547-03:00,497,0,0,55,3374,2764,33335,3500,0,40000,0x07
2026-09-06T12:44:21.591-03:00,498,0,0,55,3374,2764,33335,3500,0,40000,0x07
2026-09-06T12:44:21.632-03:00,500,0,0,52,3374,2808,33148,3500,0,40000,0x07
2026-09-06T12:44:21.676-03:00,501,0,0,57,0,0,0,0,0,0,0x03
