timestamp,sequence,team,robot_id,interval_ms,left_target_eps,left_measured_eps,left_duty,right_target_eps,right_measured_eps,right_duty,flags
2026-09-06T15:29:30.909-03:00,53,0,0,52,0,0,0,0,0,0,0x03
2026-09-06T15:29:30.929-03:00,54,0,0,51,0,0,0,0,0,0,0x03
2026-09-06T15:29:30.947-03:00,55,0,0,52,0,0,0,0,0,0,0x03
2026-09-06T15:29:30.965-03:00,55,0,0,52,0,0,0,0,0,0,0x03
2026-09-06T15:29:30.990-03:00,55,0,0,53,0,0,0,0,0,0,0x03
2026-09-06T15:29:31.008-03:00,55,0,0,53,0,0,0,0,0,0,0x03
2026-09-06T15:29:31.026-03:00,55,0,0,53,0,0,0,0,0,0,0x03
2026-09-06T15:29:31.048-03:00,55,0,0,52,0,0,0,0,0,0,0x03
2026-09-06T15:29:31.066-03:00,55,0,0,52,0,0,0,0,0,0,0x03
2026-09-06T15:29:31.085-03:00,55,0,0,50,0,0,0,0,0,0,0x03
2026-09-06T15:29:31.105-03:00,8,0,0,50,0,0,30741,0,0,0,0x07
2026-09-06T15:29:31.125-03:00,9,0,0,50,0,0,30741,0,0,0,0x07
2026-09-06T15:29:31.148-03:00,10,0,0,51,3374,490,40000,0,0,0,0x07
2026-09-06T15:29:31.168-03:00,11,0,0,51,3374,490,40000,0,0,0,0x07
2026-09-06T15:29:31.185-03:00,12,0,0,53,3374,1283,39628,0,0,0,0x07
2026-09-06T15:29:31.205-03:00,13,0,0,53,3374,1283,39628,0,0,0,0x07
2026-09-06T15:29:31.228-03:00,14,0,0,53,3374,1283,39628,0,0,0,0x07
2026-09-06T15:29:31.249-03:00,15,0,0,56,3374,1786,37491,0,0,0,0x07
2026-09-06T15:29:31.267-03:00,16,0,0,56,3374,1786,37491,0,0,0,0x07
2026-09-06T15:29:31.288-03:00,17,0,0,56,3374,1786,37491,0,0,0,0x07
2026-09-06T15:29:31.307-03:00,18,0,0,52,3374,2000,36580,0,0,0,0x07
2026-09-06T15:29:31.326-03:00,19,0,0,52,3374,2000,36580,0,0,0,0x07
2026-09-06T15:29:31.365-03:00,20,0,0,58,3374,2034,36434,0,0,0,0x07
2026-09-06T15:29:31.386-03:00,21,0,0,58,3374,2034,36434,0,0,0,0x07
2026-09-06T15:29:31.408-03:00,22,0,0,58,3374,2034,36434,0,0,0,0x07
2026-09-06T15:29:31.426-03:00,23,0,0,53,3374,1811,37382,0,0,0,0x07
2026-09-06T15:29:31.449-03:00,24,0,0,53,3374,1811,37382,0,0,0,0x07
2026-09-06T15:29:31.466-03:00,25,0,0,53,3374,1811,37382,0,0,0,0x07
2026-09-06T15:29:31.486-03:00,26,0,0,59,3374,1949,36797,0,0,0,0x07
2026-09-06T15:29:31.509-03:00,27,0,0,59,3374,1949,36797,0,0,0,0x07
2026-09-06T15:29:31.526-03:00,28,0,0,59,3374,1949,36797,0,0,0,0x07
2026-09-06T15:29:31.549-03:00,29,0,0,60,3374,1900,37006,0,0,0,0x07
2026-09-06T15:29:31.585-03:00,30,0,0,60,3374,1900,37006,0,0,0,0x07
2026-09-06T15:29:31.585-03:00,31,0,0,60,3374,1900,37006,0,0,0,0x07
2026-09-06T15:29:31.605-03:00,32,0,0,51,3374,1941,36830,0,0,0,0x07
2026-09-06T15:29:31.628-03:00,33,0,0,51,3374,1941,36830,0,0,0,0x07
2026-09-06T15:29:31.646-03:00,34,0,0,53,3374,1981,36661,0,0,0,0x07
2026-09-06T15:29:31.665-03:00,35,0,0,53,3374,1981,36661,0,0,0,0x07
2026-09-06T15:29:31.688-03:00,36,0,0,53,3374,1981,36661,0,0,0,0x07
2026-09-06T15:29:31.707-03:00,37,0,0,52,3374,2019,36499,0,0,0,0x07
2026-09-06T15:29:31.730-03:00,38,0,0,52,3374,2019,36499,0,0,0,0x07
2026-09-06T15:29:31.749-03:00,39,0,0,52,3374,2019,36499,0,0,0,0x07
2026-09-06T15:29:31.767-03:00,40,0,0,54,3374,1796,37446,0,0,0,0x07
2026-09-06T15:29:31.785-03:00,41,0,0,54,3374,1796,37446,0,0,0,0x07
2026-09-06T15:29:31.808-03:00,42,0,0,52,3374,2000,36580,0,0,0,0x07
2026-09-06T15:29:31.826-03:00,43,0,0,52,3374,2000,36580,0,0,0,0x07
2026-09-06T15:29:31.850-03:00,44,0,0,52,3374,2000,36580,0,0,0,0x07
2026-09-06T15:29:31.868-03:00,45,0,0,50,3374,1940,36836,0,0,0,0x07
2026-09-06T15:29:31.931-03:00,46,0,0,50,3374,1940,36836,0,0,0,0x07
2026-09-06T15:29:31.931-03:00,47,0,0,51,3374,2020,36497,0,0,0,0x07
2026-09-06T15:29:31.975-03:00,48,0,0,51,3374,2020,36497,0,0,0,0x07
2026-09-06T15:29:32.019-03:00,49,0,0,51,3374,2020,36497,0,0,0,0x07
2026-09-06T15:29:32.060-03:00,50,0,0,51,3374,2039,36414,0,0,0,0x07
2026-09-06T15:29:32.103-03:00,51,0,0,50,0,0,0,0,0,0,0x03
