timestamp,sequence,team,robot_id,interval_ms,left_target_eps,left_measured_eps,left_duty,right_target_eps,right_measured_eps,right_duty,flags
2026-09-06T21:29:58.533,65535,255,2,0,0,0,0,0,0,0,0x03
2026-09-06T21:29:58.598,1,0,2,54,0,0,0,0,0,0,0x03
2026-09-06T21:29:58.663,1,0,2,51,0,0,0,0,0,0,0x03
2026-09-06T21:29:58.728,3,0,2,51,0,0,0,0,0,0,0x03
2026-09-06T21:29:58.793,3,0,2,51,0,0,0,0,0,0,0x03
2026-09-06T21:29:58.858,5,0,2,50,0,0,0,0,0,0,0x03
2026-09-06T21:29:58.923,5,0,2,51,0,0,0,0,0,0,0x03
2026-09-06T21:29:59.004,5,0,2,50,0,0,0,0,0,0,0x03
2026-09-06T21:29:59.069,65535,0,2,50,0,0,0,0,0,0,0x0b
2026-09-06T21:29:59.133,65535,0,2,51,0,0,0,0,0,0,0x0b
2026-09-06T21:29:59.198,65535,0,2,50,0,0,0,0,0,0,0x0b
2026-09-06T21:29:59.264,65535,0,2,52,0,0,0,0,0,0,0x0b
2026-09-06T21:29:59.329,65535,0,2,52,0,0,0,0,0,0,0x0b
2026-09-06T21:29:59.394,65535,0,2,51,0,0,0,0,0,0,0x0b
2026-09-06T21:29:59.460,65535,0,2,50,0,0,0,0,0,0,0x0b
2026-09-06T21:29:59.541,65535,0,2,52,0,0,0,0,0,0,0x0b
2026-09-06T21:29:59.606,65535,0,2,52,0,0,0,0,0,0,0x0b
2026-09-06T21:29:59.671,65535,0,2,52,0,0,0,0,0,0,0x0b
2026-09-06T21:29:59.735,65535,0,2,50,0,0,0,0,0,0,0x0b
2026-09-06T21:29:59.800,65535,0,2,52,0,0,0,0,0,0,0x0b
2026-09-06T21:29:59.865,65535,0,2,51,0,0,0,0,0,0,0x0b
2026-09-06T21:29:59.930,65535,0,2,52,0,0,0,0,0,0,0x0b
2026-09-06T21:29:59.995,65535,0,2,52,0,0,0,0,0,0,0x0b
2026-09-06T21:30:00.076,65535,0,2,51,0,0,0,0,0,0,0x0b
2026-09-06T21:30:00.142,65535,0,2,50,0,0,0,0,0,0,0x0b
2026-09-06T21:30:00.207,65535,0,2,50,0,0,0,0,0,0,0x0b
2026-09-06T21:30:00.272,65535,0,2,50,0,0,0,0,0,0,0x0b
2026-09-06T21:30:00.337,65535,0,2,50,0,0,0,0,0,0,0x0b
2026-09-06T21:30:00.402,65535,0,2,51,0,0,0,0,0,0,0x0b
2026-09-06T21:30:00.467,65535,0,2,50,0,0,0,0,0,0,0x0b
2026-09-06T21:30:00.532,65535,0,2,50,0,0,0,0,0,0,0x0b
2026-09-06T21:30:00.613,65535,0,2,52,0,0,0,0,0,0,0x0b
2026-09-06T21:30:00.678,65535,0,2,51,0,0,0,0,0,0,0x0b
2026-09-06T21:30:00.743,65535,0,2,50,0,0,0,0,0,0,0x0b
2026-09-06T21:30:00.809,65535,0,2,51,0,0,0,0,0,0,0x0b
2026-09-06T21:30:00.874,65535,0,2,51,0,0,0,0,0,0,0x0b
2026-09-06T21:30:00.939,65535,0,2,51,0,0,0,0,0,0,0x0b
2026-09-06T21:30:01.005,65535,0,2,51,0,0,0,0,0,0,0x0b
2026-09-06T21:30:01.070,65535,0,2,50,0,0,0,0,0,0,0x0b
2026-09-06T21:30:01.136,65535,0,2,52,0,0,0,0,0,0,0x0b
2026-09-06T21:30:01.217,65535,0,2,50,0,0,0,0,0,0,0x0b
2026-09-06T21:30:01.267,65535,0,2,51,0,0,0,0,0,0,0x0b
2026-09-06T21:30:01.348,65535,0,2,50,0,0,0,0,0,0,0x0b
2026-09-06T21:30:01.413,65535,0,2,51,0,0,0,0,0,0,0x0b
2026-09-06T21:30:01.478,65535,0,2,51,0,0,0,0,0,0,0x0b
2026-09-06T21:30:01.543,65535,0,2,52,0,0,0,0,0,0,0x0b
2026-09-06T21:30:01.608,65535,0,2,50,0,0,0,0,0,0,0x0b
2026-09-06T21:30:01.674,65535,0,2,52,0,0,0,0,0,0,0x0b
2026-09-06T21:30:01.739,65535,0,2,50,0,0,0,0,0,0,0x0b
2026-09-06T21:30:01.804,65535,0,2,51,0,0,0,0,0,0,0x0b
2026-09-06T21:30:01.870,65535,0,2,52,0,0,0,0,0,0,0x0b
2026-09-06T21:30:01.951,65535,0,2,51,0,0,0,0,0,0,0x0b
2026-09-06T21:30:02.016,65535,0,2,52,0,0,0,0,0,0,0x0b
2026-09-06T21:30:02.082,65535,0,2,51,0,0,0,0,0,0,0x0b
2026-09-06T21:30:02.147,65535,0,2,50,0,0,0,0,0,0,0x0b
2026-09-06T21:30:02.212,65535,0,2,50,0,0,0,0,0,0,0x0b
2026-09-06T21:30:02.278,65535,0,2,50,0,0,0,0,0,0,0x0b
2026-09-06T21:30:02.343,65535,0,2,50,0,0,0,0,0,0,0x0b
2026-09-06T21:30:02.409,65535,0,2,50,0,0,0,0,0,0,0x0b
2026-09-06T21:30:02.474,65535,0,2,52,0,0,0,0,0,0,0x0b
2026-09-06T21:30:02.540,65535,0,2,53,0,0,0,0,0,0,0x0b
2026-09-06T21:30:02.621,65535,0,2,50,0,0,0,0,0,0,0x0b
2026-09-06T21:30:02.685,65535,0,2,50,0,0,0,0,0,0,0x0b
2026-09-06T21:30:02.750,65535,0,2,50,0,0,0,0,0,0,0x0b
2026-09-06T21:30:02.815,65535,0,2,50,0,0,0,0,0,0,0x0b
2026-09-06T21:30:02.881,65535,0,2,51,0,0,0,0,0,0,0x0b
2026-09-06T21:30:02.946,65535,0,2,51,0,0,0,0,0,0,0x0b
2026-09-06T21:30:03.012,65535,0,2,52,0,0,0,0,0,0,0x0b
2026-09-06T21:30:03.077,65535,0,2,50,0,0,0,0,0,0,0x0b
2026-09-06T21:30:03.141,65535,0,2,50,0,0,0,0,0,0,0x0b
2026-09-06T21:30:03.222,65535,0,2,50,0,0,0,0,0,0,0x0b
2026-09-06T21:30:03.287,65535,0,2,50,0,0,0,0,0,0,0x0b
2026-09-06T21:30:03.352,65535,0,2,50,0,0,0,0,0,0,0x0b
2026-09-06T21:30:03.417,65535,0,2,51,0,0,0,0,0,0,0x0b
2026-09-06T21:30:03.482,65535,0,2,50,0,0,0,0,0,0,0x0b
2026-09-06T21:30:03.547,65535,0,2,51,0,0,0,0,0,0,0x0b
2026-09-06T21:30:03.612,65535,0,2,51,0,0,0,0,0,0,0x0b
2026-09-06T21:30:03.678,65535,0,2,50,0,0,0,0,0,0,0x0b
2026-09-06T21:30:03.759,65535,0,2,50,0,0,0,0,0,0,0x0b
2026-09-06T21:30:03.824,65535,0,2,50,0,0,0,0,0,0,0x0b
2026-09-06T21:30:03.890,65535,0,2,52,0,0,0,0,0,0,0x0b
2026-09-06T21:30:03.955,65535,0,2,53,0,0,0,0,0,0,0x0b
2026-09-06T21:30:04.020,65535,0,2,51,0,0,0,0,0,0,0x0b
2026-09-06T21:30:04.086,65535,0,2,50,0,0,0,0,0,0,0x0b
2026-09-06T21:30:04.150,65535,0,2,51,0,0,0,0,0,0,0x0b
2026-09-06T21:30:04.215,65535,0,2,50,0,0,0,0,0,0,0x0b
2026-09-06T21:30:04.297,65535,0,2,50,0,0,0,0,0,0,0x0b
2026-09-06T21:30:04.361,65535,0,2,50,0,0,0,0,0,0,0x0b
2026-09-06T21:30:04.426,65535,0,2,52,0,0,0,0,0,0,0x0b
2026-09-06T21:30:04.491,65535,0,2,52,0,0,0,0,0,0,0x0b
2026-09-06T21:30:04.557,65535,0,2,50,0,0,0,0,0,0,0x0b
2026-09-06T21:30:04.622,65535,0,2,51,0,0,0,0,0,0,0x0b
2026-09-06T21:30:04.688,65535,0,2,50,0,0,0,0,0,0,0x0b
2026-09-06T21:30:04.753,65535,0,2,51,0,0,0,0,0,0,0x0b
2026-09-06T21:30:04.819,65535,0,2,50,0,0,0,0,0,0,0x0b
2026-09-06T21:30:04.884,65535,0,2,50,0,0,0,0,0,0,0x0b
2026-09-06T21:30:04.949,65535,0,2,50,0,0,0,0,0,0,0x0b
2026-09-06T21:30:05.030,65535,0,2,51,0,0,0,0,0,0,0x0b
2026-09-06T21:30:05.096,65535,0,2,51,0,0,0,0,0,0,0x0b
2026-09-06T21:30:05.161,65535,0,2,50,0,0,0,0,0,0,0x0b
2026-09-06T21:30:05.226,65535,0,2,50,0,0,0,0,0,0,0x0b
2026-09-06T21:30:05.291,65535,0,2,50,0,0,0,0,0,0,0x0b
2026-09-06T21:30:05.356,65535,0,2,50,0,0,0,0,0,0,0x0b
2026-09-06T21:30:05.421,65535,0,2,51,0,0,0,0,0,0,0x0b
2026-09-06T21:30:05.487,65535,0,2,51,0,0,0,0,0,0,0x0b
2026-09-06T21:30:05.568,65535,0,2,51,0,0,0,0,0,0,0x0b
2026-09-06T21:30:05.617,65535,0,2,50,0,0,0,0,0,0,0x0b
2026-09-06T21:30:05.698,65535,0,2,51,0,0,0,0,0,0,0x0b
2026-09-06T21:30:05.763,65535,0,2,52,0,0,0,0,0,0,0x0b
2026-09-06T21:30:05.828,65535,0,2,50,0,0,0,0,0,0,0x0b
2026-09-06T21:30:05.893,65535,0,2,51,0,0,0,0,0,0,0x0b
2026-09-06T21:30:05.958,65535,0,2,52,0,0,0,0,0,0,0x0b
2026-09-06T21:30:06.024,65535,0,2,52,0,0,0,0,0,0,0x0b
2026-09-06T21:30:06.105,65535,0,2,52,0,0,0,0,0,0,0x0b
2026-09-06T21:30:06.154,65535,0,2,51,0,0,0,0,0,0,0x0b
2026-09-06T21:30:06.236,65535,0,2,52,0,0,0,0,0,0,0x0b
2026-09-06T21:30:06.301,65535,0,2,50,0,0,0,0,0,0,0x0b
2026-09-06T21:30:06.365,65535,0,2,51,0,0,0,0,0,0,0x0b
2026-09-06T21:30:06.430,65535,0,2,50,0,0,0,0,0,0,0x0b
2026-09-06T21:30:06.496,65535,0,2,50,0,0,0,0,0,0,0x0b
2026-09-06T21:30:06.561,65535,0,2,51,0,0,0,0,0,0,0x0b
2026-09-06T21:30:06.626,65535,0,2,50,0,0,0,0,0,0,0x0b
2026-09-06T21:30:06.692,65535,0,2,51,0,0,0,0,0,0,0x0b
2026-09-06T21:30:06.757,65535,0,2,51,0,0,0,0,0,0,0x0b
2026-09-06T21:30:06.837,65535,0,2,52,0,0,0,0,0,0,0x0b
2026-09-06T21:30:06.902,65535,0,2,50,0,0,0,0,0,0,0x0b
2026-09-06T21:30:06.967,65535,0,2,50,0,0,0,0,0,0,0x0b
2026-09-06T21:30:07.032,65535,0,2,52,0,0,0,0,0,0,0x0b
2026-09-06T21:30:07.096,65535,0,2,52,0,0,0,0,0,0,0x0b
2026-09-06T21:30:07.161,65535,0,2,51,0,0,0,0,0,0,0x0b
2026-09-06T21:30:07.226,65535,0,2,50,0,0,0,0,0,0,0x0b
2026-09-06T21:30:07.308,65535,0,2,51,0,0,0,0,0,0,0x0b
2026-09-06T21:30:07.373,65535,0,2,52,0,0,0,0,0,0,0x0b
2026-09-06T21:30:07.437,65535,0,2,52,0,0,0,0,0,0,0x0b
2026-09-06T21:30:07.502,65535,0,2,50,0,0,0,0,0,0,0x0b
2026-09-06T21:30:07.567,65535,0,2,54,0,0,0,0,0,0,0x0b
2026-09-06T21:30:07.633,65535,0,2,50,0,0,0,0,0,0,0x0b
2026-09-06T21:30:07.698,65535,0,2,51,0,0,0,0,0,0,0x0b
2026-09-06T21:30:07.763,65535,0,2,51,0,0,0,0,0,0,0x0b
2026-09-06T21:30:07.844,65535,0,2,51,0,0,0,0,0,0,0x0b
2026-09-06T21:30:07.909,65535,0,2,51,0,0,0,0,0,0,0x0b
2026-09-06T21:30:07.974,65535,0,2,52,0,0,0,0,0,0,0x0b
2026-09-06T21:30:08.039,65535,0,2,50,0,0,0,0,0,0,0x0b
2026-09-06T21:30:08.104,65535,0,2,50,0,0,0,0,0,0,0x0b
2026-09-06T21:30:08.170,65535,0,2,51,0,0,0,0,0,0,0x0b
2026-09-06T21:30:08.235,65535,0,2,51,0,0,0,0,0,0,0x0b
2026-09-06T21:30:08.301,65535,0,2,51,0,0,0,0,0,0,0x0b
2026-09-06T21:30:08.366,65535,0,2,50,0,0,0,0,0,0,0x0b
2026-09-06T21:30:08.447,65535,0,2,52,0,0,0,0,0,0,0x0b
2026-09-06T21:30:08.496,65535,0,2,51,0,0,0,0,0,0,0x0b
2026-09-06T21:30:08.578,65535,0,2,51,0,0,0,0,0,0,0x0b
2026-09-06T21:30:08.643,65535,0,2,50,0,0,0,0,0,0,0x0b
2026-09-06T21:30:08.708,65535,0,2,51,0,0,0,0,0,0,0x0b
2026-09-06T21:30:08.773,65535,0,2,50,0,0,0,0,0,0,0x0b
2026-09-06T21:30:08.837,65535,0,2,50,0,0,0,0,0,0,0x0b
2026-09-06T21:30:08.902,65535,0,2,50,0,0,0,0,0,0,0x0b
2026-09-06T21:30:08.969,65535,0,2,50,0,0,0,0,0,0,0x0b
2026-09-06T21:30:09.047,65535,0,2,51,0,0,0,0,0,0,0x0b
2026-09-06T21:30:09.113,65535,0,2,51,0,0,0,0,0,0,0x0b
2026-09-06T21:30:09.179,65535,0,2,51,0,0,0,0,0,0,0x0b
2026-09-06T21:30:09.244,65535,0,2,52,0,0,0,0,0,0,0x0b
2026-09-06T21:30:09.309,317,0,2,50,0,0,28094,0,0,28548,0x07
2026-09-06T21:30:09.373,317,0,2,50,3374,540,40000,3500,680,40000,0x07
2026-09-06T21:30:09.438,317,0,2,50,3374,840,38864,3500,2060,34668,0x07
2026-09-06T21:30:09.503,65535,0,2,50,0,0,0,0,0,0,0x0b
2026-09-06T21:30:09.584,65535,0,2,51,0,0,0,0,0,0,0x0b
2026-09-06T21:30:09.650,65535,0,2,51,0,0,0,0,0,0,0x0b
2026-09-06T21:30:09.715,65535,0,2,51,0,0,0,0,0,0,0x0b
2026-09-06T21:30:09.780,65535,0,2,50,0,0,0,0,0,0,0x0b
2026-09-06T21:30:09.846,65535,0,2,51,0,0,0,0,0,0,0x0b
2026-09-06T21:30:09.911,65535,0,2,51,0,0,0,0,0,0,0x0b
2026-09-06T21:30:09.976,65535,0,2,51,0,0,0,0,0,0,0x0b
2026-09-06T21:30:10.041,65535,0,2,52,0,0,0,0,0,0,0x0b
2026-09-06T21:30:10.107,65535,0,2,52,0,0,0,0,0,0,0x0b
2026-09-06T21:30:10.187,65535,0,2,51,0,0,0,0,0,0,0x0b
2026-09-06T21:30:10.252,65535,0,2,50,0,0,0,0,0,0,0x0b
2026-09-06T21:30:10.318,65535,0,2,50,0,0,0,0,0,0,0x0b
2026-09-06T21:30:10.382,65535,0,2,50,0,0,0,0,0,0,0x0b
2026-09-06T21:30:10.448,65535,0,2,50,0,0,0,0,0,0,0x0b
2026-09-06T21:30:10.514,65535,0,2,51,0,0,0,0,0,0,0x0b
2026-09-06T21:30:10.577,65535,0,2,51,0,0,0,0,0,0,0x0b
2026-09-06T21:30:10.642,65535,0,2,50,0,0,0,0,0,0,0x0b
2026-09-06T21:30:10.723,65535,0,2,50,0,0,0,0,0,0,0x0b
2026-09-06T21:30:10.788,65535,0,2,51,0,0,0,0,0,0,0x0b
2026-09-06T21:30:10.853,65535,0,2,52,0,0,0,0,0,0,0x0b
2026-09-06T21:30:10.919,65535,0,2,52,0,0,0,0,0,0,0x0b
2026-09-06T21:30:10.984,65535,0,2,52,0,0,0,0,0,0,0x0b
2026-09-06T21:30:11.050,65535,0,2,51,0,0,0,0,0,0,0x0b
2026-09-06T21:30:11.115,65535,0,2,50,0,0,0,0,0,0,0x0b
2026-09-06T21:30:11.181,65535,0,2,52,0,0,0,0,0,0,0x0b
2026-09-06T21:30:11.246,65535,0,2,51,0,0,0,0,0,0,0x0b
2026-09-06T21:30:11.311,65535,0,2,51,0,0,0,0,0,0,0x0b
2026-09-06T21:30:11.392,65535,0,2,50,0,0,0,0,0,0,0x0b
2026-09-06T21:30:11.457,65535,0,2,52,0,0,0,0,0,0,0x0b
2026-09-06T21:30:11.522,65535,0,2,50,0,0,0,0,0,0,0x0b
2026-09-06T21:30:11.587,65535,0,2,50,0,0,0,0,0,0,0x0b
2026-09-06T21:30:11.651,65535,0,2,51,0,0,0,0,0,0,0x0b
2026-09-06T21:30:11.716,65535,0,2,50,0,0,0,0,0,0,0x0b
2026-09-06T21:30:11.781,65535,0,2,52,0,0,0,0,0,0,0x0b
2026-09-06T21:30:11.847,65535,0,2,52,0,0,0,0,0,0,0x0b
2026-09-06T21:30:11.928,65535,0,2,51,0,0,0,0,0,0,0x0b
2026-09-06T21:30:11.993,65535,0,2,50,0,0,0,0,0,0,0x0b
2026-09-06T21:30:12.058,65535,0,2,50,0,0,0,0,0,0,0x0b
2026-09-06T21:30:12.123,65535,0,2,51,0,0,0,0,0,0,0x0b
2026-09-06T21:30:12.189,65535,0,2,50,0,0,0,0,0,0,0x0b
2026-09-06T21:30:12.253,65535,0,2,51,0,0,0,0,0,0,0x0b
2026-09-06T21:30:12.319,65535,0,2,52,0,0,0,0,0,0,0x0b
2026-09-06T21:30:12.384,65535,0,2,50,0,0,0,0,0,0,0x0b
2026-09-06T21:30:12.465,65535,0,2,50,0,0,0,0,0,0,0x0b
2026-09-06T21:30:12.530,65535,0,2,52,0,0,0,0,0,0,0x0b
2026-09-06T21:30:12.594,65535,0,2,50,0,0,0,0,0,0,0x0b
2026-09-06T21:30:12.660,65535,0,2,52,0,0,0,0,0,0,0x0b
2026-09-06T21:30:12.724,65535,0,2,50,0,0,0,0,0,0,0x0b
2026-09-06T21:30:12.790,65535,0,2,50,0,0,0,0,0,0,0x0b
2026-09-06T21:30:12.856,65535,0,2,51,0,0,0,0,0,0,0x0b
2026-09-06T21:30:12.921,65535,0,2,52,0,0,0,0,0,0,0x0b
2026-09-06T21:30:12.986,65535,0,2,51,0,0,0,0,0,0,0x0b
2026-09-06T21:30:13.067,65535,0,2,50,0,0,0,0,0,0,0x0b
2026-09-06T21:30:13.131,65535,0,2,51,0,0,0,0,0,0,0x0b
2026-09-06T21:30:13.196,65535,0,2,51,0,0,0,0,0,0,0x0b
2026-09-06T21:30:13.262,65535,0,2,51,0,0,0,0,0,0,0x0b
2026-09-06T21:30:13.327,65535,0,2,51,0,0,0,0,0,0,0x0b
2026-09-06T21:30:13.392,65535,0,2,52,0,0,0,0,0,0,0x0b
2026-09-06T21:30:13.458,65535,0,2,51,0,0,0,0,0,0,0x0b
2026-09-06T21:30:13.523,65535,0,2,52,0,0,0,0,0,0,0x0b
2026-09-06T21:30:13.603,65535,0,2,54,0,0,0,0,0,0,0x0b
2026-09-06T21:30:13.653,65535,0,2,51,0,0,0,0,0,0,0x0b
2026-09-06T21:30:13.734,65535,0,2,51,0,0,0,0,0,0,0x0b
2026-09-06T21:30:13.798,65535,0,2,51,0,0,0,0,0,0,0x0b
2026-09-06T21:30:13.863,65535,0,2,52,0,0,0,0,0,0,0x0b
2026-09-06T21:30:13.927,65535,0,2,51,0,0,0,0,0,0,0x0b
2026-09-06T21:30:13.992,65535,0,2,51,0,0,0,0,0,0,0x0b
2026-09-06T21:30:14.057,65535,0,2,50,0,0,0,0,0,0,0x0b
2026-09-06T21:30:14.123,65535,0,2,52,0,0,0,0,0,0,0x0b
2026-09-06T21:30:14.204,65535,0,2,50,0,0,0,0,0,0,0x0b
2026-09-06T21:30:14.269,65535,0,2,53,0,0,0,0,0,0,0x0b
2026-09-06T21:30:14.333,65535,0,2,51,0,0,0,0,0,0,0x0b
2026-09-06T21:30:14.398,65535,0,2,51,0,0,0,0,0,0,0x0b
2026-09-06T21:30:14.463,65535,0,2,51,0,0,0,0,0,0,0x0b
2026-09-06T21:30:14.529,65535,0,2,50,0,0,0,0,0,0,0x0b
2026-09-06T21:30:14.594,65535,0,2,52,0,0,0,0,0,0,0x0b
2026-09-06T21:30:14.659,65535,0,2,52,0,0,0,0,0,0,0x0b
2026-09-06T21:30:14.740,65535,0,2,51,0,0,0,0,0,0,0x0b
2026-09-06T21:30:14.805,65535,0,2,52,0,0,0,0,0,0,0x0b
2026-09-06T21:30:14.869,65535,0,2,53,0,0,0,0,0,0,0x0b
2026-09-06T21:30:14.934,65535,0,2,50,0,0,0,0,0,0,0x0b
2026-09-06T21:30:14.999,65535,0,2,51,0,0,0,0,0,0,0x0b
2026-09-06T21:30:15.064,65535,0,2,51,0,0,0,0,0,0,0x0b
2026-09-06T21:30:15.129,65535,0,2,50,0,0,0,0,0,0,0x0b
2026-09-06T21:30:15.194,65535,0,2,51,0,0,0,0,0,0,0x0b
2026-09-06T21:30:15.260,65535,0,2,51,0,0,0,0,0,0,0x0b
2026-09-06T21:30:15.341,65535,0,2,52,0,0,0,0,0,0,0x0b
2026-09-06T21:30:15.406,65535,0,2,51,0,0,0,0,0,0,0x0b
2026-09-06T21:30:15.472,65535,0,2,50,0,0,0,0,0,0,0x0b
2026-09-06T21:30:15.537,65535,0,2,54,0,0,0,0,0,0,0x0b
2026-09-06T21:30:15.601,65535,0,2,51,0,0,0,0,0,0,0x0b
2026-09-06T21:30:15.667,65535,0,2,51,0,0,0,0,0,0,0x0b
2026-09-06T21:30:15.732,65535,0,2,51,0,0,0,0,0,0,0x0b
2026-09-06T21:30:15.813,65535,0,2,50,0,0,0,0,0,0,0x0b
2026-09-06T21:30:15.877,65535,0,2,51,0,0,0,0,0,0,0x0b
2026-09-06T21:30:15.943,65535,0,2,54,0,0,0,0,0,0,0x0b
2026-09-06T21:30:16.008,65535,0,2,51,0,0,0,0,0,0,0x0b
2026-09-06T21:30:16.073,65535,0,2,50,0,0,0,0,0,0,0x0b
2026-09-06T21:30:16.138,65535,0,2,52,0,0,0,0,0,0,0x0b
2026-09-06T21:30:16.203,65535,0,2,53,0,0,0,0,0,0,0x0b
2026-09-06T21:30:16.268,65535,0,2,50,0,0,0,0,0,0,0x0b
2026-09-06T21:30:16.349,65535,0,2,51,0,0,0,0,0,0,0x0b
2026-09-06T21:30:16.414,65535,0,2,50,0,0,0,0,0,0,0x0b
2026-09-06T21:30:16.479,65535,0,2,50,0,0,0,0,0,0,0x0b
2026-09-06T21:30:16.545,65535,0,2,52,0,0,0,0,0,0,0x0b
2026-09-06T21:30:16.610,65535,0,2,53,0,0,0,0,0,0,0x0b
2026-09-06T21:30:16.676,65535,0,2,53,0,0,0,0,0,0,0x0b
2026-09-06T21:30:16.741,65535,0,2,51,0,0,0,0,0,0,0x0b
2026-09-06T21:30:16.807,65535,0,2,51,0,0,0,0,0,0,0x0b
2026-09-06T21:30:16.872,65535,0,2,51,0,0,0,0,0,0,0x0b
2026-09-06T21:30:16.936,65535,0,2,50,0,0,0,0,0,0,0x0b
2026-09-06T21:30:17.001,65535,0,2,51,0,0,0,0,0,0,0x0b
2026-09-06T21:30:17.083,65535,0,2,50,0,0,0,0,0,0,0x0b
2026-09-06T21:30:17.148,65535,0,2,50,0,0,0,0,0,0,0x0b
2026-09-06T21:30:17.213,65535,0,2,51,0,0,0,0,0,0,0x0b
2026-09-06T21:30:17.279,65535,0,2,51,0,0,0,0,0,0,0x0b
2026-09-06T21:30:17.344,65535,0,2,52,0,0,0,0,0,0,0x0b
2026-09-06T21:30:17.409,65535,0,2,51,0,0,0,0,0,0,0x0b
2026-09-06T21:30:17.474,65535,0,2,51,0,0,0,0,0,0,0x0b
2026-09-06T21:30:17.540,65535,0,2,51,0,0,0,0,0,0,0x0b
2026-09-06T21:30:17.605,65535,0,2,52,0,0,0,0,0,0,0x0b
2026-09-06T21:30:17.687,65535,0,2,51,0,0,0,0,0,0,0x0b
2026-09-06T21:30:17.736,65535,0,2,53,0,0,0,0,0,0,0x0b
2026-09-06T21:30:17.818,65535,0,2,51,0,0,0,0,0,0,0x0b
2026-09-06T21:30:17.883,65535,0,2,52,0,0,0,0,0,0,0x0b
2026-09-06T21:30:17.949,65535,0,2,50,0,0,0,0,0,0,0x0b
2026-09-06T21:30:18.014,65535,0,2,50,0,0,0,0,0,0,0x0b
2026-09-06T21:30:18.079,65535,0,2,50,0,0,0,0,0,0,0x0b
2026-09-06T21:30:18.144,65535,0,2,51,0,0,0,0,0,0,0x0b
2026-09-06T21:30:18.209,65535,0,2,50,0,0,0,0,0,0,0x0b
2026-09-06T21:30:18.274,65535,0,2,50,0,0,0,0,0,0,0x0b
2026-09-06T21:30:18.356,65535,0,2,51,0,0,0,0,0,0,0x0b
2026-09-06T21:30:18.420,65535,0,2,51,0,0,0,0,0,0,0x0b
2026-09-06T21:30:18.485,65535,0,2,50,0,0,0,0,0,0,0x0b
2026-09-06T21:30:18.549,65535,0,2,54,0,0,0,0,0,0,0x0b
2026-09-06T21:30:18.615,65535,0,2,51,0,0,0,0,0,0,0x0b
2026-09-06T21:30:18.680,65535,0,2,50,0,0,0,0,0,0,0x0b
2026-09-06T21:30:18.745,65535,0,2,52,0,0,0,0,0,0,0x0b
2026-09-06T21:30:18.810,65535,0,2,50,0,0,0,0,0,0,0x0b
2026-09-06T21:30:18.892,65535,0,2,51,0,0,0,0,0,0,0x0b
2026-09-06T21:30:18.957,65535,0,2,51,0,0,0,0,0,0,0x0b
2026-09-06T21:30:18.974,65535,0,2,50,0,0,0,0,0,0,0x0b
