timestamp,sequence,team,robot_id,interval_ms,left_target_eps,left_measured_eps,left_duty,right_target_eps,right_measured_eps,right_duty,flags
2026-09-06T12:55:44.865-03:00,65535,255,0,0,0,0,0,0,0,0,0x03
2026-09-06T12:55:44.885-03:00,1,0,0,50,0,0,30741,0,0,31098,0x07
2026-09-06T12:55:44.964-03:00,2,0,0,50,3374,40,40000,3500,0,40000,0x07
2026-09-06T12:55:44.964-03:00,3,0,0,50,3374,40,40000,3500,0,40000,0x07
2026-09-06T12:55:45.002-03:00,4,0,0,53,3374,3038,32170,3500,0,40000,0x07
2026-09-06T12:55:45.022-03:00,5,0,0,53,3374,3038,32170,3500,0,40000,0x07
2026-09-06T12:55:45.045-03:00,6,0,0,53,3374,3038,32170,3500,0,40000,0x07
2026-09-06T12:55:45.082-03:00,7,0,0,62,3374,2758,33359,3500,0,40000,0x07
2026-09-06T12:55:45.124-03:00,8,0,0,62,3374,2758,33359,3500,0,40000,0x07
2026-09-06T12:55:45.146-03:00,9,0,0,59,3374,2695,33627,3500,0,40000,0x07
2026-09-06T12:55:45.146-03:00,10,0,0,59,3374,2695,33627,3500,0,40000,0x07
2026-09-06T12:55:45.166-03:00,11,0,0,59,3374,2695,33627,3500,0,40000,0x07
2026-09-06T12:55:45.184-03:00,13,0,0,59,3374,2593,34059,3500,0,40000,0x07
2026-09-06T12:55:45.204-03:00,14,0,0,59,3374,2593,34059,3500,0,40000,0x07
2026-09-06T12:55:45.262-03:00,15,0,0,59,3374,2593,34059,3500,0,40000,0x07
2026-09-06T12:55:45.262-03:00,16,0,0,59,3374,2746,33411,3500,0,40000,0x07
2026-09-06T12:55:45.305-03:00,17,0,0,59,3374,2746,33411,3500,0,40000,0x07
2026-09-06T12:55:45.323-03:00,18,0,0,54,3374,2796,33196,3500,0,40000,0x07
2026-09-06T12:55:45.346-03:00,19,0,0,54,3374,2796,33196,3500,0,40000,0x07
2026-09-06T12:55:45.362-03:00,21,0,0,50,3374,2820,33096,3500,0,40000,0x07
2026-09-06T12:55:45.385-03:00,22,0,0,50,3374,2820,33096,3500,0,40000,0x07
2026-09-06T12:55:45.402-03:00,24,0,0,61,3374,2361,35048,3500,0,40000,0x07
2026-09-06T12:55:45.426-03:00,25,0,0,61,3374,2361,35048,3500,0,40000,0x07
2026-09-06T12:55:45.444-03:00,26,0,0,61,3374,2361,35048,3500,0,40000,0x07
2026-09-06T12:55:45.483-03:00,27,0,0,60,3374,2800,33180,3500,0,40000,0x07
2026-09-06T12:55:45.503-03:00,28,0,0,60,3374,2800,33180,3500,0,40000,0x07
2026-09-06T12:55:45.546-03:00,29,0,0,60,3374,2800,33180,3500,0,40000,0x07
2026-09-06T12:55:45.563-03:00,30,0,0,52,3374,2750,33393,3500,0,40000,0x07
2026-09-06T12:55:45.586-03:00,31,0,0,52,3374,2750,33393,3500,0,40000,0x07
2026-09-06T12:55:45.606-03:00,33,0,0,57,3374,2825,33076,3500,0,40000,0x07
2026-09-06T12:55:45.645-03:00,34,0,0,57,3374,2825,33076,3500,0,40000,0x07
2026-09-06T12:55:45.645-03:00,36,0,0,53,3374,2811,33132,3500,0,40000,0x07
2026-09-06T12:55:45.662-03:00,37,0,0,53,3374,2811,33132,3500,0,40000,0x07
2026-09-06T12:55:45.744-03:00,38,0,0,52,3374,2692,33638,3500,0,40000,0x07
2026-09-06T12:55:45.762-03:00,39,0,0,52,3374,2692,33638,3500,0,40000,0x07
2026-09-06T12:55:45.762-03:00,40,0,0,52,3374,2692,33638,3500,0,40000,0x07
2026-09-06T12:55:45.782-03:00,41,0,0,58,3374,2948,32550,3500,0,40000,0x07
2026-09-06T12:55:45.805-03:00,42,0,0,58,3374,2948,32550,3500,0,40000,0x07
2026-09-06T12:55:45.826-03:00,45,0,0,58,3374,2948,32550,3500,0,40000,0x07
2026-09-06T12:55:45.843-03:00,46,0,0,59,3374,2661,33771,3500,0,40000,0x07
2026-09-06T12:55:45.865-03:00,47,0,0,59,3374,2661,33771,3500,0,40000,0x07
2026-09-06T12:55:45.905-03:00,48,0,0,59,3374,2661,33771,3500,0,40000,0x07
2026-09-06T12:55:45.905-03:00,49,0,0,59,3374,2712,33555,3500,0,40000,0x07
2026-09-06T12:55:45.926-03:00,50,0,0,59,3374,2712,33555,3500,0,40000,0x07
2026-09-06T12:55:45.946-03:00,51,0,0,59,3374,2712,33555,3500,0,40000,0x07
2026-09-06T12:55:46.006-03:00,52,0,0,59,3374,2814,33123,3500,0,40000,0x07
2026-09-06T12:55:46.006-03:00,53,0,0,59,3374,2814,33123,3500,0,40000,0x07
2026-09-06T12:55:46.042-03:00,54,0,0,59,3374,2814,33123,3500,0,40000,0x07
2026-09-06T12:55:46.063-03:00,55,0,0,50,3374,2740,33436,3500,0,40000,0x07
2026-09-06T12:55:46.063-03:00,56,0,0,55,3374,2727,33490,3500,0,40000,0x07
2026-09-06T12:55:46.085-03:00,58,0,0,55,3374,2727,33490,3500,0,40000,0x07
2026-09-06T12:55:46.124-03:00,59,0,0,55,3374,2727,33490,3500,0,40000,0x07
2026-09-06T12:55:46.162-03:00,60,0,0,59,3374,2746,33411,3500,0,40000,0x07
2026-09-06T12:55:46.205-03:00,61,0,0,59,3374,2746,33411,3500,0,40000,0x07
2026-09-06T12:55:46.205-03:00,62,0,0,59,3374,2746,33411,3500,0,40000,0x07
2026-09-06T12:55:46.223-03:00,63,0,0,51,3374,2608,33997,3500,0,40000,0x07
2026-09-06T12:55:46.247-03:00,64,0,0,55,3374,2964,32485,3500,0,40000,0x07
2026-09-06T12:55:46.303-03:00,66,0,0,55,3374,2964,32485,3500,0,40000,0x07
2026-09-06T12:55:46.303-03:00,68,0,0,55,3374,2964,32485,3500,0,40000,0x07
2026-09-06T12:55:46.324-03:00,69,0,0,53,3374,2679,33694,3500,0,40000,0x07
2026-09-06T12:55:46.342-03:00,70,0,0,61,3374,2820,33097,3500,0,40000,0x07
2026-09-06T12:55:46.363-03:00,71,0,0,61,3374,2820,33097,3500,0,40000,0x07
2026-09-06T12:55:46.387-03:00,73,0,0,61,3374,2820,33097,3500,0,40000,0x07
2026-09-06T12:55:46.404-03:00,74,0,0,59,3374,2763,33339,3500,0,40000,0x07
2026-09-06T12:55:46.423-03:00,75,0,0,59,3374,2763,33339,3500,0,40000,0x07
2026-09-06T12:55:46.466-03:00,76,0,0,59,3374,2763,33339,3500,0,40000,0x07
2026-09-06T12:55:46.466-03:00,77,0,0,59,3374,2695,33627,3500,0,40000,0x07
2026-09-06T12:55:46.486-03:00,78,0,0,59,3374,2695,33627,3500,0,40000,0x07
2026-09-06T12:55:46.506-03:00,79,0,0,59,3374,2695,33627,3500,0,40000,0x07
2026-09-06T12:55:46.523-03:00,80,0,0,59,3374,2847,32979,3500,0,40000,0x07
2026-09-06T12:55:46.546-03:00,81,0,0,59,3374,2847,32979,3500,0,40000,0x07
2026-09-06T12:55:46.622-03:00,82,0,0,59,3374,2847,32979,3500,0,40000,0x07
2026-09-06T12:55:46.622-03:00,83,0,0,59,3374,2712,33555,3500,0,40000,0x07
2026-09-06T12:55:46.666-03:00,84,0,0,59,3374,2712,33555,3500,0,40000,0x07
2026-09-06T12:55:46.666-03:00,85,0,0,50,3374,2700,33606,3500,0,40000,0x07
2026-09-06T12:55:46.684-03:00,86,0,0,50,3374,2700,33606,3500,0,40000,0x07
2026-09-06T12:55:46.725-03:00,89,0,0,64,3374,2750,33393,3500,0,40000,0x07
2026-09-06T12:55:46.743-03:00,90,0,0,64,3374,2750,33393,3500,0,40000,0x07
2026-09-06T12:55:46.784-03:00,91,0,0,64,3374,2750,33393,3500,0,40000,0x07
2026-09-06T12:55:46.824-03:00,92,0,0,55,3374,2727,33490,3500,0,40000,0x07
2026-09-06T12:55:46.824-03:00,93,0,0,55,3374,2727,33490,3500,0,40000,0x07
2026-09-06T12:55:46.846-03:00,95,0,0,53,3374,2792,33213,3500,0,40000,0x07
2026-09-06T12:55:46.864-03:00,96,0,0,52,3374,2885,32821,3500,0,40000,0x07
2026-09-06T12:55:46.884-03:00,98,0,0,52,3374,2885,32821,3500,0,40000,0x07
2026-09-06T12:55:46.903-03:00,99,0,0,52,3374,2885,32821,3500,0,40000,0x07
2026-09-06T12:55:46.925-03:00,100,0,0,58,3374,2638,33869,3500,0,40000,0x07
2026-09-06T12:55:46.945-03:00,101,0,0,58,3374,2638,33869,3500,0,40000,0x07
2026-09-06T12:55:46.964-03:00,102,0,0,58,3374,2638,33869,3500,0,40000,0x07
2026-09-06T12:55:46.982-03:00,103,0,0,51,3374,2588,34080,3500,0,40000,0x07
2026-09-06T12:55:47.004-03:00,104,0,0,51,3374,2588,34080,3500,0,40000,0x07
2026-09-06T12:55:47.024-03:00,105,0,0,53,3374,2811,33132,3500,0,40000,0x07
2026-09-06T12:55:47.044-03:00,106,0,0,53,3374,2811,33132,3500,0,40000,0x07
2026-09-06T12:55:47.064-03:00,107,0,0,53,3374,2811,33132,3500,0,40000,0x07
2026-09-06T12:55:47.085-03:00,108,0,0,59,3374,2780,33267,3500,0,40000,0x07
2026-09-06T12:55:47.126-03:00,109,0,0,59,3374,2780,33267,3500,0,40000,0x07
2026-09-06T12:55:47.147-03:00,110,0,0,59,3374,2780,33267,3500,0,40000,0x07
2026-09-06T12:55:47.165-03:00,111,0,0,50,3374,2680,33690,3500,0,40000,0x07
2026-09-06T12:55:47.183-03:00,112,0,0,50,3374,2680,33690,3500,0,40000,0x07
2026-09-06T12:55:47.204-03:00,113,0,0,52,3374,2808,33148,3500,0,40000,0x07
2026-09-06T12:55:47.245-03:00,114,0,0,52,3374,2808,33148,3500,0,40000,0x07
2026-09-06T12:55:47.263-03:00,116,0,0,55,3374,2564,34185,3500,0,40000,0x07
2026-09-06T12:55:47.303-03:00,117,0,0,55,3374,2564,34185,3500,0,40000,0x07
2026-09-06T12:55:47.327-03:00,118,0,0,50,3374,2840,33010,3500,0,40000,0x07
2026-09-06T12:55:47.327-03:00,119,0,0,50,3374,2840,33010,3500,0,40000,0x07
2026-09-06T12:55:47.347-03:00,121,0,0,57,3374,2737,33449,3500,0,40000,0x07
2026-09-06T12:55:47.365-03:00,122,0,0,57,3374,2737,33449,3500,0,40000,0x07
2026-09-06T12:55:47.385-03:00,123,0,0,57,3374,2737,33449,3500,0,40000,0x07
2026-09-06T12:55:47.402-03:00,124,0,0,59,3374,2678,33699,3500,0,40000,0x07
2026-09-06T12:55:47.422-03:00,125,0,0,59,3374,2678,33699,3500,0,40000,0x07
2026-09-06T12:55:47.442-03:00,126,0,0,59,3374,2678,33699,3500,0,40000,0x07
2026-09-06T12:55:47.484-03:00,127,0,0,59,3374,2712,33555,3500,0,40000,0x07
2026-09-06T12:55:47.505-03:00,128,0,0,59,3374,2712,33555,3500,0,40000,0x07
2026-09-06T12:55:47.505-03:00,129,0,0,59,3374,2712,33555,3500,0,40000,0x07
2026-09-06T12:55:47.543-03:00,130,0,0,60,3374,2733,33464,3500,0,40000,0x07
2026-09-06T12:55:47.564-03:00,131,0,0,60,3374,2733,33464,3500,0,40000,0x07
2026-09-06T12:55:47.583-03:00,132,0,0,60,3374,2733,33464,3500,0,40000,0x07
2026-09-06T12:55:47.603-03:00,133,0,0,51,3374,2667,33747,3500,0,40000,0x07
2026-09-06T12:55:47.644-03:00,134,0,0,51,3374,2667,33747,3500,0,40000,0x07
2026-09-06T12:55:47.685-03:00,136,0,0,67,3374,2881,32838,3500,0,40000,0x07
2026-09-06T12:55:47.726-03:00,137,0,0,67,3374,2881,32838,3500,0,40000,0x07
2026-09-06T12:55:47.744-03:00,138,0,0,59,3374,2797,33195,3500,0,40000,0x07
2026-09-06T12:55:47.762-03:00,139,0,0,59,3374,2797,33195,3500,0,40000,0x07
2026-09-06T12:55:47.782-03:00,141,0,0,52,3374,2808,33148,3500,0,40000,0x07
2026-09-06T12:55:47.824-03:00,143,0,0,52,3374,2808,33148,3500,0,40000,0x07
2026-09-06T12:55:47.844-03:00,145,0,0,67,3374,2731,33472,3500,0,40000,0x07
2026-09-06T12:55:47.844-03:00,146,0,0,67,3374,2731,33472,3500,0,40000,0x07
2026-09-06T12:55:47.863-03:00,147,0,0,67,3374,2731,33472,3500,0,40000,0x07
2026-09-06T12:55:47.886-03:00,148,0,0,62,3374,2726,33496,3500,0,40000,0x07
2026-09-06T12:55:47.922-03:00,149,0,0,62,3374,2726,33496,3500,0,40000,0x07
2026-09-06T12:55:47.946-03:00,150,0,0,62,3374,2726,33496,3500,0,40000,0x07
2026-09-06T12:55:47.946-03:00,151,0,0,60,3374,2717,33535,3500,0,40000,0x07
2026-09-06T12:55:47.987-03:00,152,0,0,60,3374,2717,33535,3500,0,40000,0x07
2026-09-06T12:55:47.987-03:00,153,0,0,60,3374,2717,33535,3500,0,40000,0x07
2026-09-06T12:55:48.005-03:00,154,0,0,50,3374,2700,33606,3500,0,40000,0x07
2026-09-06T12:55:48.024-03:00,155,0,0,50,3374,2700,33606,3500,0,40000,0x07
2026-09-06T12:55:48.047-03:00,156,0,0,53,3374,2698,33614,3500,0,40000,0x07
2026-09-06T12:55:48.065-03:00,157,0,0,53,3374,2698,33614,3500,0,40000,0x07
2026-09-06T12:55:48.082-03:00,158,0,0,53,3374,2698,33614,3500,0,40000,0x07
2026-09-06T12:55:48.106-03:00,159,0,0,59,3374,2797,33195,3500,0,40000,0x07
2026-09-06T12:55:48.123-03:00,160,0,0,59,3374,2797,33195,3500,0,40000,0x07
2026-09-06T12:55:48.205-03:00,161,0,0,59,3374,2797,33195,3500,0,40000,0x07
2026-09-06T12:55:48.205-03:00,162,0,0,59,3374,2729,33483,3500,0,40000,0x07
2026-09-06T12:55:48.223-03:00,163,0,0,59,3374,2729,33483,3500,0,40000,0x07
2026-09-06T12:55:48.246-03:00,164,0,0,51,3374,2745,33414,3500,0,40000,0x07
2026-09-06T12:55:48.283-03:00,165,0,0,51,3374,2745,33414,3500,0,40000,0x07
2026-09-06T12:55:48.283-03:00,168,0,0,66,3374,2833,33039,3500,0,40000,0x07
2026-09-06T12:55:48.307-03:00,169,0,0,66,3374,2833,33039,3500,0,40000,0x07
2026-09-06T12:55:48.346-03:00,170,0,0,66,3374,2833,33039,3500,0,40000,0x07
2026-09-06T12:55:48.364-03:00,171,0,0,71,3374,2465,34605,3500,0,40000,0x07
2026-09-06T12:55:48.384-03:00,172,0,0,71,3374,2465,34605,3500,0,40000,0x07
2026-09-06T12:55:48.423-03:00,173,0,0,51,3374,2882,32830,3500,0,40000,0x07
2026-09-06T12:55:48.482-03:00,174,0,0,51,3374,2882,32830,3500,0,40000,0x07
2026-09-06T12:55:48.482-03:00,176,0,0,51,3374,2882,32830,3500,0,40000,0x07
2026-09-06T12:55:48.503-03:00,177,0,0,51,3374,2745,33414,3500,0,40000,0x07
2026-09-06T12:55:48.526-03:00,178,0,0,50,3374,2840,33010,3500,0,40000,0x07
2026-09-06T12:55:48.564-03:00,180,0,0,50,3374,2840,33010,3500,0,40000,0x07
2026-09-06T12:55:48.582-03:00,182,0,0,57,3374,2684,33673,3500,0,40000,0x07
2026-09-06T12:55:48.626-03:00,183,0,0,57,3374,2684,33673,3500,0,40000,0x07
2026-09-06T12:55:48.643-03:00,184,0,0,57,3374,2684,33673,3500,0,40000,0x07
2026-09-06T12:55:48.683-03:00,185,0,0,54,3374,2722,33511,3500,0,40000,0x07
2026-09-06T12:55:48.706-03:00,186,0,0,58,3374,2879,32843,3500,0,40000,0x07
2026-09-06T12:55:48.706-03:00,187,0,0,58,3374,2879,32843,3500,0,40000,0x07
2026-09-06T12:55:48.763-03:00,189,0,0,50,3374,2840,33010,3500,0,40000,0x07
2026-09-06T12:55:48.784-03:00,190,0,0,50,3374,2840,33010,3500,0,40000,0x07
2026-09-06T12:55:48.805-03:00,192,0,0,52,3374,2635,33883,3500,0,40000,0x07
2026-09-06T12:55:48.825-03:00,193,0,0,52,3374,2635,33883,3500,0,40000,0x07
2026-09-06T12:55:48.842-03:00,194,0,0,59,3374,2814,33123,3500,0,40000,0x07
2026-09-06T12:55:48.862-03:00,196,0,0,59,3374,2814,33123,3500,0,40000,0x07
2026-09-06T12:55:48.886-03:00,197,0,0,59,3374,2814,33123,3500,0,40000,0x07
2026-09-06T12:55:48.906-03:00,199,0,0,67,3374,2776,33282,3500,0,40000,0x07
2026-09-06T12:55:48.962-03:00,200,0,0,67,3374,2776,33282,3500,0,40000,0x07
2026-09-06T12:55:48.962-03:00,201,0,0,67,3374,2776,33282,3500,0,40000,0x07
2026-09-06T12:55:48.985-03:00,202,0,0,62,3374,2694,33633,3500,0,40000,0x07
2026-09-06T12:55:49.005-03:00,203,0,0,62,3374,2694,33633,3500,0,40000,0x07
2026-09-06T12:55:49.022-03:00,204,0,0,64,3374,2844,32995,3500,0,40000,0x07
2026-09-06T12:55:49.082-03:00,206,0,0,64,3374,2844,32995,3500,0,40000,0x07
2026-09-06T12:55:49.103-03:00,207,0,0,64,3374,2844,32995,3500,0,40000,0x07
2026-09-06T12:55:49.143-03:00,208,0,0,59,3374,2763,33339,3500,0,40000,0x07
2026-09-06T12:55:49.186-03:00,209,0,0,56,3374,2804,33165,3500,0,40000,0x07
2026-09-06T12:55:49.186-03:00,210,0,0,56,3374,2804,33165,3500,0,40000,0x07
2026-09-06T12:55:49.206-03:00,213,0,0,56,3374,2804,33165,3500,0,40000,0x07
2026-09-06T12:55:49.223-03:00,214,0,0,56,3374,2732,33469,3500,0,40000,0x07
2026-09-06T12:55:49.246-03:00,215,0,0,56,3374,2732,33469,3500,0,40000,0x07
2026-09-06T12:55:49.264-03:00,217,0,0,55,3374,2709,33567,3500,0,40000,0x07
2026-09-06T12:55:49.282-03:00,218,0,0,55,3374,2709,33567,3500,0,40000,0x07
2026-09-06T12:55:49.305-03:00,219,0,0,52,3374,2750,33393,3500,0,40000,0x07
2026-09-06T12:55:49.323-03:00,220,0,0,52,3374,2750,33393,3500,0,40000,0x07
2026-09-06T12:55:49.344-03:00,221,0,0,52,3374,2750,33393,3500,0,40000,0x07
2026-09-06T12:55:49.364-03:00,222,0,0,60,3374,2667,33747,3500,0,40000,0x07
2026-09-06T12:55:49.387-03:00,223,0,0,60,3374,2667,33747,3500,0,40000,0x07
2026-09-06T12:55:49.444-03:00,224,0,0,60,3374,2667,33747,3500,0,40000,0x07
2026-09-06T12:55:49.444-03:00,225,0,0,59,3374,2814,33123,3500,0,40000,0x07
2026-09-06T12:55:49.462-03:00,226,0,0,53,3374,2849,32972,3500,0,40000,0x07
2026-09-06T12:55:49.502-03:00,227,0,0,53,3374,2849,32972,3500,0,40000,0x07
2026-09-06T12:55:49.502-03:00,228,0,0,53,3374,2849,32972,3500,0,40000,0x07
2026-09-06T12:55:49.526-03:00,230,0,0,58,3374,2707,33576,3500,0,40000,0x07
2026-09-06T12:55:49.543-03:00,231,0,0,58,3374,2707,33576,3500,0,40000,0x07
2026-09-06T12:55:49.566-03:00,232,0,0,58,3374,2707,33576,3500,0,40000,0x07
2026-09-06T12:55:49.603-03:00,233,0,0,59,3374,2610,33987,3500,0,40000,0x07
2026-09-06T12:55:49.603-03:00,234,0,0,59,3374,2610,33987,3500,0,40000,0x07
2026-09-06T12:55:49.622-03:00,235,0,0,59,3374,2610,33987,3500,0,40000,0x07
2026-09-06T12:55:49.646-03:00,236,0,0,59,3374,2780,33267,3500,0,40000,0x07
2026-09-06T12:55:49.707-03:00,237,0,0,59,3374,2780,33267,3500,0,40000,0x07
2026-09-06T12:55:49.707-03:00,238,0,0,59,3374,2780,33267,3500,0,40000,0x07
2026-09-06T12:55:49.725-03:00,239,0,0,60,3374,2733,33464,3500,0,40000,0x07
2026-09-06T12:55:49.826-03:00,240,0,0,60,3374,2733,33464,3500,0,40000,0x07
2026-09-06T12:55:49.884-03:00,241,0,0,52,3374,2846,32984,3500,0,40000,0x07
2026-09-06T12:55:49.884-03:00,243,0,0,52,3374,2846,32984,3500,0,40000,0x07
2026-09-06T12:55:49.906-03:00,244,0,0,52,3374,2846,32984,3500,0,40000,0x07
2026-09-06T12:55:49.924-03:00,245,0,0,58,3374,2862,32917,3500,0,40000,0x07
2026-09-06T12:55:49.942-03:00,249,0,0,58,3374,2862,32917,3500,0,40000,0x07
2026-09-06T12:55:49.966-03:00,252,0,0,58,3374,2862,32917,3500,0,40000,0x07
2026-09-06T12:55:49.986-03:00,253,0,0,58,3374,2724,33503,3500,0,40000,0x07
2026-09-06T12:55:50.023-03:00,254,0,0,58,3374,2724,33503,3500,0,40000,0x07
2026-09-06T12:55:50.046-03:00,255,0,0,58,3374,2724,33503,3500,0,40000,0x07
2026-09-06T12:55:50.082-03:00,256,0,0,53,3374,2642,33854,3500,0,40000,0x07
2026-09-06T12:55:50.103-03:00,257,0,0,52,3374,2846,32984,3500,0,40000,0x07
2026-09-06T12:55:50.127-03:00,258,0,0,52,3374,2846,32984,3500,0,40000,0x07
2026-09-06T12:55:50.142-03:00,260,0,0,52,3374,2846,32984,3500,0,40000,0x07
2026-09-06T12:55:50.165-03:00,261,0,0,59,3374,2695,33627,3500,0,40000,0x07
2026-09-06T12:55:50.184-03:00,262,0,0,59,3374,2695,33627,3500,0,40000,0x07
2026-09-06T12:55:50.206-03:00,263,0,0,56,3374,2643,33848,3500,0,40000,0x07
2026-09-06T12:55:50.226-03:00,265,0,0,56,3374,2643,33848,3500,0,40000,0x07
2026-09-06T12:55:50.246-03:00,266,0,0,56,3374,2643,33848,3500,0,40000,0x07
2026-09-06T12:55:50.266-03:00,267,0,0,51,3374,2784,33247,3500,0,40000,0x07
2026-09-06T12:55:50.284-03:00,268,0,0,51,3374,2784,33247,3500,0,40000,0x07
2026-09-06T12:55:50.304-03:00,269,0,0,53,3374,2774,33293,3500,0,40000,0x07
2026-09-06T12:55:50.325-03:00,270,0,0,53,3374,2774,33293,3500,0,40000,0x07
2026-09-06T12:55:50.346-03:00,271,0,0,53,3374,2774,33293,3500,0,40000,0x07
2026-09-06T12:55:50.367-03:00,272,0,0,59,3374,2678,33699,3500,0,40000,0x07
2026-09-06T12:55:50.403-03:00,273,0,0,59,3374,2678,33699,3500,0,40000,0x07
2026-09-06T12:55:50.403-03:00,274,0,0,59,3374,2678,33699,3500,0,40000,0x07
2026-09-06T12:55:50.426-03:00,275,0,0,59,3374,2644,33843,3500,0,40000,0x07
2026-09-06T12:55:50.445-03:00,276,0,0,59,3374,2644,33843,3500,0,40000,0x07
2026-09-06T12:55:50.465-03:00,277,0,0,59,3374,2644,33843,3500,0,40000,0x07
2026-09-06T12:55:50.483-03:00,278,0,0,60,3374,2767,33322,3500,0,40000,0x07
2026-09-06T12:55:50.523-03:00,279,0,0,60,3374,2767,33322,3500,0,40000,0x07
2026-09-06T12:55:50.523-03:00,280,0,0,60,3374,2767,33322,3500,0,40000,0x07
2026-09-06T12:55:50.543-03:00,281,0,0,59,3374,2763,33339,3500,0,40000,0x07
2026-09-06T12:55:50.566-03:00,282,0,0,59,3374,2763,33339,3500,0,40000,0x07
2026-09-06T12:55:50.586-03:00,283,0,0,59,3374,2763,33339,3500,0,40000,0x07
2026-09-06T12:55:50.623-03:00,284,0,0,59,3374,2695,33627,3500,17,40000,0x07
2026-09-06T12:55:50.623-03:00,285,0,0,59,3374,2695,33627,3500,17,40000,0x07
2026-09-06T12:55:50.643-03:00,286,0,0,59,3374,2695,33627,3500,17,40000,0x07
2026-09-06T12:55:50.662-03:00,287,0,0,51,3374,2647,33830,3500,0,40000,0x07
2026-09-06T12:55:50.704-03:00,288,0,0,51,3374,2647,33830,3500,0,40000,0x07
2026-09-06T12:55:50.726-03:00,289,0,0,53,3374,2811,33132,3500,0,40000,0x07
2026-09-06T12:55:50.765-03:00,290,0,0,53,3374,2811,33132,3500,0,40000,0x07
2026-09-06T12:55:50.765-03:00,291,0,0,56,3374,2804,33165,3500,0,40000,0x07
2026-09-06T12:55:50.804-03:00,292,0,0,56,3374,2804,33165,3500,0,40000,0x07
2026-09-06T12:55:50.866-03:00,294,0,0,56,3374,2804,33165,3500,0,40000,0x07
2026-09-06T12:55:50.903-03:00,295,0,0,62,3374,2710,33564,3500,0,40000,0x07
2026-09-06T12:55:50.926-03:00,296,0,0,53,3374,2887,32812,3500,0,40000,0x07
2026-09-06T12:55:50.945-03:00,297,0,0,50,3374,2800,33180,3500,0,40000,0x07
2026-09-06T12:55:50.967-03:00,299,0,0,50,3374,2800,33180,3500,0,40000,0x07
2026-09-06T12:55:50.982-03:00,302,0,0,55,3374,2745,33412,3500,0,40000,0x07
2026-09-06T12:55:51.026-03:00,304,0,0,55,3374,2745,33412,3500,0,40000,0x07
2026-09-06T12:55:51.046-03:00,305,0,0,55,3374,2745,33412,3500,0,40000,0x07
2026-09-06T12:55:51.064-03:00,306,0,0,62,3374,2774,33290,3500,0,40000,0x07
2026-09-06T12:55:51.082-03:00,307,0,0,62,3374,2774,33290,3500,0,40000,0x07
2026-09-06T12:55:51.102-03:00,308,0,0,59,3374,2695,33627,3500,0,40000,0x07
2026-09-06T12:55:51.123-03:00,310,0,0,59,3374,2695,33627,3500,0,40000,0x07
2026-09-06T12:55:51.146-03:00,311,0,0,59,3374,2695,33627,3500,0,40000,0x07
2026-09-06T12:55:51.185-03:00,312,0,0,59,3374,2712,33555,3500,0,40000,0x07
2026-09-06T12:55:51.185-03:00,313,0,0,59,3374,2712,33555,3500,0,40000,0x07
2026-09-06T12:55:51.203-03:00,314,0,0,59,3374,2712,33555,3500,0,40000,0x07
2026-09-06T12:55:51.246-03:00,315,0,0,59,3374,2814,33123,3500,0,40000,0x07
2026-09-06T12:55:51.266-03:00,316,0,0,59,3374,2814,33123,3500,0,40000,0x07
2026-09-06T12:55:51.306-03:00,317,0,0,59,3374,2814,33123,3500,0,40000,0x07
2026-09-06T12:55:51.306-03:00,318,0,0,50,3374,2640,33860,3500,0,40000,0x07
2026-09-06T12:55:51.326-03:00,319,0,0,52,3374,2731,33475,3500,0,40000,0x07
2026-09-06T12:55:51.346-03:00,321,0,0,52,3374,2731,33475,3500,0,40000,0x07
2026-09-06T12:55:51.366-03:00,322,0,0,52,3374,2731,33475,3500,0,40000,0x07
2026-09-06T12:55:51.384-03:00,323,0,0,68,3374,2441,34706,3500,0,40000,0x07
2026-09-06T12:55:51.404-03:00,324,0,0,68,3374,2441,34706,3500,0,40000,0x07
2026-09-06T12:55:51.426-03:00,325,0,0,68,3374,2441,34706,3500,0,40000,0x07
2026-09-06T12:55:51.463-03:00,326,0,0,61,3374,2787,33236,3500,0,40000,0x07
2026-09-06T12:55:51.463-03:00,327,0,0,61,3374,2787,33236,3500,0,40000,0x07
2026-09-06T12:55:51.484-03:00,328,0,0,61,3374,2787,33236,3500,0,40000,0x07
2026-09-06T12:55:51.507-03:00,329,0,0,60,3374,2883,32826,3500,0,40000,0x07
2026-09-06T12:55:51.524-03:00,330,0,0,60,3374,2883,32826,3500,0,40000,0x07
2026-09-06T12:55:51.546-03:00,331,0,0,60,3374,2883,32826,3500,0,40000,0x07
2026-09-06T12:55:51.564-03:00,332,0,0,59,3374,2576,34131,3500,0,40000,0x07
2026-09-06T12:55:51.582-03:00,333,0,0,59,3374,2576,34131,3500,0,40000,0x07
2026-09-06T12:55:51.605-03:00,334,0,0,59,3374,2576,34131,3500,0,40000,0x07
2026-09-06T12:55:51.623-03:00,335,0,0,59,3374,2797,33195,3500,0,40000,0x07
2026-09-06T12:55:51.646-03:00,336,0,0,59,3374,2797,33195,3500,0,40000,0x07
2026-09-06T12:55:51.664-03:00,337,0,0,59,3374,2797,33195,3500,0,40000,0x07
2026-09-06T12:55:51.684-03:00,338,0,0,59,3374,2797,33195,3500,0,40000,0x07
2026-09-06T12:55:51.726-03:00,339,0,0,59,3374,2797,33195,3500,0,40000,0x07
2026-09-06T12:55:51.745-03:00,340,0,0,59,3374,2797,33195,3500,0,40000,0x07
2026-09-06T12:55:51.785-03:00,341,0,0,60,3374,2683,33676,3500,0,40000,0x07
2026-09-06T12:55:51.785-03:00,342,0,0,60,3374,2683,33676,3500,0,40000,0x07
2026-09-06T12:55:51.803-03:00,343,0,0,50,3374,2780,33266,3500,0,40000,0x07
2026-09-06T12:55:51.823-03:00,345,0,0,50,3374,2780,33266,3500,0,40000,0x07
2026-09-06T12:55:51.845-03:00,346,0,0,55,3374,2727,33490,3500,0,40000,0x07
2026-09-06T12:55:51.906-03:00,347,0,0,55,3374,2727,33490,3500,0,40000,0x07
2026-09-06T12:55:51.924-03:00,348,0,0,55,3374,2727,33490,3500,0,40000,0x07
2026-09-06T12:55:51.946-03:00,349,0,0,59,3374,2712,33555,3500,0,40000,0x07
2026-09-06T12:55:52.002-03:00,350,0,0,59,3374,2712,33555,3500,0,40000,0x07
2026-09-06T12:55:52.002-03:00,351,0,0,50,3374,2760,33350,3500,0,40000,0x07
2026-09-06T12:55:52.025-03:00,353,0,0,50,3374,2760,33350,3500,0,40000,0x07
2026-09-06T12:55:52.045-03:00,355,0,0,53,3374,2623,33934,3500,0,40000,0x07
2026-09-06T12:55:52.065-03:00,356,0,0,50,3374,2880,32840,3500,0,40000,0x07
2026-09-06T12:55:52.083-03:00,358,0,0,50,3374,2880,32840,3500,0,40000,0x07
2026-09-06T12:55:52.106-03:00,359,0,0,50,3374,2880,32840,3500,0,40000,0x07
2026-09-06T12:55:52.124-03:00,360,0,0,58,3374,2759,33356,3500,0,40000,0x07
2026-09-06T12:55:52.142-03:00,361,0,0,58,3374,2759,33356,3500,0,40000,0x07
2026-09-06T12:55:52.165-03:00,362,0,0,58,3374,2759,33356,3500,0,40000,0x07
2026-09-06T12:55:52.183-03:00,363,0,0,59,3374,2576,34131,3500,0,40000,0x07
2026-09-06T12:55:52.203-03:00,364,0,0,59,3374,2576,34131,3500,0,40000,0x07
2026-09-06T12:55:52.225-03:00,365,0,0,59,3374,2576,34131,3500,0,40000,0x07
2026-09-06T12:55:52.242-03:00,366,0,0,59,3374,2763,33339,3500,0,40000,0x07
2026-09-06T12:55:52.267-03:00,367,0,0,59,3374,2763,33339,3500,0,40000,0x07
2026-09-06T12:55:52.285-03:00,368,0,0,59,3374,2763,33339,3500,0,40000,0x07
2026-09-06T12:55:52.306-03:00,369,0,0,60,3374,2733,33464,3500,0,40000,0x07
2026-09-06T12:55:52.347-03:00,370,0,0,60,3374,2733,33464,3500,0,40000,0x07
2026-09-06T12:55:52.347-03:00,371,0,0,60,3374,2733,33464,3500,0,40000,0x07
2026-09-06T12:55:52.365-03:00,372,0,0,50,3374,2640,33860,3500,0,40000,0x07
2026-09-06T12:55:52.382-03:00,373,0,0,50,3374,2640,33860,3500,0,40000,0x07
2026-09-06T12:55:52.505-03:00,374,0,0,53,3374,2830,33052,3500,19,40000,0x07
2026-09-06T12:55:52.522-03:00,375,0,0,53,3374,2830,33052,3500,19,40000,0x07
2026-09-06T12:55:52.522-03:00,376,0,0,53,3374,2830,33052,3500,19,40000,0x07
2026-09-06T12:55:52.543-03:00,377,0,0,52,3374,2904,32739,3500,19,40000,0x07
2026-09-06T12:55:52.566-03:00,378,0,0,66,3374,2803,33168,3500,0,40000,0x07
2026-09-06T12:55:52.587-03:00,383,0,0,66,3374,2803,33168,3500,0,40000,0x07
2026-09-06T12:55:52.625-03:00,384,0,0,66,3374,2803,33168,3500,0,40000,0x07
2026-09-06T12:55:52.642-03:00,385,0,0,59,3374,2644,33843,3500,0,40000,0x07
2026-09-06T12:55:52.643-03:00,386,0,0,59,3374,2644,33843,3500,0,40000,0x07
2026-09-06T12:55:52.666-03:00,387,0,0,59,3374,2644,33843,3500,0,40000,0x07
2026-09-06T12:55:52.686-03:00,388,0,0,59,3374,2678,33699,3500,0,40000,0x07
2026-09-06T12:55:52.703-03:00,389,0,0,59,3374,2678,33699,3500,0,40000,0x07
2026-09-06T12:55:52.743-03:00,390,0,0,59,3374,2678,33699,3500,0,40000,0x07
2026-09-06T12:55:52.764-03:00,391,0,0,59,3374,2797,33195,3500,0,40000,0x07
2026-09-06T12:55:52.782-03:00,392,0,0,59,3374,2797,33195,3500,0,40000,0x07
2026-09-06T12:55:52.803-03:00,393,0,0,54,3374,2815,33118,3500,0,40000,0x07
2026-09-06T12:55:52.826-03:00,394,0,0,54,3374,2815,33118,3500,0,40000,0x07
2026-09-06T12:55:52.863-03:00,396,0,0,54,3374,2815,33118,3500,0,40000,0x07
2026-09-06T12:55:52.884-03:00,397,0,0,50,3374,2700,33606,3500,0,40000,0x07
2026-09-06T12:55:52.926-03:00,398,0,0,50,3374,2700,33606,3500,0,40000,0x07
2026-09-06T12:55:52.943-03:00,399,0,0,53,3374,2623,33934,3500,0,40000,0x07
2026-09-06T12:55:52.966-03:00,400,0,0,59,3374,2966,32475,3500,17,40000,0x07
2026-09-06T12:55:53.005-03:00,401,0,0,59,3374,2966,32475,3500,17,40000,0x07
2026-09-06T12:55:53.022-03:00,403,0,0,59,3374,2966,32475,3500,17,40000,0x07
2026-09-06T12:55:53.106-03:00,405,0,0,59,3374,2695,33627,3500,0,40000,0x07
2026-09-06T12:55:53.142-03:00,406,0,0,59,3374,2695,33627,3500,0,40000,0x07
2026-09-06T12:55:53.142-03:00,407,0,0,58,3374,2724,33503,3500,0,40000,0x07
2026-09-06T12:55:53.167-03:00,409,0,0,50,3374,2960,32500,3500,0,40000,0x07
2026-09-06T12:55:53.185-03:00,410,0,0,55,3374,2673,33721,3500,0,40000,0x07
2026-09-06T12:55:53.285-03:00,414,0,0,55,3374,2673,33721,3500,0,40000,0x07
2026-09-06T12:55:53.323-03:00,415,0,0,55,3374,2673,33721,3500,0,40000,0x07
2026-09-06T12:55:53.363-03:00,416,0,0,50,3374,2580,34116,3500,0,40000,0x07
2026-09-06T12:55:53.382-03:00,417,0,0,52,3374,2904,32739,3500,0,40000,0x07
2026-09-06T12:55:53.402-03:00,418,0,0,52,3374,2904,32739,3500,0,40000,0x07
2026-09-06T12:55:53.425-03:00,422,0,0,52,3374,2712,33556,3500,0,40000,0x07
2026-09-06T12:55:53.445-03:00,424,0,0,52,3374,2673,33720,3500,19,40000,0x07
2026-09-06T12:55:53.462-03:00,427,0,0,52,3374,2673,33720,3500,19,40000,0x07
2026-09-06T12:55:53.483-03:00,428,0,0,52,3374,2673,33720,3500,19,40000,0x07
2026-09-06T12:55:53.503-03:00,429,0,0,50,3374,2740,33436,3500,0,40000,0x07
2026-09-06T12:55:53.527-03:00,430,0,0,50,3374,2740,33436,3500,0,40000,0x07
2026-09-06T12:55:53.545-03:00,431,0,0,53,3374,2774,33293,3500,0,40000,0x07
2026-09-06T12:55:53.563-03:00,432,0,0,53,3374,2774,33293,3500,0,40000,0x07
2026-09-06T12:55:53.586-03:00,433,0,0,53,3374,2774,33293,3500,0,40000,0x07
2026-09-06T12:55:53.604-03:00,434,0,0,58,3374,2690,33649,3500,0,40000,0x07
2026-09-06T12:55:53.622-03:00,435,0,0,58,3374,2690,33649,3500,0,40000,0x07
2026-09-06T12:55:53.645-03:00,436,0,0,58,3374,2690,33649,3500,0,40000,0x07
2026-09-06T12:55:53.664-03:00,437,0,0,59,3374,2746,33411,3500,0,40000,0x07
2026-09-06T12:55:53.687-03:00,438,0,0,59,3374,2746,33411,3500,0,40000,0x07
2026-09-06T12:55:53.705-03:00,439,0,0,59,3374,2746,33411,3500,0,40000,0x07
2026-09-06T12:55:53.723-03:00,440,0,0,60,3374,2650,33818,3500,17,40000,0x07
2026-09-06T12:55:53.746-03:00,441,0,0,60,3374,2650,33818,3500,17,40000,0x07
2026-09-06T12:55:53.763-03:00,442,0,0,60,3374,2650,33818,3500,17,40000,0x07
2026-09-06T12:55:53.785-03:00,443,0,0,59,3374,2780,33267,3500,0,40000,0x07
2026-09-06T12:55:53.803-03:00,444,0,0,59,3374,2780,33267,3500,0,40000,0x07
2026-09-06T12:55:53.825-03:00,445,0,0,59,3374,2780,33267,3500,0,40000,0x07
2026-09-06T12:55:53.844-03:00,446,0,0,59,3374,2695,33627,3500,0,40000,0x07
2026-09-06T12:55:53.866-03:00,447,0,0,59,3374,2695,33627,3500,0,40000,0x07
2026-09-06T12:55:53.884-03:00,448,0,0,59,3374,2695,33627,3500,0,40000,0x07
2026-09-06T12:55:53.923-03:00,449,0,0,50,3374,2740,33436,3500,0,40000,0x07
2026-09-06T12:55:53.944-03:00,450,0,0,50,3374,2740,33436,3500,0,40000,0x07
2026-09-06T12:55:53.965-03:00,451,0,0,53,3374,2792,33213,3500,0,40000,0x07
2026-09-06T12:55:53.986-03:00,452,0,0,53,3374,2792,33213,3500,0,40000,0x07
2026-09-06T12:55:54.022-03:00,453,0,0,58,3374,2810,33137,3500,0,40000,0x07
2026-09-06T12:55:54.062-03:00,455,0,0,58,3374,2810,33137,3500,0,40000,0x07
2026-09-06T12:55:54.062-03:00,456,0,0,58,3374,2810,33137,3500,0,40000,0x07
2026-09-06T12:55:54.124-03:00,457,0,0,53,3374,2698,33614,3500,0,40000,0x07
2026-09-06T12:55:54.124-03:00,458,0,0,53,3374,2698,33614,3500,0,40000,0x07
2026-09-06T12:55:54.164-03:00,460,0,0,56,3374,2750,33393,3500,0,40000,0x07
2026-09-06T12:55:54.164-03:00,461,0,0,52,3374,2923,32657,3500,0,40000,0x07
2026-09-06T12:55:54.184-03:00,462,0,0,52,3374,2923,32657,3500,0,40000,0x07
2026-09-06T12:55:54.204-03:00,464,0,0,52,3374,2923,32657,3500,0,40000,0x07
2026-09-06T12:55:54.244-03:00,465,0,0,59,3374,2678,33699,3500,0,40000,0x07
2026-09-06T12:55:54.286-03:00,466,0,0,59,3374,2678,33699,3500,0,40000,0x07
2026-09-06T12:55:54.287-03:00,467,0,0,59,3374,2678,33699,3500,0,40000,0x07
2026-09-06T12:55:54.305-03:00,468,0,0,52,3374,2692,33638,3500,0,40000,0x07
2026-09-06T12:55:54.322-03:00,469,0,0,53,3374,2849,32972,3500,0,40000,0x07
2026-09-06T12:55:54.344-03:00,470,0,0,53,3374,2849,32972,3500,0,40000,0x07
2026-09-06T12:55:54.426-03:00,472,0,0,53,3374,2849,32972,3500,0,40000,0x07
2026-09-06T12:55:54.426-03:00,473,0,0,68,3374,2426,34768,3500,0,40000,0x07
2026-09-06T12:55:54.446-03:00,474,0,0,68,3374,2426,34768,3500,0,40000,0x07
2026-09-06T12:55:54.466-03:00,475,0,0,50,3374,2880,32840,3500,0,40000,0x07
2026-09-06T12:55:54.505-03:00,476,0,0,50,3374,2880,32840,3500,0,40000,0x07
2026-09-06T12:55:54.505-03:00,479,0,0,59,3374,2695,33627,3500,0,40000,0x07
2026-09-06T12:55:54.562-03:00,480,0,0,59,3374,2695,33627,3500,0,40000,0x07
2026-09-06T12:55:54.562-03:00,481,0,0,59,3374,2695,33627,3500,0,40000,0x07
2026-09-06T12:55:54.586-03:00,482,0,0,50,3374,2660,33776,3500,0,40000,0x07
2026-09-06T12:55:54.644-03:00,483,0,0,50,3374,2660,33776,3500,0,40000,0x07
2026-09-06T12:55:54.683-03:00,484,0,0,67,3374,2896,32775,3500,0,40000,0x07
2026-09-06T12:55:54.804-03:00,486,0,0,67,3374,2896,32775,3500,0,40000,0x07
