timestamp,sequence,team,robot_id,interval_ms,left_target_eps,left_measured_eps,left_duty,right_target_eps,right_measured_eps,right_duty,flags
2026-09-06T20:55:48.180,65535,0,2,50,0,0,0,0,0,0,0x0b
2026-09-06T20:55:48.245,65535,0,2,51,0,0,0,0,0,0,0x0b
2026-09-06T20:55:48.326,65535,0,2,50,0,0,0,0,0,0,0x0b
2026-09-06T20:55:48.392,65535,0,2,52,0,0,0,0,0,0,0x0b
2026-09-06T20:55:48.457,65535,0,2,51,0,0,0,0,0,0,0x0b
2026-09-06T20:55:48.522,65535,0,2,50,0,0,0,0,0,0,0x0b
2026-09-06T20:55:48.587,65535,0,2,50,0,0,0,0,0,0,0x0b
2026-09-06T20:55:48.652,65535,0,2,52,0,0,0,0,0,0,0x0b
2026-09-06T20:55:48.717,65535,0,2,52,0,0,0,0,0,0,0x0b
2026-09-06T20:55:48.782,65535,0,2,51,0,0,0,0,0,0,0x0b
2026-09-06T20:55:48.847,65535,0,2,50,0,0,0,0,0,0,0x0b
2026-09-06T20:55:48.929,65535,0,2,51,0,0,0,0,0,0,0x0b
2026-09-06T20:55:48.994,65535,0,2,52,0,0,0,0,0,0,0x0b
2026-09-06T20:55:49.059,65535,0,2,50,0,0,0,0,0,0,0x0b
2026-09-06T20:55:49.124,65535,0,2,50,0,0,0,0,0,0,0x0b
2026-09-06T20:55:49.189,65535,0,2,51,0,0,0,0,0,0,0x0b
2026-09-06T20:55:49.254,65535,0,2,51,0,0,0,0,0,0,0x0b
2026-09-06T20:55:49.319,65535,0,2,50,0,0,0,0,0,0,0x0b
2026-09-06T20:55:49.384,65535,0,2,52,0,0,0,0,0,0,0x0b
2026-09-06T20:55:49.417,65535,0,2,51,0,0,0,0,0,0,0x0b
