timestamp,sequence,team,robot_id,interval_ms,left_target_eps,left_measured_eps,left_duty,right_target_eps,right_measured_eps,right_duty,flags
2026-09-06T21:15:25.848,505,0,2,51,0,0,0,0,0,0,0x03
2026-09-06T21:15:25.869,505,0,2,51,0,0,0,0,0,0,0x03
2026-09-06T21:15:25.869,496,0,1,2299,2974,0,39992,3348,29142,29466,0x07
2026-09-06T21:15:25.934,65535,0,2,51,0,0,0,0,0,0,0x0b
2026-09-06T21:15:25.934,500,0,1,2299,2974,0,39992,3348,29142,29466,0x07
2026-09-06T21:15:25.999,65535,0,2,51,0,0,0,0,0,0,0x0b
2026-09-06T21:15:25.999,512,0,1,50,0,0,9274,0,0,14050,0x07
2026-09-06T21:15:26.080,65535,0,2,51,0,0,0,0,0,0,0x0b
2026-09-06T21:15:26.081,0,0,1,50,0,0,0,0,0,0,0x03
2026-09-06T21:15:26.145,3,0,2,51,0,0,0,0,0,0,0x03
2026-09-06T21:15:26.145,2,0,1,52,0,0,0,0,0,0,0x03
2026-09-06T21:15:26.210,5,0,2,51,0,0,0,0,0,0,0x03
2026-09-06T21:15:26.210,4,0,1,51,0,0,0,0,0,0,0x03
2026-09-06T21:15:26.275,7,0,2,50,0,0,0,0,0,0,0x03
2026-09-06T21:15:26.275,6,0,1,51,0,0,0,0,0,0,0x03
2026-09-06T21:15:26.339,9,0,2,52,0,0,0,0,0,0,0x03
2026-09-06T21:15:26.339,8,0,1,50,0,0,0,0,0,0,0x03
2026-09-06T21:15:26.404,11,0,2,55,0,0,0,0,0,0,0x03
2026-09-06T21:15:26.404,10,0,1,50,0,0,0,0,0,0,0x03
2026-09-06T21:15:26.469,13,0,2,51,0,0,0,0,0,0,0x03
2026-09-06T21:15:26.469,12,0,1,51,0,0,0,0,0,0,0x03
2026-09-06T21:15:26.550,15,0,2,52,0,0,0,0,0,0,0x03
2026-09-06T21:15:26.550,14,0,1,50,0,0,0,0,0,0,0x03
2026-09-06T21:15:26.616,17,0,2,51,0,0,0,0,0,0,0x03
2026-09-06T21:15:26.616,16,0,1,51,0,0,0,0,0,0,0x03
2026-09-06T21:15:26.681,19,0,2,52,0,0,0,0,0,0,0x03
2026-09-06T21:15:26.681,18,0,1,50,0,0,0,0,0,0,0x03
2026-09-06T21:15:26.746,21,0,2,50,0,0,0,0,0,0,0x03
2026-09-06T21:15:26.746,20,0,1,50,0,0,0,0,0,0,0x03
2026-09-06T21:15:26.811,23,0,2,52,0,0,0,0,0,0,0x03
2026-09-06T21:15:26.811,22,0,1,50,0,0,0,0,0,0,0x03
2026-09-06T21:15:26.876,25,0,2,51,0,0,0,0,0,0,0x03
2026-09-06T21:15:26.876,24,0,1,50,0,0,0,0,0,0,0x03
2026-09-06T21:15:26.941,27,0,2,51,0,0,0,0,0,0,0x03
2026-09-06T21:15:26.941,26,0,1,51,0,0,0,0,0,0,0x03
2026-09-06T21:15:27.006,29,0,2,51,0,0,0,0,0,0,0x03
2026-09-06T21:15:27.006,28,0,1,50,0,0,0,0,0,0,0x03
2026-09-06T21:15:27.070,31,0,2,52,0,0,0,0,0,0,0x03
2026-09-06T21:15:27.071,30,0,1,50,0,0,0,0,0,0,0x03
2026-09-06T21:15:27.152,33,0,2,50,0,0,0,0,0,0,0x03
2026-09-06T21:15:27.152,32,0,1,55,0,0,0,0,0,0,0x03
2026-09-06T21:15:27.216,35,0,2,50,0,0,0,0,0,0,0x03
2026-09-06T21:15:27.216,34,0,1,52,0,0,0,0,0,0,0x03
2026-09-06T21:15:27.282,37,0,2,51,0,0,0,0,0,0,0x03
2026-09-06T21:15:27.282,36,0,1,51,0,0,0,0,0,0,0x03
2026-09-06T21:15:27.347,39,0,2,51,0,0,0,0,0,0,0x03
2026-09-06T21:15:27.347,38,0,1,52,0,0,0,0,0,0,0x03
2026-09-06T21:15:27.412,41,0,2,51,0,0,0,0,0,0,0x03
2026-09-06T21:15:27.412,40,0,1,51,0,0,0,0,0,0,0x03
2026-09-06T21:15:27.477,43,0,2,51,0,0,0,0,0,0,0x03
2026-09-06T21:15:27.477,42,0,1,50,0,0,0,0,0,0,0x03
2026-09-06T21:15:27.542,45,0,2,50,0,0,0,0,0,0,0x03
2026-09-06T21:15:27.542,44,0,1,52,0,0,0,0,0,0,0x03
2026-09-06T21:15:27.607,47,0,2,51,0,0,0,0,0,0,0x03
2026-09-06T21:15:27.607,46,0,1,50,0,0,0,0,0,0,0x03
2026-09-06T21:15:27.689,49,0,2,50,0,0,0,0,0,0,0x03
2026-09-06T21:15:27.689,48,0,1,50,0,0,0,0,0,0,0x03
2026-09-06T21:15:27.753,51,0,2,55,0,0,0,0,0,0,0x03
2026-09-06T21:15:27.753,50,0,1,51,0,0,0,0,0,0,0x03
2026-09-06T21:15:27.818,53,0,2,50,0,0,0,0,0,0,0x03
2026-09-06T21:15:27.818,52,0,1,52,0,0,0,0,0,0,0x03
2026-09-06T21:15:27.883,55,0,2,52,0,0,0,0,0,0,0x03
2026-09-06T21:15:27.883,54,0,1,51,0,0,0,0,0,0,0x03
2026-09-06T21:15:27.948,57,0,2,52,0,0,0,0,0,0,0x03
2026-09-06T21:15:27.948,56,0,1,51,0,0,0,0,0,0,0x03
2026-09-06T21:15:28.014,59,0,2,50,0,0,0,0,0,0,0x03
2026-09-06T21:15:28.014,58,0,1,50,0,0,0,0,0,0,0x03
2026-09-06T21:15:28.079,61,0,2,51,0,0,0,0,0,0,0x03
2026-09-06T21:15:28.079,60,0,1,52,0,0,0,0,0,0,0x03
2026-09-06T21:15:28.145,63,0,2,50,0,0,0,0,0,0,0x03
2026-09-06T21:15:28.145,62,0,1,51,0,0,0,0,0,0,0x03
2026-09-06T21:15:28.210,65,0,2,51,0,0,0,0,0,0,0x03
2026-09-06T21:15:28.210,64,0,1,52,0,0,0,0,0,0,0x03
2026-09-06T21:15:28.274,67,0,2,51,0,0,0,0,0,0,0x03
2026-09-06T21:15:28.274,66,0,1,50,0,0,0,0,0,0,0x03
2026-09-06T21:15:28.355,69,0,2,50,0,0,0,0,0,0,0x03
2026-09-06T21:15:28.355,68,0,1,52,0,0,0,0,0,0,0x03
2026-09-06T21:15:28.420,71,0,2,50,0,0,0,0,0,0,0x03
2026-09-06T21:15:28.420,70,0,1,51,0,0,0,0,0,0,0x03
2026-09-06T21:15:28.486,73,0,2,50,0,0,0,0,0,0,0x03
2026-09-06T21:15:28.486,72,0,1,54,0,0,0,0,0,0,0x03
2026-09-06T21:15:28.550,75,0,2,51,0,0,0,0,0,0,0x03
2026-09-06T21:15:28.550,74,0,1,51,0,0,0,0,0,0,0x03
2026-09-06T21:15:28.615,77,0,2,51,0,0,0,0,0,0,0x03
2026-09-06T21:15:28.615,76,0,1,53,0,0,0,0,0,0,0x03
2026-09-06T21:15:28.681,79,0,2,50,0,0,0,0,0,0,0x03
2026-09-06T21:15:28.681,78,0,1,50,0,0,0,0,0,0,0x03
2026-09-06T21:15:28.746,81,0,2,51,0,0,0,0,0,0,0x03
2026-09-06T21:15:28.746,80,0,1,52,0,0,0,0,0,0,0x03
2026-09-06T21:15:28.811,83,0,2,51,0,0,0,0,0,0,0x03
2026-09-06T21:15:28.811,82,0,1,50,0,0,0,0,0,0,0x03
2026-09-06T21:15:28.892,85,0,2,51,0,0,0,0,0,0,0x03
2026-09-06T21:15:28.892,84,0,1,53,0,0,0,0,0,0,0x03
2026-09-06T21:15:28.958,87,0,2,51,0,0,0,0,0,0,0x03
2026-09-06T21:15:28.958,86,0,1,50,0,0,0,0,0,0,0x03
2026-09-06T21:15:29.023,89,0,2,52,0,0,0,0,0,0,0x03
2026-09-06T21:15:29.023,88,0,1,50,0,0,0,0,0,0,0x03
2026-09-06T21:15:29.089,91,0,2,50,0,0,0,0,0,0,0x03
2026-09-06T21:15:29.089,90,0,1,51,0,0,0,0,0,0,0x03
2026-09-06T21:15:29.153,93,0,2,50,0,0,0,0,0,0,0x03
2026-09-06T21:15:29.153,92,0,1,50,0,0,0,0,0,0,0x03
2026-09-06T21:15:29.218,95,0,2,59,0,0,0,0,0,0,0x03
2026-09-06T21:15:29.218,94,0,1,50,0,0,0,0,0,0,0x03
2026-09-06T21:15:29.284,97,0,2,50,0,0,0,0,0,0,0x03
2026-09-06T21:15:29.284,96,0,1,52,0,0,0,0,0,0,0x03
2026-09-06T21:15:29.349,99,0,2,51,0,0,0,0,0,0,0x03
2026-09-06T21:15:29.349,98,0,1,52,0,0,0,0,0,0,0x03
2026-09-06T21:15:29.414,101,0,2,52,0,0,0,0,0,0,0x03
2026-09-06T21:15:29.414,100,0,1,50,0,0,0,0,0,0,0x03
2026-09-06T21:15:29.495,103,0,2,51,0,0,0,0,0,0,0x03
2026-09-06T21:15:29.495,102,0,1,52,0,0,0,0,0,0,0x03
2026-09-06T21:15:29.560,105,0,2,50,0,0,0,0,0,0,0x03
2026-09-06T21:15:29.560,104,0,1,54,0,0,0,0,0,0,0x03
2026-09-06T21:15:29.626,107,0,2,52,0,0,0,0,0,0,0x03
2026-09-06T21:15:29.626,106,0,1,52,0,0,0,0,0,0,0x03
2026-09-06T21:15:29.692,109,0,2,51,0,0,0,0,0,0,0x03
2026-09-06T21:15:29.692,108,0,1,50,0,0,0,0,0,0,0x03
2026-09-06T21:15:29.756,111,0,2,51,0,0,0,0,0,0,0x03
2026-09-06T21:15:29.756,110,0,1,51,0,0,0,0,0,0,0x03
2026-09-06T21:15:29.822,113,0,2,51,0,0,0,0,0,0,0x03
2026-09-06T21:15:29.822,112,0,1,51,0,0,0,0,0,0,0x03
2026-09-06T21:15:29.887,115,0,2,51,0,0,0,0,0,0,0x03
2026-09-06T21:15:29.887,114,0,1,50,0,0,0,0,0,0,0x03
2026-09-06T21:15:29.952,117,0,2,50,0,0,0,0,0,0,0x03
2026-09-06T21:15:29.952,116,0,1,55,0,0,0,0,0,0,0x03
2026-09-06T21:15:30.018,119,0,2,50,0,0,0,0,0,0,0x03
2026-09-06T21:15:30.018,118,0,1,51,0,0,0,0,0,0,0x03
2026-09-06T21:15:30.083,121,0,2,51,0,0,0,0,0,0,0x03
2026-09-06T21:15:30.083,120,0,1,51,0,0,0,0,0,0,0x03
2026-09-06T21:15:30.164,123,0,2,50,0,0,0,0,0,0,0x03
2026-09-06T21:15:30.164,122,0,1,52,0,0,0,0,0,0,0x03
2026-09-06T21:15:30.230,125,0,2,51,0,0,0,0,0,0,0x03
2026-09-06T21:15:30.230,124,0,1,50,0,0,0,0,0,0,0x03
2026-09-06T21:15:30.295,127,0,2,50,0,0,0,0,0,0,0x03
2026-09-06T21:15:30.295,126,0,1,50,0,0,0,0,0,0,0x03
2026-09-06T21:15:30.360,129,0,2,51,0,0,0,0,0,0,0x03
2026-09-06T21:15:30.360,128,0,1,51,0,0,0,0,0,0,0x03
2026-09-06T21:15:30.426,131,0,2,52,0,0,0,0,0,0,0x03
2026-09-06T21:15:30.426,130,0,1,52,0,0,0,0,0,0,0x03
2026-09-06T21:15:30.491,133,0,2,53,0,0,0,0,0,0,0x03
2026-09-06T21:15:30.491,132,0,1,50,0,0,0,0,0,0,0x03
2026-09-06T21:15:30.556,135,0,2,51,0,0,0,0,0,0,0x03
2026-09-06T21:15:30.556,134,0,1,50,0,0,0,0,0,0,0x03
2026-09-06T21:15:30.621,137,0,2,52,0,0,0,0,0,0,0x03
2026-09-06T21:15:30.621,136,0,1,52,0,0,0,0,0,0,0x03
2026-09-06T21:15:30.703,139,0,2,50,0,0,0,0,0,0,0x03
2026-09-06T21:15:30.703,138,0,1,52,0,0,0,0,0,0,0x03
2026-09-06T21:15:30.768,141,0,2,50,0,0,0,0,0,0,0x03
2026-09-06T21:15:30.768,140,0,1,50,0,0,0,0,0,0,0x03
2026-09-06T21:15:30.834,143,0,2,50,0,0,0,0,0,0,0x03
2026-09-06T21:15:30.834,142,0,1,51,0,0,0,0,0,0,0x03
2026-09-06T21:15:30.899,145,0,2,53,0,0,0,0,0,0,0x03
2026-09-06T21:15:30.899,144,0,1,51,0,0,0,0,0,0,0x03
2026-09-06T21:15:30.965,147,0,2,50,0,0,0,0,0,0,0x03
2026-09-06T21:15:30.965,146,0,1,52,0,0,0,0,0,0,0x03
2026-09-06T21:15:31.030,149,0,2,51,0,0,0,0,0,0,0x03
2026-09-06T21:15:31.030,148,0,1,52,0,0,0,0,0,0,0x03
2026-09-06T21:15:31.095,151,0,2,50,0,0,0,0,0,0,0x03
2026-09-06T21:15:31.095,150,0,1,50,0,0,0,0,0,0,0x03
2026-09-06T21:15:31.159,153,0,2,51,0,0,0,0,0,0,0x03
2026-09-06T21:15:31.159,152,0,1,52,0,0,0,0,0,0,0x03
2026-09-06T21:15:31.224,155,0,2,50,0,0,0,0,0,0,0x03
2026-09-06T21:15:31.224,154,0,1,50,0,0,0,0,0,0,0x03
2026-09-06T21:15:31.306,157,0,2,51,0,0,0,0,0,0,0x03
2026-09-06T21:15:31.306,156,0,1,52,0,0,0,0,0,0,0x03
2026-09-06T21:15:31.355,159,0,2,52,0,0,0,0,0,0,0x03
2026-09-06T21:15:31.355,158,0,1,50,0,0,0,0,0,0,0x03
2026-09-06T21:15:31.436,161,0,2,50,0,0,0,0,0,0,0x03
2026-09-06T21:15:31.436,160,0,1,51,0,0,0,0,0,0,0x03
2026-09-06T21:15:31.502,163,0,2,50,0,0,0,0,0,0,0x03
2026-09-06T21:15:31.502,162,0,1,51,0,0,0,0,0,0,0x03
2026-09-06T21:15:31.567,165,0,2,50,0,0,0,0,0,0,0x03
2026-09-06T21:15:31.567,164,0,1,52,0,0,0,0,0,0,0x03
2026-09-06T21:15:31.633,167,0,2,51,0,0,0,0,0,0,0x03
2026-09-06T21:15:31.633,166,0,1,51,0,0,0,0,0,0,0x03
2026-09-06T21:15:31.697,169,0,2,50,0,0,0,0,0,0,0x03
2026-09-06T21:15:31.698,168,0,1,50,0,0,0,0,0,0,0x03
2026-09-06T21:15:31.763,171,0,2,56,0,0,0,0,0,0,0x03
2026-09-06T21:15:31.763,170,0,1,51,0,0,0,0,0,0,0x03
2026-09-06T21:15:31.827,173,0,2,51,0,0,0,0,0,0,0x03
2026-09-06T21:15:31.827,172,0,1,50,0,0,0,0,0,0,0x03
2026-09-06T21:15:31.893,175,0,2,52,0,0,0,0,0,0,0x03
2026-09-06T21:15:31.893,174,0,1,50,0,0,0,0,0,0,0x03
2026-09-06T21:15:31.958,177,0,2,52,0,0,0,0,0,0,0x03
2026-09-06T21:15:31.958,176,0,1,50,0,0,0,0,0,0,0x03
2026-09-06T21:15:32.039,179,0,2,53,0,0,0,0,0,0,0x03
2026-09-06T21:15:32.039,178,0,1,51,0,0,0,0,0,0,0x03
2026-09-06T21:15:32.104,181,0,2,50,0,0,0,0,0,0,0x03
2026-09-06T21:15:32.104,180,0,1,52,0,0,0,0,0,0,0x03
2026-09-06T21:15:32.168,183,0,2,50,0,0,0,0,0,0,0x03
2026-09-06T21:15:32.168,182,0,1,50,0,0,0,0,0,0,0x03
2026-09-06T21:15:32.234,185,0,2,50,0,0,0,0,0,0,0x03
2026-09-06T21:15:32.234,184,0,1,52,0,0,0,0,0,0,0x03
2026-09-06T21:15:32.299,187,0,2,50,0,0,0,0,0,0,0x03
2026-09-06T21:15:32.299,186,0,1,50,0,0,0,0,0,0,0x03
2026-09-06T21:15:32.365,189,0,2,51,0,0,0,0,0,0,0x03
2026-09-06T21:15:32.365,188,0,1,52,0,0,0,0,0,0,0x03
2026-09-06T21:15:32.429,191,0,2,55,0,0,0,0,0,0,0x03
2026-09-06T21:15:32.429,190,0,1,51,0,0,0,0,0,0,0x03
2026-09-06T21:15:32.494,193,0,2,51,0,0,0,0,0,0,0x03
2026-09-06T21:15:32.495,192,0,1,52,0,0,0,0,0,0,0x03
2026-09-06T21:15:32.576,195,0,2,51,0,0,0,0,0,0,0x03
2026-09-06T21:15:32.576,194,0,1,52,0,0,0,0,0,0,0x03
2026-09-06T21:15:32.641,197,0,2,50,0,0,0,0,0,0,0x03
2026-09-06T21:15:32.641,196,0,1,50,0,0,0,0,0,0,0x03
2026-09-06T21:15:32.707,199,0,2,55,0,0,0,0,0,0,0x03
2026-09-06T21:15:32.707,198,0,1,51,0,0,0,0,0,0,0x03
2026-09-06T21:15:32.772,201,0,2,51,0,0,0,0,0,0,0x03
2026-09-06T21:15:32.772,200,0,1,52,0,0,0,0,0,0,0x03
2026-09-06T21:15:32.836,203,0,2,50,0,0,0,0,0,0,0x03
2026-09-06T21:15:32.836,202,0,1,50,0,0,0,0,0,0,0x03
2026-09-06T21:15:32.902,205,0,2,50,0,0,0,0,0,0,0x03
2026-09-06T21:15:32.902,204,0,1,50,0,0,0,0,0,0,0x03
2026-09-06T21:15:32.967,207,0,2,50,0,0,0,0,0,0,0x03
2026-09-06T21:15:32.967,206,0,1,52,0,0,0,0,0,0,0x03
2026-09-06T21:15:33.032,209,0,2,51,0,0,0,0,0,0,0x03
2026-09-06T21:15:33.032,208,0,1,51,0,0,0,0,0,0,0x03
2026-09-06T21:15:33.113,211,0,2,53,0,0,0,0,0,0,0x03
2026-09-06T21:15:33.113,210,0,1,50,0,0,0,0,0,0,0x03
2026-09-06T21:15:33.162,213,0,2,51,0,0,0,0,0,0,0x03
2026-09-06T21:15:33.162,212,0,1,50,0,0,0,0,0,0,0x03
2026-09-06T21:15:33.243,215,0,2,51,0,0,0,0,0,0,0x03
2026-09-06T21:15:33.243,214,0,1,52,0,0,0,0,0,0,0x03
2026-09-06T21:15:33.309,217,0,2,50,0,0,0,0,0,0,0x03
2026-09-06T21:15:33.309,216,0,1,50,0,0,0,0,0,0,0x03
2026-09-06T21:15:33.373,219,0,2,50,0,0,0,0,0,0,0x03
2026-09-06T21:15:33.373,218,0,1,50,0,0,0,0,0,0,0x03
2026-09-06T21:15:33.438,221,0,2,50,0,0,24489,0,0,29551,0x07
2026-09-06T21:15:33.438,220,0,1,52,0,0,2963,0,0,17317,0x07
2026-09-06T21:15:33.504,223,0,2,57,-2659,-1632,28856,-3036,-2228,32986,0x07
2026-09-06T21:15:33.504,222,0,1,51,0,0,6882,1805,0,24988,0x07
2026-09-06T21:15:33.569,225,0,2,52,-2659,-1308,30232,-3036,-2269,32811,0x07
2026-09-06T21:15:33.569,224,0,1,51,522,0,9102,1208,0,17403,0x07
2026-09-06T21:15:33.634,227,0,2,50,-2659,-1020,31455,-3036,-1740,35060,0x07
2026-09-06T21:15:33.634,226,0,1,50,523,0,9105,1208,60,17143,0x07
2026-09-06T21:15:33.699,229,0,2,50,-2659,-1340,30095,-3036,-2000,33955,0x07
2026-09-06T21:15:33.699,228,0,1,51,523,0,9110,1208,78,17060,0x07
2026-09-06T21:15:33.780,231,0,2,57,-2496,-1842,25925,-2924,-1825,33205,0x07
2026-09-06T21:15:33.781,230,0,1,52,523,0,9110,1208,58,17148,0x07
2026-09-06T21:15:33.845,233,0,2,50,-2496,-1800,26104,-2924,-1980,32544,0x07
2026-09-06T21:15:33.845,232,0,1,50,523,0,9105,1208,0,17398,0x07
2026-09-06T21:15:33.910,235,0,2,51,-3294,-2118,34736,-1992,-2196,19262,0x07
2026-09-06T21:15:33.910,234,0,1,52,552,0,9479,1177,154,16353,0x07
2026-09-06T21:15:33.975,237,0,2,51,-2841,-2529,27321,-2697,-2333,28039,0x07
2026-09-06T21:15:33.975,236,0,1,52,533,0,9238,1197,96,16852,0x07
2026-09-06T21:15:34.040,239,0,2,50,-2877,-2580,27559,-2703,-2380,27915,0x07
2026-09-06T21:15:34.040,238,0,1,51,533,0,9238,1197,118,16760,0x07
2026-09-06T21:15:34.104,241,0,2,50,-2885,-2620,27489,-2707,-2460,27630,0x07
2026-09-06T21:15:34.104,240,0,1,50,533,0,9238,1197,1120,12500,0x07
2026-09-06T21:15:34.169,243,0,2,54,-2766,-2704,25634,-2496,-2574,24350,0x07
2026-09-06T21:15:34.169,242,0,1,51,533,0,9233,1197,2843,5181,0x07
2026-09-06T21:15:34.235,245,0,2,50,-2766,-2500,26500,-2496,-2120,26280,0x07
2026-09-06T21:15:34.235,244,0,1,50,533,0,9233,1197,5280,12176,0x07
2026-09-06T21:15:34.316,247,0,2,51,-2632,-1000,31198,-2317,-1216,27751,0x07
2026-09-06T21:15:34.316,246,0,1,50,533,0,9233,1197,4620,12176,0x07
2026-09-06T21:15:34.380,249,0,2,50,-2456,-220,32312,-2085,-1460,23630,0x07
2026-09-06T21:15:34.380,248,0,1,50,533,0,9233,1197,4840,12176,0x07
2026-09-06T21:15:34.445,251,0,2,57,1925,53,26377,1509,0,22194,0x07
2026-09-06T21:15:34.445,250,0,1,53,533,0,9233,1197,6717,0,0x07
2026-09-06T21:15:34.510,253,0,2,51,1925,1098,21934,1509,1059,17694,0x07
2026-09-06T21:15:34.510,252,0,1,51,533,0,9233,1197,7314,12176,0x07
2026-09-06T21:15:34.576,255,0,2,51,2842,824,34580,3140,1353,38078,0x07
2026-09-06T21:15:34.576,254,0,1,50,533,0,9233,1197,6800,12176,0x07
2026-09-06T21:15:34.641,257,0,2,57,3325,1246,38839,3500,1842,40000,0x07
2026-09-06T21:15:34.641,256,0,1,51,533,0,9233,1197,8902,12176,0x07
2026-09-06T21:15:34.706,259,0,2,51,3325,1686,36966,3500,2275,38939,0x07
2026-09-06T21:15:34.706,258,0,1,51,0,0,15159,0,0,19387,0x07
2026-09-06T21:15:34.771,261,0,2,51,3361,1765,37072,3500,2647,37356,0x07
2026-09-06T21:15:34.771,260,0,1,52,-1514,0,21592,-2050,-77,27771,0x07
2026-09-06T21:15:34.853,263,0,2,50,3347,2040,35734,3500,2920,36196,0x07
2026-09-06T21:15:34.853,262,0,1,54,-1582,0,22456,-2101,0,28752,0x07
2026-09-06T21:15:34.918,265,0,2,50,3334,2400,34043,3500,3100,35431,0x07
2026-09-06T21:15:34.918,264,0,1,50,-1582,0,22456,-2101,0,28752,0x07
2026-09-06T21:15:34.983,267,0,2,52,3253,2673,31865,3500,3019,35774,0x07
2026-09-06T21:15:34.983,266,0,1,50,-1619,0,22914,-2134,0,29166,0x07
2026-09-06T21:15:35.048,269,0,2,55,2628,2727,23806,3166,3091,31036,0x07
2026-09-06T21:15:35.048,268,0,1,51,-1240,0,18139,-1886,0,26017,0x07
2026-09-06T21:15:35.113,271,0,2,50,0,0,0,0,0,0,0x03
2026-09-06T21:15:35.113,270,0,1,52,0,0,11187,0,0,15791,0x07
2026-09-06T21:15:35.178,273,0,2,50,0,0,11951,0,0,21176,0x07
2026-09-06T21:15:35.178,272,0,1,51,1038,0,15598,1625,0,22696,0x07
2026-09-06T21:15:35.244,275,0,2,51,1143,882,13059,2107,745,26966,0x07
2026-09-06T21:15:35.309,277,0,2,54,0,0,0,0,0,0,0x03
2026-09-06T21:15:35.309,274,0,1,52,253,0,5708,1488,0,20957,0x07
2026-09-06T21:15:35.374,279,0,2,50,0,0,21408,0,0,26738,0x07
2026-09-06T21:15:35.374,276,0,1,50,574,0,9748,1155,0,16727,0x07
2026-09-06T21:15:35.439,279,0,2,50,-2287,-180,30361,-2724,-560,35937,0x07
2026-09-06T21:15:35.439,276,0,1,51,3124,0,40000,2711,0,36507,0x07
2026-09-06T21:15:35.520,279,0,2,50,-2287,-740,27981,-2724,-1840,30497,0x07
2026-09-06T21:15:35.520,282,0,1,55,0,0,0,0,0,0,0x03
2026-09-06T21:15:35.585,285,0,2,50,0,0,29445,0,0,33538,0x07
2026-09-06T21:15:35.585,284,0,1,50,0,0,0,0,0,0,0x03
2026-09-06T21:15:35.651,287,0,2,52,-3258,-635,40000,-3479,-827,40000,0x07
2026-09-06T21:15:35.651,286,0,1,51,0,0,19310,0,0,21019,0x07
2026-09-06T21:15:35.715,289,0,2,55,-2564,-1309,29035,-3500,-1164,40000,0x07
2026-09-06T21:15:35.715,288,0,1,50,0,0,0,0,0,0,0x03
2026-09-06T21:15:35.779,291,0,2,50,-2564,-1800,26949,-3500,-1760,40000,0x07
2026-09-06T21:15:35.779,290,0,1,51,0,0,0,0,0,0,0x03
2026-09-06T21:15:35.845,293,0,2,51,-2883,-1784,31011,-3291,-1804,38168,0x07
2026-09-06T21:15:35.845,292,0,1,51,0,0,0,0,0,0,0x03
2026-09-06T21:15:35.910,295,0,2,50,-2639,-1800,27886,-3111,-2260,33838,0x07
2026-09-06T21:15:35.910,294,0,1,51,533,0,9233,1750,0,24294,0x07
2026-09-06T21:15:35.975,297,0,2,50,-3278,-2220,34098,-3205,-2460,34237,0x07
2026-09-06T21:15:35.975,296,0,1,51,0,0,0,0,0,0,0x03
2026-09-06T21:15:36.056,299,0,2,51,-1394,-2588,8957,-2513,-2529,24759,0x07
2026-09-06T21:15:36.056,298,0,1,50,0,0,0,0,0,0,0x03
2026-09-06T21:15:36.122,301,0,2,50,-1237,-2000,9484,-1901,-2480,16857,0x07
2026-09-06T21:15:36.122,300,0,1,51,0,0,0,0,0,0,0x03
2026-09-06T21:15:36.187,303,0,2,51,-651,-1706,3395,-1342,-1765,12478,0x07
2026-09-06T21:15:36.187,302,0,1,54,0,0,0,0,0,0,0x03
2026-09-06T21:15:36.253,305,0,2,50,-651,-1420,4610,-1342,-1460,13773,0x07
2026-09-06T21:15:36.253,304,0,1,50,0,0,0,0,0,0,0x03
2026-09-06T21:15:36.318,307,0,2,50,2959,60,39286,3178,80,40000,0x07
2026-09-06T21:15:36.318,306,0,1,50,0,0,6220,0,0,12963,0x07
2026-09-06T21:15:36.383,309,0,2,50,2959,540,37246,3178,1580,37624,0x07
2026-09-06T21:15:36.383,308,0,1,50,443,0,8103,1290,0,18447,0x07
2026-09-06T21:15:36.448,311,0,2,51,0,0,7357,0,0,13171,0x07
2026-09-06T21:15:36.448,310,0,1,51,0,0,0,0,0,0,0x03
2026-09-06T21:15:36.513,313,0,2,51,-588,-294,8605,-1219,-412,16603,0x07
2026-09-06T21:15:36.513,312,0,1,50,0,0,0,0,0,0,0x03
2026-09-06T21:15:36.579,315,0,2,58,3033,17,40000,3303,17,40000,0x07
2026-09-06T21:15:36.579,314,0,1,56,456,0,8268,1277,0,18274,0x07
2026-09-06T21:15:36.660,317,0,2,50,3033,1980,32060,3303,2260,36388,0x07
2026-09-06T21:15:36.660,316,0,1,52,456,0,8268,1277,0,18274,0x07
2026-09-06T21:15:36.725,319,0,2,51,2728,1745,29231,3193,3098,31368,0x07
2026-09-06T21:15:36.725,318,0,1,51,444,0,8120,1289,0,18429,0x07
2026-09-06T21:15:36.790,321,0,2,51,0,0,19720,0,0,25158,0x07
2026-09-06T21:15:36.790,320,0,1,50,0,0,0,0,0,0,0x03
2026-09-06T21:15:36.854,323,0,2,51,0,0,19451,0,0,24849,0x07
2026-09-06T21:15:36.854,322,0,1,52,0,0,5881,0,0,13319,0x07
2026-09-06T21:15:36.920,325,0,2,50,2050,360,26634,2515,520,33327,0x07
2026-09-06T21:15:36.920,324,0,1,50,0,0,7651,0,0,12566,0x07
2026-09-06T21:15:36.985,327,0,2,50,527,680,6205,1342,1480,13693,0x07
2026-09-06T21:15:36.985,326,0,1,52,-614,0,10262,-1244,0,17851,0x07
2026-09-06T21:15:37.050,329,0,2,52,0,0,28105,0,0,32588,0x07
2026-09-06T21:15:37.050,328,0,1,51,0,0,0,0,0,0,0x03
2026-09-06T21:15:37.116,331,0,2,51,-3096,-824,37764,-3373,-824,40000,0x07
2026-09-06T21:15:37.116,330,0,1,52,0,0,0,0,0,0,0x03
2026-09-06T21:15:37.197,333,0,2,51,-3202,-1745,35166,-3401,-2216,37880,0x07
2026-09-06T21:15:37.197,332,0,1,50,0,0,0,0,0,0,0x03
2026-09-06T21:15:37.262,335,0,2,57,-3176,-1035,37863,-3444,-2281,38170,0x07
2026-09-06T21:15:37.262,334,0,1,53,0,0,0,0,0,0,0x03
2026-09-06T21:15:37.327,337,0,2,53,0,0,2943,-3444,-2302,38080,0x07
2026-09-06T21:15:37.327,336,0,1,52,0,0,6879,0,0,12270,0x07
2026-09-06T21:15:37.392,339,0,2,51,0,0,5524,-1806,-2000,17634,0x07
2026-09-06T21:15:37.392,338,0,1,50,-522,0,9097,-1209,0,17406,0x07
2026-09-06T21:15:37.457,341,0,2,56,-2834,-964,33881,-2374,-1375,27826,0x07
2026-09-06T21:15:37.457,340,0,1,52,0,0,0,0,0,0,0x03
2026-09-06T21:15:37.522,343,0,2,50,-2834,-2300,28204,-2374,-1440,27550,0x07
2026-09-06T21:15:37.522,342,0,1,50,0,0,0,0,0,0,0x03
2026-09-06T21:15:37.586,345,0,2,50,-1741,-2080,15460,-2413,-1760,26705,0x07
2026-09-06T21:15:37.586,344,0,1,50,0,0,0,0,0,0,0x03
2026-09-06T21:15:37.652,347,0,2,50,-1455,-1320,15107,-2080,-1760,22290,0x07
2026-09-06T21:15:37.652,346,0,1,50,0,0,0,0,0,0,0x03
2026-09-06T21:15:37.733,349,0,2,51,-1388,-1451,13705,-1961,-1784,20608,0x07
2026-09-06T21:15:37.733,348,0,1,50,0,0,0,0,0,0,0x03
2026-09-06T21:15:37.782,351,0,2,51,0,0,25678,0,0,30595,0x07
2026-09-06T21:15:37.782,350,0,1,51,0,0,7124,0,0,12013,0x07
2026-09-06T21:15:37.863,353,0,2,51,2803,490,35506,3152,608,40000,0x07
2026-09-06T21:15:37.863,352,0,1,50,-551,0,9467,-1178,0,17020,0x07
2026-09-06T21:15:37.928,355,0,2,51,2808,1020,33323,3155,3039,31106,0x07
2026-09-06T21:15:37.928,354,0,1,52,-516,0,9025,-1215,0,17486,0x07
2026-09-06T21:15:37.994,357,0,2,51,2713,1627,29544,3109,1922,35253,0x07
2026-09-06T21:15:37.994,356,0,1,52,-516,0,9021,-1215,0,17492,0x07
2026-09-06T21:15:38.058,359,0,2,51,2584,1000,30598,3017,1784,34616,0x07
2026-09-06T21:15:38.058,358,0,1,52,-495,0,8762,-1236,0,17758,0x07
2026-09-06T21:15:38.124,361,0,2,51,2374,1196,27141,2863,2157,30990,0x07
2026-09-06T21:15:38.124,360,0,1,50,-495,0,8762,-1236,0,17758,0x07
2026-09-06T21:15:38.188,363,0,2,50,2124,1480,22796,2657,1580,30710,0x07
2026-09-06T21:15:38.188,362,0,1,51,-519,0,9064,-1211,0,17443,0x07
2026-09-06T21:15:38.253,365,0,2,51,1618,1647,15753,2269,1451,26115,0x07
2026-09-06T21:15:38.253,364,0,1,53,-524,0,9123,-1206,0,17379,0x07
2026-09-06T21:15:38.318,367,0,2,50,471,1200,3298,1261,1640,11935,0x07
2026-09-06T21:15:38.318,366,0,1,56,-493,0,8732,-1239,0,17789,0x07
2026-09-06T21:15:38.400,369,0,2,51,471,725,5315,1261,1510,12489,0x07
2026-09-06T21:15:38.400,368,0,1,50,-493,0,8732,-1239,0,17789,0x07
2026-09-06T21:15:38.464,371,0,2,51,417,686,4806,1317,1451,13482,0x07
2026-09-06T21:15:38.464,370,0,1,51,-546,0,9404,-1184,0,17092,0x07
2026-09-06T21:15:38.529,373,0,2,51,0,0,30187,0,0,32611,0x07
2026-09-06T21:15:38.529,372,0,1,50,0,0,0,0,0,0,0x03
2026-09-06T21:15:38.595,375,0,2,50,-3348,-580,40000,-3376,-1900,38883,0x07
2026-09-06T21:15:38.595,374,0,1,50,0,0,0,0,0,0,0x03
2026-09-06T21:15:38.660,377,0,2,51,0,0,3186,-3474,-2412,38008,0x07
2026-09-06T21:15:38.660,376,0,1,50,0,0,7071,0,0,12070,0x07
2026-09-06T21:15:38.725,379,0,2,53,-403,0,7536,-1332,-1057,15362,0x07
2026-09-06T21:15:38.725,378,0,1,50,-527,0,9161,-1203,0,17340,0x07
2026-09-06T21:15:38.790,381,0,2,52,-403,-423,5738,-1332,-846,16257,0x07
2026-09-06T21:15:38.790,380,0,1,50,-527,0,9161,-1203,0,17340,0x07
2026-09-06T21:15:38.855,383,0,2,50,0,0,11635,0,0,17370,0x07
2026-09-06T21:15:38.855,382,0,1,51,-516,0,9025,-1214,0,17483,0x07
2026-09-06T21:15:38.936,385,0,2,51,1105,157,15665,1685,255,23449,0x07
2026-09-06T21:15:38.936,384,0,1,51,-519,0,9059,-1212,0,17447,0x07
2026-09-06T21:15:39.001,387,0,2,57,-2525,-18,34043,-2926,0,40000,0x07
2026-09-06T21:15:39.001,386,0,1,50,0,0,0,0,0,0,0x03
2026-09-06T21:15:39.065,389,0,2,51,0,0,12347,0,0,18061,0x07
2026-09-06T21:15:39.065,388,0,1,51,0,0,6864,0,0,12286,0x07
2026-09-06T21:15:39.131,391,0,2,51,1191,373,15826,1762,588,23049,0x07
2026-09-06T21:15:39.131,390,0,1,50,-514,0,8991,-1217,0,17519,0x07
2026-09-06T21:15:39.195,393,0,2,50,820,120,12256,1505,620,19506,0x07
2026-09-06T21:15:39.195,392,0,1,51,-514,0,8991,-1217,0,17519,0x07
2026-09-06T21:15:39.260,395,0,2,50,472,220,7472,1260,400,17195,0x07
2026-09-06T21:15:39.260,394,0,1,52,-544,0,9369,-1186,0,17122,0x07
2026-09-06T21:15:39.325,397,0,2,52,524,231,8081,1206,500,16052,0x07
2026-09-06T21:15:39.326,396,0,1,51,-512,0,8970,-1219,0,17540,0x07
2026-09-06T21:15:39.391,399,0,2,51,562,314,8197,1168,745,14500,0x07
2026-09-06T21:15:39.391,398,0,1,50,-513,0,8978,-1218,0,17531,0x07
2026-09-06T21:15:39.472,401,0,2,50,562,360,8001,1168,800,14266,0x07
2026-09-06T21:15:39.472,400,0,1,50,-509,0,8931,-1222,0,17580,0x07
2026-09-06T21:15:39.537,403,0,2,51,713,451,9506,1286,843,15647,0x07
2026-09-06T21:15:39.537,402,0,1,50,-541,0,9339,-1189,0,17154,0x07
2026-09-06T21:15:39.603,405,0,2,50,1149,520,14672,1632,880,20083,0x07
2026-09-06T21:15:39.603,404,0,1,50,-507,0,8906,-1224,0,17606,0x07
2026-09-06T21:15:39.733,407,0,2,51,1420,804,16865,1900,980,23217,0x07
2026-09-06T21:15:39.733,406,0,1,50,-507,0,8906,-1224,0,17606,0x07
2026-09-06T21:15:39.798,409,0,2,51,1736,1020,19894,2170,1059,26464,0x07
2026-09-06T21:15:39.798,408,0,1,52,-502,0,8842,-1230,0,17674,0x07
2026-09-06T21:15:39.863,411,0,2,52,2035,1308,22421,2510,1385,29586,0x07
2026-09-06T21:15:39.863,410,0,1,50,-531,0,9212,-1199,0,17286,0x07
2026-09-06T21:15:39.928,413,0,2,51,2035,1549,21395,2510,1686,28304,0x07
2026-09-06T21:15:39.928,412,0,1,51,-528,0,9170,-1203,0,17331,0x07
2026-09-06T21:15:40.009,415,0,2,51,1895,1667,19134,2418,2000,25760,0x07
2026-09-06T21:15:40.009,414,0,1,51,-398,0,7537,-1337,0,19039,0x07
2026-09-06T21:15:40.058,417,0,2,59,-1970,-68,26875,-2451,-102,34263,0x07
2026-09-06T21:15:40.058,416,0,1,51,0,0,0,0,0,0,0x03
2026-09-06T21:15:40.140,419,0,2,50,-1970,-420,25378,-2451,-1040,30275,0x07
2026-09-06T21:15:40.140,418,0,1,50,0,0,6093,0,0,13096,0x07
2026-09-06T21:15:40.205,421,0,2,51,-144,-1490,22117,-1601,-1843,15580,0x07
2026-09-06T21:15:40.205,420,0,1,50,0,0,0,0,0,0,0x03
2026-09-06T21:15:40.270,423,0,2,50,-2372,-100,31774,-2171,-340,29532,0x07
2026-09-06T21:15:40.270,422,0,1,51,0,0,7071,0,0,9694,0x07
2026-09-06T21:15:40.335,425,0,2,51,-247,-137,5006,-1494,-529,19744,0x07
2026-09-06T21:15:40.335,424,0,1,50,0,0,0,0,0,0,0x03
2026-09-06T21:15:40.401,427,0,2,51,-1844,-294,24337,-1951,-667,25220,0x07
2026-09-06T21:15:40.401,426,0,1,54,0,0,0,0,0,0,0x03
2026-09-06T21:15:40.466,429,0,2,52,-1157,-750,13799,-1757,-1115,20739,0x07
2026-09-06T21:15:40.466,428,0,1,52,0,0,0,0,0,0,0x03
2026-09-06T21:15:40.532,431,0,2,52,-1157,-923,13063,-1757,-1212,20331,0x07
2026-09-06T21:15:40.532,430,0,1,51,0,0,0,0,0,0,0x03
2026-09-06T21:15:40.597,433,0,2,50,-1301,-1060,14285,-1833,-1380,20632,0x07
2026-09-06T21:15:40.597,432,0,1,52,0,0,0,0,0,0,0x03
2026-09-06T21:15:40.662,435,0,2,50,-1544,-1060,17319,-2022,-1360,23215,0x07
2026-09-06T21:15:40.662,434,0,1,52,0,0,0,0,0,0,0x03
2026-09-06T21:15:40.743,437,0,2,51,-1817,-1216,20075,-2251,-1647,25036,0x07
2026-09-06T21:15:40.743,436,0,1,51,0,0,0,0,0,0,0x03
2026-09-06T21:15:40.808,439,0,2,50,-2083,-1460,22378,-2480,-1720,27766,0x07
2026-09-06T21:15:40.808,438,0,1,52,0,0,0,0,0,0,0x03
2026-09-06T21:15:40.873,441,0,2,51,-2430,-1529,26418,-2751,-1843,30836,0x07
2026-09-06T21:15:40.873,440,0,1,50,0,0,0,0,0,0,0x03
2026-09-06T21:15:40.938,443,0,2,50,-2677,-2100,27089,-2970,-2200,32227,0x07
2026-09-06T21:15:40.938,442,0,1,51,0,0,0,0,0,0,0x03
2026-09-06T21:15:41.003,445,0,2,50,-2926,-2060,30372,-3160,-2340,34153,0x07
2026-09-06T21:15:41.003,444,0,1,50,0,0,13359,0,0,17764,0x07
2026-09-06T21:15:41.069,447,0,2,50,-1007,-2200,5757,-2073,-2600,18626,0x07
2026-09-06T21:15:41.069,446,0,1,50,1298,0,18875,1858,0,25660,0x07
2026-09-06T21:15:41.133,449,0,2,51,-1407,-1510,13700,-1923,-2137,18602,0x07
2026-09-06T21:15:41.133,448,0,1,50,0,0,11458,0,0,15949,0x07
2026-09-06T21:15:41.198,451,0,2,51,-1443,-1804,12903,-1964,-2059,19478,0x07
2026-09-06T21:15:41.198,450,0,1,51,-1070,0,16006,-1643,0,22933,0x07
2026-09-06T21:15:41.279,453,0,2,50,-1236,-1720,10661,-1807,-2120,17139,0x07
2026-09-06T21:15:41.279,452,0,1,50,-1414,0,20339,-1902,0,26220,0x07
2026-09-06T21:15:41.344,455,0,2,51,-1180,-1275,11856,-1665,-1824,16514,0x07
2026-09-06T21:15:41.344,454,0,1,52,-1402,0,20185,-1948,0,26813,0x07
2026-09-06T21:15:41.410,457,0,2,51,-1180,-1255,11940,-1665,-1725,16931,0x07
2026-09-06T21:15:41.410,456,0,1,52,-1734,0,24373,-2172,0,29660,0x07
2026-09-06T21:15:41.475,459,0,2,51,-1749,-1294,18897,-1965,-1549,21664,0x07
2026-09-06T21:15:41.475,458,0,1,53,-1572,0,22327,-2106,0,28811,0x07
2026-09-06T21:15:41.540,461,0,2,50,0,0,8954,0,0,6664,0x07
2026-09-06T21:15:41.541,460,0,1,50,-1572,0,22327,-2106,0,28811,0x07
2026-09-06T21:15:41.605,463,0,2,51,781,294,11022,498,235,7779,0x07
2026-09-06T21:15:41.605,462,0,1,51,-1418,0,20393,-1973,0,27124,0x07
2026-09-06T21:15:41.670,465,0,2,50,2234,240,29451,0,0,9693,0x07
2026-09-06T21:15:41.670,464,0,1,51,0,0,0,0,0,0,0x03
2026-09-06T21:15:41.735,467,0,2,51,614,59,9931,1336,39,19729,0x07
2026-09-06T21:15:41.735,466,0,1,51,0,0,0,0,0,0,0x03
2026-09-06T21:15:41.815,469,0,2,51,0,0,7188,0,0,12783,0x07
2026-09-06T21:15:41.816,468,0,1,52,0,0,6054,0,0,12238,0x07
2026-09-06T21:15:41.880,471,0,2,51,0,0,18587,0,0,19819,0x07
2026-09-06T21:15:41.881,470,0,1,50,0,0,0,0,0,0,0x03
2026-09-06T21:15:41.946,473,0,2,50,1945,220,25920,1957,260,27031,0x07
2026-09-06T21:15:41.946,472,0,1,52,0,0,0,0,0,0,0x03
2026-09-06T21:15:42.011,475,0,2,50,0,0,11748,0,0,17175,0x07
2026-09-06T21:15:42.011,474,0,1,51,0,0,6496,0,0,12457,0x07
2026-09-06T21:15:42.077,477,0,2,51,-1118,-235,15502,-1664,-235,23245,0x07
2026-09-06T21:15:42.077,476,0,1,51,-476,0,8519,-1231,0,17687,0x07
2026-09-06T21:15:42.141,479,0,2,51,-1682,-529,21305,-2056,-725,26362,0x07
2026-09-06T21:15:42.141,478,0,1,54,-535,0,9267,-1187,0,17135,0x07
2026-09-06T21:15:42.206,481,0,2,50,-1682,-300,22280,-2056,-320,28085,0x07
2026-09-06T21:15:42.206,480,0,1,51,-535,0,9267,-1187,0,17135,0x07
2026-09-06T21:15:42.271,483,0,2,50,-2302,-480,29275,-2439,-540,32234,0x07
2026-09-06T21:15:42.271,482,0,1,51,-536,0,9277,-1189,0,17162,0x07
2026-09-06T21:15:42.353,485,0,2,50,-2495,-840,30170,-2648,-1160,32375,0x07
2026-09-06T21:15:42.353,484,0,1,52,-534,0,9255,-1190,0,17167,0x07
2026-09-06T21:15:42.417,487,0,2,51,-2594,-1725,27645,-2745,-1451,32429,0x07
2026-09-06T21:15:42.417,486,0,1,50,-531,0,9216,-1189,0,17158,0x07
2026-09-06T21:15:42.482,489,0,2,50,-2515,-1800,26341,-2785,-1700,31892,0x07
2026-09-06T21:15:42.482,488,0,1,50,-513,0,8986,-1204,0,17345,0x07
2026-09-06T21:15:42.548,491,0,2,55,-1433,-2055,11702,-2173,-2164,21809,0x07
2026-09-06T21:15:42.548,490,0,1,52,-508,0,8927,-1202,0,17327,0x07
2026-09-06T21:15:42.612,493,0,2,50,-1433,-1760,12954,-2173,-2140,21910,0x07
2026-09-06T21:15:42.612,492,0,1,52,-508,0,8927,-1202,0,17327,0x07
2026-09-06T21:15:42.677,495,0,2,51,-365,-1510,655,-1303,-2137,10384,0x07
2026-09-06T21:15:42.677,494,0,1,52,-450,0,8192,-1263,0,18096,0x07
2026-09-06T21:15:42.742,497,0,2,51,0,0,9157,0,0,14912,0x07
2026-09-06T21:15:42.742,496,0,1,50,-500,0,8825,-1231,0,17692,0x07
2026-09-06T21:15:42.808,499,0,2,55,1127,73,16302,1644,509,21826,0x07
2026-09-06T21:15:42.808,498,0,1,55,-697,0,11305,-1222,0,17576,0x07
2026-09-06T21:15:42.888,501,0,2,51,1127,39,16444,1644,667,21156,0x07
2026-09-06T21:15:42.888,500,0,1,51,-697,0,11305,-1222,0,17576,0x07
2026-09-06T21:15:42.953,503,0,2,51,1297,118,18231,1815,235,25252,0x07
2026-09-06T21:15:42.953,502,0,1,50,-585,0,9888,-1229,0,17665,0x07
2026-09-06T21:15:43.018,505,0,2,50,964,320,13210,1623,440,21837,0x07
2026-09-06T21:15:43.018,504,0,1,50,-687,0,11172,-1290,0,18439,0x07
2026-09-06T21:15:43.083,507,0,2,50,495,400,6998,1237,920,14671,0x07
2026-09-06T21:15:43.083,506,0,1,51,-886,0,13685,-1447,0,20432,0x07
2026-09-06T21:15:43.148,509,0,2,50,492,480,6619,1239,940,14622,0x07
2026-09-06T21:15:43.148,508,0,1,52,-1067,0,15963,-1610,0,22506,0x07
2026-09-06T21:15:43.212,511,0,2,55,3046,1127,35845,3117,1382,37658,0x07
2026-09-06T21:15:43.278,513,0,2,50,3046,1380,34771,3117,1820,35796,0x07
2026-09-06T21:15:43.278,512,0,1,51,-1282,0,18675,-1808,0,25028,0x07
2026-09-06T21:15:43.342,515,0,2,51,3050,1471,34439,2855,2549,29212,0x07
2026-09-06T21:15:43.342,514,0,1,51,-1380,0,19904,-1906,0,26275,0x07
2026-09-06T21:15:43.408,515,0,2,51,2826,1451,31715,2546,3000,23205,0x07
2026-09-06T21:15:43.408,514,0,1,51,-1444,0,20712,-1971,0,27102,0x07
2026-09-06T21:15:43.488,515,0,2,50,2826,2140,28787,2546,2440,25585,0x07
2026-09-06T21:15:43.488,518,0,1,52,-1444,0,20712,-1971,0,27102,0x07
2026-09-06T21:15:43.553,521,0,2,50,0,0,23275,0,0,23340,0x07
2026-09-06T21:15:43.618,523,0,2,50,-2512,-500,31827,-2347,-480,31277,0x07
2026-09-06T21:15:43.683,525,0,2,51,-2631,-922,31522,-3188,-2000,35970,0x07
2026-09-06T21:15:43.683,520,0,1,52,-1702,0,23964,-2199,0,29993,0x07
2026-09-06T21:15:43.748,525,0,2,51,-2618,-1941,27025,-3108,-1608,36577,0x07
2026-09-06T21:15:43.813,527,0,2,50,-2618,-2620,24140,-3108,-980,39245,0x07
2026-09-06T21:15:43.878,527,0,2,50,-2432,-960,28867,-2963,-1840,33660,0x07
2026-09-06T21:15:43.943,527,0,2,51,-2432,-1333,27280,-2963,-1686,34313,0x07
2026-09-06T21:15:43.943,526,0,1,52,0,0,19695,0,0,23246,0x07
