timestamp,sequence,team,robot_id,interval_ms,left_target_eps,left_measured_eps,left_duty,right_target_eps,right_measured_eps,right_duty,flags
2026-09-06T08:27:50.382,464,0,0,50,3374,2600,34030,3500,0,40000,0x07
2026-09-06T08:27:50.383,280,0,2,51,2864,1843,30957,3200,1902,34187,0x07
2026-09-06T08:27:50.447,65535,0,0,51,0,0,0,0,0,0,0x0b
2026-09-06T08:27:50.447,281,0,2,51,2864,1843,30957,3200,1902,34187,0x07
2026-09-06T08:27:50.512,0,0,0,51,0,0,0,0,0,0,0x03
2026-09-06T08:27:50.512,283,0,2,54,0,0,0,0,0,0,0x03
2026-09-06T08:27:50.577,2,0,0,51,0,0,0,0,0,0,0x03
2026-09-06T08:27:50.577,1,0,2,54,0,0,0,0,0,0,0x03
2026-09-06T08:27:50.642,4,0,0,50,0,0,0,0,0,0,0x03
2026-09-06T08:27:50.642,3,0,2,50,0,0,0,0,0,0,0x03
2026-09-06T08:27:50.707,6,0,0,52,0,0,0,0,0,0,0x03
2026-09-06T08:27:50.707,5,0,2,51,0,0,0,0,0,0,0x03
2026-09-06T08:27:50.772,8,0,0,52,0,0,0,0,0,0,0x03
2026-09-06T08:27:50.772,7,0,2,51,0,0,0,0,0,0,0x03
2026-09-06T08:27:50.837,10,0,0,50,0,0,0,0,0,0,0x03
2026-09-06T08:27:50.837,9,0,2,50,0,0,0,0,0,0,0x03
2026-09-06T08:27:50.918,12,0,0,52,0,0,0,0,0,0,0x03
2026-09-06T08:27:50.918,11,0,2,51,0,0,0,0,0,0,0x03
2026-09-06T08:27:50.983,14,0,0,51,0,0,0,0,0,0,0x03
2026-09-06T08:27:50.983,13,0,2,51,0,0,0,0,0,0,0x03
2026-09-06T08:27:51.047,16,0,0,51,0,0,0,0,0,0,0x03
2026-09-06T08:27:51.047,15,0,2,51,0,0,0,0,0,0,0x03
2026-09-06T08:27:51.113,18,0,0,50,0,0,0,0,0,0,0x03
2026-09-06T08:27:51.113,17,0,2,51,0,0,0,0,0,0,0x03
2026-09-06T08:27:51.178,20,0,0,51,0,0,0,0,0,0,0x03
2026-09-06T08:27:51.178,19,0,2,50,0,0,0,0,0,0,0x03
2026-09-06T08:27:51.243,22,0,0,51,0,0,0,0,0,0,0x03
2026-09-06T08:27:51.243,21,0,2,50,0,0,0,0,0,0,0x03
2026-09-06T08:27:51.307,24,0,0,50,0,0,0,0,0,0,0x03
2026-09-06T08:27:51.307,23,0,2,50,0,0,0,0,0,0,0x03
2026-09-06T08:27:51.388,26,0,0,51,0,0,0,0,0,0,0x03
2026-09-06T08:27:51.388,25,0,2,51,0,0,0,0,0,0,0x03
2026-09-06T08:27:51.453,28,0,0,52,0,0,0,0,0,0,0x03
2026-09-06T08:27:51.453,27,0,2,51,0,0,0,0,0,0,0x03
2026-09-06T08:27:51.518,30,0,0,50,0,0,0,0,0,0,0x03
2026-09-06T08:27:51.518,29,0,2,52,0,0,0,0,0,0,0x03
2026-09-06T08:27:51.582,32,0,0,50,0,0,0,0,0,0,0x03
2026-09-06T08:27:51.582,31,0,2,52,0,0,0,0,0,0,0x03
2026-09-06T08:27:51.647,34,0,0,51,0,0,0,0,0,0,0x03
2026-09-06T08:27:51.647,33,0,2,51,0,0,0,0,0,0,0x03
2026-09-06T08:27:51.713,36,0,0,52,0,0,0,0,0,0,0x03
2026-09-06T08:27:51.713,35,0,2,54,0,0,0,0,0,0,0x03
2026-09-06T08:27:51.778,38,0,0,52,0,0,0,0,0,0,0x03
2026-09-06T08:27:51.778,37,0,2,51,0,0,0,0,0,0,0x03
2026-09-06T08:27:51.843,40,0,0,51,0,0,0,0,0,0,0x03
2026-09-06T08:27:51.843,39,0,2,51,0,0,0,0,0,0,0x03
2026-09-06T08:27:51.924,42,0,0,50,0,0,0,0,0,0,0x03
2026-09-06T08:27:51.924,41,0,2,52,0,0,0,0,0,0,0x03
2026-09-06T08:27:51.989,44,0,0,50,0,0,0,0,0,0,0x03
2026-09-06T08:27:51.989,43,0,2,52,0,0,0,0,0,0,0x03
2026-09-06T08:27:52.054,46,0,0,52,0,0,0,0,0,0,0x03
2026-09-06T08:27:52.054,45,0,2,52,0,0,0,0,0,0,0x03
2026-09-06T08:27:52.119,48,0,0,50,0,0,0,0,0,0,0x03
2026-09-06T08:27:52.119,47,0,2,50,0,0,0,0,0,0,0x03
2026-09-06T08:27:52.184,50,0,0,52,0,0,0,0,0,0,0x03
2026-09-06T08:27:52.184,49,0,2,50,0,0,0,0,0,0,0x03
2026-09-06T08:27:52.249,52,0,0,50,0,0,0,0,0,0,0x03
2026-09-06T08:27:52.249,51,0,2,51,0,0,0,0,0,0,0x03
2026-09-06T08:27:52.314,54,0,0,51,0,0,0,0,0,0,0x03
2026-09-06T08:27:52.314,53,0,2,50,0,0,0,0,0,0,0x03
2026-09-06T08:27:52.378,56,0,0,52,0,0,0,0,0,0,0x03
2026-09-06T08:27:52.378,55,0,2,52,0,0,0,0,0,0,0x03
2026-09-06T08:27:52.459,58,0,0,50,0,0,0,0,0,0,0x03
2026-09-06T08:27:52.459,57,0,2,52,0,0,0,0,0,0,0x03
2026-09-06T08:27:52.524,60,0,0,50,0,0,0,0,0,0,0x03
2026-09-06T08:27:52.524,59,0,2,51,0,0,0,0,0,0,0x03
2026-09-06T08:27:52.589,62,0,0,51,0,0,0,0,0,0,0x03
2026-09-06T08:27:52.589,61,0,2,50,0,0,0,0,0,0,0x03
2026-09-06T08:27:52.654,64,0,0,51,0,0,0,0,0,0,0x03
2026-09-06T08:27:52.654,63,0,2,52,0,0,0,0,0,0,0x03
2026-09-06T08:27:52.719,66,0,0,52,0,0,0,0,0,0,0x03
2026-09-06T08:27:52.719,65,0,2,51,0,0,0,0,0,0,0x03
2026-09-06T08:27:52.784,68,0,0,52,0,0,0,0,0,0,0x03
2026-09-06T08:27:52.784,67,0,2,50,0,0,0,0,0,0,0x03
2026-09-06T08:27:52.849,70,0,0,50,0,0,0,0,0,0,0x03
2026-09-06T08:27:52.849,69,0,2,50,0,0,0,0,0,0,0x03
2026-09-06T08:27:52.914,72,0,0,51,0,0,0,0,0,0,0x03
2026-09-06T08:27:52.914,71,0,2,52,0,0,0,0,0,0,0x03
2026-09-06T08:27:52.995,74,0,0,51,0,0,0,0,0,0,0x03
2026-09-06T08:27:52.996,73,0,2,50,0,0,0,0,0,0,0x03
2026-09-06T08:27:53.060,76,0,0,50,0,0,0,0,0,0,0x03
2026-09-06T08:27:53.060,75,0,2,51,0,0,0,0,0,0,0x03
2026-09-06T08:27:53.125,78,0,0,50,0,0,0,0,0,0,0x03
2026-09-06T08:27:53.125,77,0,2,52,0,0,0,0,0,0,0x03
2026-09-06T08:27:53.190,80,0,0,55,0,0,0,0,0,0,0x03
2026-09-06T08:27:53.190,79,0,2,51,0,0,0,0,0,0,0x03
2026-09-06T08:27:53.256,82,0,0,52,0,0,0,0,0,0,0x03
2026-09-06T08:27:53.256,81,0,2,51,0,0,0,0,0,0,0x03
2026-09-06T08:27:53.321,84,0,0,50,0,0,0,0,0,0,0x03
2026-09-06T08:27:53.321,83,0,2,50,0,0,0,0,0,0,0x03
2026-09-06T08:27:53.386,86,0,0,51,0,0,0,0,0,0,0x03
2026-09-06T08:27:53.386,85,0,2,51,0,0,0,0,0,0,0x03
2026-09-06T08:27:53.452,88,0,0,53,0,0,0,0,0,0,0x03
2026-09-06T08:27:53.452,87,0,2,51,0,0,0,0,0,0,0x03
2026-09-06T08:27:53.516,90,0,0,52,0,0,0,0,0,0,0x03
2026-09-06T08:27:53.516,89,0,2,50,0,0,0,0,0,0,0x03
2026-09-06T08:27:53.581,92,0,0,51,0,0,0,0,0,0,0x03
2026-09-06T08:27:53.581,91,0,2,51,0,0,0,0,0,0,0x03
2026-09-06T08:27:53.663,94,0,0,52,0,0,0,0,0,0,0x03
2026-09-06T08:27:53.663,93,0,2,52,0,0,0,0,0,0,0x03
2026-09-06T08:27:53.728,96,0,0,53,0,0,0,0,0,0,0x03
2026-09-06T08:27:53.728,95,0,2,50,0,0,0,0,0,0,0x03
2026-09-06T08:27:53.793,98,0,0,50,0,0,0,0,0,0,0x03
2026-09-06T08:27:53.793,97,0,2,51,0,0,0,0,0,0,0x03
2026-09-06T08:27:53.858,100,0,0,52,0,0,0,0,0,0,0x03
2026-09-06T08:27:53.923,102,0,0,52,0,0,0,0,0,0,0x03
2026-09-06T08:27:53.923,101,0,2,52,0,0,0,0,0,0,0x03
2026-09-06T08:27:53.988,102,0,0,52,0,0,0,0,0,0,0x03
2026-09-06T08:27:53.988,103,0,2,52,0,0,0,0,0,0,0x03
2026-09-06T08:27:54.053,102,0,0,51,0,0,0,0,0,0,0x03
2026-09-06T08:27:54.053,103,0,2,50,0,0,0,0,0,0,0x03
2026-09-06T08:27:54.119,108,0,0,51,0,0,0,0,0,0,0x03
2026-09-06T08:27:54.119,107,0,2,55,0,0,0,0,0,0,0x03
2026-09-06T08:27:54.200,110,0,0,50,0,0,0,0,0,0,0x03
2026-09-06T08:27:54.200,109,0,2,50,0,0,0,0,0,0,0x03
2026-09-06T08:27:54.265,112,0,0,50,0,0,0,0,0,0,0x03
2026-09-06T08:27:54.265,111,0,2,51,0,0,0,0,0,0,0x03
2026-09-06T08:27:54.330,114,0,0,50,0,0,0,0,0,0,0x03
2026-09-06T08:27:54.330,113,0,2,51,0,0,0,0,0,0,0x03
2026-09-06T08:27:54.395,116,0,0,51,0,0,0,0,0,0,0x03
2026-09-06T08:27:54.395,115,0,2,50,0,0,0,0,0,0,0x03
2026-09-06T08:27:54.459,118,0,0,50,0,0,0,0,0,0,0x03
2026-09-06T08:27:54.459,117,0,2,52,0,0,0,0,0,0,0x03
2026-09-06T08:27:54.524,120,0,0,50,0,0,0,0,0,0,0x03
2026-09-06T08:27:54.524,119,0,2,52,0,0,0,0,0,0,0x03
2026-09-06T08:27:54.589,122,0,0,50,0,0,0,0,0,0,0x03
2026-09-06T08:27:54.589,121,0,2,51,0,0,0,0,0,0,0x03
2026-09-06T08:27:54.654,124,0,0,51,0,0,0,0,0,0,0x03
2026-09-06T08:27:54.654,123,0,2,50,0,0,0,0,0,0,0x03
2026-09-06T08:27:54.735,126,0,0,50,0,0,0,0,0,0,0x03
2026-09-06T08:27:54.735,125,0,2,52,0,0,0,0,0,0,0x03
2026-09-06T08:27:54.801,128,0,0,51,0,0,0,0,0,0,0x03
2026-09-06T08:27:54.801,127,0,2,52,0,0,0,0,0,0,0x03
2026-09-06T08:27:54.865,130,0,0,51,0,0,0,0,0,0,0x03
2026-09-06T08:27:54.865,129,0,2,51,0,0,0,0,0,0,0x03
2026-09-06T08:27:54.929,132,0,0,50,0,0,0,0,0,0,0x03
2026-09-06T08:27:54.929,131,0,2,50,0,0,0,0,0,0,0x03
2026-09-06T08:27:54.994,134,0,0,51,0,0,0,0,0,0,0x03
2026-09-06T08:27:55.059,136,0,0,52,0,0,0,0,0,0,0x03
2026-09-06T08:27:55.059,135,0,2,52,0,0,0,0,0,0,0x03
2026-09-06T08:27:55.125,136,0,0,51,0,0,0,0,0,0,0x03
2026-09-06T08:27:55.125,137,0,2,52,0,0,0,0,0,0,0x03
2026-09-06T08:27:55.190,136,0,0,51,0,0,0,0,0,0,0x03
2026-09-06T08:27:55.190,137,0,2,51,0,0,0,0,0,0,0x03
2026-09-06T08:27:55.271,142,0,0,50,0,0,0,0,0,0,0x03
2026-09-06T08:27:55.271,141,0,2,51,0,0,0,0,0,0,0x03
2026-09-06T08:27:55.335,144,0,0,51,0,0,0,0,0,0,0x03
2026-09-06T08:27:55.335,143,0,2,50,0,0,0,0,0,0,0x03
2026-09-06T08:27:55.400,146,0,0,50,0,0,0,0,0,0,0x03
2026-09-06T08:27:55.400,145,0,2,50,0,0,0,0,0,0,0x03
2026-09-06T08:27:55.465,148,0,0,52,0,0,0,0,0,0,0x03
2026-09-06T08:27:55.465,147,0,2,51,0,0,0,0,0,0,0x03
2026-09-06T08:27:55.530,150,0,0,51,0,0,0,0,0,0,0x03
2026-09-06T08:27:55.530,149,0,2,52,0,0,0,0,0,0,0x03
2026-09-06T08:27:55.595,152,0,0,52,0,0,0,0,0,0,0x03
2026-09-06T08:27:55.595,151,0,2,52,0,0,0,0,0,0,0x03
2026-09-06T08:27:55.660,154,0,0,51,0,0,0,0,0,0,0x03
2026-09-06T08:27:55.660,153,0,2,55,0,0,0,0,0,0,0x03
2026-09-06T08:27:55.725,156,0,0,50,0,0,0,0,0,0,0x03
2026-09-06T08:27:55.725,155,0,2,51,0,0,0,0,0,0,0x03
2026-09-06T08:27:55.806,158,0,0,50,0,0,0,0,0,0,0x03
2026-09-06T08:27:55.806,157,0,2,52,0,0,0,0,0,0,0x03
2026-09-06T08:27:55.872,160,0,0,51,0,0,0,0,0,0,0x03
2026-09-06T08:27:55.872,159,0,2,50,0,0,0,0,0,0,0x03
2026-09-06T08:27:55.937,162,0,0,50,0,0,0,0,0,0,0x03
2026-09-06T08:27:55.937,161,0,2,55,0,0,0,0,0,0,0x03
2026-09-06T08:27:56.002,164,0,0,51,0,0,0,0,0,0,0x03
2026-09-06T08:27:56.002,163,0,2,52,0,0,0,0,0,0,0x03
2026-09-06T08:27:56.067,166,0,0,51,0,0,0,0,0,0,0x03
2026-09-06T08:27:56.067,165,0,2,50,0,0,0,0,0,0,0x03
2026-09-06T08:27:56.133,168,0,0,51,0,0,0,0,0,0,0x03
2026-09-06T08:27:56.133,167,0,2,52,0,0,0,0,0,0,0x03
2026-09-06T08:27:56.198,170,0,0,51,0,0,0,0,0,0,0x03
2026-09-06T08:27:56.198,169,0,2,51,0,0,0,0,0,0,0x03
2026-09-06T08:27:56.263,172,0,0,51,0,0,0,0,0,0,0x03
2026-09-06T08:27:56.263,171,0,2,50,0,0,0,0,0,0,0x03
2026-09-06T08:27:56.344,174,0,0,51,0,0,0,0,0,0,0x03
2026-09-06T08:27:56.344,173,0,2,53,0,0,0,0,0,0,0x03
2026-09-06T08:27:56.408,176,0,0,51,0,0,0,0,0,0,0x03
2026-09-06T08:27:56.409,175,0,2,50,0,0,0,0,0,0,0x03
2026-09-06T08:27:56.473,178,0,0,50,0,0,0,0,0,0,0x03
2026-09-06T08:27:56.473,177,0,2,50,0,0,0,0,0,0,0x03
2026-09-06T08:27:56.539,180,0,0,52,0,0,0,0,0,0,0x03
2026-09-06T08:27:56.539,179,0,2,51,0,0,0,0,0,0,0x03
2026-09-06T08:27:56.604,182,0,0,50,0,0,0,0,0,0,0x03
2026-09-06T08:27:56.604,181,0,2,50,0,0,0,0,0,0,0x03
2026-09-06T08:27:56.669,184,0,0,52,0,0,0,0,0,0,0x03
2026-09-06T08:27:56.669,183,0,2,51,0,0,0,0,0,0,0x03
2026-09-06T08:27:56.735,186,0,0,50,0,0,0,0,0,0,0x03
2026-09-06T08:27:56.735,185,0,2,51,0,0,0,0,0,0,0x03
2026-09-06T08:27:56.799,188,0,0,50,0,0,0,0,0,0,0x03
2026-09-06T08:27:56.799,187,0,2,51,0,0,0,0,0,0,0x03
2026-09-06T08:27:56.865,190,0,0,50,0,0,0,0,0,0,0x03
2026-09-06T08:27:56.865,189,0,2,51,0,0,0,0,0,0,0x03
2026-09-06T08:27:56.945,192,0,0,52,0,0,0,0,0,0,0x03
2026-09-06T08:27:56.945,191,0,2,52,0,0,0,0,0,0,0x03
2026-09-06T08:27:57.010,194,0,0,51,0,0,0,0,0,0,0x03
2026-09-06T08:27:57.010,193,0,2,50,0,0,0,0,0,0,0x03
2026-09-06T08:27:57.074,196,0,0,51,0,0,0,0,0,0,0x03
2026-09-06T08:27:57.074,195,0,2,52,0,0,0,0,0,0,0x03
2026-09-06T08:27:57.138,198,0,0,51,0,0,0,0,0,0,0x03
2026-09-06T08:27:57.138,197,0,2,51,0,0,0,0,0,0,0x03
2026-09-06T08:27:57.203,200,0,0,51,0,0,0,0,0,0,0x03
2026-09-06T08:27:57.203,199,0,2,50,0,0,0,0,0,0,0x03
2026-09-06T08:27:57.269,202,0,0,51,0,0,0,0,0,0,0x03
2026-09-06T08:27:57.269,201,0,2,52,0,0,0,0,0,0,0x03
2026-09-06T08:27:57.334,204,0,0,51,0,0,0,0,0,0,0x03
2026-09-06T08:27:57.334,203,0,2,50,0,0,0,0,0,0,0x03
2026-09-06T08:27:57.399,206,0,0,50,0,0,0,0,0,0,0x03
2026-09-06T08:27:57.399,205,0,2,52,0,0,0,0,0,0,0x03
2026-09-06T08:27:57.480,208,0,0,51,0,0,0,0,0,0,0x03
2026-09-06T08:27:57.480,207,0,2,51,0,0,0,0,0,0,0x03
2026-09-06T08:27:57.545,210,0,0,50,0,0,0,0,0,0,0x03
2026-09-06T08:27:57.545,209,0,2,50,0,0,0,0,0,0,0x03
2026-09-06T08:27:57.610,212,0,0,51,0,0,0,0,0,0,0x03
2026-09-06T08:27:57.610,211,0,2,51,0,0,0,0,0,0,0x03
2026-09-06T08:27:57.676,214,0,0,53,0,0,0,0,0,0,0x03
2026-09-06T08:27:57.676,213,0,2,50,0,0,0,0,0,0,0x03
2026-09-06T08:27:57.741,216,0,0,50,0,0,0,0,0,0,0x03
2026-09-06T08:27:57.741,215,0,2,52,0,0,0,0,0,0,0x03
2026-09-06T08:27:57.806,218,0,0,50,0,0,0,0,0,0,0x03
2026-09-06T08:27:57.806,217,0,2,52,0,0,0,0,0,0,0x03
2026-09-06T08:27:57.871,220,0,0,52,0,0,0,0,0,0,0x03
2026-09-06T08:27:57.871,219,0,2,52,0,0,0,0,0,0,0x03
2026-09-06T08:27:57.937,222,0,0,51,0,0,0,0,0,0,0x03
2026-09-06T08:27:57.937,221,0,2,52,0,0,0,0,0,0,0x03
2026-09-06T08:27:58.002,224,0,0,52,0,0,0,0,0,0,0x03
2026-09-06T08:27:58.002,223,0,2,52,0,0,0,0,0,0,0x03
2026-09-06T08:27:58.084,226,0,0,51,0,0,0,0,0,0,0x03
2026-09-06T08:27:58.084,225,0,2,51,0,0,0,0,0,0,0x03
2026-09-06T08:27:58.149,228,0,0,50,0,0,0,0,0,0,0x03
2026-09-06T08:27:58.149,227,0,2,52,0,0,0,0,0,0,0x03
2026-09-06T08:27:58.214,230,0,0,50,0,0,0,0,0,0,0x03
2026-09-06T08:27:58.214,229,0,2,50,0,0,0,0,0,0,0x03
2026-09-06T08:27:58.280,232,0,0,51,0,0,0,0,0,0,0x03
2026-09-06T08:27:58.280,231,0,2,50,0,0,0,0,0,0,0x03
2026-09-06T08:27:58.345,234,0,0,52,0,0,0,0,0,0,0x03
2026-09-06T08:27:58.410,236,0,0,51,0,0,0,0,0,0,0x03
2026-09-06T08:27:58.410,235,0,2,50,0,0,0,0,0,0,0x03
2026-09-06T08:27:58.475,236,0,0,50,0,0,0,0,0,0,0x03
2026-09-06T08:27:58.475,237,0,2,50,0,0,0,0,0,0,0x03
2026-09-06T08:27:58.540,236,0,0,52,0,0,0,0,0,0,0x03
2026-09-06T08:27:58.540,237,0,2,51,0,0,0,0,0,0,0x03
2026-09-06T08:27:58.605,242,0,0,52,0,0,0,0,0,0,0x03
2026-09-06T08:27:58.605,241,0,2,51,0,0,0,0,0,0,0x03
2026-09-06T08:27:58.670,244,0,0,51,0,0,0,0,0,0,0x03
2026-09-06T08:27:58.670,243,0,2,51,0,0,0,0,0,0,0x03
2026-09-06T08:27:58.752,246,0,0,52,0,0,0,0,0,0,0x03
2026-09-06T08:27:58.752,245,0,2,51,0,0,0,0,0,0,0x03
2026-09-06T08:27:58.817,248,0,0,52,0,0,0,0,0,0,0x03
2026-09-06T08:27:58.817,247,0,2,52,0,0,0,0,0,0,0x03
2026-09-06T08:27:58.883,250,0,0,51,0,0,0,0,0,0,0x03
2026-09-06T08:27:58.883,249,0,2,52,0,0,0,0,0,0,0x03
2026-09-06T08:27:58.948,252,0,0,52,0,0,0,0,0,0,0x03
2026-09-06T08:27:58.948,251,0,2,52,0,0,0,0,0,0,0x03
2026-09-06T08:27:59.013,254,0,0,52,0,0,0,0,0,0,0x03
2026-09-06T08:27:59.013,253,0,2,51,0,0,0,0,0,0,0x03
2026-09-06T08:27:59.078,256,0,0,51,0,0,0,0,0,0,0x03
2026-09-06T08:27:59.078,255,0,2,52,0,0,0,0,0,0,0x03
2026-09-06T08:27:59.143,258,0,0,50,0,0,0,0,0,0,0x03
2026-09-06T08:27:59.143,257,0,2,52,0,0,0,0,0,0,0x03
2026-09-06T08:27:59.208,260,0,0,53,0,0,0,0,0,0,0x03
2026-09-06T08:27:59.208,259,0,2,50,0,0,0,0,0,0,0x03
2026-09-06T08:27:59.273,262,0,0,51,0,0,0,0,0,0,0x03
2026-09-06T08:27:59.273,261,0,2,50,0,0,0,0,0,0,0x03
2026-09-06T08:27:59.354,264,0,0,50,0,0,0,0,0,0,0x03
2026-09-06T08:27:59.354,263,0,2,51,0,0,0,0,0,0,0x03
2026-09-06T08:27:59.419,266,0,0,50,0,0,0,0,0,0,0x03
2026-09-06T08:27:59.419,265,0,2,51,0,0,0,0,0,0,0x03
2026-09-06T08:27:59.483,268,0,0,50,0,0,0,0,0,0,0x03
2026-09-06T08:27:59.483,267,0,2,50,0,0,0,0,0,0,0x03
2026-09-06T08:27:59.548,270,0,0,52,0,0,0,0,0,0,0x03
2026-09-06T08:27:59.548,269,0,2,55,0,0,0,0,0,0,0x03
2026-09-06T08:27:59.613,272,0,0,51,0,0,0,0,0,0,0x03
2026-09-06T08:27:59.678,274,0,0,52,0,0,0,0,0,0,0x03
2026-09-06T08:27:59.678,273,0,2,52,0,0,0,0,0,0,0x03
2026-09-06T08:27:59.743,274,0,0,50,0,0,0,0,0,0,0x03
2026-09-06T08:27:59.743,275,0,2,52,0,0,0,0,0,0,0x03
2026-09-06T08:27:59.824,274,0,0,51,0,0,0,0,0,0,0x03
2026-09-06T08:27:59.824,275,0,2,51,0,0,0,0,0,0,0x03
2026-09-06T08:27:59.890,280,0,0,50,0,0,0,0,0,0,0x03
2026-09-06T08:27:59.890,279,0,2,51,0,0,0,0,0,0,0x03
2026-09-06T08:27:59.954,282,0,0,51,0,0,0,0,0,0,0x03
2026-09-06T08:27:59.954,281,0,2,50,0,0,0,0,0,0,0x03
2026-09-06T08:28:00.019,284,0,0,51,0,0,0,0,0,0,0x03
2026-09-06T08:28:00.019,283,0,2,51,0,0,0,0,0,0,0x03
2026-09-06T08:28:00.085,286,0,0,50,0,0,0,0,0,0,0x03
2026-09-06T08:28:00.085,285,0,2,50,0,0,0,0,0,0,0x03
2026-09-06T08:28:00.149,288,0,0,50,0,0,0,0,0,0,0x03
2026-09-06T08:28:00.214,290,0,0,50,0,0,0,0,0,0,0x03
2026-09-06T08:28:00.214,289,0,2,52,0,0,0,0,0,0,0x03
2026-09-06T08:28:00.279,290,0,0,50,0,0,0,0,0,0,0x03
2026-09-06T08:28:00.279,291,0,2,52,0,0,0,0,0,0,0x03
2026-09-06T08:28:00.360,290,0,0,50,0,0,0,0,0,0,0x03
2026-09-06T08:28:00.361,291,0,2,51,0,0,0,0,0,0,0x03
2026-09-06T08:28:00.425,296,0,0,50,0,0,0,0,0,0,0x03
2026-09-06T08:28:00.425,295,0,2,51,0,0,0,0,0,0,0x03
2026-09-06T08:28:00.490,298,0,0,52,0,0,0,0,0,0,0x03
2026-09-06T08:28:00.490,297,0,2,52,0,0,0,0,0,0,0x03
2026-09-06T08:28:00.555,300,0,0,51,0,0,0,0,0,0,0x03
2026-09-06T08:28:00.555,299,0,2,51,0,0,0,0,0,0,0x03
2026-09-06T08:28:00.619,302,0,0,50,0,0,0,0,0,0,0x03
2026-09-06T08:28:00.620,301,0,2,51,0,0,0,0,0,0,0x03
2026-09-06T08:28:00.684,304,0,0,50,0,0,0,0,0,0,0x03
2026-09-06T08:28:00.684,303,0,2,52,0,0,0,0,0,0,0x03
2026-09-06T08:28:00.749,306,0,0,52,0,0,0,0,0,0,0x03
2026-09-06T08:28:00.749,305,0,2,50,0,0,0,0,0,0,0x03
2026-09-06T08:28:00.814,308,0,0,51,0,0,0,0,0,0,0x03
2026-09-06T08:28:00.814,307,0,2,51,0,0,0,0,0,0,0x03
2026-09-06T08:28:00.895,310,0,0,50,0,0,0,0,0,0,0x03
2026-09-06T08:28:00.895,309,0,2,54,0,0,0,0,0,0,0x03
2026-09-06T08:28:00.960,312,0,0,50,0,0,0,0,0,0,0x03
2026-09-06T08:28:00.960,311,0,2,51,0,0,0,0,0,0,0x03
2026-09-06T08:28:01.025,314,0,0,50,0,0,0,0,0,0,0x03
2026-09-06T08:28:01.025,313,0,2,50,0,0,0,0,0,0,0x03
2026-09-06T08:28:01.091,316,0,0,50,0,0,0,0,0,0,0x03
2026-09-06T08:28:01.091,315,0,2,50,0,0,0,0,0,0,0x03
2026-09-06T08:28:01.156,318,0,0,50,0,0,0,0,0,0,0x03
2026-09-06T08:28:01.156,317,0,2,50,0,0,0,0,0,0,0x03
2026-09-06T08:28:01.221,320,0,0,51,0,0,0,0,0,0,0x03
2026-09-06T08:28:01.221,319,0,2,50,0,0,0,0,0,0,0x03
2026-09-06T08:28:01.286,322,0,0,53,0,0,0,0,0,0,0x03
2026-09-06T08:28:01.286,321,0,2,53,0,0,0,0,0,0,0x03
2026-09-06T08:28:01.351,324,0,0,52,0,0,0,0,0,0,0x03
2026-09-06T08:28:01.351,323,0,2,51,0,0,0,0,0,0,0x03
2026-09-06T08:28:01.432,326,0,0,51,0,0,0,0,0,0,0x03
2026-09-06T08:28:01.432,325,0,2,51,0,0,0,0,0,0,0x03
2026-09-06T08:28:01.497,328,0,0,50,0,0,0,0,0,0,0x03
2026-09-06T08:28:01.497,327,0,2,52,0,0,0,0,0,0,0x03
2026-09-06T08:28:01.562,330,0,0,50,0,0,0,0,0,0,0x03
2026-09-06T08:28:01.627,332,0,0,51,0,0,0,0,0,0,0x03
2026-09-06T08:28:01.627,331,0,2,50,0,0,0,0,0,0,0x03
2026-09-06T08:28:01.692,332,0,0,52,0,0,0,0,0,0,0x03
2026-09-06T08:28:01.692,333,0,2,51,0,0,0,0,0,0,0x03
2026-09-06T08:28:01.757,332,0,0,52,0,0,0,0,0,0,0x03
2026-09-06T08:28:01.757,333,0,2,51,0,0,0,0,0,0,0x03
2026-09-06T08:28:01.822,338,0,0,51,0,0,0,0,0,0,0x03
2026-09-06T08:28:01.822,337,0,2,52,0,0,0,0,0,0,0x03
2026-09-06T08:28:01.887,340,0,0,51,0,0,0,0,0,0,0x03
2026-09-06T08:28:01.887,339,0,2,50,0,0,0,0,0,0,0x03
2026-09-06T08:28:01.952,342,0,0,53,0,0,0,0,0,0,0x03
2026-09-06T08:28:01.952,341,0,2,51,0,0,0,0,0,0,0x03
2026-09-06T08:28:02.017,344,0,0,50,0,0,0,0,0,0,0x03
2026-09-06T08:28:02.017,343,0,2,50,0,0,0,0,0,0,0x03
2026-09-06T08:28:02.098,346,0,0,51,0,0,0,0,0,0,0x03
2026-09-06T08:28:02.098,345,0,2,51,0,0,0,0,0,0,0x03
2026-09-06T08:28:02.163,348,0,0,51,0,0,0,0,0,0,0x03
2026-09-06T08:28:02.163,347,0,2,51,0,0,0,0,0,0,0x03
2026-09-06T08:28:02.228,350,0,0,50,0,0,0,0,0,0,0x03
2026-09-06T08:28:02.228,349,0,2,50,0,0,0,0,0,0,0x03
2026-09-06T08:28:02.293,352,0,0,50,0,0,0,0,0,0,0x03
2026-09-06T08:28:02.294,351,0,2,50,0,0,0,0,0,0,0x03
2026-09-06T08:28:02.358,354,0,0,50,0,0,0,0,0,0,0x03
2026-09-06T08:28:02.358,353,0,2,50,0,0,0,0,0,0,0x03
2026-09-06T08:28:02.423,356,0,0,52,0,0,0,0,0,0,0x03
2026-09-06T08:28:02.423,355,0,2,52,0,0,0,0,0,0,0x03
2026-09-06T08:28:02.488,358,0,0,50,0,0,0,0,0,0,0x03
2026-09-06T08:28:02.488,357,0,2,50,0,0,0,0,0,0,0x03
2026-09-06T08:28:02.553,360,0,0,51,0,0,0,0,0,0,0x03
2026-09-06T08:28:02.634,362,0,0,52,0,0,0,0,0,0,0x03
2026-09-06T08:28:02.634,361,0,2,51,0,0,0,0,0,0,0x03
2026-09-06T08:28:02.700,362,0,0,50,0,0,0,0,0,0,0x03
2026-09-06T08:28:02.700,363,0,2,50,0,0,0,0,0,0,0x03
2026-09-06T08:28:02.764,362,0,0,51,0,0,0,0,0,0,0x03
2026-09-06T08:28:02.764,363,0,2,50,0,0,0,0,0,0,0x03
2026-09-06T08:28:02.829,368,0,0,51,0,0,0,0,0,0,0x03
2026-09-06T08:28:02.895,370,0,0,51,0,0,0,0,0,0,0x03
2026-09-06T08:28:02.895,369,0,2,50,0,0,0,0,0,0,0x03
2026-09-06T08:28:02.960,370,0,0,50,0,0,0,0,0,0,0x03
2026-09-06T08:28:02.960,371,0,2,50,0,0,0,0,0,0,0x03
2026-09-06T08:28:03.024,370,0,0,50,0,0,0,0,0,0,0x03
2026-09-06T08:28:03.024,371,0,2,52,0,0,0,0,0,0,0x03
2026-09-06T08:28:03.089,376,0,0,51,0,0,0,0,0,0,0x03
2026-09-06T08:28:03.089,375,0,2,51,0,0,0,0,0,0,0x03
2026-09-06T08:28:03.170,378,0,0,50,0,0,0,0,0,0,0x03
2026-09-06T08:28:03.170,377,0,2,51,0,0,0,0,0,0,0x03
2026-09-06T08:28:03.235,380,0,0,52,0,0,0,0,0,0,0x03
2026-09-06T08:28:03.235,379,0,2,51,0,0,0,0,0,0,0x03
2026-09-06T08:28:03.300,382,0,0,52,0,0,0,0,0,0,0x03
2026-09-06T08:28:03.300,381,0,2,51,0,0,0,0,0,0,0x03
2026-09-06T08:28:03.365,384,0,0,51,0,0,0,0,0,0,0x03
2026-09-06T08:28:03.365,383,0,2,52,0,0,0,0,0,0,0x03
2026-09-06T08:28:03.430,386,0,0,52,0,0,0,0,0,0,0x03
2026-09-06T08:28:03.430,385,0,2,50,0,0,0,0,0,0,0x03
2026-09-06T08:28:03.495,388,0,0,50,0,0,0,0,0,0,0x03
2026-09-06T08:28:03.495,387,0,2,52,0,0,0,0,0,0,0x03
2026-09-06T08:28:03.560,390,0,0,52,0,0,0,0,0,0,0x03
2026-09-06T08:28:03.560,389,0,2,50,0,0,0,0,0,0,0x03
2026-09-06T08:28:03.625,392,0,0,51,0,0,0,0,0,0,0x03
2026-09-06T08:28:03.625,391,0,2,51,0,0,0,0,0,0,0x03
2026-09-06T08:28:03.706,394,0,0,50,0,0,0,0,0,0,0x03
2026-09-06T08:28:03.706,393,0,2,51,0,0,0,0,0,0,0x03
2026-09-06T08:28:03.771,396,0,0,50,0,0,0,0,0,0,0x03
2026-09-06T08:28:03.771,395,0,2,51,0,0,0,0,0,0,0x03
2026-09-06T08:28:03.836,398,0,0,50,0,0,0,0,0,0,0x03
2026-09-06T08:28:03.836,397,0,2,50,0,0,0,0,0,0,0x03
2026-09-06T08:28:03.902,400,0,0,50,0,0,0,0,0,0,0x03
2026-09-06T08:28:03.902,399,0,2,50,0,0,0,0,0,0,0x03
2026-09-06T08:28:03.968,402,0,0,50,0,0,0,0,0,0,0x03
2026-09-06T08:28:03.968,401,0,2,51,0,0,0,0,0,0,0x03
2026-09-06T08:28:04.033,404,0,0,50,0,0,0,0,0,0,0x03
2026-09-06T08:28:04.033,403,0,2,51,0,0,0,0,0,0,0x03
2026-09-06T08:28:04.098,406,0,0,52,0,0,0,0,0,0,0x03
2026-09-06T08:28:04.098,405,0,2,52,0,0,0,0,0,0,0x03
2026-09-06T08:28:04.163,408,0,0,50,0,0,0,0,0,0,0x03
2026-09-06T08:28:04.163,407,0,2,51,0,0,0,0,0,0,0x03
2026-09-06T08:28:04.229,410,0,0,51,0,0,0,0,0,0,0x03
2026-09-06T08:28:04.229,409,0,2,51,0,0,0,0,0,0,0x03
2026-09-06T08:28:04.310,412,0,0,50,0,0,0,0,0,0,0x03
2026-09-06T08:28:04.310,411,0,2,53,0,0,0,0,0,0,0x03
2026-09-06T08:28:04.375,414,0,0,50,0,0,0,0,0,0,0x03
2026-09-06T08:28:04.375,413,0,2,50,0,0,0,0,0,0,0x03
2026-09-06T08:28:04.441,416,0,0,52,0,0,0,0,0,0,0x03
2026-09-06T08:28:04.441,415,0,2,50,0,0,0,0,0,0,0x03
2026-09-06T08:28:04.505,418,0,0,51,0,0,0,0,0,0,0x03
2026-09-06T08:28:04.505,417,0,2,50,0,0,0,0,0,0,0x03
2026-09-06T08:28:04.570,420,0,0,50,0,0,0,0,0,0,0x03
2026-09-06T08:28:04.635,422,0,0,51,0,0,0,0,0,0,0x03
2026-09-06T08:28:04.635,421,0,2,52,0,0,0,0,0,0,0x03
2026-09-06T08:28:04.701,422,0,0,52,0,0,0,0,0,0,0x03
2026-09-06T08:28:04.701,423,0,2,51,0,0,0,0,0,0,0x03
2026-09-06T08:28:04.766,422,0,0,50,0,0,0,0,0,0,0x03
2026-09-06T08:28:04.766,423,0,2,50,0,0,0,0,0,0,0x03
2026-09-06T08:28:04.848,428,0,0,52,0,0,0,0,0,0,0x03
2026-09-06T08:28:04.848,427,0,2,51,0,0,0,0,0,0,0x03
2026-09-06T08:28:04.912,429,0,2,51,0,0,0,0,0,0,0x03
2026-09-06T08:28:04.977,432,0,0,51,0,0,0,0,0,0,0x03
2026-09-06T08:28:04.977,431,0,2,52,0,0,0,0,0,0,0x03
2026-09-06T08:28:05.042,432,0,0,52,0,0,0,0,0,0,0x03
2026-09-06T08:28:05.042,431,0,2,54,0,0,0,0,0,0,0x03
2026-09-06T08:28:05.107,436,0,0,52,0,0,0,0,0,0,0x03
2026-09-06T08:28:05.107,431,0,2,50,0,0,0,0,0,0,0x03
2026-09-06T08:28:05.173,438,0,0,51,0,0,0,0,0,0,0x03
2026-09-06T08:28:05.173,437,0,2,51,0,0,0,0,0,0,0x03
2026-09-06T08:28:05.237,440,0,0,52,0,0,0,0,0,0,0x03
2026-09-06T08:28:05.237,439,0,2,52,0,0,0,0,0,0,0x03
2026-09-06T08:28:05.302,442,0,0,52,0,0,0,0,0,0,0x03
2026-09-06T08:28:05.302,441,0,2,51,0,0,0,0,0,0,0x03
2026-09-06T08:28:05.367,444,0,0,50,0,0,0,0,0,0,0x03
2026-09-06T08:28:05.367,443,0,2,51,0,0,0,0,0,0,0x03
2026-09-06T08:28:05.448,446,0,0,51,0,0,0,0,0,0,0x03
2026-09-06T08:28:05.448,445,0,2,51,0,0,0,0,0,0,0x03
2026-09-06T08:28:05.513,448,0,0,52,0,0,0,0,0,0,0x03
2026-09-06T08:28:05.513,447,0,2,52,0,0,0,0,0,0,0x03
2026-09-06T08:28:05.578,450,0,0,51,0,0,0,0,0,0,0x03
2026-09-06T08:28:05.578,449,0,2,52,0,0,0,0,0,0,0x03
2026-09-06T08:28:05.643,452,0,0,51,0,0,0,0,0,0,0x03
2026-09-06T08:28:05.708,454,0,0,51,0,0,0,0,0,0,0x03
2026-09-06T08:28:05.708,453,0,2,50,0,0,0,0,0,0,0x03
2026-09-06T08:28:05.774,454,0,0,50,0,0,0,0,0,0,0x03
2026-09-06T08:28:05.774,455,0,2,55,0,0,0,0,0,0,0x03
2026-09-06T08:28:05.839,454,0,0,51,0,0,0,0,0,0,0x03
2026-09-06T08:28:05.839,455,0,2,52,0,0,0,0,0,0,0x03
2026-09-06T08:28:05.905,460,0,0,50,0,0,0,0,0,0,0x03
2026-09-06T08:28:05.969,462,0,0,53,0,0,0,0,0,0,0x03
2026-09-06T08:28:06.050,462,0,0,51,0,0,0,0,0,0,0x03
2026-09-06T08:28:06.115,464,0,0,51,0,0,0,0,0,0,0x03
2026-09-06T08:28:06.180,464,0,0,52,0,0,0,0,0,0,0x03
2026-09-06T08:28:06.245,464,0,0,50,0,0,0,0,0,0,0x03
2026-09-06T08:28:06.245,467,0,2,51,0,0,0,0,0,0,0x03
2026-09-06T08:28:06.310,65535,0,0,51,0,0,0,0,0,0,0x0b
2026-09-06T08:28:06.375,65535,0,0,50,0,0,0,0,0,0,0x0b
2026-09-06T08:28:06.440,65535,0,0,51,0,0,0,0,0,0,0x0b
2026-09-06T08:28:06.440,475,0,2,52,0,0,0,0,0,0,0x03
2026-09-06T08:28:06.506,476,0,0,50,0,0,0,0,0,0,0x03
2026-09-06T08:28:06.587,476,0,0,50,0,0,0,0,0,0,0x03
2026-09-06T08:28:06.651,476,0,0,51,0,0,0,0,0,0,0x03
2026-09-06T08:28:06.716,482,0,0,51,0,0,0,0,0,0,0x03
2026-09-06T08:28:06.717,481,0,2,50,0,0,0,0,0,0,0x03
2026-09-06T08:28:06.781,482,0,0,50,0,0,0,0,0,0,0x03
2026-09-06T08:28:06.781,483,0,2,50,0,0,0,0,0,0,0x03
2026-09-06T08:28:06.846,482,0,0,50,0,0,0,0,0,0,0x03
2026-09-06T08:28:06.846,485,0,2,52,0,0,0,0,0,0,0x03
2026-09-06T08:28:06.911,490,0,0,50,0,0,0,0,0,0,0x03
2026-09-06T08:28:06.911,489,0,2,50,0,0,0,0,0,0,0x03
2026-09-06T08:28:06.976,492,0,0,51,0,0,0,0,0,0,0x03
2026-09-06T08:28:06.976,491,0,2,51,0,0,0,0,0,0,0x03
2026-09-06T08:28:07.041,494,0,0,50,0,0,0,0,0,0,0x03
2026-09-06T08:28:07.041,493,0,2,50,0,0,0,0,0,0,0x03
2026-09-06T08:28:07.123,496,0,0,52,0,0,0,0,0,0,0x03
2026-09-06T08:28:07.123,495,0,2,55,0,0,0,0,0,0,0x03
2026-09-06T08:28:07.187,498,0,0,51,0,0,0,0,0,0,0x03
2026-09-06T08:28:07.187,497,0,2,51,0,0,0,0,0,0,0x03
2026-09-06T08:28:07.252,500,0,0,50,0,0,0,0,0,0,0x03
2026-09-06T08:28:07.252,499,0,2,50,0,0,0,0,0,0,0x03
2026-09-06T08:28:07.316,502,0,0,50,0,0,0,0,0,0,0x03
2026-09-06T08:28:07.316,501,0,2,50,0,0,0,0,0,0,0x03
2026-09-06T08:28:07.381,504,0,0,51,0,0,0,0,0,0,0x03
2026-09-06T08:28:07.381,503,0,2,51,0,0,0,0,0,0,0x03
2026-09-06T08:28:07.446,506,0,0,51,0,0,0,0,0,0,0x03
2026-09-06T08:28:07.446,505,0,2,52,0,0,0,0,0,0,0x03
2026-09-06T08:28:07.511,508,0,0,50,0,0,0,0,0,0,0x03
2026-09-06T08:28:07.511,507,0,2,51,0,0,0,0,0,0,0x03
2026-09-06T08:28:07.592,510,0,0,50,0,0,0,0,0,0,0x03
2026-09-06T08:28:07.592,509,0,2,52,0,0,0,0,0,0,0x03
2026-09-06T08:28:07.657,512,0,0,52,0,0,0,0,0,0,0x03
2026-09-06T08:28:07.657,511,0,2,50,0,0,0,0,0,0,0x03
2026-09-06T08:28:07.722,514,0,0,52,0,0,0,0,0,0,0x03
2026-09-06T08:28:07.722,513,0,2,51,0,0,0,0,0,0,0x03
2026-09-06T08:28:07.787,516,0,0,51,0,0,0,0,0,0,0x03
2026-09-06T08:28:07.787,515,0,2,51,0,0,0,0,0,0,0x03
2026-09-06T08:28:07.851,518,0,0,50,0,0,0,0,0,0,0x03
2026-09-06T08:28:07.851,517,0,2,51,0,0,0,0,0,0,0x03
2026-09-06T08:28:07.916,520,0,0,50,0,0,0,0,0,0,0x03
2026-09-06T08:28:07.916,519,0,2,50,0,0,0,0,0,0,0x03
2026-09-06T08:28:07.982,522,0,0,51,0,0,0,0,0,0,0x03
2026-09-06T08:28:07.982,521,0,2,51,0,0,0,0,0,0,0x03
2026-09-06T08:28:08.047,524,0,0,52,0,0,0,0,0,0,0x03
2026-09-06T08:28:08.047,523,0,2,52,0,0,0,0,0,0,0x03
2026-09-06T08:28:08.128,526,0,0,50,0,0,0,0,0,0,0x03
2026-09-06T08:28:08.128,525,0,2,50,0,0,0,0,0,0,0x03
2026-09-06T08:28:08.193,528,0,0,51,0,0,0,0,0,0,0x03
2026-09-06T08:28:08.193,527,0,2,51,0,0,0,0,0,0,0x03
2026-09-06T08:28:08.258,530,0,0,53,0,0,0,0,0,0,0x03
2026-09-06T08:28:08.258,529,0,2,52,0,0,0,0,0,0,0x03
2026-09-06T08:28:08.323,532,0,0,50,0,0,0,0,0,0,0x03
2026-09-06T08:28:08.323,531,0,2,50,0,0,0,0,0,0,0x03
2026-09-06T08:28:08.388,534,0,0,52,0,0,0,0,0,0,0x03
2026-09-06T08:28:08.453,536,0,0,51,0,0,0,0,0,0,0x03
2026-09-06T08:28:08.453,533,0,2,52,0,0,0,0,0,0,0x03
2026-09-06T08:28:08.519,536,0,0,50,0,0,0,0,0,0,0x03
2026-09-06T08:28:08.519,535,0,2,50,0,0,0,0,0,0,0x03
2026-09-06T08:28:08.583,536,0,0,51,0,0,0,0,0,0,0x03
2026-09-06T08:28:08.583,535,0,2,52,0,0,0,0,0,0,0x03
2026-09-06T08:28:08.663,542,0,0,50,0,0,0,0,0,0,0x03
2026-09-06T08:28:08.663,541,0,2,51,0,0,0,0,0,0,0x03
2026-09-06T08:28:08.712,544,0,0,50,0,0,0,0,0,0,0x03
2026-09-06T08:28:08.712,543,0,2,52,0,0,0,0,0,0,0x03
2026-09-06T08:28:08.794,546,0,0,51,0,0,0,0,0,0,0x03
2026-09-06T08:28:08.794,545,0,2,50,0,0,0,0,0,0,0x03
2026-09-06T08:28:08.859,548,0,0,50,0,0,0,0,0,0,0x03
2026-09-06T08:28:08.859,547,0,2,50,0,0,0,0,0,0,0x03
2026-09-06T08:28:08.924,550,0,0,50,0,0,0,0,0,0,0x03
2026-09-06T08:28:08.924,549,0,2,51,0,0,0,0,0,0,0x03
2026-09-06T08:28:08.988,552,0,0,52,0,0,0,0,0,0,0x03
2026-09-06T08:28:08.988,551,0,2,50,0,0,0,0,0,0,0x03
2026-09-06T08:28:09.054,554,0,0,51,0,0,0,0,0,0,0x03
2026-09-06T08:28:09.054,553,0,2,52,0,0,0,0,0,0,0x03
2026-09-06T08:28:09.119,556,0,0,51,0,0,0,0,0,0,0x03
2026-09-06T08:28:09.119,555,0,2,51,0,0,0,0,0,0,0x03
2026-09-06T08:28:09.200,558,0,0,50,0,0,0,0,0,0,0x03
2026-09-06T08:28:09.200,557,0,2,52,0,0,0,0,0,0,0x03
2026-09-06T08:28:09.249,560,0,0,52,0,0,0,0,0,0,0x03
2026-09-06T08:28:09.249,559,0,2,53,0,0,0,0,0,0,0x03
2026-09-06T08:28:09.330,562,0,0,50,0,0,0,0,0,0,0x03
2026-09-06T08:28:09.330,561,0,2,51,0,0,0,0,0,0,0x03
2026-09-06T08:28:09.394,564,0,0,52,0,0,0,0,0,0,0x03
2026-09-06T08:28:09.394,563,0,2,51,0,0,0,0,0,0,0x03
2026-09-06T08:28:09.460,566,0,0,52,0,0,0,0,0,0,0x03
2026-09-06T08:28:09.460,565,0,2,52,0,0,0,0,0,0,0x03
2026-09-06T08:28:09.525,568,0,0,51,0,0,0,0,0,0,0x03
2026-09-06T08:28:09.525,567,0,2,52,0,0,0,0,0,0,0x03
2026-09-06T08:28:09.590,570,0,0,50,0,0,0,0,0,0,0x03
2026-09-06T08:28:09.590,569,0,2,51,0,0,0,0,0,0,0x03
2026-09-06T08:28:09.655,572,0,0,52,0,0,0,0,0,0,0x03
2026-09-06T08:28:09.655,571,0,2,54,0,0,0,0,0,0,0x03
2026-09-06T08:28:09.736,574,0,0,52,0,0,0,0,0,0,0x03
2026-09-06T08:28:09.736,573,0,2,50,0,0,0,0,0,0,0x03
2026-09-06T08:28:09.785,576,0,0,50,0,0,0,0,0,0,0x03
2026-09-06T08:28:09.785,575,0,2,50,0,0,0,0,0,0,0x03
2026-09-06T08:28:09.867,578,0,0,52,0,0,0,0,0,0,0x03
2026-09-06T08:28:09.867,577,0,2,51,0,0,0,0,0,0,0x03
2026-09-06T08:28:09.932,580,0,0,51,0,0,0,0,0,0,0x03
2026-09-06T08:28:09.932,579,0,2,50,0,0,0,0,0,0,0x03
2026-09-06T08:28:09.997,582,0,0,50,0,0,0,0,0,0,0x03
2026-09-06T08:28:09.997,581,0,2,50,0,0,0,0,0,0,0x03
2026-09-06T08:28:10.062,584,0,0,52,0,0,0,0,0,0,0x03
2026-09-06T08:28:10.062,583,0,2,52,0,0,0,0,0,0,0x03
2026-09-06T08:28:10.126,586,0,0,51,0,0,0,0,0,0,0x03
2026-09-06T08:28:10.126,585,0,2,52,0,0,0,0,0,0,0x03
2026-09-06T08:28:10.191,588,0,0,51,0,0,0,0,0,0,0x03
2026-09-06T08:28:10.256,590,0,0,50,0,0,0,0,0,0,0x03
2026-09-06T08:28:10.256,589,0,2,51,0,0,0,0,0,0,0x03
2026-09-06T08:28:10.321,590,0,0,52,0,0,0,0,0,0,0x03
2026-09-06T08:28:10.321,591,0,2,51,0,0,0,0,0,0,0x03
2026-09-06T08:28:10.402,590,0,0,51,0,0,0,0,0,0,0x03
2026-09-06T08:28:10.402,591,0,2,51,0,0,0,0,0,0,0x03
2026-09-06T08:28:10.467,596,0,0,52,0,0,0,0,0,0,0x03
2026-09-06T08:28:10.467,595,0,2,50,0,0,0,0,0,0,0x03
2026-09-06T08:28:10.532,598,0,0,52,0,0,0,0,0,0,0x03
2026-09-06T08:28:10.532,597,0,2,52,0,0,0,0,0,0,0x03
2026-09-06T08:28:10.597,600,0,0,51,0,0,0,0,0,0,0x03
2026-09-06T08:28:10.597,599,0,2,50,0,0,0,0,0,0,0x03
2026-09-06T08:28:10.662,602,0,0,51,0,0,0,0,0,0,0x03
2026-09-06T08:28:10.662,601,0,2,51,0,0,0,0,0,0,0x03
2026-09-06T08:28:10.727,604,0,0,52,0,0,0,0,0,0,0x03
2026-09-06T08:28:10.727,603,0,2,51,0,0,0,0,0,0,0x03
2026-09-06T08:28:10.792,606,0,0,52,0,0,0,0,0,0,0x03
2026-09-06T08:28:10.792,605,0,2,50,0,0,0,0,0,0,0x03
2026-09-06T08:28:10.858,608,0,0,50,0,0,0,0,0,0,0x03
2026-09-06T08:28:10.858,607,0,2,51,0,0,0,0,0,0,0x03
2026-09-06T08:28:10.939,610,0,0,50,0,0,0,0,0,0,0x03
2026-09-06T08:28:10.939,609,0,2,50,0,0,0,0,0,0,0x03
2026-09-06T08:28:11.004,612,0,0,51,0,0,0,0,0,0,0x03
2026-09-06T08:28:11.004,611,0,2,50,0,0,0,0,0,0,0x03
2026-09-06T08:28:11.069,614,0,0,55,0,0,0,0,0,0,0x03
2026-09-06T08:28:11.069,613,0,2,52,0,0,0,0,0,0,0x03
2026-09-06T08:28:11.133,616,0,0,51,0,0,0,0,0,0,0x03
2026-09-06T08:28:11.134,615,0,2,50,0,0,0,0,0,0,0x03
2026-09-06T08:28:11.199,618,0,0,51,0,0,0,0,0,0,0x03
2026-09-06T08:28:11.199,617,0,2,51,0,0,0,0,0,0,0x03
2026-09-06T08:28:11.264,620,0,0,50,0,0,0,0,0,0,0x03
2026-09-06T08:28:11.264,619,0,2,50,0,0,0,0,0,0,0x03
2026-09-06T08:28:11.329,622,0,0,50,0,0,0,0,0,0,0x03
2026-09-06T08:28:11.329,621,0,2,52,0,0,0,0,0,0,0x03
2026-09-06T08:28:11.394,624,0,0,52,0,0,0,0,0,0,0x03
2026-09-06T08:28:11.394,623,0,2,50,0,0,0,0,0,0,0x03
2026-09-06T08:28:11.475,626,0,0,51,0,0,0,0,0,0,0x03
2026-09-06T08:28:11.475,625,0,2,52,0,0,0,0,0,0,0x03
2026-09-06T08:28:11.540,628,0,0,51,0,0,0,0,0,0,0x03
2026-09-06T08:28:11.540,627,0,2,50,0,0,0,0,0,0,0x03
2026-09-06T08:28:11.605,630,0,0,52,0,0,0,0,0,0,0x03
2026-09-06T08:28:11.605,629,0,2,52,0,0,0,0,0,0,0x03
2026-09-06T08:28:11.670,632,0,0,52,0,0,0,0,0,0,0x03
2026-09-06T08:28:11.670,631,0,2,50,0,0,0,0,0,0,0x03
2026-09-06T08:28:11.735,634,0,0,50,0,0,0,0,0,0,0x03
2026-09-06T08:28:11.735,633,0,2,51,0,0,0,0,0,0,0x03
2026-09-06T08:28:11.800,636,0,0,51,0,0,0,0,0,0,0x03
2026-09-06T08:28:11.800,635,0,2,56,1233,0,18703,471,0,8580,0x07
2026-09-06T08:28:11.865,638,0,0,50,0,0,0,0,0,0,0x03
2026-09-06T08:28:11.865,637,0,2,52,1233,135,18131,471,19,8498,0x07
2026-09-06T08:28:11.930,640,0,0,51,0,0,0,0,0,0,0x03
2026-09-06T08:28:11.930,639,0,2,51,1240,196,17953,464,39,8327,0x07
2026-09-06T08:28:12.012,642,0,0,50,0,0,0,0,0,0,0x03
2026-09-06T08:28:12.012,641,0,2,52,1244,288,17610,460,77,8115,0x07
2026-09-06T08:28:12.060,644,0,0,50,0,0,0,0,0,0,0x03
2026-09-06T08:28:12.060,643,0,2,53,1236,472,16736,468,151,7900,0x07
2026-09-06T08:28:12.142,646,0,0,51,0,0,0,0,0,0,0x03
2026-09-06T08:28:12.142,645,0,2,51,1236,510,16574,468,157,7875,0x07
2026-09-06T08:28:12.207,648,0,0,50,0,0,0,0,0,0,0x03
2026-09-06T08:28:12.207,647,0,2,50,1217,620,15868,488,180,8022,0x07
2026-09-06T08:28:12.271,650,0,0,50,0,0,0,0,0,0,0x03
2026-09-06T08:28:12.271,649,0,2,53,1198,604,15709,507,208,8143,0x07
2026-09-06T08:28:12.337,652,0,0,50,0,0,0,0,0,0,0x03
2026-09-06T08:28:12.337,651,0,2,50,1182,680,15177,524,240,8221,0x07
2026-09-06T08:28:12.402,654,0,0,50,0,0,0,0,0,0,0x03
2026-09-06T08:28:12.402,653,0,2,50,1168,760,14667,539,220,8483,0x07
2026-09-06T08:28:12.467,656,0,0,50,0,0,0,0,0,0,0x03
2026-09-06T08:28:12.467,655,0,2,53,1600,868,19538,1118,245,15521,0x07
2026-09-06T08:28:12.532,658,0,0,50,0,0,0,0,0,0,0x03
2026-09-06T08:28:12.532,657,0,2,52,1600,885,19467,1118,346,15092,0x07
2026-09-06T08:28:12.597,660,0,0,50,0,0,0,0,0,0,0x03
2026-09-06T08:28:12.597,659,0,2,51,2084,902,25354,1702,412,22025,0x07
2026-09-06T08:28:12.678,662,0,0,50,0,0,0,0,0,0,0x03
2026-09-06T08:28:12.678,661,0,2,50,2473,1000,29731,2180,520,27471,0x07
2026-09-06T08:28:12.743,664,0,0,50,0,0,0,0,0,0,0x03
2026-09-06T08:28:12.744,663,0,2,55,3090,1291,36097,2978,982,35358,0x07
2026-09-06T08:28:12.808,666,0,0,50,0,0,0,0,0,0,0x03
2026-09-06T08:28:12.809,665,0,2,51,3090,1451,35417,2978,1412,33531,0x07
2026-09-06T08:28:12.874,668,0,0,51,0,0,0,0,0,0,0x03
2026-09-06T08:28:12.874,667,0,2,52,3335,1808,36911,3350,1615,37250,0x07
2026-09-06T08:28:12.939,670,0,0,51,0,0,0,0,0,0,0x03
2026-09-06T08:28:12.939,669,0,2,50,3335,1940,36349,3350,1720,36805,0x07
2026-09-06T08:28:13.004,672,0,0,51,0,0,0,0,0,0,0x03
2026-09-06T08:28:13.004,671,0,2,52,3327,1731,37142,3336,1692,36751,0x07
2026-09-06T08:28:13.069,674,0,0,52,0,0,0,0,0,0,0x03
2026-09-06T08:28:13.069,673,0,2,50,3322,1900,36369,3327,1620,36958,0x07
2026-09-06T08:28:13.134,676,0,0,51,0,0,0,0,0,0,0x03
2026-09-06T08:28:13.134,675,0,2,54,2367,1926,24490,2049,1537,21524,0x07
2026-09-06T08:28:13.215,678,0,0,55,0,0,0,0,0,0,0x03
2026-09-06T08:28:13.215,677,0,2,63,1954,1937,19353,1544,1762,14334,0x07
2026-09-06T08:28:13.280,680,0,0,51,0,0,0,0,0,0,0x03
2026-09-06T08:28:13.280,679,0,2,50,1954,1840,19763,1544,1680,14682,0x07
2026-09-06T08:28:13.345,682,0,0,52,0,0,0,0,0,0,0x03
2026-09-06T08:28:13.345,681,0,2,50,1368,1880,12380,840,1540,6593,0x07
2026-09-06T08:28:13.410,684,0,0,50,0,0,0,0,0,0,0x03
2026-09-06T08:28:13.410,683,0,2,57,1227,1474,12370,477,789,5298,0x07
2026-09-06T08:28:13.474,686,0,0,52,0,0,0,0,0,0,0x03
2026-09-06T08:28:13.475,685,0,2,50,1227,1720,11323,477,1280,3213,0x07
2026-09-06T08:28:13.539,688,0,0,52,0,0,0,0,0,0,0x03
2026-09-06T08:28:13.539,687,0,2,52,1281,1365,13486,421,1019,3639,0x07
2026-09-06T08:28:13.604,690,0,0,51,0,0,0,0,0,0,0x03
2026-09-06T08:28:13.604,689,0,2,51,1274,1392,13290,428,902,4223,0x07
2026-09-06T08:28:13.669,692,0,0,50,0,0,0,0,0,0,0x03
2026-09-06T08:28:13.669,691,0,2,54,1314,1222,14507,387,537,5260,0x07
2026-09-06T08:28:13.750,694,0,0,52,0,0,0,0,0,0,0x03
2026-09-06T08:28:13.750,693,0,2,50,1314,1060,15196,387,580,5078,0x07
2026-09-06T08:28:13.815,696,0,0,51,0,0,0,0,0,0,0x03
2026-09-06T08:28:13.815,695,0,2,51,1316,1059,15218,385,471,5526,0x07
2026-09-06T08:28:13.879,698,0,0,51,0,0,0,0,0,0,0x03
2026-09-06T08:28:13.879,697,0,2,50,1302,1060,15050,399,440,5825,0x07
2026-09-06T08:28:13.944,700,0,0,52,0,0,0,0,0,0,0x03
2026-09-06T08:28:13.944,699,0,2,52,1275,962,15128,428,519,5842,0x07
2026-09-06T08:28:14.009,702,0,0,52,0,0,0,0,0,0,0x03
2026-09-06T08:28:14.009,701,0,2,51,1236,941,14737,468,510,6379,0x07
2026-09-06T08:28:14.074,704,0,0,50,0,0,0,0,0,0,0x03
2026-09-06T08:28:14.074,703,0,2,54,1156,926,13812,551,519,7370,0x07
2026-09-06T08:28:14.139,706,0,0,51,0,0,0,0,0,0,0x03
2026-09-06T08:28:14.139,705,0,2,51,1156,941,13747,551,647,6824,0x07
2026-09-06T08:28:14.220,708,0,0,51,0,0,0,0,0,0,0x03
2026-09-06T08:28:14.220,707,0,2,51,1292,902,15589,748,608,9423,0x07
2026-09-06T08:28:14.285,710,0,0,50,0,0,0,0,0,0,0x03
2026-09-06T08:28:14.285,709,0,2,50,1786,880,21776,1341,720,16261,0x07
2026-09-06T08:28:14.350,712,0,0,50,0,0,0,0,0,0,0x03
2026-09-06T08:28:14.350,711,0,2,52,2421,1115,28600,2116,654,26107,0x07
2026-09-06T08:28:14.415,714,0,0,50,0,0,0,0,0,0,0x03
2026-09-06T08:28:14.415,713,0,2,51,2421,1353,27590,2116,843,25303,0x07
2026-09-06T08:28:14.480,716,0,0,50,0,0,0,0,0,0,0x03
2026-09-06T08:28:14.480,715,0,2,51,2645,1333,30430,2395,922,28421,0x07
2026-09-06T08:28:14.545,718,0,0,52,0,0,0,0,0,0,0x03
2026-09-06T08:28:14.545,717,0,2,59,3128,1729,34706,3031,1305,34637,0x07
2026-09-06T08:28:14.610,720,0,0,51,0,0,0,0,0,0,0x03
2026-09-06T08:28:14.610,719,0,2,53,3128,1811,34355,3031,1415,34170,0x07
2026-09-06T08:28:14.675,722,0,0,50,0,0,0,0,0,0,0x03
2026-09-06T08:28:14.675,721,0,2,53,3281,1755,36480,3258,1528,36492,0x07
2026-09-06T08:28:14.756,724,0,0,52,0,0,0,0,0,0,0x03
2026-09-06T08:28:14.756,723,0,2,51,3369,1902,36930,3422,1667,37926,0x07
2026-09-06T08:28:14.821,726,0,0,50,0,0,0,0,0,0,0x03
2026-09-06T08:28:14.821,725,0,2,52,2531,1846,26849,2715,1731,28927,0x07
2026-09-06T08:28:14.886,728,0,0,50,0,0,0,0,0,0,0x03
2026-09-06T08:28:14.886,727,0,2,51,2531,1863,26779,2715,1627,29366,0x07
2026-09-06T08:28:14.950,730,0,0,51,0,0,0,0,0,0,0x03
2026-09-06T08:28:14.950,729,0,2,50,1324,1920,11665,1555,1740,14565,0x07
2026-09-06T08:28:15.015,732,0,0,51,0,0,0,0,0,0,0x03
2026-09-06T08:28:15.015,731,0,2,52,402,1096,3798,1334,1558,12609,0x07
2026-09-06T08:28:15.080,734,0,0,51,0,0,0,0,0,0,0x03
2026-09-06T08:28:15.080,733,0,2,52,402,1385,2572,1334,1442,13100,0x07
2026-09-06T08:28:15.146,736,0,0,51,0,0,0,0,0,0,0x03
2026-09-06T08:28:15.146,735,0,2,52,349,1038,3398,1388,1346,14178,0x07
2026-09-06T08:28:15.211,738,0,0,51,0,0,0,0,0,0,0x03
2026-09-06T08:28:15.211,737,0,2,52,298,942,3179,1441,1404,14585,0x07
2026-09-06T08:28:15.291,740,0,0,52,0,0,0,0,0,0,0x03
2026-09-06T08:28:15.291,739,0,2,55,158,1400,0,1586,909,18481,0x07
2026-09-06T08:28:15.356,742,0,0,53,0,0,0,0,0,0,0x03
2026-09-06T08:28:15.356,741,0,2,51,158,275,4292,1586,1588,15595,0x07
2026-09-06T08:28:15.421,744,0,0,52,0,0,0,0,0,0,0x03
2026-09-06T08:28:15.421,743,0,2,50,207,40,5891,1535,1740,14323,0x07
2026-09-06T08:28:15.486,746,0,0,50,0,0,0,0,0,0,0x03
2026-09-06T08:28:15.486,745,0,2,50,0,0,0,0,0,0,0x03
2026-09-06T08:28:15.551,748,0,0,50,0,0,0,0,0,0,0x03
2026-09-06T08:28:15.551,747,0,2,51,0,0,6066,0,0,14276,0x07
2026-09-06T08:28:15.616,750,0,0,51,0,0,0,0,0,0,0x03
2026-09-06T08:28:15.616,749,0,2,51,317,216,6496,1422,608,17735,0x07
2026-09-06T08:28:15.680,752,0,0,51,0,0,0,0,0,0,0x03
2026-09-06T08:28:15.680,751,0,2,51,400,451,6526,1335,706,16243,0x07
2026-09-06T08:28:15.745,754,0,0,51,0,0,0,0,0,0,0x03
2026-09-06T08:28:15.745,753,0,2,50,0,0,0,0,0,0,0x03
2026-09-06T08:28:15.826,756,0,0,51,0,0,0,0,0,0,0x03
2026-09-06T08:28:15.826,755,0,2,51,0,0,7161,0,0,13135,0x07
2026-09-06T08:28:15.891,758,0,0,52,0,0,0,0,0,0,0x03
2026-09-06T08:28:15.891,757,0,2,51,452,0,9084,1281,118,18078,0x07
2026-09-06T08:28:15.956,760,0,0,51,0,0,0,0,0,0,0x03
2026-09-06T08:28:15.956,759,0,2,54,527,278,8822,1203,667,14790,0x07
2026-09-06T08:28:16.021,762,0,0,50,0,0,0,0,0,0,0x03
2026-09-06T08:28:16.021,761,0,2,50,0,0,0,0,0,0,0x03
2026-09-06T08:28:16.086,764,0,0,51,0,0,0,0,0,0,0x03
2026-09-06T08:28:16.086,763,0,2,51,0,0,10834,0,0,14973,0x07
2026-09-06T08:28:16.150,766,0,0,51,0,0,0,0,0,0,0x03
2026-09-06T08:28:16.150,765,0,2,50,908,540,12396,1508,1040,16961,0x07
2026-09-06T08:28:16.215,768,0,0,50,0,0,0,0,0,0,0x03
2026-09-06T08:28:16.215,767,0,2,51,1382,333,19120,1933,608,24043,0x07
2026-09-06T08:28:16.280,770,0,0,50,0,0,0,0,0,0,0x03
2026-09-06T08:28:16.280,769,0,2,52,1472,481,19603,2012,750,24424,0x07
2026-09-06T08:28:16.361,772,0,0,51,0,0,0,0,0,0,0x03
2026-09-06T08:28:16.361,771,0,2,52,1877,827,23116,2370,885,28263,0x07
2026-09-06T08:28:16.426,774,0,0,53,0,0,0,0,0,0,0x03
2026-09-06T08:28:16.426,773,0,2,51,1877,980,22464,2370,1039,27606,0x07
2026-09-06T08:28:16.491,776,0,0,51,0,0,0,0,0,0,0x03
2026-09-06T08:28:16.491,775,0,2,50,2068,1080,24398,2536,1080,29484,0x07
2026-09-06T08:28:16.556,778,0,0,52,0,0,0,0,0,0,0x03
2026-09-06T08:28:16.556,777,0,2,51,2207,1392,24784,2656,1392,29640,0x07
2026-09-06T08:28:16.621,780,0,0,52,0,0,0,0,0,0,0x03
2026-09-06T08:28:16.621,779,0,2,50,1976,1280,22421,2457,1500,26723,0x07
2026-09-06T08:28:16.686,782,0,0,50,0,0,0,0,0,0,0x03
2026-09-06T08:28:16.686,781,0,2,51,1003,1451,9701,1594,1529,15940,0x07
2026-09-06T08:28:16.752,784,0,0,52,0,0,0,0,0,0,0x03
2026-09-06T08:28:16.752,783,0,2,59,510,1153,4896,1193,1407,11518,0x07
2026-09-06T08:28:16.817,786,0,0,51,0,0,0,0,0,0,0x03
2026-09-06T08:28:16.817,785,0,2,51,510,863,6127,1193,1412,11497,0x07
2026-09-06T08:28:16.899,788,0,0,52,0,0,0,0,0,0,0x03
2026-09-06T08:28:16.899,787,0,2,51,436,902,5046,1256,1216,13112,0x07
2026-09-06T08:28:16.948,790,0,0,51,0,0,0,0,0,0,0x03
2026-09-06T08:28:16.948,789,0,2,51,396,980,4218,0,0,5143,0x07
2026-09-06T08:28:17.029,792,0,0,55,0,0,0,0,0,0,0x03
2026-09-06T08:28:17.029,791,0,2,50,1006,780,12587,-236,-40,5515,0x07
2026-09-06T08:28:17.094,794,0,0,55,0,0,0,0,0,0,0x03
2026-09-06T08:28:17.094,793,0,2,52,1006,1115,11161,-236,-77,5358,0x07
2026-09-06T08:28:17.160,796,0,0,52,0,0,0,0,0,0,0x03
2026-09-06T08:28:17.160,795,0,2,50,0,0,4111,0,0,13715,0x07
2026-09-06T08:28:17.225,798,0,0,52,0,0,0,0,0,0,0x03
2026-09-06T08:28:17.225,797,0,2,50,0,0,13669,1352,1500,13088,0x07
2026-09-06T08:28:17.289,800,0,0,53,0,0,0,0,0,0,0x03
2026-09-06T08:28:17.289,799,0,2,50,1259,500,16894,444,580,5787,0x07
2026-09-06T08:28:17.354,802,0,0,50,0,0,0,0,0,0,0x03
2026-09-06T08:28:17.354,801,0,2,51,0,0,3583,1226,216,16991,0x07
2026-09-06T08:28:17.435,804,0,0,52,0,0,0,0,0,0,0x03
2026-09-06T08:28:17.435,803,0,2,52,-35,-19,3855,984,308,13610,0x07
2026-09-06T08:28:17.484,806,0,0,50,0,0,0,0,0,0,0x03
2026-09-06T08:28:17.484,805,0,2,51,-35,0,3937,984,392,13251,0x07
2026-09-06T08:28:17.566,808,0,0,52,0,0,0,0,0,0,0x03
2026-09-06T08:28:17.566,807,0,2,51,0,0,3803,872,392,11869,0x07
2026-09-06T08:28:17.631,810,0,0,51,0,0,0,0,0,0,0x03
2026-09-06T08:28:17.631,809,0,2,50,36,160,3278,791,380,10918,0x07
2026-09-06T08:28:17.696,812,0,0,52,0,0,0,0,0,0,0x03
2026-09-06T08:28:17.696,811,0,2,54,1038,74,15981,1520,352,20041,0x07
2026-09-06T08:28:17.761,814,0,0,52,0,0,0,0,0,0,0x03
2026-09-06T08:28:17.761,813,0,2,50,1038,580,13831,1520,420,19752,0x07
2026-09-06T08:28:17.827,816,0,0,51,0,0,0,0,0,0,0x03
2026-09-06T08:28:17.827,815,0,2,52,1766,212,24373,2144,385,27597,0x07
2026-09-06T08:28:17.892,818,0,0,52,0,0,0,0,0,0,0x03
2026-09-06T08:28:17.892,817,0,2,51,2479,784,30718,2768,725,33860,0x07
2026-09-06T08:28:17.957,820,0,0,53,0,0,0,0,0,0,0x03
2026-09-06T08:28:17.957,819,0,2,51,3218,1059,38656,3388,941,40000,0x07
2026-09-06T08:28:18.021,822,0,0,52,0,0,0,0,0,0,0x03
2026-09-06T08:28:18.021,821,0,2,50,3374,1280,39640,3495,1140,40000,0x07
2026-09-06T08:28:18.102,824,0,0,51,0,0,0,0,0,0,0x03
2026-09-06T08:28:18.102,823,0,2,56,3266,1714,36464,3234,1643,35707,0x07
2026-09-06T08:28:18.166,826,0,0,52,0,0,0,0,0,0,0x03
2026-09-06T08:28:18.166,825,0,2,51,3266,1961,35416,3234,1784,35106,0x07
2026-09-06T08:28:18.232,828,0,0,52,0,0,0,0,0,0,0x03
2026-09-06T08:28:18.232,827,0,2,52,3193,1865,34928,3124,1673,34222,0x07
2026-09-06T08:28:18.296,830,0,0,52,0,0,0,0,0,0,0x03
2026-09-06T08:28:18.297,829,0,2,58,3091,1966,33239,2979,1810,31846,0x07
2026-09-06T08:28:18.362,832,0,0,51,0,0,0,0,0,0,0x03
2026-09-06T08:28:18.362,831,0,2,52,3091,1673,34482,2979,1635,32593,0x07
2026-09-06T08:28:18.427,834,0,0,52,0,0,0,0,0,0,0x03
2026-09-06T08:28:18.492,836,0,0,52,0,0,0,0,0,0,0x03
2026-09-06T08:28:18.492,835,0,2,55,3150,1782,34743,3061,1655,33524,0x07
2026-09-06T08:28:18.557,836,0,0,50,0,0,0,0,0,0,0x03
2026-09-06T08:28:18.557,837,0,2,64,3177,1875,34688,3101,2016,32477,0x07
2026-09-06T08:28:18.638,836,0,0,51,0,0,0,0,0,0,0x03
2026-09-06T08:28:18.638,837,0,2,57,3177,2070,33858,3101,1684,33886,0x07
2026-09-06T08:28:18.703,842,0,0,51,0,0,0,0,0,0,0x03
2026-09-06T08:28:18.704,841,0,2,67,3196,2104,33945,3128,1925,33201,0x07
2026-09-06T08:28:18.769,844,0,0,52,0,0,0,0,0,0,0x03
2026-09-06T08:28:18.769,843,0,2,70,3125,1786,34427,3027,1857,32239,0x07
2026-09-06T08:28:18.834,846,0,0,52,0,0,0,0,0,0,0x03
2026-09-06T08:28:18.834,845,0,2,51,3125,1824,34267,3027,1667,33049,0x07
2026-09-06T08:28:18.899,848,0,0,50,0,0,0,0,0,0,0x03
2026-09-06T08:28:18.899,847,0,2,51,2907,2059,30580,2802,2118,28358,0x07
2026-09-06T08:28:18.963,850,0,0,51,0,0,0,0,0,0,0x03
2026-09-06T08:28:18.963,849,0,2,72,2480,2194,24742,2189,2389,19636,0x07
2026-09-06T08:28:19.028,852,0,0,51,0,0,0,0,0,0,0x03
2026-09-06T08:28:19.028,851,0,2,52,2362,1615,25748,2042,1692,20786,0x07
2026-09-06T08:28:19.093,854,0,0,52,0,0,0,0,0,0,0x03
2026-09-06T08:28:19.093,853,0,2,50,1956,1040,23192,1547,960,17781,0x07
2026-09-06T08:28:19.174,856,0,0,50,0,0,0,0,0,0,0x03
2026-09-06T08:28:19.175,855,0,2,51,1185,0,18112,520,20,9111,0x07
2026-09-06T08:28:19.240,858,0,0,50,0,0,0,0,0,0,0x03
2026-09-06T08:28:19.240,857,0,2,50,1150,200,16830,0,0,2871,0x07
2026-09-06T08:28:19.305,860,0,0,51,0,0,0,0,0,0,0x03
2026-09-06T08:28:19.305,859,0,2,51,1098,333,15615,0,0,13463,0x07
2026-09-06T08:28:19.370,862,0,0,51,0,0,0,0,0,0,0x03
2026-09-06T08:28:19.370,861,0,2,50,413,440,6732,1321,380,17463,0x07
2026-09-06T08:28:19.435,864,0,0,50,0,0,0,0,0,0,0x03
2026-09-06T08:28:19.435,863,0,2,50,454,400,7409,1279,360,17022,0x07
2026-09-06T08:28:19.500,866,0,0,50,0,0,0,0,0,0,0x03
2026-09-06T08:28:19.500,865,0,2,51,299,451,5279,1152,529,14733,0x07
2026-09-06T08:28:19.565,868,0,0,50,0,0,0,0,0,0,0x03
2026-09-06T08:28:19.565,867,0,2,52,299,385,5561,1152,596,14449,0x07
2026-09-06T08:28:19.630,870,0,0,51,0,0,0,0,0,0,0x03
2026-09-06T08:28:19.630,869,0,2,50,111,440,3002,1020,620,12728,0x07
2026-09-06T08:28:19.711,872,0,0,54,0,0,0,0,0,0,0x03
2026-09-06T08:28:19.711,871,0,2,51,1102,314,15749,1067,627,13271,0x07
2026-09-06T08:28:19.777,874,0,0,50,0,0,0,0,0,0,0x03
2026-09-06T08:28:19.777,873,0,2,52,476,462,7417,27,615,482,0x07
2026-09-06T08:28:19.842,876,0,0,51,0,0,0,0,0,0,0x03
2026-09-06T08:28:19.842,875,0,2,50,476,400,7679,0,0,5262,0x07
2026-09-06T08:28:19.907,878,0,0,51,0,0,0,0,0,0,0x03
2026-09-06T08:28:19.907,877,0,2,51,580,353,9159,-308,-78,6238,0x07
2026-09-06T08:28:19.972,880,0,0,51,0,0,0,0,0,0,0x03
2026-09-06T08:28:19.972,879,0,2,51,743,412,10917,-350,-176,6335,0x07
2026-09-06T08:28:20.038,882,0,0,51,0,0,0,0,0,0,0x03
2026-09-06T08:28:20.038,881,0,2,52,919,365,13280,-310,0,6592,0x07
2026-09-06T08:28:20.103,884,0,0,51,0,0,0,0,0,0,0x03
2026-09-06T08:28:20.103,883,0,2,51,1043,451,14446,0,0,4415,0x07
2026-09-06T08:28:20.168,886,0,0,51,0,0,0,0,0,0,0x03
2026-09-06T08:28:20.168,885,0,2,54,1487,0,21829,208,241,4308,0x07
2026-09-06T08:28:20.233,888,0,0,50,0,0,0,0,0,0,0x03
2026-09-06T08:28:20.233,887,0,2,50,1487,0,21829,208,340,3886,0x07
2026-09-06T08:28:20.298,890,0,0,50,0,0,0,0,0,0,0x03
2026-09-06T08:28:20.299,889,0,2,52,1469,0,21609,226,250,4497,0x07
2026-09-06T08:28:20.364,892,0,0,50,0,0,0,0,0,0,0x03
2026-09-06T08:28:20.364,891,0,2,51,1456,0,21443,240,255,4649,0x07
2026-09-06T08:28:20.446,894,0,0,52,0,0,0,0,0,0,0x03
2026-09-06T08:28:20.446,893,0,2,54,1436,0,21197,261,130,5437,0x07
2026-09-06T08:28:20.511,896,0,0,51,0,0,0,0,0,0,0x03
2026-09-06T08:28:20.511,895,0,2,50,1436,0,21197,261,40,5818,0x07
2026-09-06T08:28:20.576,898,0,0,50,0,0,0,0,0,0,0x03
2026-09-06T08:28:20.576,897,0,2,52,1435,0,21190,261,0,5996,0x07
2026-09-06T08:28:20.641,900,0,0,52,0,0,0,0,0,0,0x03
2026-09-06T08:28:20.641,899,0,2,52,1436,0,21197,261,0,5988,0x07
2026-09-06T08:28:20.706,902,0,0,51,0,0,0,0,0,0,0x03
2026-09-06T08:28:20.706,901,0,2,50,1428,0,21101,269,0,6087,0x07
2026-09-06T08:28:20.771,904,0,0,50,0,0,0,0,0,0,0x03
2026-09-06T08:28:20.771,903,0,2,52,1423,0,21043,274,0,6147,0x07
2026-09-06T08:28:20.836,906,0,0,50,0,0,0,0,0,0,0x03
2026-09-06T08:28:20.836,905,0,2,51,1426,0,21072,271,0,6117,0x07
2026-09-06T08:28:20.901,908,0,0,51,0,0,0,0,0,0,0x03
2026-09-06T08:28:20.901,907,0,2,51,1426,0,21072,271,0,6117,0x07
2026-09-06T08:28:20.983,910,0,0,52,0,0,0,0,0,0,0x03
2026-09-06T08:28:20.983,909,0,2,51,1432,0,21152,265,0,6036,0x07
2026-09-06T08:28:21.047,912,0,0,50,0,0,0,0,0,0,0x03
2026-09-06T08:28:21.048,911,0,2,50,1423,0,21040,274,0,6152,0x07
2026-09-06T08:28:21.113,914,0,0,52,0,0,0,0,0,0,0x03
2026-09-06T08:28:21.113,913,0,2,50,1430,0,21131,266,0,6057,0x07
2026-09-06T08:28:21.179,916,0,0,52,0,0,0,0,0,0,0x03
2026-09-06T08:28:21.179,915,0,2,51,1436,0,21197,261,0,5992,0x07
2026-09-06T08:28:21.244,918,0,0,51,0,0,0,0,0,0,0x03
2026-09-06T08:28:21.244,917,0,2,53,1435,0,21193,261,0,5992,0x07
2026-09-06T08:28:21.309,920,0,0,52,0,0,0,0,0,0,0x03
2026-09-06T08:28:21.309,919,0,2,50,1435,0,21193,0,0,16934,0x07
2026-09-06T08:28:21.568,922,0,0,51,0,0,0,0,0,0,0x03
2026-09-06T08:28:21.568,921,0,2,51,1687,0,24295,-1750,-588,21872,0x07
2026-09-06T08:28:24.934,924,0,0,51,0,0,0,0,0,0,0x03
2026-09-06T08:28:24.934,923,0,2,51,1687,20,24211,-1750,-1392,18455,0x07
