timestamp,sequence,team,robot_id,interval_ms,left_target_eps,left_measured_eps,left_duty,right_target_eps,right_measured_eps,right_duty,flags
2026-09-06T13:15:44.497-03:00,65535,255,2,0,0,0,0,0,0,0,0x03
2026-09-06T13:15:44.521-03:00,79,0,2,50,0,0,0,0,0,0,0x03
2026-09-06T13:15:44.539-03:00,80,0,2,56,0,0,0,0,0,0,0x03
2026-09-06T13:15:44.557-03:00,80,0,2,56,0,0,0,0,0,0,0x03
2026-09-06T13:15:44.580-03:00,80,0,2,56,0,0,0,0,0,0,0x03
2026-09-06T13:15:44.616-03:00,80,0,2,51,0,0,0,0,0,0,0x03
2026-09-06T13:15:44.639-03:00,80,0,2,51,0,0,0,0,0,0,0x03
2026-09-06T13:15:44.657-03:00,80,0,2,52,0,0,0,0,0,0,0x03
2026-09-06T13:15:44.680-03:00,80,0,2,52,0,0,0,0,0,0,0x03
2026-09-06T13:15:44.700-03:00,8,0,2,58,1012,0,15384,1050,0,15260,0x07
2026-09-06T13:15:44.720-03:00,9,0,2,58,1012,0,15384,1050,0,15260,0x07
2026-09-06T13:15:44.757-03:00,10,0,2,58,1012,0,15384,1050,0,15260,0x07
2026-09-06T13:15:44.780-03:00,11,0,2,50,1012,560,13404,1050,480,13662,0x07
2026-09-06T13:15:44.821-03:00,12,0,2,50,1012,560,13404,1050,480,13662,0x07
2026-09-06T13:15:44.859-03:00,13,0,2,53,1012,132,16048,1050,19,16469,0x07
2026-09-06T13:15:44.859-03:00,15,0,2,52,1012,212,16448,1050,0,17396,0x07
2026-09-06T13:15:44.877-03:00,16,0,2,52,1012,212,16448,1050,0,17396,0x07
2026-09-06T13:15:44.900-03:00,18,0,2,52,1012,212,16448,1050,0,17396,0x07
2026-09-06T13:15:44.960-03:00,19,0,2,51,1012,275,16846,1050,0,18226,0x07
2026-09-06T13:15:45.000-03:00,20,0,2,51,1012,275,16846,1050,0,18226,0x07
2026-09-06T13:15:45.000-03:00,21,0,2,51,1012,275,17512,1050,0,19056,0x07
2026-09-06T13:15:45.040-03:00,22,0,2,51,1012,275,18178,1050,39,19688,0x07
2026-09-06T13:15:45.040-03:00,25,0,2,51,1012,275,18178,1050,39,19688,0x07
2026-09-06T13:15:45.098-03:00,26,0,2,52,1012,288,18785,1050,77,20312,0x07
2026-09-06T13:15:45.119-03:00,27,0,2,52,1012,288,18785,1050,77,20312,0x07
2026-09-06T13:15:45.119-03:00,28,0,2,50,1012,360,19058,1050,180,20548,0x07
2026-09-06T13:15:45.140-03:00,29,0,2,50,1012,360,19058,1050,180,20548,0x07
2026-09-06T13:15:45.180-03:00,31,0,2,50,1012,420,19327,1050,300,20619,0x07
2026-09-06T13:15:45.180-03:00,32,0,2,50,1012,420,19327,1050,300,20619,0x07
2026-09-06T13:15:45.201-03:00,33,0,2,50,1012,420,19327,1050,300,20619,0x07
2026-09-06T13:15:45.239-03:00,34,0,2,51,1012,471,19601,1050,373,20847,0x07
2026-09-06T13:15:45.324-03:00,35,0,2,51,1012,471,19601,1050,373,20847,0x07
