timestamp,sequence,team,robot_id,interval_ms,left_target_eps,left_measured_eps,left_duty,right_target_eps,right_measured_eps,right_duty,flags
2026-09-06T14:37:42.394-03:00,502,0,0,55,0,0,0,0,0,0,0x03
2026-09-06T14:37:42.412-03:00,503,0,0,50,0,0,0,0,0,0,0x03
2026-09-06T14:37:42.436-03:00,504,0,0,51,0,0,0,0,0,0,0x03
2026-09-06T14:37:42.456-03:00,505,0,0,51,0,0,0,0,0,0,0x03
2026-09-06T14:37:42.474-03:00,505,0,0,51,0,0,0,0,0,0,0x03
2026-09-06T14:37:42.492-03:00,505,0,0,50,0,0,0,0,0,0,0x03
2026-09-06T14:37:42.515-03:00,505,0,0,50,0,0,0,0,0,0,0x03
2026-09-06T14:37:42.534-03:00,505,0,0,52,0,0,0,0,0,0,0x03
2026-09-06T14:37:42.552-03:00,505,0,0,52,0,0,0,0,0,0,0x03
2026-09-06T14:37:42.576-03:00,505,0,0,52,0,0,0,0,0,0,0x03
2026-09-06T14:37:42.594-03:00,505,0,0,51,0,0,0,0,0,0,0x03
2026-09-06T14:37:42.612-03:00,8,0,0,51,0,0,30102,0,0,28548,0x07
2026-09-06T14:37:42.635-03:00,9,0,0,51,3374,0,40000,3500,0,40000,0x07
2026-09-06T14:37:42.656-03:00,10,0,0,51,3374,0,40000,3500,0,40000,0x07
2026-09-06T14:37:42.674-03:00,11,0,0,51,3374,0,40000,3500,0,40000,0x07
2026-09-06T14:37:42.692-03:00,12,0,0,51,3374,0,40000,3500,0,40000,0x07
2026-09-06T14:37:42.715-03:00,13,0,0,51,3374,0,40000,3500,0,40000,0x07
2026-09-06T14:37:42.736-03:00,14,0,0,55,3374,0,40000,3500,0,40000,0x07
2026-09-06T14:37:42.756-03:00,15,0,0,55,3374,0,40000,3500,0,40000,0x07
2026-09-06T14:37:42.774-03:00,16,0,0,55,3374,0,40000,3500,0,40000,0x07
2026-09-06T14:37:42.792-03:00,17,0,0,51,3374,0,40000,3500,0,40000,0x07
2026-09-06T14:37:42.816-03:00,18,0,0,51,3374,0,40000,3500,0,40000,0x07
2026-09-06T14:37:42.831-03:00,19,0,0,50,3374,0,40000,3500,0,40000,0x07
2026-09-06T14:37:42.854-03:00,20,0,0,50,3374,0,40000,3500,0,40000,0x07
2026-09-06T14:37:42.872-03:00,21,0,0,50,3374,0,40000,3500,0,40000,0x07
2026-09-06T14:37:42.896-03:00,22,0,0,54,3374,0,40000,3500,0,40000,0x07
2026-09-06T14:37:42.911-03:00,23,0,0,54,3374,0,40000,3500,0,40000,0x07
2026-09-06T14:37:42.935-03:00,24,0,0,54,3374,0,40000,3500,0,40000,0x07
2026-09-06T14:37:42.952-03:00,25,0,0,52,3374,0,40000,3500,0,40000,0x07
2026-09-06T14:37:42.975-03:00,26,0,0,52,3374,0,40000,3500,0,40000,0x07
2026-09-06T14:37:42.993-03:00,27,0,0,54,3374,0,40000,3500,0,40000,0x07
2026-09-06T14:37:43.011-03:00,28,0,0,54,3374,0,40000,3500,0,40000,0x07
2026-09-06T14:37:43.032-03:00,29,0,0,54,3374,0,40000,3500,0,40000,0x07
2026-09-06T14:37:43.055-03:00,30,0,0,51,3374,0,40000,3500,0,40000,0x07
2026-09-06T14:37:43.073-03:00,31,0,0,51,3374,0,40000,3500,0,40000,0x07
2026-09-06T14:37:43.091-03:00,32,0,0,51,3374,0,40000,3500,0,40000,0x07
2026-09-06T14:37:43.115-03:00,33,0,0,52,3374,0,40000,3500,0,40000,0x07
2026-09-06T14:37:43.132-03:00,34,0,0,52,3374,0,40000,3500,0,40000,0x07
2026-09-06T14:37:43.152-03:00,35,0,0,53,3374,0,40000,3500,0,40000,0x07
2026-09-06T14:37:43.176-03:00,36,0,0,53,3374,0,40000,3500,0,40000,0x07
2026-09-06T14:37:43.191-03:00,37,0,0,53,3374,0,40000,3500,0,40000,0x07
2026-09-06T14:37:43.215-03:00,38,0,0,51,3374,0,40000,3500,0,40000,0x07
2026-09-06T14:37:43.233-03:00,39,0,0,51,3374,0,40000,3500,0,40000,0x07
2026-09-06T14:37:43.251-03:00,40,0,0,50,3374,0,40000,3500,0,40000,0x07
2026-09-06T14:37:43.275-03:00,41,0,0,50,3374,0,40000,3500,0,40000,0x07
2026-09-06T14:37:43.294-03:00,42,0,0,50,3374,0,40000,3500,0,40000,0x07
2026-09-06T14:37:43.312-03:00,43,0,0,51,3374,0,40000,3500,0,40000,0x07
2026-09-06T14:37:43.332-03:00,44,0,0,51,3374,0,40000,3500,0,40000,0x07
2026-09-06T14:37:43.356-03:00,45,0,0,50,3374,0,40000,3500,0,40000,0x07
2026-09-06T14:37:43.374-03:00,46,0,0,50,3374,0,40000,3500,0,40000,0x07
2026-09-06T14:37:43.393-03:00,47,0,0,50,3374,0,40000,3500,0,40000,0x07
2026-09-06T14:37:43.412-03:00,48,0,0,50,3374,0,40000,3500,0,40000,0x07
2026-09-06T14:37:43.432-03:00,49,0,0,50,3374,0,40000,3500,0,40000,0x07
2026-09-06T14:37:43.456-03:00,50,0,0,50,3374,0,40000,3500,0,40000,0x07
2026-09-06T14:37:43.474-03:00,51,0,0,50,3374,0,40000,3500,0,40000,0x07
2026-09-06T14:37:43.492-03:00,52,0,0,50,3374,0,40000,3500,0,40000,0x07
2026-09-06T14:37:43.515-03:00,53,0,0,50,3374,0,40000,3500,0,40000,0x07
2026-09-06T14:37:43.532-03:00,54,0,0,50,3374,0,40000,3500,0,40000,0x07
2026-09-06T14:37:43.552-03:00,55,0,0,50,3374,0,40000,3500,0,40000,0x07
2026-09-06T14:37:43.576-03:00,56,0,0,53,3374,0,40000,3500,0,40000,0x07
2026-09-06T14:37:43.596-03:00,57,0,0,53,3374,0,40000,3500,0,40000,0x07
2026-09-06T14:37:43.614-03:00,58,0,0,56,3374,0,40000,3500,0,40000,0x07
2026-09-06T14:37:43.632-03:00,59,0,0,56,3374,0,40000,3500,0,40000,0x07
2026-09-06T14:37:43.655-03:00,60,0,0,56,3374,0,40000,3500,0,40000,0x07
2026-09-06T14:37:43.673-03:00,61,0,0,52,3374,0,40000,3500,0,40000,0x07
2026-09-06T14:37:43.691-03:00,62,0,0,52,3374,0,40000,3500,0,40000,0x07
2026-09-06T14:37:43.714-03:00,63,0,0,50,3374,0,40000,3500,0,40000,0x07
2026-09-06T14:37:43.733-03:00,64,0,0,50,3374,0,40000,3500,0,40000,0x07
2026-09-06T14:37:43.756-03:00,65,0,0,50,3374,0,40000,3500,0,40000,0x07
2026-09-06T14:37:43.773-03:00,66,0,0,52,3374,0,40000,3500,0,40000,0x07
2026-09-06T14:37:43.791-03:00,67,0,0,52,3374,0,40000,3500,0,40000,0x07
2026-09-06T14:37:43.814-03:00,68,0,0,50,3374,0,40000,3500,0,40000,0x07
2026-09-06T14:37:43.833-03:00,69,0,0,50,3374,0,40000,3500,0,40000,0x07
2026-09-06T14:37:43.851-03:00,70,0,0,50,3374,0,40000,3500,0,40000,0x07
2026-09-06T14:37:43.874-03:00,71,0,0,50,3374,0,40000,3500,0,40000,0x07
2026-09-06T14:37:43.895-03:00,72,0,0,50,3374,0,40000,3500,0,40000,0x07
2026-09-06T14:37:43.913-03:00,73,0,0,50,3374,0,40000,3500,0,40000,0x07
2026-09-06T14:37:43.931-03:00,74,0,0,51,3374,0,40000,3500,0,40000,0x07
2026-09-06T14:37:43.955-03:00,75,0,0,51,3374,0,40000,3500,0,40000,0x07
2026-09-06T14:37:43.973-03:00,76,0,0,56,3374,0,40000,3500,0,40000,0x07
2026-09-06T14:37:43.995-03:00,77,0,0,56,3374,0,40000,3500,0,40000,0x07
2026-09-06T14:37:44.015-03:00,78,0,0,56,3374,0,40000,3500,0,40000,0x07
2026-09-06T14:37:44.033-03:00,79,0,0,50,3374,0,40000,3500,0,40000,0x07
2026-09-06T14:37:44.052-03:00,80,0,0,50,3374,0,40000,3500,0,40000,0x07
2026-09-06T14:37:44.075-03:00,81,0,0,52,3374,0,40000,3500,0,40000,0x07
2026-09-06T14:37:44.093-03:00,82,0,0,52,3374,0,40000,3500,0,40000,0x07
2026-09-06T14:37:44.111-03:00,83,0,0,52,3374,0,40000,3500,0,40000,0x07
2026-09-06T14:37:44.134-03:00,84,0,0,51,3374,0,40000,3500,0,40000,0x07
2026-09-06T14:37:44.152-03:00,85,0,0,51,3374,0,40000,3500,0,40000,0x07
2026-09-06T14:37:44.173-03:00,86,0,0,51,3374,0,40000,3500,0,40000,0x07
2026-09-06T14:37:44.196-03:00,87,0,0,52,3374,0,40000,3500,0,40000,0x07
2026-09-06T14:37:44.216-03:00,88,0,0,52,3374,0,40000,3500,0,40000,0x07
2026-09-06T14:37:44.234-03:00,89,0,0,54,3374,0,40000,3500,0,40000,0x07
2026-09-06T14:37:44.252-03:00,90,0,0,54,3374,0,40000,3500,0,40000,0x07
2026-09-06T14:37:44.275-03:00,91,0,0,54,3374,0,40000,3500,0,40000,0x07
2026-09-06T14:37:44.293-03:00,92,0,0,51,3374,0,40000,3500,0,40000,0x07
2026-09-06T14:37:44.312-03:00,93,0,0,51,3374,0,40000,3500,0,40000,0x07
2026-09-06T14:37:44.335-03:00,94,0,0,53,3374,0,40000,3500,0,40000,0x07
2026-09-06T14:37:44.354-03:00,95,0,0,53,3374,0,40000,3500,0,40000,0x07
2026-09-06T14:37:44.374-03:00,96,0,0,53,3374,0,40000,3500,0,40000,0x07
2026-09-06T14:37:44.392-03:00,97,0,0,50,3374,0,40000,3500,0,40000,0x07
2026-09-06T14:37:44.416-03:00,98,0,0,50,3374,0,40000,3500,0,40000,0x07
2026-09-06T14:37:44.434-03:00,99,0,0,50,3374,0,40000,3500,0,40000,0x07
2026-09-06T14:37:44.452-03:00,100,0,0,52,3374,0,40000,3500,0,40000,0x07
2026-09-06T14:37:44.472-03:00,101,0,0,52,3374,0,40000,3500,0,40000,0x07
2026-09-06T14:37:44.495-03:00,102,0,0,56,3374,0,40000,3500,0,40000,0x07
2026-09-06T14:37:44.514-03:00,103,0,0,56,3374,0,40000,3500,0,40000,0x07
2026-09-06T14:37:44.534-03:00,104,0,0,56,3374,0,40000,3500,0,40000,0x07
2026-09-06T14:37:44.552-03:00,105,0,0,50,3374,0,40000,3500,0,40000,0x07
2026-09-06T14:37:44.575-03:00,106,0,0,50,3374,0,40000,3500,0,40000,0x07
2026-09-06T14:37:44.593-03:00,107,0,0,50,3374,0,40000,3500,0,40000,0x07
2026-09-06T14:37:44.611-03:00,108,0,0,53,3374,0,40000,3500,0,40000,0x07
2026-09-06T14:37:44.635-03:00,109,0,0,53,3374,0,40000,3500,0,40000,0x07
2026-09-06T14:37:44.653-03:00,110,0,0,50,3374,0,40000,3500,0,40000,0x07
2026-09-06T14:37:44.676-03:00,111,0,0,50,3374,0,40000,3500,0,40000,0x07
2026-09-06T14:37:44.694-03:00,112,0,0,50,3374,0,40000,3500,0,40000,0x07
2026-09-06T14:37:44.712-03:00,113,0,0,51,3374,0,40000,3500,0,40000,0x07
2026-09-06T14:37:44.735-03:00,114,0,0,51,3374,0,40000,3500,0,40000,0x07
2026-09-06T14:37:44.753-03:00,115,0,0,50,3374,0,40000,3500,0,40000,0x07
2026-09-06T14:37:44.772-03:00,116,0,0,50,3374,0,40000,3500,0,40000,0x07
2026-09-06T14:37:44.792-03:00,117,0,0,50,3374,0,40000,3500,0,40000,0x07
2026-09-06T14:37:44.812-03:00,118,0,0,50,3374,0,40000,3500,0,40000,0x07
2026-09-06T14:37:44.834-03:00,119,0,0,50,3374,0,40000,3500,0,40000,0x07
2026-09-06T14:37:44.852-03:00,120,0,0,53,3374,0,40000,3500,0,40000,0x07
2026-09-06T14:37:44.875-03:00,121,0,0,53,3374,0,40000,3500,0,40000,0x07
2026-09-06T14:37:44.894-03:00,122,0,0,53,3374,0,40000,3500,0,40000,0x07
2026-09-06T14:37:44.914-03:00,123,0,0,50,3374,0,40000,3500,0,40000,0x07
2026-09-06T14:37:44.932-03:00,124,0,0,50,3374,0,40000,3500,0,40000,0x07
2026-09-06T14:37:44.952-03:00,125,0,0,52,3374,0,40000,3500,0,40000,0x07
2026-09-06T14:37:44.976-03:00,126,0,0,52,3374,0,40000,3500,0,40000,0x07
2026-09-06T14:37:44.994-03:00,127,0,0,52,3374,0,40000,3500,0,40000,0x07
2026-09-06T14:37:45.012-03:00,128,0,0,52,3374,0,40000,3500,0,40000,0x07
2026-09-06T14:37:45.032-03:00,129,0,0,52,3374,0,40000,3500,0,40000,0x07
2026-09-06T14:37:45.056-03:00,130,0,0,50,3374,0,40000,3500,0,40000,0x07
2026-09-06T14:37:45.074-03:00,131,0,0,50,3374,0,40000,3500,0,40000,0x07
2026-09-06T14:37:45.092-03:00,132,0,0,50,3374,0,40000,3500,0,40000,0x07
2026-09-06T14:37:45.115-03:00,133,0,0,51,3374,0,40000,3500,0,40000,0x07
2026-09-06T14:37:45.133-03:00,134,0,0,51,3374,0,40000,3500,0,40000,0x07
2026-09-06T14:37:45.153-03:00,135,0,0,51,3374,0,40000,3500,0,40000,0x07
2026-09-06T14:37:45.171-03:00,136,0,0,50,3374,0,40000,3500,0,40000,0x07
2026-09-06T14:37:45.195-03:00,137,0,0,50,3374,0,40000,3500,0,40000,0x07
2026-09-06T14:37:45.213-03:00,138,0,0,50,3374,0,40000,3500,0,40000,0x07
2026-09-06T14:37:45.231-03:00,139,0,0,50,3374,0,40000,3500,0,40000,0x07
2026-09-06T14:37:45.255-03:00,140,0,0,50,3374,0,40000,3500,0,40000,0x07
2026-09-06T14:37:45.273-03:00,141,0,0,52,3374,0,40000,3500,0,40000,0x07
2026-09-06T14:37:45.291-03:00,142,0,0,52,3374,0,40000,3500,0,40000,0x07
2026-09-06T14:37:45.315-03:00,143,0,0,56,3374,0,40000,3500,0,40000,0x07
2026-09-06T14:37:45.333-03:00,144,0,0,56,3374,0,40000,3500,0,40000,0x07
2026-09-06T14:37:45.353-03:00,145,0,0,56,3374,0,40000,3500,0,40000,0x07
2026-09-06T14:37:45.372-03:00,146,0,0,52,3374,0,40000,3500,0,40000,0x07
2026-09-06T14:37:45.392-03:00,147,0,0,52,3374,0,40000,3500,0,40000,0x07
2026-09-06T14:37:45.415-03:00,148,0,0,52,3374,0,40000,3500,0,40000,0x07
2026-09-06T14:37:45.436-03:00,149,0,0,51,3374,0,40000,3500,0,40000,0x07
2026-09-06T14:37:45.454-03:00,150,0,0,51,3374,0,40000,3500,0,40000,0x07
2026-09-06T14:37:45.474-03:00,151,0,0,51,3374,0,40000,3500,0,40000,0x07
2026-09-06T14:37:45.493-03:00,152,0,0,51,3374,0,40000,3500,0,40000,0x07
2026-09-06T14:37:45.533-03:00,153,0,0,51,3374,0,40000,3500,0,40000,0x07
2026-09-06T14:37:45.533-03:00,154,0,0,52,3374,0,40000,3500,0,40000,0x07
2026-09-06T14:37:45.551-03:00,155,0,0,52,3374,0,40000,3500,0,40000,0x07
2026-09-06T14:37:45.572-03:00,156,0,0,52,3374,0,40000,3500,0,40000,0x07
2026-09-06T14:37:45.596-03:00,157,0,0,52,3374,0,40000,3500,0,40000,0x07
2026-09-06T14:37:45.614-03:00,158,0,0,52,3374,0,40000,3500,0,40000,0x07
2026-09-06T14:37:45.632-03:00,159,0,0,50,3374,0,40000,3500,0,40000,0x07
2026-09-06T14:37:45.654-03:00,160,0,0,50,3374,0,40000,3500,0,40000,0x07
2026-09-06T14:37:45.673-03:00,161,0,0,51,3374,0,40000,3500,0,40000,0x07
2026-09-06T14:37:45.692-03:00,162,0,0,51,3374,0,40000,3500,0,40000,0x07
2026-09-06T14:37:45.715-03:00,163,0,0,51,3374,0,40000,3500,0,40000,0x07
2026-09-06T14:37:45.734-03:00,164,0,0,52,3374,0,40000,3500,0,40000,0x07
2026-09-06T14:37:45.753-03:00,165,0,0,52,3374,0,40000,3500,0,40000,0x07
2026-09-06T14:37:45.771-03:00,166,0,0,52,3374,0,40000,3500,0,40000,0x07
2026-09-06T14:37:45.795-03:00,167,0,0,53,3374,0,40000,3500,0,40000,0x07
2026-09-06T14:37:45.813-03:00,168,0,0,53,3374,0,40000,3500,0,40000,0x07
2026-09-06T14:37:45.831-03:00,169,0,0,54,3374,0,40000,3500,0,40000,0x07
2026-09-06T14:37:45.855-03:00,170,0,0,54,3374,0,40000,3500,0,40000,0x07
2026-09-06T14:37:45.875-03:00,171,0,0,54,3374,0,40000,3500,0,40000,0x07
2026-09-06T14:37:45.893-03:00,172,0,0,51,3374,0,40000,3500,0,40000,0x07
2026-09-06T14:37:45.916-03:00,173,0,0,51,3374,0,40000,3500,0,40000,0x07
2026-09-06T14:37:45.934-03:00,174,0,0,50,3374,0,40000,3500,0,40000,0x07
2026-09-06T14:37:45.952-03:00,175,0,0,50,3374,0,40000,3500,0,40000,0x07
2026-09-06T14:37:45.976-03:00,176,0,0,50,3374,0,40000,3500,0,40000,0x07
2026-09-06T14:37:45.994-03:00,177,0,0,51,3374,0,40000,3500,0,40000,0x07
2026-09-06T14:37:46.014-03:00,178,0,0,51,3374,0,40000,3500,0,40000,0x07
2026-09-06T14:37:46.033-03:00,179,0,0,52,3374,0,40000,3500,0,40000,0x07
2026-09-06T14:37:46.051-03:00,180,0,0,52,3374,0,40000,3500,0,40000,0x07
2026-09-06T14:37:46.075-03:00,181,0,0,52,3374,0,40000,3500,0,40000,0x07
2026-09-06T14:37:46.093-03:00,182,0,0,56,3374,0,40000,3500,0,40000,0x07
2026-09-06T14:37:46.111-03:00,183,0,0,56,3374,0,40000,3500,0,40000,0x07
2026-09-06T14:37:46.132-03:00,184,0,0,56,3374,0,40000,3500,0,40000,0x07
2026-09-06T14:37:46.156-03:00,185,0,0,50,3374,0,40000,3500,0,40000,0x07
2026-09-06T14:37:46.176-03:00,186,0,0,50,3374,0,40000,3500,0,40000,0x07
2026-09-06T14:37:46.194-03:00,187,0,0,50,3374,0,40000,3500,0,40000,0x07
2026-09-06T14:37:46.211-03:00,188,0,0,50,3374,0,40000,3500,0,40000,0x07
2026-09-06T14:37:46.235-03:00,189,0,0,50,3374,0,40000,3500,0,40000,0x07
2026-09-06T14:37:46.253-03:00,190,0,0,51,3374,0,40000,3500,0,40000,0x07
2026-09-06T14:37:46.272-03:00,191,0,0,51,3374,0,40000,3500,0,40000,0x07
2026-09-06T14:37:46.295-03:00,192,0,0,53,3374,0,40000,3500,0,40000,0x07
2026-09-06T14:37:46.315-03:00,193,0,0,53,3374,0,40000,3500,0,40000,0x07
2026-09-06T14:37:46.333-03:00,194,0,0,53,3374,0,40000,3500,0,40000,0x07
2026-09-06T14:37:46.354-03:00,195,0,0,52,3374,0,40000,3500,0,40000,0x07
2026-09-06T14:37:46.376-03:00,196,0,0,52,3374,0,40000,3500,0,40000,0x07
2026-09-06T14:37:46.391-03:00,197,0,0,52,3374,0,40000,3500,0,40000,0x07
2026-09-06T14:37:46.415-03:00,198,0,0,51,3374,0,40000,3500,0,40000,0x07
2026-09-06T14:37:46.433-03:00,199,0,0,51,3374,0,40000,3500,0,40000,0x07
2026-09-06T14:37:46.451-03:00,200,0,0,51,3374,0,40000,3500,0,40000,0x07
2026-09-06T14:37:46.475-03:00,201,0,0,51,3374,0,40000,3500,0,40000,0x07
2026-09-06T14:37:46.493-03:00,202,0,0,51,3374,0,40000,3500,0,40000,0x07
2026-09-06T14:37:46.511-03:00,203,0,0,51,3374,0,40000,3500,0,40000,0x07
2026-09-06T14:37:46.532-03:00,204,0,0,51,3374,0,40000,3500,0,40000,0x07
2026-09-06T14:37:46.555-03:00,205,0,0,53,3374,0,40000,3500,0,40000,0x07
2026-09-06T14:37:46.573-03:00,206,0,0,53,3374,0,40000,3500,0,40000,0x07
2026-09-06T14:37:46.594-03:00,207,0,0,53,3374,0,40000,3500,0,40000,0x07
2026-09-06T14:37:46.614-03:00,208,0,0,52,3374,0,40000,3500,0,40000,0x07
2026-09-06T14:37:46.634-03:00,209,0,0,52,3374,0,40000,3500,0,40000,0x07
2026-09-06T14:37:46.652-03:00,210,0,0,52,3374,0,40000,3500,0,40000,0x07
2026-09-06T14:37:46.675-03:00,211,0,0,51,3374,0,40000,3500,0,40000,0x07
2026-09-06T14:37:46.694-03:00,212,0,0,51,3374,0,40000,3500,0,40000,0x07
2026-09-06T14:37:46.712-03:00,213,0,0,54,3374,0,40000,3500,0,40000,0x07
2026-09-06T14:37:46.732-03:00,214,0,0,54,3374,0,40000,3500,0,40000,0x07
2026-09-06T14:37:46.753-03:00,215,0,0,54,3374,0,40000,3500,0,40000,0x07
2026-09-06T14:37:46.771-03:00,216,0,0,51,3374,0,40000,3500,0,40000,0x07
2026-09-06T14:37:46.792-03:00,217,0,0,51,3374,0,40000,3500,0,40000,0x07
2026-09-06T14:37:46.815-03:00,218,0,0,52,3374,0,40000,3500,0,40000,0x07
2026-09-06T14:37:46.832-03:00,219,0,0,52,3374,0,40000,3500,0,40000,0x07
2026-09-06T14:37:46.854-03:00,220,0,0,52,3374,0,40000,3500,0,40000,0x07
2026-09-06T14:37:46.872-03:00,221,0,0,50,3374,0,40000,3500,0,40000,0x07
2026-09-06T14:37:46.895-03:00,222,0,0,50,3374,0,40000,3500,0,40000,0x07
2026-09-06T14:37:46.914-03:00,223,0,0,51,3374,0,40000,3500,0,40000,0x07
2026-09-06T14:37:46.934-03:00,224,0,0,51,3374,0,40000,3500,0,40000,0x07
2026-09-06T14:37:46.952-03:00,225,0,0,51,3374,0,40000,3500,0,40000,0x07
2026-09-06T14:37:46.976-03:00,226,0,0,52,3374,0,40000,3500,0,40000,0x07
2026-09-06T14:37:46.994-03:00,227,0,0,52,3374,0,40000,3500,0,40000,0x07
2026-09-06T14:37:47.012-03:00,228,0,0,52,3374,0,40000,3500,0,40000,0x07
2026-09-06T14:37:47.036-03:00,229,0,0,51,3374,0,40000,3500,0,40000,0x07
2026-09-06T14:37:47.054-03:00,230,0,0,51,3374,0,40000,3500,0,40000,0x07
2026-09-06T14:37:47.074-03:00,231,0,0,54,3374,0,40000,3500,0,40000,0x07
2026-09-06T14:37:47.094-03:00,232,0,0,54,3374,0,40000,3500,0,40000,0x07
2026-09-06T14:37:47.113-03:00,233,0,0,54,3374,0,40000,3500,0,40000,0x07
2026-09-06T14:37:47.136-03:00,234,0,0,52,3374,0,40000,3500,0,40000,0x07
2026-09-06T14:37:47.154-03:00,235,0,0,52,3374,0,40000,3500,0,40000,0x07
2026-09-06T14:37:47.174-03:00,236,0,0,52,3374,0,40000,3500,0,40000,0x07
2026-09-06T14:37:47.191-03:00,237,0,0,53,3374,0,40000,3500,0,40000,0x07
2026-09-06T14:37:47.215-03:00,238,0,0,53,3374,0,40000,3500,0,40000,0x07
2026-09-06T14:37:47.233-03:00,239,0,0,51,3374,0,40000,3500,0,40000,0x07
2026-09-06T14:37:47.251-03:00,240,0,0,51,3374,0,40000,3500,0,40000,0x07
2026-09-06T14:37:47.275-03:00,241,0,0,51,3374,0,40000,3500,0,40000,0x07
2026-09-06T14:37:47.295-03:00,242,0,0,50,3374,0,40000,3500,0,40000,0x07
2026-09-06T14:37:47.313-03:00,243,0,0,50,3374,0,40000,3500,0,40000,0x07
2026-09-06T14:37:47.331-03:00,244,0,0,57,3374,0,40000,3500,0,40000,0x07
2026-09-06T14:37:47.355-03:00,245,0,0,57,3374,0,40000,3500,0,40000,0x07
2026-09-06T14:37:47.373-03:00,246,0,0,57,3374,0,40000,3500,0,40000,0x07
2026-09-06T14:37:47.391-03:00,247,0,0,56,3374,0,40000,3500,0,40000,0x07
2026-09-06T14:37:47.415-03:00,248,0,0,56,3374,0,40000,3500,0,40000,0x07
2026-09-06T14:37:47.433-03:00,249,0,0,56,3374,0,40000,3500,0,40000,0x07
2026-09-06T14:37:47.451-03:00,250,0,0,52,3374,0,40000,3500,0,40000,0x07
2026-09-06T14:37:47.471-03:00,251,0,0,52,3374,0,40000,3500,0,40000,0x07
2026-09-06T14:37:47.495-03:00,252,0,0,52,3374,0,40000,3500,0,40000,0x07
2026-09-06T14:37:47.513-03:00,253,0,0,54,3374,0,40000,3500,0,40000,0x07
2026-09-06T14:37:47.531-03:00,254,0,0,54,3374,0,40000,3500,0,40000,0x07
2026-09-06T14:37:47.555-03:00,255,0,0,56,3374,0,40000,3500,0,40000,0x07
2026-09-06T14:37:47.573-03:00,256,0,0,56,3374,0,40000,3500,0,40000,0x07
2026-09-06T14:37:47.592-03:00,257,0,0,56,3374,0,40000,3500,0,40000,0x07
2026-09-06T14:37:47.612-03:00,258,0,0,52,3374,0,40000,3500,0,40000,0x07
2026-09-06T14:37:47.634-03:00,259,0,0,52,3374,0,40000,3500,0,40000,0x07
2026-09-06T14:37:47.652-03:00,260,0,0,52,3374,0,40000,3500,0,40000,0x07
2026-09-06T14:37:47.676-03:00,261,0,0,51,3374,0,40000,3500,0,40000,0x07
2026-09-06T14:37:47.694-03:00,262,0,0,51,3374,0,40000,3500,0,40000,0x07
2026-09-06T14:37:47.713-03:00,263,0,0,55,3374,0,40000,3500,0,40000,0x07
2026-09-06T14:37:47.736-03:00,264,0,0,55,3374,0,40000,3500,0,40000,0x07
2026-09-06T14:37:47.751-03:00,265,0,0,55,3374,0,40000,3500,0,40000,0x07
2026-09-06T14:37:47.775-03:00,266,0,0,50,3374,0,40000,3500,0,40000,0x07
2026-09-06T14:37:47.793-03:00,267,0,0,50,3374,0,40000,3500,0,40000,0x07
2026-09-06T14:37:47.811-03:00,268,0,0,50,3374,0,40000,3500,0,40000,0x07
2026-09-06T14:37:47.835-03:00,269,0,0,54,3374,0,40000,3500,0,40000,0x07
2026-09-06T14:37:47.855-03:00,270,0,0,54,3374,0,40000,3500,0,40000,0x07
2026-09-06T14:37:47.873-03:00,271,0,0,56,3374,0,40000,3500,0,40000,0x07
2026-09-06T14:37:47.895-03:00,272,0,0,56,3374,0,40000,3500,0,40000,0x07
2026-09-06T14:37:47.914-03:00,273,0,0,56,3374,0,40000,3500,0,40000,0x07
2026-09-06T14:37:47.932-03:00,274,0,0,52,3374,0,40000,3500,0,40000,0x07
2026-09-06T14:37:47.956-03:00,275,0,0,52,3374,0,40000,3500,0,40000,0x07
2026-09-06T14:37:47.974-03:00,276,0,0,50,3374,0,40000,3500,0,40000,0x07
2026-09-06T14:37:47.992-03:00,277,0,0,50,3374,0,40000,3500,0,40000,0x07
2026-09-06T14:37:48.014-03:00,278,0,0,50,3374,0,40000,3500,0,40000,0x07
2026-09-06T14:37:48.031-03:00,279,0,0,51,3374,0,40000,3500,0,40000,0x07
2026-09-06T14:37:48.051-03:00,280,0,0,51,3374,0,40000,3500,0,40000,0x07
2026-09-06T14:37:48.075-03:00,281,0,0,51,3374,0,40000,3500,0,40000,0x07
2026-09-06T14:37:48.095-03:00,282,0,0,53,3374,0,40000,3500,0,40000,0x07
2026-09-06T14:37:48.114-03:00,283,0,0,53,3374,0,40000,3500,0,40000,0x07
2026-09-06T14:37:48.132-03:00,284,0,0,50,3374,0,40000,3500,0,40000,0x07
2026-09-06T14:37:48.156-03:00,285,0,0,50,3374,0,40000,3500,0,40000,0x07
2026-09-06T14:37:48.174-03:00,286,0,0,50,3374,0,40000,3500,0,40000,0x07
2026-09-06T14:37:48.194-03:00,287,0,0,51,3374,0,40000,3500,0,40000,0x07
2026-09-06T14:37:48.232-03:00,288,0,0,51,3374,0,40000,3500,0,40000,0x07
2026-09-06T14:37:48.252-03:00,289,0,0,50,3374,0,40000,3500,0,40000,0x07
2026-09-06T14:37:48.252-03:00,290,0,0,50,3374,0,40000,3500,0,40000,0x07
2026-09-06T14:37:48.276-03:00,291,0,0,50,3374,0,40000,3500,0,40000,0x07
2026-09-06T14:37:48.294-03:00,292,0,0,54,3374,0,40000,3500,0,40000,0x07
2026-09-06T14:37:48.312-03:00,293,0,0,54,3374,0,40000,3500,0,40000,0x07
2026-09-06T14:37:48.333-03:00,294,0,0,53,3374,0,40000,3500,0,40000,0x07
2026-09-06T14:37:48.353-03:00,295,0,0,53,3374,0,40000,3500,0,40000,0x07
2026-09-06T14:37:48.373-03:00,296,0,0,53,3374,0,40000,3500,0,40000,0x07
2026-09-06T14:37:48.391-03:00,297,0,0,51,3374,0,40000,3500,0,40000,0x07
2026-09-06T14:37:48.413-03:00,298,0,0,51,3374,0,40000,3500,0,40000,0x07
2026-09-06T14:37:48.431-03:00,299,0,0,51,3374,0,40000,3500,0,40000,0x07
2026-09-06T14:37:48.455-03:00,300,0,0,52,3374,0,40000,3500,0,40000,0x07
2026-09-06T14:37:48.472-03:00,301,0,0,52,3374,0,40000,3500,0,40000,0x07
2026-09-06T14:37:48.495-03:00,302,0,0,54,3374,0,40000,3500,0,40000,0x07
2026-09-06T14:37:48.513-03:00,303,0,0,54,3374,0,40000,3500,0,40000,0x07
2026-09-06T14:37:48.531-03:00,304,0,0,54,3374,0,40000,3500,0,40000,0x07
2026-09-06T14:37:48.555-03:00,305,0,0,50,3374,0,40000,3500,0,40000,0x07
2026-09-06T14:37:48.573-03:00,306,0,0,50,3374,0,40000,3500,0,40000,0x07
2026-09-06T14:37:48.592-03:00,307,0,0,50,3374,0,40000,3500,0,40000,0x07
2026-09-06T14:37:48.615-03:00,308,0,0,50,3374,0,40000,3500,0,40000,0x07
2026-09-06T14:37:48.633-03:00,309,0,0,50,3374,0,40000,3500,0,40000,0x07
2026-09-06T14:37:48.651-03:00,310,0,0,52,3374,0,40000,3500,0,40000,0x07
2026-09-06T14:37:48.672-03:00,311,0,0,52,3374,0,40000,3500,0,40000,0x07
2026-09-06T14:37:48.695-03:00,312,0,0,50,3374,0,40000,3500,0,40000,0x07
2026-09-06T14:37:48.732-03:00,313,0,0,50,3374,0,40000,3500,0,40000,0x07
2026-09-06T14:37:48.752-03:00,314,0,0,50,3374,0,40000,3500,0,40000,0x07
2026-09-06T14:37:48.772-03:00,315,0,0,52,3374,0,40000,3500,0,40000,0x07
2026-09-06T14:37:48.791-03:00,316,0,0,52,3374,0,40000,3500,0,40000,0x07
2026-09-06T14:37:48.815-03:00,317,0,0,51,3374,0,40000,3500,0,40000,0x07
2026-09-06T14:37:48.836-03:00,319,0,0,51,3374,0,40000,3500,0,40000,0x07
2026-09-06T14:37:48.854-03:00,320,0,0,55,3374,0,40000,3500,0,40000,0x07
2026-09-06T14:37:48.873-03:00,321,0,0,55,3374,0,40000,3500,0,40000,0x07
2026-09-06T14:37:48.891-03:00,322,0,0,55,3374,0,40000,3500,0,40000,0x07
2026-09-06T14:37:48.915-03:00,323,0,0,51,3374,0,40000,3500,0,40000,0x07
2026-09-06T14:37:48.932-03:00,324,0,0,51,3374,0,40000,3500,0,40000,0x07
2026-09-06T14:37:48.955-03:00,325,0,0,51,3374,0,40000,3500,0,40000,0x07
2026-09-06T14:37:48.973-03:00,326,0,0,52,3374,0,40000,3500,0,40000,0x07
2026-09-06T14:37:48.991-03:00,327,0,0,52,3374,0,40000,3500,0,40000,0x07
2026-09-06T14:37:49.013-03:00,328,0,0,52,3374,0,40000,3500,0,40000,0x07
2026-09-06T14:37:49.032-03:00,329,0,0,52,3374,0,40000,3500,0,40000,0x07
2026-09-06T14:37:49.055-03:00,330,0,0,52,3374,0,40000,3500,0,40000,0x07
2026-09-06T14:37:49.073-03:00,331,0,0,50,3374,0,40000,3500,0,40000,0x07
2026-09-06T14:37:49.091-03:00,332,0,0,50,3374,0,40000,3500,0,40000,0x07
2026-09-06T14:37:49.115-03:00,333,0,0,56,3374,0,40000,3500,0,40000,0x07
2026-09-06T14:37:49.133-03:00,334,0,0,56,3374,0,40000,3500,0,40000,0x07
2026-09-06T14:37:49.155-03:00,335,0,0,56,3374,0,40000,3500,0,40000,0x07
2026-09-06T14:37:49.173-03:00,336,0,0,52,3374,0,40000,3500,0,40000,0x07
2026-09-06T14:37:49.191-03:00,337,0,0,52,3374,0,40000,3500,0,40000,0x07
2026-09-06T14:37:49.214-03:00,338,0,0,50,3374,0,40000,3500,0,40000,0x07
2026-09-06T14:37:49.234-03:00,339,0,0,50,3374,0,40000,3500,0,40000,0x07
2026-09-06T14:37:49.251-03:00,340,0,0,50,3374,0,40000,3500,0,40000,0x07
2026-09-06T14:37:49.274-03:00,341,0,0,51,3374,0,40000,3500,0,40000,0x07
2026-09-06T14:37:49.292-03:00,342,0,0,51,3374,0,40000,3500,0,40000,0x07
2026-09-06T14:37:49.315-03:00,343,0,0,51,3374,0,40000,3500,0,40000,0x07
2026-09-06T14:37:49.333-03:00,344,0,0,50,3374,0,40000,3500,0,40000,0x07
2026-09-06T14:37:49.351-03:00,345,0,0,50,3374,0,40000,3500,0,40000,0x07
2026-09-06T14:37:49.374-03:00,346,0,0,52,3374,0,40000,3500,0,40000,0x07
2026-09-06T14:37:49.392-03:00,347,0,0,52,3374,0,40000,3500,0,40000,0x07
2026-09-06T14:37:49.416-03:00,348,0,0,52,3374,0,40000,3500,0,40000,0x07
2026-09-06T14:37:49.434-03:00,349,0,0,51,3374,0,40000,3500,0,40000,0x07
2026-09-06T14:37:49.452-03:00,350,0,0,51,3374,0,40000,3500,0,40000,0x07
2026-09-06T14:37:49.472-03:00,351,0,0,55,3374,0,40000,3500,0,40000,0x07
2026-09-06T14:37:49.496-03:00,352,0,0,55,3374,0,40000,3500,0,40000,0x07
2026-09-06T14:37:49.514-03:00,353,0,0,55,3374,0,40000,3500,0,40000,0x07
2026-09-06T14:37:49.532-03:00,354,0,0,52,3374,0,40000,3500,0,40000,0x07
2026-09-06T14:37:49.552-03:00,355,0,0,52,3374,0,40000,3500,0,40000,0x07
2026-09-06T14:37:49.575-03:00,356,0,0,52,3374,0,40000,3500,0,40000,0x07
2026-09-06T14:37:49.594-03:00,357,0,0,52,3374,0,40000,3500,0,40000,0x07
2026-09-06T14:37:49.612-03:00,358,0,0,52,3374,0,40000,3500,0,40000,0x07
2026-09-06T14:37:49.635-03:00,359,0,0,50,3374,0,40000,3500,0,40000,0x07
2026-09-06T14:37:49.653-03:00,360,0,0,50,3374,0,40000,3500,0,40000,0x07
2026-09-06T14:37:49.671-03:00,361,0,0,50,3374,0,40000,3500,0,40000,0x07
2026-09-06T14:37:49.694-03:00,362,0,0,52,3374,0,40000,3500,0,40000,0x07
2026-09-06T14:37:49.713-03:00,363,0,0,52,3374,0,40000,3500,0,40000,0x07
2026-09-06T14:37:49.735-03:00,364,0,0,50,3374,0,40000,3500,0,40000,0x07
2026-09-06T14:37:49.753-03:00,365,0,0,50,3374,0,40000,3500,0,40000,0x07
2026-09-06T14:37:49.772-03:00,366,0,0,50,3374,0,40000,3500,0,40000,0x07
2026-09-06T14:37:49.792-03:00,367,0,0,52,3374,0,40000,3500,0,40000,0x07
2026-09-06T14:37:49.816-03:00,368,0,0,52,3374,0,40000,3500,0,40000,0x07
2026-09-06T14:37:49.831-03:00,369,0,0,50,3374,0,40000,3500,0,40000,0x07
2026-09-06T14:37:49.855-03:00,370,0,0,50,3374,0,40000,3500,0,40000,0x07
2026-09-06T14:37:49.876-03:00,371,0,0,50,3374,0,40000,3500,0,40000,0x07
2026-09-06T14:37:49.894-03:00,372,0,0,50,3374,0,40000,3500,0,40000,0x07
2026-09-06T14:37:49.912-03:00,373,0,0,50,3374,0,40000,3500,0,40000,0x07
2026-09-06T14:37:49.936-03:00,374,0,0,54,3374,0,40000,3500,0,40000,0x07
2026-09-06T14:37:49.953-03:00,375,0,0,54,3374,0,40000,3500,0,40000,0x07
2026-09-06T14:37:49.971-03:00,376,0,0,54,3374,0,40000,3500,0,40000,0x07
2026-09-06T14:37:49.994-03:00,377,0,0,52,3374,0,40000,3500,0,40000,0x07
2026-09-06T14:37:50.012-03:00,378,0,0,52,3374,0,40000,3500,0,40000,0x07
2026-09-06T14:37:50.033-03:00,379,0,0,52,3374,0,40000,3500,0,40000,0x07
2026-09-06T14:37:50.051-03:00,380,0,0,51,3374,0,40000,3500,0,40000,0x07
2026-09-06T14:37:50.072-03:00,381,0,0,51,3374,0,40000,3500,0,40000,0x07
2026-09-06T14:37:50.095-03:00,382,0,0,54,3374,0,40000,3500,0,40000,0x07
2026-09-06T14:37:50.114-03:00,383,0,0,54,3374,0,40000,3500,0,40000,0x07
2026-09-06T14:37:50.132-03:00,384,0,0,54,3374,0,40000,3500,0,40000,0x07
2026-09-06T14:37:50.155-03:00,385,0,0,52,3374,0,40000,3500,0,40000,0x07
2026-09-06T14:37:50.193-03:00,386,0,0,52,3374,0,40000,3500,0,40000,0x07
2026-09-06T14:37:50.193-03:00,387,0,0,52,3374,0,40000,3500,0,40000,0x07
2026-09-06T14:37:50.211-03:00,388,0,0,51,3374,0,40000,3500,0,40000,0x07
2026-09-06T14:37:50.232-03:00,389,0,0,51,3374,0,40000,3500,0,40000,0x07
2026-09-06T14:37:50.254-03:00,390,0,0,51,3374,0,40000,3500,0,40000,0x07
2026-09-06T14:37:50.272-03:00,391,0,0,51,3374,0,40000,3500,0,40000,0x07
2026-09-06T14:37:50.295-03:00,392,0,0,51,3374,0,40000,3500,0,40000,0x07
2026-09-06T14:37:50.313-03:00,393,0,0,50,3374,0,40000,3500,0,40000,0x07
2026-09-06T14:37:50.332-03:00,394,0,0,50,3374,0,40000,3500,0,40000,0x07
2026-09-06T14:37:50.355-03:00,395,0,0,50,3374,0,40000,3500,0,40000,0x07
2026-09-06T14:37:50.373-03:00,396,0,0,50,3374,0,40000,3500,0,40000,0x07
2026-09-06T14:37:50.391-03:00,397,0,0,50,3374,0,40000,3500,0,40000,0x07
2026-09-06T14:37:50.411-03:00,398,0,0,50,3374,0,40000,3500,0,40000,0x07
2026-09-06T14:37:50.434-03:00,399,0,0,50,3374,0,40000,3500,0,40000,0x07
2026-09-06T14:37:50.452-03:00,400,0,0,55,3374,0,40000,3500,0,40000,0x07
2026-09-06T14:37:50.475-03:00,401,0,0,55,3374,0,40000,3500,0,40000,0x07
2026-09-06T14:37:50.493-03:00,402,0,0,55,3374,0,40000,3500,0,40000,0x07
2026-09-06T14:37:50.511-03:00,403,0,0,51,3374,0,40000,3500,0,40000,0x07
2026-09-06T14:37:50.531-03:00,404,0,0,51,3374,0,40000,3500,0,40000,0x07
2026-09-06T14:37:50.555-03:00,405,0,0,51,3374,0,40000,3500,0,40000,0x07
2026-09-06T14:37:50.574-03:00,406,0,0,53,3374,0,40000,3500,0,40000,0x07
2026-09-06T14:37:50.592-03:00,407,0,0,53,3374,0,40000,3500,0,40000,0x07
2026-09-06T14:37:50.615-03:00,408,0,0,50,3374,0,40000,3500,0,40000,0x07
2026-09-06T14:37:50.656-03:00,409,0,0,50,3374,0,40000,3500,0,40000,0x07
2026-09-06T14:37:50.656-03:00,410,0,0,50,3374,0,40000,3500,0,40000,0x07
2026-09-06T14:37:50.674-03:00,411,0,0,51,3374,0,40000,3500,0,40000,0x07
2026-09-06T14:37:50.692-03:00,412,0,0,51,3374,0,40000,3500,0,40000,0x07
2026-09-06T14:37:50.713-03:00,413,0,0,51,3374,0,40000,3500,0,40000,0x07
2026-09-06T14:37:50.731-03:00,414,0,0,51,3374,0,40000,3500,0,40000,0x07
2026-09-06T14:37:50.754-03:00,415,0,0,51,3374,0,40000,3500,0,40000,0x07
2026-09-06T14:37:50.772-03:00,416,0,0,50,3374,0,40000,3500,0,40000,0x07
2026-09-06T14:37:50.796-03:00,417,0,0,50,3374,0,40000,3500,0,40000,0x07
2026-09-06T14:37:50.814-03:00,418,0,0,56,3374,0,40000,3500,0,40000,0x07
2026-09-06T14:37:50.832-03:00,419,0,0,56,3374,0,40000,3500,0,40000,0x07
2026-09-06T14:37:50.855-03:00,420,0,0,56,3374,0,40000,3500,0,40000,0x07
2026-09-06T14:37:50.874-03:00,421,0,0,50,3374,0,40000,3500,0,40000,0x07
2026-09-06T14:37:50.892-03:00,422,0,0,50,3374,0,40000,3500,0,40000,0x07
2026-09-06T14:37:50.912-03:00,423,0,0,52,3374,0,40000,3500,0,40000,0x07
2026-09-06T14:37:50.931-03:00,424,0,0,52,3374,0,40000,3500,0,40000,0x07
2026-09-06T14:37:50.954-03:00,425,0,0,52,3374,0,40000,3500,0,40000,0x07
2026-09-06T14:37:50.972-03:00,426,0,0,57,3374,0,40000,3500,0,40000,0x07
2026-09-06T14:37:50.996-03:00,427,0,0,57,3374,0,40000,3500,0,40000,0x07
2026-09-06T14:37:51.014-03:00,428,0,0,57,3374,0,40000,3500,0,40000,0x07
2026-09-06T14:37:51.032-03:00,429,0,0,52,3374,0,40000,3500,0,40000,0x07
2026-09-06T14:37:51.056-03:00,430,0,0,52,3374,0,40000,3500,0,40000,0x07
2026-09-06T14:37:51.074-03:00,431,0,0,52,3374,0,40000,3500,0,40000,0x07
2026-09-06T14:37:51.092-03:00,432,0,0,52,3374,0,40000,3500,0,40000,0x07
2026-09-06T14:37:51.116-03:00,433,0,0,52,3374,0,40000,3500,0,40000,0x07
2026-09-06T14:37:51.134-03:00,434,0,0,51,3374,0,40000,3500,0,40000,0x07
2026-09-06T14:37:51.152-03:00,435,0,0,51,3374,0,40000,3500,0,40000,0x07
2026-09-06T14:37:51.173-03:00,436,0,0,51,3374,0,40000,3500,0,40000,0x07
2026-09-06T14:37:51.195-03:00,437,0,0,53,3374,0,40000,3500,0,40000,0x07
2026-09-06T14:37:51.216-03:00,438,0,0,53,3374,0,40000,3500,0,40000,0x07
2026-09-06T14:37:51.234-03:00,439,0,0,53,3374,0,40000,3500,0,40000,0x07
2026-09-06T14:37:51.252-03:00,440,0,0,53,3374,0,40000,3500,0,40000,0x07
2026-09-06T14:37:51.276-03:00,441,0,0,53,3374,0,40000,3500,0,40000,0x07
2026-09-06T14:37:51.294-03:00,442,0,0,51,3374,0,40000,3500,0,40000,0x07
2026-09-06T14:37:51.312-03:00,443,0,0,51,3374,0,40000,3500,0,40000,0x07
2026-09-06T14:37:51.336-03:00,444,0,0,50,3374,0,40000,3500,0,40000,0x07
2026-09-06T14:37:51.354-03:00,445,0,0,50,3374,0,40000,3500,0,40000,0x07
2026-09-06T14:37:51.374-03:00,446,0,0,50,3374,0,40000,3500,0,40000,0x07
2026-09-06T14:37:51.392-03:00,447,0,0,50,3374,0,40000,3500,0,40000,0x07
2026-09-06T14:37:51.413-03:00,448,0,0,50,3374,0,40000,3500,0,40000,0x07
2026-09-06T14:37:51.431-03:00,449,0,0,50,3374,0,40000,3500,0,40000,0x07
2026-09-06T14:37:51.451-03:00,450,0,0,52,3374,0,40000,3500,0,40000,0x07
2026-09-06T14:37:51.474-03:00,451,0,0,52,3374,0,40000,3500,0,40000,0x07
2026-09-06T14:37:51.492-03:00,452,0,0,54,3374,0,40000,3500,0,40000,0x07
2026-09-06T14:37:51.516-03:00,453,0,0,54,3374,0,40000,3500,0,40000,0x07
2026-09-06T14:37:51.534-03:00,454,0,0,54,3374,0,40000,3500,0,40000,0x07
2026-09-06T14:37:51.554-03:00,455,0,0,52,3374,0,40000,3500,0,40000,0x07
2026-09-06T14:37:51.572-03:00,456,0,0,52,3374,0,40000,3500,0,40000,0x07
2026-09-06T14:37:51.595-03:00,457,0,0,52,3374,0,40000,3500,0,40000,0x07
2026-09-06T14:37:51.613-03:00,458,0,0,52,3374,0,40000,3500,0,40000,0x07
2026-09-06T14:37:51.632-03:00,459,0,0,52,3374,0,40000,3500,0,40000,0x07
2026-09-06T14:37:51.655-03:00,460,0,0,52,3374,0,40000,3500,0,40000,0x07
2026-09-06T14:37:51.673-03:00,461,0,0,52,3374,0,40000,3500,0,40000,0x07
2026-09-06T14:37:51.692-03:00,462,0,0,52,3374,0,40000,3500,0,40000,0x07
2026-09-06T14:37:51.714-03:00,463,0,0,50,3374,0,40000,3500,0,40000,0x07
2026-09-06T14:37:51.732-03:00,464,0,0,50,3374,0,40000,3500,0,40000,0x07
2026-09-06T14:37:51.756-03:00,465,0,0,55,3374,0,40000,3500,0,40000,0x07
2026-09-06T14:37:51.774-03:00,466,0,0,55,3374,0,40000,3500,0,40000,0x07
2026-09-06T14:37:51.792-03:00,467,0,0,55,3374,0,40000,3500,0,40000,0x07
2026-09-06T14:37:51.816-03:00,468,0,0,50,3374,0,40000,3500,0,40000,0x07
2026-09-06T14:37:51.834-03:00,469,0,0,50,3374,0,40000,3500,0,40000,0x07
2026-09-06T14:37:51.852-03:00,470,0,0,50,3374,0,40000,3500,0,40000,0x07
2026-09-06T14:37:51.876-03:00,471,0,0,53,3374,0,40000,3500,0,40000,0x07
2026-09-06T14:37:51.893-03:00,472,0,0,53,3374,0,40000,3500,0,40000,0x07
2026-09-06T14:37:51.916-03:00,473,0,0,51,3374,0,40000,3500,0,40000,0x07
2026-09-06T14:37:51.933-03:00,474,0,0,51,3374,0,40000,3500,0,40000,0x07
2026-09-06T14:37:51.951-03:00,475,0,0,51,3374,0,40000,3500,0,40000,0x07
2026-09-06T14:37:51.974-03:00,476,0,0,51,3374,0,40000,3500,0,40000,0x07
2026-09-06T14:37:51.993-03:00,477,0,0,51,3374,0,40000,3500,0,40000,0x07
2026-09-06T14:37:52.013-03:00,478,0,0,53,3374,0,40000,3500,0,40000,0x07
2026-09-06T14:37:52.032-03:00,479,0,0,53,3374,0,40000,3500,0,40000,0x07
2026-09-06T14:37:52.056-03:00,480,0,0,53,3374,0,40000,3500,0,40000,0x07
2026-09-06T14:37:52.074-03:00,481,0,0,52,3374,0,40000,3500,0,40000,0x07
2026-09-06T14:37:52.092-03:00,482,0,0,52,3374,0,40000,3500,0,40000,0x07
2026-09-06T14:37:52.115-03:00,483,0,0,53,3374,0,40000,3500,0,40000,0x07
2026-09-06T14:37:52.134-03:00,484,0,0,53,3374,0,40000,3500,0,40000,0x07
2026-09-06T14:37:52.152-03:00,485,0,0,53,3374,0,40000,3500,0,40000,0x07
2026-09-06T14:37:52.172-03:00,486,0,0,51,3374,0,40000,3500,0,40000,0x07
2026-09-06T14:37:52.194-03:00,487,0,0,51,3374,0,40000,3500,0,40000,0x07
2026-09-06T14:37:52.213-03:00,488,0,0,51,3374,0,40000,3500,0,40000,0x07
2026-09-06T14:37:52.231-03:00,489,0,0,52,3374,0,40000,3500,0,40000,0x07
2026-09-06T14:37:52.255-03:00,490,0,0,52,3374,0,40000,3500,0,40000,0x07
2026-09-06T14:37:52.273-03:00,491,0,0,56,3374,0,40000,3500,0,40000,0x07
2026-09-06T14:37:52.293-03:00,492,0,0,56,3374,0,40000,3500,0,40000,0x07
2026-09-06T14:37:52.316-03:00,493,0,0,56,3374,0,40000,3500,0,40000,0x07
2026-09-06T14:37:52.336-03:00,494,0,0,52,3374,0,40000,3500,0,40000,0x07
2026-09-06T14:37:52.355-03:00,495,0,0,52,3374,0,40000,3500,0,40000,0x07
2026-09-06T14:37:52.373-03:00,496,0,0,52,3374,0,40000,3500,0,40000,0x07
2026-09-06T14:37:52.418-03:00,497,0,0,54,3374,0,40000,3500,0,40000,0x07
2026-09-06T14:37:52.462-03:00,498,0,0,54,3374,0,40000,3500,0,40000,0x07
2026-09-06T14:37:52.506-03:00,499,0,0,54,3374,0,40000,3500,0,40000,0x07
2026-09-06T14:37:52.550-03:00,500,0,0,54,3374,0,40000,3500,0,40000,0x07
2026-09-06T14:37:52.594-03:00,501,0,0,52,0,0,0,0,0,0,0x03
