timestamp,sequence,team,robot_id,interval_ms,left_target_eps,left_measured_eps,left_duty,right_target_eps,right_measured_eps,right_duty,flags
2026-09-06T13:24:12.272-03:00,10,0,2,51,0,0,0,0,0,0,0x03
2026-09-06T13:24:12.372-03:00,11,0,2,50,0,0,0,0,0,0,0x03
2026-09-06T13:24:12.473-03:00,12,0,2,50,0,0,0,0,0,0,0x03
2026-09-06T13:24:12.572-03:00,13,0,2,50,0,0,0,0,0,0,0x03
2026-09-06T13:24:12.674-03:00,13,0,2,50,0,0,0,0,0,0,0x03
2026-09-06T13:24:12.771-03:00,2,0,2,51,0,0,10043,0,0,9854,0x07
2026-09-06T13:24:12.972-03:00,3,0,2,50,1012,60,15793,1050,80,15918,0x07
2026-09-06T13:24:13.015-03:00,4,0,2,50,1012,220,16604,1050,0,18360,0x07
2026-09-06T13:24:13.100-03:00,5,0,2,51,1012,314,17467,1050,0,20480,0x07
