timestamp,sequence,team,robot_id,interval_ms,left_target_eps,left_measured_eps,left_duty,right_target_eps,right_measured_eps,right_duty,flags
2026-09-06T21:12:58.952,330,0,1,51,-1030,-431,13670,-1614,-529,20309,0x07
2026-09-06T21:12:59.037,331,0,2,50,1464,1500,14447,1067,900,12491,0x07
2026-09-06T21:12:59.037,332,0,1,57,-1046,-456,13757,-1650,-614,20403,0x07
2026-09-06T21:12:59.103,333,0,2,51,1486,1510,14684,1101,922,12849,0x07
2026-09-06T21:12:59.103,334,0,1,50,0,0,0,0,0,0,0x03
2026-09-06T21:12:59.167,335,0,2,51,0,0,0,0,0,0,0x03
2026-09-06T21:12:59.167,0,0,1,50,0,0,0,0,0,0,0x03
2026-09-06T21:12:59.232,1,0,2,52,0,0,0,0,0,0,0x03
2026-09-06T21:12:59.232,2,0,1,50,0,0,0,0,0,0,0x03
2026-09-06T21:12:59.297,3,0,2,51,0,0,0,0,0,0,0x03
2026-09-06T21:12:59.297,4,0,1,50,0,0,0,0,0,0,0x03
2026-09-06T21:12:59.363,5,0,2,50,0,0,0,0,0,0,0x03
2026-09-06T21:12:59.363,6,0,1,50,0,0,0,0,0,0,0x03
2026-09-06T21:12:59.427,7,0,2,51,0,0,0,0,0,0,0x03
2026-09-06T21:12:59.427,8,0,1,52,0,0,0,0,0,0,0x03
2026-09-06T21:12:59.493,9,0,2,55,0,0,0,0,0,0,0x03
2026-09-06T21:12:59.493,10,0,1,51,0,0,0,0,0,0,0x03
2026-09-06T21:12:59.574,11,0,2,52,0,0,0,0,0,0,0x03
2026-09-06T21:12:59.574,12,0,1,55,0,0,0,0,0,0,0x03
2026-09-06T21:12:59.639,13,0,2,50,0,0,0,0,0,0,0x03
2026-09-06T21:12:59.639,14,0,1,52,0,0,0,0,0,0,0x03
2026-09-06T21:12:59.705,15,0,2,50,0,0,0,0,0,0,0x03
2026-09-06T21:12:59.705,16,0,1,52,0,0,0,0,0,0,0x03
2026-09-06T21:12:59.769,17,0,2,52,0,0,0,0,0,0,0x03
2026-09-06T21:12:59.769,18,0,1,52,0,0,0,0,0,0,0x03
2026-09-06T21:12:59.834,19,0,2,51,0,0,0,0,0,0,0x03
2026-09-06T21:12:59.834,20,0,1,50,0,0,0,0,0,0,0x03
2026-09-06T21:12:59.900,21,0,2,51,0,0,0,0,0,0,0x03
2026-09-06T21:12:59.900,22,0,1,51,0,0,0,0,0,0,0x03
2026-09-06T21:12:59.964,23,0,2,51,0,0,0,0,0,0,0x03
2026-09-06T21:12:59.964,24,0,1,51,0,0,0,0,0,0,0x03
2026-09-06T21:13:00.029,25,0,2,51,0,0,0,0,0,0,0x03
2026-09-06T21:13:00.029,26,0,1,50,0,0,0,0,0,0,0x03
2026-09-06T21:13:00.110,27,0,2,52,0,0,0,0,0,0,0x03
2026-09-06T21:13:00.110,28,0,1,50,0,0,0,0,0,0,0x03
2026-09-06T21:13:00.175,29,0,2,55,0,0,0,0,0,0,0x03
2026-09-06T21:13:00.175,30,0,1,50,0,0,0,0,0,0,0x03
2026-09-06T21:13:00.240,31,0,2,52,0,0,0,0,0,0,0x03
2026-09-06T21:13:00.240,32,0,1,52,0,0,0,0,0,0,0x03
2026-09-06T21:13:00.305,33,0,2,52,0,0,0,0,0,0,0x03
2026-09-06T21:13:00.305,34,0,1,50,0,0,0,0,0,0,0x03
2026-09-06T21:13:00.370,35,0,2,51,0,0,0,0,0,0,0x03
2026-09-06T21:13:00.370,36,0,1,51,0,0,0,0,0,0,0x03
2026-09-06T21:13:00.434,37,0,2,51,0,0,0,0,0,0,0x03
2026-09-06T21:13:00.434,38,0,1,51,0,0,0,0,0,0,0x03
2026-09-06T21:13:00.499,39,0,2,50,0,0,0,0,0,0,0x03
2026-09-06T21:13:00.499,40,0,1,51,0,0,0,0,0,0,0x03
2026-09-06T21:13:00.564,41,0,2,51,0,0,0,0,0,0,0x03
2026-09-06T21:13:00.564,42,0,1,51,0,0,0,0,0,0,0x03
2026-09-06T21:13:00.645,43,0,2,50,0,0,0,0,0,0,0x03
2026-09-06T21:13:00.645,44,0,1,54,0,0,0,0,0,0,0x03
2026-09-06T21:13:00.710,45,0,2,51,0,0,0,0,0,0,0x03
2026-09-06T21:13:00.710,46,0,1,50,0,0,0,0,0,0,0x03
2026-09-06T21:13:00.775,47,0,2,51,0,0,0,0,0,0,0x03
2026-09-06T21:13:00.776,48,0,1,52,0,0,0,0,0,0,0x03
2026-09-06T21:13:00.841,49,0,2,52,0,0,0,0,0,0,0x03
2026-09-06T21:13:00.841,50,0,1,50,0,0,0,0,0,0,0x03
2026-09-06T21:13:00.906,51,0,2,50,0,0,0,0,0,0,0x03
2026-09-06T21:13:00.906,52,0,1,52,0,0,0,0,0,0,0x03
2026-09-06T21:13:00.971,53,0,2,52,0,0,0,0,0,0,0x03
2026-09-06T21:13:00.971,54,0,1,51,0,0,0,0,0,0,0x03
2026-09-06T21:13:01.035,55,0,2,52,0,0,0,0,0,0,0x03
2026-09-06T21:13:01.035,56,0,1,52,0,0,0,0,0,0,0x03
2026-09-06T21:13:01.100,57,0,2,50,0,0,0,0,0,0,0x03
2026-09-06T21:13:01.100,58,0,1,51,0,0,0,0,0,0,0x03
2026-09-06T21:13:01.164,59,0,2,50,0,0,0,0,0,0,0x03
2026-09-06T21:13:01.164,60,0,1,51,0,0,0,0,0,0,0x03
2026-09-06T21:13:01.246,61,0,2,53,0,0,0,0,0,0,0x03
2026-09-06T21:13:01.246,62,0,1,51,0,0,0,0,0,0,0x03
2026-09-06T21:13:01.310,63,0,2,50,0,0,0,0,0,0,0x03
2026-09-06T21:13:01.310,64,0,1,52,0,0,0,0,0,0,0x03
2026-09-06T21:13:01.376,65,0,2,50,0,0,0,0,0,0,0x03
2026-09-06T21:13:01.376,66,0,1,50,0,0,0,0,0,0,0x03
2026-09-06T21:13:01.441,67,0,2,50,0,0,0,0,0,0,0x03
2026-09-06T21:13:01.441,68,0,1,52,0,0,0,0,0,0,0x03
2026-09-06T21:13:01.506,69,0,2,52,0,0,0,0,0,0,0x03
2026-09-06T21:13:01.506,70,0,1,51,0,0,0,0,0,0,0x03
2026-09-06T21:13:01.571,71,0,2,51,0,0,0,0,0,0,0x03
2026-09-06T21:13:01.571,72,0,1,52,0,0,0,0,0,0,0x03
2026-09-06T21:13:01.636,73,0,2,50,0,0,0,0,0,0,0x03
2026-09-06T21:13:01.637,74,0,1,51,0,0,0,0,0,0,0x03
2026-09-06T21:13:01.701,75,0,2,50,0,0,0,0,0,0,0x03
2026-09-06T21:13:01.701,76,0,1,50,0,0,0,0,0,0,0x03
2026-09-06T21:13:01.783,77,0,2,50,0,0,0,0,0,0,0x03
2026-09-06T21:13:01.783,78,0,1,52,0,0,0,0,0,0,0x03
2026-09-06T21:13:01.847,79,0,2,52,0,0,0,0,0,0,0x03
2026-09-06T21:13:01.848,80,0,1,52,0,0,0,0,0,0,0x03
2026-09-06T21:13:01.912,81,0,2,51,0,0,0,0,0,0,0x03
2026-09-06T21:13:01.912,82,0,1,50,0,0,0,0,0,0,0x03
2026-09-06T21:13:01.978,83,0,2,51,0,0,0,0,0,0,0x03
2026-09-06T21:13:01.978,84,0,1,52,0,0,0,0,0,0,0x03
2026-09-06T21:13:02.042,85,0,2,50,0,0,0,0,0,0,0x03
2026-09-06T21:13:02.042,86,0,1,51,0,0,0,0,0,0,0x03
2026-09-06T21:13:02.107,87,0,2,50,0,0,0,0,0,0,0x03
2026-09-06T21:13:02.107,88,0,1,50,0,0,0,0,0,0,0x03
2026-09-06T21:13:02.188,89,0,2,51,0,0,0,0,0,0,0x03
2026-09-06T21:13:02.188,90,0,1,51,0,0,0,0,0,0,0x03
2026-09-06T21:13:02.237,91,0,2,51,0,0,0,0,0,0,0x03
2026-09-06T21:13:02.237,92,0,1,52,0,0,0,0,0,0,0x03
2026-09-06T21:13:02.319,93,0,2,51,0,0,0,0,0,0,0x03
2026-09-06T21:13:02.319,94,0,1,51,0,0,0,0,0,0,0x03
2026-09-06T21:13:02.384,95,0,2,50,0,0,0,0,0,0,0x03
2026-09-06T21:13:02.384,96,0,1,51,0,0,0,0,0,0,0x03
2026-09-06T21:13:02.449,97,0,2,52,0,0,0,0,0,0,0x03
2026-09-06T21:13:02.449,98,0,1,51,0,0,0,0,0,0,0x03
2026-09-06T21:13:02.514,99,0,2,50,0,0,0,0,0,0,0x03
2026-09-06T21:13:02.514,100,0,1,51,0,0,0,0,0,0,0x03
2026-09-06T21:13:02.578,101,0,2,51,0,0,0,0,0,0,0x03
2026-09-06T21:13:02.578,102,0,1,52,0,0,0,0,0,0,0x03
2026-09-06T21:13:02.644,103,0,2,50,0,0,0,0,0,0,0x03
2026-09-06T21:13:02.644,104,0,1,50,0,0,0,0,0,0,0x03
2026-09-06T21:13:02.710,105,0,2,51,0,0,0,0,0,0,0x03
2026-09-06T21:13:02.710,106,0,1,51,0,0,0,0,0,0,0x03
2026-09-06T21:13:02.775,107,0,2,51,0,0,0,0,0,0,0x03
2026-09-06T21:13:02.775,108,0,1,52,0,0,0,0,0,0,0x03
2026-09-06T21:13:02.841,109,0,2,51,0,0,0,0,0,0,0x03
2026-09-06T21:13:02.841,110,0,1,51,0,0,0,0,0,0,0x03
2026-09-06T21:13:02.921,111,0,2,50,0,0,0,0,0,0,0x03
2026-09-06T21:13:02.921,112,0,1,51,0,0,0,0,0,0,0x03
2026-09-06T21:13:02.987,113,0,2,50,0,0,0,0,0,0,0x03
2026-09-06T21:13:02.987,114,0,1,52,0,0,0,0,0,0,0x03
2026-09-06T21:13:03.052,115,0,2,50,0,0,0,0,0,0,0x03
2026-09-06T21:13:03.052,116,0,1,52,0,0,0,0,0,0,0x03
2026-09-06T21:13:03.117,117,0,2,51,0,0,0,0,0,0,0x03
2026-09-06T21:13:03.117,118,0,1,51,0,0,0,0,0,0,0x03
2026-09-06T21:13:03.181,119,0,2,52,0,0,0,0,0,0,0x03
2026-09-06T21:13:03.181,120,0,1,52,0,0,0,0,0,0,0x03
2026-09-06T21:13:03.247,121,0,2,52,0,0,0,0,0,0,0x03
2026-09-06T21:13:03.247,122,0,1,50,0,0,0,0,0,0,0x03
2026-09-06T21:13:03.312,123,0,2,51,0,0,0,0,0,0,0x03
2026-09-06T21:13:03.312,124,0,1,51,0,0,0,0,0,0,0x03
2026-09-06T21:13:03.378,125,0,2,51,0,0,0,0,0,0,0x03
2026-09-06T21:13:03.378,126,0,1,52,0,0,0,0,0,0,0x03
2026-09-06T21:13:03.459,127,0,2,52,0,0,0,0,0,0,0x03
2026-09-06T21:13:03.459,128,0,1,51,0,0,0,0,0,0,0x03
2026-09-06T21:13:03.523,129,0,2,51,0,0,0,0,0,0,0x03
2026-09-06T21:13:03.523,130,0,1,50,0,0,0,0,0,0,0x03
2026-09-06T21:13:03.588,131,0,2,55,0,0,0,0,0,0,0x03
2026-09-06T21:13:03.588,132,0,1,50,0,0,0,0,0,0,0x03
2026-09-06T21:13:03.654,133,0,2,51,0,0,0,0,0,0,0x03
2026-09-06T21:13:03.654,134,0,1,52,0,0,0,0,0,0,0x03
2026-09-06T21:13:03.719,135,0,2,51,0,0,0,0,0,0,0x03
2026-09-06T21:13:03.784,137,0,2,50,0,0,12361,0,0,4214,0x07
2026-09-06T21:13:03.784,136,0,1,50,0,0,30694,0,0,29425,0x07
2026-09-06T21:13:03.848,139,0,2,51,1193,412,15680,0,0,5374,0x07
2026-09-06T21:13:03.848,136,0,1,51,3374,549,40000,3236,20,40000,0x07
2026-09-06T21:13:03.913,139,0,2,51,779,706,9255,355,78,6550,0x07
2026-09-06T21:13:03.994,139,0,2,50,779,280,11065,355,340,5439,0x07
2026-09-06T21:13:03.995,144,0,1,50,3329,600,40000,3341,0,40000,0x07
2026-09-06T21:13:04.059,145,0,2,50,0,0,8667,0,0,4450,0x07
2026-09-06T21:13:04.059,144,0,1,51,3327,1196,39364,3500,0,40000,0x07
2026-09-06T21:13:04.124,145,0,2,52,746,231,10857,253,38,5361,0x07
2026-09-06T21:13:04.124,148,0,1,51,3327,1216,39281,3500,0,40000,0x07
2026-09-06T21:13:04.189,145,0,2,52,746,288,10612,253,154,4870,0x07
2026-09-06T21:13:04.189,150,0,1,50,3101,1360,35819,3500,0,40000,0x07
2026-09-06T21:13:04.254,151,0,2,50,0,0,8605,0,0,4924,0x07
2026-09-06T21:13:04.254,152,0,1,53,1604,1396,16794,2439,0,33050,0x07
2026-09-06T21:13:04.320,153,0,2,51,739,196,10911,305,0,6221,0x07
2026-09-06T21:13:04.320,154,0,1,50,1604,1180,17713,2439,0,33050,0x07
2026-09-06T21:13:04.384,155,0,2,52,764,346,10589,246,346,3961,0x07
2026-09-06T21:13:04.385,156,0,1,50,0,0,26685,0,0,29320,0x07
2026-09-06T21:13:04.449,157,0,2,51,0,0,0,0,0,0,0x03
2026-09-06T21:13:04.449,158,0,1,51,-2894,-137,38401,-3224,-118,40000,0x07
2026-09-06T21:13:04.515,159,0,2,50,0,0,0,0,0,0,0x03
2026-09-06T21:13:04.580,161,0,2,50,0,0,8554,0,0,17936,0x07
2026-09-06T21:13:04.661,163,0,2,50,-732,-800,8267,0,0,16136,0x07
2026-09-06T21:13:04.661,160,0,1,50,-3374,-600,40000,-3363,-600,40000,0x07
2026-09-06T21:13:04.726,163,0,2,50,-1960,-820,23547,-1550,-520,20516,0x07
2026-09-06T21:13:04.726,164,0,1,52,-3374,-19,40000,-3401,-38,40000,0x07
2026-09-06T21:13:04.791,165,0,2,51,-1960,-588,24532,-1550,-1588,15976,0x07
2026-09-06T21:13:04.791,168,0,1,51,0,0,0,0,0,0,0x03
2026-09-06T21:13:04.856,165,0,2,51,-1381,-784,16449,-318,-98,5971,0x07
2026-09-06T21:13:04.856,170,0,1,51,0,0,0,0,0,0,0x03
2026-09-06T21:13:04.921,171,0,2,50,0,0,12174,0,0,7426,0x07
2026-09-06T21:13:04.921,172,0,1,54,0,0,0,0,0,0,0x03
2026-09-06T21:13:04.985,173,0,2,52,1170,192,16330,583,58,9659,0x07
2026-09-06T21:13:04.985,174,0,1,51,0,0,0,0,0,0,0x03
2026-09-06T21:13:05.050,175,0,2,56,1261,36,18132,442,54,7812,0x07
2026-09-06T21:13:05.050,176,0,1,50,0,0,0,0,0,0,0x03
2026-09-06T21:13:05.131,177,0,2,51,1261,255,17200,442,78,7706,0x07
2026-09-06T21:13:05.132,178,0,1,50,0,0,0,0,0,0,0x03
2026-09-06T21:13:05.196,179,0,2,51,0,0,15451,0,0,11869,0x07
2026-09-06T21:13:05.196,180,0,1,50,0,0,0,0,0,0,0x03
2026-09-06T21:13:05.261,181,0,2,50,-1566,-180,21342,-1077,-140,15850,0x07
2026-09-06T21:13:05.262,182,0,1,51,0,0,0,0,0,0,0x03
2026-09-06T21:13:05.327,183,0,2,50,-1814,-640,22487,-1464,-1340,15890,0x07
2026-09-06T21:13:05.327,184,0,1,52,0,0,0,0,0,0,0x03
2026-09-06T21:13:05.393,185,0,2,51,-1989,-961,23320,-1639,-824,20395,0x07
2026-09-06T21:13:05.393,186,0,1,50,0,0,0,0,0,0,0x03
2026-09-06T21:13:05.457,187,0,2,56,-2201,-1196,24964,-1889,-1143,22350,0x07
2026-09-06T21:13:05.457,188,0,1,52,0,0,0,0,0,0,0x03
2026-09-06T21:13:05.522,189,0,2,50,-2201,-1440,23929,-1889,-1300,21683,0x07
2026-09-06T21:13:05.522,190,0,1,51,0,0,0,0,0,0,0x03
2026-09-06T21:13:05.587,191,0,2,51,-2266,-1686,23697,-1944,-1353,22186,0x07
2026-09-06T21:13:05.587,192,0,1,50,0,0,0,0,0,0,0x03
2026-09-06T21:13:05.653,193,0,2,51,-2221,-1725,22973,-1846,-1490,20308,0x07
2026-09-06T21:13:05.653,194,0,1,50,0,0,0,0,0,0,0x03
2026-09-06T21:13:05.734,195,0,2,58,-2294,-2017,22650,-1984,-1672,21366,0x07
2026-09-06T21:13:05.734,196,0,1,50,0,0,0,0,0,0,0x03
2026-09-06T21:13:05.799,197,0,2,51,-2294,-2020,22640,-1984,-1745,21057,0x07
2026-09-06T21:13:05.799,198,0,1,55,809,0,12711,237,0,5056,0x07
2026-09-06T21:13:05.864,199,0,2,50,0,0,27667,0,0,28412,0x07
2026-09-06T21:13:05.864,200,0,1,51,0,0,0,0,0,0,0x03
2026-09-06T21:13:05.929,201,0,2,51,0,0,17708,0,0,15695,0x07
2026-09-06T21:13:05.929,202,0,1,51,0,0,13426,0,0,10740,0x07
2026-09-06T21:13:05.994,203,0,2,51,0,0,28033,0,0,28958,0x07
2026-09-06T21:13:05.994,204,0,1,50,0,0,13517,0,0,9077,0x07
2026-09-06T21:13:06.060,205,0,2,52,0,0,8292,0,0,3366,0x07
2026-09-06T21:13:06.060,206,0,1,50,-1317,-340,17669,-831,0,12610,0x07
2026-09-06T21:13:06.125,207,0,2,51,-701,-157,10604,0,0,4407,0x07
2026-09-06T21:13:06.125,208,0,1,50,0,0,17498,0,0,13545,0x07
2026-09-06T21:13:06.190,209,0,2,51,0,0,0,0,0,0,0x03
2026-09-06T21:13:06.190,210,0,1,57,1837,474,23660,1399,0,19828,0x07
2026-09-06T21:13:06.239,211,0,2,50,0,0,0,0,0,0,0x03
2026-09-06T21:13:06.239,212,0,1,50,1837,340,24228,1399,0,19828,0x07
