timestamp,sequence,team,robot_id,interval_ms,left_target_eps,left_measured_eps,left_duty,right_target_eps,right_measured_eps,right_duty,flags
2026-09-06T20:53:14.285,401,0,2,50,0,0,0,0,0,0,0x03
2026-09-06T20:53:14.285,400,0,1,50,0,0,0,0,0,0,0x03
2026-09-06T20:53:14.306,403,0,2,50,0,0,0,0,0,0,0x03
2026-09-06T20:53:14.306,402,0,1,50,0,0,0,0,0,0,0x03
2026-09-06T20:53:14.371,405,0,2,51,0,0,0,0,0,0,0x03
2026-09-06T20:53:14.371,404,0,1,50,0,0,0,0,0,0,0x03
2026-09-06T20:53:14.436,407,0,2,50,0,0,0,0,0,0,0x03
2026-09-06T20:53:14.436,406,0,1,51,0,0,0,0,0,0,0x03
2026-09-06T20:53:14.501,1,0,2,50,0,0,0,0,0,0,0x03
2026-09-06T20:53:14.501,0,0,1,51,0,0,0,0,0,0,0x03
2026-09-06T20:53:14.582,3,0,2,51,0,0,0,0,0,0,0x03
2026-09-06T20:53:14.582,2,0,1,51,0,0,0,0,0,0,0x03
2026-09-06T20:53:14.647,5,0,2,52,0,0,0,0,0,0,0x03
2026-09-06T20:53:14.647,4,0,1,50,0,0,0,0,0,0,0x03
2026-09-06T20:53:14.712,7,0,2,52,0,0,0,0,0,0,0x03
2026-09-06T20:53:14.712,6,0,1,51,0,0,0,0,0,0,0x03
2026-09-06T20:53:14.777,9,0,2,51,0,0,0,0,0,0,0x03
2026-09-06T20:53:14.777,8,0,1,52,0,0,0,0,0,0,0x03
2026-09-06T20:53:14.842,11,0,2,50,0,0,0,0,0,0,0x03
2026-09-06T20:53:14.842,10,0,1,52,0,0,0,0,0,0,0x03
2026-09-06T20:53:14.907,13,0,2,50,0,0,0,0,0,0,0x03
2026-09-06T20:53:14.907,12,0,1,50,0,0,0,0,0,0,0x03
2026-09-06T20:53:14.972,15,0,2,51,0,0,0,0,0,0,0x03
2026-09-06T20:53:14.972,14,0,1,52,0,0,0,0,0,0,0x03
2026-09-06T20:53:15.037,17,0,2,50,0,0,0,0,0,0,0x03
2026-09-06T20:53:15.037,16,0,1,51,0,0,0,0,0,0,0x03
2026-09-06T20:53:15.119,19,0,2,51,0,0,0,0,0,0,0x03
2026-09-06T20:53:15.119,18,0,1,50,0,0,0,0,0,0,0x03
2026-09-06T20:53:15.184,21,0,2,50,0,0,0,0,0,0,0x03
2026-09-06T20:53:15.184,20,0,1,51,0,0,0,0,0,0,0x03
2026-09-06T20:53:15.249,23,0,2,53,0,0,0,0,0,0,0x03
2026-09-06T20:53:15.249,22,0,1,50,0,0,0,0,0,0,0x03
2026-09-06T20:53:15.314,25,0,2,51,0,0,0,0,0,0,0x03
2026-09-06T20:53:15.314,24,0,1,51,0,0,0,0,0,0,0x03
2026-09-06T20:53:15.379,27,0,2,51,0,0,0,0,0,0,0x03
2026-09-06T20:53:15.379,26,0,1,55,0,0,0,0,0,0,0x03
2026-09-06T20:53:15.444,29,0,2,51,0,0,0,0,0,0,0x03
2026-09-06T20:53:15.444,28,0,1,50,0,0,0,0,0,0,0x03
2026-09-06T20:53:15.509,31,0,2,52,0,0,0,0,0,0,0x03
2026-09-06T20:53:15.509,30,0,1,52,0,0,0,0,0,0,0x03
2026-09-06T20:53:15.573,33,0,2,51,0,0,0,0,0,0,0x03
2026-09-06T20:53:15.574,32,0,1,51,0,0,0,0,0,0,0x03
2026-09-06T20:53:15.655,35,0,2,50,0,0,0,0,0,0,0x03
2026-09-06T20:53:15.655,34,0,1,50,0,0,0,0,0,0,0x03
2026-09-06T20:53:15.720,37,0,2,50,0,0,0,0,0,0,0x03
2026-09-06T20:53:15.720,36,0,1,52,0,0,0,0,0,0,0x03
2026-09-06T20:53:15.785,39,0,2,52,0,0,0,0,0,0,0x03
2026-09-06T20:53:15.785,38,0,1,50,0,0,0,0,0,0,0x03
2026-09-06T20:53:15.850,41,0,2,54,0,0,0,0,0,0,0x03
2026-09-06T20:53:15.850,40,0,1,51,0,0,0,0,0,0,0x03
2026-09-06T20:53:15.915,43,0,2,52,0,0,0,0,0,0,0x03
2026-09-06T20:53:15.916,42,0,1,51,0,0,0,0,0,0,0x03
2026-09-06T20:53:15.981,45,0,2,52,0,0,0,0,0,0,0x03
2026-09-06T20:53:15.981,44,0,1,50,0,0,0,0,0,0,0x03
2026-09-06T20:53:16.046,47,0,2,50,0,0,0,0,0,0,0x03
2026-09-06T20:53:16.046,46,0,1,51,0,0,0,0,0,0,0x03
2026-09-06T20:53:16.111,49,0,2,50,0,0,0,0,0,0,0x03
2026-09-06T20:53:16.111,48,0,1,52,0,0,0,0,0,0,0x03
2026-09-06T20:53:16.192,51,0,2,50,0,0,0,0,0,0,0x03
2026-09-06T20:53:16.192,50,0,1,51,0,0,0,0,0,0,0x03
2026-09-06T20:53:16.241,53,0,2,50,0,0,0,0,0,0,0x03
2026-09-06T20:53:16.241,52,0,1,51,0,0,0,0,0,0,0x03
2026-09-06T20:53:16.322,55,0,2,52,0,0,0,0,0,0,0x03
2026-09-06T20:53:16.322,54,0,1,51,0,0,0,0,0,0,0x03
2026-09-06T20:53:16.387,57,0,2,51,0,0,0,0,0,0,0x03
2026-09-06T20:53:16.387,56,0,1,50,0,0,24602,0,0,30787,0x07
2026-09-06T20:53:16.452,59,0,2,52,0,0,0,0,0,0,0x03
2026-09-06T20:53:16.452,58,0,1,50,2868,80,36452,3484,40,40000,0x07
2026-09-06T20:53:16.517,61,0,2,50,0,0,0,0,0,0,0x03
2026-09-06T20:53:16.518,60,0,1,52,3035,1654,31760,3326,1250,38305,0x07
2026-09-06T20:53:16.582,63,0,2,52,0,0,0,0,0,0,0x03
2026-09-06T20:53:16.582,62,0,1,50,3036,2100,29876,3329,1060,39152,0x07
2026-09-06T20:53:16.647,65,0,2,51,0,0,0,0,0,0,0x03
2026-09-06T20:53:16.647,64,0,1,51,3048,1863,31035,3334,1431,37644,0x07
2026-09-06T20:53:16.712,67,0,2,51,0,0,0,0,0,0,0x03
2026-09-06T20:53:16.712,66,0,1,52,3189,1481,34356,3381,1750,36867,0x07
2026-09-06T20:53:16.777,69,0,2,50,0,0,0,0,0,0,0x03
2026-09-06T20:53:16.777,68,0,1,50,3160,1760,32821,3415,2000,36239,0x07
2026-09-06T20:53:16.859,71,0,2,52,0,0,0,0,0,0,0x03
2026-09-06T20:53:16.859,70,0,1,51,2936,2078,28773,3344,2020,35258,0x07
2026-09-06T20:53:16.924,73,0,2,50,0,0,0,0,0,0,0x03
2026-09-06T20:53:16.924,72,0,1,52,2401,2231,21703,2878,2385,27885,0x07
2026-09-06T20:53:16.990,75,0,2,51,0,0,0,0,0,0,0x03
2026-09-06T20:53:16.990,74,0,1,50,2401,2140,22088,2878,2360,27989,0x07
2026-09-06T20:53:17.055,77,0,2,51,0,0,0,0,0,0,0x03
2026-09-06T20:53:17.055,76,0,1,50,2259,2160,20297,2746,2380,26244,0x07
2026-09-06T20:53:17.120,79,0,2,50,0,0,0,0,0,0,0x03
2026-09-06T20:53:17.121,78,0,1,50,2338,2280,20735,2754,2300,26695,0x07
2026-09-06T20:53:17.186,81,0,2,50,0,0,0,0,0,0,0x03
2026-09-06T20:53:17.186,80,0,1,51,2339,2059,21679,2767,1961,28288,0x07
2026-09-06T20:53:17.251,83,0,2,51,0,0,0,0,0,0,0x03
2026-09-06T20:53:17.251,82,0,1,50,2284,960,25697,2736,1380,30376,0x07
2026-09-06T20:53:17.315,85,0,2,51,0,0,0,0,0,0,0x03
2026-09-06T20:53:17.316,84,0,1,53,2239,321,27867,2676,1113,30761,0x07
2026-09-06T20:53:17.381,87,0,2,54,0,0,0,0,0,0,0x03
2026-09-06T20:53:17.381,86,0,1,51,2239,333,27814,2676,882,31742,0x07
2026-09-06T20:53:17.462,89,0,2,52,0,0,0,0,0,0,0x03
2026-09-06T20:53:17.462,88,0,1,50,2775,400,33973,2987,840,35803,0x07
2026-09-06T20:53:17.527,91,0,2,52,0,0,0,0,0,0,0x03
2026-09-06T20:53:17.527,90,0,1,51,2994,392,36632,3207,843,38553,0x07
2026-09-06T20:53:17.592,93,0,2,50,0,0,0,0,0,0,0x03
2026-09-06T20:53:17.592,92,0,1,50,3128,780,36601,3330,360,40000,0x07
2026-09-06T20:53:17.658,95,0,2,51,0,0,0,0,0,0,0x03
2026-09-06T20:53:17.658,94,0,1,51,0,0,0,0,0,0,0x03
2026-09-06T20:53:17.723,97,0,2,51,0,0,0,0,0,0,0x03
2026-09-06T20:53:17.723,96,0,1,51,0,0,0,0,0,0,0x03
2026-09-06T20:53:17.788,99,0,2,50,0,0,0,0,0,0,0x03
2026-09-06T20:53:17.788,98,0,1,50,0,0,24149,0,0,28508,0x07
2026-09-06T20:53:17.853,101,0,2,50,0,0,0,0,0,0,0x03
2026-09-06T20:53:17.853,100,0,1,51,2810,39,35924,3208,59,40000,0x07
2026-09-06T20:53:17.919,103,0,2,51,0,0,0,0,0,0,0x03
2026-09-06T20:53:17.919,102,0,1,50,0,0,0,0,0,0,0x03
2026-09-06T20:53:18.000,105,0,2,50,0,0,0,0,0,0,0x03
2026-09-06T20:53:18.000,104,0,1,51,0,0,0,0,0,0,0x03
2026-09-06T20:53:18.049,107,0,2,51,0,0,0,0,0,0,0x03
2026-09-06T20:53:18.049,106,0,1,50,0,0,0,0,0,0,0x03
2026-09-06T20:53:18.131,109,0,2,51,0,0,0,0,0,0,0x03
2026-09-06T20:53:18.131,108,0,1,50,0,0,0,0,0,0,0x03
2026-09-06T20:53:18.196,111,0,2,55,0,0,0,0,0,0,0x03
2026-09-06T20:53:18.196,110,0,1,51,0,0,0,0,0,0,0x03
2026-09-06T20:53:18.261,113,0,2,50,0,0,0,0,0,0,0x03
2026-09-06T20:53:18.261,112,0,1,50,0,0,0,0,0,0,0x03
2026-09-06T20:53:18.327,115,0,2,52,0,0,0,0,0,0,0x03
2026-09-06T20:53:18.327,114,0,1,51,0,0,0,0,0,0,0x03
2026-09-06T20:53:18.391,117,0,2,51,0,0,0,0,0,0,0x03
2026-09-06T20:53:18.391,116,0,1,52,0,0,0,0,0,0,0x03
2026-09-06T20:53:18.456,119,0,2,50,0,0,0,0,0,0,0x03
2026-09-06T20:53:18.456,118,0,1,51,0,0,0,0,0,0,0x03
2026-09-06T20:53:18.522,121,0,2,51,0,0,0,0,0,0,0x03
2026-09-06T20:53:18.522,120,0,1,51,0,0,0,0,0,0,0x03
2026-09-06T20:53:18.587,123,0,2,52,0,0,0,0,0,0,0x03
2026-09-06T20:53:18.587,122,0,1,51,0,0,0,0,0,0,0x03
2026-09-06T20:53:18.653,125,0,2,50,0,0,0,0,0,0,0x03
2026-09-06T20:53:18.653,124,0,1,52,0,0,0,0,0,0,0x03
2026-09-06T20:53:18.734,127,0,2,50,0,0,0,0,0,0,0x03
2026-09-06T20:53:18.734,126,0,1,50,0,0,0,0,0,0,0x03
2026-09-06T20:53:18.799,129,0,2,51,0,0,0,0,0,0,0x03
2026-09-06T20:53:18.799,128,0,1,51,0,0,0,0,0,0,0x03
2026-09-06T20:53:18.865,131,0,2,50,0,0,0,0,0,0,0x03
2026-09-06T20:53:18.865,130,0,1,50,0,0,0,0,0,0,0x03
2026-09-06T20:53:18.930,133,0,2,51,0,0,0,0,0,0,0x03
2026-09-06T20:53:18.930,132,0,1,52,0,0,0,0,0,0,0x03
2026-09-06T20:53:18.995,135,0,2,51,0,0,0,0,0,0,0x03
2026-09-06T20:53:18.995,134,0,1,53,0,0,0,0,0,0,0x03
2026-09-06T20:53:19.060,137,0,2,56,0,0,0,0,0,0,0x03
2026-09-06T20:53:19.060,136,0,1,51,0,0,0,0,0,0,0x03
2026-09-06T20:53:19.125,139,0,2,52,0,0,0,0,0,0,0x03
2026-09-06T20:53:19.125,138,0,1,52,0,0,0,0,0,0,0x03
2026-09-06T20:53:19.190,141,0,2,52,0,0,0,0,0,0,0x03
2026-09-06T20:53:19.190,140,0,1,51,0,0,0,0,0,0,0x03
2026-09-06T20:53:19.271,143,0,2,51,0,0,0,0,0,0,0x03
2026-09-06T20:53:19.271,142,0,1,54,0,0,0,0,0,0,0x03
2026-09-06T20:53:19.336,145,0,2,55,0,0,0,0,0,0,0x03
2026-09-06T20:53:19.336,144,0,1,50,0,0,0,0,0,0,0x03
2026-09-06T20:53:19.401,147,0,2,50,0,0,0,0,0,0,0x03
2026-09-06T20:53:19.401,146,0,1,50,0,0,0,0,0,0,0x03
2026-09-06T20:53:19.466,149,0,2,51,0,0,0,0,0,0,0x03
2026-09-06T20:53:19.466,148,0,1,52,0,0,0,0,0,0,0x03
2026-09-06T20:53:19.531,151,0,2,51,0,0,0,0,0,0,0x03
2026-09-06T20:53:19.531,150,0,1,52,0,0,0,0,0,0,0x03
2026-09-06T20:53:19.597,153,0,2,50,0,0,0,0,0,0,0x03
2026-09-06T20:53:19.597,152,0,1,50,0,0,0,0,0,0,0x03
2026-09-06T20:53:19.661,155,0,2,50,0,0,0,0,0,0,0x03
2026-09-06T20:53:19.661,154,0,1,50,0,0,0,0,0,0,0x03
2026-09-06T20:53:19.726,157,0,2,52,0,0,0,0,0,0,0x03
2026-09-06T20:53:19.726,156,0,1,52,0,0,0,0,0,0,0x03
2026-09-06T20:53:19.808,159,0,2,51,0,0,0,0,0,0,0x03
2026-09-06T20:53:19.808,158,0,1,52,0,0,0,0,0,0,0x03
2026-09-06T20:53:19.857,161,0,2,51,0,0,0,0,0,0,0x03
2026-09-06T20:53:19.857,160,0,1,51,0,0,0,0,0,0,0x03
2026-09-06T20:53:19.938,163,0,2,52,0,0,0,0,0,0,0x03
2026-09-06T20:53:19.938,162,0,1,51,0,0,0,0,0,0,0x03
2026-09-06T20:53:20.003,165,0,2,52,0,0,0,0,0,0,0x03
2026-09-06T20:53:20.003,164,0,1,51,0,0,0,0,0,0,0x03
2026-09-06T20:53:20.068,167,0,2,50,0,0,0,0,0,0,0x03
2026-09-06T20:53:20.068,166,0,1,52,0,0,0,0,0,0,0x03
2026-09-06T20:53:20.133,169,0,2,50,0,0,0,0,0,0,0x03
2026-09-06T20:53:20.133,168,0,1,52,0,0,0,0,0,0,0x03
2026-09-06T20:53:20.198,171,0,2,51,0,0,0,0,0,0,0x03
2026-09-06T20:53:20.198,170,0,1,50,0,0,0,0,0,0,0x03
2026-09-06T20:53:20.263,173,0,2,50,0,0,0,0,0,0,0x03
2026-09-06T20:53:20.263,172,0,1,52,0,0,0,0,0,0,0x03
2026-09-06T20:53:20.328,175,0,2,51,0,0,0,0,0,0,0x03
2026-09-06T20:53:20.328,174,0,1,52,0,0,0,0,0,0,0x03
2026-09-06T20:53:20.393,177,0,2,53,0,0,0,0,0,0,0x03
2026-09-06T20:53:20.393,176,0,1,52,0,0,0,0,0,0,0x03
2026-09-06T20:53:20.474,179,0,2,51,0,0,0,0,0,0,0x03
2026-09-06T20:53:20.474,178,0,1,52,0,0,0,0,0,0,0x03
2026-09-06T20:53:20.506,181,0,2,52,0,0,0,0,0,0,0x03
2026-09-06T20:53:20.506,180,0,1,51,0,0,0,0,0,0,0x03
