timestamp,sequence,team,robot_id,interval_ms,left_target_eps,left_measured_eps,left_duty,right_target_eps,right_measured_eps,right_duty,flags
2026-09-06T16:38:22.338,378,0,0,52,521,0,10204,880,0,13732,0x07
2026-09-06T16:38:22.338,381,0,2,50,0,0,0,0,0,0,0x03
2026-09-06T16:38:22.359,380,0,0,50,512,0,10090,870,0,13602,0x07
2026-09-06T16:38:22.359,65535,255,2,0,0,0,0,0,0,0,0x03
2026-09-06T16:38:22.424,382,0,0,50,508,0,10039,864,0,13532,0x07
2026-09-06T16:38:22.424,385,0,2,50,0,0,0,0,0,0,0x03
2026-09-06T16:38:22.488,384,0,0,50,0,0,0,0,0,0,0x03
2026-09-06T16:38:22.489,1,0,2,50,0,0,0,0,0,0,0x03
2026-09-06T16:38:22.554,0,0,0,50,0,0,0,0,0,0,0x03
2026-09-06T16:38:22.554,3,0,2,50,0,0,0,0,0,0,0x03
2026-09-06T16:38:22.618,2,0,0,50,0,0,0,0,0,0,0x03
2026-09-06T16:38:22.618,5,0,2,52,0,0,0,0,0,0,0x03
2026-09-06T16:38:22.699,4,0,0,51,0,0,0,0,0,0,0x03
2026-09-06T16:38:22.699,7,0,2,50,0,0,0,0,0,0,0x03
2026-09-06T16:38:22.764,6,0,0,50,0,0,0,0,0,0,0x03
2026-09-06T16:38:22.764,9,0,2,51,0,0,0,0,0,0,0x03
2026-09-06T16:38:22.829,8,0,0,50,0,0,0,0,0,0,0x03
2026-09-06T16:38:22.829,11,0,2,50,0,0,0,0,0,0,0x03
2026-09-06T16:38:22.894,10,0,0,50,0,0,0,0,0,0,0x03
2026-09-06T16:38:22.894,13,0,2,52,0,0,0,0,0,0,0x03
2026-09-06T16:38:22.959,12,0,0,50,0,0,0,0,0,0,0x03
2026-09-06T16:38:22.959,15,0,2,50,0,0,0,0,0,0,0x03
2026-09-06T16:38:23.024,14,0,0,50,0,0,0,0,0,0,0x03
2026-09-06T16:38:23.024,17,0,2,51,0,0,0,0,0,0,0x03
2026-09-06T16:38:23.089,16,0,0,50,0,0,0,0,0,0,0x03
2026-09-06T16:38:23.089,19,0,2,50,0,0,0,0,0,0,0x03
2026-09-06T16:38:23.154,18,0,0,50,0,0,0,0,0,0,0x03
2026-09-06T16:38:23.154,21,0,2,51,0,0,0,0,0,0,0x03
2026-09-06T16:38:23.234,20,0,0,51,0,0,0,0,0,0,0x03
2026-09-06T16:38:23.234,23,0,2,52,0,0,0,0,0,0,0x03
2026-09-06T16:38:23.299,22,0,0,50,0,0,0,0,0,0,0x03
2026-09-06T16:38:23.299,25,0,2,54,0,0,0,0,0,0,0x03
2026-09-06T16:38:23.364,24,0,0,52,0,0,0,0,0,0,0x03
2026-09-06T16:38:23.365,27,0,2,52,0,0,0,0,0,0,0x03
2026-09-06T16:38:23.429,26,0,0,51,0,0,0,0,0,0,0x03
2026-09-06T16:38:23.429,29,0,2,51,0,0,0,0,0,0,0x03
2026-09-06T16:38:23.495,28,0,0,52,0,0,0,0,0,0,0x03
2026-09-06T16:38:23.495,31,0,2,50,0,0,0,0,0,0,0x03
2026-09-06T16:38:23.560,30,0,0,50,0,0,0,0,0,0,0x03
2026-09-06T16:38:23.560,33,0,2,51,0,0,0,0,0,0,0x03
2026-09-06T16:38:23.625,32,0,0,52,0,0,0,0,0,0,0x03
2026-09-06T16:38:23.625,35,0,2,52,0,0,0,0,0,0,0x03
2026-09-06T16:38:23.690,34,0,0,50,0,0,0,0,0,0,0x03
2026-09-06T16:38:23.690,37,0,2,52,0,0,0,0,0,0,0x03
2026-09-06T16:38:23.771,36,0,0,50,0,0,0,0,0,0,0x03
2026-09-06T16:38:23.771,39,0,2,51,0,0,0,0,0,0,0x03
2026-09-06T16:38:23.836,38,0,0,50,0,0,0,0,0,0,0x03
2026-09-06T16:38:23.836,41,0,2,52,0,0,0,0,0,0,0x03
2026-09-06T16:38:23.901,40,0,0,50,0,0,0,0,0,0,0x03
2026-09-06T16:38:23.901,43,0,2,50,0,0,0,0,0,0,0x03
2026-09-06T16:38:23.966,42,0,0,50,0,0,0,0,0,0,0x03
2026-09-06T16:38:23.966,45,0,2,50,0,0,0,0,0,0,0x03
2026-09-06T16:38:24.032,44,0,0,52,0,0,0,0,0,0,0x03
2026-09-06T16:38:24.032,47,0,2,51,0,0,0,0,0,0,0x03
2026-09-06T16:38:24.097,46,0,0,54,0,0,0,0,0,0,0x03
2026-09-06T16:38:24.097,49,0,2,50,0,0,0,0,0,0,0x03
2026-09-06T16:38:24.162,48,0,0,51,0,0,0,0,0,0,0x03
2026-09-06T16:38:24.227,50,0,0,52,0,0,0,0,0,0,0x03
2026-09-06T16:38:24.227,53,0,2,52,0,0,0,0,0,0,0x03
2026-09-06T16:38:24.293,52,0,0,51,0,0,0,0,0,0,0x03
2026-09-06T16:38:24.293,53,0,2,51,0,0,0,0,0,0,0x03
2026-09-06T16:38:24.358,52,0,0,50,0,0,0,0,0,0,0x03
2026-09-06T16:38:24.358,57,0,2,54,0,0,0,0,0,0,0x03
2026-09-06T16:38:24.439,52,0,0,51,0,0,0,0,0,0,0x03
2026-09-06T16:38:24.439,59,0,2,51,0,0,0,0,0,0,0x03
2026-09-06T16:38:24.504,58,0,0,52,0,0,0,0,0,0,0x03
2026-09-06T16:38:24.504,61,0,2,52,0,0,0,0,0,0,0x03
2026-09-06T16:38:24.569,60,0,0,50,0,0,0,0,0,0,0x03
2026-09-06T16:38:24.569,63,0,2,52,0,0,0,0,0,0,0x03
2026-09-06T16:38:24.634,62,0,0,52,0,0,0,0,0,0,0x03
2026-09-06T16:38:24.634,65,0,2,51,0,0,0,0,0,0,0x03
2026-09-06T16:38:24.700,64,0,0,50,0,0,0,0,0,0,0x03
2026-09-06T16:38:24.700,67,0,2,52,0,0,0,0,0,0,0x03
2026-09-06T16:38:24.765,66,0,0,51,0,0,0,0,0,0,0x03
2026-09-06T16:38:24.765,69,0,2,52,0,0,0,0,0,0,0x03
2026-09-06T16:38:24.830,68,0,0,50,0,0,0,0,0,0,0x03
2026-09-06T16:38:24.831,71,0,2,50,0,0,0,0,0,0,0x03
2026-09-06T16:38:24.896,70,0,0,51,0,0,0,0,0,0,0x03
2026-09-06T16:38:24.896,73,0,2,51,0,0,0,0,0,0,0x03
2026-09-06T16:38:24.960,72,0,0,56,0,0,0,0,0,0,0x03
2026-09-06T16:38:24.960,75,0,2,50,0,0,0,0,0,0,0x03
2026-09-06T16:38:25.042,74,0,0,50,0,0,0,0,0,0,0x03
2026-09-06T16:38:25.107,76,0,0,51,0,0,0,0,0,0,0x03
2026-09-06T16:38:25.107,77,0,2,50,0,0,0,0,0,0,0x03
2026-09-06T16:38:25.172,78,0,0,52,0,0,0,0,0,0,0x03
2026-09-06T16:38:25.172,77,0,2,50,0,0,0,0,0,0,0x03
2026-09-06T16:38:25.237,78,0,0,51,0,0,0,0,0,0,0x03
2026-09-06T16:38:25.237,83,0,2,50,0,0,0,0,0,0,0x03
2026-09-06T16:38:25.301,78,0,0,52,0,0,0,0,0,0,0x03
2026-09-06T16:38:25.302,85,0,2,51,0,0,0,0,0,0,0x03
2026-09-06T16:38:25.366,84,0,0,51,0,0,0,0,0,0,0x03
2026-09-06T16:38:25.366,87,0,2,52,0,0,0,0,0,0,0x03
2026-09-06T16:38:25.431,86,0,0,51,0,0,0,0,0,0,0x03
2026-09-06T16:38:25.431,89,0,2,52,0,0,0,0,0,0,0x03
2026-09-06T16:38:25.497,88,0,0,50,0,0,0,0,0,0,0x03
2026-09-06T16:38:25.497,91,0,2,51,0,0,0,0,0,0,0x03
2026-09-06T16:38:25.578,90,0,0,50,0,0,0,0,0,0,0x03
2026-09-06T16:38:25.578,93,0,2,50,0,0,0,0,0,0,0x03
2026-09-06T16:38:25.643,92,0,0,50,0,0,0,0,0,0,0x03
2026-09-06T16:38:25.643,95,0,2,51,0,0,0,0,0,0,0x03
2026-09-06T16:38:25.708,94,0,0,50,0,0,0,0,0,0,0x03
2026-09-06T16:38:25.708,97,0,2,50,0,0,0,0,0,0,0x03
2026-09-06T16:38:25.773,96,0,0,52,0,0,0,0,0,0,0x03
2026-09-06T16:38:25.773,99,0,2,51,0,0,0,0,0,0,0x03
2026-09-06T16:38:25.838,98,0,0,50,0,0,0,0,0,0,0x03
2026-09-06T16:38:25.838,101,0,2,50,0,0,0,0,0,0,0x03
2026-09-06T16:38:25.903,100,0,0,50,0,0,0,0,0,0,0x03
2026-09-06T16:38:25.903,103,0,2,50,0,0,0,0,0,0,0x03
2026-09-06T16:38:25.968,102,0,0,50,0,0,0,0,0,0,0x03
2026-09-06T16:38:25.968,105,0,2,50,0,0,0,0,0,0,0x03
2026-09-06T16:38:26.033,104,0,0,53,0,0,0,0,0,0,0x03
2026-09-06T16:38:26.033,107,0,2,51,0,0,0,0,0,0,0x03
2026-09-06T16:38:26.114,106,0,0,51,0,0,0,0,0,0,0x03
2026-09-06T16:38:26.114,109,0,2,52,0,0,0,0,0,0,0x03
2026-09-06T16:38:26.179,108,0,0,52,0,0,0,0,0,0,0x03
2026-09-06T16:38:26.179,111,0,2,52,0,0,0,0,0,0,0x03
2026-09-06T16:38:26.243,110,0,0,50,0,0,0,0,0,0,0x03
2026-09-06T16:38:26.243,113,0,2,55,0,0,0,0,0,0,0x03
2026-09-06T16:38:26.309,112,0,0,50,0,0,0,0,0,0,0x03
2026-09-06T16:38:26.309,115,0,2,50,0,0,0,0,0,0,0x03
2026-09-06T16:38:26.374,114,0,0,50,0,0,0,0,0,0,0x03
2026-09-06T16:38:26.374,117,0,2,51,0,0,0,0,0,0,0x03
2026-09-06T16:38:26.439,116,0,0,50,0,0,0,0,0,0,0x03
2026-09-06T16:38:26.439,119,0,2,50,0,0,0,0,0,0,0x03
2026-09-06T16:38:26.505,118,0,0,51,0,0,0,0,0,0,0x03
2026-09-06T16:38:26.505,121,0,2,50,0,0,0,0,0,0,0x03
2026-09-06T16:38:26.570,120,0,0,50,0,0,0,0,0,0,0x03
2026-09-06T16:38:26.570,123,0,2,50,0,0,0,0,0,0,0x03
2026-09-06T16:38:26.652,122,0,0,50,0,0,0,0,0,0,0x03
2026-09-06T16:38:26.652,125,0,2,50,0,0,0,0,0,0,0x03
2026-09-06T16:38:26.701,124,0,0,50,0,0,0,0,0,0,0x03
2026-09-06T16:38:26.701,127,0,2,51,0,0,0,0,0,0,0x03
2026-09-06T16:38:26.782,126,0,0,51,0,0,0,0,0,0,0x03
2026-09-06T16:38:26.782,129,0,2,51,0,0,0,0,0,0,0x03
2026-09-06T16:38:26.847,128,0,0,55,0,0,0,0,0,0,0x03
2026-09-06T16:38:26.847,131,0,2,50,0,0,0,0,0,0,0x03
2026-09-06T16:38:26.912,130,0,0,55,0,0,0,0,0,0,0x03
2026-09-06T16:38:26.912,133,0,2,51,0,0,0,0,0,0,0x03
2026-09-06T16:38:26.977,132,0,0,50,0,0,0,0,0,0,0x03
2026-09-06T16:38:26.977,135,0,2,51,0,0,0,0,0,0,0x03
2026-09-06T16:38:27.041,134,0,0,52,0,0,0,0,0,0,0x03
2026-09-06T16:38:27.041,137,0,2,50,0,0,0,0,0,0,0x03
2026-09-06T16:38:27.106,136,0,0,53,0,0,0,0,0,0,0x03
2026-09-06T16:38:27.106,139,0,2,51,0,0,0,0,0,0,0x03
2026-09-06T16:38:27.171,138,0,0,51,0,0,0,0,0,0,0x03
2026-09-06T16:38:27.171,141,0,2,51,0,0,0,0,0,0,0x03
2026-09-06T16:38:27.236,140,0,0,52,0,0,0,0,0,0,0x03
2026-09-06T16:38:27.236,143,0,2,50,0,0,0,0,0,0,0x03
2026-09-06T16:38:27.317,142,0,0,50,0,0,0,0,0,0,0x03
2026-09-06T16:38:27.317,145,0,2,55,0,0,0,0,0,0,0x03
2026-09-06T16:38:27.382,144,0,0,55,0,0,0,0,0,0,0x03
2026-09-06T16:38:27.383,147,0,2,50,0,0,0,0,0,0,0x03
2026-09-06T16:38:27.447,146,0,0,52,0,0,0,0,0,0,0x03
2026-09-06T16:38:27.447,149,0,2,51,0,0,0,0,0,0,0x03
2026-09-06T16:38:27.512,148,0,0,50,0,0,0,0,0,0,0x03
2026-09-06T16:38:27.512,151,0,2,55,0,0,0,0,0,0,0x03
2026-09-06T16:38:27.578,150,0,0,51,0,0,0,0,0,0,0x03
2026-09-06T16:38:27.578,153,0,2,51,0,0,0,0,0,0,0x03
2026-09-06T16:38:27.643,152,0,0,50,0,0,0,0,0,0,0x03
2026-09-06T16:38:27.643,155,0,2,51,0,0,0,0,0,0,0x03
2026-09-06T16:38:27.708,154,0,0,51,0,0,0,0,0,0,0x03
2026-09-06T16:38:27.708,157,0,2,51,0,0,0,0,0,0,0x03
2026-09-06T16:38:27.773,156,0,0,51,0,0,0,0,0,0,0x03
2026-09-06T16:38:27.773,159,0,2,50,0,0,0,0,0,0,0x03
2026-09-06T16:38:27.855,158,0,0,51,0,0,0,0,0,0,0x03
2026-09-06T16:38:27.855,161,0,2,51,0,0,0,0,0,0,0x03
2026-09-06T16:38:27.920,160,0,0,51,0,0,0,0,0,0,0x03
2026-09-06T16:38:27.920,163,0,2,50,0,0,0,0,0,0,0x03
2026-09-06T16:38:27.985,162,0,0,51,0,0,0,0,0,0,0x03
2026-09-06T16:38:27.985,165,0,2,51,0,0,0,0,0,0,0x03
2026-09-06T16:38:28.049,164,0,0,52,0,0,0,0,0,0,0x03
2026-09-06T16:38:28.049,167,0,2,50,0,0,0,0,0,0,0x03
2026-09-06T16:38:28.114,166,0,0,51,0,0,0,0,0,0,0x03
2026-09-06T16:38:28.114,169,0,2,50,0,0,0,0,0,0,0x03
2026-09-06T16:38:28.179,168,0,0,50,0,0,0,0,0,0,0x03
2026-09-06T16:38:28.179,171,0,2,50,0,0,0,0,0,0,0x03
2026-09-06T16:38:28.244,170,0,0,50,0,0,0,0,0,0,0x03
2026-09-06T16:38:28.244,173,0,2,50,0,0,0,0,0,0,0x03
2026-09-06T16:38:28.310,172,0,0,50,0,0,0,0,0,0,0x03
2026-09-06T16:38:28.310,175,0,2,50,0,0,0,0,0,0,0x03
2026-09-06T16:38:28.391,174,0,0,51,0,0,0,0,0,0,0x03
2026-09-06T16:38:28.391,177,0,2,53,0,0,0,0,0,0,0x03
2026-09-06T16:38:28.456,176,0,0,51,0,0,0,0,0,0,0x03
2026-09-06T16:38:28.456,179,0,2,52,0,0,0,0,0,0,0x03
2026-09-06T16:38:28.521,178,0,0,52,0,0,0,0,0,0,0x03
2026-09-06T16:38:28.522,181,0,2,52,0,0,0,0,0,0,0x03
2026-09-06T16:38:28.587,180,0,0,51,0,0,0,0,0,0,0x03
2026-09-06T16:38:28.587,183,0,2,55,0,0,0,0,0,0,0x03
2026-09-06T16:38:28.652,182,0,0,50,0,0,0,0,0,0,0x03
2026-09-06T16:38:28.653,185,0,2,50,0,0,0,0,0,0,0x03
2026-09-06T16:38:28.717,184,0,0,51,0,0,0,0,0,0,0x03
2026-09-06T16:38:28.717,187,0,2,52,0,0,0,0,0,0,0x03
2026-09-06T16:38:28.782,186,0,0,50,0,0,0,0,0,0,0x03
2026-09-06T16:38:28.782,189,0,2,50,0,0,0,0,0,0,0x03
2026-09-06T16:38:28.847,188,0,0,50,0,0,0,0,0,0,0x03
2026-09-06T16:38:28.847,191,0,2,51,0,0,0,0,0,0,0x03
2026-09-06T16:38:28.912,190,0,0,52,0,0,0,0,0,0,0x03
2026-09-06T16:38:28.912,193,0,2,50,0,0,0,0,0,0,0x03
2026-09-06T16:38:28.977,192,0,0,52,0,0,0,0,0,0,0x03
2026-09-06T16:38:28.977,195,0,2,51,0,0,0,0,0,0,0x03
2026-09-06T16:38:29.059,194,0,0,51,0,0,0,0,0,0,0x03
2026-09-06T16:38:29.059,197,0,2,53,0,0,0,0,0,0,0x03
2026-09-06T16:38:29.124,196,0,0,50,0,0,0,0,0,0,0x03
2026-09-06T16:38:29.124,199,0,2,50,0,0,0,0,0,0,0x03
2026-09-06T16:38:29.189,198,0,0,52,0,0,0,0,0,0,0x03
2026-09-06T16:38:29.189,201,0,2,52,0,0,0,0,0,0,0x03
2026-09-06T16:38:29.255,200,0,0,52,0,0,0,0,0,0,0x03
2026-09-06T16:38:29.255,203,0,2,51,0,0,0,0,0,0,0x03
2026-09-06T16:38:29.320,202,0,0,51,0,0,0,0,0,0,0x03
2026-09-06T16:38:29.320,205,0,2,50,0,0,0,0,0,0,0x03
2026-09-06T16:38:29.385,204,0,0,52,0,0,0,0,0,0,0x03
2026-09-06T16:38:29.385,207,0,2,50,0,0,0,0,0,0,0x03
2026-09-06T16:38:29.450,206,0,0,52,0,0,0,0,0,0,0x03
2026-09-06T16:38:29.451,209,0,2,50,0,0,0,0,0,0,0x03
2026-09-06T16:38:29.516,208,0,0,51,0,0,0,0,0,0,0x03
2026-09-06T16:38:29.516,211,0,2,51,0,0,0,0,0,0,0x03
2026-09-06T16:38:29.581,210,0,0,50,0,0,0,0,0,0,0x03
2026-09-06T16:38:29.581,213,0,2,50,0,0,0,0,0,0,0x03
2026-09-06T16:38:29.662,212,0,0,52,0,0,0,0,0,0,0x03
2026-09-06T16:38:29.662,215,0,2,51,0,0,0,0,0,0,0x03
2026-09-06T16:38:29.727,214,0,0,55,0,0,0,0,0,0,0x03
2026-09-06T16:38:29.727,217,0,2,50,0,0,0,0,0,0,0x03
2026-09-06T16:38:29.792,216,0,0,51,0,0,0,0,0,0,0x03
2026-09-06T16:38:29.792,219,0,2,51,0,0,0,0,0,0,0x03
2026-09-06T16:38:29.858,218,0,0,51,0,0,0,0,0,0,0x03
2026-09-06T16:38:29.858,221,0,2,50,0,0,0,0,0,0,0x03
2026-09-06T16:38:29.923,220,0,0,50,0,0,0,0,0,0,0x03
2026-09-06T16:38:29.923,223,0,2,51,0,0,0,0,0,0,0x03
2026-09-06T16:38:29.988,222,0,0,52,0,0,0,0,0,0,0x03
2026-09-06T16:38:29.988,225,0,2,50,0,0,0,0,0,0,0x03
2026-09-06T16:38:30.054,224,0,0,51,0,0,0,0,0,0,0x03
2026-09-06T16:38:30.054,227,0,2,50,0,0,0,0,0,0,0x03
2026-09-06T16:38:30.119,226,0,0,51,0,0,0,0,0,0,0x03
2026-09-06T16:38:30.119,229,0,2,51,0,0,0,0,0,0,0x03
2026-09-06T16:38:30.184,228,0,0,51,0,0,0,0,0,0,0x03
2026-09-06T16:38:30.184,231,0,2,50,0,0,0,0,0,0,0x03
2026-09-06T16:38:30.266,230,0,0,52,0,0,0,0,0,0,0x03
2026-09-06T16:38:30.266,233,0,2,50,0,0,0,0,0,0,0x03
2026-09-06T16:38:30.315,232,0,0,51,0,0,0,0,0,0,0x03
2026-09-06T16:38:30.315,235,0,2,51,0,0,0,0,0,0,0x03
2026-09-06T16:38:30.397,234,0,0,54,0,0,0,0,0,0,0x03
2026-09-06T16:38:30.397,237,0,2,50,0,0,0,0,0,0,0x03
2026-09-06T16:38:30.461,236,0,0,51,0,0,0,0,0,0,0x03
2026-09-06T16:38:30.461,239,0,2,51,0,0,0,0,0,0,0x03
2026-09-06T16:38:30.527,238,0,0,51,0,0,0,0,0,0,0x03
2026-09-06T16:38:30.527,241,0,2,52,0,0,0,0,0,0,0x03
2026-09-06T16:38:30.592,240,0,0,50,0,0,0,0,0,0,0x03
2026-09-06T16:38:30.592,243,0,2,51,0,0,0,0,0,0,0x03
2026-09-06T16:38:30.658,242,0,0,52,0,0,0,0,0,0,0x03
2026-09-06T16:38:30.658,245,0,2,51,0,0,0,0,0,0,0x03
2026-09-06T16:38:30.723,244,0,0,51,0,0,0,0,0,0,0x03
2026-09-06T16:38:30.723,247,0,2,51,0,0,0,0,0,0,0x03
2026-09-06T16:38:30.788,246,0,0,53,0,0,0,0,0,0,0x03
2026-09-06T16:38:30.788,249,0,2,50,0,0,0,0,0,0,0x03
2026-09-06T16:38:30.854,248,0,0,51,0,0,0,0,0,0,0x03
2026-09-06T16:38:30.854,251,0,2,50,0,0,0,0,0,0,0x03
2026-09-06T16:38:30.935,250,0,0,50,0,0,0,0,0,0,0x03
2026-09-06T16:38:30.935,253,0,2,53,0,0,0,0,0,0,0x03
2026-09-06T16:38:31.000,252,0,0,50,0,0,0,0,0,0,0x03
2026-09-06T16:38:31.000,255,0,2,51,0,0,0,0,0,0,0x03
2026-09-06T16:38:31.064,254,0,0,50,0,0,0,0,0,0,0x03
2026-09-06T16:38:31.064,257,0,2,51,0,0,0,0,0,0,0x03
2026-09-06T16:38:31.129,256,0,0,50,0,0,0,0,0,0,0x03
2026-09-06T16:38:31.129,259,0,2,52,0,0,0,0,0,0,0x03
2026-09-06T16:38:31.194,258,0,0,50,0,0,0,0,0,0,0x03
2026-09-06T16:38:31.194,261,0,2,50,0,0,0,0,0,0,0x03
2026-09-06T16:38:31.260,260,0,0,50,0,0,0,0,0,0,0x03
2026-09-06T16:38:31.260,263,0,2,51,0,0,0,0,0,0,0x03
2026-09-06T16:38:31.324,262,0,0,52,0,0,0,0,0,0,0x03
2026-09-06T16:38:31.324,265,0,2,51,0,0,0,0,0,0,0x03
2026-09-06T16:38:31.389,264,0,0,51,0,0,0,0,0,0,0x03
2026-09-06T16:38:31.389,267,0,2,52,0,0,0,0,0,0,0x03
2026-09-06T16:38:31.470,266,0,0,51,0,0,0,0,0,0,0x03
2026-09-06T16:38:31.470,269,0,2,50,0,0,0,0,0,0,0x03
2026-09-06T16:38:31.534,268,0,0,51,0,0,0,0,0,0,0x03
2026-09-06T16:38:31.535,271,0,2,50,0,0,0,0,0,0,0x03
2026-09-06T16:38:31.599,270,0,0,50,0,0,0,0,0,0,0x03
2026-09-06T16:38:31.599,273,0,2,52,0,0,0,0,0,0,0x03
2026-09-06T16:38:31.664,272,0,0,51,0,0,0,0,0,0,0x03
2026-09-06T16:38:31.664,275,0,2,50,0,0,0,0,0,0,0x03
2026-09-06T16:38:31.729,274,0,0,50,0,0,0,0,0,0,0x03
2026-09-06T16:38:31.729,277,0,2,51,0,0,0,0,0,0,0x03
2026-09-06T16:38:31.793,276,0,0,50,0,0,0,0,0,0,0x03
2026-09-06T16:38:31.794,279,0,2,52,0,0,0,0,0,0,0x03
2026-09-06T16:38:31.858,278,0,0,51,0,0,0,0,0,0,0x03
2026-09-06T16:38:31.858,281,0,2,51,0,0,0,0,0,0,0x03
2026-09-06T16:38:31.924,280,0,0,51,0,0,0,0,0,0,0x03
2026-09-06T16:38:31.924,283,0,2,50,0,0,0,0,0,0,0x03
2026-09-06T16:38:32.005,282,0,0,50,0,0,0,0,0,0,0x03
2026-09-06T16:38:32.005,285,0,2,53,0,0,0,0,0,0,0x03
2026-09-06T16:38:32.069,284,0,0,52,0,0,0,0,0,0,0x03
2026-09-06T16:38:32.069,287,0,2,50,0,0,0,0,0,0,0x03
2026-09-06T16:38:32.134,286,0,0,51,0,0,0,0,0,0,0x03
2026-09-06T16:38:32.135,289,0,2,51,0,0,0,0,0,0,0x03
2026-09-06T16:38:32.200,288,0,0,52,0,0,0,0,0,0,0x03
2026-09-06T16:38:32.200,291,0,2,50,0,0,0,0,0,0,0x03
2026-09-06T16:38:32.265,290,0,0,50,0,0,0,0,0,0,0x03
2026-09-06T16:38:32.265,293,0,2,52,0,0,0,0,0,0,0x03
2026-09-06T16:38:32.329,292,0,0,52,0,0,0,0,0,0,0x03
2026-09-06T16:38:32.329,295,0,2,52,0,0,0,0,0,0,0x03
2026-09-06T16:38:32.394,294,0,0,51,0,0,0,0,0,0,0x03
2026-09-06T16:38:32.394,297,0,2,50,0,0,0,0,0,0,0x03
2026-09-06T16:38:32.459,296,0,0,50,0,0,0,0,0,0,0x03
2026-09-06T16:38:32.459,299,0,2,50,0,0,0,0,0,0,0x03
2026-09-06T16:38:32.541,298,0,0,50,0,0,0,0,0,0,0x03
2026-09-06T16:38:32.541,301,0,2,51,0,0,0,0,0,0,0x03
2026-09-06T16:38:32.606,300,0,0,50,0,0,0,0,0,0,0x03
2026-09-06T16:38:32.606,303,0,2,50,0,0,0,0,0,0,0x03
2026-09-06T16:38:32.672,302,0,0,51,0,0,0,0,0,0,0x03
2026-09-06T16:38:32.672,305,0,2,50,0,0,0,0,0,0,0x03
2026-09-06T16:38:32.736,304,0,0,51,0,0,0,0,0,0,0x03
2026-09-06T16:38:32.736,307,0,2,51,0,0,0,0,0,0,0x03
2026-09-06T16:38:32.802,306,0,0,50,0,0,0,0,0,0,0x03
2026-09-06T16:38:32.802,309,0,2,50,0,0,0,0,0,0,0x03
2026-09-06T16:38:32.867,308,0,0,51,0,0,0,0,0,0,0x03
2026-09-06T16:38:32.867,311,0,2,51,0,0,0,0,0,0,0x03
2026-09-06T16:38:32.932,310,0,0,51,0,0,0,0,0,0,0x03
2026-09-06T16:38:32.932,313,0,2,50,0,0,0,0,0,0,0x03
2026-09-06T16:38:32.965,312,0,0,50,0,0,0,0,0,0,0x03
2026-09-06T16:38:32.965,315,0,2,52,0,0,0,0,0,0,0x03
