timestamp,sequence,team,robot_id,interval_ms,left_target_eps,left_measured_eps,left_duty,right_target_eps,right_measured_eps,right_duty,flags
2026-09-06T11:13:46.077-03:00,30,0,0,54,0,0,0,0,0,0,0x03
2026-09-06T11:13:46.095-03:00,1,0,0,50,0,0,8754,0,0,0,0x07
2026-09-06T11:13:46.117-03:00,2,0,0,50,0,0,8754,0,0,0,0x07
2026-09-06T11:13:46.135-03:00,3,0,0,50,844,0,12339,0,0,0,0x07
2026-09-06T11:13:46.153-03:00,4,0,0,50,844,0,12339,0,0,0,0x07
2026-09-06T11:13:46.176-03:00,5,0,0,50,844,0,12339,0,0,0,0x07
2026-09-06T11:13:46.194-03:00,6,0,0,51,844,0,12339,0,0,0,0x07
2026-09-06T11:13:46.217-03:00,7,0,0,51,844,0,12339,0,0,0,0x07
2026-09-06T11:13:46.236-03:00,8,0,0,51,844,0,12339,0,0,0,0x07
2026-09-06T11:13:46.254-03:00,9,0,0,53,844,0,12339,0,0,0,0x07
2026-09-06T11:13:46.278-03:00,10,0,0,53,844,0,12339,0,0,0,0x07
2026-09-06T11:13:46.295-03:00,11,0,0,55,844,0,12339,0,0,0,0x07
2026-09-06T11:13:46.313-03:00,12,0,0,55,844,0,12339,0,0,0,0x07
2026-09-06T11:13:46.338-03:00,13,0,0,55,844,0,12339,0,0,0,0x07
2026-09-06T11:13:46.355-03:00,14,0,0,51,844,0,12339,0,0,0,0x07
2026-09-06T11:13:46.375-03:00,15,0,0,51,844,0,12339,0,0,0,0x07
2026-09-06T11:13:46.414-03:00,16,0,0,50,844,0,12339,0,0,0,0x07
2026-09-06T11:13:46.435-03:00,17,0,0,50,844,0,12339,0,0,0,0x07
2026-09-06T11:13:46.457-03:00,18,0,0,50,844,0,12339,0,0,0,0x07
2026-09-06T11:13:46.477-03:00,19,0,0,51,844,0,12339,0,0,0,0x07
2026-09-06T11:13:46.497-03:00,20,0,0,50,844,0,12339,0,0,0,0x07
2026-09-06T11:13:46.517-03:00,21,0,0,50,844,0,12339,0,0,0,0x07
2026-09-06T11:13:46.535-03:00,22,0,0,50,844,0,12339,0,0,0,0x07
2026-09-06T11:13:46.555-03:00,23,0,0,51,844,0,12339,0,0,0,0x07
2026-09-06T11:13:46.573-03:00,24,0,0,51,844,0,12339,0,0,0,0x07
2026-09-06T11:13:46.593-03:00,25,0,0,51,844,0,12339,0,0,0,0x07
2026-09-06T11:13:46.613-03:00,26,0,0,53,844,0,12339,0,0,0,0x07
2026-09-06T11:13:46.636-03:00,27,0,0,53,844,0,12339,0,0,0,0x07
2026-09-06T11:13:46.654-03:00,28,0,0,53,844,0,12339,0,0,0,0x07
2026-09-06T11:13:46.676-03:00,29,0,0,53,844,0,12339,0,0,0,0x07
2026-09-06T11:13:46.696-03:00,30,0,0,53,844,0,12339,0,0,0,0x07
2026-09-06T11:13:46.713-03:00,31,0,0,51,844,0,12339,0,0,0,0x07
2026-09-06T11:13:46.733-03:00,32,0,0,51,844,0,12339,0,0,0,0x07
2026-09-06T11:13:46.756-03:00,33,0,0,51,844,0,12339,0,0,0,0x07
2026-09-06T11:13:46.774-03:00,34,0,0,53,844,0,12339,0,0,0,0x07
2026-09-06T11:13:46.797-03:00,35,0,0,53,844,0,12339,0,0,0,0x07
2026-09-06T11:13:46.817-03:00,36,0,0,50,844,0,12339,0,0,0,0x07
2026-09-06T11:13:46.834-03:00,37,0,0,50,844,0,12339,0,0,0,0x07
2026-09-06T11:13:46.854-03:00,38,0,0,50,844,0,12339,0,0,0,0x07
2026-09-06T11:13:46.877-03:00,39,0,0,50,844,0,12339,0,0,0,0x07
2026-09-06T11:13:46.897-03:00,40,0,0,50,844,0,12339,0,0,0,0x07
2026-09-06T11:13:46.916-03:00,41,0,0,51,844,0,12339,0,0,0,0x07
2026-09-06T11:13:46.934-03:00,42,0,0,51,844,0,12339,0,0,0,0x07
2026-09-06T11:13:46.957-03:00,43,0,0,51,844,0,12339,0,0,0,0x07
2026-09-06T11:13:46.975-03:00,44,0,0,53,844,0,12339,0,0,0,0x07
2026-09-06T11:13:46.993-03:00,45,0,0,53,844,0,12339,0,0,0,0x07
2026-09-06T11:13:47.015-03:00,46,0,0,53,844,0,12339,0,0,0,0x07
2026-09-06T11:13:47.033-03:00,47,0,0,53,844,0,12339,0,0,0,0x07
2026-09-06T11:13:47.056-03:00,48,0,0,53,844,0,12339,0,0,0,0x07
2026-09-06T11:13:47.097-03:00,49,0,0,51,844,0,12339,0,0,0,0x07
2026-09-06T11:13:47.140-03:00,50,0,0,51,844,0,12339,0,0,0,0x07
2026-09-06T11:13:47.184-03:00,51,0,0,51,0,0,0,0,0,0,0x03
2026-09-06T11:13:47.228-03:00,52,0,0,51,0,0,0,0,0,0,0x03
2026-09-06T11:13:47.271-03:00,53,0,0,50,0,0,0,0,0,0,0x03
