timestamp,sequence,team,robot_id,interval_ms,left_target_eps,left_measured_eps,left_duty,right_target_eps,right_measured_eps,right_duty,flags
2026-09-06T11:40:21.881-03:00,53,0,0,54,0,0,0,0,0,0,0x03
2026-09-06T11:40:21.899-03:00,54,0,0,50,0,0,0,0,0,0,0x03
2026-09-06T11:40:21.917-03:00,55,0,0,50,0,0,0,0,0,0,0x03
2026-09-06T11:40:21.940-03:00,55,0,0,50,0,0,0,0,0,0,0x03
2026-09-06T11:40:21.958-03:00,55,0,0,50,0,0,0,0,0,0,0x03
2026-09-06T11:40:21.981-03:00,55,0,0,50,0,0,0,0,0,0,0x03
2026-09-06T11:40:21.999-03:00,55,0,0,52,0,0,0,0,0,0,0x03
2026-09-06T11:40:22.020-03:00,55,0,0,52,0,0,0,0,0,0,0x03
2026-09-06T11:40:22.040-03:00,55,0,0,50,0,0,0,0,0,0,0x03
2026-09-06T11:40:22.059-03:00,55,0,0,50,0,0,0,0,0,0,0x03
2026-09-06T11:40:22.082-03:00,8,0,0,50,0,0,30741,0,0,31098,0x07
2026-09-06T11:40:22.100-03:00,9,0,0,54,3374,37,40000,3500,0,40000,0x07
2026-09-06T11:40:22.118-03:00,10,0,0,54,3374,37,40000,3500,0,40000,0x07
2026-09-06T11:40:22.158-03:00,11,0,0,56,3374,1839,37264,3500,0,40000,0x07
2026-09-06T11:40:22.181-03:00,12,0,0,56,3374,1839,37264,3500,0,40000,0x07
2026-09-06T11:40:22.199-03:00,13,0,0,56,3374,1839,37264,3500,0,40000,0x07
2026-09-06T11:40:22.217-03:00,14,0,0,63,3374,2714,33545,3500,0,40000,0x07
2026-09-06T11:40:22.240-03:00,15,0,0,63,3374,2714,33545,3500,0,40000,0x07
2026-09-06T11:40:22.259-03:00,16,0,0,63,3374,2714,33545,3500,0,40000,0x07
2026-09-06T11:40:22.282-03:00,17,0,0,60,3374,2783,33251,3500,0,40000,0x07
2026-09-06T11:40:22.300-03:00,18,0,0,60,3374,2783,33251,3500,0,40000,0x07
2026-09-06T11:40:22.318-03:00,19,0,0,60,3374,2783,33251,3500,0,40000,0x07
2026-09-06T11:40:22.338-03:00,20,0,0,51,3374,2588,34080,3500,0,40000,0x07
2026-09-06T11:40:22.361-03:00,21,0,0,51,3374,2588,34080,3500,0,40000,0x07
2026-09-06T11:40:22.379-03:00,22,0,0,53,3374,2679,33694,3500,0,40000,0x07
2026-09-06T11:40:22.397-03:00,23,0,0,53,3374,2679,33694,3500,0,40000,0x07
2026-09-06T11:40:22.421-03:00,24,0,0,53,3374,2679,33694,3500,0,40000,0x07
2026-09-06T11:40:22.439-03:00,25,0,0,58,3374,2741,33430,3500,0,40000,0x07
2026-09-06T11:40:22.462-03:00,26,0,0,58,3374,2741,33430,3500,0,40000,0x07
2026-09-06T11:40:22.479-03:00,27,0,0,58,3374,2741,33430,3500,0,40000,0x07
2026-09-06T11:40:22.498-03:00,28,0,0,59,3374,2814,33123,3500,0,40000,0x07
2026-09-06T11:40:22.521-03:00,29,0,0,59,3374,2814,33123,3500,0,40000,0x07
2026-09-06T11:40:22.539-03:00,30,0,0,59,3374,2814,33123,3500,0,40000,0x07
2026-09-06T11:40:22.558-03:00,31,0,0,59,3374,2593,34059,3500,0,40000,0x07
2026-09-06T11:40:22.580-03:00,32,0,0,59,3374,2593,34059,3500,0,40000,0x07
2026-09-06T11:40:22.598-03:00,33,0,0,59,3374,2593,34059,3500,0,40000,0x07
2026-09-06T11:40:22.618-03:00,34,0,0,59,3374,2729,33483,3500,0,40000,0x07
2026-09-06T11:40:22.638-03:00,35,0,0,59,3374,2729,33483,3500,0,40000,0x07
2026-09-06T11:40:22.658-03:00,36,0,0,59,3374,2729,33483,3500,0,40000,0x07
2026-09-06T11:40:22.679-03:00,37,0,0,59,3374,2712,33555,3500,0,40000,0x07
2026-09-06T11:40:22.702-03:00,38,0,0,59,3374,2712,33555,3500,0,40000,0x07
2026-09-06T11:40:22.720-03:00,39,0,0,59,3374,2712,33555,3500,0,40000,0x07
2026-09-06T11:40:22.738-03:00,40,0,0,50,3374,2660,33776,3500,0,40000,0x07
2026-09-06T11:40:22.757-03:00,41,0,0,50,3374,2660,33776,3500,0,40000,0x07
2026-09-06T11:40:22.780-03:00,42,0,0,53,3374,2736,33453,3500,0,40000,0x07
2026-09-06T11:40:22.798-03:00,43,0,0,53,3374,2736,33453,3500,0,40000,0x07
2026-09-06T11:40:22.821-03:00,44,0,0,53,3374,2736,33453,3500,0,40000,0x07
2026-09-06T11:40:22.842-03:00,45,0,0,59,3374,2746,33411,3500,0,40000,0x07
2026-09-06T11:40:22.862-03:00,46,0,0,59,3374,2746,33411,3500,0,40000,0x07
2026-09-06T11:40:22.880-03:00,47,0,0,59,3374,2746,33411,3500,0,40000,0x07
2026-09-06T11:40:22.898-03:00,48,0,0,60,3374,2283,35376,3500,0,40000,0x07
2026-09-06T11:40:22.921-03:00,49,0,0,60,3374,2283,35376,3500,0,40000,0x07
2026-09-06T11:40:22.939-03:00,50,0,0,55,3374,2764,33335,3500,0,40000,0x07
2026-09-06T11:40:22.959-03:00,51,0,0,55,3374,2764,33335,3500,0,40000,0x07
2026-09-06T11:40:22.979-03:00,52,0,0,55,3374,2764,33335,3500,0,40000,0x07
2026-09-06T11:40:23.018-03:00,53,0,0,60,3374,2733,33464,3500,0,40000,0x07
2026-09-06T11:40:23.041-03:00,54,0,0,60,3374,2733,33464,3500,0,40000,0x07
2026-09-06T11:40:23.059-03:00,55,0,0,60,3374,2733,33464,3500,0,40000,0x07
2026-09-06T11:40:23.080-03:00,56,0,0,59,3374,2780,33267,3500,0,40000,0x07
2026-09-06T11:40:23.097-03:00,57,0,0,59,3374,2780,33267,3500,0,40000,0x07
2026-09-06T11:40:23.120-03:00,58,0,0,59,3374,2780,33267,3500,0,40000,0x07
2026-09-06T11:40:23.138-03:00,59,0,0,59,3374,2780,33267,3500,0,40000,0x07
2026-09-06T11:40:23.161-03:00,60,0,0,59,3374,2780,33267,3500,0,40000,0x07
2026-09-06T11:40:23.179-03:00,61,0,0,59,3374,2780,33267,3500,0,40000,0x07
2026-09-06T11:40:23.199-03:00,62,0,0,58,3374,2586,34089,3500,0,40000,0x07
2026-09-06T11:40:23.217-03:00,63,0,0,58,3374,2586,34089,3500,0,40000,0x07
2026-09-06T11:40:23.240-03:00,64,0,0,58,3374,2586,34089,3500,0,40000,0x07
2026-09-06T11:40:23.259-03:00,65,0,0,60,3374,2733,33464,3500,0,40000,0x07
2026-09-06T11:40:23.279-03:00,66,0,0,60,3374,2733,33464,3500,0,40000,0x07
2026-09-06T11:40:23.297-03:00,67,0,0,60,3374,2733,33464,3500,0,40000,0x07
2026-09-06T11:40:23.320-03:00,68,0,0,59,3374,2780,33267,3500,0,40000,0x07
2026-09-06T11:40:23.338-03:00,69,0,0,59,3374,2780,33267,3500,0,40000,0x07
2026-09-06T11:40:23.360-03:00,70,0,0,59,3374,2780,33267,3500,0,40000,0x07
2026-09-06T11:40:23.377-03:00,71,0,0,58,3374,2707,33576,3500,0,40000,0x07
2026-09-06T11:40:23.400-03:00,72,0,0,58,3374,2707,33576,3500,0,40000,0x07
2026-09-06T11:40:23.419-03:00,73,0,0,58,3374,2707,33576,3500,0,40000,0x07
2026-09-06T11:40:23.441-03:00,74,0,0,59,3374,2695,33627,3500,0,40000,0x07
2026-09-06T11:40:23.461-03:00,75,0,0,59,3374,2695,33627,3500,0,40000,0x07
2026-09-06T11:40:23.479-03:00,76,0,0,59,3374,2695,33627,3500,0,40000,0x07
2026-09-06T11:40:23.502-03:00,77,0,0,59,3374,2678,33699,3500,0,40000,0x07
2026-09-06T11:40:23.520-03:00,78,0,0,59,3374,2678,33699,3500,0,40000,0x07
2026-09-06T11:40:23.537-03:00,79,0,0,59,3374,2678,33699,3500,0,40000,0x07
2026-09-06T11:40:23.560-03:00,80,0,0,58,3374,2741,33430,3500,0,40000,0x07
2026-09-06T11:40:23.578-03:00,81,0,0,58,3374,2741,33430,3500,0,40000,0x07
2026-09-06T11:40:23.601-03:00,82,0,0,58,3374,2741,33430,3500,0,40000,0x07
2026-09-06T11:40:23.619-03:00,83,0,0,60,3374,2683,33676,3500,0,40000,0x07
2026-09-06T11:40:23.642-03:00,84,0,0,60,3374,2683,33676,3500,0,40000,0x07
2026-09-06T11:40:23.660-03:00,85,0,0,60,3374,2683,33676,3500,0,40000,0x07
2026-09-06T11:40:23.677-03:00,86,0,0,58,3374,2690,33649,3500,0,40000,0x07
2026-09-06T11:40:23.697-03:00,87,0,0,58,3374,2690,33649,3500,0,40000,0x07
2026-09-06T11:40:23.720-03:00,88,0,0,58,3374,2690,33649,3500,0,40000,0x07
2026-09-06T11:40:23.738-03:00,89,0,0,59,3374,2763,33339,3500,0,40000,0x07
2026-09-06T11:40:23.762-03:00,90,0,0,59,3374,2763,33339,3500,0,40000,0x07
2026-09-06T11:40:23.780-03:00,91,0,0,59,3374,2763,33339,3500,0,40000,0x07
2026-09-06T11:40:23.800-03:00,93,0,0,59,3374,2593,34059,3500,0,40000,0x07
2026-09-06T11:40:23.820-03:00,94,0,0,59,3374,2593,34059,3500,0,40000,0x07
2026-09-06T11:40:23.840-03:00,95,0,0,61,3374,2607,34003,3500,0,40000,0x07
2026-09-06T11:40:23.860-03:00,96,0,0,61,3374,2607,34003,3500,0,40000,0x07
2026-09-06T11:40:23.878-03:00,97,0,0,61,3374,2607,34003,3500,0,40000,0x07
2026-09-06T11:40:23.900-03:00,98,0,0,59,3374,2780,33267,3500,0,40000,0x07
2026-09-06T11:40:23.938-03:00,99,0,0,59,3374,2780,33267,3500,0,40000,0x07
2026-09-06T11:40:23.938-03:00,100,0,0,59,3374,2780,33267,3500,0,40000,0x07
2026-09-06T11:40:23.961-03:00,101,0,0,51,3374,2706,33580,3500,20,40000,0x07
2026-09-06T11:40:23.979-03:00,102,0,0,51,3374,2706,33580,3500,20,40000,0x07
2026-09-06T11:40:23.997-03:00,103,0,0,52,3374,2712,33556,3500,0,40000,0x07
2026-09-06T11:40:24.021-03:00,104,0,0,52,3374,2712,33556,3500,0,40000,0x07
2026-09-06T11:40:24.039-03:00,105,0,0,52,3374,2712,33556,3500,0,40000,0x07
2026-09-06T11:40:24.057-03:00,106,0,0,59,3374,2797,33195,3500,0,40000,0x07
2026-09-06T11:40:24.081-03:00,107,0,0,59,3374,2797,33195,3500,0,40000,0x07
2026-09-06T11:40:24.099-03:00,108,0,0,59,3374,2797,33195,3500,0,40000,0x07
2026-09-06T11:40:24.117-03:00,109,0,0,59,3374,2627,33915,3500,0,40000,0x07
2026-09-06T11:40:24.142-03:00,110,0,0,59,3374,2627,33915,3500,0,40000,0x07
2026-09-06T11:40:24.160-03:00,111,0,0,59,3374,2627,33915,3500,0,40000,0x07
2026-09-06T11:40:24.178-03:00,112,0,0,50,3374,2700,33606,3500,0,40000,0x07
2026-09-06T11:40:24.198-03:00,113,0,0,50,3374,2700,33606,3500,0,40000,0x07
2026-09-06T11:40:24.220-03:00,114,0,0,53,3374,2717,33533,3500,0,40000,0x07
2026-09-06T11:40:24.239-03:00,115,0,0,53,3374,2717,33533,3500,0,40000,0x07
2026-09-06T11:40:24.258-03:00,116,0,0,53,3374,2717,33533,3500,0,40000,0x07
2026-09-06T11:40:24.281-03:00,117,0,0,58,3374,2741,33430,3500,0,40000,0x07
2026-09-06T11:40:24.301-03:00,118,0,0,58,3374,2741,33430,3500,0,40000,0x07
2026-09-06T11:40:24.321-03:00,119,0,0,58,3374,2741,33430,3500,0,40000,0x07
2026-09-06T11:40:24.341-03:00,120,0,0,59,3374,2729,33483,3500,0,40000,0x07
2026-09-06T11:40:24.360-03:00,121,0,0,59,3374,2729,33483,3500,0,40000,0x07
2026-09-06T11:40:24.377-03:00,122,0,0,59,3374,2729,33483,3500,0,40000,0x07
2026-09-06T11:40:24.401-03:00,123,0,0,59,3374,2627,33915,3500,0,40000,0x07
2026-09-06T11:40:24.421-03:00,124,0,0,59,3374,2627,33915,3500,0,40000,0x07
2026-09-06T11:40:24.439-03:00,125,0,0,59,3374,2627,33915,3500,0,40000,0x07
2026-09-06T11:40:24.459-03:00,126,0,0,50,3374,2640,33860,3500,0,40000,0x07
2026-09-06T11:40:24.477-03:00,127,0,0,50,3374,2640,33860,3500,0,40000,0x07
2026-09-06T11:40:24.497-03:00,128,0,0,53,3374,2849,32972,3500,0,40000,0x07
2026-09-06T11:40:24.521-03:00,129,0,0,53,3374,2849,32972,3500,0,40000,0x07
2026-09-06T11:40:24.541-03:00,130,0,0,53,3374,2849,32972,3500,0,40000,0x07
2026-09-06T11:40:24.559-03:00,131,0,0,59,3374,2712,33555,3500,0,40000,0x07
2026-09-06T11:40:24.577-03:00,132,0,0,59,3374,2712,33555,3500,0,40000,0x07
2026-09-06T11:40:24.601-03:00,133,0,0,59,3374,2712,33555,3500,0,40000,0x07
2026-09-06T11:40:24.621-03:00,134,0,0,58,3374,2655,33796,3500,0,40000,0x07
2026-09-06T11:40:24.639-03:00,135,0,0,58,3374,2655,33796,3500,0,40000,0x07
2026-09-06T11:40:24.657-03:00,136,0,0,58,3374,2655,33796,3500,0,40000,0x07
2026-09-06T11:40:24.680-03:00,137,0,0,59,3374,2797,33195,3500,0,40000,0x07
2026-09-06T11:40:24.699-03:00,138,0,0,59,3374,2797,33195,3500,0,40000,0x07
2026-09-06T11:40:24.722-03:00,139,0,0,59,3374,2797,33195,3500,0,40000,0x07
2026-09-06T11:40:24.740-03:00,140,0,0,50,3374,2600,34030,3500,0,40000,0x07
2026-09-06T11:40:24.759-03:00,141,0,0,50,3374,2600,34030,3500,0,40000,0x07
2026-09-06T11:40:24.779-03:00,142,0,0,53,3374,2736,33453,3500,0,40000,0x07
2026-09-06T11:40:24.797-03:00,143,0,0,53,3374,2736,33453,3500,0,40000,0x07
2026-09-06T11:40:24.821-03:00,144,0,0,53,3374,2736,33453,3500,0,40000,0x07
2026-09-06T11:40:24.840-03:00,145,0,0,59,3374,2746,33411,3500,0,40000,0x07
2026-09-06T11:40:24.858-03:00,146,0,0,59,3374,2746,33411,3500,0,40000,0x07
2026-09-06T11:40:24.881-03:00,147,0,0,59,3374,2746,33411,3500,0,40000,0x07
2026-09-06T11:40:24.898-03:00,148,0,0,64,3374,2703,33592,3500,0,40000,0x07
2026-09-06T11:40:24.921-03:00,149,0,0,64,3374,2703,33592,3500,0,40000,0x07
2026-09-06T11:40:24.939-03:00,150,0,0,64,3374,2703,33592,3500,0,40000,0x07
2026-09-06T11:40:24.962-03:00,151,0,0,59,3374,2797,33195,3500,0,40000,0x07
2026-09-06T11:40:24.980-03:00,152,0,0,59,3374,2797,33195,3500,0,40000,0x07
2026-09-06T11:40:24.997-03:00,153,0,0,59,3374,2797,33195,3500,0,40000,0x07
2026-09-06T11:40:25.017-03:00,154,0,0,59,3374,2695,33627,3500,0,40000,0x07
2026-09-06T11:40:25.040-03:00,155,0,0,59,3374,2695,33627,3500,0,40000,0x07
2026-09-06T11:40:25.058-03:00,156,0,0,59,3374,2695,33627,3500,0,40000,0x07
2026-09-06T11:40:25.077-03:00,157,0,0,58,3374,2672,33723,3500,0,40000,0x07
2026-09-06T11:40:25.100-03:00,158,0,0,58,3374,2672,33723,3500,0,40000,0x07
2026-09-06T11:40:25.118-03:00,159,0,0,58,3374,2672,33723,3500,0,40000,0x07
2026-09-06T11:40:25.138-03:00,160,0,0,59,3374,2763,33339,3500,0,40000,0x07
2026-09-06T11:40:25.158-03:00,161,0,0,59,3374,2763,33339,3500,0,40000,0x07
2026-09-06T11:40:25.182-03:00,162,0,0,59,3374,2763,33339,3500,0,40000,0x07
2026-09-06T11:40:25.202-03:00,163,0,0,59,3374,2610,33987,3500,0,40000,0x07
2026-09-06T11:40:25.220-03:00,164,0,0,59,3374,2610,33987,3500,0,40000,0x07
2026-09-06T11:40:25.240-03:00,165,0,0,59,3374,2610,33987,3500,0,40000,0x07
2026-09-06T11:40:25.260-03:00,166,0,0,62,3374,2806,33153,3500,0,40000,0x07
2026-09-06T11:40:25.278-03:00,167,0,0,62,3374,2806,33153,3500,0,40000,0x07
2026-09-06T11:40:25.302-03:00,168,0,0,62,3374,2806,33153,3500,0,40000,0x07
2026-09-06T11:40:25.319-03:00,169,0,0,58,3374,2724,33503,3500,0,40000,0x07
2026-09-06T11:40:25.337-03:00,170,0,0,58,3374,2724,33503,3500,0,40000,0x07
2026-09-06T11:40:25.357-03:00,171,0,0,58,3374,2724,33503,3500,0,40000,0x07
2026-09-06T11:40:25.377-03:00,172,0,0,61,3374,2607,34003,3500,0,40000,0x07
2026-09-06T11:40:25.401-03:00,173,0,0,61,3374,2607,34003,3500,0,40000,0x07
2026-09-06T11:40:25.421-03:00,174,0,0,61,3374,2607,34003,3500,0,40000,0x07
2026-09-06T11:40:25.440-03:00,175,0,0,59,3374,2797,33195,3500,0,40000,0x07
2026-09-06T11:40:25.458-03:00,176,0,0,59,3374,2797,33195,3500,0,40000,0x07
2026-09-06T11:40:25.480-03:00,177,0,0,59,3374,2797,33195,3500,0,40000,0x07
2026-09-06T11:40:25.498-03:00,178,0,0,62,3374,2597,34044,3500,0,40000,0x07
2026-09-06T11:40:25.521-03:00,179,0,0,62,3374,2597,34044,3500,0,40000,0x07
2026-09-06T11:40:25.539-03:00,180,0,0,62,3374,2597,34044,3500,0,40000,0x07
2026-09-06T11:40:25.559-03:00,181,0,0,59,3374,2678,33699,3500,0,40000,0x07
2026-09-06T11:40:25.577-03:00,182,0,0,59,3374,2678,33699,3500,0,40000,0x07
2026-09-06T11:40:25.602-03:00,183,0,0,59,3374,2678,33699,3500,0,40000,0x07
2026-09-06T11:40:25.620-03:00,184,0,0,59,3374,2746,33411,3500,0,40000,0x07
2026-09-06T11:40:25.637-03:00,185,0,0,59,3374,2746,33411,3500,0,40000,0x07
2026-09-06T11:40:25.660-03:00,186,0,0,59,3374,2746,33411,3500,0,40000,0x07
2026-09-06T11:40:25.680-03:00,187,0,0,50,3374,2640,33860,3500,0,40000,0x07
2026-09-06T11:40:25.700-03:00,188,0,0,50,3374,2640,33860,3500,0,40000,0x07
2026-09-06T11:40:25.718-03:00,189,0,0,60,3374,2417,34810,3500,0,40000,0x07
2026-09-06T11:40:25.741-03:00,190,0,0,60,3374,2417,34810,3500,0,40000,0x07
2026-09-06T11:40:25.760-03:00,191,0,0,60,3374,2417,34810,3500,0,40000,0x07
2026-09-06T11:40:25.778-03:00,192,0,0,61,3374,2705,33585,3500,0,40000,0x07
2026-09-06T11:40:25.798-03:00,193,0,0,61,3374,2705,33585,3500,0,40000,0x07
2026-09-06T11:40:25.821-03:00,194,0,0,61,3374,2705,33585,3500,0,40000,0x07
2026-09-06T11:40:25.839-03:00,195,0,0,60,3374,2783,33251,3500,0,40000,0x07
2026-09-06T11:40:25.859-03:00,196,0,0,60,3374,2783,33251,3500,0,40000,0x07
2026-09-06T11:40:25.879-03:00,197,0,0,60,3374,2783,33251,3500,0,40000,0x07
2026-09-06T11:40:25.897-03:00,198,0,0,59,3374,2712,33555,3500,0,40000,0x07
2026-09-06T11:40:25.920-03:00,199,0,0,59,3374,2712,33555,3500,0,40000,0x07
2026-09-06T11:40:25.941-03:00,200,0,0,59,3374,2712,33555,3500,0,40000,0x07
2026-09-06T11:40:25.959-03:00,201,0,0,58,3374,2621,33943,3500,0,40000,0x07
2026-09-06T11:40:25.979-03:00,202,0,0,58,3374,2621,33943,3500,0,40000,0x07
2026-09-06T11:40:26.001-03:00,203,0,0,58,3374,2621,33943,3500,0,40000,0x07
2026-09-06T11:40:26.019-03:00,204,0,0,59,3374,2712,33555,3500,0,40000,0x07
2026-09-06T11:40:26.037-03:00,205,0,0,59,3374,2712,33555,3500,0,40000,0x07
2026-09-06T11:40:26.060-03:00,206,0,0,59,3374,2712,33555,3500,0,40000,0x07
2026-09-06T11:40:26.078-03:00,207,0,0,60,3374,2717,33535,3500,0,40000,0x07
2026-09-06T11:40:26.098-03:00,208,0,0,60,3374,2717,33535,3500,0,40000,0x07
2026-09-06T11:40:26.121-03:00,209,0,0,60,3374,2717,33535,3500,0,40000,0x07
2026-09-06T11:40:26.139-03:00,210,0,0,58,3374,2759,33356,3500,0,40000,0x07
2026-09-06T11:40:26.157-03:00,211,0,0,58,3374,2759,33356,3500,0,40000,0x07
2026-09-06T11:40:26.177-03:00,212,0,0,58,3374,2759,33356,3500,0,40000,0x07
2026-09-06T11:40:26.197-03:00,213,0,0,59,3374,2831,33051,3500,0,40000,0x07
2026-09-06T11:40:26.220-03:00,214,0,0,59,3374,2831,33051,3500,0,40000,0x07
2026-09-06T11:40:26.238-03:00,215,0,0,59,3374,2831,33051,3500,0,40000,0x07
2026-09-06T11:40:26.258-03:00,216,0,0,59,3374,2576,34131,3500,0,40000,0x07
2026-09-06T11:40:26.281-03:00,217,0,0,59,3374,2576,34131,3500,0,40000,0x07
2026-09-06T11:40:26.299-03:00,218,0,0,59,3374,2576,34131,3500,0,40000,0x07
2026-09-06T11:40:26.317-03:00,219,0,0,58,3374,2655,33796,3500,0,40000,0x07
2026-09-06T11:40:26.337-03:00,220,0,0,58,3374,2655,33796,3500,0,40000,0x07
2026-09-06T11:40:26.361-03:00,221,0,0,58,3374,2655,33796,3500,0,40000,0x07
2026-09-06T11:40:26.379-03:00,222,0,0,60,3374,2750,33393,3500,0,40000,0x07
2026-09-06T11:40:26.397-03:00,223,0,0,60,3374,2750,33393,3500,0,40000,0x07
2026-09-06T11:40:26.420-03:00,224,0,0,60,3374,2750,33393,3500,0,40000,0x07
2026-09-06T11:40:26.438-03:00,225,0,0,58,3374,2655,33796,3500,0,40000,0x07
2026-09-06T11:40:26.461-03:00,226,0,0,58,3374,2655,33796,3500,0,40000,0x07
2026-09-06T11:40:26.479-03:00,227,0,0,58,3374,2655,33796,3500,0,40000,0x07
2026-09-06T11:40:26.499-03:00,228,0,0,60,3374,2683,33676,3500,0,40000,0x07
2026-09-06T11:40:26.517-03:00,229,0,0,60,3374,2683,33676,3500,0,40000,0x07
2026-09-06T11:40:26.541-03:00,230,0,0,60,3374,2683,33676,3500,0,40000,0x07
2026-09-06T11:40:26.561-03:00,231,0,0,50,3374,2780,33266,3500,0,40000,0x07
2026-09-06T11:40:26.579-03:00,232,0,0,50,3374,2780,33266,3500,0,40000,0x07
2026-09-06T11:40:26.597-03:00,233,0,0,52,3374,2692,33638,3500,0,40000,0x07
2026-09-06T11:40:26.620-03:00,234,0,0,52,3374,2692,33638,3500,0,40000,0x07
2026-09-06T11:40:26.638-03:00,235,0,0,52,3374,2692,33638,3500,0,40000,0x07
2026-09-06T11:40:26.661-03:00,236,0,0,59,3374,2712,33555,3500,0,40000,0x07
2026-09-06T11:40:26.680-03:00,237,0,0,59,3374,2712,33555,3500,0,40000,0x07
2026-09-06T11:40:26.698-03:00,238,0,0,59,3374,2712,33555,3500,0,40000,0x07
2026-09-06T11:40:26.718-03:00,239,0,0,50,3374,2680,33690,3500,0,40000,0x07
2026-09-06T11:40:26.741-03:00,240,0,0,50,3374,2680,33690,3500,0,40000,0x07
2026-09-06T11:40:26.759-03:00,241,0,0,52,3374,2712,33556,3500,0,40000,0x07
2026-09-06T11:40:26.779-03:00,242,0,0,52,3374,2712,33556,3500,0,40000,0x07
2026-09-06T11:40:26.802-03:00,243,0,0,52,3374,2712,33556,3500,0,40000,0x07
2026-09-06T11:40:26.820-03:00,244,0,0,59,3374,2814,33123,3500,0,40000,0x07
2026-09-06T11:40:26.838-03:00,245,0,0,59,3374,2814,33123,3500,0,40000,0x07
2026-09-06T11:40:26.860-03:00,246,0,0,59,3374,2814,33123,3500,0,40000,0x07
2026-09-06T11:40:26.877-03:00,247,0,0,59,3374,2712,33555,3500,0,40000,0x07
2026-09-06T11:40:26.897-03:00,248,0,0,59,3374,2712,33555,3500,0,40000,0x07
2026-09-06T11:40:26.921-03:00,249,0,0,59,3374,2712,33555,3500,0,40000,0x07
2026-09-06T11:40:26.939-03:00,250,0,0,61,3374,2623,33933,3500,0,40000,0x07
2026-09-06T11:40:26.958-03:00,251,0,0,61,3374,2623,33933,3500,0,40000,0x07
2026-09-06T11:40:26.981-03:00,252,0,0,61,3374,2623,33933,3500,0,40000,0x07
2026-09-06T11:40:26.999-03:00,253,0,0,60,3374,2717,33535,3500,0,40000,0x07
2026-09-06T11:40:27.017-03:00,254,0,0,60,3374,2717,33535,3500,0,40000,0x07
2026-09-06T11:40:27.037-03:00,255,0,0,60,3374,2717,33535,3500,0,40000,0x07
2026-09-06T11:40:27.061-03:00,256,0,0,58,3374,2655,33796,3500,0,40000,0x07
2026-09-06T11:40:27.079-03:00,257,0,0,58,3374,2655,33796,3500,0,40000,0x07
2026-09-06T11:40:27.099-03:00,258,0,0,58,3374,2655,33796,3500,0,40000,0x07
2026-09-06T11:40:27.120-03:00,259,0,0,51,3374,2627,33914,3500,0,40000,0x07
2026-09-06T11:40:27.137-03:00,260,0,0,51,3374,2627,33914,3500,0,40000,0x07
2026-09-06T11:40:27.161-03:00,261,0,0,53,3374,2679,33694,3500,0,40000,0x07
2026-09-06T11:40:27.179-03:00,262,0,0,53,3374,2679,33694,3500,0,40000,0x07
2026-09-06T11:40:27.199-03:00,263,0,0,53,3374,2679,33694,3500,0,40000,0x07
2026-09-06T11:40:27.217-03:00,264,0,0,58,3374,2690,33649,3500,0,40000,0x07
2026-09-06T11:40:27.241-03:00,265,0,0,58,3374,2690,33649,3500,0,40000,0x07
2026-09-06T11:40:27.258-03:00,266,0,0,58,3374,2690,33649,3500,0,40000,0x07
2026-09-06T11:40:27.281-03:00,267,0,0,60,3374,2767,33322,3500,0,40000,0x07
2026-09-06T11:40:27.298-03:00,268,0,0,60,3374,2767,33322,3500,0,40000,0x07
2026-09-06T11:40:27.321-03:00,269,0,0,60,3374,2767,33322,3500,0,40000,0x07
2026-09-06T11:40:27.339-03:00,270,0,0,50,3374,2700,33606,3500,0,40000,0x07
2026-09-06T11:40:27.357-03:00,271,0,0,50,3374,2700,33606,3500,0,40000,0x07
2026-09-06T11:40:27.380-03:00,272,0,0,52,3374,2615,33965,3500,0,40000,0x07
2026-09-06T11:40:27.398-03:00,273,0,0,52,3374,2615,33965,3500,0,40000,0x07
2026-09-06T11:40:27.417-03:00,274,0,0,52,3374,2615,33965,3500,0,40000,0x07
2026-09-06T11:40:27.440-03:00,275,0,0,59,3374,2814,33123,3500,0,40000,0x07
2026-09-06T11:40:27.482-03:00,276,0,0,59,3374,2814,33123,3500,0,40000,0x07
2026-09-06T11:40:27.500-03:00,277,0,0,59,3374,2814,33123,3500,0,40000,0x07
2026-09-06T11:40:27.518-03:00,278,0,0,51,3374,2627,33914,3500,0,40000,0x07
2026-09-06T11:40:27.541-03:00,279,0,0,51,3374,2627,33914,3500,0,40000,0x07
2026-09-06T11:40:27.558-03:00,280,0,0,67,3374,2821,33092,3500,0,40000,0x07
2026-09-06T11:40:27.581-03:00,282,0,0,67,3374,2821,33092,3500,0,40000,0x07
2026-09-06T11:40:27.599-03:00,283,0,0,67,3374,2821,33092,3500,0,40000,0x07
2026-09-06T11:40:27.617-03:00,284,0,0,65,3374,2723,33507,3500,0,40000,0x07
2026-09-06T11:40:27.640-03:00,285,0,0,65,3374,2723,33507,3500,0,40000,0x07
2026-09-06T11:40:27.660-03:00,286,0,0,65,3374,2723,33507,3500,0,40000,0x07
2026-09-06T11:40:27.678-03:00,287,0,0,58,3374,2655,33796,3500,0,40000,0x07
2026-09-06T11:40:27.702-03:00,288,0,0,58,3374,2655,33796,3500,0,40000,0x07
2026-09-06T11:40:27.720-03:00,289,0,0,58,3374,2655,33796,3500,0,40000,0x07
2026-09-06T11:40:27.738-03:00,290,0,0,59,3374,2763,33339,3500,0,40000,0x07
2026-09-06T11:40:27.759-03:00,291,0,0,59,3374,2763,33339,3500,0,40000,0x07
2026-09-06T11:40:27.778-03:00,292,0,0,59,3374,2763,33339,3500,0,40000,0x07
2026-09-06T11:40:27.801-03:00,293,0,0,59,3374,2678,33699,3500,0,40000,0x07
2026-09-06T11:40:27.819-03:00,294,0,0,59,3374,2678,33699,3500,0,40000,0x07
2026-09-06T11:40:27.837-03:00,295,0,0,59,3374,2678,33699,3500,0,40000,0x07
2026-09-06T11:40:27.861-03:00,296,0,0,50,3374,2600,34030,3500,0,40000,0x07
2026-09-06T11:40:27.879-03:00,297,0,0,50,3374,2600,34030,3500,0,40000,0x07
2026-09-06T11:40:27.897-03:00,298,0,0,54,3374,2815,33118,3500,0,40000,0x07
2026-09-06T11:40:27.920-03:00,299,0,0,54,3374,2815,33118,3500,0,40000,0x07
2026-09-06T11:40:27.938-03:00,300,0,0,54,3374,2815,33118,3500,0,40000,0x07
2026-09-06T11:40:27.962-03:00,301,0,0,58,3374,2724,33503,3500,0,40000,0x07
2026-09-06T11:40:27.982-03:00,302,0,0,58,3374,2724,33503,3500,0,40000,0x07
2026-09-06T11:40:28.000-03:00,303,0,0,58,3374,2724,33503,3500,0,40000,0x07
2026-09-06T11:40:28.020-03:00,304,0,0,59,3374,2695,33627,3500,0,40000,0x07
2026-09-06T11:40:28.038-03:00,305,0,0,59,3374,2695,33627,3500,0,40000,0x07
2026-09-06T11:40:28.061-03:00,306,0,0,59,3374,2695,33627,3500,0,40000,0x07
2026-09-06T11:40:28.081-03:00,307,0,0,59,3374,2695,33627,3500,0,40000,0x07
2026-09-06T11:40:28.099-03:00,308,0,0,59,3374,2695,33627,3500,0,40000,0x07
2026-09-06T11:40:28.121-03:00,309,0,0,59,3374,2695,33627,3500,0,40000,0x07
2026-09-06T11:40:28.139-03:00,310,0,0,50,3374,2580,34116,3500,0,40000,0x07
2026-09-06T11:40:28.157-03:00,311,0,0,50,3374,2580,34116,3500,0,40000,0x07
2026-09-06T11:40:28.181-03:00,312,0,0,53,3374,2774,33293,3500,0,40000,0x07
2026-09-06T11:40:28.201-03:00,313,0,0,53,3374,2774,33293,3500,0,40000,0x07
2026-09-06T11:40:28.219-03:00,314,0,0,53,3374,2774,33293,3500,0,40000,0x07
2026-09-06T11:40:28.237-03:00,315,0,0,59,3374,2864,32907,3500,0,40000,0x07
2026-09-06T11:40:28.259-03:00,316,0,0,59,3374,2864,32907,3500,0,40000,0x07
2026-09-06T11:40:28.279-03:00,317,0,0,59,3374,2864,32907,3500,0,40000,0x07
2026-09-06T11:40:28.297-03:00,318,0,0,58,3374,2638,33869,3500,0,40000,0x07
2026-09-06T11:40:28.320-03:00,319,0,0,58,3374,2638,33869,3500,0,40000,0x07
2026-09-06T11:40:28.338-03:00,320,0,0,58,3374,2638,33869,3500,0,40000,0x07
2026-09-06T11:40:28.362-03:00,321,0,0,59,3374,2746,33411,3500,0,40000,0x07
2026-09-06T11:40:28.380-03:00,322,0,0,59,3374,2746,33411,3500,0,40000,0x07
2026-09-06T11:40:28.398-03:00,323,0,0,59,3374,2746,33411,3500,0,40000,0x07
2026-09-06T11:40:28.421-03:00,324,0,0,50,3374,2660,33776,3500,0,40000,0x07
2026-09-06T11:40:28.440-03:00,325,0,0,50,3374,2660,33776,3500,0,40000,0x07
2026-09-06T11:40:28.458-03:00,326,0,0,51,3374,2667,33747,3500,0,40000,0x07
2026-09-06T11:40:28.481-03:00,327,0,0,51,3374,2667,33747,3500,0,40000,0x07
2026-09-06T11:40:28.499-03:00,328,0,0,51,3374,2667,33747,3500,0,40000,0x07
2026-09-06T11:40:28.517-03:00,329,0,0,60,3374,2683,33676,3500,0,40000,0x07
2026-09-06T11:40:28.540-03:00,330,0,0,60,3374,2683,33676,3500,0,40000,0x07
2026-09-06T11:40:28.558-03:00,331,0,0,60,3374,2683,33676,3500,0,40000,0x07
2026-09-06T11:40:28.581-03:00,332,0,0,67,3374,2373,34995,3500,0,40000,0x07
2026-09-06T11:40:28.598-03:00,333,0,0,67,3374,2373,34995,3500,0,40000,0x07
2026-09-06T11:40:28.618-03:00,334,0,0,67,3374,2373,34995,3500,0,40000,0x07
2026-09-06T11:40:28.642-03:00,335,0,0,61,3374,2885,32818,3500,0,40000,0x07
2026-09-06T11:40:28.660-03:00,336,0,0,61,3374,2885,32818,3500,0,40000,0x07
2026-09-06T11:40:28.678-03:00,337,0,0,61,3374,2885,32818,3500,0,40000,0x07
2026-09-06T11:40:28.698-03:00,338,0,0,60,3374,2667,33747,3500,0,40000,0x07
2026-09-06T11:40:28.721-03:00,339,0,0,60,3374,2667,33747,3500,0,40000,0x07
2026-09-06T11:40:28.742-03:00,340,0,0,60,3374,2667,33747,3500,0,40000,0x07
2026-09-06T11:40:28.760-03:00,341,0,0,58,3374,2655,33796,3500,0,40000,0x07
2026-09-06T11:40:28.778-03:00,342,0,0,58,3374,2655,33796,3500,0,40000,0x07
2026-09-06T11:40:28.801-03:00,343,0,0,58,3374,2655,33796,3500,0,40000,0x07
2026-09-06T11:40:28.819-03:00,344,0,0,60,3374,2667,33747,3500,0,40000,0x07
2026-09-06T11:40:28.839-03:00,345,0,0,60,3374,2667,33747,3500,0,40000,0x07
2026-09-06T11:40:28.857-03:00,346,0,0,60,3374,2667,33747,3500,0,40000,0x07
2026-09-06T11:40:28.880-03:00,347,0,0,58,3374,2707,33576,3500,0,40000,0x07
2026-09-06T11:40:28.898-03:00,348,0,0,58,3374,2707,33576,3500,0,40000,0x07
2026-09-06T11:40:28.918-03:00,349,0,0,58,3374,2707,33576,3500,0,40000,0x07
2026-09-06T11:40:28.938-03:00,350,0,0,59,3374,2678,33699,3500,0,40000,0x07
2026-09-06T11:40:28.961-03:00,351,0,0,59,3374,2678,33699,3500,0,40000,0x07
2026-09-06T11:40:28.979-03:00,352,0,0,59,3374,2678,33699,3500,0,40000,0x07
2026-09-06T11:40:28.997-03:00,353,0,0,60,3374,2750,33393,3500,0,40000,0x07
2026-09-06T11:40:29.020-03:00,354,0,0,60,3374,2750,33393,3500,0,40000,0x07
2026-09-06T11:40:29.038-03:00,355,0,0,60,3374,2750,33393,3500,0,40000,0x07
2026-09-06T11:40:29.060-03:00,356,0,0,58,3374,2724,33503,3500,0,40000,0x07
2026-09-06T11:40:29.078-03:00,357,0,0,58,3374,2724,33503,3500,0,40000,0x07
2026-09-06T11:40:29.101-03:00,358,0,0,58,3374,2724,33503,3500,0,40000,0x07
2026-09-06T11:40:29.119-03:00,359,0,0,59,3374,2729,33483,3500,0,40000,0x07
2026-09-06T11:40:29.141-03:00,360,0,0,59,3374,2729,33483,3500,0,40000,0x07
2026-09-06T11:40:29.159-03:00,361,0,0,59,3374,2729,33483,3500,0,40000,0x07
2026-09-06T11:40:29.182-03:00,362,0,0,50,3374,2620,33946,3500,0,40000,0x07
2026-09-06T11:40:29.200-03:00,363,0,0,50,3374,2620,33946,3500,0,40000,0x07
2026-09-06T11:40:29.218-03:00,364,0,0,52,3374,2615,33965,3500,0,40000,0x07
2026-09-06T11:40:29.241-03:00,365,0,0,52,3374,2615,33965,3500,0,40000,0x07
2026-09-06T11:40:29.259-03:00,366,0,0,52,3374,2615,33965,3500,0,40000,0x07
2026-09-06T11:40:29.280-03:00,367,0,0,60,3374,2733,33464,3500,0,40000,0x07
2026-09-06T11:40:29.298-03:00,368,0,0,60,3374,2733,33464,3500,0,40000,0x07
2026-09-06T11:40:29.318-03:00,369,0,0,60,3374,2733,33464,3500,0,40000,0x07
2026-09-06T11:40:29.338-03:00,370,0,0,59,3374,2661,33771,3500,0,40000,0x07
2026-09-06T11:40:29.361-03:00,371,0,0,59,3374,2661,33771,3500,0,40000,0x07
2026-09-06T11:40:29.379-03:00,372,0,0,59,3374,2661,33771,3500,0,40000,0x07
2026-09-06T11:40:29.399-03:00,373,0,0,58,3374,2724,33503,3500,0,40000,0x07
2026-09-06T11:40:29.419-03:00,374,0,0,58,3374,2724,33503,3500,0,40000,0x07
2026-09-06T11:40:29.442-03:00,375,0,0,58,3374,2724,33503,3500,0,40000,0x07
2026-09-06T11:40:29.462-03:00,376,0,0,59,3374,2729,33483,3500,0,40000,0x07
2026-09-06T11:40:29.479-03:00,377,0,0,59,3374,2729,33483,3500,0,40000,0x07
2026-09-06T11:40:29.497-03:00,378,0,0,59,3374,2729,33483,3500,0,40000,0x07
2026-09-06T11:40:29.520-03:00,379,0,0,53,3374,2736,33453,3500,0,40000,0x07
2026-09-06T11:40:29.538-03:00,380,0,0,53,3374,2736,33453,3500,0,40000,0x07
2026-09-06T11:40:29.561-03:00,381,0,0,52,3374,2673,33720,3500,0,40000,0x07
2026-09-06T11:40:29.579-03:00,382,0,0,52,3374,2673,33720,3500,0,40000,0x07
2026-09-06T11:40:29.597-03:00,383,0,0,52,3374,2673,33720,3500,0,40000,0x07
2026-09-06T11:40:29.617-03:00,384,0,0,59,3374,2763,33339,3500,0,40000,0x07
2026-09-06T11:40:29.637-03:00,385,0,0,59,3374,2763,33339,3500,0,40000,0x07
2026-09-06T11:40:29.660-03:00,386,0,0,59,3374,2763,33339,3500,0,40000,0x07
2026-09-06T11:40:29.680-03:00,387,0,0,59,3374,2644,33843,3500,0,40000,0x07
2026-09-06T11:40:29.698-03:00,388,0,0,59,3374,2644,33843,3500,0,40000,0x07
2026-09-06T11:40:29.718-03:00,389,0,0,59,3374,2644,33843,3500,0,40000,0x07
2026-09-06T11:40:29.741-03:00,390,0,0,59,3374,2593,34059,3500,0,40000,0x07
2026-09-06T11:40:29.759-03:00,391,0,0,59,3374,2593,34059,3500,0,40000,0x07
2026-09-06T11:40:29.780-03:00,392,0,0,59,3374,2593,34059,3500,0,40000,0x07
2026-09-06T11:40:29.800-03:00,393,0,0,50,3374,2780,33266,3500,0,40000,0x07
2026-09-06T11:40:29.820-03:00,394,0,0,50,3374,2780,33266,3500,0,40000,0x07
2026-09-06T11:40:29.839-03:00,395,0,0,52,3374,2596,34047,3500,0,40000,0x07
2026-09-06T11:40:29.857-03:00,396,0,0,52,3374,2596,34047,3500,0,40000,0x07
2026-09-06T11:40:29.881-03:00,397,0,0,52,3374,2596,34047,3500,0,40000,0x07
2026-09-06T11:40:29.901-03:00,398,0,0,59,3374,2847,32979,3500,0,40000,0x07
2026-09-06T11:40:29.920-03:00,399,0,0,59,3374,2847,32979,3500,0,40000,0x07
2026-09-06T11:40:29.938-03:00,400,0,0,59,3374,2847,32979,3500,0,40000,0x07
2026-09-06T11:40:29.958-03:00,401,0,0,59,3374,2678,33699,3500,0,40000,0x07
2026-09-06T11:40:29.981-03:00,402,0,0,59,3374,2678,33699,3500,0,40000,0x07
2026-09-06T11:40:29.998-03:00,403,0,0,59,3374,2678,33699,3500,0,40000,0x07
2026-09-06T11:40:30.019-03:00,404,0,0,58,3374,2569,34162,3500,0,40000,0x07
2026-09-06T11:40:30.037-03:00,405,0,0,58,3374,2569,34162,3500,0,40000,0x07
2026-09-06T11:40:30.060-03:00,406,0,0,58,3374,2569,34162,3500,0,40000,0x07
2026-09-06T11:40:30.078-03:00,407,0,0,60,3374,2833,33039,3500,0,40000,0x07
2026-09-06T11:40:30.097-03:00,408,0,0,60,3374,2833,33039,3500,0,40000,0x07
2026-09-06T11:40:30.117-03:00,409,0,0,60,3374,2833,33039,3500,0,40000,0x07
2026-09-06T11:40:30.137-03:00,410,0,0,59,3374,2712,33555,3500,0,40000,0x07
2026-09-06T11:40:30.161-03:00,411,0,0,59,3374,2712,33555,3500,0,40000,0x07
2026-09-06T11:40:30.179-03:00,412,0,0,59,3374,2712,33555,3500,0,40000,0x07
2026-09-06T11:40:30.197-03:00,413,0,0,50,3374,2660,33776,3500,0,40000,0x07
2026-09-06T11:40:30.221-03:00,414,0,0,50,3374,2660,33776,3500,0,40000,0x07
2026-09-06T11:40:30.239-03:00,415,0,0,52,3374,2731,33475,3500,0,40000,0x07
2026-09-06T11:40:30.257-03:00,416,0,0,52,3374,2731,33475,3500,0,40000,0x07
2026-09-06T11:40:30.280-03:00,417,0,0,52,3374,2731,33475,3500,0,40000,0x07
2026-09-06T11:40:30.298-03:00,418,0,0,59,3374,2695,33627,3500,0,40000,0x07
2026-09-06T11:40:30.321-03:00,419,0,0,59,3374,2695,33627,3500,0,40000,0x07
2026-09-06T11:40:30.342-03:00,420,0,0,59,3374,2695,33627,3500,0,40000,0x07
2026-09-06T11:40:30.360-03:00,421,0,0,59,3374,2695,33627,3500,0,40000,0x07
2026-09-06T11:40:30.378-03:00,422,0,0,59,3374,2695,33627,3500,0,40000,0x07
2026-09-06T11:40:30.402-03:00,423,0,0,59,3374,2695,33627,3500,0,40000,0x07
2026-09-06T11:40:30.422-03:00,424,0,0,62,3374,2677,33701,3500,0,40000,0x07
2026-09-06T11:40:30.440-03:00,425,0,0,62,3374,2677,33701,3500,0,40000,0x07
2026-09-06T11:40:30.458-03:00,426,0,0,62,3374,2677,33701,3500,0,40000,0x07
2026-09-06T11:40:30.482-03:00,427,0,0,61,3374,2656,33794,3500,0,40000,0x07
2026-09-06T11:40:30.499-03:00,428,0,0,61,3374,2656,33794,3500,0,40000,0x07
2026-09-06T11:40:30.522-03:00,429,0,0,61,3374,2656,33794,3500,0,40000,0x07
2026-09-06T11:40:30.537-03:00,430,0,0,51,3374,2686,33664,3500,0,40000,0x07
2026-09-06T11:40:30.557-03:00,431,0,0,51,3374,2686,33664,3500,0,40000,0x07
2026-09-06T11:40:30.577-03:00,432,0,0,52,3374,2673,33720,3500,0,40000,0x07
2026-09-06T11:40:30.597-03:00,433,0,0,52,3374,2673,33720,3500,0,40000,0x07
2026-09-06T11:40:30.617-03:00,434,0,0,52,3374,2673,33720,3500,0,40000,0x07
2026-09-06T11:40:30.641-03:00,435,0,0,59,3374,2712,33555,3500,0,40000,0x07
2026-09-06T11:40:30.659-03:00,436,0,0,59,3374,2712,33555,3500,0,40000,0x07
2026-09-06T11:40:30.682-03:00,437,0,0,59,3374,2712,33555,3500,0,40000,0x07
2026-09-06T11:40:30.700-03:00,438,0,0,59,3374,2763,33339,3500,0,40000,0x07
2026-09-06T11:40:30.718-03:00,439,0,0,59,3374,2763,33339,3500,0,40000,0x07
2026-09-06T11:40:30.738-03:00,440,0,0,59,3374,2763,33339,3500,0,40000,0x07
2026-09-06T11:40:30.761-03:00,441,0,0,58,3374,2672,33723,3500,0,40000,0x07
2026-09-06T11:40:30.780-03:00,442,0,0,58,3374,2672,33723,3500,0,40000,0x07
2026-09-06T11:40:30.797-03:00,443,0,0,58,3374,2672,33723,3500,0,40000,0x07
2026-09-06T11:40:30.817-03:00,444,0,0,51,3374,2686,33664,3500,0,40000,0x07
2026-09-06T11:40:30.841-03:00,445,0,0,51,3374,2686,33664,3500,0,40000,0x07
2026-09-06T11:40:30.859-03:00,446,0,0,52,3374,2692,33638,3500,0,40000,0x07
2026-09-06T11:40:30.882-03:00,447,0,0,52,3374,2692,33638,3500,0,40000,0x07
2026-09-06T11:40:30.900-03:00,448,0,0,52,3374,2692,33638,3500,0,40000,0x07
2026-09-06T11:40:30.918-03:00,449,0,0,59,3374,2678,33699,3500,0,40000,0x07
2026-09-06T11:40:30.938-03:00,450,0,0,59,3374,2678,33699,3500,0,40000,0x07
2026-09-06T11:40:30.961-03:00,451,0,0,59,3374,2678,33699,3500,0,40000,0x07
2026-09-06T11:40:30.981-03:00,452,0,0,59,3374,2763,33339,3500,0,40000,0x07
2026-09-06T11:40:30.999-03:00,453,0,0,59,3374,2763,33339,3500,0,40000,0x07
2026-09-06T11:40:31.017-03:00,454,0,0,59,3374,2763,33339,3500,0,40000,0x07
2026-09-06T11:40:31.040-03:00,455,0,0,50,3374,2700,33606,3500,0,40000,0x07
2026-09-06T11:40:31.058-03:00,456,0,0,50,3374,2700,33606,3500,0,40000,0x07
2026-09-06T11:40:31.081-03:00,457,0,0,52,3374,2615,33965,3500,0,40000,0x07
2026-09-06T11:40:31.101-03:00,458,0,0,52,3374,2615,33965,3500,0,40000,0x07
2026-09-06T11:40:31.122-03:00,459,0,0,52,3374,2615,33965,3500,0,40000,0x07
2026-09-06T11:40:31.140-03:00,460,0,0,60,3374,2817,33110,3500,0,40000,0x07
2026-09-06T11:40:31.158-03:00,461,0,0,60,3374,2817,33110,3500,0,40000,0x07
2026-09-06T11:40:31.179-03:00,462,0,0,60,3374,2817,33110,3500,0,40000,0x07
2026-09-06T11:40:31.199-03:00,463,0,0,58,3374,2724,33503,3500,0,40000,0x07
2026-09-06T11:40:31.219-03:00,464,0,0,58,3374,2724,33503,3500,0,40000,0x07
2026-09-06T11:40:31.239-03:00,465,0,0,58,3374,2724,33503,3500,0,40000,0x07
2026-09-06T11:40:31.257-03:00,466,0,0,59,3374,2695,33627,3500,0,40000,0x07
2026-09-06T11:40:31.280-03:00,467,0,0,59,3374,2695,33627,3500,0,40000,0x07
2026-09-06T11:40:31.298-03:00,468,0,0,59,3374,2695,33627,3500,0,40000,0x07
2026-09-06T11:40:31.318-03:00,469,0,0,59,3374,2763,33339,3500,0,40000,0x07
2026-09-06T11:40:31.337-03:00,470,0,0,59,3374,2763,33339,3500,0,40000,0x07
2026-09-06T11:40:31.361-03:00,471,0,0,59,3374,2763,33339,3500,0,40000,0x07
2026-09-06T11:40:31.379-03:00,472,0,0,50,3374,2600,34030,3500,0,40000,0x07
2026-09-06T11:40:31.398-03:00,473,0,0,50,3374,2600,34030,3500,0,40000,0x07
2026-09-06T11:40:31.421-03:00,474,0,0,62,3374,2516,34387,3500,0,40000,0x07
2026-09-06T11:40:31.441-03:00,475,0,0,62,3374,2516,34387,3500,0,40000,0x07
2026-09-06T11:40:31.459-03:00,476,0,0,62,3374,2516,34387,3500,0,40000,0x07
2026-09-06T11:40:31.478-03:00,477,0,0,60,3374,2800,33180,3500,0,40000,0x07
2026-09-06T11:40:31.498-03:00,478,0,0,60,3374,2800,33180,3500,0,40000,0x07
2026-09-06T11:40:31.518-03:00,479,0,0,60,3374,2800,33180,3500,0,40000,0x07
2026-09-06T11:40:31.542-03:00,480,0,0,59,3374,2695,33627,3500,0,40000,0x07
2026-09-06T11:40:31.559-03:00,481,0,0,59,3374,2695,33627,3500,0,40000,0x07
2026-09-06T11:40:31.602-03:00,482,0,0,59,3374,2695,33627,3500,0,40000,0x07
2026-09-06T11:40:31.602-03:00,483,0,0,60,3374,2800,33180,3500,0,40000,0x07
2026-09-06T11:40:31.620-03:00,484,0,0,60,3374,2800,33180,3500,0,40000,0x07
2026-09-06T11:40:31.638-03:00,485,0,0,60,3374,2800,33180,3500,0,40000,0x07
2026-09-06T11:40:31.658-03:00,486,0,0,64,3374,2688,33659,3500,0,40000,0x07
2026-09-06T11:40:31.678-03:00,487,0,0,64,3374,2688,33659,3500,0,40000,0x07
2026-09-06T11:40:31.698-03:00,488,0,0,64,3374,2688,33659,3500,0,40000,0x07
2026-09-06T11:40:31.721-03:00,489,0,0,58,3374,2690,33649,3500,0,40000,0x07
2026-09-06T11:40:31.739-03:00,490,0,0,58,3374,2690,33649,3500,0,40000,0x07
2026-09-06T11:40:31.759-03:00,491,0,0,58,3374,2690,33649,3500,0,40000,0x07
2026-09-06T11:40:31.777-03:00,492,0,0,59,3374,2678,33699,3500,0,40000,0x07
2026-09-06T11:40:31.800-03:00,493,0,0,59,3374,2678,33699,3500,0,40000,0x07
2026-09-06T11:40:31.818-03:00,494,0,0,59,3374,2678,33699,3500,0,40000,0x07
2026-09-06T11:40:31.838-03:00,495,0,0,59,3374,2644,33843,3500,0,40000,0x07
2026-09-06T11:40:31.862-03:00,496,0,0,59,3374,2644,33843,3500,0,40000,0x07
2026-09-06T11:40:31.906-03:00,497,0,0,59,3374,2644,33843,3500,0,40000,0x07
2026-09-06T11:40:31.950-03:00,498,0,0,60,3374,2733,33464,3500,0,40000,0x07
2026-09-06T11:40:31.994-03:00,499,0,0,60,3374,2733,33464,3500,0,40000,0x07
2026-09-06T11:40:32.038-03:00,500,0,0,56,3374,2804,33165,3500,0,40000,0x07
2026-09-06T11:40:32.081-03:00,501,0,0,56,0,0,0,0,0,0,0x03
