timestamp,sequence,team,robot_id,interval_ms,left_target_eps,left_measured_eps,left_duty,right_target_eps,right_measured_eps,right_duty,flags
2026-09-06T12:06:37.097-03:00,65535,255,0,0,0,0,0,0,0,0,0x03
2026-09-06T12:06:37.120-03:00,504,0,0,50,0,0,0,0,0,0,0x03
2026-09-06T12:06:37.139-03:00,505,0,0,50,0,0,0,0,0,0,0x03
2026-09-06T12:06:37.159-03:00,505,0,0,53,0,0,0,0,0,0,0x03
2026-09-06T12:06:37.178-03:00,505,0,0,53,0,0,0,0,0,0,0x03
2026-09-06T12:06:37.198-03:00,505,0,0,53,0,0,0,0,0,0,0x03
2026-09-06T12:06:37.221-03:00,505,0,0,51,0,0,0,0,0,0,0x03
2026-09-06T12:06:37.239-03:00,505,0,0,51,0,0,0,0,0,0,0x03
2026-09-06T12:06:37.257-03:00,505,0,0,51,0,0,0,0,0,0,0x03
2026-09-06T12:06:37.281-03:00,505,0,0,51,0,0,0,0,0,0,0x03
2026-09-06T12:06:37.301-03:00,8,0,0,51,0,0,30741,0,0,31098,0x07
2026-09-06T12:06:37.321-03:00,9,0,0,50,3374,160,40000,3500,0,40000,0x07
2026-09-06T12:06:37.362-03:00,10,0,0,50,3374,160,40000,3500,0,40000,0x07
2026-09-06T12:06:37.398-03:00,11,0,0,54,3374,1870,37131,3500,0,40000,0x07
2026-09-06T12:06:37.421-03:00,12,0,0,54,3374,1870,37131,3500,0,40000,0x07
2026-09-06T12:06:37.440-03:00,13,0,0,55,3374,2782,33258,3500,0,40000,0x07
2026-09-06T12:06:37.461-03:00,14,0,0,55,3374,2782,33258,3500,0,40000,0x07
2026-09-06T12:06:37.479-03:00,15,0,0,55,3374,2782,33258,3500,0,40000,0x07
2026-09-06T12:06:37.499-03:00,17,0,0,56,3374,2875,32862,3500,0,40000,0x07
2026-09-06T12:06:37.520-03:00,18,0,0,56,3374,2875,32862,3500,0,40000,0x07
2026-09-06T12:06:37.562-03:00,19,0,0,52,3374,2635,33883,3500,0,40000,0x07
2026-09-06T12:06:37.617-03:00,20,0,0,52,3374,2635,33883,3500,0,40000,0x07
2026-09-06T12:06:37.617-03:00,21,0,0,55,3374,2800,33180,3500,0,40000,0x07
2026-09-06T12:06:37.639-03:00,22,0,0,55,3374,2800,33180,3500,0,40000,0x07
2026-09-06T12:06:37.657-03:00,23,0,0,65,3374,2738,33442,3500,0,40000,0x07
2026-09-06T12:06:37.680-03:00,25,0,0,65,3374,2738,33442,3500,0,40000,0x07
2026-09-06T12:06:37.699-03:00,27,0,0,65,3374,2738,33442,3500,0,40000,0x07
2026-09-06T12:06:37.717-03:00,28,0,0,58,3374,2552,34236,3500,0,40000,0x07
2026-09-06T12:06:37.738-03:00,29,0,0,58,3374,2552,34236,3500,0,40000,0x07
2026-09-06T12:06:37.761-03:00,30,0,0,58,3374,2552,34236,3500,0,40000,0x07
2026-09-06T12:06:37.779-03:00,31,0,0,59,3374,2780,33267,3500,0,40000,0x07
2026-09-06T12:06:37.798-03:00,32,0,0,59,3374,2780,33267,3500,0,40000,0x07
2026-09-06T12:06:37.818-03:00,33,0,0,59,3374,2780,33267,3500,0,40000,0x07
2026-09-06T12:06:37.838-03:00,34,0,0,59,3374,2661,33771,3500,0,40000,0x07
2026-09-06T12:06:37.861-03:00,35,0,0,59,3374,2661,33771,3500,0,40000,0x07
2026-09-06T12:06:37.877-03:00,36,0,0,59,3374,2661,33771,3500,0,40000,0x07
2026-09-06T12:06:37.940-03:00,37,0,0,58,3374,2655,33796,3500,0,40000,0x07
2026-09-06T12:06:37.958-03:00,38,0,0,58,3374,2655,33796,3500,0,40000,0x07
2026-09-06T12:06:37.981-03:00,39,0,0,53,3374,2736,33453,3500,0,40000,0x07
2026-09-06T12:06:37.999-03:00,40,0,0,50,3374,2840,33010,3500,0,40000,0x07
2026-09-06T12:06:38.017-03:00,41,0,0,50,3374,2840,33010,3500,0,40000,0x07
2026-09-06T12:06:38.037-03:00,44,0,0,50,3374,2840,33010,3500,0,40000,0x07
2026-09-06T12:06:38.060-03:00,45,0,0,59,3374,2763,33339,3500,0,40000,0x07
2026-09-06T12:06:38.078-03:00,46,0,0,59,3374,2763,33339,3500,0,40000,0x07
2026-09-06T12:06:38.097-03:00,47,0,0,59,3374,2763,33339,3500,0,40000,0x07
2026-09-06T12:06:38.119-03:00,48,0,0,50,3374,2640,33860,3500,0,40000,0x07
2026-09-06T12:06:38.180-03:00,49,0,0,50,3374,2640,33860,3500,0,40000,0x07
2026-09-06T12:06:38.198-03:00,50,0,0,52,3374,2654,33802,3500,0,40000,0x07
2026-09-06T12:06:38.218-03:00,51,0,0,52,3374,2654,33802,3500,0,40000,0x07
2026-09-06T12:06:38.241-03:00,52,0,0,50,3374,2880,32840,3500,0,40000,0x07
2026-09-06T12:06:38.261-03:00,53,0,0,50,3374,2880,32840,3500,0,40000,0x07
2026-09-06T12:06:38.278-03:00,56,0,0,67,3374,2701,33599,3500,0,40000,0x07
2026-09-06T12:06:38.297-03:00,57,0,0,67,3374,2701,33599,3500,0,40000,0x07
2026-09-06T12:06:38.320-03:00,58,0,0,67,3374,2701,33599,3500,0,40000,0x07
2026-09-06T12:06:38.337-03:00,59,0,0,67,3374,2672,33726,3500,0,40000,0x07
2026-09-06T12:06:38.360-03:00,60,0,0,67,3374,2672,33726,3500,0,40000,0x07
2026-09-06T12:06:38.379-03:00,61,0,0,67,3374,2672,33726,3500,0,40000,0x07
2026-09-06T12:06:38.397-03:00,62,0,0,59,3374,2746,33411,3500,0,40000,0x07
2026-09-06T12:06:38.421-03:00,63,0,0,59,3374,2746,33411,3500,0,40000,0x07
2026-09-06T12:06:38.439-03:00,64,0,0,59,3374,2746,33411,3500,0,40000,0x07
2026-09-06T12:06:38.462-03:00,65,0,0,59,3374,2644,33843,3500,0,40000,0x07
2026-09-06T12:06:38.479-03:00,66,0,0,59,3374,2644,33843,3500,0,40000,0x07
2026-09-06T12:06:38.499-03:00,67,0,0,59,3374,2644,33843,3500,0,40000,0x07
2026-09-06T12:06:38.519-03:00,68,0,0,59,3374,2644,33843,3500,0,40000,0x07
2026-09-06T12:06:38.538-03:00,69,0,0,59,3374,2644,33843,3500,0,40000,0x07
2026-09-06T12:06:38.557-03:00,70,0,0,59,3374,2644,33843,3500,0,40000,0x07
2026-09-06T12:06:38.601-03:00,71,0,0,60,3374,2750,33393,3500,0,40000,0x07
2026-09-06T12:06:38.619-03:00,72,0,0,60,3374,2750,33393,3500,0,40000,0x07
2026-09-06T12:06:38.658-03:00,73,0,0,60,3374,2750,33393,3500,0,40000,0x07
2026-09-06T12:06:38.677-03:00,74,0,0,52,3374,2769,33311,3500,0,40000,0x07
2026-09-06T12:06:38.677-03:00,75,0,0,52,3374,2769,33311,3500,0,40000,0x07
2026-09-06T12:06:38.701-03:00,77,0,0,56,3374,2714,33545,3500,0,40000,0x07
2026-09-06T12:06:38.719-03:00,78,0,0,56,3374,2714,33545,3500,0,40000,0x07
2026-09-06T12:06:38.741-03:00,79,0,0,61,3374,2754,33376,3500,0,40000,0x07
2026-09-06T12:06:38.761-03:00,80,0,0,61,3374,2754,33376,3500,0,40000,0x07
2026-09-06T12:06:38.779-03:00,81,0,0,61,3374,2754,33376,3500,0,40000,0x07
2026-09-06T12:06:38.797-03:00,82,0,0,58,3374,2638,33869,3500,0,40000,0x07
2026-09-06T12:06:38.819-03:00,83,0,0,58,3374,2638,33869,3500,0,40000,0x07
2026-09-06T12:06:38.857-03:00,84,0,0,50,3374,2380,34966,3500,0,40000,0x07
2026-09-06T12:06:38.897-03:00,85,0,0,50,3374,2380,34966,3500,0,40000,0x07
2026-09-06T12:06:38.897-03:00,86,0,0,50,3374,2380,34966,3500,0,40000,0x07
2026-09-06T12:06:38.920-03:00,87,0,0,60,3374,2800,33180,3500,0,40000,0x07
2026-09-06T12:06:38.939-03:00,88,0,0,60,3374,2800,33180,3500,0,40000,0x07
2026-09-06T12:06:38.962-03:00,89,0,0,60,3374,2800,33180,3500,0,40000,0x07
2026-09-06T12:06:39.001-03:00,90,0,0,60,3374,2717,33535,3500,0,40000,0x07
2026-09-06T12:06:39.018-03:00,91,0,0,60,3374,2717,33535,3500,0,40000,0x07
2026-09-06T12:06:39.018-03:00,92,0,0,60,3374,2717,33535,3500,0,40000,0x07
2026-09-06T12:06:39.042-03:00,93,0,0,60,3374,2783,33251,3500,0,40000,0x07
2026-09-06T12:06:39.060-03:00,94,0,0,60,3374,2783,33251,3500,0,40000,0x07
2026-09-06T12:06:39.082-03:00,95,0,0,60,3374,2783,33251,3500,0,40000,0x07
2026-09-06T12:06:39.100-03:00,96,0,0,58,3374,2707,33576,3500,0,40000,0x07
2026-09-06T12:06:39.118-03:00,97,0,0,58,3374,2707,33576,3500,0,40000,0x07
2026-09-06T12:06:39.141-03:00,98,0,0,58,3374,2707,33576,3500,0,40000,0x07
2026-09-06T12:06:39.159-03:00,99,0,0,59,3374,2763,33339,3500,0,40000,0x07
2026-09-06T12:06:39.178-03:00,100,0,0,59,3374,2763,33339,3500,0,40000,0x07
2026-09-06T12:06:39.202-03:00,101,0,0,59,3374,2763,33339,3500,0,40000,0x07
2026-09-06T12:06:39.220-03:00,102,0,0,59,3374,2678,33699,3500,0,40000,0x07
2026-09-06T12:06:39.239-03:00,103,0,0,59,3374,2678,33699,3500,0,40000,0x07
2026-09-06T12:06:39.258-03:00,104,0,0,59,3374,2678,33699,3500,0,40000,0x07
2026-09-06T12:06:39.281-03:00,105,0,0,58,3374,2741,33430,3500,0,40000,0x07
2026-09-06T12:06:39.300-03:00,106,0,0,58,3374,2741,33430,3500,0,40000,0x07
2026-09-06T12:06:39.319-03:00,107,0,0,58,3374,2741,33430,3500,0,40000,0x07
2026-09-06T12:06:39.341-03:00,108,0,0,60,3374,2733,33464,3500,0,40000,0x07
2026-09-06T12:06:39.360-03:00,109,0,0,60,3374,2733,33464,3500,0,40000,0x07
2026-09-06T12:06:39.378-03:00,110,0,0,60,3374,2733,33464,3500,0,40000,0x07
2026-09-06T12:06:39.401-03:00,111,0,0,58,3374,2690,33649,3500,0,40000,0x07
2026-09-06T12:06:39.418-03:00,112,0,0,58,3374,2690,33649,3500,0,40000,0x07
2026-09-06T12:06:39.441-03:00,113,0,0,58,3374,2690,33649,3500,0,40000,0x07
2026-09-06T12:06:39.459-03:00,114,0,0,59,3374,2695,33627,3500,0,40000,0x07
2026-09-06T12:06:39.482-03:00,115,0,0,59,3374,2695,33627,3500,0,40000,0x07
2026-09-06T12:06:39.499-03:00,116,0,0,59,3374,2695,33627,3500,0,40000,0x07
2026-09-06T12:06:39.519-03:00,117,0,0,59,3374,2763,33339,3500,0,40000,0x07
2026-09-06T12:06:39.537-03:00,118,0,0,59,3374,2763,33339,3500,0,40000,0x07
2026-09-06T12:06:39.560-03:00,119,0,0,59,3374,2763,33339,3500,0,40000,0x07
2026-09-06T12:06:39.578-03:00,120,0,0,58,3374,2552,34236,3500,0,40000,0x07
2026-09-06T12:06:39.601-03:00,121,0,0,58,3374,2552,34236,3500,0,40000,0x07
2026-09-06T12:06:39.619-03:00,122,0,0,58,3374,2552,34236,3500,0,40000,0x07
2026-09-06T12:06:39.639-03:00,123,0,0,60,3374,2750,33393,3500,0,40000,0x07
2026-09-06T12:06:39.661-03:00,124,0,0,60,3374,2750,33393,3500,0,40000,0x07
2026-09-06T12:06:39.678-03:00,125,0,0,60,3374,2750,33393,3500,0,40000,0x07
2026-09-06T12:06:39.698-03:00,126,0,0,59,3374,2712,33555,3500,0,40000,0x07
2026-09-06T12:06:39.721-03:00,127,0,0,59,3374,2712,33555,3500,0,40000,0x07
2026-09-06T12:06:39.739-03:00,128,0,0,59,3374,2712,33555,3500,0,40000,0x07
2026-09-06T12:06:39.757-03:00,129,0,0,58,3374,2690,33649,3500,0,40000,0x07
2026-09-06T12:06:39.780-03:00,130,0,0,58,3374,2690,33649,3500,0,40000,0x07
2026-09-06T12:06:39.798-03:00,131,0,0,58,3374,2690,33649,3500,0,40000,0x07
2026-09-06T12:06:39.820-03:00,132,0,0,59,3374,2729,33483,3500,0,40000,0x07
2026-09-06T12:06:39.838-03:00,133,0,0,59,3374,2729,33483,3500,0,40000,0x07
2026-09-06T12:06:39.861-03:00,134,0,0,59,3374,2729,33483,3500,0,40000,0x07
2026-09-06T12:06:39.879-03:00,135,0,0,59,3374,2661,33771,3500,0,40000,0x07
2026-09-06T12:06:39.899-03:00,137,0,0,59,3374,2661,33771,3500,0,40000,0x07
2026-09-06T12:06:39.917-03:00,138,0,0,61,3374,2787,33236,3500,0,40000,0x07
2026-09-06T12:06:39.941-03:00,139,0,0,61,3374,2787,33236,3500,0,40000,0x07
2026-09-06T12:06:39.959-03:00,140,0,0,61,3374,2787,33236,3500,0,40000,0x07
2026-09-06T12:06:39.977-03:00,141,0,0,59,3374,2644,33843,3500,0,40000,0x07
2026-09-06T12:06:40.000-03:00,142,0,0,59,3374,2644,33843,3500,0,40000,0x07
2026-09-06T12:06:40.020-03:00,143,0,0,59,3374,2644,33843,3500,0,40000,0x07
2026-09-06T12:06:40.038-03:00,144,0,0,58,3374,2621,33943,3500,0,40000,0x07
2026-09-06T12:06:40.061-03:00,145,0,0,58,3374,2621,33943,3500,0,40000,0x07
2026-09-06T12:06:40.079-03:00,146,0,0,58,3374,2621,33943,3500,0,40000,0x07
2026-09-06T12:06:40.101-03:00,147,0,0,60,3374,2850,32968,3500,0,40000,0x07
2026-09-06T12:06:40.119-03:00,148,0,0,60,3374,2850,32968,3500,0,40000,0x07
2026-09-06T12:06:40.137-03:00,149,0,0,60,3374,2850,32968,3500,0,40000,0x07
2026-09-06T12:06:40.160-03:00,150,0,0,50,3374,2540,34286,3500,0,40000,0x07
2026-09-06T12:06:40.178-03:00,151,0,0,50,3374,2540,34286,3500,0,40000,0x07
2026-09-06T12:06:40.198-03:00,152,0,0,52,3374,2769,33311,3500,0,40000,0x07
2026-09-06T12:06:40.221-03:00,153,0,0,52,3374,2769,33311,3500,0,40000,0x07
2026-09-06T12:06:40.239-03:00,154,0,0,52,3374,2769,33311,3500,0,40000,0x07
2026-09-06T12:06:40.260-03:00,155,0,0,60,3374,2733,33464,3500,0,40000,0x07
2026-09-06T12:06:40.278-03:00,156,0,0,60,3374,2733,33464,3500,0,40000,0x07
2026-09-06T12:06:40.301-03:00,157,0,0,60,3374,2733,33464,3500,0,40000,0x07
2026-09-06T12:06:40.319-03:00,158,0,0,58,3374,2672,33723,3500,0,40000,0x07
2026-09-06T12:06:40.339-03:00,159,0,0,58,3374,2672,33723,3500,0,40000,0x07
2026-09-06T12:06:40.358-03:00,160,0,0,58,3374,2672,33723,3500,0,40000,0x07
2026-09-06T12:06:40.378-03:00,161,0,0,63,3374,2746,33410,3500,0,40000,0x07
2026-09-06T12:06:40.398-03:00,162,0,0,63,3374,2746,33410,3500,0,40000,0x07
2026-09-06T12:06:40.422-03:00,163,0,0,63,3374,2746,33410,3500,0,40000,0x07
2026-09-06T12:06:40.440-03:00,164,0,0,58,3374,2724,33503,3500,0,40000,0x07
2026-09-06T12:06:40.458-03:00,165,0,0,58,3374,2724,33503,3500,0,40000,0x07
2026-09-06T12:06:40.478-03:00,166,0,0,58,3374,2724,33503,3500,0,40000,0x07
2026-09-06T12:06:40.501-03:00,167,0,0,58,3374,2603,34016,3500,0,40000,0x07
2026-09-06T12:06:40.521-03:00,168,0,0,58,3374,2603,34016,3500,0,40000,0x07
2026-09-06T12:06:40.539-03:00,169,0,0,58,3374,2603,34016,3500,0,40000,0x07
2026-09-06T12:06:40.557-03:00,170,0,0,51,3374,2804,33164,3500,0,40000,0x07
2026-09-06T12:06:40.599-03:00,171,0,0,51,3374,2804,33164,3500,0,40000,0x07
2026-09-06T12:06:40.621-03:00,172,0,0,52,3374,2654,33802,3500,0,40000,0x07
2026-09-06T12:06:40.639-03:00,173,0,0,52,3374,2654,33802,3500,0,40000,0x07
2026-09-06T12:06:40.659-03:00,174,0,0,61,3374,2738,33445,3500,0,40000,0x07
2026-09-06T12:06:40.679-03:00,175,0,0,61,3374,2738,33445,3500,0,40000,0x07
2026-09-06T12:06:40.697-03:00,177,0,0,61,3374,2738,33445,3500,0,40000,0x07
2026-09-06T12:06:40.721-03:00,178,0,0,60,3374,2750,33393,3500,0,40000,0x07
2026-09-06T12:06:40.739-03:00,179,0,0,60,3374,2750,33393,3500,0,40000,0x07
2026-09-06T12:06:40.759-03:00,180,0,0,60,3374,2750,33393,3500,0,40000,0x07
2026-09-06T12:06:40.777-03:00,181,0,0,58,3374,2707,33576,3500,0,40000,0x07
2026-09-06T12:06:40.799-03:00,182,0,0,58,3374,2707,33576,3500,0,40000,0x07
2026-09-06T12:06:40.817-03:00,183,0,0,58,3374,2707,33576,3500,0,40000,0x07
2026-09-06T12:06:40.838-03:00,184,0,0,59,3374,2729,33483,3500,0,40000,0x07
2026-09-06T12:06:40.857-03:00,185,0,0,59,3374,2729,33483,3500,0,40000,0x07
2026-09-06T12:06:40.880-03:00,186,0,0,59,3374,2729,33483,3500,0,40000,0x07
2026-09-06T12:06:40.900-03:00,187,0,0,59,3374,2763,33339,3500,0,40000,0x07
2026-09-06T12:06:40.918-03:00,188,0,0,59,3374,2763,33339,3500,0,40000,0x07
2026-09-06T12:06:40.938-03:00,189,0,0,59,3374,2763,33339,3500,0,40000,0x07
2026-09-06T12:06:40.958-03:00,190,0,0,50,3374,2600,34030,3500,0,40000,0x07
2026-09-06T12:06:40.979-03:00,191,0,0,50,3374,2600,34030,3500,0,40000,0x07
2026-09-06T12:06:40.999-03:00,192,0,0,53,3374,2849,32972,3500,0,40000,0x07
2026-09-06T12:06:41.019-03:00,193,0,0,53,3374,2849,32972,3500,0,40000,0x07
2026-09-06T12:06:41.039-03:00,194,0,0,53,3374,2849,32972,3500,0,40000,0x07
2026-09-06T12:06:41.059-03:00,195,0,0,58,3374,2759,33356,3500,0,40000,0x07
2026-09-06T12:06:41.077-03:00,196,0,0,58,3374,2759,33356,3500,0,40000,0x07
2026-09-06T12:06:41.100-03:00,197,0,0,58,3374,2759,33356,3500,0,40000,0x07
2026-09-06T12:06:41.118-03:00,198,0,0,50,3374,2580,34116,3500,0,40000,0x07
2026-09-06T12:06:41.141-03:00,199,0,0,50,3374,2580,34116,3500,0,40000,0x07
2026-09-06T12:06:41.159-03:00,200,0,0,53,3374,2774,33293,3500,0,40000,0x07
2026-09-06T12:06:41.177-03:00,201,0,0,53,3374,2774,33293,3500,0,40000,0x07
2026-09-06T12:06:41.200-03:00,202,0,0,53,3374,2774,33293,3500,0,40000,0x07
2026-09-06T12:06:41.218-03:00,203,0,0,59,3374,2695,33627,3500,0,40000,0x07
2026-09-06T12:06:41.237-03:00,204,0,0,59,3374,2695,33627,3500,0,40000,0x07
2026-09-06T12:06:41.260-03:00,205,0,0,59,3374,2695,33627,3500,0,40000,0x07
2026-09-06T12:06:41.278-03:00,206,0,0,58,3374,2724,33503,3500,0,40000,0x07
2026-09-06T12:06:41.298-03:00,207,0,0,58,3374,2724,33503,3500,0,40000,0x07
2026-09-06T12:06:41.321-03:00,208,0,0,58,3374,2724,33503,3500,0,40000,0x07
2026-09-06T12:06:41.341-03:00,209,0,0,59,3374,2780,33267,3500,0,40000,0x07
2026-09-06T12:06:41.359-03:00,210,0,0,59,3374,2780,33267,3500,0,40000,0x07
2026-09-06T12:06:41.377-03:00,211,0,0,59,3374,2780,33267,3500,0,40000,0x07
2026-09-06T12:06:41.400-03:00,212,0,0,64,3374,2688,33659,3500,0,40000,0x07
2026-09-06T12:06:41.418-03:00,213,0,0,64,3374,2688,33659,3500,0,40000,0x07
2026-09-06T12:06:41.441-03:00,214,0,0,64,3374,2688,33659,3500,0,40000,0x07
2026-09-06T12:06:41.458-03:00,215,0,0,59,3374,2695,33627,3500,0,40000,0x07
2026-09-06T12:06:41.481-03:00,216,0,0,59,3374,2695,33627,3500,0,40000,0x07
2026-09-06T12:06:41.498-03:00,217,0,0,59,3374,2695,33627,3500,0,40000,0x07
2026-09-06T12:06:41.518-03:00,218,0,0,60,3374,2683,33676,3500,0,40000,0x07
2026-09-06T12:06:41.538-03:00,219,0,0,60,3374,2683,33676,3500,0,40000,0x07
2026-09-06T12:06:41.560-03:00,220,0,0,60,3374,2683,33676,3500,0,40000,0x07
2026-09-06T12:06:41.578-03:00,221,0,0,58,3374,2741,33430,3500,0,40000,0x07
2026-09-06T12:06:41.601-03:00,222,0,0,58,3374,2741,33430,3500,0,40000,0x07
2026-09-06T12:06:41.621-03:00,223,0,0,58,3374,2741,33430,3500,0,40000,0x07
2026-09-06T12:06:41.641-03:00,224,0,0,59,3374,2797,33195,3500,0,40000,0x07
2026-09-06T12:06:41.658-03:00,225,0,0,59,3374,2797,33195,3500,0,40000,0x07
2026-09-06T12:06:41.681-03:00,226,0,0,53,3374,2396,34897,3500,0,40000,0x07
2026-09-06T12:06:41.698-03:00,227,0,0,53,3374,2396,34897,3500,0,40000,0x07
2026-09-06T12:06:41.718-03:00,228,0,0,53,3374,2396,34897,3500,0,40000,0x07
2026-09-06T12:06:41.739-03:00,229,0,0,60,3374,2733,33464,3500,0,40000,0x07
2026-09-06T12:06:41.757-03:00,230,0,0,60,3374,2733,33464,3500,0,40000,0x07
2026-09-06T12:06:41.780-03:00,231,0,0,60,3374,2733,33464,3500,0,40000,0x07
2026-09-06T12:06:41.798-03:00,232,0,0,61,3374,2754,33376,3500,0,40000,0x07
2026-09-06T12:06:41.818-03:00,233,0,0,61,3374,2754,33376,3500,0,40000,0x07
2026-09-06T12:06:41.840-03:00,234,0,0,61,3374,2754,33376,3500,0,40000,0x07
2026-09-06T12:06:41.858-03:00,235,0,0,59,3374,2627,33915,3500,0,40000,0x07
2026-09-06T12:06:41.881-03:00,236,0,0,59,3374,2627,33915,3500,0,40000,0x07
2026-09-06T12:06:41.899-03:00,237,0,0,59,3374,2627,33915,3500,0,40000,0x07
2026-09-06T12:06:41.917-03:00,238,0,0,59,3374,2661,33771,3500,0,40000,0x07
2026-09-06T12:06:41.940-03:00,239,0,0,59,3374,2661,33771,3500,0,40000,0x07
2026-09-06T12:06:41.958-03:00,240,0,0,59,3374,2661,33771,3500,0,40000,0x07
2026-09-06T12:06:41.977-03:00,241,0,0,60,3374,2667,33747,3500,0,40000,0x07
2026-09-06T12:06:42.000-03:00,242,0,0,60,3374,2667,33747,3500,0,40000,0x07
2026-09-06T12:06:42.018-03:00,243,0,0,60,3374,2667,33747,3500,0,40000,0x07
2026-09-06T12:06:42.037-03:00,244,0,0,58,3374,2672,33723,3500,0,40000,0x07
2026-09-06T12:06:42.057-03:00,245,0,0,58,3374,2672,33723,3500,0,40000,0x07
2026-09-06T12:06:42.080-03:00,246,0,0,58,3374,2672,33723,3500,0,40000,0x07
2026-09-06T12:06:42.100-03:00,247,0,0,60,3374,2783,33251,3500,0,40000,0x07
2026-09-06T12:06:42.120-03:00,248,0,0,60,3374,2783,33251,3500,0,40000,0x07
2026-09-06T12:06:42.138-03:00,249,0,0,60,3374,2783,33251,3500,0,40000,0x07
2026-09-06T12:06:42.161-03:00,250,0,0,58,3374,2655,33796,3500,0,40000,0x07
2026-09-06T12:06:42.179-03:00,251,0,0,58,3374,2655,33796,3500,0,40000,0x07
2026-09-06T12:06:42.197-03:00,252,0,0,58,3374,2655,33796,3500,0,40000,0x07
2026-09-06T12:06:42.220-03:00,253,0,0,59,3374,2678,33699,3500,0,40000,0x07
2026-09-06T12:06:42.238-03:00,254,0,0,59,3374,2678,33699,3500,0,40000,0x07
2026-09-06T12:06:42.261-03:00,255,0,0,59,3374,2678,33699,3500,0,40000,0x07
2026-09-06T12:06:42.281-03:00,256,0,0,59,3374,2780,33267,3500,0,40000,0x07
2026-09-06T12:06:42.299-03:00,257,0,0,59,3374,2780,33267,3500,0,40000,0x07
2026-09-06T12:06:42.319-03:00,258,0,0,59,3374,2780,33267,3500,0,40000,0x07
2026-09-06T12:06:42.339-03:00,259,0,0,59,3374,2627,33915,3500,0,40000,0x07
2026-09-06T12:06:42.357-03:00,260,0,0,59,3374,2627,33915,3500,0,40000,0x07
2026-09-06T12:06:42.380-03:00,261,0,0,59,3374,2627,33915,3500,0,40000,0x07
2026-09-06T12:06:42.399-03:00,262,0,0,59,3374,2763,33339,3500,0,40000,0x07
2026-09-06T12:06:42.420-03:00,263,0,0,59,3374,2763,33339,3500,0,40000,0x07
2026-09-06T12:06:42.438-03:00,264,0,0,59,3374,2763,33339,3500,0,40000,0x07
2026-09-06T12:06:42.461-03:00,265,0,0,59,3374,2729,33483,3500,0,40000,0x07
2026-09-06T12:06:42.479-03:00,266,0,0,59,3374,2729,33483,3500,0,40000,0x07
2026-09-06T12:06:42.497-03:00,267,0,0,59,3374,2729,33483,3500,0,40000,0x07
2026-09-06T12:06:42.521-03:00,268,0,0,50,3374,2620,33946,3500,0,40000,0x07
2026-09-06T12:06:42.539-03:00,269,0,0,50,3374,2620,33946,3500,0,40000,0x07
2026-09-06T12:06:42.577-03:00,270,0,0,53,3374,2849,32972,3500,0,40000,0x07
2026-09-06T12:06:42.577-03:00,271,0,0,53,3374,2849,32972,3500,0,40000,0x07
2026-09-06T12:06:42.600-03:00,272,0,0,53,3374,2849,32972,3500,0,40000,0x07
2026-09-06T12:06:42.618-03:00,273,0,0,58,3374,2724,33503,3500,0,40000,0x07
2026-09-06T12:06:42.641-03:00,274,0,0,58,3374,2724,33503,3500,0,40000,0x07
2026-09-06T12:06:42.661-03:00,275,0,0,58,3374,2724,33503,3500,0,40000,0x07
2026-09-06T12:06:42.679-03:00,276,0,0,59,3374,2627,33915,3500,0,40000,0x07
2026-09-06T12:06:42.697-03:00,277,0,0,59,3374,2627,33915,3500,0,40000,0x07
2026-09-06T12:06:42.720-03:00,278,0,0,59,3374,2627,33915,3500,0,40000,0x07
2026-09-06T12:06:42.738-03:00,279,0,0,59,3374,2780,33267,3500,0,40000,0x07
2026-09-06T12:06:42.762-03:00,280,0,0,59,3374,2780,33267,3500,0,40000,0x07
2026-09-06T12:06:42.780-03:00,281,0,0,59,3374,2780,33267,3500,0,40000,0x07
2026-09-06T12:06:42.800-03:00,282,0,0,58,3374,2707,33576,3500,0,40000,0x07
2026-09-06T12:06:42.818-03:00,283,0,0,58,3374,2707,33576,3500,0,40000,0x07
2026-09-06T12:06:42.842-03:00,284,0,0,58,3374,2707,33576,3500,0,40000,0x07
2026-09-06T12:06:42.857-03:00,285,0,0,50,3374,2620,33946,3500,0,40000,0x07
2026-09-06T12:06:42.880-03:00,286,0,0,50,3374,2620,33946,3500,0,40000,0x07
2026-09-06T12:06:42.898-03:00,287,0,0,54,3374,2630,33905,3500,0,40000,0x07
2026-09-06T12:06:42.921-03:00,288,0,0,54,3374,2630,33905,3500,0,40000,0x07
2026-09-06T12:06:42.939-03:00,289,0,0,54,3374,2630,33905,3500,0,40000,0x07
2026-09-06T12:06:42.957-03:00,290,0,0,59,3374,2712,33555,3500,0,40000,0x07
2026-09-06T12:06:42.980-03:00,291,0,0,59,3374,2712,33555,3500,0,40000,0x07
2026-09-06T12:06:42.998-03:00,292,0,0,59,3374,2712,33555,3500,0,40000,0x07
2026-09-06T12:06:43.021-03:00,293,0,0,59,3374,2729,33483,3500,0,40000,0x07
2026-09-06T12:06:43.041-03:00,294,0,0,59,3374,2729,33483,3500,0,40000,0x07
2026-09-06T12:06:43.059-03:00,295,0,0,59,3374,2729,33483,3500,0,40000,0x07
2026-09-06T12:06:43.077-03:00,296,0,0,51,3374,2667,33747,3500,0,40000,0x07
2026-09-06T12:06:43.100-03:00,297,0,0,51,3374,2667,33747,3500,0,40000,0x07
2026-09-06T12:06:43.120-03:00,298,0,0,52,3374,2712,33556,3500,0,40000,0x07
2026-09-06T12:06:43.138-03:00,299,0,0,52,3374,2712,33556,3500,0,40000,0x07
2026-09-06T12:06:43.162-03:00,300,0,0,52,3374,2712,33556,3500,0,40000,0x07
2026-09-06T12:06:43.179-03:00,301,0,0,60,3374,2833,33039,3500,0,40000,0x07
2026-09-06T12:06:43.199-03:00,302,0,0,60,3374,2833,33039,3500,0,40000,0x07
2026-09-06T12:06:43.222-03:00,303,0,0,60,3374,2833,33039,3500,0,40000,0x07
2026-09-06T12:06:43.237-03:00,304,0,0,52,3374,2808,33148,3500,0,40000,0x07
2026-09-06T12:06:43.257-03:00,305,0,0,52,3374,2808,33148,3500,0,40000,0x07
2026-09-06T12:06:43.280-03:00,306,0,0,53,3374,2585,34095,3500,0,40000,0x07
2026-09-06T12:06:43.299-03:00,307,0,0,53,3374,2585,34095,3500,0,40000,0x07
2026-09-06T12:06:43.319-03:00,308,0,0,53,3374,2585,34095,3500,0,40000,0x07
2026-09-06T12:06:43.337-03:00,309,0,0,59,3374,2847,32979,3500,0,40000,0x07
2026-09-06T12:06:43.362-03:00,310,0,0,59,3374,2847,32979,3500,0,40000,0x07
2026-09-06T12:06:43.379-03:00,311,0,0,59,3374,2847,32979,3500,0,40000,0x07
2026-09-06T12:06:43.397-03:00,312,0,0,58,3374,2690,33649,3500,0,40000,0x07
2026-09-06T12:06:43.421-03:00,313,0,0,58,3374,2690,33649,3500,0,40000,0x07
2026-09-06T12:06:43.441-03:00,314,0,0,58,3374,2690,33649,3500,0,40000,0x07
2026-09-06T12:06:43.461-03:00,315,0,0,59,3374,2610,33987,3500,0,40000,0x07
2026-09-06T12:06:43.481-03:00,316,0,0,59,3374,2610,33987,3500,0,40000,0x07
2026-09-06T12:06:43.500-03:00,317,0,0,59,3374,2610,33987,3500,0,40000,0x07
2026-09-06T12:06:43.519-03:00,318,0,0,59,3374,2695,33627,3500,0,40000,0x07
2026-09-06T12:06:43.537-03:00,319,0,0,59,3374,2695,33627,3500,0,40000,0x07
2026-09-06T12:06:43.560-03:00,320,0,0,59,3374,2695,33627,3500,0,40000,0x07
2026-09-06T12:06:43.581-03:00,321,0,0,59,3374,2712,33555,3500,0,40000,0x07
2026-09-06T12:06:43.599-03:00,322,0,0,59,3374,2712,33555,3500,0,40000,0x07
2026-09-06T12:06:43.617-03:00,323,0,0,59,3374,2712,33555,3500,0,40000,0x07
2026-09-06T12:06:43.640-03:00,324,0,0,60,3374,2750,33393,3500,0,40000,0x07
2026-09-06T12:06:43.657-03:00,325,0,0,60,3374,2750,33393,3500,0,40000,0x07
2026-09-06T12:06:43.680-03:00,326,0,0,60,3374,2750,33393,3500,0,40000,0x07
2026-09-06T12:06:43.698-03:00,327,0,0,58,3374,2655,33796,3500,0,40000,0x07
2026-09-06T12:06:43.718-03:00,328,0,0,58,3374,2655,33796,3500,0,40000,0x07
2026-09-06T12:06:43.738-03:00,329,0,0,58,3374,2655,33796,3500,0,40000,0x07
2026-09-06T12:06:43.762-03:00,330,0,0,59,3374,2661,33771,3500,0,40000,0x07
2026-09-06T12:06:43.779-03:00,331,0,0,59,3374,2661,33771,3500,0,40000,0x07
2026-09-06T12:06:43.799-03:00,332,0,0,59,3374,2661,33771,3500,0,40000,0x07
2026-09-06T12:06:43.818-03:00,333,0,0,51,3374,2784,33247,3500,0,40000,0x07
2026-09-06T12:06:43.838-03:00,334,0,0,51,3374,2784,33247,3500,0,40000,0x07
2026-09-06T12:06:43.862-03:00,335,0,0,52,3374,2731,33475,3500,0,40000,0x07
2026-09-06T12:06:43.882-03:00,336,0,0,52,3374,2731,33475,3500,0,40000,0x07
2026-09-06T12:06:43.900-03:00,337,0,0,52,3374,2731,33475,3500,0,40000,0x07
2026-09-06T12:06:43.918-03:00,338,0,0,50,3374,2600,34030,3500,0,40000,0x07
2026-09-06T12:06:43.941-03:00,339,0,0,50,3374,2600,34030,3500,0,40000,0x07
2026-09-06T12:06:43.960-03:00,340,0,0,53,3374,2755,33373,3500,0,40000,0x07
2026-09-06T12:06:43.978-03:00,341,0,0,53,3374,2755,33373,3500,0,40000,0x07
2026-09-06T12:06:44.002-03:00,342,0,0,53,3374,2755,33373,3500,0,40000,0x07
2026-09-06T12:06:44.019-03:00,343,0,0,58,3374,2638,33869,3500,0,40000,0x07
2026-09-06T12:06:44.038-03:00,344,0,0,58,3374,2638,33869,3500,0,40000,0x07
2026-09-06T12:06:44.061-03:00,345,0,0,58,3374,2638,33869,3500,0,40000,0x07
2026-09-06T12:06:44.078-03:00,346,0,0,60,3374,2733,33464,3500,0,40000,0x07
2026-09-06T12:06:44.102-03:00,347,0,0,60,3374,2733,33464,3500,0,40000,0x07
2026-09-06T12:06:44.120-03:00,348,0,0,60,3374,2733,33464,3500,0,40000,0x07
2026-09-06T12:06:44.138-03:00,349,0,0,59,3374,2763,33339,3500,0,40000,0x07
2026-09-06T12:06:44.161-03:00,350,0,0,59,3374,2763,33339,3500,0,40000,0x07
2026-09-06T12:06:44.179-03:00,351,0,0,59,3374,2763,33339,3500,0,40000,0x07
2026-09-06T12:06:44.201-03:00,352,0,0,58,3374,2690,33649,3500,0,40000,0x07
2026-09-06T12:06:44.219-03:00,353,0,0,58,3374,2690,33649,3500,0,40000,0x07
2026-09-06T12:06:44.237-03:00,354,0,0,58,3374,2690,33649,3500,0,40000,0x07
2026-09-06T12:06:44.260-03:00,355,0,0,51,3374,2706,33580,3500,0,40000,0x07
2026-09-06T12:06:44.280-03:00,356,0,0,51,3374,2706,33580,3500,0,40000,0x07
2026-09-06T12:06:44.298-03:00,357,0,0,52,3374,2635,33883,3500,0,40000,0x07
2026-09-06T12:06:44.321-03:00,358,0,0,52,3374,2635,33883,3500,0,40000,0x07
2026-09-06T12:06:44.340-03:00,359,0,0,52,3374,2635,33883,3500,0,40000,0x07
2026-09-06T12:06:44.357-03:00,360,0,0,59,3374,2695,33627,3500,0,40000,0x07
2026-09-06T12:06:44.381-03:00,361,0,0,59,3374,2695,33627,3500,0,40000,0x07
2026-09-06T12:06:44.399-03:00,362,0,0,59,3374,2695,33627,3500,0,40000,0x07
2026-09-06T12:06:44.417-03:00,363,0,0,60,3374,2800,33180,3500,0,40000,0x07
2026-09-06T12:06:44.441-03:00,364,0,0,60,3374,2800,33180,3500,0,40000,0x07
2026-09-06T12:06:44.459-03:00,365,0,0,60,3374,2800,33180,3500,0,40000,0x07
2026-09-06T12:06:44.479-03:00,366,0,0,58,3374,2621,33943,3500,0,40000,0x07
2026-09-06T12:06:44.497-03:00,367,0,0,58,3374,2621,33943,3500,0,40000,0x07
2026-09-06T12:06:44.521-03:00,368,0,0,58,3374,2621,33943,3500,0,40000,0x07
2026-09-06T12:06:44.539-03:00,369,0,0,68,3374,2441,34706,3500,0,40000,0x07
2026-09-06T12:06:44.562-03:00,370,0,0,68,3374,2441,34706,3500,0,40000,0x07
2026-09-06T12:06:44.579-03:00,371,0,0,68,3374,2441,34706,3500,0,40000,0x07
2026-09-06T12:06:44.597-03:00,372,0,0,61,3374,2803,33167,3500,0,40000,0x07
2026-09-06T12:06:44.620-03:00,373,0,0,61,3374,2803,33167,3500,0,40000,0x07
2026-09-06T12:06:44.638-03:00,374,0,0,61,3374,2803,33167,3500,0,40000,0x07
2026-09-06T12:06:44.661-03:00,375,0,0,59,3374,2763,33339,3500,0,40000,0x07
2026-09-06T12:06:44.681-03:00,376,0,0,59,3374,2763,33339,3500,0,40000,0x07
2026-09-06T12:06:44.699-03:00,377,0,0,59,3374,2763,33339,3500,0,40000,0x07
2026-09-06T12:06:44.717-03:00,378,0,0,60,3374,2717,33535,3500,0,40000,0x07
2026-09-06T12:06:44.740-03:00,379,0,0,60,3374,2717,33535,3500,0,40000,0x07
2026-09-06T12:06:44.758-03:00,380,0,0,60,3374,2717,33535,3500,0,40000,0x07
2026-09-06T12:06:44.781-03:00,381,0,0,58,3374,2638,33869,3500,0,40000,0x07
2026-09-06T12:06:44.802-03:00,382,0,0,58,3374,2638,33869,3500,0,40000,0x07
2026-09-06T12:06:44.822-03:00,383,0,0,58,3374,2638,33869,3500,0,40000,0x07
2026-09-06T12:06:44.838-03:00,384,0,0,59,3374,2644,33843,3500,0,40000,0x07
2026-09-06T12:06:44.862-03:00,385,0,0,59,3374,2644,33843,3500,0,40000,0x07
2026-09-06T12:06:44.879-03:00,386,0,0,59,3374,2644,33843,3500,0,40000,0x07
2026-09-06T12:06:44.902-03:00,387,0,0,59,3374,2797,33195,3500,0,40000,0x07
2026-09-06T12:06:44.919-03:00,388,0,0,59,3374,2797,33195,3500,0,40000,0x07
2026-09-06T12:06:44.939-03:00,389,0,0,59,3374,2797,33195,3500,0,40000,0x07
2026-09-06T12:06:44.961-03:00,390,0,0,59,3374,2644,33843,3500,0,40000,0x07
2026-09-06T12:06:44.999-03:00,391,0,0,59,3374,2644,33843,3500,0,40000,0x07
2026-09-06T12:06:44.999-03:00,392,0,0,59,3374,2644,33843,3500,0,40000,0x07
2026-09-06T12:06:45.021-03:00,393,0,0,51,3374,2647,33830,3500,0,40000,0x07
2026-09-06T12:06:45.038-03:00,394,0,0,51,3374,2647,33830,3500,0,40000,0x07
2026-09-06T12:06:45.057-03:00,395,0,0,53,3374,2792,33213,3500,0,40000,0x07
2026-09-06T12:06:45.078-03:00,396,0,0,53,3374,2792,33213,3500,0,40000,0x07
2026-09-06T12:06:45.098-03:00,397,0,0,53,3374,2792,33213,3500,0,40000,0x07
2026-09-06T12:06:45.119-03:00,398,0,0,58,3374,2672,33723,3500,0,40000,0x07
2026-09-06T12:06:45.141-03:00,399,0,0,58,3374,2672,33723,3500,0,40000,0x07
2026-09-06T12:06:45.159-03:00,400,0,0,58,3374,2672,33723,3500,0,40000,0x07
2026-09-06T12:06:45.178-03:00,401,0,0,59,3374,2780,33267,3500,0,40000,0x07
2026-09-06T12:06:45.202-03:00,402,0,0,59,3374,2780,33267,3500,0,40000,0x07
2026-09-06T12:06:45.219-03:00,403,0,0,59,3374,2780,33267,3500,0,40000,0x07
2026-09-06T12:06:45.238-03:00,404,0,0,59,3374,2678,33699,3500,0,40000,0x07
2026-09-06T12:06:45.261-03:00,405,0,0,59,3374,2678,33699,3500,0,40000,0x07
2026-09-06T12:06:45.279-03:00,406,0,0,59,3374,2678,33699,3500,0,40000,0x07
2026-09-06T12:06:45.297-03:00,407,0,0,59,3374,2661,33771,3500,0,40000,0x07
2026-09-06T12:06:45.321-03:00,408,0,0,59,3374,2661,33771,3500,0,40000,0x07
2026-09-06T12:06:45.339-03:00,409,0,0,59,3374,2661,33771,3500,0,40000,0x07
2026-09-06T12:06:45.357-03:00,410,0,0,59,3374,2847,32979,3500,0,40000,0x07
2026-09-06T12:06:45.379-03:00,411,0,0,59,3374,2847,32979,3500,0,40000,0x07
2026-09-06T12:06:45.401-03:00,412,0,0,59,3374,2847,32979,3500,0,40000,0x07
2026-09-06T12:06:45.419-03:00,413,0,0,58,3374,2621,33943,3500,0,40000,0x07
2026-09-06T12:06:45.442-03:00,414,0,0,58,3374,2621,33943,3500,0,40000,0x07
2026-09-06T12:06:45.460-03:00,415,0,0,58,3374,2621,33943,3500,0,40000,0x07
2026-09-06T12:06:45.478-03:00,416,0,0,62,3374,2710,33564,3500,0,40000,0x07
2026-09-06T12:06:45.498-03:00,417,0,0,62,3374,2710,33564,3500,0,40000,0x07
2026-09-06T12:06:45.522-03:00,418,0,0,62,3374,2710,33564,3500,0,40000,0x07
2026-09-06T12:06:45.540-03:00,419,0,0,58,3374,2810,33137,3500,0,40000,0x07
2026-09-06T12:06:45.558-03:00,420,0,0,58,3374,2810,33137,3500,0,40000,0x07
2026-09-06T12:06:45.581-03:00,421,0,0,58,3374,2810,33137,3500,0,40000,0x07
2026-09-06T12:06:45.599-03:00,422,0,0,62,3374,2629,33907,3500,0,40000,0x07
2026-09-06T12:06:45.617-03:00,423,0,0,62,3374,2629,33907,3500,0,40000,0x07
2026-09-06T12:06:45.637-03:00,424,0,0,62,3374,2629,33907,3500,0,40000,0x07
2026-09-06T12:06:45.660-03:00,425,0,0,59,3374,2746,33411,3500,0,40000,0x07
2026-09-06T12:06:45.679-03:00,426,0,0,59,3374,2746,33411,3500,0,40000,0x07
2026-09-06T12:06:45.697-03:00,427,0,0,59,3374,2746,33411,3500,0,40000,0x07
2026-09-06T12:06:45.720-03:00,428,0,0,50,3374,2680,33690,3500,0,40000,0x07
2026-09-06T12:06:45.738-03:00,429,0,0,50,3374,2680,33690,3500,0,40000,0x07
2026-09-06T12:06:45.761-03:00,430,0,0,52,3374,2769,33311,3500,0,40000,0x07
2026-09-06T12:06:45.781-03:00,431,0,0,52,3374,2769,33311,3500,0,40000,0x07
2026-09-06T12:06:45.799-03:00,432,0,0,52,3374,2769,33311,3500,0,40000,0x07
2026-09-06T12:06:45.819-03:00,433,0,0,60,3374,2650,33818,3500,0,40000,0x07
2026-09-06T12:06:45.837-03:00,434,0,0,60,3374,2650,33818,3500,0,40000,0x07
2026-09-06T12:06:45.862-03:00,435,0,0,60,3374,2650,33818,3500,0,40000,0x07
2026-09-06T12:06:45.880-03:00,436,0,0,58,3374,2655,33796,3500,0,40000,0x07
2026-09-06T12:06:45.900-03:00,437,0,0,58,3374,2655,33796,3500,0,40000,0x07
2026-09-06T12:06:45.918-03:00,438,0,0,58,3374,2655,33796,3500,0,40000,0x07
2026-09-06T12:06:45.941-03:00,439,0,0,63,3374,2698,33612,3500,0,40000,0x07
2026-09-06T12:06:45.959-03:00,440,0,0,63,3374,2698,33612,3500,0,40000,0x07
2026-09-06T12:06:45.981-03:00,441,0,0,63,3374,2698,33612,3500,0,40000,0x07
2026-09-06T12:06:45.998-03:00,442,0,0,59,3374,2644,33843,3500,0,40000,0x07
2026-09-06T12:06:46.018-03:00,443,0,0,59,3374,2644,33843,3500,0,40000,0x07
2026-09-06T12:06:46.037-03:00,444,0,0,59,3374,2644,33843,3500,0,40000,0x07
2026-09-06T12:06:46.060-03:00,445,0,0,58,3374,2672,33723,3500,0,40000,0x07
2026-09-06T12:06:46.077-03:00,446,0,0,58,3374,2672,33723,3500,0,40000,0x07
2026-09-06T12:06:46.097-03:00,447,0,0,58,3374,2672,33723,3500,0,40000,0x07
2026-09-06T12:06:46.117-03:00,448,0,0,51,3374,2647,33830,3500,0,40000,0x07
2026-09-06T12:06:46.141-03:00,449,0,0,51,3374,2647,33830,3500,0,40000,0x07
2026-09-06T12:06:46.159-03:00,450,0,0,53,3374,2755,33373,3500,0,40000,0x07
2026-09-06T12:06:46.178-03:00,451,0,0,53,3374,2755,33373,3500,0,40000,0x07
2026-09-06T12:06:46.198-03:00,452,0,0,53,3374,2755,33373,3500,0,40000,0x07
2026-09-06T12:06:46.220-03:00,453,0,0,59,3374,2661,33771,3500,0,40000,0x07
2026-09-06T12:06:46.238-03:00,454,0,0,59,3374,2661,33771,3500,0,40000,0x07
2026-09-06T12:06:46.258-03:00,455,0,0,59,3374,2661,33771,3500,0,40000,0x07
2026-09-06T12:06:46.278-03:00,456,0,0,60,3374,2700,33606,3500,0,40000,0x07
2026-09-06T12:06:46.301-03:00,457,0,0,60,3374,2700,33606,3500,0,40000,0x07
2026-09-06T12:06:46.319-03:00,458,0,0,60,3374,2700,33606,3500,0,40000,0x07
2026-09-06T12:06:46.339-03:00,459,0,0,58,3374,2724,33503,3500,0,40000,0x07
2026-09-06T12:06:46.359-03:00,460,0,0,58,3374,2724,33503,3500,0,40000,0x07
2026-09-06T12:06:46.381-03:00,461,0,0,58,3374,2724,33503,3500,0,40000,0x07
2026-09-06T12:06:46.398-03:00,462,0,0,59,3374,2712,33555,3500,0,40000,0x07
2026-09-06T12:06:46.421-03:00,463,0,0,59,3374,2712,33555,3500,0,40000,0x07
2026-09-06T12:06:46.439-03:00,464,0,0,59,3374,2712,33555,3500,0,40000,0x07
2026-09-06T12:06:46.460-03:00,465,0,0,59,3374,2729,33483,3500,0,40000,0x07
2026-09-06T12:06:46.479-03:00,466,0,0,59,3374,2729,33483,3500,0,40000,0x07
2026-09-06T12:06:46.497-03:00,467,0,0,59,3374,2729,33483,3500,0,40000,0x07
2026-09-06T12:06:46.520-03:00,468,0,0,50,3374,2520,34370,3500,0,40000,0x07
2026-09-06T12:06:46.561-03:00,469,0,0,50,3374,2520,34370,3500,0,40000,0x07
2026-09-06T12:06:46.561-03:00,470,0,0,53,3374,2830,33052,3500,0,40000,0x07
2026-09-06T12:06:46.581-03:00,471,0,0,53,3374,2830,33052,3500,0,40000,0x07
2026-09-06T12:06:46.599-03:00,472,0,0,53,3374,2830,33052,3500,0,40000,0x07
2026-09-06T12:06:46.617-03:00,473,0,0,59,3374,2695,33627,3500,0,40000,0x07
2026-09-06T12:06:46.658-03:00,474,0,0,59,3374,2695,33627,3500,0,40000,0x07
2026-09-06T12:06:46.681-03:00,475,0,0,59,3374,2695,33627,3500,0,40000,0x07
2026-09-06T12:06:46.699-03:00,476,0,0,50,3374,2560,34200,3500,0,40000,0x07
2026-09-06T12:06:46.717-03:00,477,0,0,50,3374,2560,34200,3500,0,40000,0x07
2026-09-06T12:06:46.740-03:00,478,0,0,59,3374,2881,32835,3500,0,40000,0x07
2026-09-06T12:06:46.760-03:00,480,0,0,59,3374,2881,32835,3500,0,40000,0x07
2026-09-06T12:06:46.778-03:00,481,0,0,52,3374,2731,33475,3500,0,40000,0x07
2026-09-06T12:06:46.799-03:00,482,0,0,52,3374,2731,33475,3500,0,40000,0x07
2026-09-06T12:06:46.818-03:00,483,0,0,52,3374,2731,33475,3500,0,40000,0x07
2026-09-06T12:06:46.841-03:00,484,0,0,58,3374,2621,33943,3500,0,40000,0x07
2026-09-06T12:06:46.858-03:00,485,0,0,58,3374,2621,33943,3500,0,40000,0x07
2026-09-06T12:06:46.878-03:00,486,0,0,58,3374,2621,33943,3500,0,40000,0x07
2026-09-06T12:06:46.898-03:00,487,0,0,51,3374,2706,33580,3500,0,40000,0x07
2026-09-06T12:06:46.918-03:00,488,0,0,51,3374,2706,33580,3500,0,40000,0x07
2026-09-06T12:06:46.942-03:00,489,0,0,52,3374,2654,33802,3500,0,40000,0x07
2026-09-06T12:06:46.980-03:00,490,0,0,52,3374,2654,33802,3500,0,40000,0x07
2026-09-06T12:06:46.999-03:00,491,0,0,52,3374,2654,33802,3500,0,40000,0x07
2026-09-06T12:06:47.022-03:00,492,0,0,51,3374,2667,33747,3500,0,40000,0x07
2026-09-06T12:06:47.039-03:00,493,0,0,51,3374,2667,33747,3500,0,40000,0x07
2026-09-06T12:06:47.060-03:00,494,0,0,65,3374,2877,32854,3500,0,40000,0x07
2026-09-06T12:06:47.078-03:00,496,0,0,65,3374,2877,32854,3500,0,40000,0x07
2026-09-06T12:06:47.121-03:00,497,0,0,65,3374,2877,32854,3500,0,40000,0x07
2026-09-06T12:06:47.165-03:00,498,0,0,50,3374,2560,34200,3500,0,40000,0x07
2026-09-06T12:06:47.206-03:00,499,0,0,50,3374,2560,34200,3500,0,40000,0x07
2026-09-06T12:06:47.250-03:00,500,0,0,52,3374,2808,33148,3500,0,40000,0x07
2026-09-06T12:06:47.295-03:00,501,0,0,50,0,0,0,0,0,0,0x03
