timestamp,sequence,team,robot_id,interval_ms,left_target_eps,left_measured_eps,left_duty,right_target_eps,right_measured_eps,right_duty,flags
2026-09-06T10:43:15.023-03:00,33,0,2,52,0,0,0,0,0,0,0x03
2026-09-06T10:43:15.043-03:00,34,0,2,50,0,0,0,0,0,0,0x03
2026-09-06T10:43:15.061-03:00,35,0,2,53,0,0,0,0,0,0,0x03
2026-09-06T10:43:15.083-03:00,35,0,2,53,0,0,0,0,0,0,0x03
2026-09-06T10:43:15.103-03:00,35,0,2,53,0,0,0,0,0,0,0x03
2026-09-06T10:43:15.120-03:00,35,0,2,51,0,0,0,0,0,0,0x03
2026-09-06T10:43:15.140-03:00,35,0,2,51,0,0,0,0,0,0,0x03
2026-09-06T10:43:15.163-03:00,35,0,2,51,0,0,0,0,0,0,0x03
2026-09-06T10:43:15.181-03:00,35,0,2,50,0,0,0,0,0,0,0x03
2026-09-06T10:43:15.204-03:00,35,0,2,50,0,0,0,0,0,0,0x03
2026-09-06T10:43:15.221-03:00,8,0,2,59,1350,0,18358,1400,0,18475,0x07
2026-09-06T10:43:15.239-03:00,9,0,2,59,1350,0,18358,1400,0,18475,0x07
2026-09-06T10:43:15.262-03:00,10,0,2,59,1350,0,18358,1400,0,18475,0x07
2026-09-06T10:43:15.280-03:00,11,0,2,51,1350,1000,14108,1400,627,15808,0x07
2026-09-06T10:43:15.303-03:00,12,0,2,51,1350,1000,14108,1400,627,15808,0x07
2026-09-06T10:43:15.319-03:00,13,0,2,51,1350,1000,14108,1400,627,15808,0x07
2026-09-06T10:43:15.342-03:00,14,0,2,53,1350,321,16995,1400,94,18074,0x07
2026-09-06T10:43:15.360-03:00,15,0,2,53,1350,321,16995,1400,94,18074,0x07
2026-09-06T10:43:15.383-03:00,16,0,2,56,1350,250,17295,1400,250,17412,0x07
2026-09-06T10:43:15.400-03:00,17,0,2,56,1350,250,17295,1400,250,17412,0x07
2026-09-06T10:43:15.423-03:00,18,0,2,56,1350,250,17295,1400,250,17412,0x07
2026-09-06T10:43:15.441-03:00,19,0,2,51,1350,294,17108,1400,333,17058,0x07
2026-09-06T10:43:15.461-03:00,20,0,2,51,1350,294,17108,1400,333,17058,0x07
2026-09-06T10:43:15.483-03:00,21,0,2,50,1350,380,16743,1400,440,16605,0x07
2026-09-06T10:43:15.502-03:00,22,0,2,50,1350,380,16743,1400,440,16605,0x07
2026-09-06T10:43:15.520-03:00,23,0,2,50,1350,380,16743,1400,440,16605,0x07
2026-09-06T10:43:15.543-03:00,24,0,2,50,1350,480,16318,1400,400,16775,0x07
2026-09-06T10:43:15.563-03:00,25,0,2,50,1350,480,16318,1400,400,16775,0x07
2026-09-06T10:43:15.580-03:00,26,0,2,52,1350,577,15906,1400,481,16432,0x07
2026-09-06T10:43:15.603-03:00,27,0,2,52,1350,577,15906,1400,481,16432,0x07
2026-09-06T10:43:15.647-03:00,28,0,2,52,1350,577,15906,1400,481,16432,0x07
2026-09-06T10:43:15.690-03:00,29,0,2,51,1350,608,15774,1400,490,16392,0x07
2026-09-06T10:43:15.736-03:00,30,0,2,52,1350,596,15824,1400,519,16268,0x07
2026-09-06T10:43:15.779-03:00,31,0,2,52,0,0,0,0,0,0,0x03
2026-09-06T10:43:15.823-03:00,32,0,2,51,0,0,0,0,0,0,0x03
