timestamp,sequence,team,robot_id,interval_ms,left_target_eps,left_measured_eps,left_duty,right_target_eps,right_measured_eps,right_duty,flags
2026-09-06T13:57:10.272-03:00,503,0,0,52,0,0,0,0,0,0,0x03
2026-09-06T13:57:10.289-03:00,504,0,0,52,0,0,0,0,0,0,0x03
2026-09-06T13:57:10.309-03:00,505,0,0,53,0,0,0,0,0,0,0x03
2026-09-06T13:57:10.332-03:00,505,0,0,53,0,0,0,0,0,0,0x03
2026-09-06T13:57:10.349-03:00,505,0,0,50,0,0,0,0,0,0,0x03
2026-09-06T13:57:10.392-03:00,505,0,0,50,0,0,0,0,0,0,0x03
2026-09-06T13:57:10.436-03:00,505,0,0,50,0,0,0,0,0,0,0x03
2026-09-06T13:57:10.481-03:00,505,0,0,52,0,0,0,0,0,0,0x03
2026-09-06T13:57:10.527-03:00,6,0,0,50,0,0,0,0,0,0,0x03
2026-09-06T13:57:10.570-03:00,7,0,0,51,0,0,0,0,0,0,0x03
