timestamp,sequence,team,robot_id,interval_ms,left_target_eps,left_measured_eps,left_duty,right_target_eps,right_measured_eps,right_duty,flags
2026-09-06T17:46:37.298-03:00,65535,255,1,0,0,0,0,0,0,0,0x03
2026-09-06T17:46:37.316-03:00,54,0,1,50,0,0,0,0,0,0,0x03
2026-09-06T17:46:37.335-03:00,55,0,1,50,0,0,0,0,0,0,0x03
2026-09-06T17:46:37.358-03:00,55,0,1,53,0,0,0,0,0,0,0x03
2026-09-06T17:46:37.376-03:00,55,0,1,53,0,0,0,0,0,0,0x03
2026-09-06T17:46:37.399-03:00,55,0,1,53,0,0,0,0,0,0,0x03
2026-09-06T17:46:37.418-03:00,55,0,1,50,0,0,0,0,0,0,0x03
2026-09-06T17:46:37.437-03:00,55,0,1,50,0,0,0,0,0,0,0x03
2026-09-06T17:46:37.455-03:00,55,0,1,52,0,0,0,0,0,0,0x03
2026-09-06T17:46:37.478-03:00,55,0,1,52,0,0,0,0,0,0,0x03
2026-09-06T17:46:37.497-03:00,8,0,1,52,0,0,30741,0,0,31098,0x07
2026-09-06T17:46:37.515-03:00,9,0,1,50,3374,80,40000,3500,40,40000,0x07
2026-09-06T17:46:37.538-03:00,10,0,1,50,3374,80,40000,3500,40,40000,0x07
2026-09-06T17:46:37.555-03:00,11,0,1,52,3374,2173,35845,3500,1731,38617,0x07
2026-09-06T17:46:37.579-03:00,12,0,1,52,3374,2173,35845,3500,1731,38617,0x07
2026-09-06T17:46:37.597-03:00,13,0,1,52,3374,2173,35845,3500,1731,38617,0x07
2026-09-06T17:46:37.636-03:00,14,0,1,50,3374,3660,29526,3500,3220,32288,0x07
2026-09-06T17:46:37.659-03:00,15,0,1,50,3374,3660,29526,3500,3220,32288,0x07
2026-09-06T17:46:37.679-03:00,16,0,1,52,3374,3654,29552,3500,3654,30444,0x07
2026-09-06T17:46:37.700-03:00,17,0,1,52,3374,3654,29552,3500,3654,30444,0x07
2026-09-06T17:46:37.718-03:00,18,0,1,50,3374,3360,30800,3500,3460,31268,0x07
2026-09-06T17:46:37.738-03:00,19,0,1,50,3374,3360,30800,3500,3460,31268,0x07
2026-09-06T17:46:37.758-03:00,20,0,1,50,3374,3360,30800,3500,3460,31268,0x07
2026-09-06T17:46:37.778-03:00,21,0,1,51,3374,3373,30747,3500,3373,31640,0x07
2026-09-06T17:46:37.796-03:00,22,0,1,51,3374,3373,30747,3500,3373,31640,0x07
2026-09-06T17:46:37.819-03:00,23,0,1,51,3374,3373,30747,3500,3373,31640,0x07
2026-09-06T17:46:37.836-03:00,24,0,1,51,3374,3392,30664,3500,3373,31640,0x07
2026-09-06T17:46:37.854-03:00,25,0,1,51,3374,3392,30664,3500,3373,31640,0x07
2026-09-06T17:46:37.877-03:00,26,0,1,50,3374,3380,30716,3500,3340,31778,0x07
2026-09-06T17:46:37.895-03:00,27,0,1,50,3374,3380,30716,3500,3340,31778,0x07
2026-09-06T17:46:37.915-03:00,28,0,1,50,3374,3380,30716,3500,3340,31778,0x07
2026-09-06T17:46:37.935-03:00,29,0,1,58,3374,3414,30572,3500,3379,31611,0x07
2026-09-06T17:46:37.958-03:00,30,0,1,58,3374,3414,30572,3500,3379,31611,0x07
2026-09-06T17:46:37.976-03:00,31,0,1,58,3374,3414,30572,3500,3379,31611,0x07
2026-09-06T17:46:37.995-03:00,32,0,1,59,3374,3407,30602,3500,3424,31422,0x07
2026-09-06T17:46:38.015-03:00,33,0,1,59,3374,3407,30602,3500,3424,31422,0x07
2026-09-06T17:46:38.606-03:00,34,0,1,59,3374,3407,30602,3500,3424,31422,0x07
2026-09-06T17:46:38.606-03:00,35,0,1,51,3374,3431,30497,3500,3353,31723,0x07
2026-09-06T17:46:38.647-03:00,36,0,1,50,0,0,30741,0,0,31098,0x07
2026-09-06T17:46:38.691-03:00,37,0,1,50,0,0,30741,0,0,31098,0x07
2026-09-06T17:46:38.735-03:00,51,0,1,50,0,0,0,0,0,0,0x03
