timestamp,sequence,team,robot_id,interval_ms,left_target_eps,left_measured_eps,left_duty,right_target_eps,right_measured_eps,right_duty,flags
2026-09-06T17:12:48.905,898,0,1,50,3374,980,40000,0,0,7157,0x07
2026-09-06T17:12:48.974,901,0,2,51,290,0,6038,1449,0,21220,0x07
2026-09-06T17:12:48.974,900,0,1,50,1164,860,14867,542,0,9461,0x07
2026-09-06T17:12:49.038,903,0,2,51,0,0,0,0,0,0,0x03
2026-09-06T17:12:49.038,902,0,1,51,0,0,0,0,0,0,0x03
2026-09-06T17:12:49.119,1,0,2,51,0,0,0,0,0,0,0x03
2026-09-06T17:12:49.119,0,0,1,50,0,0,0,0,0,0,0x03
2026-09-06T17:12:49.184,3,0,2,52,0,0,0,0,0,0,0x03
2026-09-06T17:12:49.184,2,0,1,52,0,0,0,0,0,0,0x03
2026-09-06T17:12:49.249,5,0,2,50,0,0,0,0,0,0,0x03
2026-09-06T17:12:49.249,4,0,1,50,0,0,0,0,0,0,0x03
2026-09-06T17:12:49.313,7,0,2,52,0,0,0,0,0,0,0x03
2026-09-06T17:12:49.313,6,0,1,51,0,0,0,0,0,0,0x03
2026-09-06T17:12:49.379,9,0,2,50,0,0,0,0,0,0,0x03
2026-09-06T17:12:49.379,8,0,1,51,0,0,0,0,0,0,0x03
2026-09-06T17:12:49.444,11,0,2,50,0,0,0,0,0,0,0x03
2026-09-06T17:12:49.444,10,0,1,50,0,0,0,0,0,0,0x03
2026-09-06T17:12:49.508,13,0,2,50,0,0,0,0,0,0,0x03
2026-09-06T17:12:49.508,12,0,1,50,0,0,0,0,0,0,0x03
2026-09-06T17:12:49.573,15,0,2,51,0,0,0,0,0,0,0x03
2026-09-06T17:12:49.573,14,0,1,50,0,0,0,0,0,0,0x03
2026-09-06T17:12:49.654,17,0,2,50,0,0,0,0,0,0,0x03
2026-09-06T17:12:49.654,16,0,1,50,0,0,0,0,0,0,0x03
2026-09-06T17:12:49.719,19,0,2,52,0,0,0,0,0,0,0x03
2026-09-06T17:12:49.719,18,0,1,52,0,0,0,0,0,0,0x03
2026-09-06T17:12:49.785,21,0,2,51,0,0,0,0,0,0,0x03
2026-09-06T17:12:49.785,20,0,1,52,0,0,0,0,0,0,0x03
2026-09-06T17:12:49.849,23,0,2,50,0,0,0,0,0,0,0x03
2026-09-06T17:12:49.914,25,0,2,50,0,0,0,0,0,0,0x03
2026-09-06T17:12:49.914,24,0,1,50,0,0,0,0,0,0,0x03
2026-09-06T17:12:49.979,25,0,2,51,0,0,0,0,0,0,0x03
2026-09-06T17:12:49.979,24,0,1,51,0,0,0,0,0,0,0x03
2026-09-06T17:12:50.044,25,0,2,50,0,0,0,0,0,0,0x03
2026-09-06T17:12:50.044,28,0,1,50,0,0,0,0,0,0,0x03
2026-09-06T17:12:50.109,31,0,2,51,0,0,0,0,0,0,0x03
2026-09-06T17:12:50.109,30,0,1,52,0,0,0,0,0,0,0x03
2026-09-06T17:12:50.190,33,0,2,50,0,0,0,0,0,0,0x03
2026-09-06T17:12:50.190,32,0,1,50,0,0,0,0,0,0,0x03
2026-09-06T17:12:50.255,35,0,2,52,0,0,0,0,0,0,0x03
2026-09-06T17:12:50.255,34,0,1,52,0,0,0,0,0,0,0x03
2026-09-06T17:12:50.320,37,0,2,54,0,0,0,0,0,0,0x03
2026-09-06T17:12:50.320,36,0,1,50,0,0,0,0,0,0,0x03
2026-09-06T17:12:50.385,39,0,2,52,0,0,0,0,0,0,0x03
2026-09-06T17:12:50.385,38,0,1,50,0,0,0,0,0,0,0x03
2026-09-06T17:12:50.450,41,0,2,50,0,0,0,0,0,0,0x03
2026-09-06T17:12:50.450,40,0,1,51,0,0,0,0,0,0,0x03
2026-09-06T17:12:50.515,43,0,2,50,0,0,0,0,0,0,0x03
2026-09-06T17:12:50.515,42,0,1,50,0,0,0,0,0,0,0x03
2026-09-06T17:12:50.580,45,0,2,50,0,0,0,0,0,0,0x03
2026-09-06T17:12:50.580,44,0,1,51,0,0,0,0,0,0,0x03
2026-09-06T17:12:50.661,47,0,2,52,0,0,0,0,0,0,0x03
2026-09-06T17:12:50.661,46,0,1,51,0,0,0,0,0,0,0x03
2026-09-06T17:12:50.726,49,0,2,50,0,0,0,0,0,0,0x03
2026-09-06T17:12:50.726,48,0,1,51,0,0,0,0,0,0,0x03
2026-09-06T17:12:50.791,51,0,2,50,0,0,0,0,0,0,0x03
2026-09-06T17:12:50.791,50,0,1,50,0,0,0,0,0,0,0x03
2026-09-06T17:12:50.855,53,0,2,50,0,0,0,0,0,0,0x03
2026-09-06T17:12:50.855,52,0,1,54,0,0,0,0,0,0,0x03
2026-09-06T17:12:50.920,55,0,2,52,0,0,0,0,0,0,0x03
2026-09-06T17:12:50.920,54,0,1,50,0,0,0,0,0,0,0x03
2026-09-06T17:12:50.985,57,0,2,50,0,0,0,0,0,0,0x03
2026-09-06T17:12:50.986,56,0,1,50,0,0,0,0,0,0,0x03
2026-09-06T17:12:51.050,59,0,2,50,0,0,0,0,0,0,0x03
2026-09-06T17:12:51.050,58,0,1,52,0,0,0,0,0,0,0x03
2026-09-06T17:12:51.115,61,0,2,50,0,0,0,0,0,0,0x03
2026-09-06T17:12:51.115,60,0,1,51,0,0,0,0,0,0,0x03
2026-09-06T17:12:51.196,63,0,2,55,0,0,0,0,0,0,0x03
2026-09-06T17:12:51.196,62,0,1,52,0,0,0,0,0,0,0x03
2026-09-06T17:12:51.261,65,0,2,50,0,0,0,0,0,0,0x03
2026-09-06T17:12:51.261,64,0,1,52,0,0,0,0,0,0,0x03
2026-09-06T17:12:51.326,67,0,2,50,0,0,0,0,0,0,0x03
2026-09-06T17:12:51.326,66,0,1,52,0,0,0,0,0,0,0x03
2026-09-06T17:12:51.391,69,0,2,50,0,0,0,0,0,0,0x03
2026-09-06T17:12:51.391,68,0,1,50,0,0,0,0,0,0,0x03
2026-09-06T17:12:51.456,71,0,2,50,0,0,0,0,0,0,0x03
2026-09-06T17:12:51.456,70,0,1,50,0,0,0,0,0,0,0x03
2026-09-06T17:12:51.521,73,0,2,51,0,0,0,0,0,0,0x03
2026-09-06T17:12:51.521,72,0,1,54,0,0,0,0,0,0,0x03
2026-09-06T17:12:51.586,75,0,2,54,0,0,0,0,0,0,0x03
2026-09-06T17:12:51.586,74,0,1,50,0,0,0,0,0,0,0x03
2026-09-06T17:12:51.651,77,0,2,51,0,0,0,0,0,0,0x03
2026-09-06T17:12:51.651,76,0,1,50,0,0,0,0,0,0,0x03
2026-09-06T17:12:51.732,79,0,2,51,0,0,0,0,0,0,0x03
2026-09-06T17:12:51.732,78,0,1,51,0,0,0,0,0,0,0x03
2026-09-06T17:12:51.798,81,0,2,51,0,0,0,0,0,0,0x03
2026-09-06T17:12:51.798,80,0,1,50,0,0,0,0,0,0,0x03
2026-09-06T17:12:51.863,83,0,2,50,0,0,0,0,0,0,0x03
2026-09-06T17:12:51.863,82,0,1,52,0,0,0,0,0,0,0x03
2026-09-06T17:12:51.928,85,0,2,51,0,0,0,0,0,0,0x03
2026-09-06T17:12:51.928,84,0,1,52,0,0,0,0,0,0,0x03
2026-09-06T17:12:51.976,87,0,2,50,0,0,0,0,0,0,0x03
2026-09-06T17:12:51.976,86,0,1,50,0,0,0,0,0,0,0x03
