timestamp,sequence,team,robot_id,interval_ms,left_target_eps,left_measured_eps,left_duty,right_target_eps,right_measured_eps,right_duty,flags
2026-09-06T16:35:31.378,502,0,0,50,0,0,0,0,0,0,0x03
2026-09-06T16:35:31.379,65535,255,2,0,0,0,0,0,0,0,0x03
2026-09-06T16:35:31.443,503,0,0,51,0,0,0,0,0,0,0x03
2026-09-06T16:35:31.443,505,0,2,50,0,0,0,0,0,0,0x03
2026-09-06T16:35:31.508,65535,0,0,51,0,0,0,0,0,0,0x0b
2026-09-06T16:35:31.508,1,0,2,50,0,0,0,0,0,0,0x03
2026-09-06T16:35:31.573,0,0,0,51,0,0,0,0,0,0,0x03
2026-09-06T16:35:31.573,3,0,2,51,0,0,0,0,0,0,0x03
2026-09-06T16:35:31.638,2,0,0,51,0,0,0,0,0,0,0x03
2026-09-06T16:35:31.638,5,0,2,51,0,0,0,0,0,0,0x03
2026-09-06T16:35:31.720,4,0,0,54,0,0,0,0,0,0,0x03
2026-09-06T16:35:31.720,7,0,2,51,0,0,0,0,0,0,0x03
2026-09-06T16:35:31.785,6,0,0,50,0,0,0,0,0,0,0x03
2026-09-06T16:35:31.785,9,0,2,52,0,0,0,0,0,0,0x03
2026-09-06T16:35:31.850,8,0,0,51,0,0,0,0,0,0,0x03
2026-09-06T16:35:31.850,11,0,2,51,0,0,0,0,0,0,0x03
2026-09-06T16:35:31.915,10,0,0,51,0,0,0,0,0,0,0x03
2026-09-06T16:35:31.915,13,0,2,51,0,0,0,0,0,0,0x03
2026-09-06T16:35:31.980,12,0,0,50,0,0,0,0,0,0,0x03
2026-09-06T16:35:31.980,15,0,2,50,0,0,0,0,0,0,0x03
2026-09-06T16:35:32.045,14,0,0,50,0,0,0,0,0,0,0x03
2026-09-06T16:35:32.045,17,0,2,51,0,0,0,0,0,0,0x03
2026-09-06T16:35:32.110,16,0,0,50,0,0,0,0,0,0,0x03
2026-09-06T16:35:32.110,19,0,2,50,0,0,0,0,0,0,0x03
2026-09-06T16:35:32.175,18,0,0,51,0,0,0,0,0,0,0x03
2026-09-06T16:35:32.176,21,0,2,51,0,0,0,0,0,0,0x03
2026-09-06T16:35:32.241,20,0,0,52,0,0,0,0,0,0,0x03
2026-09-06T16:35:32.241,23,0,2,50,0,0,0,0,0,0,0x03
2026-09-06T16:35:32.322,22,0,0,52,0,0,0,0,0,0,0x03
2026-09-06T16:35:32.322,25,0,2,50,0,0,0,0,0,0,0x03
2026-09-06T16:35:32.387,24,0,0,51,0,0,0,0,0,0,0x03
2026-09-06T16:35:32.387,27,0,2,51,0,0,0,0,0,0,0x03
2026-09-06T16:35:32.451,26,0,0,50,0,0,0,0,0,0,0x03
2026-09-06T16:35:32.451,29,0,2,51,0,0,0,0,0,0,0x03
2026-09-06T16:35:32.516,28,0,0,54,0,0,0,0,0,0,0x03
2026-09-06T16:35:32.516,31,0,2,52,0,0,0,0,0,0,0x03
2026-09-06T16:35:32.580,30,0,0,51,0,0,0,0,0,0,0x03
2026-09-06T16:35:32.580,33,0,2,50,0,0,0,0,0,0,0x03
2026-09-06T16:35:32.646,32,0,0,51,0,0,0,0,0,0,0x03
2026-09-06T16:35:32.646,35,0,2,53,0,0,0,0,0,0,0x03
2026-09-06T16:35:32.711,34,0,0,52,0,0,0,0,0,0,0x03
2026-09-06T16:35:32.711,37,0,2,52,0,0,0,0,0,0,0x03
2026-09-06T16:35:32.776,36,0,0,52,0,0,0,0,0,0,0x03
2026-09-06T16:35:32.776,39,0,2,51,0,0,0,0,0,0,0x03
2026-09-06T16:35:32.857,38,0,0,50,0,0,0,0,0,0,0x03
2026-09-06T16:35:32.857,41,0,2,50,0,0,0,0,0,0,0x03
2026-09-06T16:35:32.923,40,0,0,50,0,0,0,0,0,0,0x03
2026-09-06T16:35:32.923,43,0,2,52,0,0,0,0,0,0,0x03
2026-09-06T16:35:32.988,42,0,0,52,0,0,0,0,0,0,0x03
2026-09-06T16:35:32.988,45,0,2,51,0,0,0,0,0,0,0x03
2026-09-06T16:35:33.053,44,0,0,52,0,0,0,0,0,0,0x03
2026-09-06T16:35:33.053,47,0,2,54,0,0,0,0,0,0,0x03
2026-09-06T16:35:33.117,46,0,0,50,0,0,0,0,0,0,0x03
2026-09-06T16:35:33.117,49,0,2,55,0,0,0,0,0,0,0x03
2026-09-06T16:35:33.183,48,0,0,51,0,0,0,0,0,0,0x03
2026-09-06T16:35:33.183,51,0,2,50,0,0,0,0,0,0,0x03
2026-09-06T16:35:33.248,50,0,0,52,0,0,0,0,0,0,0x03
2026-09-06T16:35:33.248,53,0,2,50,0,0,0,0,0,0,0x03
2026-09-06T16:35:33.313,52,0,0,52,0,0,0,0,0,0,0x03
2026-09-06T16:35:33.313,55,0,2,52,0,0,0,0,0,0,0x03
2026-09-06T16:35:33.378,54,0,0,50,0,0,0,0,0,0,0x03
2026-09-06T16:35:33.378,57,0,2,51,0,0,0,0,0,0,0x03
2026-09-06T16:35:33.459,56,0,0,55,0,0,0,0,0,0,0x03
2026-09-06T16:35:33.459,59,0,2,50,0,0,0,0,0,0,0x03
2026-09-06T16:35:33.523,58,0,0,52,0,0,0,0,0,0,0x03
2026-09-06T16:35:33.523,61,0,2,50,0,0,0,0,0,0,0x03
2026-09-06T16:35:33.588,60,0,0,50,0,0,0,0,0,0,0x03
2026-09-06T16:35:33.588,63,0,2,51,0,0,0,0,0,0,0x03
2026-09-06T16:35:33.654,62,0,0,51,0,0,0,0,0,0,0x03
2026-09-06T16:35:33.654,65,0,2,51,0,0,0,0,0,0,0x03
2026-09-06T16:35:33.718,64,0,0,52,0,0,0,0,0,0,0x03
2026-09-06T16:35:33.718,67,0,2,52,0,0,0,0,0,0,0x03
2026-09-06T16:35:33.784,66,0,0,50,0,0,0,0,0,0,0x03
2026-09-06T16:35:33.784,69,0,2,53,0,0,0,0,0,0,0x03
2026-09-06T16:35:33.849,68,0,0,52,0,0,0,0,0,0,0x03
2026-09-06T16:35:33.849,71,0,2,51,0,0,0,0,0,0,0x03
2026-09-06T16:35:33.914,70,0,0,50,0,0,0,0,0,0,0x03
2026-09-06T16:35:33.914,73,0,2,51,0,0,0,0,0,0,0x03
2026-09-06T16:35:33.995,72,0,0,50,0,0,0,0,0,0,0x03
2026-09-06T16:35:33.995,75,0,2,50,0,0,0,0,0,0,0x03
2026-09-06T16:35:34.061,74,0,0,52,0,0,0,0,0,0,0x03
2026-09-06T16:35:34.061,77,0,2,52,0,0,0,0,0,0,0x03
2026-09-06T16:35:34.125,76,0,0,54,0,0,0,0,0,0,0x03
2026-09-06T16:35:34.125,79,0,2,52,0,0,0,0,0,0,0x03
2026-09-06T16:35:34.190,78,0,0,50,0,0,0,0,0,0,0x03
2026-09-06T16:35:34.190,81,0,2,52,0,0,0,0,0,0,0x03
2026-09-06T16:35:34.255,80,0,0,50,0,0,0,0,0,0,0x03
2026-09-06T16:35:34.255,83,0,2,51,0,0,0,0,0,0,0x03
2026-09-06T16:35:34.321,82,0,0,50,0,0,0,0,0,0,0x03
2026-09-06T16:35:34.321,85,0,2,51,0,0,0,0,0,0,0x03
2026-09-06T16:35:34.386,84,0,0,52,0,0,0,0,0,0,0x03
2026-09-06T16:35:34.386,87,0,2,50,0,0,0,0,0,0,0x03
2026-09-06T16:35:34.452,86,0,0,52,0,0,0,0,0,0,0x03
2026-09-06T16:35:34.452,89,0,2,50,0,0,0,0,0,0,0x03
2026-09-06T16:35:34.516,88,0,0,52,0,0,0,0,0,0,0x03
2026-09-06T16:35:34.516,91,0,2,50,0,0,0,0,0,0,0x03
2026-09-06T16:35:34.598,90,0,0,51,0,0,0,0,0,0,0x03
2026-09-06T16:35:34.598,93,0,2,50,0,0,0,0,0,0,0x03
2026-09-06T16:35:34.663,92,0,0,50,0,0,0,0,0,0,0x03
2026-09-06T16:35:34.729,94,0,0,52,0,0,0,0,0,0,0x03
2026-09-06T16:35:34.729,97,0,2,50,0,0,0,0,0,0,0x03
2026-09-06T16:35:34.793,96,0,0,52,0,0,0,0,0,0,0x03
2026-09-06T16:35:34.793,97,0,2,51,0,0,0,0,0,0,0x03
2026-09-06T16:35:34.859,96,0,0,51,0,0,0,0,0,0,0x03
2026-09-06T16:35:34.859,101,0,2,52,0,0,0,0,0,0,0x03
2026-09-06T16:35:34.924,96,0,0,51,0,0,0,0,0,0,0x03
2026-09-06T16:35:34.924,103,0,2,50,0,0,0,0,0,0,0x03
2026-09-06T16:35:34.989,102,0,0,51,0,0,0,0,0,0,0x03
2026-09-06T16:35:34.989,105,0,2,50,0,0,0,0,0,0,0x03
2026-09-06T16:35:35.054,104,0,0,52,0,0,0,0,0,0,0x03
2026-09-06T16:35:35.054,107,0,2,55,0,0,0,0,0,0,0x03
2026-09-06T16:35:35.135,106,0,0,52,0,0,0,0,0,0,0x03
2026-09-06T16:35:35.135,109,0,2,50,0,0,0,0,0,0,0x03
2026-09-06T16:35:35.184,108,0,0,54,0,0,0,0,0,0,0x03
2026-09-06T16:35:35.184,111,0,2,50,0,0,0,0,0,0,0x03
2026-09-06T16:35:35.265,110,0,0,51,0,0,0,0,0,0,0x03
2026-09-06T16:35:35.265,113,0,2,50,0,0,0,0,0,0,0x03
2026-09-06T16:35:35.330,112,0,0,51,0,0,0,0,0,0,0x03
2026-09-06T16:35:35.330,115,0,2,50,0,0,0,0,0,0,0x03
2026-09-06T16:35:35.394,114,0,0,51,0,0,0,0,0,0,0x03
2026-09-06T16:35:35.394,117,0,2,50,0,0,0,0,0,0,0x03
2026-09-06T16:35:35.459,116,0,0,51,0,0,0,0,0,0,0x03
2026-09-06T16:35:35.459,119,0,2,51,0,0,0,0,0,0,0x03
2026-09-06T16:35:35.524,118,0,0,50,0,0,0,0,0,0,0x03
2026-09-06T16:35:35.524,121,0,2,51,0,0,0,0,0,0,0x03
2026-09-06T16:35:35.589,120,0,0,50,0,0,0,0,0,0,0x03
2026-09-06T16:35:35.589,123,0,2,52,0,0,0,0,0,0,0x03
2026-09-06T16:35:35.670,122,0,0,50,0,0,0,0,0,0,0x03
2026-09-06T16:35:35.670,125,0,2,51,0,0,0,0,0,0,0x03
2026-09-06T16:35:35.719,124,0,0,50,0,0,0,0,0,0,0x03
2026-09-06T16:35:35.719,127,0,2,51,0,0,0,0,0,0,0x03
2026-09-06T16:35:35.800,126,0,0,51,0,0,0,0,0,0,0x03
2026-09-06T16:35:35.800,129,0,2,52,0,0,0,0,0,0,0x03
2026-09-06T16:35:35.865,128,0,0,51,0,0,0,0,0,0,0x03
2026-09-06T16:35:35.865,131,0,2,51,0,0,0,0,0,0,0x03
2026-09-06T16:35:35.930,130,0,0,50,0,0,0,0,0,0,0x03
2026-09-06T16:35:35.930,133,0,2,54,0,0,0,0,0,0,0x03
2026-09-06T16:35:35.995,132,0,0,50,0,0,0,0,0,0,0x03
2026-09-06T16:35:35.995,135,0,2,50,0,0,0,0,0,0,0x03
2026-09-06T16:35:36.059,134,0,0,51,0,0,0,0,0,0,0x03
2026-09-06T16:35:36.060,137,0,2,51,0,0,0,0,0,0,0x03
2026-09-06T16:35:36.125,136,0,0,52,0,0,0,0,0,0,0x03
2026-09-06T16:35:36.125,139,0,2,52,0,0,0,0,0,0,0x03
2026-09-06T16:35:36.207,138,0,0,50,0,0,0,0,0,0,0x03
2026-09-06T16:35:36.207,141,0,2,55,0,0,0,0,0,0,0x03
2026-09-06T16:35:36.256,140,0,0,54,0,0,0,0,0,0,0x03
2026-09-06T16:35:36.256,143,0,2,52,0,0,0,0,0,0,0x03
2026-09-06T16:35:36.337,142,0,0,51,0,0,0,0,0,0,0x03
2026-09-06T16:35:36.337,145,0,2,51,0,0,0,0,0,0,0x03
2026-09-06T16:35:36.402,144,0,0,50,0,0,0,0,0,0,0x03
2026-09-06T16:35:36.402,147,0,2,51,0,0,0,0,0,0,0x03
2026-09-06T16:35:36.467,146,0,0,52,0,0,0,0,0,0,0x03
2026-09-06T16:35:36.467,149,0,2,51,0,0,0,0,0,0,0x03
2026-09-06T16:35:36.532,148,0,0,52,0,0,0,0,0,0,0x03
2026-09-06T16:35:36.532,151,0,2,51,0,0,0,0,0,0,0x03
2026-09-06T16:35:36.597,150,0,0,50,0,0,0,0,0,0,0x03
2026-09-06T16:35:36.597,153,0,2,55,0,0,0,0,0,0,0x03
2026-09-06T16:35:36.662,152,0,0,53,0,0,0,0,0,0,0x03
2026-09-06T16:35:36.662,155,0,2,52,0,0,0,0,0,0,0x03
2026-09-06T16:35:36.727,154,0,0,50,0,0,0,0,0,0,0x03
2026-09-06T16:35:36.727,157,0,2,50,0,0,0,0,0,0,0x03
2026-09-06T16:35:36.792,156,0,0,51,0,0,0,0,0,0,0x03
2026-09-06T16:35:36.792,159,0,2,51,0,0,0,0,0,0,0x03
2026-09-06T16:35:36.874,161,0,2,55,0,0,0,0,0,0,0x03
2026-09-06T16:35:36.939,160,0,0,54,0,0,0,0,0,0,0x03
2026-09-06T16:35:36.939,161,0,2,52,0,0,0,0,0,0,0x03
2026-09-06T16:35:37.004,162,0,0,52,0,0,0,0,0,0,0x03
2026-09-06T16:35:37.004,161,0,2,51,0,0,0,0,0,0,0x03
2026-09-06T16:35:37.069,162,0,0,51,0,0,0,0,0,0,0x03
2026-09-06T16:35:37.069,167,0,2,50,0,0,0,0,0,0,0x03
2026-09-06T16:35:37.134,166,0,0,50,0,0,0,0,0,0,0x03
2026-09-06T16:35:37.134,169,0,2,50,0,0,0,0,0,0,0x03
2026-09-06T16:35:37.199,168,0,0,51,0,0,0,0,0,0,0x03
2026-09-06T16:35:37.199,171,0,2,50,0,0,0,0,0,0,0x03
2026-09-06T16:35:37.264,170,0,0,51,0,0,0,0,0,0,0x03
2026-09-06T16:35:37.264,173,0,2,54,0,0,0,0,0,0,0x03
2026-09-06T16:35:37.329,172,0,0,52,0,0,0,0,0,0,0x03
2026-09-06T16:35:37.329,175,0,2,52,0,0,0,0,0,0,0x03
2026-09-06T16:35:37.411,174,0,0,51,0,0,0,0,0,0,0x03
2026-09-06T16:35:37.411,177,0,2,51,0,0,0,0,0,0,0x03
2026-09-06T16:35:37.475,176,0,0,51,0,0,0,0,0,0,0x03
2026-09-06T16:35:37.475,179,0,2,50,0,0,0,0,0,0,0x03
2026-09-06T16:35:37.540,178,0,0,52,0,0,0,0,0,0,0x03
2026-09-06T16:35:37.540,181,0,2,50,0,0,0,0,0,0,0x03
2026-09-06T16:35:37.605,180,0,0,50,0,0,0,0,0,0,0x03
2026-09-06T16:35:37.605,183,0,2,50,0,0,0,0,0,0,0x03
2026-09-06T16:35:37.670,182,0,0,50,0,0,0,0,0,0,0x03
2026-09-06T16:35:37.670,185,0,2,54,0,0,0,0,0,0,0x03
2026-09-06T16:35:37.736,184,0,0,54,0,0,0,0,0,0,0x03
2026-09-06T16:35:37.736,187,0,2,51,0,0,0,0,0,0,0x03
2026-09-06T16:35:37.801,186,0,0,50,0,0,0,0,0,0,0x03
2026-09-06T16:35:37.801,189,0,2,51,0,0,0,0,0,0,0x03
2026-09-06T16:35:37.866,188,0,0,51,0,0,0,0,0,0,0x03
2026-09-06T16:35:37.866,191,0,2,51,0,0,0,0,0,0,0x03
2026-09-06T16:35:37.931,190,0,0,51,0,0,0,0,0,0,0x03
2026-09-06T16:35:37.931,193,0,2,53,0,0,0,0,0,0,0x03
2026-09-06T16:35:38.013,192,0,0,53,0,0,0,0,0,0,0x03
2026-09-06T16:35:38.013,195,0,2,51,0,0,0,0,0,0,0x03
2026-09-06T16:35:38.078,194,0,0,50,0,0,0,0,0,0,0x03
2026-09-06T16:35:38.078,197,0,2,50,0,0,0,0,0,0,0x03
2026-09-06T16:35:38.143,196,0,0,52,0,0,0,0,0,0,0x03
2026-09-06T16:35:38.143,199,0,2,50,0,0,0,0,0,0,0x03
2026-09-06T16:35:38.208,198,0,0,51,0,0,0,0,0,0,0x03
2026-09-06T16:35:38.208,201,0,2,50,0,0,0,0,0,0,0x03
2026-09-06T16:35:38.274,200,0,0,50,0,0,0,0,0,0,0x03
2026-09-06T16:35:38.274,203,0,2,51,0,0,0,0,0,0,0x03
2026-09-06T16:35:38.339,202,0,0,52,0,0,0,0,0,0,0x03
2026-09-06T16:35:38.339,205,0,2,54,0,0,0,0,0,0,0x03
2026-09-06T16:35:38.404,204,0,0,52,0,0,0,0,0,0,0x03
2026-09-06T16:35:38.404,207,0,2,52,0,0,0,0,0,0,0x03
2026-09-06T16:35:38.469,206,0,0,50,0,0,0,0,0,0,0x03
2026-09-06T16:35:38.469,209,0,2,52,0,0,0,0,0,0,0x03
2026-09-06T16:35:38.534,208,0,0,52,0,0,0,0,0,0,0x03
2026-09-06T16:35:38.534,211,0,2,51,0,0,0,0,0,0,0x03
2026-09-06T16:35:38.599,210,0,0,50,0,0,0,0,0,0,0x03
2026-09-06T16:35:38.599,213,0,2,54,0,0,0,0,0,0,0x03
2026-09-06T16:35:38.680,212,0,0,50,0,0,0,0,0,0,0x03
2026-09-06T16:35:38.681,215,0,2,52,0,0,0,0,0,0,0x03
2026-09-06T16:35:38.745,214,0,0,50,0,0,5584,0,0,12308,0x07
2026-09-06T16:35:38.745,217,0,2,51,0,0,0,0,0,0,0x03
2026-09-06T16:35:38.810,216,0,0,51,233,0,6576,1164,0,17254,0x07
2026-09-06T16:35:38.810,219,0,2,50,0,0,0,0,0,0,0x03
2026-09-06T16:35:38.875,218,0,0,52,518,135,9586,869,0,13593,0x07
2026-09-06T16:35:38.875,221,0,2,51,0,0,0,0,0,0,0x03
2026-09-06T16:35:38.940,220,0,0,50,518,220,9223,869,0,13593,0x07
2026-09-06T16:35:38.940,223,0,2,52,0,0,0,0,0,0,0x03
2026-09-06T16:35:39.005,222,0,0,51,518,0,10158,869,0,13593,0x07
2026-09-06T16:35:39.005,225,0,2,55,0,0,0,0,0,0,0x03
2026-09-06T16:35:39.071,224,0,0,55,518,0,10158,869,0,13593,0x07
2026-09-06T16:35:39.071,227,0,2,52,0,0,0,0,0,0,0x03
2026-09-06T16:35:39.135,226,0,0,50,518,0,10158,869,0,13593,0x07
2026-09-06T16:35:39.135,229,0,2,50,0,0,0,0,0,0,0x03
2026-09-06T16:35:39.217,228,0,0,51,518,0,10158,869,0,13593,0x07
2026-09-06T16:35:39.217,231,0,2,51,0,0,0,0,0,0,0x03
2026-09-06T16:35:39.281,230,0,0,50,518,0,10158,869,0,13593,0x07
2026-09-06T16:35:39.281,233,0,2,51,0,0,0,0,0,0,0x03
2026-09-06T16:35:39.345,232,0,0,50,518,0,10158,869,0,13593,0x07
2026-09-06T16:35:39.346,235,0,2,51,0,0,0,0,0,0,0x03
2026-09-06T16:35:39.411,234,0,0,51,581,0,10957,896,0,13924,0x07
2026-09-06T16:35:39.476,236,0,0,52,627,0,11540,946,0,14550,0x07
2026-09-06T16:35:39.476,237,0,2,51,0,0,0,0,0,0,0x03
2026-09-06T16:35:39.541,238,0,0,50,627,0,11540,946,0,14550,0x07
2026-09-06T16:35:39.541,237,0,2,51,0,0,0,0,0,0,0x03
2026-09-06T16:35:39.606,238,0,0,50,574,0,10864,928,0,14323,0x07
2026-09-06T16:35:39.607,243,0,2,50,0,0,0,0,0,0,0x03
2026-09-06T16:35:39.672,238,0,0,51,574,0,10864,928,0,14323,0x07
2026-09-06T16:35:39.672,245,0,2,50,0,0,0,0,0,0,0x03
2026-09-06T16:35:39.753,244,0,0,50,0,0,7944,0,0,9934,0x07
2026-09-06T16:35:39.753,247,0,2,50,0,0,0,0,0,0,0x03
2026-09-06T16:35:39.818,246,0,0,51,516,20,10053,873,0,13645,0x07
2026-09-06T16:35:39.818,249,0,2,52,0,0,0,0,0,0,0x03
2026-09-06T16:35:39.883,248,0,0,51,511,0,10073,867,0,13567,0x07
2026-09-06T16:35:39.883,251,0,2,54,0,0,0,0,0,0,0x03
2026-09-06T16:35:39.949,250,0,0,50,573,20,10766,890,0,13858,0x07
2026-09-06T16:35:39.949,253,0,2,50,0,0,0,0,0,0,0x03
2026-09-06T16:35:40.013,252,0,0,51,540,0,10434,893,0,13894,0x07
2026-09-06T16:35:40.013,255,0,2,50,0,0,0,0,0,0,0x03
2026-09-06T16:35:40.079,254,0,0,51,591,0,11085,909,0,14094,0x07
2026-09-06T16:35:40.079,257,0,2,51,0,0,0,0,0,0,0x03
2026-09-06T16:35:40.143,256,0,0,52,551,0,10574,905,0,14036,0x07
2026-09-06T16:35:40.143,259,0,2,51,0,0,0,0,0,0,0x03
2026-09-06T16:35:40.208,258,0,0,50,597,0,11153,916,0,14180,0x07
2026-09-06T16:35:40.208,261,0,2,52,0,0,0,0,0,0,0x03
2026-09-06T16:35:40.289,260,0,0,51,553,0,10601,908,0,14077,0x07
2026-09-06T16:35:40.289,263,0,2,50,0,0,0,0,0,0,0x03
2026-09-06T16:35:40.353,262,0,0,53,521,0,10201,877,0,13697,0x07
2026-09-06T16:35:40.353,265,0,2,52,0,0,0,0,0,0,0x03
2026-09-06T16:35:40.418,264,0,0,51,521,0,10201,877,0,13697,0x07
2026-09-06T16:35:40.418,267,0,2,50,0,0,0,0,0,0,0x03
2026-09-06T16:35:40.483,266,0,0,50,514,0,10115,870,0,13607,0x07
2026-09-06T16:35:40.483,269,0,2,51,0,0,0,0,0,0,0x03
2026-09-06T16:35:40.548,268,0,0,50,511,0,10077,866,0,13554,0x07
2026-09-06T16:35:40.548,271,0,2,50,0,0,0,0,0,0,0x03
2026-09-06T16:35:40.613,270,0,0,50,510,0,10069,864,0,13536,0x07
2026-09-06T16:35:40.613,273,0,2,51,0,0,0,0,0,0,0x03
2026-09-06T16:35:40.678,272,0,0,51,511,0,10077,864,0,13532,0x07
2026-09-06T16:35:40.678,275,0,2,50,0,0,0,0,0,0,0x03
2026-09-06T16:35:40.743,274,0,0,51,578,0,10915,892,0,13884,0x07
2026-09-06T16:35:40.743,277,0,2,52,0,0,0,0,0,0,0x03
2026-09-06T16:35:40.824,276,0,0,50,578,0,10915,892,0,13884,0x07
2026-09-06T16:35:40.824,279,0,2,52,0,0,0,0,0,0,0x03
2026-09-06T16:35:40.889,278,0,0,52,545,0,10507,897,0,13937,0x07
2026-09-06T16:35:40.889,281,0,2,50,0,0,0,0,0,0,0x03
2026-09-06T16:35:40.954,280,0,0,50,596,0,11149,914,0,14145,0x07
2026-09-06T16:35:40.954,283,0,2,52,0,0,0,0,0,0,0x03
2026-09-06T16:35:41.019,282,0,0,50,555,0,10631,909,0,14085,0x07
2026-09-06T16:35:41.019,285,0,2,50,0,0,0,0,0,0,0x03
2026-09-06T16:35:41.084,284,0,0,52,600,0,11191,919,0,14215,0x07
2026-09-06T16:35:41.084,287,0,2,50,0,0,0,0,0,0,0x03
2026-09-06T16:35:41.149,286,0,0,52,617,0,11416,938,0,14450,0x07
2026-09-06T16:35:41.149,289,0,2,52,0,0,0,0,0,0,0x03
2026-09-06T16:35:41.213,288,0,0,50,565,0,10757,921,0,14237,0x07
2026-09-06T16:35:41.214,291,0,2,50,0,0,0,0,0,0,0x03
2026-09-06T16:35:41.279,290,0,0,52,602,0,11221,925,0,14285,0x07
2026-09-06T16:35:41.279,293,0,2,50,0,0,0,0,0,0,0x03
2026-09-06T16:35:41.361,292,0,0,51,553,0,10604,911,0,14110,0x07
2026-09-06T16:35:41.361,295,0,2,51,0,0,0,0,0,0,0x03
2026-09-06T16:35:41.410,294,0,0,53,518,0,10158,876,0,13676,0x07
2026-09-06T16:35:41.410,297,0,2,51,0,0,0,0,0,0,0x03
2026-09-06T16:35:41.492,296,0,0,51,518,0,10158,876,0,13676,0x07
2026-09-06T16:35:41.492,299,0,2,52,0,0,0,0,0,0,0x03
2026-09-06T16:35:41.556,298,0,0,51,510,0,10069,868,0,13576,0x07
2026-09-06T16:35:41.556,301,0,2,51,0,0,0,0,0,0,0x03
2026-09-06T16:35:41.621,300,0,0,52,508,0,10039,863,0,13524,0x07
2026-09-06T16:35:41.621,303,0,2,51,0,0,0,0,0,0,0x03
2026-09-06T16:35:41.687,302,0,0,50,508,0,10039,862,0,13510,0x07
2026-09-06T16:35:41.687,305,0,2,51,0,0,0,0,0,0,0x03
2026-09-06T16:35:41.752,304,0,0,52,573,0,10860,889,0,13841,0x07
2026-09-06T16:35:41.752,307,0,2,51,0,0,0,0,0,0,0x03
2026-09-06T16:35:41.817,306,0,0,50,605,0,11256,921,0,14241,0x07
2026-09-06T16:35:41.817,309,0,2,51,0,0,0,0,0,0,0x03
2026-09-06T16:35:41.882,308,0,0,50,561,0,10702,914,0,14150,0x07
2026-09-06T16:35:41.882,311,0,2,50,0,0,0,0,0,0,0x03
2026-09-06T16:35:41.946,310,0,0,50,603,0,11233,923,0,14263,0x07
2026-09-06T16:35:41.946,313,0,2,52,0,0,0,0,0,0,0x03
2026-09-06T16:35:42.027,312,0,0,50,619,0,11438,940,0,14475,0x07
2026-09-06T16:35:42.027,315,0,2,51,0,0,0,0,0,0,0x03
2026-09-06T16:35:42.092,314,0,0,56,632,0,11595,956,0,14667,0x07
2026-09-06T16:35:42.092,317,0,2,50,0,0,0,0,0,0,0x03
2026-09-06T16:35:42.157,316,0,0,51,632,0,11595,956,0,14667,0x07
2026-09-06T16:35:42.157,319,0,2,51,0,0,0,0,0,0,0x03
2026-09-06T16:35:42.222,318,0,0,52,571,0,10826,929,0,14337,0x07
2026-09-06T16:35:42.222,321,0,2,51,0,0,0,0,0,0,0x03
2026-09-06T16:35:42.288,320,0,0,50,601,0,11213,927,0,14311,0x07
2026-09-06T16:35:42.288,323,0,2,51,0,0,0,0,0,0,0x03
2026-09-06T16:35:42.352,322,0,0,52,550,0,10566,910,0,14098,0x07
2026-09-06T16:35:42.352,325,0,2,52,0,0,0,0,0,0,0x03
2026-09-06T16:35:42.418,324,0,0,51,590,0,11069,914,0,14150,0x07
2026-09-06T16:35:42.418,327,0,2,51,0,0,0,0,0,0,0x03
2026-09-06T16:35:42.483,326,0,0,51,617,0,11416,941,0,14489,0x07
2026-09-06T16:35:42.483,329,0,2,51,0,0,0,0,0,0,0x03
2026-09-06T16:35:42.565,328,0,0,52,617,0,11416,941,0,14489,0x07
2026-09-06T16:35:42.565,331,0,2,51,0,0,0,0,0,0,0x03
2026-09-06T16:35:42.630,330,0,0,50,624,0,11497,948,0,14576,0x07
2026-09-06T16:35:42.630,333,0,2,51,0,0,0,0,0,0,0x03
2026-09-06T16:35:42.695,332,0,0,51,565,0,10753,924,0,14272,0x07
2026-09-06T16:35:42.695,335,0,2,51,0,0,0,0,0,0,0x03
2026-09-06T16:35:42.761,334,0,0,51,598,0,11170,923,0,14267,0x07
2026-09-06T16:35:42.761,337,0,2,50,0,0,0,0,0,0,0x03
2026-09-06T16:35:42.826,336,0,0,51,548,0,10541,908,0,14072,0x07
2026-09-06T16:35:42.826,339,0,2,51,0,0,0,0,0,0,0x03
2026-09-06T16:35:42.892,338,0,0,50,577,0,10903,899,0,13963,0x07
2026-09-06T16:35:42.892,341,0,2,50,0,0,0,0,0,0,0x03
2026-09-06T16:35:42.957,340,0,0,50,577,0,10903,899,0,13963,0x07
2026-09-06T16:35:42.957,343,0,2,51,0,0,0,0,0,0,0x03
2026-09-06T16:35:43.022,342,0,0,50,538,0,10414,895,0,13911,0x07
2026-09-06T16:35:43.022,345,0,2,52,0,0,0,0,0,0,0x03
2026-09-06T16:35:43.088,344,0,0,50,586,0,11026,907,0,14068,0x07
2026-09-06T16:35:43.088,347,0,2,50,0,0,0,0,0,0,0x03
2026-09-06T16:35:43.153,346,0,0,50,608,0,11298,929,0,14337,0x07
2026-09-06T16:35:43.153,349,0,2,52,0,0,0,0,0,0,0x03
2026-09-06T16:35:43.218,348,0,0,50,559,0,10678,915,0,14162,0x07
2026-09-06T16:35:43.218,351,0,2,51,0,0,0,0,0,0,0x03
2026-09-06T16:35:43.300,350,0,0,51,598,0,11174,920,0,14233,0x07
2026-09-06T16:35:43.300,353,0,2,50,0,0,0,0,0,0,0x03
2026-09-06T16:35:43.366,352,0,0,55,561,0,10702,918,0,14202,0x07
2026-09-06T16:35:43.366,355,0,2,51,0,0,0,0,0,0,0x03
2026-09-06T16:35:43.430,354,0,0,52,561,0,10702,918,0,14202,0x07
2026-09-06T16:35:43.430,357,0,2,52,0,0,0,0,0,0,0x03
2026-09-06T16:35:43.496,356,0,0,51,535,0,10379,894,0,13902,0x07
2026-09-06T16:35:43.496,359,0,2,50,0,0,0,0,0,0,0x03
2026-09-06T16:35:43.560,358,0,0,50,519,0,10179,878,0,13706,0x07
2026-09-06T16:35:43.560,361,0,2,51,0,0,0,0,0,0,0x03
2026-09-06T16:35:43.625,360,0,0,51,575,0,10877,895,0,13916,0x07
2026-09-06T16:35:43.625,363,0,2,52,0,0,0,0,0,0,0x03
2026-09-06T16:35:43.690,362,0,0,51,601,0,11209,921,0,14241,0x07
2026-09-06T16:35:43.690,365,0,2,51,0,0,0,0,0,0,0x03
2026-09-06T16:35:43.755,364,0,0,54,534,0,10367,891,0,13867,0x07
2026-09-06T16:35:43.755,367,0,2,51,0,0,0,0,0,0,0x03
2026-09-06T16:35:43.836,366,0,0,50,534,0,10367,891,0,13867,0x07
2026-09-06T16:35:43.836,369,0,2,50,0,0,0,0,0,0,0x03
2026-09-06T16:35:43.902,368,0,0,50,584,0,11001,905,0,14036,0x07
2026-09-06T16:35:43.902,371,0,2,50,0,0,0,0,0,0,0x03
2026-09-06T16:35:43.967,370,0,0,50,607,0,11285,928,0,14319,0x07
2026-09-06T16:35:43.967,373,0,2,51,0,0,0,0,0,0,0x03
2026-09-06T16:35:44.032,372,0,0,51,621,0,11459,942,0,14501,0x07
2026-09-06T16:35:44.032,375,0,2,51,0,0,0,0,0,0,0x03
2026-09-06T16:35:44.097,374,0,0,51,566,0,10770,923,0,14259,0x07
2026-09-06T16:35:44.097,377,0,2,51,0,0,0,0,0,0,0x03
2026-09-06T16:35:44.129,376,0,0,55,521,0,10204,880,0,13732,0x07
2026-09-06T16:35:44.129,379,0,2,51,0,0,0,0,0,0,0x03
