timestamp,sequence,team,robot_id,interval_ms,left_target_eps,left_measured_eps,left_duty,right_target_eps,right_measured_eps,right_duty,flags
2026-09-06T12:09:35.073-03:00,65535,255,0,0,0,0,0,0,0,0,0x03
2026-09-06T12:09:35.093-03:00,504,0,0,51,0,0,0,0,0,0,0x03
2026-09-06T12:09:35.110-03:00,505,0,0,51,0,0,0,0,0,0,0x03
2026-09-06T12:09:35.130-03:00,505,0,0,53,0,0,0,0,0,0,0x03
2026-09-06T12:09:35.153-03:00,505,0,0,53,0,0,0,0,0,0,0x03
2026-09-06T12:09:35.171-03:00,505,0,0,51,0,0,0,0,0,0,0x03
2026-09-06T12:09:35.190-03:00,505,0,0,51,0,0,0,0,0,0,0x03
2026-09-06T12:09:35.213-03:00,505,0,0,51,0,0,0,0,0,0,0x03
2026-09-06T12:09:35.231-03:00,505,0,0,51,0,0,0,0,0,0,0x03
2026-09-06T12:09:35.250-03:00,505,0,0,51,0,0,0,0,0,0,0x03
2026-09-06T12:09:35.272-03:00,8,0,0,53,3374,0,40000,3500,0,40000,0x07
2026-09-06T12:09:35.289-03:00,9,0,0,53,3374,0,40000,3500,0,40000,0x07
2026-09-06T12:09:35.329-03:00,10,0,0,53,3374,0,40000,3500,0,40000,0x07
2026-09-06T12:09:35.352-03:00,11,0,0,64,3374,1938,36846,3500,0,40000,0x07
2026-09-06T12:09:35.370-03:00,12,0,0,64,3374,1938,36846,3500,0,40000,0x07
2026-09-06T12:09:35.390-03:00,13,0,0,64,3374,1938,36846,3500,0,40000,0x07
2026-09-06T12:09:35.410-03:00,14,0,0,63,3374,2968,32465,3500,0,40000,0x07
2026-09-06T12:09:35.433-03:00,15,0,0,63,3374,2968,32465,3500,0,40000,0x07
2026-09-06T12:09:35.453-03:00,16,0,0,63,3374,2968,32465,3500,0,40000,0x07
2026-09-06T12:09:35.470-03:00,17,0,0,60,3374,2733,33464,3500,0,40000,0x07
2026-09-06T12:09:35.493-03:00,18,0,0,60,3374,2733,33464,3500,0,40000,0x07
2026-09-06T12:09:35.511-03:00,19,0,0,60,3374,2733,33464,3500,0,40000,0x07
2026-09-06T12:09:35.529-03:00,20,0,0,57,3374,2579,34120,3500,0,40000,0x07
2026-09-06T12:09:35.549-03:00,21,0,0,57,3374,2579,34120,3500,0,40000,0x07
2026-09-06T12:09:35.572-03:00,22,0,0,57,3374,2579,34120,3500,0,40000,0x07
2026-09-06T12:09:35.590-03:00,23,0,0,59,3374,2576,34131,3500,0,40000,0x07
2026-09-06T12:09:35.610-03:00,24,0,0,59,3374,2576,34131,3500,0,40000,0x07
2026-09-06T12:09:35.630-03:00,25,0,0,59,3374,2576,34131,3500,0,40000,0x07
2026-09-06T12:09:35.650-03:00,26,0,0,50,3374,2640,33860,3500,0,40000,0x07
2026-09-06T12:09:35.673-03:00,27,0,0,50,3374,2640,33860,3500,0,40000,0x07
2026-09-06T12:09:35.691-03:00,28,0,0,52,3374,2673,33720,3500,0,40000,0x07
2026-09-06T12:09:35.711-03:00,29,0,0,52,3374,2673,33720,3500,0,40000,0x07
2026-09-06T12:09:35.733-03:00,30,0,0,52,3374,2673,33720,3500,0,40000,0x07
2026-09-06T12:09:35.753-03:00,31,0,0,59,3374,2695,33627,3500,0,40000,0x07
2026-09-06T12:09:35.773-03:00,32,0,0,59,3374,2695,33627,3500,0,40000,0x07
2026-09-06T12:09:35.791-03:00,33,0,0,59,3374,2695,33627,3500,0,40000,0x07
2026-09-06T12:09:35.809-03:00,34,0,0,67,3374,2358,35058,3500,0,40000,0x07
2026-09-06T12:09:35.831-03:00,35,0,0,67,3374,2358,35058,3500,0,40000,0x07
2026-09-06T12:09:35.850-03:00,36,0,0,67,3374,2358,35058,3500,0,40000,0x07
2026-09-06T12:09:35.872-03:00,37,0,0,60,3374,2783,33251,3500,0,40000,0x07
2026-09-06T12:09:35.891-03:00,38,0,0,60,3374,2783,33251,3500,0,40000,0x07
2026-09-06T12:09:35.909-03:00,39,0,0,60,3374,2783,33251,3500,0,40000,0x07
2026-09-06T12:09:35.932-03:00,40,0,0,59,3374,2729,33483,3500,0,40000,0x07
2026-09-06T12:09:35.950-03:00,41,0,0,59,3374,2729,33483,3500,0,40000,0x07
2026-09-06T12:09:35.968-03:00,42,0,0,59,3374,2729,33483,3500,0,40000,0x07
2026-09-06T12:09:35.992-03:00,43,0,0,58,3374,2690,33649,3500,0,40000,0x07
2026-09-06T12:09:36.009-03:00,44,0,0,58,3374,2690,33649,3500,0,40000,0x07
2026-09-06T12:09:36.029-03:00,45,0,0,58,3374,2690,33649,3500,0,40000,0x07
2026-09-06T12:09:36.052-03:00,46,0,0,50,3374,2480,34540,3500,0,40000,0x07
2026-09-06T12:09:36.070-03:00,47,0,0,50,3374,2480,34540,3500,0,40000,0x07
2026-09-06T12:09:36.093-03:00,48,0,0,52,3374,2673,33720,3500,0,40000,0x07
2026-09-06T12:09:36.108-03:00,49,0,0,52,3374,2673,33720,3500,0,40000,0x07
2026-09-06T12:09:36.132-03:00,50,0,0,52,3374,2673,33720,3500,0,40000,0x07
2026-09-06T12:09:36.150-03:00,51,0,0,59,3374,2729,33483,3500,0,40000,0x07
2026-09-06T12:09:36.173-03:00,52,0,0,59,3374,2729,33483,3500,0,40000,0x07
2026-09-06T12:09:36.190-03:00,53,0,0,59,3374,2729,33483,3500,0,40000,0x07
2026-09-06T12:09:36.211-03:00,54,0,0,59,3374,2627,33915,3500,0,40000,0x07
2026-09-06T12:09:36.229-03:00,55,0,0,59,3374,2627,33915,3500,0,40000,0x07
2026-09-06T12:09:36.252-03:00,56,0,0,59,3374,2627,33915,3500,0,40000,0x07
2026-09-06T12:09:36.270-03:00,57,0,0,58,3374,2603,34016,3500,0,40000,0x07
2026-09-06T12:09:36.290-03:00,58,0,0,58,3374,2603,34016,3500,0,40000,0x07
2026-09-06T12:09:36.313-03:00,59,0,0,58,3374,2603,34016,3500,0,40000,0x07
2026-09-06T12:09:36.332-03:00,60,0,0,58,3374,2707,33576,3500,0,40000,0x07
2026-09-06T12:09:36.350-03:00,61,0,0,58,3374,2707,33576,3500,0,40000,0x07
2026-09-06T12:09:36.372-03:00,62,0,0,58,3374,2707,33576,3500,0,40000,0x07
2026-09-06T12:09:36.390-03:00,63,0,0,51,3374,2647,33830,3500,0,40000,0x07
2026-09-06T12:09:36.413-03:00,64,0,0,51,3374,2647,33830,3500,0,40000,0x07
2026-09-06T12:09:36.430-03:00,65,0,0,52,3374,2654,33802,3500,0,40000,0x07
2026-09-06T12:09:36.448-03:00,66,0,0,52,3374,2654,33802,3500,0,40000,0x07
2026-09-06T12:09:36.471-03:00,67,0,0,52,3374,2654,33802,3500,0,40000,0x07
2026-09-06T12:09:36.489-03:00,68,0,0,59,3374,2661,33771,3500,0,40000,0x07
2026-09-06T12:09:36.511-03:00,69,0,0,59,3374,2661,33771,3500,0,40000,0x07
2026-09-06T12:09:36.531-03:00,70,0,0,59,3374,2661,33771,3500,0,40000,0x07
2026-09-06T12:09:36.551-03:00,71,0,0,58,3374,2724,33503,3500,0,40000,0x07
2026-09-06T12:09:36.571-03:00,72,0,0,58,3374,2724,33503,3500,0,40000,0x07
2026-09-06T12:09:36.589-03:00,73,0,0,58,3374,2724,33503,3500,0,40000,0x07
2026-09-06T12:09:36.612-03:00,74,0,0,50,3374,2640,33860,3500,0,40000,0x07
2026-09-06T12:09:36.629-03:00,75,0,0,50,3374,2640,33860,3500,0,40000,0x07
2026-09-06T12:09:36.653-03:00,76,0,0,52,3374,2673,33720,3500,0,40000,0x07
2026-09-06T12:09:36.669-03:00,77,0,0,52,3374,2673,33720,3500,0,40000,0x07
2026-09-06T12:09:36.689-03:00,78,0,0,52,3374,2673,33720,3500,0,40000,0x07
2026-09-06T12:09:36.712-03:00,79,0,0,50,3374,2700,33606,3500,0,40000,0x07
2026-09-06T12:09:36.730-03:00,80,0,0,50,3374,2700,33606,3500,0,40000,0x07
2026-09-06T12:09:36.753-03:00,81,0,0,52,3374,2615,33965,3500,0,40000,0x07
2026-09-06T12:09:36.771-03:00,82,0,0,52,3374,2615,33965,3500,0,40000,0x07
2026-09-06T12:09:36.789-03:00,83,0,0,52,3374,2615,33965,3500,0,40000,0x07
2026-09-06T12:09:36.811-03:00,84,0,0,58,3374,2586,34089,3500,0,40000,0x07
2026-09-06T12:09:36.829-03:00,85,0,0,58,3374,2586,34089,3500,0,40000,0x07
2026-09-06T12:09:36.849-03:00,86,0,0,58,3374,2586,34089,3500,0,40000,0x07
2026-09-06T12:09:36.869-03:00,87,0,0,58,3374,2552,34236,3500,0,40000,0x07
2026-09-06T12:09:36.889-03:00,88,0,0,58,3374,2552,34236,3500,0,40000,0x07
2026-09-06T12:09:36.912-03:00,89,0,0,58,3374,2552,34236,3500,0,40000,0x07
2026-09-06T12:09:36.930-03:00,90,0,0,59,3374,2763,33339,3500,0,40000,0x07
2026-09-06T12:09:36.951-03:00,91,0,0,59,3374,2763,33339,3500,0,40000,0x07
2026-09-06T12:09:36.969-03:00,92,0,0,59,3374,2763,33339,3500,0,40000,0x07
2026-09-06T12:09:36.989-03:00,93,0,0,59,3374,2644,33843,3500,0,40000,0x07
2026-09-06T12:09:37.051-03:00,94,0,0,59,3374,2644,33843,3500,0,40000,0x07
2026-09-06T12:09:37.051-03:00,95,0,0,59,3374,2644,33843,3500,0,40000,0x07
2026-09-06T12:09:37.069-03:00,96,0,0,50,3374,2560,34200,3500,0,40000,0x07
2026-09-06T12:09:37.112-03:00,97,0,0,55,3374,2745,33412,3500,0,40000,0x07
2026-09-06T12:09:37.132-03:00,98,0,0,55,3374,2745,33412,3500,0,40000,0x07
2026-09-06T12:09:37.168-03:00,100,0,0,55,3374,2745,33412,3500,0,40000,0x07
2026-09-06T12:09:37.192-03:00,101,0,0,50,3374,2700,33606,3500,0,40000,0x07
2026-09-06T12:09:37.212-03:00,102,0,0,50,3374,2700,33606,3500,0,40000,0x07
2026-09-06T12:09:37.233-03:00,104,0,0,58,3374,2707,33576,3500,0,40000,0x07
2026-09-06T12:09:37.251-03:00,105,0,0,52,3374,2788,33230,3500,0,40000,0x07
2026-09-06T12:09:37.271-03:00,107,0,0,52,3374,2788,33230,3500,0,40000,0x07
2026-09-06T12:09:37.290-03:00,108,0,0,52,3374,2788,33230,3500,0,40000,0x07
2026-09-06T12:09:37.310-03:00,109,0,0,60,3374,2633,33889,3500,0,40000,0x07
2026-09-06T12:09:37.333-03:00,110,0,0,60,3374,2633,33889,3500,0,40000,0x07
2026-09-06T12:09:37.352-03:00,111,0,0,60,3374,2633,33889,3500,0,40000,0x07
2026-09-06T12:09:37.369-03:00,112,0,0,58,3374,2621,33943,3500,0,40000,0x07
2026-09-06T12:09:37.392-03:00,113,0,0,58,3374,2621,33943,3500,0,40000,0x07
2026-09-06T12:09:37.429-03:00,114,0,0,58,3374,2621,33943,3500,0,40000,0x07
2026-09-06T12:09:37.449-03:00,115,0,0,59,3374,2627,33915,3500,0,40000,0x07
2026-09-06T12:09:37.489-03:00,116,0,0,59,3374,2627,33915,3500,0,40000,0x07
2026-09-06T12:09:37.489-03:00,117,0,0,58,3374,2793,33210,3500,0,40000,0x07
2026-09-06T12:09:37.509-03:00,118,0,0,58,3374,2793,33210,3500,0,40000,0x07
2026-09-06T12:09:37.528-03:00,120,0,0,58,3374,2793,33210,3500,0,40000,0x07
2026-09-06T12:09:37.553-03:00,121,0,0,61,3374,2590,34072,3500,0,40000,0x07
2026-09-06T12:09:37.571-03:00,122,0,0,61,3374,2590,34072,3500,0,40000,0x07
2026-09-06T12:09:37.589-03:00,123,0,0,61,3374,2590,34072,3500,0,40000,0x07
2026-09-06T12:09:37.611-03:00,124,0,0,50,3374,2540,34286,3500,0,40000,0x07
2026-09-06T12:09:37.631-03:00,125,0,0,50,3374,2540,34286,3500,0,40000,0x07
2026-09-06T12:09:37.649-03:00,126,0,0,52,3374,2769,33311,3500,0,40000,0x07
2026-09-06T12:09:37.672-03:00,127,0,0,52,3374,2769,33311,3500,0,40000,0x07
2026-09-06T12:09:37.690-03:00,128,0,0,52,3374,2769,33311,3500,0,40000,0x07
2026-09-06T12:09:37.713-03:00,129,0,0,59,3374,2661,33771,3500,0,40000,0x07
2026-09-06T12:09:37.731-03:00,130,0,0,59,3374,2661,33771,3500,0,40000,0x07
2026-09-06T12:09:37.750-03:00,131,0,0,59,3374,2661,33771,3500,0,40000,0x07
2026-09-06T12:09:37.773-03:00,132,0,0,61,3374,2607,34003,3500,0,40000,0x07
2026-09-06T12:09:37.793-03:00,133,0,0,61,3374,2607,34003,3500,0,40000,0x07
2026-09-06T12:09:37.810-03:00,134,0,0,61,3374,2607,34003,3500,0,40000,0x07
2026-09-06T12:09:37.833-03:00,135,0,0,50,3374,2540,34286,3500,0,40000,0x07
2026-09-06T12:09:37.851-03:00,136,0,0,50,3374,2540,34286,3500,0,40000,0x07
2026-09-06T12:09:37.868-03:00,137,0,0,52,3374,2769,33311,3500,0,40000,0x07
2026-09-06T12:09:37.892-03:00,138,0,0,52,3374,2769,33311,3500,0,40000,0x07
2026-09-06T12:09:37.913-03:00,139,0,0,52,3374,2769,33311,3500,0,40000,0x07
2026-09-06T12:09:37.932-03:00,140,0,0,58,3374,2741,33430,3500,0,40000,0x07
2026-09-06T12:09:37.952-03:00,141,0,0,58,3374,2741,33430,3500,0,40000,0x07
2026-09-06T12:09:37.972-03:00,142,0,0,58,3374,2741,33430,3500,0,40000,0x07
2026-09-06T12:09:37.990-03:00,143,0,0,50,3374,2500,34456,3500,0,40000,0x07
2026-09-06T12:09:38.013-03:00,144,0,0,50,3374,2500,34456,3500,0,40000,0x07
2026-09-06T12:09:38.031-03:00,145,0,0,52,3374,2731,33475,3500,0,40000,0x07
2026-09-06T12:09:38.049-03:00,146,0,0,52,3374,2731,33475,3500,0,40000,0x07
2026-09-06T12:09:38.069-03:00,147,0,0,52,3374,2731,33475,3500,0,40000,0x07
2026-09-06T12:09:38.092-03:00,148,0,0,59,3374,2712,33555,3500,0,40000,0x07
2026-09-06T12:09:38.112-03:00,149,0,0,59,3374,2712,33555,3500,0,40000,0x07
2026-09-06T12:09:38.130-03:00,150,0,0,59,3374,2712,33555,3500,0,40000,0x07
2026-09-06T12:09:38.153-03:00,151,0,0,58,3374,2586,34089,3500,0,40000,0x07
2026-09-06T12:09:38.171-03:00,152,0,0,58,3374,2586,34089,3500,0,40000,0x07
2026-09-06T12:09:38.191-03:00,153,0,0,58,3374,2586,34089,3500,0,40000,0x07
2026-09-06T12:09:38.212-03:00,154,0,0,50,3374,2560,34200,3500,0,40000,0x07
2026-09-06T12:09:38.231-03:00,155,0,0,50,3374,2560,34200,3500,0,40000,0x07
2026-09-06T12:09:38.248-03:00,156,0,0,56,3374,2804,33165,3500,0,40000,0x07
2026-09-06T12:09:38.269-03:00,157,0,0,56,3374,2804,33165,3500,0,40000,0x07
2026-09-06T12:09:38.292-03:00,158,0,0,56,3374,2804,33165,3500,0,40000,0x07
2026-09-06T12:09:38.309-03:00,159,0,0,58,3374,2621,33943,3500,0,40000,0x07
2026-09-06T12:09:38.333-03:00,160,0,0,58,3374,2621,33943,3500,0,40000,0x07
2026-09-06T12:09:38.352-03:00,161,0,0,58,3374,2621,33943,3500,0,40000,0x07
2026-09-06T12:09:38.370-03:00,162,0,0,58,3374,2586,34089,3500,0,40000,0x07
2026-09-06T12:09:38.393-03:00,163,0,0,58,3374,2586,34089,3500,0,40000,0x07
2026-09-06T12:09:38.413-03:00,164,0,0,58,3374,2586,34089,3500,0,40000,0x07
2026-09-06T12:09:38.453-03:00,165,0,0,59,3374,2661,33771,3500,0,40000,0x07
2026-09-06T12:09:38.453-03:00,166,0,0,59,3374,2661,33771,3500,0,40000,0x07
2026-09-06T12:09:38.473-03:00,167,0,0,59,3374,2661,33771,3500,0,40000,0x07
2026-09-06T12:09:38.493-03:00,168,0,0,61,3374,2557,34212,3500,0,40000,0x07
2026-09-06T12:09:38.510-03:00,169,0,0,61,3374,2557,34212,3500,0,40000,0x07
2026-09-06T12:09:38.533-03:00,170,0,0,61,3374,2557,34212,3500,0,40000,0x07
2026-09-06T12:09:38.551-03:00,171,0,0,58,3374,2741,33430,3500,0,40000,0x07
2026-09-06T12:09:38.593-03:00,172,0,0,58,3374,2741,33430,3500,0,40000,0x07
2026-09-06T12:09:38.593-03:00,173,0,0,58,3374,2741,33430,3500,0,40000,0x07
2026-09-06T12:09:38.613-03:00,174,0,0,50,3374,2720,33520,3500,0,40000,0x07
2026-09-06T12:09:38.631-03:00,175,0,0,50,3374,2720,33520,3500,0,40000,0x07
2026-09-06T12:09:38.649-03:00,176,0,0,61,3374,2328,35187,3500,0,40000,0x07
2026-09-06T12:09:38.672-03:00,177,0,0,61,3374,2328,35187,3500,0,40000,0x07
2026-09-06T12:09:38.692-03:00,178,0,0,61,3374,2328,35187,3500,0,40000,0x07
2026-09-06T12:09:38.710-03:00,179,0,0,60,3374,2767,33322,3500,0,40000,0x07
2026-09-06T12:09:38.728-03:00,180,0,0,60,3374,2767,33322,3500,0,40000,0x07
2026-09-06T12:09:38.752-03:00,181,0,0,60,3374,2767,33322,3500,0,40000,0x07
2026-09-06T12:09:38.770-03:00,182,0,0,60,3374,2717,33535,3500,0,40000,0x07
2026-09-06T12:09:38.793-03:00,183,0,0,60,3374,2717,33535,3500,0,40000,0x07
2026-09-06T12:09:38.813-03:00,184,0,0,60,3374,2717,33535,3500,0,40000,0x07
2026-09-06T12:09:38.833-03:00,185,0,0,58,3374,2672,33723,3500,0,40000,0x07
2026-09-06T12:09:38.851-03:00,186,0,0,58,3374,2672,33723,3500,0,40000,0x07
2026-09-06T12:09:38.869-03:00,187,0,0,58,3374,2672,33723,3500,0,40000,0x07
2026-09-06T12:09:38.892-03:00,188,0,0,58,3374,2552,34236,3500,0,40000,0x07
2026-09-06T12:09:38.910-03:00,189,0,0,58,3374,2552,34236,3500,0,40000,0x07
2026-09-06T12:09:38.930-03:00,190,0,0,58,3374,2552,34236,3500,0,40000,0x07
2026-09-06T12:09:38.950-03:00,191,0,0,59,3374,2593,34059,3500,0,40000,0x07
2026-09-06T12:09:38.970-03:00,192,0,0,59,3374,2593,34059,3500,0,40000,0x07
2026-09-06T12:09:38.993-03:00,193,0,0,59,3374,2593,34059,3500,0,40000,0x07
2026-09-06T12:09:39.011-03:00,194,0,0,59,3374,2797,33195,3500,0,40000,0x07
2026-09-06T12:09:39.029-03:00,195,0,0,59,3374,2797,33195,3500,0,40000,0x07
2026-09-06T12:09:39.053-03:00,196,0,0,59,3374,2797,33195,3500,0,40000,0x07
2026-09-06T12:09:39.071-03:00,197,0,0,59,3374,2695,33627,3500,0,40000,0x07
2026-09-06T12:09:39.089-03:00,198,0,0,59,3374,2695,33627,3500,0,40000,0x07
2026-09-06T12:09:39.109-03:00,199,0,0,59,3374,2695,33627,3500,0,40000,0x07
2026-09-06T12:09:39.132-03:00,200,0,0,58,3374,2690,33649,3500,0,40000,0x07
2026-09-06T12:09:39.150-03:00,201,0,0,58,3374,2690,33649,3500,0,40000,0x07
2026-09-06T12:09:39.170-03:00,202,0,0,58,3374,2690,33649,3500,0,40000,0x07
2026-09-06T12:09:39.190-03:00,203,0,0,59,3374,2644,33843,3500,0,40000,0x07
2026-09-06T12:09:39.213-03:00,204,0,0,59,3374,2644,33843,3500,0,40000,0x07
2026-09-06T12:09:39.228-03:00,205,0,0,59,3374,2644,33843,3500,0,40000,0x07
2026-09-06T12:09:39.252-03:00,206,0,0,59,3374,2644,33843,3500,0,40000,0x07
2026-09-06T12:09:39.272-03:00,207,0,0,59,3374,2644,33843,3500,0,40000,0x07
2026-09-06T12:09:39.293-03:00,208,0,0,59,3374,2644,33843,3500,0,40000,0x07
2026-09-06T12:09:39.311-03:00,209,0,0,50,3374,2720,33520,3500,0,40000,0x07
2026-09-06T12:09:39.333-03:00,210,0,0,50,3374,2720,33520,3500,0,40000,0x07
2026-09-06T12:09:39.351-03:00,211,0,0,52,3374,2692,33638,3500,0,40000,0x07
2026-09-06T12:09:39.369-03:00,212,0,0,52,3374,2692,33638,3500,0,40000,0x07
2026-09-06T12:09:39.392-03:00,213,0,0,52,3374,2692,33638,3500,0,40000,0x07
2026-09-06T12:09:39.411-03:00,214,0,0,58,3374,2534,34309,3500,0,40000,0x07
2026-09-06T12:09:39.429-03:00,215,0,0,58,3374,2534,34309,3500,0,40000,0x07
2026-09-06T12:09:39.452-03:00,216,0,0,58,3374,2534,34309,3500,0,40000,0x07
2026-09-06T12:09:39.470-03:00,217,0,0,59,3374,2661,33771,3500,0,40000,0x07
2026-09-06T12:09:39.493-03:00,218,0,0,59,3374,2661,33771,3500,0,40000,0x07
2026-09-06T12:09:39.513-03:00,219,0,0,59,3374,2661,33771,3500,0,40000,0x07
2026-09-06T12:09:39.528-03:00,220,0,0,62,3374,2790,33222,3500,0,40000,0x07
2026-09-06T12:09:39.551-03:00,221,0,0,62,3374,2790,33222,3500,0,40000,0x07
2026-09-06T12:09:39.572-03:00,222,0,0,62,3374,2790,33222,3500,0,40000,0x07
2026-09-06T12:09:39.589-03:00,223,0,0,58,3374,2724,33503,3500,0,40000,0x07
2026-09-06T12:09:39.612-03:00,224,0,0,58,3374,2724,33503,3500,0,40000,0x07
2026-09-06T12:09:39.630-03:00,225,0,0,58,3374,2724,33503,3500,0,40000,0x07
2026-09-06T12:09:39.650-03:00,226,0,0,58,3374,2655,33796,3500,0,40000,0x07
2026-09-06T12:09:39.670-03:00,227,0,0,58,3374,2655,33796,3500,0,40000,0x07
2026-09-06T12:09:39.690-03:00,228,0,0,58,3374,2655,33796,3500,0,40000,0x07
2026-09-06T12:09:39.710-03:00,229,0,0,62,3374,2597,34044,3500,0,40000,0x07
2026-09-06T12:09:39.733-03:00,230,0,0,62,3374,2597,34044,3500,0,40000,0x07
2026-09-06T12:09:39.753-03:00,231,0,0,62,3374,2597,34044,3500,0,40000,0x07
2026-09-06T12:09:39.771-03:00,232,0,0,59,3374,2712,33555,3500,0,40000,0x07
2026-09-06T12:09:39.789-03:00,233,0,0,59,3374,2712,33555,3500,0,40000,0x07
2026-09-06T12:09:39.812-03:00,234,0,0,59,3374,2712,33555,3500,0,40000,0x07
2026-09-06T12:09:39.833-03:00,235,0,0,52,3374,2788,33230,3500,0,40000,0x07
2026-09-06T12:09:39.851-03:00,236,0,0,52,3374,2788,33230,3500,0,40000,0x07
2026-09-06T12:09:39.869-03:00,237,0,0,52,3374,2577,34129,3500,0,40000,0x07
2026-09-06T12:09:39.892-03:00,238,0,0,52,3374,2577,34129,3500,0,40000,0x07
2026-09-06T12:09:39.910-03:00,239,0,0,52,3374,2577,34129,3500,0,40000,0x07
2026-09-06T12:09:39.931-03:00,240,0,0,58,3374,2569,34162,3500,0,40000,0x07
2026-09-06T12:09:39.951-03:00,241,0,0,58,3374,2569,34162,3500,0,40000,0x07
2026-09-06T12:09:39.969-03:00,242,0,0,58,3374,2569,34162,3500,0,40000,0x07
2026-09-06T12:09:39.992-03:00,243,0,0,59,3374,2780,33267,3500,0,40000,0x07
2026-09-06T12:09:40.011-03:00,244,0,0,59,3374,2780,33267,3500,0,40000,0x07
2026-09-06T12:09:40.029-03:00,245,0,0,59,3374,2780,33267,3500,0,40000,0x07
2026-09-06T12:09:40.051-03:00,246,0,0,50,3374,2680,33690,3500,0,40000,0x07
2026-09-06T12:09:40.069-03:00,247,0,0,50,3374,2680,33690,3500,0,40000,0x07
2026-09-06T12:09:40.092-03:00,248,0,0,52,3374,2673,33720,3500,0,40000,0x07
2026-09-06T12:09:40.111-03:00,249,0,0,52,3374,2673,33720,3500,0,40000,0x07
2026-09-06T12:09:40.129-03:00,250,0,0,52,3374,2673,33720,3500,0,40000,0x07
2026-09-06T12:09:40.152-03:00,251,0,0,50,3374,2620,33946,3500,0,40000,0x07
2026-09-06T12:09:40.170-03:00,252,0,0,50,3374,2620,33946,3500,0,40000,0x07
2026-09-06T12:09:40.190-03:00,253,0,0,52,3374,2750,33393,3500,0,40000,0x07
2026-09-06T12:09:40.210-03:00,254,0,0,52,3374,2750,33393,3500,0,40000,0x07
2026-09-06T12:09:40.232-03:00,255,0,0,52,3374,2750,33393,3500,0,40000,0x07
2026-09-06T12:09:40.250-03:00,256,0,0,58,3374,2690,33649,3500,0,40000,0x07
2026-09-06T12:09:40.273-03:00,257,0,0,58,3374,2690,33649,3500,0,40000,0x07
2026-09-06T12:09:40.293-03:00,258,0,0,58,3374,2690,33649,3500,0,40000,0x07
2026-09-06T12:09:40.313-03:00,259,0,0,58,3374,2621,33943,3500,0,40000,0x07
2026-09-06T12:09:40.331-03:00,260,0,0,58,3374,2621,33943,3500,0,40000,0x07
2026-09-06T12:09:40.349-03:00,261,0,0,58,3374,2621,33943,3500,0,40000,0x07
2026-09-06T12:09:40.372-03:00,262,0,0,62,3374,2581,34113,3500,0,40000,0x07
2026-09-06T12:09:40.390-03:00,263,0,0,62,3374,2581,34113,3500,0,40000,0x07
2026-09-06T12:09:40.413-03:00,264,0,0,62,3374,2581,34113,3500,0,40000,0x07
2026-09-06T12:09:40.433-03:00,265,0,0,59,3374,2695,33627,3500,0,40000,0x07
2026-09-06T12:09:40.469-03:00,266,0,0,59,3374,2695,33627,3500,0,40000,0x07
2026-09-06T12:09:40.469-03:00,267,0,0,59,3374,2695,33627,3500,0,40000,0x07
2026-09-06T12:09:40.491-03:00,268,0,0,62,3374,2726,33496,3500,0,40000,0x07
2026-09-06T12:09:40.509-03:00,269,0,0,62,3374,2726,33496,3500,0,40000,0x07
2026-09-06T12:09:40.533-03:00,270,0,0,62,3374,2726,33496,3500,0,40000,0x07
2026-09-06T12:09:40.553-03:00,271,0,0,58,3374,2603,34016,3500,0,40000,0x07
2026-09-06T12:09:40.571-03:00,272,0,0,58,3374,2603,34016,3500,0,40000,0x07
2026-09-06T12:09:40.589-03:00,273,0,0,58,3374,2603,34016,3500,0,40000,0x07
2026-09-06T12:09:40.609-03:00,274,0,0,52,3374,2712,33556,3500,0,40000,0x07
2026-09-06T12:09:40.632-03:00,275,0,0,52,3374,2712,33556,3500,0,40000,0x07
2026-09-06T12:09:40.652-03:00,276,0,0,53,3374,2623,33934,3500,0,40000,0x07
2026-09-06T12:09:40.672-03:00,277,0,0,53,3374,2623,33934,3500,0,40000,0x07
2026-09-06T12:09:40.691-03:00,278,0,0,53,3374,2623,33934,3500,0,40000,0x07
2026-09-06T12:09:40.709-03:00,279,0,0,58,3374,2655,33796,3500,0,40000,0x07
2026-09-06T12:09:40.733-03:00,280,0,0,58,3374,2655,33796,3500,0,40000,0x07
2026-09-06T12:09:40.751-03:00,281,0,0,58,3374,2655,33796,3500,0,40000,0x07
2026-09-06T12:09:40.769-03:00,282,0,0,59,3374,2627,33915,3500,0,40000,0x07
2026-09-06T12:09:40.789-03:00,283,0,0,59,3374,2627,33915,3500,0,40000,0x07
2026-09-06T12:09:40.810-03:00,284,0,0,59,3374,2627,33915,3500,0,40000,0x07
2026-09-06T12:09:40.833-03:00,285,0,0,59,3374,2644,33843,3500,0,40000,0x07
2026-09-06T12:09:40.853-03:00,286,0,0,59,3374,2644,33843,3500,0,40000,0x07
2026-09-06T12:09:40.871-03:00,287,0,0,59,3374,2644,33843,3500,0,40000,0x07
2026-09-06T12:09:40.889-03:00,288,0,0,53,3374,2642,33854,3500,0,40000,0x07
2026-09-06T12:09:40.912-03:00,289,0,0,53,3374,2642,33854,3500,0,40000,0x07
2026-09-06T12:09:40.930-03:00,290,0,0,51,3374,2627,33914,3500,0,40000,0x07
2026-09-06T12:09:40.948-03:00,291,0,0,51,3374,2627,33914,3500,0,40000,0x07
2026-09-06T12:09:40.971-03:00,292,0,0,51,3374,2627,33914,3500,0,40000,0x07
2026-09-06T12:09:40.989-03:00,293,0,0,58,3374,2672,33723,3500,0,40000,0x07
2026-09-06T12:09:41.011-03:00,294,0,0,58,3374,2672,33723,3500,0,40000,0x07
2026-09-06T12:09:41.029-03:00,295,0,0,58,3374,2672,33723,3500,0,40000,0x07
2026-09-06T12:09:41.052-03:00,296,0,0,58,3374,2655,33796,3500,0,40000,0x07
2026-09-06T12:09:41.070-03:00,297,0,0,58,3374,2655,33796,3500,0,40000,0x07
2026-09-06T12:09:41.088-03:00,298,0,0,58,3374,2655,33796,3500,0,40000,0x07
2026-09-06T12:09:41.109-03:00,299,0,0,50,3374,2540,34286,3500,0,40000,0x07
2026-09-06T12:09:41.128-03:00,300,0,0,50,3374,2540,34286,3500,0,40000,0x07
2026-09-06T12:09:41.152-03:00,301,0,0,52,3374,2635,33883,3500,0,40000,0x07
2026-09-06T12:09:41.170-03:00,302,0,0,52,3374,2635,33883,3500,0,40000,0x07
2026-09-06T12:09:41.192-03:00,303,0,0,52,3374,2635,33883,3500,0,40000,0x07
2026-09-06T12:09:41.210-03:00,304,0,0,58,3374,2759,33356,3500,0,40000,0x07
2026-09-06T12:09:41.230-03:00,305,0,0,58,3374,2759,33356,3500,0,40000,0x07
2026-09-06T12:09:41.252-03:00,306,0,0,58,3374,2759,33356,3500,0,40000,0x07
2026-09-06T12:09:41.270-03:00,307,0,0,58,3374,2552,34236,3500,0,40000,0x07
2026-09-06T12:09:41.293-03:00,308,0,0,58,3374,2552,34236,3500,0,40000,0x07
2026-09-06T12:09:41.313-03:00,309,0,0,58,3374,2552,34236,3500,0,40000,0x07
2026-09-06T12:09:41.330-03:00,310,0,0,61,3374,2590,34072,3500,0,40000,0x07
2026-09-06T12:09:41.353-03:00,311,0,0,61,3374,2590,34072,3500,0,40000,0x07
2026-09-06T12:09:41.372-03:00,312,0,0,61,3374,2590,34072,3500,0,40000,0x07
2026-09-06T12:09:41.390-03:00,313,0,0,64,3374,2641,33858,3500,0,40000,0x07
2026-09-06T12:09:41.413-03:00,314,0,0,64,3374,2641,33858,3500,0,40000,0x07
2026-09-06T12:09:41.433-03:00,315,0,0,64,3374,2641,33858,3500,0,40000,0x07
2026-09-06T12:09:41.451-03:00,316,0,0,67,3374,2328,35185,3500,0,40000,0x07
2026-09-06T12:09:41.471-03:00,317,0,0,67,3374,2328,35185,3500,0,40000,0x07
2026-09-06T12:09:41.489-03:00,318,0,0,67,3374,2328,35185,3500,0,40000,0x07
2026-09-06T12:09:41.513-03:00,319,0,0,57,3374,2491,34493,3500,0,40000,0x07
2026-09-06T12:09:41.531-03:00,320,0,0,57,3374,2491,34493,3500,0,40000,0x07
2026-09-06T12:09:41.549-03:00,321,0,0,57,3374,2491,34493,3500,0,40000,0x07
2026-09-06T12:09:41.569-03:00,322,0,0,55,3374,2418,34803,3500,0,40000,0x07
2026-09-06T12:09:41.592-03:00,323,0,0,55,3374,2418,34803,3500,0,40000,0x07
2026-09-06T12:09:41.611-03:00,324,0,0,55,3374,2418,34803,3500,0,40000,0x07
2026-09-06T12:09:41.633-03:00,325,0,0,56,3374,2429,34759,3500,0,40000,0x07
2026-09-06T12:09:41.651-03:00,326,0,0,56,3374,2429,34759,3500,0,40000,0x07
2026-09-06T12:09:41.669-03:00,327,0,0,56,3374,2429,34759,3500,0,40000,0x07
2026-09-06T12:09:41.692-03:00,328,0,0,52,3374,2365,35028,3500,0,40000,0x07
2026-09-06T12:09:41.709-03:00,329,0,0,52,3374,2365,35028,3500,0,40000,0x07
2026-09-06T12:09:41.732-03:00,330,0,0,52,3374,2365,35028,3500,0,40000,0x07
2026-09-06T12:09:41.752-03:00,331,0,0,58,3374,2379,34968,3500,0,40000,0x07
2026-09-06T12:09:41.770-03:00,332,0,0,58,3374,2379,34968,3500,0,40000,0x07
2026-09-06T12:09:41.790-03:00,333,0,0,53,3374,2377,34977,3500,0,40000,0x07
2026-09-06T12:09:41.809-03:00,334,0,0,53,3374,2377,34977,3500,0,40000,0x07
2026-09-06T12:09:41.832-03:00,335,0,0,53,3374,2377,34977,3500,0,40000,0x07
2026-09-06T12:09:41.850-03:00,336,0,0,58,3374,2224,35628,3500,0,40000,0x07
2026-09-06T12:09:41.873-03:00,337,0,0,58,3374,2224,35628,3500,0,40000,0x07
2026-09-06T12:09:41.892-03:00,338,0,0,58,3374,2224,35628,3500,0,40000,0x07
2026-09-06T12:09:41.912-03:00,339,0,0,58,3374,2155,35921,3500,0,40000,0x07
2026-09-06T12:09:41.930-03:00,340,0,0,58,3374,2155,35921,3500,0,40000,0x07
2026-09-06T12:09:41.953-03:00,341,0,0,58,3374,2155,35921,3500,0,40000,0x07
2026-09-06T12:09:41.971-03:00,342,0,0,51,3374,2157,35914,3500,0,40000,0x07
2026-09-06T12:09:41.993-03:00,343,0,0,51,3374,2157,35914,3500,0,40000,0x07
2026-09-06T12:09:42.013-03:00,344,0,0,52,3374,2135,36008,3500,0,40000,0x07
2026-09-06T12:09:42.031-03:00,345,0,0,52,3374,2135,36008,3500,0,40000,0x07
2026-09-06T12:09:42.049-03:00,346,0,0,52,3374,2135,36008,3500,0,40000,0x07
2026-09-06T12:09:42.073-03:00,347,0,0,50,3374,2180,35816,3500,0,40000,0x07
2026-09-06T12:09:42.091-03:00,348,0,0,50,3374,2180,35816,3500,0,40000,0x07
2026-09-06T12:09:42.109-03:00,349,0,0,50,3374,2180,35816,3500,0,40000,0x07
2026-09-06T12:09:42.129-03:00,350,0,0,55,3374,2091,36194,3500,0,40000,0x07
2026-09-06T12:09:42.152-03:00,351,0,0,55,3374,2091,36194,3500,0,40000,0x07
2026-09-06T12:09:42.170-03:00,352,0,0,55,3374,2291,35344,3500,0,40000,0x07
2026-09-06T12:09:42.193-03:00,353,0,0,55,3374,2291,35344,3500,0,40000,0x07
2026-09-06T12:09:42.213-03:00,354,0,0,55,3374,2291,35344,3500,0,40000,0x07
2026-09-06T12:09:42.231-03:00,355,0,0,57,3374,2193,35760,3500,0,40000,0x07
2026-09-06T12:09:42.251-03:00,356,0,0,57,3374,2193,35760,3500,0,40000,0x07
2026-09-06T12:09:42.269-03:00,357,0,0,57,3374,2193,35760,3500,0,40000,0x07
2026-09-06T12:09:42.292-03:00,358,0,0,52,3374,2154,35927,3500,0,40000,0x07
2026-09-06T12:09:42.313-03:00,359,0,0,52,3374,2154,35927,3500,0,40000,0x07
2026-09-06T12:09:42.330-03:00,360,0,0,52,3374,2154,35927,3500,0,40000,0x07
2026-09-06T12:09:42.348-03:00,361,0,0,56,3374,2161,35897,3500,0,40000,0x07
2026-09-06T12:09:42.372-03:00,362,0,0,56,3374,2161,35897,3500,0,40000,0x07
2026-09-06T12:09:42.392-03:00,363,0,0,53,3374,2396,34897,3500,0,40000,0x07
2026-09-06T12:09:42.409-03:00,364,0,0,53,3374,2396,34897,3500,0,40000,0x07
2026-09-06T12:09:42.433-03:00,365,0,0,53,3374,2396,34897,3500,0,40000,0x07
2026-09-06T12:09:42.450-03:00,366,0,0,51,3374,2176,35830,3500,0,40000,0x07
2026-09-06T12:09:42.473-03:00,367,0,0,51,3374,2176,35830,3500,0,40000,0x07
2026-09-06T12:09:42.491-03:00,368,0,0,52,3374,2250,35518,3500,0,40000,0x07
2026-09-06T12:09:42.509-03:00,369,0,0,52,3374,2250,35518,3500,0,40000,0x07
2026-09-06T12:09:42.533-03:00,370,0,0,52,3374,2250,35518,3500,0,40000,0x07
2026-09-06T12:09:42.551-03:00,371,0,0,57,3374,2211,35686,3500,0,40000,0x07
2026-09-06T12:09:42.571-03:00,372,0,0,57,3374,2211,35686,3500,0,40000,0x07
2026-09-06T12:09:42.593-03:00,373,0,0,57,3374,2211,35686,3500,0,40000,0x07
2026-09-06T12:09:42.632-03:00,374,0,0,60,3374,2167,35872,3500,0,40000,0x07
2026-09-06T12:09:42.632-03:00,375,0,0,60,3374,2167,35872,3500,0,40000,0x07
2026-09-06T12:09:42.652-03:00,376,0,0,53,3374,2415,34816,3500,0,40000,0x07
2026-09-06T12:09:42.671-03:00,377,0,0,53,3374,2415,34816,3500,0,40000,0x07
2026-09-06T12:09:42.692-03:00,378,0,0,53,3374,2415,34816,3500,0,40000,0x07
2026-09-06T12:09:42.712-03:00,379,0,0,54,3374,2111,36108,3500,0,40000,0x07
2026-09-06T12:09:42.730-03:00,380,0,0,54,3374,2111,36108,3500,0,40000,0x07
2026-09-06T12:09:42.749-03:00,381,0,0,54,3374,2111,36108,3500,0,40000,0x07
2026-09-06T12:09:42.772-03:00,382,0,0,54,3374,2148,35951,3500,0,40000,0x07
2026-09-06T12:09:42.792-03:00,383,0,0,54,3374,2148,35951,3500,0,40000,0x07
2026-09-06T12:09:42.810-03:00,384,0,0,54,3374,2148,35951,3500,0,40000,0x07
2026-09-06T12:09:42.832-03:00,385,0,0,60,3374,2233,35589,3500,0,40000,0x07
2026-09-06T12:09:42.850-03:00,386,0,0,60,3374,2233,35589,3500,0,40000,0x07
2026-09-06T12:09:42.871-03:00,387,0,0,60,3374,2233,35589,3500,0,40000,0x07
2026-09-06T12:09:42.889-03:00,388,0,0,50,3374,2280,35390,3500,0,40000,0x07
2026-09-06T12:09:42.913-03:00,389,0,0,50,3374,2280,35390,3500,0,40000,0x07
2026-09-06T12:09:42.930-03:00,390,0,0,50,3374,2160,35900,3500,0,40000,0x07
2026-09-06T12:09:42.950-03:00,391,0,0,50,3374,2160,35900,3500,0,40000,0x07
2026-09-06T12:09:42.973-03:00,392,0,0,50,3374,2160,35900,3500,0,40000,0x07
2026-09-06T12:09:42.992-03:00,393,0,0,59,3374,2339,35140,3500,0,40000,0x07
2026-09-06T12:09:43.010-03:00,394,0,0,59,3374,2339,35140,3500,0,40000,0x07
2026-09-06T12:09:43.033-03:00,395,0,0,59,3374,2339,35140,3500,0,40000,0x07
2026-09-06T12:09:43.073-03:00,396,0,0,51,3374,2216,35664,3500,0,40000,0x07
2026-09-06T12:09:43.073-03:00,397,0,0,51,3374,2216,35664,3500,0,40000,0x07
2026-09-06T12:09:43.091-03:00,398,0,0,56,3374,2375,34987,3500,0,40000,0x07
2026-09-06T12:09:43.109-03:00,399,0,0,56,3374,2375,34987,3500,0,40000,0x07
2026-09-06T12:09:43.132-03:00,400,0,0,56,3374,2375,34987,3500,0,40000,0x07
2026-09-06T12:09:43.151-03:00,401,0,0,53,3374,2226,35618,3500,0,40000,0x07
2026-09-06T12:09:43.190-03:00,402,0,0,53,3374,2226,35618,3500,0,40000,0x07
2026-09-06T12:09:43.190-03:00,403,0,0,53,3374,2226,35618,3500,0,40000,0x07
2026-09-06T12:09:43.209-03:00,404,0,0,62,3374,2290,35347,3500,0,40000,0x07
2026-09-06T12:09:43.233-03:00,405,0,0,62,3374,2290,35347,3500,0,40000,0x07
2026-09-06T12:09:43.251-03:00,406,0,0,62,3374,2290,35347,3500,0,40000,0x07
2026-09-06T12:09:43.271-03:00,407,0,0,61,3374,2328,35187,3500,0,40000,0x07
2026-09-06T12:09:43.293-03:00,408,0,0,61,3374,2328,35187,3500,0,40000,0x07
2026-09-06T12:09:43.311-03:00,409,0,0,61,3374,2328,35187,3500,0,40000,0x07
2026-09-06T12:09:43.332-03:00,410,0,0,56,3374,2196,35746,3500,0,40000,0x07
2026-09-06T12:09:43.351-03:00,411,0,0,56,3374,2196,35746,3500,0,40000,0x07
2026-09-06T12:09:43.369-03:00,412,0,0,56,3374,2196,35746,3500,0,40000,0x07
2026-09-06T12:09:43.392-03:00,413,0,0,54,3374,2222,35636,3500,0,40000,0x07
2026-09-06T12:09:43.409-03:00,414,0,0,54,3374,2222,35636,3500,0,40000,0x07
2026-09-06T12:09:43.450-03:00,415,0,0,54,3374,2222,35636,3500,0,40000,0x07
2026-09-06T12:09:43.450-03:00,416,0,0,55,3374,2200,35730,3500,0,40000,0x07
2026-09-06T12:09:43.470-03:00,417,0,0,55,3374,2200,35730,3500,0,40000,0x07
2026-09-06T12:09:43.489-03:00,418,0,0,50,3374,2180,35816,3500,0,40000,0x07
2026-09-06T12:09:43.512-03:00,419,0,0,50,3374,2180,35816,3500,0,40000,0x07
2026-09-06T12:09:43.532-03:00,420,0,0,50,3374,2180,35816,3500,0,40000,0x07
2026-09-06T12:09:43.549-03:00,421,0,0,51,3374,2235,35580,3500,0,40000,0x07
2026-09-06T12:09:43.572-03:00,422,0,0,51,3374,2235,35580,3500,0,40000,0x07
2026-09-06T12:09:43.589-03:00,423,0,0,58,3374,2397,34895,3500,0,40000,0x07
2026-09-06T12:09:43.612-03:00,424,0,0,58,3374,2397,34895,3500,0,40000,0x07
2026-09-06T12:09:43.630-03:00,425,0,0,58,3374,2397,34895,3500,0,40000,0x07
2026-09-06T12:09:43.653-03:00,426,0,0,53,3374,2151,35939,3500,0,40000,0x07
2026-09-06T12:09:43.673-03:00,427,0,0,53,3374,2151,35939,3500,0,40000,0x07
2026-09-06T12:09:43.690-03:00,428,0,0,53,3374,2151,35939,3500,0,40000,0x07
2026-09-06T12:09:43.713-03:00,429,0,0,51,3374,2235,35580,3500,0,40000,0x07
2026-09-06T12:09:43.731-03:00,430,0,0,51,3374,2235,35580,3500,0,40000,0x07
2026-09-06T12:09:43.749-03:00,431,0,0,50,3374,2160,35900,3500,0,40000,0x07
2026-09-06T12:09:43.773-03:00,432,0,0,50,3374,2160,35900,3500,0,40000,0x07
2026-09-06T12:09:43.790-03:00,433,0,0,50,3374,2160,35900,3500,0,40000,0x07
2026-09-06T12:09:43.813-03:00,434,0,0,59,3374,2254,35500,3500,0,40000,0x07
2026-09-06T12:09:43.831-03:00,435,0,0,59,3374,2254,35500,3500,0,40000,0x07
2026-09-06T12:09:43.849-03:00,436,0,0,59,3374,2254,35500,3500,0,40000,0x07
2026-09-06T12:09:43.869-03:00,437,0,0,51,3374,2275,35414,3500,0,40000,0x07
2026-09-06T12:09:43.889-03:00,438,0,0,51,3374,2275,35414,3500,0,40000,0x07
2026-09-06T12:09:43.911-03:00,439,0,0,51,3374,2275,35414,3500,0,40000,0x07
2026-09-06T12:09:43.931-03:00,440,0,0,58,3374,2328,35188,3500,0,40000,0x07
2026-09-06T12:09:43.949-03:00,441,0,0,58,3374,2328,35188,3500,0,40000,0x07
2026-09-06T12:09:43.973-03:00,442,0,0,54,3374,2426,34770,3500,0,40000,0x07
2026-09-06T12:09:44.034-03:00,443,0,0,54,3374,2426,34770,3500,0,40000,0x07
2026-09-06T12:09:44.034-03:00,444,0,0,54,3374,2426,34770,3500,0,40000,0x07
2026-09-06T12:09:44.052-03:00,445,0,0,52,3374,2288,35355,3500,0,40000,0x07
2026-09-06T12:09:44.072-03:00,446,0,0,55,3374,2473,34571,3500,0,40000,0x07
2026-09-06T12:09:44.090-03:00,447,0,0,55,3374,2473,34571,3500,0,40000,0x07
2026-09-06T12:09:44.110-03:00,449,0,0,55,3374,2473,34571,3500,0,40000,0x07
2026-09-06T12:09:44.132-03:00,450,0,0,63,3374,1921,36918,3500,0,40000,0x07
2026-09-06T12:09:44.149-03:00,451,0,0,63,3374,1921,36918,3500,0,40000,0x07
2026-09-06T12:09:44.170-03:00,452,0,0,63,3374,1921,36918,3500,0,40000,0x07
2026-09-06T12:09:44.192-03:00,453,0,0,56,3374,2464,34607,3500,0,40000,0x07
2026-09-06T12:09:44.210-03:00,454,0,0,56,3374,2464,34607,3500,0,40000,0x07
2026-09-06T12:09:44.233-03:00,455,0,0,56,3374,2464,34607,3500,0,40000,0x07
2026-09-06T12:09:44.253-03:00,456,0,0,55,3374,2436,34726,3500,0,40000,0x07
2026-09-06T12:09:44.273-03:00,457,0,0,55,3374,2436,34726,3500,0,40000,0x07
2026-09-06T12:09:44.291-03:00,458,0,0,55,3374,2436,34726,3500,0,40000,0x07
2026-09-06T12:09:44.309-03:00,459,0,0,60,3374,2350,35093,3500,0,40000,0x07
2026-09-06T12:09:44.329-03:00,460,0,0,60,3374,2350,35093,3500,0,40000,0x07
2026-09-06T12:09:44.353-03:00,461,0,0,60,3374,2350,35093,3500,0,40000,0x07
2026-09-06T12:09:44.371-03:00,462,0,0,54,3374,2204,35715,3500,0,40000,0x07
2026-09-06T12:09:44.389-03:00,463,0,0,54,3374,2204,35715,3500,0,40000,0x07
2026-09-06T12:09:44.412-03:00,464,0,0,54,3374,2204,35715,3500,0,40000,0x07
2026-09-06T12:09:44.432-03:00,465,0,0,52,3374,2423,34782,3500,0,40000,0x07
2026-09-06T12:09:44.450-03:00,466,0,0,52,3374,2423,34782,3500,0,40000,0x07
2026-09-06T12:09:44.473-03:00,467,0,0,52,3374,2346,35109,3500,0,40000,0x07
2026-09-06T12:09:44.491-03:00,468,0,0,52,3374,2346,35109,3500,0,40000,0x07
2026-09-06T12:09:44.510-03:00,469,0,0,52,3374,2346,35109,3500,0,40000,0x07
2026-09-06T12:09:44.533-03:00,470,0,0,60,3374,2467,34597,3500,0,40000,0x07
2026-09-06T12:09:44.551-03:00,471,0,0,60,3374,2467,34597,3500,0,40000,0x07
2026-09-06T12:09:44.571-03:00,472,0,0,60,3374,2467,34597,3500,0,40000,0x07
2026-09-06T12:09:44.589-03:00,473,0,0,50,3374,2280,35390,3500,0,40000,0x07
2026-09-06T12:09:44.612-03:00,474,0,0,50,3374,2280,35390,3500,0,40000,0x07
2026-09-06T12:09:44.633-03:00,475,0,0,50,3374,2280,35390,3500,0,40000,0x07
2026-09-06T12:09:44.652-03:00,476,0,0,56,3374,2357,35063,3500,0,40000,0x07
2026-09-06T12:09:44.672-03:00,477,0,0,56,3374,2357,35063,3500,0,40000,0x07
2026-09-06T12:09:44.690-03:00,478,0,0,58,3374,2414,34822,3500,0,40000,0x07
2026-09-06T12:09:44.710-03:00,479,0,0,58,3374,2414,34822,3500,0,40000,0x07
2026-09-06T12:09:44.733-03:00,480,0,0,58,3374,2414,34822,3500,0,40000,0x07
2026-09-06T12:09:44.753-03:00,481,0,0,56,3374,2375,34987,3500,0,40000,0x07
2026-09-06T12:09:44.771-03:00,482,0,0,56,3374,2375,34987,3500,0,40000,0x07
2026-09-06T12:09:44.789-03:00,483,0,0,56,3374,2375,34987,3500,0,40000,0x07
2026-09-06T12:09:44.812-03:00,484,0,0,50,3374,2220,35646,3500,0,40000,0x07
2026-09-06T12:09:44.832-03:00,485,0,0,50,3374,2220,35646,3500,0,40000,0x07
2026-09-06T12:09:44.850-03:00,486,0,0,50,3374,2220,35646,3500,0,40000,0x07
2026-09-06T12:09:44.872-03:00,487,0,0,58,3374,2362,35042,3500,0,40000,0x07
2026-09-06T12:09:44.890-03:00,488,0,0,58,3374,2362,35042,3500,0,40000,0x07
2026-09-06T12:09:44.913-03:00,489,0,0,51,3374,2451,34664,3500,0,40000,0x07
2026-09-06T12:09:44.931-03:00,490,0,0,51,3374,2451,34664,3500,0,40000,0x07
2026-09-06T12:09:44.949-03:00,491,0,0,51,3374,2451,34664,3500,0,40000,0x07
2026-09-06T12:09:44.972-03:00,492,0,0,52,3374,2404,34864,3500,0,40000,0x07
2026-09-06T12:09:44.994-03:00,493,0,0,52,3374,2404,34864,3500,0,40000,0x07
2026-09-06T12:09:45.012-03:00,494,0,0,52,3374,2404,34864,3500,0,40000,0x07
2026-09-06T12:09:45.031-03:00,495,0,0,57,3374,2246,35537,3500,0,40000,0x07
2026-09-06T12:09:45.097-03:00,496,0,0,57,3374,2246,35537,3500,0,40000,0x07
2026-09-06T12:09:45.142-03:00,497,0,0,57,3374,2439,34716,3500,0,40000,0x07
2026-09-06T12:09:45.186-03:00,498,0,0,57,3374,2439,34716,3500,0,40000,0x07
2026-09-06T12:09:45.227-03:00,499,0,0,51,3374,2529,34330,3500,0,40000,0x07
2026-09-06T12:09:45.271-03:00,500,0,0,50,3374,2480,34540,3500,0,40000,0x07
