timestamp,sequence,team,robot_id,interval_ms,left_target_eps,left_measured_eps,left_duty,right_target_eps,right_measured_eps,right_duty,flags
2026-09-06T14:59:48.596-03:00,65535,255,0,0,0,0,0,0,0,0,0x03
2026-09-06T14:59:48.615-03:00,504,0,0,51,0,0,0,0,0,0,0x03
2026-09-06T14:59:48.633-03:00,505,0,0,51,0,0,0,0,0,0,0x03
2026-09-06T14:59:48.653-03:00,505,0,0,52,0,0,0,0,0,0,0x03
2026-09-06T14:59:48.672-03:00,505,0,0,52,0,0,0,0,0,0,0x03
2026-09-06T14:59:48.695-03:00,505,0,0,52,0,0,0,0,0,0,0x03
2026-09-06T14:59:48.714-03:00,505,0,0,52,0,0,0,0,0,0,0x03
2026-09-06T14:59:48.732-03:00,505,0,0,52,0,0,0,0,0,0,0x03
2026-09-06T14:59:48.755-03:00,505,0,0,52,0,0,0,0,0,0,0x03
2026-09-06T14:59:48.776-03:00,505,0,0,52,0,0,0,0,0,0,0x03
2026-09-06T14:59:48.794-03:00,8,0,0,50,3374,0,40000,3500,0,40000,0x07
2026-09-06T14:59:48.816-03:00,9,0,0,50,3374,0,40000,3500,0,40000,0x07
2026-09-06T14:59:48.835-03:00,10,0,0,50,3374,0,40000,3500,0,40000,0x07
2026-09-06T14:59:48.856-03:00,11,0,0,50,3374,0,40000,3500,0,40000,0x07
2026-09-06T14:59:48.876-03:00,12,0,0,50,3374,0,40000,3500,0,40000,0x07
2026-09-06T14:59:48.912-03:00,13,0,0,52,3374,0,40000,3500,0,40000,0x07
2026-09-06T14:59:49.016-03:00,14,0,0,52,3374,0,40000,3500,0,40000,0x07
2026-09-06T14:59:49.034-03:00,15,0,0,52,3374,0,40000,3500,0,40000,0x07
2026-09-06T14:59:49.075-03:00,16,0,0,56,3374,0,40000,3500,0,40000,0x07
2026-09-06T14:59:49.075-03:00,17,0,0,56,3374,0,40000,3500,0,40000,0x07
2026-09-06T14:59:49.095-03:00,23,0,0,56,3374,0,40000,3500,0,40000,0x07
2026-09-06T14:59:49.137-03:00,24,0,0,51,3374,0,40000,3500,0,40000,0x07
2026-09-06T14:59:49.152-03:00,25,0,0,51,3374,0,40000,3500,0,40000,0x07
2026-09-06T14:59:49.172-03:00,26,0,0,50,3374,0,40000,3500,0,40000,0x07
2026-09-06T14:59:49.195-03:00,27,0,0,50,3374,0,40000,3500,0,40000,0x07
2026-09-06T14:59:49.235-03:00,28,0,0,56,3374,0,40000,3500,0,40000,0x07
2026-09-06T14:59:49.235-03:00,30,0,0,56,3374,0,40000,3500,0,40000,0x07
2026-09-06T14:59:49.274-03:00,31,0,0,56,3374,0,40000,3500,0,40000,0x07
2026-09-06T14:59:49.294-03:00,32,0,0,52,3374,0,40000,3500,0,40000,0x07
2026-09-06T14:59:49.312-03:00,33,0,0,52,3374,0,40000,3500,0,40000,0x07
2026-09-06T14:59:49.335-03:00,34,0,0,50,3374,0,40000,3500,0,40000,0x07
2026-09-06T14:59:49.356-03:00,35,0,0,50,3374,0,40000,3500,0,40000,0x07
2026-09-06T14:59:49.375-03:00,37,0,0,50,3374,0,40000,3500,0,40000,0x07
2026-09-06T14:59:49.394-03:00,38,0,0,50,3374,0,40000,3500,0,40000,0x07
2026-09-06T14:59:49.412-03:00,39,0,0,50,3374,0,40000,3500,0,40000,0x07
2026-09-06T14:59:49.433-03:00,40,0,0,50,3374,0,40000,3500,0,40000,0x07
2026-09-06T14:59:49.454-03:00,41,0,0,50,3374,0,40000,3500,0,40000,0x07
2026-09-06T14:59:49.472-03:00,42,0,0,50,3374,0,40000,3500,0,40000,0x07
2026-09-06T14:59:49.495-03:00,43,0,0,50,3374,0,40000,3500,0,40000,0x07
2026-09-06T14:59:49.513-03:00,44,0,0,50,3374,0,40000,3500,0,40000,0x07
2026-09-06T14:59:49.533-03:00,45,0,0,51,3374,0,40000,3500,0,40000,0x07
2026-09-06T14:59:49.592-03:00,46,0,0,51,3374,0,40000,3500,0,40000,0x07
2026-09-06T14:59:49.592-03:00,47,0,0,51,3374,0,40000,3500,0,40000,0x07
2026-09-06T14:59:49.612-03:00,48,0,0,51,3374,0,40000,3500,0,40000,0x07
2026-09-06T14:59:49.633-03:00,49,0,0,51,3374,0,40000,3500,0,40000,0x07
2026-09-06T14:59:49.653-03:00,51,0,0,51,3374,0,40000,3500,0,40000,0x07
2026-09-06T14:59:49.716-03:00,52,0,0,55,3374,0,40000,3500,0,40000,0x07
2026-09-06T14:59:49.716-03:00,53,0,0,55,3374,0,40000,3500,0,40000,0x07
2026-09-06T14:59:49.734-03:00,54,0,0,50,3374,0,40000,3500,0,40000,0x07
2026-09-06T14:59:49.792-03:00,55,0,0,50,3374,0,40000,3500,0,40000,0x07
2026-09-06T14:59:49.813-03:00,57,0,0,52,3374,0,40000,3500,0,40000,0x07
2026-09-06T14:59:49.853-03:00,58,0,0,52,3374,0,40000,3500,0,40000,0x07
2026-09-06T14:59:49.916-03:00,59,0,0,50,3374,0,40000,3500,0,40000,0x07
2026-09-06T14:59:49.917-03:00,61,0,0,50,3374,0,40000,3500,0,40000,0x07
2026-09-06T14:59:49.993-03:00,62,0,0,50,3374,0,40000,3500,0,40000,0x07
2026-09-06T14:59:49.993-03:00,64,0,0,50,3374,0,40000,3500,0,40000,0x07
2026-09-06T14:59:50.016-03:00,67,0,0,52,3374,0,40000,3500,0,40000,0x07
2026-09-06T14:59:50.036-03:00,68,0,0,56,3374,0,40000,3500,0,40000,0x07
2026-09-06T14:59:50.056-03:00,71,0,0,56,3374,0,40000,3500,0,40000,0x07
2026-09-06T14:59:50.076-03:00,72,0,0,56,3374,0,40000,3500,0,40000,0x07
2026-09-06T14:59:50.096-03:00,73,0,0,51,3374,0,40000,3500,0,40000,0x07
2026-09-06T14:59:50.113-03:00,74,0,0,51,3374,0,40000,3500,0,40000,0x07
2026-09-06T14:59:50.137-03:00,75,0,0,53,3374,0,40000,3500,0,40000,0x07
2026-09-06T14:59:50.155-03:00,76,0,0,53,3374,0,40000,3500,0,40000,0x07
2026-09-06T14:59:50.173-03:00,77,0,0,53,3374,0,40000,3500,0,40000,0x07
2026-09-06T14:59:50.196-03:00,78,0,0,50,3374,0,40000,3500,0,40000,0x07
2026-09-06T14:59:50.217-03:00,79,0,0,50,3374,0,40000,3500,0,40000,0x07
2026-09-06T14:59:50.234-03:00,80,0,0,50,3374,0,40000,3500,0,40000,0x07
2026-09-06T14:59:50.254-03:00,81,0,0,53,3374,0,40000,3500,0,40000,0x07
2026-09-06T14:59:50.276-03:00,82,0,0,53,3374,0,40000,3500,0,40000,0x07
2026-09-06T14:59:50.294-03:00,83,0,0,53,3374,0,40000,3500,0,40000,0x07
2026-09-06T14:59:50.312-03:00,84,0,0,53,3374,0,40000,3500,0,40000,0x07
2026-09-06T14:59:50.335-03:00,85,0,0,53,3374,0,40000,3500,0,40000,0x07
2026-09-06T14:59:50.376-03:00,86,0,0,50,3374,0,40000,3500,0,40000,0x07
2026-09-06T14:59:50.376-03:00,87,0,0,50,3374,0,40000,3500,0,40000,0x07
2026-09-06T14:59:50.392-03:00,88,0,0,50,3374,0,40000,3500,0,40000,0x07
2026-09-06T14:59:50.412-03:00,89,0,0,54,3374,0,40000,3500,0,40000,0x07
2026-09-06T14:59:50.432-03:00,90,0,0,54,3374,0,40000,3500,0,40000,0x07
2026-09-06T14:59:50.456-03:00,91,0,0,55,3374,0,40000,3500,0,40000,0x07
2026-09-06T14:59:50.473-03:00,92,0,0,55,3374,0,40000,3500,0,40000,0x07
2026-09-06T14:59:50.496-03:00,93,0,0,55,3374,0,40000,3500,0,40000,0x07
2026-09-06T14:59:50.515-03:00,94,0,0,50,3374,0,40000,3500,0,40000,0x07
2026-09-06T14:59:50.533-03:00,95,0,0,50,3374,0,40000,3500,0,40000,0x07
2026-09-06T14:59:50.555-03:00,96,0,0,52,3374,0,40000,3500,0,40000,0x07
2026-09-06T14:59:50.572-03:00,97,0,0,52,3374,0,40000,3500,0,40000,0x07
2026-09-06T14:59:50.594-03:00,98,0,0,52,3374,0,40000,3500,0,40000,0x07
2026-09-06T14:59:50.612-03:00,99,0,0,51,3374,0,40000,3500,0,40000,0x07
2026-09-06T14:59:50.655-03:00,100,0,0,51,3374,0,40000,3500,0,40000,0x07
2026-09-06T14:59:50.673-03:00,101,0,0,51,3374,0,40000,3500,0,40000,0x07
2026-09-06T14:59:50.692-03:00,102,0,0,53,3374,0,40000,3500,0,40000,0x07
2026-09-06T14:59:50.712-03:00,103,0,0,56,3374,0,40000,3500,0,40000,0x07
2026-09-06T14:59:50.733-03:00,105,0,0,56,3374,0,40000,3500,0,40000,0x07
2026-09-06T14:59:50.756-03:00,106,0,0,56,3374,0,40000,3500,0,40000,0x07
2026-09-06T14:59:50.792-03:00,107,0,0,52,3374,0,40000,3500,0,40000,0x07
2026-09-06T14:59:50.815-03:00,108,0,0,52,3374,0,40000,3500,0,40000,0x07
2026-09-06T14:59:50.832-03:00,109,0,0,50,3374,0,40000,3500,0,40000,0x07
2026-09-06T14:59:50.855-03:00,110,0,0,50,3374,0,40000,3500,0,40000,0x07
2026-09-06T14:59:50.873-03:00,112,0,0,55,3374,0,40000,3500,0,40000,0x07
2026-09-06T14:59:50.893-03:00,113,0,0,55,3374,0,40000,3500,0,40000,0x07
2026-09-06T14:59:50.916-03:00,114,0,0,55,3374,0,40000,3500,0,40000,0x07
2026-09-06T14:59:50.934-03:00,115,0,0,52,3374,0,40000,3500,0,40000,0x07
2026-09-06T14:59:50.956-03:00,116,0,0,52,3374,0,40000,3500,0,40000,0x07
2026-09-06T14:59:50.974-03:00,117,0,0,52,3374,0,40000,3500,0,40000,0x07
2026-09-06T14:59:50.992-03:00,118,0,0,52,3374,0,40000,3500,0,40000,0x07
2026-09-06T14:59:51.011-03:00,119,0,0,52,3374,0,40000,3500,0,40000,0x07
2026-09-06T14:59:51.032-03:00,120,0,0,50,3374,0,40000,3500,0,40000,0x07
2026-09-06T14:59:51.052-03:00,121,0,0,50,3374,0,40000,3500,0,40000,0x07
2026-09-06T14:59:51.076-03:00,122,0,0,50,3374,0,40000,3500,0,40000,0x07
2026-09-06T14:59:51.114-03:00,123,0,0,52,3374,0,40000,3500,0,40000,0x07
2026-09-06T14:59:51.114-03:00,124,0,0,52,3374,0,40000,3500,0,40000,0x07
2026-09-06T14:59:51.132-03:00,125,0,0,51,3374,0,40000,3500,0,40000,0x07
2026-09-06T14:59:51.172-03:00,126,0,0,51,3374,0,40000,3500,0,40000,0x07
2026-09-06T14:59:51.172-03:00,127,0,0,51,3374,0,40000,3500,0,40000,0x07
2026-09-06T14:59:51.196-03:00,128,0,0,52,3374,0,40000,3500,0,40000,0x07
2026-09-06T14:59:51.214-03:00,129,0,0,52,3374,0,40000,3500,0,40000,0x07
2026-09-06T14:59:51.233-03:00,130,0,0,55,3374,0,40000,3500,0,40000,0x07
2026-09-06T14:59:51.256-03:00,131,0,0,55,3374,0,40000,3500,0,40000,0x07
2026-09-06T14:59:51.295-03:00,132,0,0,55,3374,0,40000,3500,0,40000,0x07
2026-09-06T14:59:51.295-03:00,133,0,0,51,3374,0,40000,3500,0,40000,0x07
2026-09-06T14:59:51.313-03:00,134,0,0,51,3374,0,40000,3500,0,40000,0x07
2026-09-06T14:59:51.373-03:00,135,0,0,51,3374,0,40000,3500,0,40000,0x07
2026-09-06T14:59:51.373-03:00,136,0,0,53,3374,0,40000,3500,0,40000,0x07
2026-09-06T14:59:51.394-03:00,137,0,0,55,3374,0,40000,3500,0,40000,0x07
2026-09-06T14:59:51.452-03:00,138,0,0,55,3374,0,40000,3500,0,40000,0x07
2026-09-06T14:59:51.452-03:00,140,0,0,55,3374,0,40000,3500,0,40000,0x07
2026-09-06T14:59:51.476-03:00,141,0,0,52,3374,0,40000,3500,0,40000,0x07
2026-09-06T14:59:51.497-03:00,142,0,0,52,3374,0,40000,3500,0,40000,0x07
2026-09-06T14:59:51.575-03:00,144,0,0,52,3374,0,40000,3500,0,40000,0x07
2026-09-06T14:59:51.575-03:00,145,0,0,52,3374,0,40000,3500,0,40000,0x07
2026-09-06T14:59:51.593-03:00,146,0,0,50,3374,0,40000,3500,0,40000,0x07
2026-09-06T14:59:51.614-03:00,147,0,0,51,3374,0,40000,3500,0,40000,0x07
2026-09-06T14:59:51.634-03:00,150,0,0,51,3374,0,40000,3500,0,40000,0x07
2026-09-06T14:59:51.676-03:00,151,0,0,54,3374,0,40000,3500,0,40000,0x07
2026-09-06T14:59:51.676-03:00,152,0,0,54,3374,0,40000,3500,0,40000,0x07
2026-09-06T14:59:51.732-03:00,153,0,0,54,3374,0,40000,3500,0,40000,0x07
2026-09-06T14:59:51.732-03:00,154,0,0,51,3374,0,40000,3500,0,40000,0x07
2026-09-06T14:59:51.755-03:00,155,0,0,51,3374,0,40000,3500,0,40000,0x07
2026-09-06T14:59:51.775-03:00,156,0,0,53,3374,0,40000,3500,0,40000,0x07
2026-09-06T14:59:51.793-03:00,158,0,0,53,3374,0,40000,3500,0,40000,0x07
2026-09-06T14:59:51.812-03:00,159,0,0,51,3374,0,40000,3500,0,40000,0x07
2026-09-06T14:59:51.837-03:00,160,0,0,51,3374,0,40000,3500,0,40000,0x07
2026-09-06T14:59:51.854-03:00,161,0,0,51,3374,0,40000,3500,0,40000,0x07
2026-09-06T14:59:51.893-03:00,162,0,0,51,3374,0,40000,3500,0,40000,0x07
2026-09-06T14:59:51.893-03:00,163,0,0,51,3374,0,40000,3500,0,40000,0x07
2026-09-06T14:59:51.917-03:00,164,0,0,50,3374,0,40000,3500,0,40000,0x07
2026-09-06T14:59:51.957-03:00,165,0,0,50,3374,0,40000,3500,0,40000,0x07
2026-09-06T14:59:51.957-03:00,166,0,0,50,3374,0,40000,3500,0,40000,0x07
2026-09-06T14:59:51.972-03:00,167,0,0,53,3374,0,40000,3500,0,40000,0x07
2026-09-06T14:59:51.992-03:00,168,0,0,53,3374,0,40000,3500,0,40000,0x07
2026-09-06T14:59:52.016-03:00,169,0,0,53,3374,0,40000,3500,0,40000,0x07
2026-09-06T14:59:52.036-03:00,170,0,0,53,3374,0,40000,3500,0,40000,0x07
2026-09-06T14:59:52.056-03:00,171,0,0,53,3374,0,40000,3500,0,40000,0x07
2026-09-06T14:59:52.072-03:00,172,0,0,51,3374,0,40000,3500,0,40000,0x07
2026-09-06T14:59:52.114-03:00,173,0,0,51,3374,0,40000,3500,0,40000,0x07
2026-09-06T14:59:52.136-03:00,174,0,0,51,3374,0,40000,3500,0,40000,0x07
2026-09-06T14:59:52.154-03:00,175,0,0,51,3374,0,40000,3500,0,40000,0x07
2026-09-06T14:59:52.173-03:00,176,0,0,50,3374,0,40000,3500,0,40000,0x07
2026-09-06T14:59:52.193-03:00,178,0,0,50,3374,0,40000,3500,0,40000,0x07
2026-09-06T14:59:52.213-03:00,179,0,0,50,3374,0,40000,3500,0,40000,0x07
2026-09-06T14:59:52.235-03:00,180,0,0,51,3374,0,40000,3500,0,40000,0x07
2026-09-06T14:59:52.256-03:00,181,0,0,51,3374,0,40000,3500,0,40000,0x07
2026-09-06T14:59:52.316-03:00,182,0,0,50,3374,0,40000,3500,0,40000,0x07
2026-09-06T14:59:52.316-03:00,183,0,0,50,3374,0,40000,3500,0,40000,0x07
2026-09-06T14:59:52.334-03:00,184,0,0,51,3374,0,40000,3500,0,40000,0x07
2026-09-06T14:59:52.353-03:00,185,0,0,51,3374,0,40000,3500,0,40000,0x07
2026-09-06T14:59:52.372-03:00,187,0,0,54,3374,0,40000,3500,0,40000,0x07
2026-09-06T14:59:52.396-03:00,188,0,0,54,3374,0,40000,3500,0,40000,0x07
2026-09-06T14:59:52.416-03:00,189,0,0,54,3374,0,40000,3500,0,40000,0x07
2026-09-06T14:59:52.472-03:00,190,0,0,51,3374,0,40000,3500,0,40000,0x07
2026-09-06T14:59:52.472-03:00,191,0,0,51,3374,0,40000,3500,0,40000,0x07
2026-09-06T14:59:52.496-03:00,192,0,0,50,3374,0,40000,3500,0,40000,0x07
2026-09-06T14:59:52.515-03:00,193,0,0,50,3374,0,40000,3500,0,40000,0x07
2026-09-06T14:59:52.533-03:00,195,0,0,51,3374,0,40000,3500,0,40000,0x07
2026-09-06T14:59:52.554-03:00,196,0,0,51,3374,0,40000,3500,0,40000,0x07
2026-09-06T14:59:52.572-03:00,197,0,0,50,3374,0,40000,3500,0,40000,0x07
2026-09-06T14:59:52.596-03:00,198,0,0,50,3374,0,40000,3500,0,40000,0x07
2026-09-06T14:59:52.615-03:00,199,0,0,50,3374,0,40000,3500,0,40000,0x07
2026-09-06T14:59:52.635-03:00,200,0,0,52,3374,0,40000,3500,0,40000,0x07
2026-09-06T14:59:52.654-03:00,201,0,0,52,3374,0,40000,3500,0,40000,0x07
2026-09-06T14:59:52.673-03:00,202,0,0,52,3374,0,40000,3500,0,40000,0x07
2026-09-06T14:59:52.696-03:00,203,0,0,53,3374,0,40000,3500,0,40000,0x07
2026-09-06T14:59:52.714-03:00,204,0,0,53,3374,0,40000,3500,0,40000,0x07
2026-09-06T14:59:52.733-03:00,205,0,0,55,3374,0,40000,3500,0,40000,0x07
2026-09-06T14:59:52.757-03:00,206,0,0,55,3374,0,40000,3500,0,40000,0x07
2026-09-06T14:59:52.776-03:00,207,0,0,55,3374,0,40000,3500,0,40000,0x07
2026-09-06T14:59:52.793-03:00,208,0,0,51,3374,0,40000,3500,0,40000,0x07
2026-09-06T14:59:52.815-03:00,209,0,0,51,3374,0,40000,3500,0,40000,0x07
2026-09-06T14:59:52.833-03:00,210,0,0,51,3374,0,40000,3500,0,40000,0x07
2026-09-06T14:59:52.852-03:00,211,0,0,51,3374,0,40000,3500,0,40000,0x07
2026-09-06T14:59:52.876-03:00,212,0,0,51,3374,0,40000,3500,0,40000,0x07
2026-09-06T14:59:52.896-03:00,213,0,0,55,3374,0,40000,3500,0,40000,0x07
2026-09-06T14:59:52.933-03:00,214,0,0,55,3374,0,40000,3500,0,40000,0x07
2026-09-06T14:59:52.933-03:00,215,0,0,55,3374,0,40000,3500,0,40000,0x07
2026-09-06T14:59:52.957-03:00,216,0,0,51,3374,0,40000,3500,0,40000,0x07
2026-09-06T14:59:52.975-03:00,217,0,0,51,3374,0,40000,3500,0,40000,0x07
2026-09-06T14:59:52.995-03:00,218,0,0,55,3374,0,40000,3500,0,40000,0x07
2026-09-06T14:59:53.013-03:00,219,0,0,55,3374,0,40000,3500,0,40000,0x07
2026-09-06T14:59:53.052-03:00,220,0,0,55,3374,0,40000,3500,0,40000,0x07
2026-09-06T14:59:53.052-03:00,221,0,0,56,3374,0,40000,3500,0,40000,0x07
2026-09-06T14:59:53.076-03:00,222,0,0,56,3374,0,40000,3500,0,40000,0x07
2026-09-06T14:59:53.095-03:00,223,0,0,56,3374,0,40000,3500,0,40000,0x07
2026-09-06T14:59:53.113-03:00,224,0,0,51,3374,0,40000,3500,0,40000,0x07
2026-09-06T14:59:53.133-03:00,225,0,0,51,3374,0,40000,3500,0,40000,0x07
2026-09-06T14:59:53.156-03:00,226,0,0,51,3374,0,40000,3500,0,40000,0x07
2026-09-06T14:59:53.174-03:00,227,0,0,52,3374,0,40000,3500,0,40000,0x07
2026-09-06T14:59:53.194-03:00,228,0,0,52,3374,0,40000,3500,0,40000,0x07
2026-09-06T14:59:53.215-03:00,229,0,0,56,3374,0,40000,3500,0,40000,0x07
2026-09-06T14:59:53.235-03:00,230,0,0,56,3374,0,40000,3500,0,40000,0x07
2026-09-06T14:59:53.255-03:00,231,0,0,56,3374,0,40000,3500,0,40000,0x07
2026-09-06T14:59:53.273-03:00,232,0,0,51,3374,0,40000,3500,0,40000,0x07
2026-09-06T14:59:53.293-03:00,233,0,0,51,3374,0,40000,3500,0,40000,0x07
2026-09-06T14:59:53.316-03:00,234,0,0,50,3374,0,40000,3500,0,40000,0x07
2026-09-06T14:59:53.335-03:00,235,0,0,50,3374,0,40000,3500,0,40000,0x07
2026-09-06T14:59:53.353-03:00,236,0,0,50,3374,0,40000,3500,0,40000,0x07
2026-09-06T14:59:53.374-03:00,237,0,0,51,3374,0,40000,3500,0,40000,0x07
2026-09-06T14:59:53.396-03:00,238,0,0,51,3374,0,40000,3500,0,40000,0x07
2026-09-06T14:59:53.412-03:00,239,0,0,50,3374,0,40000,3500,0,40000,0x07
2026-09-06T14:59:53.435-03:00,240,0,0,50,3374,0,40000,3500,0,40000,0x07
2026-09-06T14:59:53.454-03:00,241,0,0,50,3374,0,40000,3500,0,40000,0x07
2026-09-06T14:59:53.472-03:00,242,0,0,52,3374,0,40000,3500,0,40000,0x07
2026-09-06T14:59:53.496-03:00,243,0,0,52,3374,0,40000,3500,0,40000,0x07
2026-09-06T14:59:53.514-03:00,244,0,0,52,3374,0,40000,3500,0,40000,0x07
2026-09-06T14:59:53.532-03:00,245,0,0,50,3374,0,40000,3500,0,40000,0x07
2026-09-06T14:59:53.555-03:00,246,0,0,50,3374,0,40000,3500,0,40000,0x07
2026-09-06T14:59:53.573-03:00,247,0,0,56,3374,0,40000,3500,0,40000,0x07
2026-09-06T14:59:53.596-03:00,248,0,0,56,3374,0,40000,3500,0,40000,0x07
2026-09-06T14:59:53.614-03:00,249,0,0,56,3374,0,40000,3500,0,40000,0x07
2026-09-06T14:59:53.633-03:00,250,0,0,51,3374,0,40000,3500,0,40000,0x07
2026-09-06T14:59:53.657-03:00,251,0,0,51,3374,0,40000,3500,0,40000,0x07
2026-09-06T14:59:53.675-03:00,252,0,0,51,3374,0,40000,3500,0,40000,0x07
2026-09-06T14:59:53.693-03:00,253,0,0,53,3374,0,40000,3500,0,40000,0x07
2026-09-06T14:59:53.716-03:00,254,0,0,53,3374,0,40000,3500,0,40000,0x07
2026-09-06T14:59:53.735-03:00,255,0,0,50,3374,0,40000,3500,0,40000,0x07
2026-09-06T14:59:53.753-03:00,256,0,0,50,3374,0,40000,3500,0,40000,0x07
2026-09-06T14:59:53.772-03:00,257,0,0,50,3374,0,40000,3500,0,40000,0x07
2026-09-06T14:59:53.795-03:00,258,0,0,51,3374,0,40000,3500,0,40000,0x07
2026-09-06T14:59:53.813-03:00,259,0,0,51,3374,0,40000,3500,0,40000,0x07
2026-09-06T14:59:53.832-03:00,260,0,0,51,3374,0,40000,3500,0,40000,0x07
2026-09-06T14:59:53.855-03:00,261,0,0,51,3374,0,40000,3500,0,40000,0x07
2026-09-06T14:59:53.873-03:00,262,0,0,51,3374,0,40000,3500,0,40000,0x07
2026-09-06T14:59:53.893-03:00,263,0,0,50,3374,0,40000,3500,0,40000,0x07
2026-09-06T14:59:53.914-03:00,264,0,0,50,3374,0,40000,3500,0,40000,0x07
2026-09-06T14:59:53.932-03:00,265,0,0,55,3374,0,40000,3500,0,40000,0x07
2026-09-06T14:59:53.956-03:00,266,0,0,55,3374,0,40000,3500,0,40000,0x07
2026-09-06T14:59:53.974-03:00,267,0,0,55,3374,0,40000,3500,0,40000,0x07
2026-09-06T14:59:53.992-03:00,268,0,0,51,3374,0,40000,3500,0,40000,0x07
2026-09-06T14:59:54.016-03:00,269,0,0,51,3374,0,40000,3500,0,40000,0x07
2026-09-06T14:59:54.036-03:00,270,0,0,51,3374,0,40000,3500,0,40000,0x07
2026-09-06T14:59:54.056-03:00,271,0,0,51,3374,0,40000,3500,0,40000,0x07
2026-09-06T14:59:54.075-03:00,272,0,0,51,3374,0,40000,3500,0,40000,0x07
2026-09-06T14:59:54.093-03:00,273,0,0,51,3374,0,40000,3500,0,40000,0x07
2026-09-06T14:59:54.116-03:00,274,0,0,51,3374,0,40000,3500,0,40000,0x07
2026-09-06T14:59:54.136-03:00,275,0,0,51,3374,0,40000,3500,0,40000,0x07
2026-09-06T14:59:54.154-03:00,276,0,0,50,3374,0,40000,3500,0,40000,0x07
2026-09-06T14:59:54.172-03:00,277,0,0,50,3374,0,40000,3500,0,40000,0x07
2026-09-06T14:59:54.196-03:00,278,0,0,50,3374,0,40000,3500,0,40000,0x07
2026-09-06T14:59:54.214-03:00,279,0,0,50,3374,0,40000,3500,0,40000,0x07
2026-09-06T14:59:54.234-03:00,280,0,0,50,3374,0,40000,3500,0,40000,0x07
2026-09-06T14:59:54.254-03:00,281,0,0,52,3374,0,40000,3500,0,40000,0x07
2026-09-06T14:59:54.276-03:00,282,0,0,52,3374,0,40000,3500,0,40000,0x07
2026-09-06T14:59:54.295-03:00,283,0,0,55,3374,0,40000,3500,0,40000,0x07
2026-09-06T14:59:54.313-03:00,284,0,0,55,3374,0,40000,3500,0,40000,0x07
2026-09-06T14:59:54.332-03:00,285,0,0,55,3374,0,40000,3500,0,40000,0x07
2026-09-06T14:59:54.355-03:00,286,0,0,52,3374,0,40000,3500,0,40000,0x07
2026-09-06T14:59:54.373-03:00,287,0,0,52,3374,0,40000,3500,0,40000,0x07
2026-09-06T14:59:54.396-03:00,288,0,0,52,3374,0,40000,3500,0,40000,0x07
2026-09-06T14:59:54.415-03:00,289,0,0,53,3374,0,40000,3500,0,40000,0x07
2026-09-06T14:59:54.433-03:00,290,0,0,53,3374,0,40000,3500,0,40000,0x07
2026-09-06T14:59:54.455-03:00,291,0,0,57,3374,0,40000,3500,0,40000,0x07
2026-09-06T14:59:54.473-03:00,292,0,0,57,3374,0,40000,3500,0,40000,0x07
2026-09-06T14:59:54.497-03:00,293,0,0,57,3374,0,40000,3500,0,40000,0x07
2026-09-06T14:59:54.515-03:00,294,0,0,50,3374,0,40000,3500,0,40000,0x07
2026-09-06T14:59:54.533-03:00,295,0,0,50,3374,0,40000,3500,0,40000,0x07
2026-09-06T14:59:54.557-03:00,296,0,0,50,3374,0,40000,3500,0,40000,0x07
2026-09-06T14:59:54.575-03:00,297,0,0,50,3374,0,40000,3500,0,40000,0x07
2026-09-06T14:59:54.595-03:00,298,0,0,50,3374,0,40000,3500,0,40000,0x07
2026-09-06T14:59:54.616-03:00,299,0,0,51,3374,0,40000,3500,0,40000,0x07
2026-09-06T14:59:54.635-03:00,300,0,0,51,3374,0,40000,3500,0,40000,0x07
2026-09-06T14:59:54.655-03:00,301,0,0,51,3374,0,40000,3500,0,40000,0x07
2026-09-06T14:59:54.675-03:00,302,0,0,53,3374,0,40000,3500,0,40000,0x07
2026-09-06T14:59:54.695-03:00,303,0,0,53,3374,0,40000,3500,0,40000,0x07
2026-09-06T14:59:54.713-03:00,304,0,0,50,3374,0,40000,3500,0,40000,0x07
2026-09-06T14:59:54.733-03:00,305,0,0,50,3374,0,40000,3500,0,40000,0x07
2026-09-06T14:59:54.752-03:00,306,0,0,50,3374,0,40000,3500,0,40000,0x07
2026-09-06T14:59:54.775-03:00,307,0,0,50,3374,0,40000,3500,0,40000,0x07
2026-09-06T14:59:54.796-03:00,308,0,0,50,3374,0,40000,3500,0,40000,0x07
2026-09-06T14:59:54.816-03:00,309,0,0,54,3374,0,40000,3500,0,40000,0x07
2026-09-06T14:59:54.835-03:00,310,0,0,54,3374,0,40000,3500,0,40000,0x07
2026-09-06T14:59:54.856-03:00,311,0,0,54,3374,0,40000,3500,0,40000,0x07
2026-09-06T14:59:54.875-03:00,312,0,0,52,3374,0,40000,3500,0,40000,0x07
2026-09-06T14:59:54.893-03:00,313,0,0,52,3374,0,40000,3500,0,40000,0x07
2026-09-06T14:59:54.917-03:00,314,0,0,52,3374,0,40000,3500,0,40000,0x07
2026-09-06T14:59:54.935-03:00,315,0,0,53,3374,0,40000,3500,0,40000,0x07
2026-09-06T14:59:54.953-03:00,316,0,0,53,3374,0,40000,3500,0,40000,0x07
2026-09-06T14:59:54.972-03:00,317,0,0,50,3374,0,40000,3500,0,40000,0x07
2026-09-06T14:59:54.995-03:00,318,0,0,50,3374,0,40000,3500,0,40000,0x07
2026-09-06T14:59:55.013-03:00,319,0,0,50,3374,0,40000,3500,0,40000,0x07
2026-09-06T14:59:55.036-03:00,320,0,0,51,3374,0,40000,3500,0,40000,0x07
2026-09-06T14:59:55.054-03:00,321,0,0,51,3374,0,40000,3500,0,40000,0x07
2026-09-06T14:59:55.072-03:00,322,0,0,54,3374,0,40000,3500,0,40000,0x07
2026-09-06T14:59:55.093-03:00,323,0,0,54,3374,0,40000,3500,0,40000,0x07
2026-09-06T14:59:55.113-03:00,324,0,0,54,3374,0,40000,3500,0,40000,0x07
2026-09-06T14:59:55.152-03:00,325,0,0,52,3374,0,40000,3500,0,40000,0x07
2026-09-06T14:59:55.152-03:00,326,0,0,52,3374,0,40000,3500,0,40000,0x07
2026-09-06T14:59:55.175-03:00,327,0,0,50,3374,0,40000,3500,0,40000,0x07
2026-09-06T14:59:55.193-03:00,328,0,0,50,3374,0,40000,3500,0,40000,0x07
2026-09-06T14:59:55.214-03:00,329,0,0,50,3374,0,40000,3500,0,40000,0x07
2026-09-06T14:59:55.235-03:00,330,0,0,51,3374,0,40000,3500,0,40000,0x07
2026-09-06T14:59:55.253-03:00,331,0,0,51,3374,0,40000,3500,0,40000,0x07
2026-09-06T14:59:55.272-03:00,332,0,0,51,3374,0,40000,3500,0,40000,0x07
2026-09-06T14:59:55.295-03:00,333,0,0,51,3374,0,40000,3500,0,40000,0x07
2026-09-06T14:59:55.314-03:00,334,0,0,51,3374,0,40000,3500,0,40000,0x07
2026-09-06T14:59:55.333-03:00,335,0,0,56,3374,0,40000,3500,0,40000,0x07
2026-09-06T14:59:55.356-03:00,336,0,0,56,3374,0,40000,3500,0,40000,0x07
2026-09-06T14:59:55.377-03:00,337,0,0,56,3374,0,40000,3500,0,40000,0x07
2026-09-06T14:59:55.395-03:00,338,0,0,50,3374,0,40000,3500,0,40000,0x07
2026-09-06T14:59:55.414-03:00,339,0,0,50,3374,0,40000,3500,0,40000,0x07
2026-09-06T14:59:55.433-03:00,340,0,0,52,3374,0,40000,3500,0,40000,0x07
2026-09-06T14:59:55.454-03:00,341,0,0,52,3374,0,40000,3500,0,40000,0x07
2026-09-06T14:59:55.472-03:00,342,0,0,52,3374,0,40000,3500,0,40000,0x07
2026-09-06T14:59:55.492-03:00,343,0,0,51,3374,0,40000,3500,0,40000,0x07
2026-09-06T14:59:55.516-03:00,344,0,0,51,3374,0,40000,3500,0,40000,0x07
2026-09-06T14:59:55.535-03:00,345,0,0,51,3374,0,40000,3500,0,40000,0x07
2026-09-06T14:59:55.553-03:00,346,0,0,51,3374,0,40000,3500,0,40000,0x07
2026-09-06T14:59:55.576-03:00,347,0,0,51,3374,0,40000,3500,0,40000,0x07
2026-09-06T14:59:55.594-03:00,348,0,0,56,3374,0,40000,3500,0,40000,0x07
2026-09-06T14:59:55.613-03:00,349,0,0,56,3374,0,40000,3500,0,40000,0x07
2026-09-06T14:59:55.636-03:00,350,0,0,56,3374,0,40000,3500,0,40000,0x07
2026-09-06T14:59:55.654-03:00,351,0,0,51,3374,0,40000,3500,0,40000,0x07
2026-09-06T14:59:55.673-03:00,352,0,0,51,3374,0,40000,3500,0,40000,0x07
2026-09-06T14:59:55.693-03:00,353,0,0,50,3374,0,40000,3500,0,40000,0x07
2026-09-06T14:59:55.717-03:00,354,0,0,50,3374,0,40000,3500,0,40000,0x07
2026-09-06T14:59:55.732-03:00,355,0,0,50,3374,0,40000,3500,0,40000,0x07
2026-09-06T14:59:55.756-03:00,356,0,0,50,3374,0,40000,3500,0,40000,0x07
2026-09-06T14:59:55.774-03:00,357,0,0,50,3374,0,40000,3500,0,40000,0x07
2026-09-06T14:59:55.792-03:00,358,0,0,51,3374,0,40000,3500,0,40000,0x07
2026-09-06T14:59:55.816-03:00,359,0,0,51,3374,0,40000,3500,0,40000,0x07
2026-09-06T14:59:55.834-03:00,360,0,0,51,3374,0,40000,3500,0,40000,0x07
2026-09-06T14:59:55.853-03:00,361,0,0,51,3374,0,40000,3500,0,40000,0x07
2026-09-06T14:59:55.873-03:00,362,0,0,51,3374,0,40000,3500,0,40000,0x07
2026-09-06T14:59:55.897-03:00,363,0,0,51,3374,0,40000,3500,0,40000,0x07
2026-09-06T14:59:55.915-03:00,364,0,0,51,3374,0,40000,3500,0,40000,0x07
2026-09-06T14:59:55.933-03:00,365,0,0,51,3374,0,40000,3500,0,40000,0x07
2026-09-06T14:59:55.954-03:00,366,0,0,56,3374,0,40000,3500,0,40000,0x07
2026-09-06T14:59:55.972-03:00,367,0,0,56,3374,0,40000,3500,0,40000,0x07
2026-09-06T14:59:55.995-03:00,368,0,0,56,3374,0,40000,3500,0,40000,0x07
2026-09-06T14:59:56.013-03:00,369,0,0,50,3374,0,40000,3500,0,40000,0x07
2026-09-06T14:59:56.032-03:00,370,0,0,50,3374,0,40000,3500,0,40000,0x07
2026-09-06T14:59:56.055-03:00,371,0,0,50,3374,0,40000,3500,0,40000,0x07
2026-09-06T14:59:56.073-03:00,372,0,0,50,3374,0,40000,3500,0,40000,0x07
2026-09-06T14:59:56.096-03:00,373,0,0,50,3374,0,40000,3500,0,40000,0x07
2026-09-06T14:59:56.115-03:00,374,0,0,52,3374,0,40000,3500,0,40000,0x07
2026-09-06T14:59:56.135-03:00,375,0,0,52,3374,0,40000,3500,0,40000,0x07
2026-09-06T14:59:56.153-03:00,376,0,0,52,3374,0,40000,3500,0,40000,0x07
2026-09-06T14:59:56.172-03:00,377,0,0,52,3374,0,40000,3500,0,40000,0x07
2026-09-06T14:59:56.195-03:00,378,0,0,52,3374,0,40000,3500,0,40000,0x07
2026-09-06T14:59:56.212-03:00,379,0,0,53,3374,0,40000,3500,0,40000,0x07
2026-09-06T14:59:56.236-03:00,380,0,0,53,3374,0,40000,3500,0,40000,0x07
2026-09-06T14:59:56.254-03:00,381,0,0,53,3374,0,40000,3500,0,40000,0x07
2026-09-06T14:59:56.272-03:00,382,0,0,51,3374,0,40000,3500,0,40000,0x07
2026-09-06T14:59:56.295-03:00,383,0,0,51,3374,0,40000,3500,0,40000,0x07
2026-09-06T14:59:56.314-03:00,384,0,0,51,3374,0,40000,3500,0,40000,0x07
2026-09-06T14:59:56.332-03:00,385,0,0,53,3374,0,40000,3500,0,40000,0x07
2026-09-06T14:59:56.356-03:00,386,0,0,53,3374,0,40000,3500,0,40000,0x07
2026-09-06T14:59:56.375-03:00,387,0,0,51,3374,0,40000,3500,0,40000,0x07
2026-09-06T14:59:56.393-03:00,388,0,0,51,3374,0,40000,3500,0,40000,0x07
2026-09-06T14:59:56.413-03:00,389,0,0,51,3374,0,40000,3500,0,40000,0x07
2026-09-06T14:59:56.435-03:00,390,0,0,54,3374,0,40000,3500,0,40000,0x07
2026-09-06T14:59:56.453-03:00,391,0,0,54,3374,0,40000,3500,0,40000,0x07
2026-09-06T14:59:56.475-03:00,392,0,0,54,3374,0,40000,3500,0,40000,0x07
2026-09-06T14:59:56.494-03:00,393,0,0,54,3374,0,40000,3500,0,40000,0x07
2026-09-06T14:59:56.512-03:00,394,0,0,54,3374,0,40000,3500,0,40000,0x07
2026-09-06T14:59:56.533-03:00,395,0,0,50,3374,0,40000,3500,0,40000,0x07
2026-09-06T14:59:56.556-03:00,396,0,0,50,3374,0,40000,3500,0,40000,0x07
2026-09-06T14:59:56.575-03:00,397,0,0,50,3374,0,40000,3500,0,40000,0x07
2026-09-06T14:59:56.593-03:00,398,0,0,52,3374,0,40000,3500,0,40000,0x07
2026-09-06T14:59:56.612-03:00,399,0,0,52,3374,0,40000,3500,0,40000,0x07
2026-09-06T14:59:56.636-03:00,400,0,0,50,3374,0,40000,3500,0,40000,0x07
2026-09-06T14:59:56.654-03:00,401,0,0,50,3374,0,40000,3500,0,40000,0x07
2026-09-06T14:59:56.673-03:00,402,0,0,50,3374,0,40000,3500,0,40000,0x07
2026-09-06T14:59:56.693-03:00,403,0,0,50,3374,0,40000,3500,0,40000,0x07
2026-09-06T14:59:56.717-03:00,404,0,0,50,3374,0,40000,3500,0,40000,0x07
2026-09-06T14:59:56.735-03:00,405,0,0,57,3374,0,40000,3500,0,40000,0x07
2026-09-06T14:59:56.756-03:00,406,0,0,57,3374,0,40000,3500,0,40000,0x07
2026-09-06T14:59:56.774-03:00,407,0,0,57,3374,0,40000,3500,0,40000,0x07
2026-09-06T14:59:56.794-03:00,408,0,0,51,3374,0,40000,3500,0,40000,0x07
2026-09-06T14:59:56.813-03:00,409,0,0,51,3374,0,40000,3500,0,40000,0x07
2026-09-06T14:59:56.836-03:00,410,0,0,52,3374,0,40000,3500,0,40000,0x07
2026-09-06T14:59:56.852-03:00,411,0,0,52,3374,0,40000,3500,0,40000,0x07
2026-09-06T14:59:56.875-03:00,412,0,0,52,3374,0,40000,3500,0,40000,0x07
2026-09-06T14:59:56.893-03:00,413,0,0,56,3374,0,40000,3500,0,40000,0x07
2026-09-06T14:59:56.917-03:00,414,0,0,56,3374,0,40000,3500,0,40000,0x07
2026-09-06T14:59:56.935-03:00,415,0,0,56,3374,0,40000,3500,0,40000,0x07
2026-09-06T14:59:56.953-03:00,416,0,0,51,3374,0,40000,3500,0,40000,0x07
2026-09-06T14:59:56.976-03:00,417,0,0,51,3374,0,40000,3500,0,40000,0x07
2026-09-06T14:59:56.995-03:00,418,0,0,51,3374,0,40000,3500,0,40000,0x07
2026-09-06T14:59:57.013-03:00,419,0,0,54,3374,0,40000,3500,0,40000,0x07
2026-09-06T14:59:57.036-03:00,420,0,0,54,3374,0,40000,3500,0,40000,0x07
2026-09-06T14:59:57.054-03:00,421,0,0,56,3374,0,40000,3500,0,40000,0x07
2026-09-06T14:59:57.073-03:00,422,0,0,56,3374,0,40000,3500,0,40000,0x07
2026-09-06T14:59:57.093-03:00,423,0,0,56,3374,0,40000,3500,0,40000,0x07
2026-09-06T14:59:57.116-03:00,424,0,0,51,3374,0,40000,3500,0,40000,0x07
2026-09-06T14:59:57.134-03:00,425,0,0,51,3374,0,40000,3500,0,40000,0x07
2026-09-06T14:59:57.155-03:00,426,0,0,53,3374,0,40000,3500,0,40000,0x07
2026-09-06T14:59:57.173-03:00,427,0,0,53,3374,0,40000,3500,0,40000,0x07
2026-09-06T14:59:57.195-03:00,428,0,0,53,3374,0,40000,3500,0,40000,0x07
2026-09-06T14:59:57.213-03:00,429,0,0,54,3374,0,40000,3500,0,40000,0x07
2026-09-06T14:59:57.232-03:00,430,0,0,54,3374,0,40000,3500,0,40000,0x07
2026-09-06T14:59:57.255-03:00,431,0,0,54,3374,0,40000,3500,0,40000,0x07
2026-09-06T14:59:57.274-03:00,432,0,0,50,3374,0,40000,3500,0,40000,0x07
2026-09-06T14:59:57.292-03:00,433,0,0,50,3374,0,40000,3500,0,40000,0x07
2026-09-06T14:59:57.315-03:00,434,0,0,53,3374,0,40000,3500,0,40000,0x07
2026-09-06T14:59:57.332-03:00,435,0,0,53,3374,0,40000,3500,0,40000,0x07
2026-09-06T14:59:57.356-03:00,436,0,0,53,3374,0,40000,3500,0,40000,0x07
2026-09-06T14:59:57.374-03:00,437,0,0,52,3374,0,40000,3500,0,40000,0x07
2026-09-06T14:59:57.395-03:00,438,0,0,52,3374,0,40000,3500,0,40000,0x07
2026-09-06T14:59:57.413-03:00,439,0,0,52,3374,0,40000,3500,0,40000,0x07
2026-09-06T14:59:57.433-03:00,440,0,0,52,3374,0,40000,3500,0,40000,0x07
2026-09-06T14:59:57.452-03:00,441,0,0,52,3374,0,40000,3500,0,40000,0x07
2026-09-06T14:59:57.473-03:00,442,0,0,56,3374,0,40000,3500,0,40000,0x07
2026-09-06T14:59:57.496-03:00,443,0,0,56,3374,0,40000,3500,0,40000,0x07
2026-09-06T14:59:57.514-03:00,444,0,0,56,3374,0,40000,3500,0,40000,0x07
2026-09-06T14:59:57.536-03:00,445,0,0,50,3374,0,40000,3500,0,40000,0x07
2026-09-06T14:59:57.554-03:00,446,0,0,50,3374,0,40000,3500,0,40000,0x07
2026-09-06T14:59:57.572-03:00,447,0,0,52,3374,0,40000,3500,0,40000,0x07
2026-09-06T14:59:57.596-03:00,448,0,0,52,3374,0,40000,3500,0,40000,0x07
2026-09-06T14:59:57.615-03:00,449,0,0,52,3374,0,40000,3500,0,40000,0x07
2026-09-06T14:59:57.633-03:00,450,0,0,51,3374,0,40000,3500,0,40000,0x07
2026-09-06T14:59:57.652-03:00,451,0,0,51,3374,0,40000,3500,0,40000,0x07
2026-09-06T14:59:57.675-03:00,452,0,0,51,3374,0,40000,3500,0,40000,0x07
2026-09-06T14:59:57.693-03:00,453,0,0,52,3374,0,40000,3500,0,40000,0x07
2026-09-06T14:59:57.712-03:00,454,0,0,52,3374,0,40000,3500,0,40000,0x07
2026-09-06T14:59:57.735-03:00,455,0,0,53,3374,0,40000,3500,0,40000,0x07
2026-09-06T14:59:57.752-03:00,456,0,0,53,3374,0,40000,3500,0,40000,0x07
2026-09-06T14:59:57.776-03:00,457,0,0,53,3374,0,40000,3500,0,40000,0x07
2026-09-06T14:59:57.794-03:00,458,0,0,50,3374,0,40000,3500,0,40000,0x07
2026-09-06T14:59:57.812-03:00,459,0,0,50,3374,0,40000,3500,0,40000,0x07
2026-09-06T14:59:57.836-03:00,460,0,0,52,3374,0,40000,3500,0,40000,0x07
2026-09-06T14:59:57.854-03:00,461,0,0,52,3374,0,40000,3500,0,40000,0x07
2026-09-06T14:59:57.872-03:00,462,0,0,52,3374,0,40000,3500,0,40000,0x07
2026-09-06T14:59:57.895-03:00,463,0,0,50,3374,0,40000,3500,0,40000,0x07
2026-09-06T14:59:57.913-03:00,464,0,0,50,3374,0,40000,3500,0,40000,0x07
2026-09-06T14:59:57.936-03:00,465,0,0,50,3374,0,40000,3500,0,40000,0x07
2026-09-06T14:59:57.953-03:00,466,0,0,50,3374,0,40000,3500,0,40000,0x07
2026-09-06T14:59:57.974-03:00,467,0,0,50,3374,0,40000,3500,0,40000,0x07
2026-09-06T14:59:57.992-03:00,468,0,0,51,3374,0,40000,3500,0,40000,0x07
2026-09-06T14:59:58.012-03:00,469,0,0,51,3374,0,40000,3500,0,40000,0x07
2026-09-06T14:59:58.036-03:00,470,0,0,51,3374,0,40000,3500,0,40000,0x07
2026-09-06T14:59:58.054-03:00,471,0,0,52,3374,0,40000,3500,0,40000,0x07
2026-09-06T14:59:58.073-03:00,472,0,0,52,3374,0,40000,3500,0,40000,0x07
2026-09-06T14:59:58.096-03:00,473,0,0,50,3374,0,40000,3500,0,40000,0x07
2026-09-06T14:59:58.114-03:00,474,0,0,50,3374,0,40000,3500,0,40000,0x07
2026-09-06T14:59:58.134-03:00,475,0,0,50,3374,0,40000,3500,0,40000,0x07
2026-09-06T14:59:58.152-03:00,476,0,0,53,3374,0,40000,3500,0,40000,0x07
2026-09-06T14:59:58.176-03:00,477,0,0,53,3374,0,40000,3500,0,40000,0x07
2026-09-06T14:59:58.194-03:00,478,0,0,52,3374,0,40000,3500,0,40000,0x07
2026-09-06T14:59:58.212-03:00,479,0,0,52,3374,0,40000,3500,0,40000,0x07
2026-09-06T14:59:58.236-03:00,480,0,0,52,3374,0,40000,3500,0,40000,0x07
2026-09-06T14:59:58.254-03:00,481,0,0,50,3374,0,40000,3500,0,40000,0x07
2026-09-06T14:59:58.272-03:00,482,0,0,50,3374,0,40000,3500,0,40000,0x07
2026-09-06T14:59:58.296-03:00,483,0,0,52,3374,0,40000,3500,0,40000,0x07
2026-09-06T14:59:58.312-03:00,484,0,0,52,3374,0,40000,3500,0,40000,0x07
2026-09-06T14:59:58.335-03:00,485,0,0,52,3374,0,40000,3500,0,40000,0x07
2026-09-06T14:59:58.354-03:00,486,0,0,57,3374,0,40000,3500,0,40000,0x07
2026-09-06T14:59:58.372-03:00,487,0,0,57,3374,0,40000,3500,0,40000,0x07
2026-09-06T14:59:58.395-03:00,488,0,0,57,3374,0,40000,3500,0,40000,0x07
2026-09-06T14:59:58.416-03:00,489,0,0,51,3374,0,40000,3500,0,40000,0x07
2026-09-06T14:59:58.434-03:00,490,0,0,51,3374,0,40000,3500,0,40000,0x07
2026-09-06T14:59:58.454-03:00,491,0,0,53,3374,0,40000,3500,0,40000,0x07
2026-09-06T14:59:58.473-03:00,492,0,0,53,3374,0,40000,3500,0,40000,0x07
2026-09-06T14:59:58.496-03:00,493,0,0,53,3374,0,40000,3500,0,40000,0x07
2026-09-06T14:59:58.515-03:00,494,0,0,51,3374,0,40000,3500,0,40000,0x07
2026-09-06T14:59:58.535-03:00,495,0,0,51,3374,0,40000,3500,0,40000,0x07
2026-09-06T14:59:58.552-03:00,496,0,0,55,3374,0,40000,3500,0,40000,0x07
2026-09-06T14:59:58.573-03:00,497,0,0,55,3374,0,40000,3500,0,40000,0x07
2026-09-06T14:59:58.617-03:00,498,0,0,55,3374,0,40000,3500,0,40000,0x07
2026-09-06T14:59:58.662-03:00,499,0,0,51,3374,0,40000,3500,0,40000,0x07
2026-09-06T14:59:58.707-03:00,500,0,0,51,3374,0,40000,3500,0,40000,0x07
2026-09-06T14:59:58.748-03:00,501,0,0,50,0,0,0,0,0,0,0x03
2026-09-06T14:59:58.789-03:00,502,0,0,51,0,0,0,0,0,0,0x03
