timestamp,sequence,team,robot_id,interval_ms,left_target_eps,left_measured_eps,left_duty,right_target_eps,right_measured_eps,right_duty,flags
2026-09-06T20:31:45.747,65535,0,2,52,0,0,0,0,0,0,0x0b
2026-09-06T20:31:45.828,65535,0,2,53,0,0,0,0,0,0,0x0b
2026-09-06T20:31:45.893,65535,0,2,52,0,0,0,0,0,0,0x0b
2026-09-06T20:31:45.958,65535,0,2,51,0,0,0,0,0,0,0x0b
2026-09-06T20:31:46.023,65535,0,2,50,0,0,0,0,0,0,0x0b
2026-09-06T20:31:46.088,65535,0,2,50,0,0,0,0,0,0,0x0b
2026-09-06T20:31:46.153,65535,0,2,52,0,0,0,0,0,0,0x0b
2026-09-06T20:31:46.234,65535,0,2,51,0,0,0,0,0,0,0x0b
2026-09-06T20:31:46.298,65535,0,2,50,0,0,0,0,0,0,0x0b
2026-09-06T20:31:46.363,65535,0,2,50,0,0,0,0,0,0,0x0b
2026-09-06T20:31:46.428,65535,0,2,51,0,0,0,0,0,0,0x0b
2026-09-06T20:31:46.492,65535,0,2,51,0,0,0,0,0,0,0x0b
2026-09-06T20:31:46.557,65535,0,2,50,0,0,0,0,0,0,0x0b
2026-09-06T20:31:46.623,65535,0,2,52,0,0,0,0,0,0,0x0b
2026-09-06T20:31:46.688,65535,0,2,51,0,0,0,0,0,0,0x0b
2026-09-06T20:31:46.753,65535,0,2,50,0,0,0,0,0,0,0x0b
2026-09-06T20:31:46.834,65535,0,2,50,0,0,0,0,0,0,0x0b
2026-09-06T20:31:46.899,65535,0,2,50,0,0,0,0,0,0,0x0b
2026-09-06T20:31:46.964,65535,0,2,52,0,0,0,0,0,0,0x0b
2026-09-06T20:31:47.029,65535,0,2,50,0,0,0,0,0,0,0x0b
2026-09-06T20:31:47.094,65535,0,2,51,0,0,0,0,0,0,0x0b
2026-09-06T20:31:47.159,65535,0,2,50,0,0,0,0,0,0,0x0b
2026-09-06T20:31:47.224,65535,0,2,51,0,0,0,0,0,0,0x0b
2026-09-06T20:31:47.289,65535,0,2,51,0,0,0,0,0,0,0x0b
2026-09-06T20:31:47.370,65535,0,2,50,0,0,0,0,0,0,0x0b
2026-09-06T20:31:47.435,65535,0,2,53,0,0,0,0,0,0,0x0b
2026-09-06T20:31:47.500,65535,0,2,52,0,0,0,0,0,0,0x0b
2026-09-06T20:31:47.566,65535,0,2,51,0,0,0,0,0,0,0x0b
2026-09-06T20:31:47.631,65535,0,2,51,0,0,0,0,0,0,0x0b
2026-09-06T20:31:47.695,65535,0,2,51,0,0,0,0,0,0,0x0b
2026-09-06T20:31:47.760,65535,0,2,51,0,0,0,0,0,0,0x0b
2026-09-06T20:31:47.825,65535,0,2,52,0,0,0,0,0,0,0x0b
2026-09-06T20:31:47.890,65535,0,2,50,0,0,0,0,0,0,0x0b
2026-09-06T20:31:47.971,65535,0,2,50,0,0,0,0,0,0,0x0b
2026-09-06T20:31:48.037,65535,0,2,52,0,0,0,0,0,0,0x0b
2026-09-06T20:31:48.101,65535,0,2,52,0,0,0,0,0,0,0x0b
2026-09-06T20:31:48.165,65535,0,2,52,0,0,0,0,0,0,0x0b
2026-09-06T20:31:48.230,65535,0,2,52,0,0,0,0,0,0,0x0b
2026-09-06T20:31:48.295,65535,0,2,50,0,0,0,0,0,0,0x0b
2026-09-06T20:31:48.360,65535,0,2,51,0,0,0,0,0,0,0x0b
2026-09-06T20:31:48.441,65535,0,2,50,0,0,0,0,0,0,0x0b
2026-09-06T20:31:48.506,65535,0,2,50,0,0,0,0,0,0,0x0b
2026-09-06T20:31:48.571,65535,0,2,51,0,0,0,0,0,0,0x0b
2026-09-06T20:31:48.636,65535,0,2,52,0,0,0,0,0,0,0x0b
2026-09-06T20:31:48.700,65535,0,2,52,0,0,0,0,0,0,0x0b
2026-09-06T20:31:48.765,65535,0,2,51,0,0,0,0,0,0,0x0b
2026-09-06T20:31:48.831,65535,0,2,50,0,0,0,0,0,0,0x0b
2026-09-06T20:31:48.896,65535,0,2,51,0,0,0,0,0,0,0x0b
2026-09-06T20:31:48.977,65535,0,2,51,0,0,0,0,0,0,0x0b
2026-09-06T20:31:49.043,65535,0,2,52,0,0,0,0,0,0,0x0b
2026-09-06T20:31:49.108,65535,0,2,51,0,0,0,0,0,0,0x0b
2026-09-06T20:31:49.173,65535,0,2,51,0,0,0,0,0,0,0x0b
2026-09-06T20:31:49.238,65535,0,2,51,0,0,0,0,0,0,0x0b
2026-09-06T20:31:49.304,65535,0,2,51,0,0,0,0,0,0,0x0b
2026-09-06T20:31:49.368,65535,0,2,51,0,0,0,0,0,0,0x0b
2026-09-06T20:31:49.433,65535,0,2,50,0,0,0,0,0,0,0x0b
2026-09-06T20:31:49.499,65535,0,2,50,0,0,0,0,0,0,0x0b
2026-09-06T20:31:49.580,65535,0,2,51,0,0,0,0,0,0,0x0b
2026-09-06T20:31:49.645,65535,0,2,52,0,0,0,0,0,0,0x0b
2026-09-06T20:31:49.710,65535,0,2,50,0,0,0,0,0,0,0x0b
2026-09-06T20:31:49.776,65535,0,2,50,0,0,0,0,0,0,0x0b
2026-09-06T20:31:49.841,65535,0,2,50,0,0,0,0,0,0,0x0b
2026-09-06T20:31:49.906,65535,0,2,52,0,0,0,0,0,0,0x0b
2026-09-06T20:31:49.971,65535,0,2,51,0,0,0,0,0,0,0x0b
2026-09-06T20:31:50.037,65535,0,2,50,0,0,0,0,0,0,0x0b
2026-09-06T20:31:50.102,65535,0,2,51,0,0,0,0,0,0,0x0b
2026-09-06T20:31:50.167,65535,0,2,50,0,0,0,0,0,0,0x0b
2026-09-06T20:31:50.248,65535,0,2,52,0,0,0,0,0,0,0x0b
2026-09-06T20:31:50.313,65535,0,2,51,0,0,0,0,0,0,0x0b
2026-09-06T20:31:50.379,65535,0,2,51,0,0,0,0,0,0,0x0b
2026-09-06T20:31:50.444,65535,0,2,52,0,0,0,0,0,0,0x0b
2026-09-06T20:31:50.509,65535,0,2,52,0,0,0,0,0,0,0x0b
2026-09-06T20:31:50.574,65535,0,2,51,0,0,0,0,0,0,0x0b
2026-09-06T20:31:50.639,65535,0,2,50,0,0,0,0,0,0,0x0b
2026-09-06T20:31:50.705,65535,0,2,52,0,0,0,0,0,0,0x0b
2026-09-06T20:31:50.786,65535,0,2,50,0,0,0,0,0,0,0x0b
2026-09-06T20:31:50.851,65535,0,2,52,0,0,0,0,0,0,0x0b
2026-09-06T20:31:50.916,65535,0,2,50,0,0,0,0,0,0,0x0b
2026-09-06T20:31:50.981,65535,0,2,51,0,0,0,0,0,0,0x0b
2026-09-06T20:31:51.046,65535,0,2,52,0,0,0,0,0,0,0x0b
2026-09-06T20:31:51.111,65535,0,2,50,0,0,0,0,0,0,0x0b
2026-09-06T20:31:51.177,65535,0,2,50,0,0,0,0,0,0,0x0b
2026-09-06T20:31:51.242,65535,0,2,50,0,0,0,0,0,0,0x0b
2026-09-06T20:31:51.307,65535,0,2,50,0,0,0,0,0,0,0x0b
2026-09-06T20:31:51.388,65535,0,2,50,0,0,0,0,0,0,0x0b
2026-09-06T20:31:51.454,65535,0,2,51,0,0,0,0,0,0,0x0b
2026-09-06T20:31:51.518,65535,0,2,51,0,0,0,0,0,0,0x0b
2026-09-06T20:31:51.584,65535,0,2,50,0,0,0,0,0,0,0x0b
2026-09-06T20:31:51.648,65535,0,2,51,0,0,0,0,0,0,0x0b
2026-09-06T20:31:51.713,65535,0,2,52,0,0,0,0,0,0,0x0b
2026-09-06T20:31:51.778,65535,0,2,50,0,0,0,0,0,0,0x0b
2026-09-06T20:31:51.843,65535,0,2,50,0,0,0,0,0,0,0x0b
2026-09-06T20:31:51.908,65535,0,2,50,0,0,0,0,0,0,0x0b
2026-09-06T20:31:51.989,65535,0,2,51,0,0,0,0,0,0,0x0b
2026-09-06T20:31:52.055,65535,0,2,51,0,0,0,0,0,0,0x0b
2026-09-06T20:31:52.119,65535,0,2,50,0,0,0,0,0,0,0x0b
2026-09-06T20:31:52.185,65535,0,2,51,0,0,0,0,0,0,0x0b
2026-09-06T20:31:52.249,65535,0,2,50,0,0,0,0,0,0,0x0b
2026-09-06T20:31:52.314,65535,0,2,51,0,0,0,0,0,0,0x0b
2026-09-06T20:31:52.379,65535,0,2,50,0,0,0,0,0,0,0x0b
2026-09-06T20:31:52.444,65535,0,2,52,0,0,0,0,0,0,0x0b
2026-09-06T20:31:52.526,65535,0,2,50,0,0,0,0,0,0,0x0b
2026-09-06T20:31:52.590,65535,0,2,51,0,0,0,0,0,0,0x0b
2026-09-06T20:31:52.656,65535,0,2,53,0,0,0,0,0,0,0x0b
2026-09-06T20:31:52.721,65535,0,2,52,0,0,0,0,0,0,0x0b
2026-09-06T20:31:52.786,65535,0,2,51,0,0,0,0,0,0,0x0b
2026-09-06T20:31:52.851,65535,0,2,52,0,0,0,0,0,0,0x0b
2026-09-06T20:31:52.916,65535,0,2,50,0,0,0,0,0,0,0x0b
2026-09-06T20:31:52.981,65535,0,2,51,0,0,0,0,0,0,0x0b
2026-09-06T20:31:53.046,65535,0,2,51,0,0,0,0,0,0,0x0b
2026-09-06T20:31:53.127,65535,0,2,51,0,0,0,0,0,0,0x0b
2026-09-06T20:31:53.193,65535,0,2,52,0,0,0,0,0,0,0x0b
2026-09-06T20:31:53.258,65535,0,2,50,0,0,0,0,0,0,0x0b
2026-09-06T20:31:53.323,65535,0,2,50,0,0,0,0,0,0,0x0b
2026-09-06T20:31:53.388,65535,0,2,52,0,0,0,0,0,0,0x0b
2026-09-06T20:31:53.453,65535,0,2,51,0,0,0,0,0,0,0x0b
2026-09-06T20:31:53.519,65535,0,2,52,0,0,0,0,0,0,0x0b
2026-09-06T20:31:53.584,65535,0,2,54,0,0,0,0,0,0,0x0b
2026-09-06T20:31:53.665,65535,0,2,51,0,0,0,0,0,0,0x0b
2026-09-06T20:31:53.730,65535,0,2,51,0,0,0,0,0,0,0x0b
2026-09-06T20:31:53.795,65535,0,2,51,0,0,0,0,0,0,0x0b
2026-09-06T20:31:53.860,65535,0,2,50,0,0,0,0,0,0,0x0b
2026-09-06T20:31:53.924,65535,0,2,51,0,0,0,0,0,0,0x0b
2026-09-06T20:31:53.990,65535,0,2,52,0,0,0,0,0,0,0x0b
2026-09-06T20:31:54.055,65535,0,2,52,0,0,0,0,0,0,0x0b
2026-09-06T20:31:54.120,65535,0,2,51,0,0,0,0,0,0,0x0b
2026-09-06T20:31:54.185,65535,0,2,50,0,0,0,0,0,0,0x0b
2026-09-06T20:31:54.250,65535,0,2,50,0,0,0,0,0,0,0x0b
2026-09-06T20:31:54.331,65535,0,2,51,0,0,0,0,0,0,0x0b
2026-09-06T20:31:54.396,65535,0,2,52,0,0,0,0,0,0,0x0b
2026-09-06T20:31:54.461,65535,0,2,50,0,0,0,0,0,0,0x0b
2026-09-06T20:31:54.526,65535,0,2,51,0,0,0,0,0,0,0x0b
2026-09-06T20:31:54.591,65535,0,2,52,0,0,0,0,0,0,0x0b
2026-09-06T20:31:54.656,65535,0,2,52,0,0,0,0,0,0,0x0b
2026-09-06T20:31:54.737,65535,0,2,51,0,0,0,0,0,0,0x0b
2026-09-06T20:31:54.801,65535,0,2,52,0,0,0,0,0,0,0x0b
2026-09-06T20:31:54.866,65535,0,2,52,0,0,0,0,0,0,0x0b
2026-09-06T20:31:54.931,65535,0,2,52,0,0,0,0,0,0,0x0b
2026-09-06T20:31:54.997,65535,0,2,50,0,0,0,0,0,0,0x0b
2026-09-06T20:31:55.062,65535,0,2,51,0,0,0,0,0,0,0x0b
2026-09-06T20:31:55.127,65535,0,2,51,0,0,0,0,0,0,0x0b
2026-09-06T20:31:55.192,65535,0,2,51,0,0,0,0,0,0,0x0b
2026-09-06T20:31:55.258,65535,0,2,50,0,0,0,0,0,0,0x0b
2026-09-06T20:31:55.323,65535,0,2,50,0,0,0,0,0,0,0x0b
2026-09-06T20:31:55.404,65535,0,2,51,0,0,0,0,0,0,0x0b
2026-09-06T20:31:55.470,65535,0,2,51,0,0,0,0,0,0,0x0b
2026-09-06T20:31:55.535,65535,0,2,50,0,0,0,0,0,0,0x0b
2026-09-06T20:31:55.600,65535,0,2,50,0,0,0,0,0,0,0x0b
2026-09-06T20:31:55.664,65535,0,2,51,0,0,0,0,0,0,0x0b
2026-09-06T20:31:55.729,65535,0,2,54,0,0,0,0,0,0,0x0b
2026-09-06T20:31:55.793,65535,0,2,51,0,0,0,0,0,0,0x0b
2026-09-06T20:31:55.858,65535,0,2,50,0,0,0,0,0,0,0x0b
2026-09-06T20:31:55.939,65535,0,2,52,0,0,0,0,0,0,0x0b
2026-09-06T20:31:56.004,65535,0,2,51,0,0,0,0,0,0,0x0b
2026-09-06T20:31:56.070,65535,0,2,50,0,0,0,0,0,0,0x0b
2026-09-06T20:31:56.135,65535,0,2,51,0,0,0,0,0,0,0x0b
2026-09-06T20:31:56.201,65535,0,2,51,0,0,0,0,0,0,0x0b
2026-09-06T20:31:56.266,65535,0,2,51,0,0,0,0,0,0,0x0b
2026-09-06T20:31:56.330,65535,0,2,50,0,0,0,0,0,0,0x0b
2026-09-06T20:31:56.395,65535,0,2,52,0,0,0,0,0,0,0x0b
2026-09-06T20:31:56.476,65535,0,2,51,0,0,0,0,0,0,0x0b
2026-09-06T20:31:56.541,65535,0,2,52,0,0,0,0,0,0,0x0b
2026-09-06T20:31:56.606,65535,0,2,50,0,0,0,0,0,0,0x0b
2026-09-06T20:31:56.672,65535,0,2,50,0,0,0,0,0,0,0x0b
2026-09-06T20:31:56.737,65535,0,2,51,0,0,0,0,0,0,0x0b
2026-09-06T20:31:56.802,65535,0,2,50,0,0,0,0,0,0,0x0b
2026-09-06T20:31:56.867,65535,0,2,51,0,0,0,0,0,0,0x0b
2026-09-06T20:31:56.931,65535,0,2,51,0,0,0,0,0,0,0x0b
2026-09-06T20:31:57.012,65535,0,2,50,0,0,0,0,0,0,0x0b
2026-09-06T20:31:57.078,65535,0,2,52,0,0,0,0,0,0,0x0b
2026-09-06T20:31:57.143,65535,0,2,51,0,0,0,0,0,0,0x0b
2026-09-06T20:31:57.208,65535,0,2,54,0,0,0,0,0,0,0x0b
2026-09-06T20:31:57.273,65535,0,2,52,0,0,0,0,0,0,0x0b
2026-09-06T20:31:57.339,65535,0,2,51,0,0,0,0,0,0,0x0b
2026-09-06T20:31:57.403,65535,0,2,51,0,0,0,0,0,0,0x0b
2026-09-06T20:31:57.468,65535,0,2,52,0,0,0,0,0,0,0x0b
2026-09-06T20:31:57.550,65535,0,2,51,0,0,0,0,0,0,0x0b
2026-09-06T20:31:57.614,65535,0,2,51,0,0,0,0,0,0,0x0b
2026-09-06T20:31:57.678,65535,0,2,51,0,0,0,0,0,0,0x0b
2026-09-06T20:31:57.744,65535,0,2,51,0,0,0,0,0,0,0x0b
2026-09-06T20:31:57.809,65535,0,2,50,0,0,0,0,0,0,0x0b
2026-09-06T20:31:57.874,65535,0,2,52,0,0,0,0,0,0,0x0b
2026-09-06T20:31:57.939,65535,0,2,52,0,0,0,0,0,0,0x0b
2026-09-06T20:31:58.004,65535,0,2,51,0,0,0,0,0,0,0x0b
2026-09-06T20:31:58.086,65535,0,2,51,0,0,0,0,0,0,0x0b
2026-09-06T20:31:58.135,65535,0,2,51,0,0,0,0,0,0,0x0b
2026-09-06T20:31:58.216,65535,0,2,50,0,0,0,0,0,0,0x0b
2026-09-06T20:31:58.281,65535,0,2,51,0,0,0,0,0,0,0x0b
2026-09-06T20:31:58.346,65535,0,2,50,0,0,0,0,0,0,0x0b
2026-09-06T20:31:58.410,65535,0,2,52,0,0,0,0,0,0,0x0b
2026-09-06T20:31:58.475,65535,0,2,51,0,0,0,0,0,0,0x0b
2026-09-06T20:31:58.540,65535,0,2,51,0,0,0,0,0,0,0x0b
2026-09-06T20:31:58.605,65535,0,2,51,0,0,0,0,0,0,0x0b
2026-09-06T20:31:58.670,65535,0,2,52,0,0,0,0,0,0,0x0b
2026-09-06T20:31:58.751,65535,0,2,51,0,0,0,0,0,0,0x0b
2026-09-06T20:31:58.816,65535,0,2,50,0,0,0,0,0,0,0x0b
2026-09-06T20:31:58.881,65535,0,2,52,0,0,0,0,0,0,0x0b
2026-09-06T20:31:58.946,65535,0,2,52,0,0,0,0,0,0,0x0b
2026-09-06T20:31:59.011,65535,0,2,50,0,0,0,0,0,0,0x0b
2026-09-06T20:31:59.076,65535,0,2,51,0,0,0,0,0,0,0x0b
2026-09-06T20:31:59.141,65535,0,2,51,0,0,0,0,0,0,0x0b
2026-09-06T20:31:59.206,65535,0,2,50,0,0,0,0,0,0,0x0b
2026-09-06T20:31:59.287,65535,0,2,50,0,0,0,0,0,0,0x0b
2026-09-06T20:31:59.352,65535,0,2,52,0,0,0,0,0,0,0x0b
2026-09-06T20:31:59.417,65535,0,2,51,0,0,0,0,0,0,0x0b
2026-09-06T20:31:59.482,65535,0,2,50,0,0,0,0,0,0,0x0b
2026-09-06T20:31:59.547,65535,0,2,51,0,0,0,0,0,0,0x0b
2026-09-06T20:31:59.612,65535,0,2,51,0,0,0,0,0,0,0x0b
2026-09-06T20:31:59.677,65535,0,2,51,0,0,0,0,0,0,0x0b
2026-09-06T20:31:59.742,65535,0,2,50,0,0,0,0,0,0,0x0b
2026-09-06T20:31:59.824,65535,0,2,50,0,0,0,0,0,0,0x0b
2026-09-06T20:31:59.889,65535,0,2,51,0,0,0,0,0,0,0x0b
2026-09-06T20:31:59.954,65535,0,2,50,0,0,0,0,0,0,0x0b
2026-09-06T20:32:00.019,65535,0,2,51,0,0,0,0,0,0,0x0b
2026-09-06T20:32:00.084,65535,0,2,51,0,0,0,0,0,0,0x0b
2026-09-06T20:32:00.148,65535,0,2,50,0,0,0,0,0,0,0x0b
2026-09-06T20:32:00.214,65535,0,2,53,0,0,0,0,0,0,0x0b
2026-09-06T20:32:00.279,65535,0,2,52,0,0,0,0,0,0,0x0b
2026-09-06T20:32:00.361,65535,0,2,52,0,0,0,0,0,0,0x0b
2026-09-06T20:32:00.410,65535,0,2,51,0,0,0,0,0,0,0x0b
2026-09-06T20:32:00.491,65535,0,2,53,0,0,0,0,0,0,0x0b
2026-09-06T20:32:00.556,65535,0,2,50,0,0,0,0,0,0,0x0b
2026-09-06T20:32:00.620,65535,0,2,50,0,0,0,0,0,0,0x0b
2026-09-06T20:32:00.686,65535,0,2,50,0,0,0,0,0,0,0x0b
2026-09-06T20:32:00.750,65535,0,2,50,0,0,0,0,0,0,0x0b
2026-09-06T20:32:00.815,65535,0,2,51,0,0,0,0,0,0,0x0b
2026-09-06T20:32:00.897,65535,0,2,54,0,0,0,0,0,0,0x0b
2026-09-06T20:32:00.945,65535,0,2,51,0,0,0,0,0,0,0x0b
2026-09-06T20:32:01.027,65535,0,2,50,0,0,0,0,0,0,0x0b
2026-09-06T20:32:01.092,65535,0,2,51,0,0,0,0,0,0,0x0b
2026-09-06T20:32:01.157,65535,0,2,51,0,0,0,0,0,0,0x0b
2026-09-06T20:32:01.223,65535,0,2,52,0,0,0,0,0,0,0x0b
2026-09-06T20:32:01.288,65535,0,2,52,0,0,0,0,0,0,0x0b
2026-09-06T20:32:01.352,65535,0,2,50,0,0,0,0,0,0,0x0b
2026-09-06T20:32:01.432,65535,0,2,52,0,0,0,0,0,0,0x0b
2026-09-06T20:32:01.497,65535,0,2,51,0,0,0,0,0,0,0x0b
2026-09-06T20:32:01.562,65535,0,2,53,0,0,0,0,0,0,0x0b
2026-09-06T20:32:01.626,65535,0,2,51,0,0,0,0,0,0,0x0b
2026-09-06T20:32:01.691,65535,0,2,51,0,0,0,0,0,0,0x0b
2026-09-06T20:32:01.756,65535,0,2,50,0,0,0,0,0,0,0x0b
2026-09-06T20:32:01.822,65535,0,2,52,0,0,0,0,0,0,0x0b
2026-09-06T20:32:01.902,65535,0,2,50,0,0,0,0,0,0,0x0b
2026-09-06T20:32:01.951,65535,0,2,50,0,0,0,0,0,0,0x0b
2026-09-06T20:32:02.032,65535,0,2,50,0,0,0,0,0,0,0x0b
2026-09-06T20:32:02.097,65535,0,2,52,0,0,0,0,0,0,0x0b
2026-09-06T20:32:02.161,65535,0,2,52,0,0,0,0,0,0,0x0b
2026-09-06T20:32:02.226,65535,0,2,50,0,0,0,0,0,0,0x0b
2026-09-06T20:32:02.291,65535,0,2,50,0,0,0,0,0,0,0x0b
2026-09-06T20:32:02.356,65535,0,2,51,0,0,0,0,0,0,0x0b
2026-09-06T20:32:02.437,65535,0,2,50,0,0,0,0,0,0,0x0b
2026-09-06T20:32:02.486,65535,0,2,50,0,0,0,0,0,0,0x0b
2026-09-06T20:32:02.567,65535,0,2,51,0,0,0,0,0,0,0x0b
2026-09-06T20:32:02.633,65535,0,2,52,0,0,0,0,0,0,0x0b
2026-09-06T20:32:02.698,65535,0,2,50,0,0,0,0,0,0,0x0b
2026-09-06T20:32:02.763,65535,0,2,50,0,0,0,0,0,0,0x0b
2026-09-06T20:32:02.828,65535,0,2,50,0,0,0,0,0,0,0x0b
2026-09-06T20:32:02.893,65535,0,2,51,0,0,0,0,0,0,0x0b
2026-09-06T20:32:02.958,65535,0,2,51,0,0,0,0,0,0,0x0b
2026-09-06T20:32:03.023,65535,0,2,52,0,0,0,0,0,0,0x0b
2026-09-06T20:32:03.104,65535,0,2,51,0,0,0,0,0,0,0x0b
2026-09-06T20:32:03.169,65535,0,2,52,0,0,0,0,0,0,0x0b
2026-09-06T20:32:03.234,65535,0,2,51,0,0,0,0,0,0,0x0b
2026-09-06T20:32:03.299,65535,0,2,50,0,0,0,0,0,0,0x0b
2026-09-06T20:32:03.364,65535,0,2,51,0,0,0,0,0,0,0x0b
2026-09-06T20:32:03.429,65535,0,2,52,0,0,0,0,0,0,0x0b
2026-09-06T20:32:03.494,65535,0,2,52,0,0,0,0,0,0,0x0b
2026-09-06T20:32:03.559,65535,0,2,51,0,0,0,0,0,0,0x0b
2026-09-06T20:32:03.641,65535,0,2,50,0,0,0,0,0,0,0x0b
2026-09-06T20:32:03.705,65535,0,2,50,0,0,0,0,0,0,0x0b
2026-09-06T20:32:03.771,65535,0,2,50,0,0,0,0,0,0,0x0b
2026-09-06T20:32:03.837,65535,0,2,50,0,0,0,0,0,0,0x0b
2026-09-06T20:32:03.901,65535,0,2,51,0,0,0,0,0,0,0x0b
2026-09-06T20:32:03.966,65535,0,2,52,0,0,0,0,0,0,0x0b
2026-09-06T20:32:04.031,65535,0,2,52,0,0,0,0,0,0,0x0b
2026-09-06T20:32:04.096,65535,0,2,51,0,0,0,0,0,0,0x0b
2026-09-06T20:32:04.177,65535,0,2,52,0,0,0,0,0,0,0x0b
2026-09-06T20:32:04.242,65535,0,2,52,0,0,0,0,0,0,0x0b
2026-09-06T20:32:04.307,65535,0,2,51,0,0,0,0,0,0,0x0b
2026-09-06T20:32:04.372,65535,0,2,51,0,0,0,0,0,0,0x0b
2026-09-06T20:32:04.437,65535,0,2,50,0,0,0,0,0,0,0x0b
2026-09-06T20:32:04.502,65535,0,2,52,0,0,0,0,0,0,0x0b
2026-09-06T20:32:04.567,65535,0,2,50,0,0,0,0,0,0,0x0b
2026-09-06T20:32:04.633,65535,0,2,52,0,0,0,0,0,0,0x0b
2026-09-06T20:32:04.698,65535,0,2,51,0,0,0,0,0,0,0x0b
2026-09-06T20:32:04.779,65535,0,2,50,0,0,0,0,0,0,0x0b
2026-09-06T20:32:04.844,65535,0,2,52,0,0,0,0,0,0,0x0b
2026-09-06T20:32:04.909,65535,0,2,51,0,0,0,0,0,0,0x0b
2026-09-06T20:32:04.974,65535,0,2,50,0,0,0,0,0,0,0x0b
2026-09-06T20:32:05.039,65535,0,2,51,0,0,0,0,0,0,0x0b
2026-09-06T20:32:05.105,65535,0,2,52,0,0,0,0,0,0,0x0b
2026-09-06T20:32:05.170,65535,0,2,50,0,0,0,0,0,0,0x0b
2026-09-06T20:32:05.235,65535,0,2,52,0,0,0,0,0,0,0x0b
2026-09-06T20:32:05.300,65535,0,2,51,0,0,0,0,0,0,0x0b
2026-09-06T20:32:05.381,65535,0,2,51,0,0,0,0,0,0,0x0b
2026-09-06T20:32:05.446,65535,0,2,50,0,0,0,0,0,0,0x0b
2026-09-06T20:32:05.511,65535,0,2,52,0,0,0,0,0,0,0x0b
2026-09-06T20:32:05.577,65535,0,2,53,0,0,0,0,0,0,0x0b
2026-09-06T20:32:05.642,65535,0,2,50,0,0,0,0,0,0,0x0b
2026-09-06T20:32:05.707,65535,0,2,51,0,0,0,0,0,0,0x0b
2026-09-06T20:32:05.773,65535,0,2,52,0,0,0,0,0,0,0x0b
2026-09-06T20:32:05.838,65535,0,2,50,0,0,0,0,0,0,0x0b
2026-09-06T20:32:05.903,65535,0,2,51,0,0,0,0,0,0,0x0b
2026-09-06T20:32:05.984,65535,0,2,50,0,0,0,0,0,0,0x0b
2026-09-06T20:32:06.048,65535,0,2,52,0,0,0,0,0,0,0x0b
2026-09-06T20:32:06.113,65535,0,2,50,0,0,0,0,0,0,0x0b
2026-09-06T20:32:06.179,65535,0,2,51,0,0,0,0,0,0,0x0b
2026-09-06T20:32:06.244,65535,0,2,50,0,0,0,0,0,0,0x0b
2026-09-06T20:32:06.309,65535,0,2,51,0,0,0,0,0,0,0x0b
2026-09-06T20:32:06.375,65535,0,2,51,0,0,0,0,0,0,0x0b
2026-09-06T20:32:06.439,65535,0,2,52,0,0,0,0,0,0,0x0b
2026-09-06T20:32:06.520,65535,0,2,50,0,0,0,0,0,0,0x0b
2026-09-06T20:32:06.585,65535,0,2,51,0,0,0,0,0,0,0x0b
2026-09-06T20:32:06.650,65535,0,2,50,0,0,0,0,0,0,0x0b
2026-09-06T20:32:06.715,65535,0,2,50,0,0,0,0,0,0,0x0b
2026-09-06T20:32:06.780,65535,0,2,51,0,0,0,0,0,0,0x0b
2026-09-06T20:32:06.846,65535,0,2,50,0,0,0,0,0,0,0x0b
2026-09-06T20:32:06.911,65535,0,2,51,0,0,0,0,0,0,0x0b
2026-09-06T20:32:06.976,65535,0,2,52,0,0,0,0,0,0,0x0b
2026-09-06T20:32:07.057,65535,0,2,51,0,0,0,0,0,0,0x0b
2026-09-06T20:32:07.106,65535,0,2,52,0,0,0,0,0,0,0x0b
2026-09-06T20:32:07.187,65535,0,2,51,0,0,0,0,0,0,0x0b
2026-09-06T20:32:07.253,65535,0,2,51,0,0,0,0,0,0,0x0b
2026-09-06T20:32:07.317,65535,0,2,50,0,0,0,0,0,0,0x0b
2026-09-06T20:32:07.382,65535,0,2,51,0,0,0,0,0,0,0x0b
2026-09-06T20:32:07.447,65535,0,2,51,0,0,0,0,0,0,0x0b
2026-09-06T20:32:07.512,65535,0,2,51,0,0,0,0,0,0,0x0b
2026-09-06T20:32:07.578,65535,0,2,50,0,0,0,0,0,0,0x0b
2026-09-06T20:32:07.643,65535,0,2,52,0,0,0,0,0,0,0x0b
2026-09-06T20:32:07.724,65535,0,2,52,0,0,0,0,0,0,0x0b
2026-09-06T20:32:07.789,65535,0,2,50,0,0,0,0,0,0,0x0b
2026-09-06T20:32:07.854,65535,0,2,52,0,0,0,0,0,0,0x0b
2026-09-06T20:32:07.919,65535,0,2,51,0,0,0,0,0,0,0x0b
2026-09-06T20:32:07.984,65535,0,2,51,0,0,0,0,0,0,0x0b
2026-09-06T20:32:08.049,65535,0,2,51,0,0,0,0,0,0,0x0b
2026-09-06T20:32:08.114,65535,0,2,50,0,0,0,0,0,0,0x0b
2026-09-06T20:32:08.179,65535,0,2,51,0,0,0,0,0,0,0x0b
2026-09-06T20:32:08.261,65535,0,2,50,0,0,0,0,0,0,0x0b
2026-09-06T20:32:08.325,65535,0,2,50,0,0,0,0,0,0,0x0b
2026-09-06T20:32:08.390,65535,0,2,51,0,0,0,0,0,0,0x0b
2026-09-06T20:32:08.455,65535,0,2,50,0,0,0,0,0,0,0x0b
2026-09-06T20:32:08.521,65535,0,2,51,0,0,0,0,0,0,0x0b
2026-09-06T20:32:08.585,65535,0,2,52,0,0,0,0,0,0,0x0b
2026-09-06T20:32:08.650,65535,0,2,51,0,0,0,0,0,0,0x0b
2026-09-06T20:32:08.714,65535,0,2,52,0,0,0,0,0,0,0x0b
2026-09-06T20:32:08.796,65535,0,2,51,0,0,0,0,0,0,0x0b
2026-09-06T20:32:08.861,65535,0,2,51,0,0,0,0,0,0,0x0b
2026-09-06T20:32:08.926,65535,0,2,51,0,0,0,0,0,0,0x0b
2026-09-06T20:32:08.992,65535,0,2,52,0,0,0,0,0,0,0x0b
2026-09-06T20:32:09.057,65535,0,2,51,0,0,0,0,0,0,0x0b
2026-09-06T20:32:09.123,65535,0,2,50,0,0,0,0,0,0,0x0b
2026-09-06T20:32:09.188,65535,0,2,51,0,0,0,0,0,0,0x0b
2026-09-06T20:32:09.253,65535,0,2,51,0,0,0,0,0,0,0x0b
2026-09-06T20:32:09.318,65535,0,2,51,0,0,0,0,0,0,0x0b
2026-09-06T20:32:09.400,65535,0,2,52,0,0,0,0,0,0,0x0b
2026-09-06T20:32:09.465,65535,0,2,50,0,0,0,0,0,0,0x0b
2026-09-06T20:32:09.530,65535,0,2,51,0,0,0,0,0,0,0x0b
2026-09-06T20:32:09.595,65535,0,2,50,0,0,0,0,0,0,0x0b
2026-09-06T20:32:09.660,65535,0,2,50,0,0,0,0,0,0,0x0b
2026-09-06T20:32:09.725,65535,0,2,52,0,0,0,0,0,0,0x0b
2026-09-06T20:32:09.790,65535,0,2,52,0,0,0,0,0,0,0x0b
2026-09-06T20:32:09.856,65535,0,2,52,0,0,0,0,0,0,0x0b
2026-09-06T20:32:09.921,65535,0,2,51,0,0,0,0,0,0,0x0b
2026-09-06T20:32:09.987,65535,0,2,51,0,0,0,0,0,0,0x0b
2026-09-06T20:32:10.067,65535,0,2,51,0,0,0,0,0,0,0x0b
2026-09-06T20:32:10.131,65535,0,2,51,0,0,0,0,0,0,0x0b
2026-09-06T20:32:10.197,65535,0,2,51,0,0,0,0,0,0,0x0b
2026-09-06T20:32:10.261,65535,0,2,51,0,0,0,0,0,0,0x0b
2026-09-06T20:32:10.326,65535,0,2,52,0,0,0,0,0,0,0x0b
2026-09-06T20:32:10.390,65535,0,2,52,0,0,0,0,0,0,0x0b
2026-09-06T20:32:10.456,65535,0,2,50,0,0,0,0,0,0,0x0b
2026-09-06T20:32:10.537,65535,0,2,50,0,0,0,0,0,0,0x0b
2026-09-06T20:32:10.602,65535,0,2,52,0,0,0,0,0,0,0x0b
2026-09-06T20:32:10.667,65535,0,2,51,0,0,0,0,0,0,0x0b
2026-09-06T20:32:10.732,65535,0,2,51,0,0,0,0,0,0,0x0b
2026-09-06T20:32:10.796,65535,0,2,50,0,0,0,0,0,0,0x0b
2026-09-06T20:32:10.861,65535,0,2,50,0,0,0,0,0,0,0x0b
2026-09-06T20:32:10.927,65535,0,2,50,0,0,0,0,0,0,0x0b
2026-09-06T20:32:10.991,65535,0,2,50,0,0,0,0,0,0,0x0b
2026-09-06T20:32:11.072,65535,0,2,50,0,0,0,0,0,0,0x0b
2026-09-06T20:32:11.137,65535,0,2,50,0,0,0,0,0,0,0x0b
2026-09-06T20:32:11.202,65535,0,2,50,0,0,0,0,0,0,0x0b
2026-09-06T20:32:11.266,65535,0,2,51,0,0,0,0,0,0,0x0b
2026-09-06T20:32:11.331,65535,0,2,52,0,0,0,0,0,0,0x0b
2026-09-06T20:32:11.396,65535,0,2,51,0,0,0,0,0,0,0x0b
2026-09-06T20:32:11.477,65535,0,2,50,0,0,0,0,0,0,0x0b
2026-09-06T20:32:11.541,65535,0,2,50,0,0,0,0,0,0,0x0b
2026-09-06T20:32:11.606,65535,0,2,50,0,0,0,0,0,0,0x0b
2026-09-06T20:32:11.671,65535,0,2,52,0,0,0,0,0,0,0x0b
2026-09-06T20:32:11.735,65535,0,2,50,0,0,0,0,0,0,0x0b
2026-09-06T20:32:11.800,65535,0,2,50,0,0,0,0,0,0,0x0b
2026-09-06T20:32:11.865,65535,0,2,50,0,0,0,0,0,0,0x0b
2026-09-06T20:32:11.930,65535,0,2,52,0,0,0,0,0,0,0x0b
2026-09-06T20:32:11.995,65535,0,2,50,0,0,0,0,0,0,0x0b
2026-09-06T20:32:12.076,65535,0,2,52,0,0,0,0,0,0,0x0b
2026-09-06T20:32:12.141,65535,0,2,52,0,0,0,0,0,0,0x0b
2026-09-06T20:32:12.206,65535,0,2,51,0,0,0,0,0,0,0x0b
2026-09-06T20:32:12.271,65535,0,2,50,0,0,0,0,0,0,0x0b
2026-09-06T20:32:12.336,65535,0,2,51,0,0,0,0,0,0,0x0b
2026-09-06T20:32:12.401,65535,0,2,50,0,0,0,0,0,0,0x0b
2026-09-06T20:32:12.466,65535,0,2,51,0,0,0,0,0,0,0x0b
2026-09-06T20:32:12.531,65535,0,2,51,0,0,0,0,0,0,0x0b
2026-09-06T20:32:12.612,65535,0,2,51,0,0,0,0,0,0,0x0b
2026-09-06T20:32:12.678,65535,0,2,50,0,0,0,0,0,0,0x0b
2026-09-06T20:32:12.743,65535,0,2,50,0,0,0,0,0,0,0x0b
2026-09-06T20:32:12.808,65535,0,2,51,0,0,0,0,0,0,0x0b
2026-09-06T20:32:12.873,65535,0,2,52,0,0,0,0,0,0,0x0b
2026-09-06T20:32:12.938,65535,0,2,50,0,0,0,0,0,0,0x0b
2026-09-06T20:32:13.004,65535,0,2,50,0,0,0,0,0,0,0x0b
2026-09-06T20:32:13.069,65535,0,2,51,0,0,0,0,0,0,0x0b
2026-09-06T20:32:13.134,65535,0,2,50,0,0,0,0,0,0,0x0b
2026-09-06T20:32:13.216,65535,0,2,51,0,0,0,0,0,0,0x0b
2026-09-06T20:32:13.280,65535,0,2,53,0,0,0,0,0,0,0x0b
2026-09-06T20:32:13.345,65535,0,2,51,0,0,0,0,0,0,0x0b
2026-09-06T20:32:13.411,65535,0,2,51,0,0,0,0,0,0,0x0b
2026-09-06T20:32:13.476,65535,0,2,51,0,0,0,0,0,0,0x0b
2026-09-06T20:32:13.541,65535,0,2,50,0,0,0,0,0,0,0x0b
2026-09-06T20:32:13.605,65535,0,2,51,0,0,0,0,0,0,0x0b
2026-09-06T20:32:13.671,65535,0,2,51,0,0,0,0,0,0,0x0b
2026-09-06T20:32:13.752,65535,0,2,52,0,0,0,0,0,0,0x0b
2026-09-06T20:32:13.817,65535,0,2,50,0,0,0,0,0,0,0x0b
2026-09-06T20:32:13.881,65535,0,2,51,0,0,0,0,0,0,0x0b
2026-09-06T20:32:13.946,65535,0,2,52,0,0,0,0,0,0,0x0b
2026-09-06T20:32:14.011,65535,0,2,51,0,0,0,0,0,0,0x0b
2026-09-06T20:32:14.077,65535,0,2,51,0,0,0,0,0,0,0x0b
2026-09-06T20:32:14.142,65535,0,2,50,0,0,0,0,0,0,0x0b
2026-09-06T20:32:14.207,65535,0,2,52,0,0,0,0,0,0,0x0b
2026-09-06T20:32:14.288,65535,0,2,51,0,0,0,0,0,0,0x0b
2026-09-06T20:32:14.337,65535,0,2,51,0,0,0,0,0,0,0x0b
2026-09-06T20:32:14.418,65535,0,2,50,0,0,0,0,0,0,0x0b
2026-09-06T20:32:14.483,65535,0,2,50,0,0,0,0,0,0,0x0b
2026-09-06T20:32:14.548,65535,0,2,52,0,0,0,0,0,0,0x0b
2026-09-06T20:32:14.613,65535,0,2,50,0,0,0,0,0,0,0x0b
2026-09-06T20:32:14.678,65535,0,2,50,0,0,0,0,0,0,0x0b
2026-09-06T20:32:14.743,65535,0,2,53,0,0,0,0,0,0,0x0b
2026-09-06T20:32:14.824,65535,0,2,52,0,0,0,0,0,0,0x0b
2026-09-06T20:32:14.889,65535,0,2,51,0,0,0,0,0,0,0x0b
2026-09-06T20:32:14.954,65535,0,2,51,0,0,0,0,0,0,0x0b
2026-09-06T20:32:15.018,65535,0,2,51,0,0,0,0,0,0,0x0b
2026-09-06T20:32:15.067,65535,0,2,50,0,0,0,0,0,0,0x0b
