timestamp,sequence,team,robot_id,interval_ms,left_target_eps,left_measured_eps,left_duty,right_target_eps,right_measured_eps,right_duty,flags
2026-09-06T13:51:48.086-03:00,20,0,2,52,0,0,0,0,0,0,0x03
2026-09-06T13:51:48.184-03:00,1,0,2,52,0,0,10043,0,0,9854,0x07
2026-09-06T13:51:48.284-03:00,2,0,2,50,0,0,10043,0,0,9854,0x07
2026-09-06T13:51:48.386-03:00,3,0,2,50,1012,320,14299,1050,280,14686,0x07
2026-09-06T13:51:48.485-03:00,4,0,2,51,1012,431,14998,1050,294,16248,0x07
2026-09-06T13:51:48.584-03:00,5,0,2,50,1012,540,15478,1050,400,17200,0x07
2026-09-06T13:51:48.685-03:00,6,0,2,50,1012,580,16073,1050,480,18100,0x07
2026-09-06T13:51:48.786-03:00,7,0,2,51,1012,627,16566,1050,588,18662,0x07
2026-09-06T13:51:48.887-03:00,8,0,2,51,1012,647,17124,1050,784,18430,0x07
2026-09-06T13:51:48.982-03:00,9,0,2,51,1012,784,16988,1050,824,18786,0x07
2026-09-06T13:51:49.083-03:00,10,0,2,56,1012,911,16704,1050,857,19070,0x07
2026-09-06T13:51:49.182-03:00,11,0,2,51,1012,961,16538,1050,843,19340,0x07
2026-09-06T13:51:49.283-03:00,12,0,2,51,1012,1020,16309,1050,980,18958,0x07
2026-09-06T13:51:49.383-03:00,13,0,2,50,1012,1060,16089,1050,1040,18765,0x07
2026-09-06T13:51:49.426-03:00,14,0,2,50,1012,1060,16040,1050,1020,18931,0x07
2026-09-06T13:51:49.470-03:00,15,0,2,50,1012,1000,16246,1050,1060,18703,0x07
2026-09-06T13:51:49.513-03:00,16,0,2,51,0,0,0,0,0,0,0x03
2026-09-06T13:51:49.557-03:00,17,0,2,51,0,0,0,0,0,0,0x03
2026-09-06T13:51:49.601-03:00,18,0,2,50,0,0,0,0,0,0,0x03
