timestamp,sequence,team,robot_id,interval_ms,left_target_eps,left_measured_eps,left_duty,right_target_eps,right_measured_eps,right_duty,flags
2026-09-06T15:25:45.228-03:00,53,0,0,51,0,0,0,0,0,0,0x03
2026-09-06T15:25:45.246-03:00,54,0,0,51,0,0,0,0,0,0,0x03
2026-09-06T15:25:45.264-03:00,55,0,0,50,0,0,0,0,0,0,0x03
2026-09-06T15:25:45.287-03:00,55,0,0,50,0,0,0,0,0,0,0x03
2026-09-06T15:25:45.305-03:00,55,0,0,50,0,0,0,0,0,0,0x03
2026-09-06T15:25:45.328-03:00,55,0,0,52,0,0,0,0,0,0,0x03
2026-09-06T15:25:45.346-03:00,55,0,0,52,0,0,0,0,0,0,0x03
2026-09-06T15:25:45.366-03:00,55,0,0,52,0,0,0,0,0,0,0x03
2026-09-06T15:25:45.387-03:00,55,0,0,52,0,0,0,0,0,0,0x03
2026-09-06T15:25:45.405-03:00,55,0,0,52,0,0,0,0,0,0,0x03
2026-09-06T15:25:45.425-03:00,8,0,0,50,0,0,30741,0,0,0,0x07
2026-09-06T15:25:45.448-03:00,9,0,0,50,0,0,30741,0,0,0,0x07
2026-09-06T15:25:45.465-03:00,10,0,0,51,3374,627,40000,0,0,0,0x07
2026-09-06T15:25:45.488-03:00,11,0,0,51,3374,627,40000,0,0,0,0x07
2026-09-06T15:25:45.508-03:00,12,0,0,51,3374,627,40000,0,0,0,0x07
2026-09-06T15:25:45.526-03:00,13,0,0,52,3374,58,40000,0,0,0,0x07
2026-09-06T15:25:45.546-03:00,14,0,0,52,3374,58,40000,0,0,0,0x07
2026-09-06T15:25:45.564-03:00,15,0,0,52,3374,58,40000,0,0,0,0x07
2026-09-06T15:25:45.606-03:00,16,0,0,53,3374,0,40000,0,0,0,0x07
2026-09-06T15:25:45.606-03:00,17,0,0,53,3374,0,40000,0,0,0,0x07
2026-09-06T15:25:45.624-03:00,18,0,0,57,3374,0,40000,0,0,0,0x07
2026-09-06T15:25:45.648-03:00,19,0,0,57,3374,0,40000,0,0,0,0x07
2026-09-06T15:25:45.664-03:00,20,0,0,57,3374,0,40000,0,0,0,0x07
2026-09-06T15:25:45.686-03:00,21,0,0,52,3374,0,40000,0,0,0,0x07
2026-09-06T15:25:45.707-03:00,22,0,0,52,3374,0,40000,0,0,0,0x07
2026-09-06T15:25:45.727-03:00,23,0,0,52,3374,0,40000,0,0,0,0x07
2026-09-06T15:25:45.747-03:00,24,0,0,51,3374,0,40000,0,0,0,0x07
2026-09-06T15:25:45.767-03:00,25,0,0,51,3374,0,40000,0,0,0,0x07
2026-09-06T15:25:45.785-03:00,26,0,0,50,3374,0,40000,0,0,0,0x07
2026-09-06T15:25:45.808-03:00,27,0,0,50,3374,0,40000,0,0,0,0x07
2026-09-06T15:25:45.867-03:00,28,0,0,50,3374,0,40000,0,0,0,0x07
2026-09-06T15:25:45.867-03:00,29,0,0,51,3374,0,40000,0,0,0,0x07
2026-09-06T15:25:45.886-03:00,30,0,0,53,3374,0,40000,0,0,0,0x07
2026-09-06T15:25:45.904-03:00,31,0,0,53,3374,0,40000,0,0,0,0x07
2026-09-06T15:25:45.927-03:00,33,0,0,53,3374,0,40000,0,0,0,0x07
2026-09-06T15:25:45.945-03:00,34,0,0,50,3374,0,40000,0,0,0,0x07
2026-09-06T15:25:45.967-03:00,35,0,0,50,3374,0,40000,0,0,0,0x07
2026-09-06T15:25:45.984-03:00,36,0,0,51,3374,0,40000,0,0,0,0x07
2026-09-06T15:25:46.008-03:00,37,0,0,51,3374,0,40000,0,0,0,0x07
2026-09-06T15:25:46.026-03:00,38,0,0,51,3374,0,40000,0,0,0,0x07
2026-09-06T15:25:46.044-03:00,39,0,0,52,3374,0,40000,0,0,0,0x07
2026-09-06T15:25:46.066-03:00,40,0,0,52,3374,0,40000,0,0,0,0x07
2026-09-06T15:25:46.085-03:00,41,0,0,50,3374,0,40000,0,0,0,0x07
2026-09-06T15:25:46.104-03:00,42,0,0,50,3374,0,40000,0,0,0,0x07
2026-09-06T15:25:46.127-03:00,43,0,0,50,3374,0,40000,0,0,0,0x07
2026-09-06T15:25:46.145-03:00,44,0,0,55,3374,0,40000,0,0,0,0x07
2026-09-06T15:25:46.164-03:00,45,0,0,55,3374,0,40000,0,0,0,0x07
2026-09-06T15:25:46.186-03:00,46,0,0,55,3374,0,40000,0,0,0,0x07
2026-09-06T15:25:46.204-03:00,47,0,0,51,3374,0,40000,0,0,0,0x07
2026-09-06T15:25:46.248-03:00,48,0,0,51,3374,0,40000,0,0,0,0x07
