timestamp,sequence,team,robot_id,interval_ms,left_target_eps,left_measured_eps,left_duty,right_target_eps,right_measured_eps,right_duty,flags
2026-09-06T20:46:31.046,272,0,1,52,0,0,0,0,0,0,0x03
2026-09-06T20:46:31.083,275,0,2,51,-2405,-941,26964,-1917,-1020,21262,0x07
2026-09-06T20:46:31.083,274,0,1,51,0,0,0,0,0,0,0x03
2026-09-06T20:46:31.148,277,0,2,50,-1936,-1320,19763,-1450,-820,16344,0x07
2026-09-06T20:46:31.148,276,0,1,50,0,0,0,0,0,0,0x03
2026-09-06T20:46:31.213,279,0,2,51,0,0,0,0,0,0,0x03
2026-09-06T20:46:31.213,278,0,1,52,0,0,0,0,0,0,0x03
2026-09-06T20:46:31.278,1,0,2,51,0,0,0,0,0,0,0x03
2026-09-06T20:46:31.278,0,0,1,52,0,0,0,0,0,0,0x03
2026-09-06T20:46:31.343,3,0,2,50,0,0,0,0,0,0,0x03
2026-09-06T20:46:31.343,2,0,1,52,0,0,0,0,0,0,0x03
2026-09-06T20:46:31.409,5,0,2,50,0,0,0,0,0,0,0x03
2026-09-06T20:46:31.409,4,0,1,55,0,0,0,0,0,0,0x03
2026-09-06T20:46:31.474,7,0,2,50,0,0,0,0,0,0,0x03
2026-09-06T20:46:31.474,6,0,1,50,0,0,0,0,0,0,0x03
2026-09-06T20:46:31.539,9,0,2,55,0,0,0,0,0,0,0x03
2026-09-06T20:46:31.539,8,0,1,51,0,0,0,0,0,0,0x03
2026-09-06T20:46:31.621,11,0,2,51,0,0,0,0,0,0,0x03
2026-09-06T20:46:31.621,10,0,1,50,0,0,0,0,0,0,0x03
2026-09-06T20:46:31.686,13,0,2,50,0,0,0,0,0,0,0x03
2026-09-06T20:46:31.686,12,0,1,51,0,0,0,0,0,0,0x03
2026-09-06T20:46:31.751,15,0,2,52,0,0,0,0,0,0,0x03
2026-09-06T20:46:31.751,14,0,1,51,0,0,0,0,0,0,0x03
2026-09-06T20:46:31.815,17,0,2,52,0,0,0,0,0,0,0x03
2026-09-06T20:46:31.816,16,0,1,54,0,0,0,0,0,0,0x03
2026-09-06T20:46:31.881,19,0,2,50,0,0,0,0,0,0,0x03
2026-09-06T20:46:31.881,18,0,1,50,0,0,0,0,0,0,0x03
2026-09-06T20:46:31.946,21,0,2,52,0,0,0,0,0,0,0x03
2026-09-06T20:46:31.946,20,0,1,52,0,0,0,0,0,0,0x03
2026-09-06T20:46:32.011,23,0,2,51,0,0,0,0,0,0,0x03
2026-09-06T20:46:32.011,22,0,1,50,0,0,0,0,0,0,0x03
2026-09-06T20:46:32.076,25,0,2,50,0,0,0,0,0,0,0x03
2026-09-06T20:46:32.076,24,0,1,54,0,0,0,0,0,0,0x03
2026-09-06T20:46:32.156,27,0,2,52,0,0,0,0,0,0,0x03
2026-09-06T20:46:32.156,26,0,1,51,0,0,0,0,0,0,0x03
2026-09-06T20:46:32.221,29,0,2,51,0,0,0,0,0,0,0x03
2026-09-06T20:46:32.221,28,0,1,50,0,0,0,0,0,0,0x03
2026-09-06T20:46:32.286,31,0,2,50,0,0,0,0,0,0,0x03
2026-09-06T20:46:32.286,30,0,1,50,0,0,0,0,0,0,0x03
2026-09-06T20:46:32.352,33,0,2,51,0,0,0,0,0,0,0x03
2026-09-06T20:46:32.352,32,0,1,50,0,0,0,0,0,0,0x03
2026-09-06T20:46:32.417,35,0,2,52,0,0,0,0,0,0,0x03
2026-09-06T20:46:32.417,34,0,1,51,0,0,0,0,0,0,0x03
2026-09-06T20:46:32.482,37,0,2,51,0,0,0,0,0,0,0x03
2026-09-06T20:46:32.482,36,0,1,52,0,0,0,0,0,0,0x03
2026-09-06T20:46:32.547,39,0,2,50,0,0,0,0,0,0,0x03
2026-09-06T20:46:32.547,38,0,1,50,0,0,0,0,0,0,0x03
2026-09-06T20:46:32.612,41,0,2,52,0,0,0,0,0,0,0x03
2026-09-06T20:46:32.613,40,0,1,51,0,0,0,0,0,0,0x03
2026-09-06T20:46:32.677,43,0,2,51,0,0,0,0,0,0,0x03
2026-09-06T20:46:32.678,42,0,1,50,0,0,0,0,0,0,0x03
2026-09-06T20:46:32.742,45,0,2,50,0,0,0,0,0,0,0x03
2026-09-06T20:46:32.742,44,0,1,51,0,0,0,0,0,0,0x03
2026-09-06T20:46:32.823,47,0,2,51,0,0,0,0,0,0,0x03
2026-09-06T20:46:32.823,46,0,1,52,0,0,0,0,0,0,0x03
2026-09-06T20:46:32.888,49,0,2,51,0,0,0,0,0,0,0x03
2026-09-06T20:46:32.888,48,0,1,50,0,0,0,0,0,0,0x03
2026-09-06T20:46:32.953,51,0,2,50,0,0,0,0,0,0,0x03
2026-09-06T20:46:32.953,50,0,1,52,0,0,0,0,0,0,0x03
2026-09-06T20:46:33.018,53,0,2,51,0,0,0,0,0,0,0x03
2026-09-06T20:46:33.018,52,0,1,52,0,0,0,0,0,0,0x03
2026-09-06T20:46:33.083,55,0,2,51,0,0,0,0,0,0,0x03
2026-09-06T20:46:33.083,54,0,1,50,0,0,0,0,0,0,0x03
2026-09-06T20:46:33.147,57,0,2,51,0,0,0,0,0,0,0x03
2026-09-06T20:46:33.147,56,0,1,54,0,0,0,0,0,0,0x03
2026-09-06T20:46:33.213,59,0,2,52,0,0,0,0,0,0,0x03
2026-09-06T20:46:33.213,58,0,1,50,0,0,0,0,0,0,0x03
2026-09-06T20:46:33.278,61,0,2,55,0,0,0,0,0,0,0x03
2026-09-06T20:46:33.278,60,0,1,50,0,0,0,0,0,0,0x03
2026-09-06T20:46:33.359,63,0,2,51,0,0,0,0,0,0,0x03
2026-09-06T20:46:33.359,62,0,1,52,0,0,0,0,0,0,0x03
2026-09-06T20:46:33.424,65,0,2,50,0,0,0,0,0,0,0x03
2026-09-06T20:46:33.424,64,0,1,52,0,0,0,0,0,0,0x03
2026-09-06T20:46:33.489,67,0,2,52,0,0,0,0,0,0,0x03
2026-09-06T20:46:33.489,66,0,1,52,0,0,0,0,0,0,0x03
2026-09-06T20:46:33.554,69,0,2,52,0,0,0,0,0,0,0x03
2026-09-06T20:46:33.554,68,0,1,51,0,0,0,0,0,0,0x03
2026-09-06T20:46:33.619,71,0,2,51,0,0,0,0,0,0,0x03
2026-09-06T20:46:33.619,70,0,1,51,0,0,0,0,0,0,0x03
2026-09-06T20:46:33.684,73,0,2,50,0,0,0,0,0,0,0x03
2026-09-06T20:46:33.684,72,0,1,52,0,0,0,0,0,0,0x03
2026-09-06T20:46:33.748,75,0,2,51,0,0,0,0,0,0,0x03
2026-09-06T20:46:33.748,74,0,1,50,0,0,0,0,0,0,0x03
2026-09-06T20:46:33.813,77,0,2,50,0,0,0,0,0,0,0x03
2026-09-06T20:46:33.813,76,0,1,53,0,0,0,0,0,0,0x03
2026-09-06T20:46:33.894,79,0,2,52,0,0,0,0,0,0,0x03
2026-09-06T20:46:33.894,78,0,1,52,0,0,0,0,0,0,0x03
2026-09-06T20:46:33.959,81,0,2,50,0,0,0,0,0,0,0x03
2026-09-06T20:46:33.959,80,0,1,51,0,0,0,0,0,0,0x03
2026-09-06T20:46:34.024,83,0,2,50,0,0,0,0,0,0,0x03
2026-09-06T20:46:34.024,82,0,1,51,0,0,0,0,0,0,0x03
2026-09-06T20:46:34.089,85,0,2,52,0,0,0,0,0,0,0x03
2026-09-06T20:46:34.089,84,0,1,51,0,0,0,0,0,0,0x03
2026-09-06T20:46:34.154,87,0,2,52,0,0,0,0,0,0,0x03
2026-09-06T20:46:34.154,86,0,1,52,0,0,0,0,0,0,0x03
2026-09-06T20:46:34.220,89,0,2,51,0,0,0,0,0,0,0x03
2026-09-06T20:46:34.220,88,0,1,50,0,0,0,0,0,0,0x03
2026-09-06T20:46:34.285,91,0,2,51,0,0,0,0,0,0,0x03
2026-09-06T20:46:34.285,90,0,1,50,0,0,0,0,0,0,0x03
2026-09-06T20:46:34.366,93,0,2,54,0,0,0,0,0,0,0x03
2026-09-06T20:46:34.366,92,0,1,51,0,0,0,0,0,0,0x03
2026-09-06T20:46:34.431,95,0,2,50,0,0,0,0,0,0,0x03
2026-09-06T20:46:34.431,94,0,1,52,0,0,0,0,0,0,0x03
2026-09-06T20:46:34.495,97,0,2,50,0,0,0,0,0,0,0x03
2026-09-06T20:46:34.495,96,0,1,53,0,0,0,0,0,0,0x03
2026-09-06T20:46:34.560,99,0,2,51,0,0,0,0,0,0,0x03
2026-09-06T20:46:34.560,98,0,1,51,0,0,0,0,0,0,0x03
2026-09-06T20:46:34.625,101,0,2,50,0,0,0,0,0,0,0x03
2026-09-06T20:46:34.625,100,0,1,52,0,0,0,0,0,0,0x03
2026-09-06T20:46:34.690,103,0,2,52,0,0,0,0,0,0,0x03
2026-09-06T20:46:34.690,102,0,1,51,0,0,0,0,0,0,0x03
2026-09-06T20:46:34.755,105,0,2,53,0,0,0,0,0,0,0x03
2026-09-06T20:46:34.755,104,0,1,52,0,0,0,0,0,0,0x03
2026-09-06T20:46:34.820,107,0,2,51,0,0,0,0,0,0,0x03
2026-09-06T20:46:34.820,106,0,1,52,0,0,0,0,0,0,0x03
2026-09-06T20:46:34.901,109,0,2,50,0,0,0,0,0,0,0x03
2026-09-06T20:46:34.901,108,0,1,51,0,0,0,0,0,0,0x03
2026-09-06T20:46:34.966,111,0,2,51,0,0,0,0,0,0,0x03
2026-09-06T20:46:34.966,110,0,1,51,0,0,0,0,0,0,0x03
2026-09-06T20:46:35.031,113,0,2,50,0,0,0,0,0,0,0x03
2026-09-06T20:46:35.031,112,0,1,50,0,0,0,0,0,0,0x03
2026-09-06T20:46:35.096,115,0,2,52,0,0,0,0,0,0,0x03
2026-09-06T20:46:35.096,114,0,1,50,0,0,0,0,0,0,0x03
2026-09-06T20:46:35.161,117,0,2,58,0,0,0,0,0,0,0x03
2026-09-06T20:46:35.161,116,0,1,51,0,0,0,0,0,0,0x03
2026-09-06T20:46:35.226,119,0,2,51,0,0,0,0,0,0,0x03
2026-09-06T20:46:35.226,118,0,1,51,0,0,0,0,0,0,0x03
2026-09-06T20:46:35.291,121,0,2,52,0,0,28028,0,0,30238,0x07
2026-09-06T20:46:35.291,120,0,1,50,0,0,0,0,0,0,0x03
2026-09-06T20:46:35.356,123,0,2,50,3356,220,40000,3500,400,40000,0x07
2026-09-06T20:46:35.356,122,0,1,52,0,0,0,0,0,0,0x03
2026-09-06T20:46:35.437,125,0,2,52,3365,596,39864,3500,2019,36531,0x07
2026-09-06T20:46:35.438,124,0,1,52,0,0,0,0,0,0,0x03
2026-09-06T20:46:35.502,127,0,2,50,3365,1640,35427,3500,2620,33978,0x07
2026-09-06T20:46:35.503,126,0,1,50,0,0,0,0,0,0,0x03
2026-09-06T20:46:35.568,129,0,2,51,3365,2020,33814,3500,2294,35363,0x07
2026-09-06T20:46:35.568,128,0,1,53,0,0,0,0,0,0,0x03
2026-09-06T20:46:35.633,131,0,2,54,2970,2296,27933,3394,2926,31375,0x07
2026-09-06T20:46:35.633,130,0,1,51,0,0,0,0,0,0,0x03
2026-09-06T20:46:35.698,133,0,2,51,2970,2451,27275,3394,2961,31226,0x07
2026-09-06T20:46:35.698,132,0,1,51,0,0,0,0,0,0,0x03
2026-09-06T20:46:35.762,135,0,2,50,2426,2440,20844,2989,2700,27332,0x07
2026-09-06T20:46:35.762,134,0,1,50,0,0,0,0,0,0,0x03
2026-09-06T20:46:35.828,137,0,2,50,1419,2500,8588,2160,2360,18557,0x07
2026-09-06T20:46:35.828,136,0,1,50,0,0,0,0,0,0,0x03
2026-09-06T20:46:35.893,139,0,2,50,0,0,8030,0,0,12961,0x07
2026-09-06T20:46:35.893,138,0,1,50,0,0,0,0,0,0,0x03
2026-09-06T20:46:35.958,141,0,2,50,-746,-420,9417,-1362,-360,17220,0x07
2026-09-06T20:46:35.958,140,0,1,54,0,0,0,0,0,0,0x03
2026-09-06T20:46:36.024,143,0,2,50,-2159,-420,26241,-2394,-940,27478,0x07
2026-09-06T20:46:36.024,142,0,1,52,0,0,0,0,0,0,0x03
2026-09-06T20:46:36.105,145,0,2,53,-3260,-509,38979,-3372,-1566,36878,0x07
2026-09-06T20:46:36.105,144,0,1,51,0,0,0,0,0,0,0x03
2026-09-06T20:46:36.170,147,0,2,51,-3260,-1314,35560,-3372,-1667,36450,0x07
2026-09-06T20:46:36.170,146,0,1,50,0,0,0,0,0,0,0x03
2026-09-06T20:46:36.236,149,0,2,50,-3339,-1720,34779,-3462,-1400,38693,0x07
2026-09-06T20:46:36.236,148,0,1,53,0,0,0,0,0,0,0x03
2026-09-06T20:46:36.302,151,0,2,50,-3308,-2320,31850,-3497,-2180,35810,0x07
2026-09-06T20:46:36.302,150,0,1,51,0,0,0,0,0,0,0x03
2026-09-06T20:46:36.366,153,0,2,51,-3251,-2353,31032,-3494,-2098,36123,0x07
2026-09-06T20:46:36.366,152,0,1,55,0,0,0,0,0,0,0x03
2026-09-06T20:46:36.430,155,0,2,50,-3057,-2380,28609,-3418,-2420,33818,0x07
2026-09-06T20:46:36.430,154,0,1,50,0,0,0,0,0,0,0x03
2026-09-06T20:46:36.495,157,0,2,55,-2323,-2418,19706,-2848,-2582,26095,0x07
2026-09-06T20:46:36.495,156,0,1,52,0,0,0,0,0,0,0x03
2026-09-06T20:46:36.560,159,0,2,51,-2323,-2510,19317,-2848,-2588,26067,0x07
2026-09-06T20:46:36.560,158,0,1,52,0,0,0,0,0,0,0x03
2026-09-06T20:46:36.641,161,0,2,51,-1700,-2412,12318,-2336,-2765,19003,0x07
2026-09-06T20:46:36.641,160,0,1,51,0,0,0,0,0,0,0x03
2026-09-06T20:46:36.706,163,0,2,50,-1152,-2000,7534,-1825,-2400,14251,0x07
2026-09-06T20:46:36.706,162,0,1,52,0,0,0,0,0,0,0x03
2026-09-06T20:46:36.772,165,0,2,55,-529,-1600,1818,-1201,-1400,10810,0x07
2026-09-06T20:46:36.772,164,0,1,52,0,0,0,0,0,0,0x03
2026-09-06T20:46:36.837,167,0,2,51,-529,-1157,3701,-1201,-1196,11676,0x07
2026-09-06T20:46:36.837,166,0,1,50,0,0,0,0,0,0,0x03
2026-09-06T20:46:36.902,169,0,2,50,-498,-800,4849,-1233,-1280,11717,0x07
2026-09-06T20:46:36.902,168,0,1,51,0,0,0,0,0,0,0x03
2026-09-06T20:46:36.967,171,0,2,50,-516,-540,6163,-1215,-980,12768,0x07
2026-09-06T20:46:36.967,170,0,1,50,0,0,0,0,0,0,0x03
2026-09-06T20:46:37.032,173,0,2,51,-541,-529,6509,-1189,-961,12526,0x07
2026-09-06T20:46:37.032,172,0,1,52,0,0,0,0,0,0,0x03
2026-09-06T20:46:37.097,175,0,2,52,-691,-519,8336,-1252,-1038,12982,0x07
2026-09-06T20:46:37.097,174,0,1,54,0,0,0,0,0,0,0x03
2026-09-06T20:46:37.162,177,0,2,53,-1699,-962,18458,-2117,-1283,22607,0x07
2026-09-06T20:46:37.162,176,0,1,50,0,0,0,0,0,0,0x03
2026-09-06T20:46:37.243,179,0,2,50,-1699,-920,18638,-2117,-1100,23385,0x07
2026-09-06T20:46:37.243,178,0,1,50,0,0,0,0,0,0,0x03
2026-09-06T20:46:37.308,181,0,2,51,-2108,-863,23761,-2494,-1059,28203,0x07
2026-09-06T20:46:37.308,180,0,1,52,0,0,0,0,0,0,0x03
2026-09-06T20:46:37.374,183,0,2,51,-2276,-1216,24262,-2678,-1255,29642,0x07
2026-09-06T20:46:37.374,182,0,1,52,0,0,0,0,0,0,0x03
2026-09-06T20:46:37.439,185,0,2,50,-2477,-1620,24932,-2843,-1680,29871,0x07
2026-09-06T20:46:37.439,184,0,1,50,0,0,0,0,0,0,0x03
2026-09-06T20:46:37.504,187,0,2,50,-2626,-1920,25436,-2974,-1860,30726,0x07
2026-09-06T20:46:37.504,186,0,1,50,0,0,0,0,0,0,0x03
2026-09-06T20:46:37.569,189,0,2,55,-2538,-2036,23885,-2980,-2236,29195,0x07
2026-09-06T20:46:37.569,188,0,1,51,0,0,0,0,0,0,0x03
2026-09-06T20:46:37.635,191,0,2,51,-2538,-2294,22790,-2980,-2353,28700,0x07
2026-09-06T20:46:37.635,190,0,1,52,0,0,0,0,0,0,0x03
2026-09-06T20:46:37.700,193,0,2,51,-2411,-2255,21444,-2861,-2392,27061,0x07
2026-09-06T20:46:37.700,192,0,1,52,0,0,0,0,0,0,0x03
2026-09-06T20:46:37.781,195,0,2,51,-2160,-2314,18213,-2667,-2529,24091,0x07
2026-09-06T20:46:37.781,194,0,1,54,0,0,0,0,0,0,0x03
2026-09-06T20:46:37.830,197,0,2,52,-1297,-2000,9266,-1962,-2558,15281,0x07
2026-09-06T20:46:37.830,196,0,1,52,0,0,0,0,0,0,0x03
2026-09-06T20:46:37.911,199,0,2,50,-1297,-1540,11221,-1962,-2060,17396,0x07
2026-09-06T20:46:37.911,198,0,1,51,0,0,0,0,0,0,0x03
2026-09-06T20:46:37.976,201,0,2,51,-811,-1608,5141,-1503,-1882,12485,0x07
2026-09-06T20:46:37.976,200,0,1,51,0,0,0,0,0,0,0x03
2026-09-06T20:46:38.041,203,0,2,50,-493,-1540,1640,-1239,-1700,10002,0x07
2026-09-06T20:46:38.041,202,0,1,51,0,0,0,0,0,0,0x03
2026-09-06T20:46:38.106,205,0,2,50,0,0,10840,0,0,14254,0x07
2026-09-06T20:46:38.106,204,0,1,50,0,0,0,0,0,0,0x03
2026-09-06T20:46:38.171,207,0,2,50,1113,80,15231,1522,240,19703,0x07
2026-09-06T20:46:38.171,206,0,1,52,0,0,0,0,0,0,0x03
2026-09-06T20:46:38.236,209,0,2,55,2082,200,26267,2505,582,30365,0x07
2026-09-06T20:46:38.236,208,0,1,52,0,0,0,0,0,0,0x03
2026-09-06T20:46:38.318,211,0,2,50,2082,540,24822,2505,500,30713,0x07
2026-09-06T20:46:38.318,210,0,1,52,0,0,0,0,0,0,0x03
2026-09-06T20:46:38.367,213,0,2,51,1967,863,22073,2524,902,29242,0x07
2026-09-06T20:46:38.367,212,0,1,51,0,0,0,0,0,0,0x03
2026-09-06T20:46:38.448,215,0,2,50,1538,1040,16215,2157,1140,23703,0x07
2026-09-06T20:46:38.448,214,0,1,52,0,0,0,0,0,0,0x03
2026-09-06T20:46:38.513,217,0,2,51,1204,1078,12065,1833,1392,18638,0x07
2026-09-06T20:46:38.513,216,0,1,50,0,0,0,0,0,0,0x03
2026-09-06T20:46:38.578,219,0,2,51,799,1216,6662,1457,1549,13336,0x07
2026-09-06T20:46:38.578,218,0,1,51,0,0,0,0,0,0,0x03
2026-09-06T20:46:38.643,221,0,2,53,348,528,4211,1056,1283,9525,0x07
2026-09-06T20:46:38.643,220,0,1,51,0,0,0,0,0,0,0x03
2026-09-06T20:46:38.707,223,0,2,50,348,500,4331,1056,1180,9963,0x07
2026-09-06T20:46:38.708,222,0,1,51,0,0,0,0,0,0,0x03
2026-09-06T20:46:38.773,225,0,2,50,257,680,2485,1037,1100,10061,0x07
2026-09-06T20:46:38.773,224,0,1,52,0,0,0,0,0,0,0x03
2026-09-06T20:46:38.854,227,0,2,51,189,569,2146,1044,941,10832,0x07
2026-09-06T20:46:38.854,226,0,1,52,0,0,0,0,0,0,0x03
2026-09-06T20:46:38.903,229,0,2,50,0,0,9034,0,0,13917,0x07
2026-09-06T20:46:38.903,228,0,1,51,0,0,0,0,0,0,0x03
2026-09-06T20:46:38.985,231,0,2,51,-877,-20,12679,-1480,-294,18959,0x07
2026-09-06T20:46:38.985,230,0,1,50,0,0,0,0,0,0,0x03
2026-09-06T20:46:39.050,233,0,2,54,-469,-74,7580,-1264,-222,16593,0x07
2026-09-06T20:46:39.050,232,0,1,52,0,0,0,0,0,0,0x03
2026-09-06T20:46:39.114,235,0,2,54,-469,-74,7580,-1264,-222,16593,0x07
2026-09-06T20:46:39.115,234,0,1,50,0,0,0,0,0,0,0x03
2026-09-06T20:46:39.180,237,0,2,50,-431,-160,6770,-1303,-420,16232,0x07
2026-09-06T20:46:39.180,236,0,1,52,0,0,0,0,0,0,0x03
2026-09-06T20:46:39.245,239,0,2,50,0,0,9489,0,0,14350,0x07
2026-09-06T20:46:39.245,238,0,1,52,0,0,0,0,0,0,0x03
2026-09-06T20:46:39.311,241,0,2,57,1106,789,12128,1660,1193,17358,0x07
2026-09-06T20:46:39.311,240,0,1,52,0,0,0,0,0,0,0x03
2026-09-06T20:46:39.375,243,0,2,51,1106,412,13733,1660,784,19094,0x07
2026-09-06T20:46:39.375,242,0,1,50,0,0,0,0,0,0,0x03
2026-09-06T20:46:39.440,245,0,2,52,889,173,12171,1522,154,20064,0x07
2026-09-06T20:46:39.440,244,0,1,51,0,0,0,0,0,0,0x03
2026-09-06T20:46:39.521,247,0,2,52,602,269,8335,1276,462,15731,0x07
2026-09-06T20:46:39.521,246,0,1,55,0,0,0,0,0,0,0x03
2026-09-06T20:46:39.586,249,0,2,55,494,345,6733,1237,782,13887,0x07
2026-09-06T20:46:39.586,248,0,1,52,0,0,0,0,0,0,0x03
2026-09-06T20:46:39.651,251,0,2,50,494,400,6501,1237,860,13554,0x07
2026-09-06T20:46:39.651,250,0,1,50,0,0,0,0,0,0,0x03
2026-09-06T20:46:39.717,253,0,2,51,485,392,6425,1247,941,13325,0x07
2026-09-06T20:46:39.717,252,0,1,55,0,0,0,0,0,0,0x03
2026-09-06T20:46:39.782,255,0,2,52,517,404,6753,1214,865,13242,0x07
2026-09-06T20:46:39.782,254,0,1,51,0,0,0,0,0,0,0x03
2026-09-06T20:46:39.847,257,0,2,51,514,431,6600,1217,824,13459,0x07
2026-09-06T20:46:39.847,256,0,1,51,0,0,0,0,0,0,0x03
2026-09-06T20:46:39.912,259,0,2,51,577,431,7347,1152,824,12656,0x07
2026-09-06T20:46:39.912,258,0,1,50,0,0,0,0,0,0,0x03
2026-09-06T20:46:39.976,261,0,2,50,1513,520,18128,1965,880,22443,0x07
2026-09-06T20:46:39.976,260,0,1,51,0,0,0,0,0,0,0x03
2026-09-06T20:46:40.042,263,0,2,51,1513,725,17255,1965,961,22099,0x07
2026-09-06T20:46:40.042,262,0,1,50,0,0,0,0,0,0,0x03
2026-09-06T20:46:40.123,265,0,2,52,1861,942,20472,2292,981,26049,0x07
2026-09-06T20:46:40.123,264,0,1,50,0,0,0,0,0,0,0x03
2026-09-06T20:46:40.188,267,0,2,51,2243,1118,24281,2615,1157,29280,0x07
2026-09-06T20:46:40.188,266,0,1,50,0,0,0,0,0,0,0x03
2026-09-06T20:46:40.253,269,0,2,55,2334,1509,23698,2766,1655,29030,0x07
2026-09-06T20:46:40.253,268,0,1,50,0,0,0,0,0,0,0x03
2026-09-06T20:46:40.318,271,0,2,50,2334,1720,22802,2766,1780,28497,0x07
2026-09-06T20:46:40.318,270,0,1,50,0,0,0,0,0,0,0x03
2026-09-06T20:46:40.383,273,0,2,50,2274,1920,21241,2725,1920,27398,0x07
2026-09-06T20:46:40.383,272,0,1,51,0,0,0,0,0,0,0x03
2026-09-06T20:46:40.449,275,0,2,50,2116,1960,19185,2608,2040,25446,0x07
2026-09-06T20:46:40.449,274,0,1,50,0,0,0,0,0,0,0x03
2026-09-06T20:46:40.513,277,0,2,50,1602,1960,13068,2219,2160,20141,0x07
2026-09-06T20:46:40.513,276,0,1,51,0,0,0,0,0,0,0x03
2026-09-06T20:46:40.578,279,0,2,51,1062,1706,7714,1739,2255,13811,0x07
2026-09-06T20:46:40.578,278,0,1,52,0,0,0,0,0,0,0x03
2026-09-06T20:46:40.643,281,0,2,53,355,906,2691,1382,1585,12256,0x07
2026-09-06T20:46:40.643,280,0,1,52,0,0,0,0,0,0,0x03
2026-09-06T20:46:40.724,283,0,2,50,355,780,3226,1382,1460,12787,0x07
2026-09-06T20:46:40.724,282,0,1,51,0,0,0,0,0,0,0x03
2026-09-06T20:46:40.790,285,0,2,51,0,0,7716,0,0,12664,0x07
2026-09-06T20:46:40.790,284,0,1,51,0,0,0,0,0,0,0x03
2026-09-06T20:46:40.855,287,0,2,50,-705,-140,10118,-1325,-240,17277,0x07
2026-09-06T20:46:40.855,286,0,1,53,0,0,0,0,0,0,0x03
2026-09-06T20:46:40.920,289,0,2,50,-878,-60,12511,-1455,-280,18708,0x07
2026-09-06T20:46:40.920,288,0,1,51,0,0,0,0,0,0,0x03
2026-09-06T20:46:40.984,291,0,2,51,-753,-235,10287,-1385,-216,18119,0x07
2026-09-06T20:46:40.984,290,0,1,51,0,0,0,0,0,0,0x03
2026-09-06T20:46:41.049,293,0,2,54,-454,-370,6148,-1279,-519,15520,0x07
2026-09-06T20:46:41.050,292,0,1,50,0,0,0,0,0,0,0x03
2026-09-06T20:46:41.115,295,0,2,51,-454,-490,5639,-1279,-667,14890,0x07
2026-09-06T20:46:41.115,294,0,1,50,0,0,0,0,0,0,0x03
2026-09-06T20:46:41.179,297,0,2,50,-428,-400,5709,-1306,-740,14914,0x07
2026-09-06T20:46:41.179,296,0,1,50,0,0,0,0,0,0,0x03
2026-09-06T20:46:41.260,299,0,2,52,-414,-442,5368,-1320,-846,14636,0x07
2026-09-06T20:46:41.260,298,0,1,54,0,0,0,0,0,0,0x03
2026-09-06T20:46:41.325,301,0,2,50,-423,-420,5563,-1311,-980,13959,0x07
2026-09-06T20:46:41.325,300,0,1,52,0,0,0,0,0,0,0x03
2026-09-06T20:46:41.391,303,0,2,51,-451,-353,6186,-1282,-961,13678,0x07
2026-09-06T20:46:41.391,302,0,1,52,0,0,0,0,0,0,0x03
2026-09-06T20:46:41.455,305,0,2,51,-468,-392,6224,-1264,-1000,13292,0x07
2026-09-06T20:46:41.455,304,0,1,50,0,0,0,0,0,0,0x03
2026-09-06T20:46:41.521,307,0,2,52,-497,-404,6516,-1234,-1019,12844,0x07
2026-09-06T20:46:41.521,306,0,1,51,0,0,0,0,0,0,0x03
2026-09-06T20:46:41.587,309,0,2,52,-559,-423,7170,-1170,-962,12299,0x07
2026-09-06T20:46:41.587,308,0,1,50,0,0,0,0,0,0,0x03
2026-09-06T20:46:41.652,311,0,2,51,-549,-412,7102,-1181,-902,12677,0x07
2026-09-06T20:46:41.652,310,0,1,52,0,0,0,0,0,0,0x03
2026-09-06T20:46:41.717,313,0,2,51,-1718,-569,20360,-2118,-882,24315,0x07
2026-09-06T20:46:41.717,312,0,1,51,0,0,0,0,0,0,0x03
2026-09-06T20:46:41.782,315,0,2,50,-1718,-1000,18527,-2118,-1160,23135,0x07
2026-09-06T20:46:41.782,314,0,1,51,0,0,0,0,0,0,0x03
2026-09-06T20:46:41.863,317,0,2,51,-2243,-1039,24610,-2587,-1255,28523,0x07
2026-09-06T20:46:41.863,316,0,1,51,0,0,0,0,0,0,0x03
2026-09-06T20:46:41.929,319,0,2,50,-2546,-1200,27544,-2875,-1340,31714,0x07
2026-09-06T20:46:41.929,318,0,1,51,0,0,0,0,0,0,0x03
2026-09-06T20:46:41.994,321,0,2,51,-2780,-1843,27595,-3076,-1765,32391,0x07
2026-09-06T20:46:41.994,320,0,1,51,0,0,0,0,0,0,0x03
2026-09-06T20:46:42.060,323,0,2,51,-2857,-2039,27675,-3170,-2039,32372,0x07
2026-09-06T20:46:42.060,322,0,1,52,0,0,0,0,0,0,0x03
2026-09-06T20:46:42.124,325,0,2,56,-2859,-2268,26735,-3210,-2286,31825,0x07
2026-09-06T20:46:42.124,324,0,1,50,0,0,0,0,0,0,0x03
2026-09-06T20:46:42.189,327,0,2,50,-2859,-2380,26259,-3210,-2480,30999,0x07
2026-09-06T20:46:42.189,326,0,1,52,0,0,0,0,0,0,0x03
2026-09-06T20:46:42.253,329,0,2,50,-2756,-2600,24086,-3141,-2560,29805,0x07
2026-09-06T20:46:42.253,328,0,1,50,0,0,0,0,0,0,0x03
2026-09-06T20:46:42.318,331,0,2,51,-2702,-2549,23659,-3087,-2725,28432,0x07
2026-09-06T20:46:42.318,330,0,1,50,0,0,0,0,0,0,0x03
2026-09-06T20:46:42.400,333,0,2,58,-2022,-2448,15989,-2560,-2776,21718,0x07
2026-09-06T20:46:42.400,332,0,1,52,0,0,0,0,0,0,0x03
2026-09-06T20:46:42.464,335,0,2,51,-2022,-2216,16978,-2560,-2510,22848,0x07
2026-09-06T20:46:42.464,334,0,1,50,0,0,0,0,0,0,0x03
2026-09-06T20:46:42.529,337,0,2,51,-1657,-2059,13304,-2245,-2529,18886,0x07
2026-09-06T20:46:42.529,336,0,1,50,0,0,0,0,0,0,0x03
2026-09-06T20:46:42.595,339,0,2,50,-1218,-1840,8997,-1862,-1940,16664,0x07
2026-09-06T20:46:42.595,338,0,1,51,0,0,0,0,0,0,0x03
2026-09-06T20:46:42.660,341,0,2,51,0,0,28134,0,0,30238,0x07
2026-09-06T20:46:42.660,340,0,1,50,0,0,0,0,0,0,0x03
2026-09-06T20:46:42.725,343,0,2,51,3370,235,40000,3500,510,40000,0x07
2026-09-06T20:46:42.725,342,0,1,51,0,0,0,0,0,0,0x03
2026-09-06T20:46:42.790,345,0,2,52,3245,865,37293,3500,3558,29993,0x07
2026-09-06T20:46:42.790,344,0,1,51,0,0,0,0,0,0,0x03
2026-09-06T20:46:42.854,347,0,2,51,3245,1314,35388,3500,2529,34363,0x07
2026-09-06T20:46:42.854,346,0,1,51,0,0,0,0,0,0,0x03
2026-09-06T20:46:42.936,349,0,2,50,3156,1120,35150,3457,2060,35828,0x07
2026-09-06T20:46:42.936,348,0,1,51,0,0,0,0,0,0,0x03
2026-09-06T20:46:43.001,351,0,2,51,3030,1431,32324,3374,2471,33055,0x07
2026-09-06T20:46:43.001,350,0,1,51,0,0,0,0,0,0,0x03
2026-09-06T20:46:43.066,353,0,2,50,2789,2040,26859,3212,1740,34166,0x07
2026-09-06T20:46:43.066,352,0,1,50,0,0,0,0,0,0,0x03
2026-09-06T20:46:43.130,355,0,2,50,2460,2000,23118,2953,1720,31057,0x07
2026-09-06T20:46:43.130,354,0,1,54,0,0,0,0,0,0,0x03
2026-09-06T20:46:43.195,357,0,2,52,697,1904,2525,1490,1981,11912,0x07
2026-09-06T20:46:43.195,356,0,1,51,0,0,0,0,0,0,0x03
2026-09-06T20:46:43.260,359,0,2,50,697,1080,6027,1490,1640,13360,0x07
2026-09-06T20:46:43.260,358,0,1,50,0,0,0,0,0,0,0x03
2026-09-06T20:46:43.325,361,0,2,50,415,1180,2236,1320,1580,11512,0x07
2026-09-06T20:46:43.325,360,0,1,51,0,0,0,0,0,0,0x03
2026-09-06T20:46:43.390,363,0,2,51,0,0,10483,0,0,15292,0x07
2026-09-06T20:46:43.390,362,0,1,50,0,0,0,0,0,0,0x03
2026-09-06T20:46:43.471,365,0,2,56,-1632,-161,21073,-2067,-875,23724,0x07
2026-09-06T20:46:43.471,364,0,1,50,0,0,0,0,0,0,0x03
2026-09-06T20:46:43.536,367,0,2,51,-1632,-667,18923,-2067,-176,26693,0x07
2026-09-06T20:46:43.536,366,0,1,51,0,0,0,0,0,0,0x03
2026-09-06T20:46:43.601,369,0,2,52,-1698,-712,19512,-2194,-173,28278,0x07
2026-09-06T20:46:43.601,368,0,1,50,0,0,0,0,0,0,0x03
2026-09-06T20:46:43.666,371,0,2,57,-1108,-579,13051,-1763,-912,19820,0x07
2026-09-06T20:46:43.666,370,0,1,51,0,0,0,0,0,0,0x03
2026-09-06T20:46:43.731,373,0,2,52,-1108,-635,12814,-1763,-1115,18957,0x07
2026-09-06T20:46:43.731,372,0,1,50,0,0,0,0,0,0,0x03
2026-09-06T20:46:43.797,375,0,2,51,-647,-765,6771,-1348,-1275,13152,0x07
2026-09-06T20:46:43.797,374,0,1,50,0,0,0,0,0,0,0x03
2026-09-06T20:46:43.863,377,0,2,51,-541,-647,6001,-1198,-1196,11638,0x07
2026-09-06T20:46:43.863,376,0,1,50,0,0,0,0,0,0,0x03
2026-09-06T20:46:43.928,379,0,2,55,-967,-800,10435,-1527,-1164,15842,0x07
2026-09-06T20:46:43.928,378,0,1,50,0,0,0,0,0,0,0x03
2026-09-06T20:46:43.994,381,0,2,51,-967,-980,9668,-1527,-1137,15954,0x07
2026-09-06T20:46:43.994,380,0,1,52,0,0,0,0,0,0,0x03
2026-09-06T20:46:44.059,383,0,2,51,-1323,-765,14817,-1823,-1118,19685,0x07
2026-09-06T20:46:44.059,382,0,1,50,0,0,0,0,0,0,0x03
2026-09-06T20:46:44.140,385,0,2,50,-1732,-860,19287,-2173,-1220,23566,0x07
2026-09-06T20:46:44.140,384,0,1,51,0,0,0,0,0,0,0x03
2026-09-06T20:46:44.206,387,0,2,50,-2002,-1120,21401,-2428,-1320,26279,0x07
2026-09-06T20:46:44.206,386,0,1,50,0,0,0,0,0,0,0x03
2026-09-06T20:46:44.271,389,0,2,50,-2243,-1380,23166,-2639,-1540,27954,0x07
2026-09-06T20:46:44.271,388,0,1,51,0,0,0,0,0,0,0x03
2026-09-06T20:46:44.336,391,0,2,55,-2482,-1618,25003,-2878,-1855,29562,0x07
2026-09-06T20:46:44.337,390,0,1,52,0,0,0,0,0,0,0x03
2026-09-06T20:46:44.402,393,0,2,50,-2482,-1760,24401,-2878,-2080,28604,0x07
2026-09-06T20:46:44.402,392,0,1,55,0,0,0,0,0,0,0x03
2026-09-06T20:46:44.466,395,0,2,51,-2590,-2059,24412,-2956,-2176,29155,0x07
2026-09-06T20:46:44.466,394,0,1,52,0,0,0,0,0,0,0x03
2026-09-06T20:46:44.532,397,0,2,51,-2525,-2020,23803,-2936,-2216,28746,0x07
2026-09-06T20:46:44.532,396,0,1,50,0,0,0,0,0,0,0x03
2026-09-06T20:46:44.597,399,0,2,50,-2373,-2340,20630,-2829,-2460,26388,0x07
2026-09-06T20:46:44.597,398,0,1,50,0,0,0,0,0,0,0x03
2026-09-06T20:46:44.663,401,0,2,51,-2373,-2078,21741,-2801,-2588,25493,0x07
2026-09-06T20:46:44.663,400,0,1,50,0,0,0,0,0,0,0x03
2026-09-06T20:46:44.744,403,0,2,51,0,0,0,0,0,0,0x03
2026-09-06T20:46:44.744,402,0,1,52,0,0,0,0,0,0,0x03
2026-09-06T20:46:44.793,405,0,2,53,1630,113,21247,1637,113,21657,0x07
2026-09-06T20:46:44.793,404,0,1,50,0,0,0,0,0,0,0x03
2026-09-06T20:46:44.875,407,0,2,52,1630,346,20257,1637,596,19604,0x07
2026-09-06T20:46:44.875,406,0,1,55,0,0,0,0,0,0,0x03
2026-09-06T20:46:44.940,409,0,2,50,2875,60,36304,3096,480,38088,0x07
2026-09-06T20:46:44.940,408,0,1,50,0,0,0,0,0,0,0x03
2026-09-06T20:46:45.004,411,0,2,51,3141,647,36979,2634,1471,28185,0x07
2026-09-06T20:46:45.004,410,0,1,51,0,0,0,0,0,0,0x03
2026-09-06T20:46:45.070,413,0,2,51,3162,1039,35561,3210,1922,33364,0x07
2026-09-06T20:46:45.070,412,0,1,52,0,0,0,0,0,0,0x03
2026-09-06T20:46:45.135,415,0,2,50,3278,1300,35835,3335,1680,35936,0x07
2026-09-06T20:46:45.135,414,0,1,50,0,0,0,0,0,0,0x03
2026-09-06T20:46:45.199,417,0,2,51,3344,2039,33474,3500,2588,34113,0x07
2026-09-06T20:46:45.200,416,0,1,52,0,0,0,0,0,0,0x03
2026-09-06T20:46:45.281,419,0,2,51,3344,2157,32974,3500,2882,32863,0x07
2026-09-06T20:46:45.281,418,0,1,50,0,0,0,0,0,0,0x03
2026-09-06T20:46:45.329,421,0,2,51,3247,2490,30404,3500,2275,35446,0x07
2026-09-06T20:46:45.329,420,0,1,50,0,0,0,0,0,0,0x03
2026-09-06T20:46:45.411,423,0,2,50,2913,2420,26728,3369,2480,32963,0x07
2026-09-06T20:46:45.411,422,0,1,51,0,0,0,0,0,0,0x03
2026-09-06T20:46:45.475,425,0,2,50,2213,2340,18733,2836,2360,26900,0x07
2026-09-06T20:46:45.475,424,0,1,55,0,0,0,0,0,0,0x03
2026-09-06T20:46:45.492,427,0,2,50,1239,2240,7555,1988,2040,17794,0x07
2026-09-06T20:46:45.494,426,0,1,55,0,0,0,0,0,0,0x03
