timestamp,sequence,team,robot_id,interval_ms,left_target_eps,left_measured_eps,left_duty,right_target_eps,right_measured_eps,right_duty,flags
2026-09-06T21:19:44.225,220,0,1,51,0,0,0,0,0,0,0x03
2026-09-06T21:19:44.262,223,0,2,53,2268,1604,24077,2497,3245,21503,0x07
2026-09-06T21:19:44.262,222,0,1,52,0,0,0,0,0,0,0x03
2026-09-06T21:19:44.327,225,0,2,53,2268,1604,24077,2497,3245,21503,0x07
2026-09-06T21:19:44.327,224,0,1,51,0,0,0,0,0,0,0x03
2026-09-06T21:19:44.409,227,0,2,50,0,0,0,0,0,0,0x03
2026-09-06T21:19:44.409,226,0,1,53,0,0,0,0,0,0,0x03
2026-09-06T21:19:44.474,1,0,2,52,0,0,0,0,0,0,0x03
2026-09-06T21:19:44.474,0,0,1,53,0,0,0,0,0,0,0x03
2026-09-06T21:19:44.540,3,0,2,50,0,0,0,0,0,0,0x03
2026-09-06T21:19:44.540,2,0,1,50,0,0,0,0,0,0,0x03
2026-09-06T21:19:44.604,5,0,2,51,0,0,0,0,0,0,0x03
2026-09-06T21:19:44.604,4,0,1,50,0,0,0,0,0,0,0x03
2026-09-06T21:19:44.669,7,0,2,51,0,0,0,0,0,0,0x03
2026-09-06T21:19:44.669,6,0,1,51,0,0,0,0,0,0,0x03
2026-09-06T21:19:44.735,9,0,2,50,0,0,0,0,0,0,0x03
2026-09-06T21:19:44.735,8,0,1,50,0,0,0,0,0,0,0x03
2026-09-06T21:19:44.800,11,0,2,52,0,0,0,0,0,0,0x03
2026-09-06T21:19:44.800,10,0,1,50,0,0,0,0,0,0,0x03
2026-09-06T21:19:44.865,13,0,2,50,0,0,0,0,0,0,0x03
2026-09-06T21:19:44.865,12,0,1,52,0,0,0,0,0,0,0x03
2026-09-06T21:19:44.946,15,0,2,50,0,0,0,0,0,0,0x03
2026-09-06T21:19:44.946,14,0,1,52,0,0,0,0,0,0,0x03
2026-09-06T21:19:44.995,17,0,2,52,0,0,0,0,0,0,0x03
2026-09-06T21:19:44.995,16,0,1,52,0,0,0,0,0,0,0x03
2026-09-06T21:19:45.077,19,0,2,51,0,0,0,0,0,0,0x03
2026-09-06T21:19:45.077,18,0,1,51,0,0,0,0,0,0,0x03
2026-09-06T21:19:45.142,21,0,2,51,0,0,0,0,0,0,0x03
2026-09-06T21:19:45.142,20,0,1,54,0,0,0,0,0,0,0x03
2026-09-06T21:19:45.207,23,0,2,51,0,0,0,0,0,0,0x03
2026-09-06T21:19:45.207,22,0,1,54,0,0,0,0,0,0,0x03
2026-09-06T21:19:45.272,25,0,2,54,0,0,0,0,0,0,0x03
2026-09-06T21:19:45.272,24,0,1,50,0,0,0,0,0,0,0x03
2026-09-06T21:19:45.337,27,0,2,50,0,0,0,0,0,0,0x03
2026-09-06T21:19:45.337,26,0,1,50,0,0,0,0,0,0,0x03
2026-09-06T21:19:45.402,29,0,2,52,0,0,0,0,0,0,0x03
2026-09-06T21:19:45.402,28,0,1,50,0,0,0,0,0,0,0x03
2026-09-06T21:19:45.468,31,0,2,50,0,0,0,0,0,0,0x03
2026-09-06T21:19:45.468,30,0,1,50,0,0,0,0,0,0,0x03
2026-09-06T21:19:45.533,33,0,2,55,0,0,0,0,0,0,0x03
2026-09-06T21:19:45.533,32,0,1,50,0,0,0,0,0,0,0x03
2026-09-06T21:19:45.614,35,0,2,52,0,0,0,0,0,0,0x03
2026-09-06T21:19:45.614,34,0,1,53,0,0,0,0,0,0,0x03
2026-09-06T21:19:45.679,37,0,2,50,0,0,0,0,0,0,0x03
2026-09-06T21:19:45.679,36,0,1,52,0,0,0,0,0,0,0x03
2026-09-06T21:19:45.743,39,0,2,52,0,0,0,0,0,0,0x03
2026-09-06T21:19:45.743,38,0,1,51,0,0,0,0,0,0,0x03
2026-09-06T21:19:45.809,41,0,2,50,0,0,0,0,0,0,0x03
2026-09-06T21:19:45.809,40,0,1,52,0,0,0,0,0,0,0x03
2026-09-06T21:19:45.873,43,0,2,50,0,0,0,0,0,0,0x03
2026-09-06T21:19:45.873,42,0,1,50,0,0,0,0,0,0,0x03
2026-09-06T21:19:45.939,45,0,2,50,0,0,0,0,0,0,0x03
2026-09-06T21:19:45.939,44,0,1,51,0,0,0,0,0,0,0x03
2026-09-06T21:19:46.004,47,0,2,50,0,0,0,0,0,0,0x03
2026-09-06T21:19:46.004,46,0,1,52,0,0,0,0,0,0,0x03
2026-09-06T21:19:46.070,49,0,2,51,0,0,0,0,0,0,0x03
2026-09-06T21:19:46.070,48,0,1,52,0,0,0,0,0,0,0x03
2026-09-06T21:19:46.151,51,0,2,51,0,0,0,0,0,0,0x03
2026-09-06T21:19:46.151,50,0,1,51,0,0,0,0,0,0,0x03
2026-09-06T21:19:46.216,53,0,2,51,0,0,0,0,0,0,0x03
2026-09-06T21:19:46.216,52,0,1,50,0,0,0,0,0,0,0x03
2026-09-06T21:19:46.281,55,0,2,50,0,0,0,0,0,0,0x03
2026-09-06T21:19:46.281,54,0,1,51,0,0,0,0,0,0,0x03
2026-09-06T21:19:46.346,57,0,2,55,0,0,0,0,0,0,0x03
2026-09-06T21:19:46.346,56,0,1,51,0,0,0,0,0,0,0x03
2026-09-06T21:19:46.412,59,0,2,52,0,0,0,0,0,0,0x03
2026-09-06T21:19:46.412,58,0,1,51,0,0,0,0,0,0,0x03
2026-09-06T21:19:46.477,61,0,2,50,0,0,0,0,0,0,0x03
2026-09-06T21:19:46.477,60,0,1,51,0,0,0,0,0,0,0x03
2026-09-06T21:19:46.542,63,0,2,51,0,0,0,0,0,0,0x03
2026-09-06T21:19:46.542,62,0,1,50,0,0,0,0,0,0,0x03
2026-09-06T21:19:46.608,65,0,2,51,0,0,0,0,0,0,0x03
2026-09-06T21:19:46.608,64,0,1,51,0,0,0,0,0,0,0x03
2026-09-06T21:19:46.673,67,0,2,50,0,0,0,0,0,0,0x03
2026-09-06T21:19:46.673,66,0,1,51,0,0,0,0,0,0,0x03
2026-09-06T21:19:46.755,69,0,2,51,0,0,0,0,0,0,0x03
2026-09-06T21:19:46.755,68,0,1,51,0,0,0,0,0,0,0x03
2026-09-06T21:19:46.804,71,0,2,53,0,0,0,0,0,0,0x03
2026-09-06T21:19:46.804,70,0,1,51,0,0,0,0,0,0,0x03
2026-09-06T21:19:46.884,73,0,2,52,0,0,0,0,0,0,0x03
2026-09-06T21:19:46.884,72,0,1,52,0,0,0,0,0,0,0x03
2026-09-06T21:19:46.949,75,0,2,50,0,0,0,0,0,0,0x03
2026-09-06T21:19:46.949,74,0,1,50,0,0,0,0,0,0,0x03
2026-09-06T21:19:47.014,77,0,2,52,0,0,0,0,0,0,0x03
2026-09-06T21:19:47.014,76,0,1,50,0,0,0,0,0,0,0x03
2026-09-06T21:19:47.079,79,0,2,50,0,0,0,0,0,0,0x03
2026-09-06T21:19:47.079,78,0,1,50,0,0,0,0,0,0,0x03
2026-09-06T21:19:47.145,81,0,2,50,0,0,0,0,0,0,0x03
2026-09-06T21:19:47.145,80,0,1,50,0,0,0,0,0,0,0x03
2026-09-06T21:19:47.210,83,0,2,51,0,0,0,0,0,0,0x03
2026-09-06T21:19:47.210,82,0,1,51,0,0,0,0,0,0,0x03
2026-09-06T21:19:47.292,85,0,2,52,0,0,0,0,0,0,0x03
2026-09-06T21:19:47.292,84,0,1,52,0,0,0,0,0,0,0x03
2026-09-06T21:19:47.341,87,0,2,51,0,0,0,0,0,0,0x03
2026-09-06T21:19:47.341,86,0,1,50,0,0,0,0,0,0,0x03
2026-09-06T21:19:47.423,89,0,2,52,0,0,0,0,0,0,0x03
2026-09-06T21:19:47.423,88,0,1,50,0,0,0,0,0,0,0x03
2026-09-06T21:19:47.488,91,0,2,51,0,0,0,0,0,0,0x03
2026-09-06T21:19:47.488,90,0,1,55,0,0,0,0,0,0,0x03
2026-09-06T21:19:47.552,93,0,2,50,0,0,0,0,0,0,0x03
2026-09-06T21:19:47.552,92,0,1,50,0,0,0,0,0,0,0x03
2026-09-06T21:19:47.618,95,0,2,52,0,0,0,0,0,0,0x03
2026-09-06T21:19:47.618,94,0,1,51,0,0,0,0,0,0,0x03
2026-09-06T21:19:47.683,97,0,2,51,0,0,0,0,0,0,0x03
2026-09-06T21:19:47.683,96,0,1,51,0,0,0,0,0,0,0x03
2026-09-06T21:19:47.749,99,0,2,50,0,0,0,0,0,0,0x03
2026-09-06T21:19:47.749,98,0,1,51,0,0,0,0,0,0,0x03
2026-09-06T21:19:47.813,101,0,2,50,0,0,0,0,0,0,0x03
2026-09-06T21:19:47.813,100,0,1,50,0,0,0,0,0,0,0x03
2026-09-06T21:19:47.878,103,0,2,53,0,0,0,0,0,0,0x03
2026-09-06T21:19:47.878,102,0,1,51,0,0,0,0,0,0,0x03
2026-09-06T21:19:47.960,105,0,2,50,0,0,0,0,0,0,0x03
2026-09-06T21:19:47.960,104,0,1,50,0,0,0,0,0,0,0x03
2026-09-06T21:19:48.024,107,0,2,50,0,0,0,0,0,0,0x03
2026-09-06T21:19:48.024,106,0,1,51,0,0,0,0,0,0,0x03
2026-09-06T21:19:48.089,109,0,2,51,0,0,0,0,0,0,0x03
2026-09-06T21:19:48.089,108,0,1,51,0,0,0,0,0,0,0x03
2026-09-06T21:19:48.154,111,0,2,52,0,0,0,0,0,0,0x03
2026-09-06T21:19:48.154,110,0,1,50,0,0,0,0,0,0,0x03
2026-09-06T21:19:48.218,113,0,2,50,0,0,0,0,0,0,0x03
2026-09-06T21:19:48.218,112,0,1,51,0,0,0,0,0,0,0x03
2026-09-06T21:19:48.283,115,0,2,53,0,0,0,0,0,0,0x03
2026-09-06T21:19:48.283,114,0,1,51,0,0,0,0,0,0,0x03
2026-09-06T21:19:48.348,117,0,2,50,0,0,0,0,0,0,0x03
2026-09-06T21:19:48.348,116,0,1,52,0,0,0,0,0,0,0x03
2026-09-06T21:19:48.413,119,0,2,50,0,0,0,0,0,0,0x03
2026-09-06T21:19:48.413,118,0,1,50,0,0,0,0,0,0,0x03
2026-09-06T21:19:48.494,121,0,2,51,0,0,0,0,0,0,0x03
2026-09-06T21:19:48.494,120,0,1,50,0,0,0,0,0,0,0x03
2026-09-06T21:19:48.559,123,0,2,52,0,0,0,0,0,0,0x03
2026-09-06T21:19:48.559,122,0,1,52,0,0,0,0,0,0,0x03
2026-09-06T21:19:48.624,125,0,2,50,0,0,0,0,0,0,0x03
2026-09-06T21:19:48.624,124,0,1,50,0,0,0,0,0,0,0x03
2026-09-06T21:19:48.690,127,0,2,52,0,0,0,0,0,0,0x03
2026-09-06T21:19:48.690,126,0,1,51,0,0,0,0,0,0,0x03
2026-09-06T21:19:48.755,129,0,2,51,0,0,0,0,0,0,0x03
2026-09-06T21:19:48.755,128,0,1,51,0,0,0,0,0,0,0x03
2026-09-06T21:19:48.820,131,0,2,50,0,0,0,0,0,0,0x03
2026-09-06T21:19:48.820,130,0,1,51,0,0,0,0,0,0,0x03
2026-09-06T21:19:48.884,133,0,2,50,0,0,0,0,0,0,0x03
2026-09-06T21:19:48.884,132,0,1,50,0,0,0,0,0,0,0x03
2026-09-06T21:19:48.950,135,0,2,50,0,0,0,0,0,0,0x03
2026-09-06T21:19:48.950,134,0,1,52,0,0,0,0,0,0,0x03
2026-09-06T21:19:49.030,137,0,2,50,0,0,0,0,0,0,0x03
2026-09-06T21:19:49.031,136,0,1,51,0,0,0,0,0,0,0x03
2026-09-06T21:19:49.096,139,0,2,52,0,0,0,0,0,0,0x03
2026-09-06T21:19:49.096,138,0,1,52,0,0,0,0,0,0,0x03
2026-09-06T21:19:49.161,141,0,2,50,0,0,0,0,0,0,0x03
2026-09-06T21:19:49.161,140,0,1,50,0,0,0,0,0,0,0x03
2026-09-06T21:19:49.227,143,0,2,51,0,0,0,0,0,0,0x03
2026-09-06T21:19:49.227,142,0,1,51,0,0,0,0,0,0,0x03
2026-09-06T21:19:49.292,145,0,2,50,0,0,0,0,0,0,0x03
2026-09-06T21:19:49.292,144,0,1,52,0,0,0,0,0,0,0x03
2026-09-06T21:19:49.357,147,0,2,50,0,0,0,0,0,0,0x03
2026-09-06T21:19:49.357,146,0,1,51,0,0,0,0,0,0,0x03
2026-09-06T21:19:49.422,149,0,2,52,0,0,0,0,0,0,0x03
2026-09-06T21:19:49.422,148,0,1,50,0,0,0,0,0,0,0x03
2026-09-06T21:19:49.487,151,0,2,50,0,0,0,0,0,0,0x03
2026-09-06T21:19:49.487,150,0,1,51,0,0,0,0,0,0,0x03
2026-09-06T21:19:49.553,153,0,2,52,0,0,0,0,0,0,0x03
2026-09-06T21:19:49.553,152,0,1,50,0,0,0,0,0,0,0x03
2026-09-06T21:19:49.618,155,0,2,50,0,0,0,0,0,0,0x03
2026-09-06T21:19:49.618,154,0,1,51,0,0,0,0,0,0,0x03
2026-09-06T21:19:49.699,157,0,2,50,0,0,0,0,0,0,0x03
2026-09-06T21:19:49.699,156,0,1,52,0,0,0,0,0,0,0x03
2026-09-06T21:19:49.765,159,0,2,50,0,0,0,0,0,0,0x03
2026-09-06T21:19:49.765,158,0,1,50,0,0,0,0,0,0,0x03
2026-09-06T21:19:49.830,161,0,2,50,0,0,0,0,0,0,0x03
2026-09-06T21:19:49.830,160,0,1,51,0,0,0,0,0,0,0x03
2026-09-06T21:19:49.895,163,0,2,50,0,0,0,0,0,0,0x03
2026-09-06T21:19:49.895,162,0,1,51,0,0,0,0,0,0,0x03
2026-09-06T21:19:49.961,165,0,2,52,0,0,0,0,0,0,0x03
2026-09-06T21:19:49.961,164,0,1,50,0,0,0,0,0,0,0x03
2026-09-06T21:19:52.107,167,0,2,50,0,0,0,0,0,0,0x03
2026-09-06T21:19:52.107,166,0,1,52,0,0,0,0,0,0,0x03
2026-09-06T21:19:52.236,169,0,2,52,0,0,0,0,0,0,0x03
2026-09-06T21:19:52.236,168,0,1,50,0,0,0,0,0,0,0x03
2026-09-06T21:19:52.301,171,0,2,52,0,0,0,0,0,0,0x03
2026-09-06T21:19:52.301,170,0,1,50,0,0,0,0,0,0,0x03
2026-09-06T21:19:52.367,173,0,2,52,0,0,0,0,0,0,0x03
2026-09-06T21:19:52.367,172,0,1,50,0,0,0,0,0,0,0x03
2026-09-06T21:19:52.448,175,0,2,50,0,0,0,0,0,0,0x03
2026-09-06T21:19:52.448,174,0,1,52,0,0,0,0,0,0,0x03
2026-09-06T21:19:52.512,177,0,2,55,0,0,0,0,0,0,0x03
2026-09-06T21:19:52.512,176,0,1,50,0,0,0,0,0,0,0x03
2026-09-06T21:19:52.577,179,0,2,52,0,0,0,0,0,0,0x03
2026-09-06T21:19:52.577,178,0,1,50,0,0,0,0,0,0,0x03
2026-09-06T21:19:52.643,181,0,2,51,0,0,0,0,0,0,0x03
2026-09-06T21:19:52.643,180,0,1,50,0,0,0,0,0,0,0x03
2026-09-06T21:19:52.708,183,0,2,50,0,0,0,0,0,0,0x03
2026-09-06T21:19:52.708,182,0,1,52,0,0,0,0,0,0,0x03
2026-09-06T21:19:52.773,185,0,2,50,0,0,0,0,0,0,0x03
2026-09-06T21:19:52.773,184,0,1,52,0,0,0,0,0,0,0x03
2026-09-06T21:19:52.838,187,0,2,51,0,0,0,0,0,0,0x03
2026-09-06T21:19:52.839,186,0,1,55,0,0,0,0,0,0,0x03
2026-09-06T21:19:52.903,189,0,2,52,0,0,0,0,0,0,0x03
2026-09-06T21:19:52.903,188,0,1,51,0,0,0,0,0,0,0x03
2026-09-06T21:19:52.967,191,0,2,51,0,0,0,0,0,0,0x03
2026-09-06T21:19:52.967,190,0,1,50,0,0,0,0,0,0,0x03
2026-09-06T21:19:53.033,193,0,2,51,0,0,0,0,0,0,0x03
2026-09-06T21:19:53.033,192,0,1,50,0,0,0,0,0,0,0x03
2026-09-06T21:19:53.114,195,0,2,52,0,0,0,0,0,0,0x03
2026-09-06T21:19:53.114,194,0,1,50,0,0,0,0,0,0,0x03
2026-09-06T21:19:53.178,197,0,2,53,0,0,0,0,0,0,0x03
2026-09-06T21:19:53.178,196,0,1,50,0,0,0,0,0,0,0x03
2026-09-06T21:19:53.244,199,0,2,51,0,0,0,0,0,0,0x03
2026-09-06T21:19:53.244,198,0,1,51,0,0,0,0,0,0,0x03
2026-09-06T21:19:53.309,201,0,2,52,0,0,0,0,0,0,0x03
2026-09-06T21:19:53.309,200,0,1,52,0,0,0,0,0,0,0x03
2026-09-06T21:19:53.374,203,0,2,51,0,0,0,0,0,0,0x03
2026-09-06T21:19:53.374,202,0,1,52,0,0,0,0,0,0,0x03
2026-09-06T21:19:53.439,205,0,2,51,0,0,0,0,0,0,0x03
2026-09-06T21:19:53.439,204,0,1,51,0,0,0,0,0,0,0x03
2026-09-06T21:19:53.504,207,0,2,52,0,0,0,0,0,0,0x03
2026-09-06T21:19:53.504,206,0,1,51,0,0,0,0,0,0,0x03
2026-09-06T21:19:53.570,209,0,2,53,0,0,0,0,0,0,0x03
2026-09-06T21:19:53.570,208,0,1,50,0,0,0,0,0,0,0x03
2026-09-06T21:19:53.650,211,0,2,52,0,0,0,0,0,0,0x03
2026-09-06T21:19:53.650,210,0,1,50,0,0,0,0,0,0,0x03
2026-09-06T21:19:53.716,213,0,2,51,0,0,0,0,0,0,0x03
2026-09-06T21:19:53.716,212,0,1,50,0,0,0,0,0,0,0x03
2026-09-06T21:19:53.781,215,0,2,51,0,0,0,0,0,0,0x03
2026-09-06T21:19:53.781,214,0,1,50,0,0,0,0,0,0,0x03
2026-09-06T21:19:53.847,217,0,2,51,0,0,0,0,0,0,0x03
2026-09-06T21:19:53.847,216,0,1,50,0,0,0,0,0,0,0x03
2026-09-06T21:19:53.912,219,0,2,50,0,0,0,0,0,0,0x03
2026-09-06T21:19:53.912,218,0,1,51,0,0,0,0,0,0,0x03
2026-09-06T21:19:53.977,221,0,2,51,0,0,0,0,0,0,0x03
2026-09-06T21:19:53.977,220,0,1,50,0,0,0,0,0,0,0x03
2026-09-06T21:19:54.042,223,0,2,50,0,0,0,0,0,0,0x03
2026-09-06T21:19:54.042,222,0,1,52,0,0,0,0,0,0,0x03
2026-09-06T21:19:54.107,225,0,2,51,0,0,0,0,0,0,0x03
2026-09-06T21:19:54.107,224,0,1,54,0,0,0,0,0,0,0x03
2026-09-06T21:19:54.173,227,0,2,50,0,0,0,0,0,0,0x03
2026-09-06T21:19:54.173,226,0,1,50,0,0,0,0,0,0,0x03
2026-09-06T21:19:54.253,229,0,2,50,0,0,0,0,0,0,0x03
2026-09-06T21:19:54.253,228,0,1,51,0,0,0,0,0,0,0x03
2026-09-06T21:19:54.318,231,0,2,52,0,0,0,0,0,0,0x03
2026-09-06T21:19:54.318,230,0,1,52,0,0,0,0,0,0,0x03
2026-09-06T21:19:54.382,233,0,2,51,0,0,0,0,0,0,0x03
2026-09-06T21:19:54.382,232,0,1,52,0,0,0,0,0,0,0x03
2026-09-06T21:19:54.448,235,0,2,52,0,0,0,0,0,0,0x03
2026-09-06T21:19:54.448,234,0,1,50,0,0,0,0,0,0,0x03
2026-09-06T21:19:54.512,237,0,2,51,0,0,0,0,0,0,0x03
2026-09-06T21:19:54.512,236,0,1,53,0,0,0,0,0,0,0x03
2026-09-06T21:19:54.577,239,0,2,50,0,0,0,0,0,0,0x03
2026-09-06T21:19:54.577,238,0,1,51,0,0,0,0,0,0,0x03
2026-09-06T21:19:54.643,241,0,2,54,0,0,0,0,0,0,0x03
2026-09-06T21:19:54.643,240,0,1,52,0,0,0,0,0,0,0x03
2026-09-06T21:19:54.724,243,0,2,51,0,0,0,0,0,0,0x03
2026-09-06T21:19:54.724,242,0,1,50,0,0,0,0,0,0,0x03
2026-09-06T21:19:54.773,245,0,2,50,0,0,0,0,0,0,0x03
2026-09-06T21:19:54.773,244,0,1,52,0,0,0,0,0,0,0x03
2026-09-06T21:19:54.855,247,0,2,50,0,0,0,0,0,0,0x03
2026-09-06T21:19:54.855,246,0,1,52,0,0,0,0,0,0,0x03
2026-09-06T21:19:54.920,249,0,2,51,0,0,0,0,0,0,0x03
2026-09-06T21:19:54.920,248,0,1,51,0,0,0,0,0,0,0x03
2026-09-06T21:19:54.985,251,0,2,51,0,0,0,0,0,0,0x03
2026-09-06T21:19:54.985,250,0,1,52,0,0,0,0,0,0,0x03
2026-09-06T21:19:55.049,253,0,2,52,0,0,0,0,0,0,0x03
2026-09-06T21:19:55.049,252,0,1,50,0,0,0,0,0,0,0x03
2026-09-06T21:19:55.114,255,0,2,51,0,0,0,0,0,0,0x03
2026-09-06T21:19:55.114,254,0,1,51,0,0,0,0,0,0,0x03
2026-09-06T21:19:55.180,257,0,2,50,0,0,0,0,0,0,0x03
2026-09-06T21:19:55.180,256,0,1,54,0,0,0,0,0,0,0x03
2026-09-06T21:19:55.245,259,0,2,50,0,0,0,0,0,0,0x03
2026-09-06T21:19:55.245,258,0,1,51,0,0,0,0,0,0,0x03
2026-09-06T21:19:55.310,261,0,2,50,0,0,0,0,0,0,0x03
2026-09-06T21:19:55.310,260,0,1,51,0,0,0,0,0,0,0x03
2026-09-06T21:19:55.375,263,0,2,51,0,0,0,0,0,0,0x03
2026-09-06T21:19:55.375,262,0,1,50,0,0,0,0,0,0,0x03
2026-09-06T21:19:55.456,265,0,2,51,0,0,0,0,0,0,0x03
2026-09-06T21:19:55.456,264,0,1,55,0,0,0,0,0,0,0x03
2026-09-06T21:19:55.522,267,0,2,50,0,0,0,0,0,0,0x03
2026-09-06T21:19:55.522,266,0,1,51,0,0,0,0,0,0,0x03
2026-09-06T21:19:55.586,269,0,2,51,0,0,0,0,0,0,0x03
2026-09-06T21:19:55.586,268,0,1,51,0,0,0,0,0,0,0x03
2026-09-06T21:19:55.652,271,0,2,50,0,0,0,0,0,0,0x03
2026-09-06T21:19:55.652,270,0,1,51,0,0,0,0,0,0,0x03
2026-09-06T21:19:55.718,273,0,2,50,0,0,0,0,0,0,0x03
2026-09-06T21:19:55.718,272,0,1,51,0,0,0,0,0,0,0x03
2026-09-06T21:19:55.782,275,0,2,52,0,0,0,0,0,0,0x03
2026-09-06T21:19:55.782,274,0,1,51,0,0,0,0,0,0,0x03
2026-09-06T21:19:55.848,277,0,2,52,0,0,0,0,0,0,0x03
2026-09-06T21:19:55.848,276,0,1,50,0,0,0,0,0,0,0x03
2026-09-06T21:19:55.913,279,0,2,50,0,0,0,0,0,0,0x03
2026-09-06T21:19:55.913,278,0,1,50,0,0,0,0,0,0,0x03
2026-09-06T21:19:55.994,281,0,2,51,0,0,0,0,0,0,0x03
2026-09-06T21:19:55.995,280,0,1,51,0,0,0,0,0,0,0x03
2026-09-06T21:19:56.044,283,0,2,51,0,0,0,0,0,0,0x03
2026-09-06T21:19:56.044,282,0,1,51,0,0,0,0,0,0,0x03
2026-09-06T21:19:56.126,285,0,2,50,0,0,0,0,0,0,0x03
2026-09-06T21:19:56.126,284,0,1,50,0,0,0,0,0,0,0x03
2026-09-06T21:19:56.190,287,0,2,50,0,0,0,0,0,0,0x03
2026-09-06T21:19:56.190,286,0,1,50,0,0,0,0,0,0,0x03
2026-09-06T21:19:56.255,289,0,2,51,0,0,0,0,0,0,0x03
2026-09-06T21:19:56.255,288,0,1,50,0,0,0,0,0,0,0x03
2026-09-06T21:19:56.320,291,0,2,55,0,0,0,0,0,0,0x03
2026-09-06T21:19:56.320,290,0,1,52,0,0,0,0,0,0,0x03
2026-09-06T21:19:56.386,293,0,2,52,0,0,0,0,0,0,0x03
2026-09-06T21:19:56.386,292,0,1,51,0,0,0,0,0,0,0x03
2026-09-06T21:19:56.451,295,0,2,50,0,0,0,0,0,0,0x03
2026-09-06T21:19:56.451,294,0,1,50,0,0,0,0,0,0,0x03
2026-09-06T21:19:56.516,297,0,2,51,0,0,0,0,0,0,0x03
2026-09-06T21:19:56.517,296,0,1,50,0,0,0,0,0,0,0x03
2026-09-06T21:19:56.581,299,0,2,56,0,0,0,0,0,0,0x03
2026-09-06T21:19:56.581,298,0,1,51,0,0,0,0,0,0,0x03
2026-09-06T21:19:56.663,301,0,2,50,0,0,0,0,0,0,0x03
2026-09-06T21:19:56.663,300,0,1,51,0,0,0,0,0,0,0x03
2026-09-06T21:19:56.728,303,0,2,51,0,0,0,0,0,0,0x03
2026-09-06T21:19:56.728,302,0,1,53,0,0,0,0,0,0,0x03
2026-09-06T21:19:56.793,305,0,2,51,0,0,0,0,0,0,0x03
2026-09-06T21:19:56.793,304,0,1,50,0,0,0,0,0,0,0x03
2026-09-06T21:19:56.857,307,0,2,50,0,0,0,0,0,0,0x03
2026-09-06T21:19:56.858,306,0,1,51,0,0,0,0,0,0,0x03
2026-09-06T21:19:56.923,309,0,2,50,0,0,0,0,0,0,0x03
2026-09-06T21:19:56.923,308,0,1,50,0,0,0,0,0,0,0x03
2026-09-06T21:19:56.989,311,0,2,53,0,0,0,0,0,0,0x03
2026-09-06T21:19:56.989,310,0,1,51,0,0,0,0,0,0,0x03
2026-09-06T21:19:57.054,313,0,2,52,0,0,0,0,0,0,0x03
2026-09-06T21:19:57.054,312,0,1,50,0,0,0,0,0,0,0x03
2026-09-06T21:19:57.119,315,0,2,51,0,0,0,0,0,0,0x03
2026-09-06T21:19:57.119,314,0,1,53,0,0,0,0,0,0,0x03
2026-09-06T21:19:57.185,317,0,2,52,0,0,0,0,0,0,0x03
2026-09-06T21:19:57.185,316,0,1,52,0,0,0,0,0,0,0x03
2026-09-06T21:19:57.266,319,0,2,51,0,0,0,0,0,0,0x03
2026-09-06T21:19:57.266,318,0,1,52,0,0,0,0,0,0,0x03
2026-09-06T21:19:57.331,321,0,2,50,0,0,0,0,0,0,0x03
2026-09-06T21:19:57.331,320,0,1,50,0,0,0,0,0,0,0x03
2026-09-06T21:19:57.396,323,0,2,50,0,0,0,0,0,0,0x03
2026-09-06T21:19:57.396,322,0,1,51,0,0,0,0,0,0,0x03
2026-09-06T21:19:57.462,325,0,2,50,0,0,0,0,0,0,0x03
2026-09-06T21:19:57.462,324,0,1,52,0,0,0,0,0,0,0x03
2026-09-06T21:19:57.527,327,0,2,51,0,0,0,0,0,0,0x03
2026-09-06T21:19:57.527,326,0,1,52,0,0,0,0,0,0,0x03
2026-09-06T21:19:57.593,329,0,2,51,0,0,0,0,0,0,0x03
2026-09-06T21:19:57.593,328,0,1,50,0,0,0,0,0,0,0x03
2026-09-06T21:19:57.658,331,0,2,51,0,0,0,0,0,0,0x03
2026-09-06T21:19:57.658,330,0,1,50,0,0,0,0,0,0,0x03
2026-09-06T21:19:57.723,333,0,2,52,0,0,0,0,0,0,0x03
2026-09-06T21:19:57.723,332,0,1,52,0,0,0,0,0,0,0x03
2026-09-06T21:19:57.789,335,0,2,51,0,0,0,0,0,0,0x03
2026-09-06T21:19:57.789,334,0,1,55,0,0,0,0,0,0,0x03
2026-09-06T21:19:57.855,337,0,2,50,0,0,0,0,0,0,0x03
2026-09-06T21:19:57.855,336,0,1,51,0,0,0,0,0,0,0x03
2026-09-06T21:19:57.935,339,0,2,51,0,0,0,0,0,0,0x03
2026-09-06T21:19:57.935,338,0,1,51,0,0,0,0,0,0,0x03
2026-09-06T21:19:58.001,341,0,2,52,0,0,0,0,0,0,0x03
2026-09-06T21:19:58.001,340,0,1,50,0,0,0,0,0,0,0x03
2026-09-06T21:19:58.065,343,0,2,50,0,0,0,0,0,0,0x03
2026-09-06T21:19:58.066,342,0,1,50,0,0,0,0,0,0,0x03
2026-09-06T21:19:58.130,345,0,2,50,0,0,0,0,0,0,0x03
2026-09-06T21:19:58.130,344,0,1,50,0,0,0,0,0,0,0x03
2026-09-06T21:19:58.196,347,0,2,51,0,0,0,0,0,0,0x03
2026-09-06T21:19:58.196,346,0,1,54,0,0,0,0,0,0,0x03
2026-09-06T21:19:58.261,349,0,2,51,0,0,0,0,0,0,0x03
2026-09-06T21:19:58.261,348,0,1,51,0,0,0,0,0,0,0x03
2026-09-06T21:19:58.327,351,0,2,52,0,0,0,0,0,0,0x03
2026-09-06T21:19:58.327,350,0,1,50,0,0,0,0,0,0,0x03
2026-09-06T21:19:58.392,353,0,2,51,0,0,0,0,0,0,0x03
2026-09-06T21:19:58.392,352,0,1,52,0,0,0,0,0,0,0x03
2026-09-06T21:19:58.457,355,0,2,51,0,0,0,0,0,0,0x03
2026-09-06T21:19:58.457,354,0,1,52,0,0,0,0,0,0,0x03
2026-09-06T21:19:58.539,357,0,2,50,0,0,0,0,0,0,0x03
2026-09-06T21:19:58.539,356,0,1,51,0,0,0,0,0,0,0x03
2026-09-06T21:19:58.605,359,0,2,52,0,0,0,0,0,0,0x03
2026-09-06T21:19:58.605,358,0,1,52,0,0,0,0,0,0,0x03
2026-09-06T21:19:58.669,361,0,2,50,0,0,0,0,0,0,0x03
2026-09-06T21:19:58.670,360,0,1,52,0,0,0,0,0,0,0x03
2026-09-06T21:19:58.735,363,0,2,51,0,0,0,0,0,0,0x03
2026-09-06T21:19:58.735,362,0,1,51,0,0,0,0,0,0,0x03
2026-09-06T21:19:58.801,365,0,2,51,0,0,0,0,0,0,0x03
2026-09-06T21:19:58.801,364,0,1,50,0,0,0,0,0,0,0x03
2026-09-06T21:19:58.865,367,0,2,52,0,0,0,0,0,0,0x03
2026-09-06T21:19:58.865,366,0,1,54,0,0,0,0,0,0,0x03
2026-09-06T21:19:58.931,369,0,2,51,0,0,0,0,0,0,0x03
2026-09-06T21:19:58.931,368,0,1,51,0,0,0,0,0,0,0x03
2026-09-06T21:19:58.996,371,0,2,50,0,0,0,0,0,0,0x03
2026-09-06T21:19:58.996,370,0,1,50,0,0,0,0,0,0,0x03
2026-09-06T21:19:59.062,373,0,2,50,0,0,0,0,0,0,0x03
2026-09-06T21:19:59.062,372,0,1,51,0,0,0,0,0,0,0x03
2026-09-06T21:19:59.143,375,0,2,50,0,0,0,0,0,0,0x03
2026-09-06T21:19:59.143,374,0,1,51,0,0,0,0,0,0,0x03
2026-09-06T21:19:59.192,377,0,2,52,0,0,0,0,0,0,0x03
2026-09-06T21:19:59.192,376,0,1,51,0,0,0,0,0,0,0x03
2026-09-06T21:19:59.273,379,0,2,50,0,0,0,0,0,0,0x03
2026-09-06T21:19:59.273,378,0,1,50,0,0,0,0,0,0,0x03
2026-09-06T21:19:59.337,381,0,2,50,0,0,0,0,0,0,0x03
2026-09-06T21:19:59.403,383,0,2,50,0,0,29035,0,0,33731,0x07
2026-09-06T21:19:59.467,385,0,2,51,3209,1157,37755,3500,1353,40000,0x07
2026-09-06T21:19:59.532,385,0,2,50,3278,1200,38433,3486,3120,35156,0x07
2026-09-06T21:19:59.597,387,0,2,50,3278,1100,38858,3486,2940,35921,0x07
2026-09-06T21:19:59.662,387,0,2,51,3277,1353,37779,3485,2549,37573,0x07
2026-09-06T21:19:59.743,387,0,2,50,3277,1400,37579,3485,2860,36251,0x07
2026-09-06T21:19:59.809,65535,0,2,51,0,0,0,0,0,0,0x0b
2026-09-06T21:19:59.873,65535,0,2,52,0,0,0,0,0,0,0x0b
2026-09-06T21:19:59.939,65535,0,2,51,0,0,0,0,0,0,0x0b
2026-09-06T21:20:00.004,65535,0,2,52,0,0,0,0,0,0,0x0b
2026-09-06T21:20:00.068,65535,0,2,50,0,0,0,0,0,0,0x0b
2026-09-06T21:20:00.134,65535,0,2,51,0,0,0,0,0,0,0x0b
2026-09-06T21:20:00.199,65535,0,2,51,0,0,0,0,0,0,0x0b
2026-09-06T21:20:00.265,65535,0,2,50,0,0,0,0,0,0,0x0b
2026-09-06T21:20:00.346,65535,0,2,50,0,0,0,0,0,0,0x0b
2026-09-06T21:20:00.411,65535,0,2,52,0,0,0,0,0,0,0x0b
2026-09-06T21:20:00.476,65535,0,2,50,0,0,0,0,0,0,0x0b
2026-09-06T21:20:00.540,65535,0,2,52,0,0,0,0,0,0,0x0b
2026-09-06T21:20:00.605,65535,0,2,53,0,0,0,0,0,0,0x0b
2026-09-06T21:20:00.670,65535,0,2,50,0,0,0,0,0,0,0x0b
2026-09-06T21:20:00.736,65535,0,2,50,0,0,0,0,0,0,0x0b
2026-09-06T21:20:00.801,65535,0,2,51,0,0,0,0,0,0,0x0b
2026-09-06T21:20:00.882,65535,0,2,54,0,0,0,0,0,0,0x0b
2026-09-06T21:20:00.948,65535,0,2,50,0,0,0,0,0,0,0x0b
2026-09-06T21:20:01.013,65535,0,2,51,0,0,0,0,0,0,0x0b
2026-09-06T21:20:01.078,65535,0,2,50,0,0,0,0,0,0,0x0b
2026-09-06T21:20:01.143,65535,0,2,51,0,0,0,0,0,0,0x0b
2026-09-06T21:20:01.208,65535,0,2,50,0,0,0,0,0,0,0x0b
2026-09-06T21:20:01.272,65535,0,2,52,0,0,0,0,0,0,0x0b
2026-09-06T21:20:01.338,65535,0,2,50,0,0,0,0,0,0,0x0b
2026-09-06T21:20:01.420,65535,0,2,51,0,0,0,0,0,0,0x0b
2026-09-06T21:20:01.468,65535,0,2,51,0,0,0,0,0,0,0x0b
2026-09-06T21:20:01.549,65535,0,2,50,0,0,0,0,0,0,0x0b
2026-09-06T21:20:01.615,65535,0,2,52,0,0,0,0,0,0,0x0b
2026-09-06T21:20:01.680,65535,0,2,51,0,0,0,0,0,0,0x0b
2026-09-06T21:20:01.744,65535,0,2,50,0,0,0,0,0,0,0x0b
2026-09-06T21:20:01.809,65535,0,2,52,0,0,0,0,0,0,0x0b
2026-09-06T21:20:01.874,65535,0,2,51,0,0,0,0,0,0,0x0b
2026-09-06T21:20:02.133,65535,0,2,51,0,0,0,0,0,0,0x0b
2026-09-06T21:20:02.346,65535,0,2,50,0,0,0,0,0,0,0x0b
2026-09-06T21:20:02.411,65535,0,2,51,0,0,0,0,0,0,0x0b
2026-09-06T21:20:02.477,65535,0,2,50,0,0,0,0,0,0,0x0b
2026-09-06T21:20:02.542,65535,0,2,52,0,0,0,0,0,0,0x0b
2026-09-06T21:20:02.623,65535,0,2,50,0,0,0,0,0,0,0x0b
2026-09-06T21:20:02.688,65535,0,2,52,0,0,0,0,0,0,0x0b
2026-09-06T21:20:02.948,65535,0,2,51,0,0,0,0,0,0,0x0b
2026-09-06T21:20:03.484,65535,0,2,50,0,0,0,0,0,0,0x0b
2026-09-06T21:20:03.550,65535,0,2,50,0,0,0,0,0,0,0x0b
2026-09-06T21:20:03.614,65535,0,2,50,0,0,0,0,0,0,0x0b
2026-09-06T21:20:03.680,65535,0,2,50,0,0,0,0,0,0,0x0b
2026-09-06T21:20:03.761,65535,0,2,50,0,0,0,0,0,0,0x0b
2026-09-06T21:20:03.825,65535,0,2,51,0,0,0,0,0,0,0x0b
2026-09-06T21:20:03.889,65535,0,2,51,0,0,0,0,0,0,0x0b
2026-09-06T21:20:03.955,65535,0,2,52,0,0,0,0,0,0,0x0b
2026-09-06T21:20:04.020,65535,0,2,50,0,0,0,0,0,0,0x0b
2026-09-06T21:20:04.085,65535,0,2,50,0,0,0,0,0,0,0x0b
2026-09-06T21:20:04.150,65535,0,2,51,0,0,0,0,0,0,0x0b
2026-09-06T21:20:04.232,65535,0,2,51,0,0,0,0,0,0,0x0b
2026-09-06T21:20:04.297,65535,0,2,50,0,0,0,0,0,0,0x0b
2026-09-06T21:20:04.362,65535,0,2,50,0,0,0,0,0,0,0x0b
2026-09-06T21:20:04.427,65535,0,2,50,0,0,0,0,0,0,0x0b
2026-09-06T21:20:04.492,65535,0,2,50,0,0,0,0,0,0,0x0b
2026-09-06T21:20:04.752,65535,0,2,52,0,0,0,0,0,0,0x0b
2026-09-06T21:20:05.159,65535,0,2,50,0,0,0,0,0,0,0x0b
2026-09-06T21:20:05.224,65535,0,2,50,0,0,0,0,0,0,0x0b
2026-09-06T21:20:05.289,65535,0,2,51,0,0,0,0,0,0,0x0b
2026-09-06T21:20:05.355,65535,0,2,51,0,0,0,0,0,0,0x0b
2026-09-06T21:20:05.421,65535,0,2,50,0,0,0,0,0,0,0x0b
2026-09-06T21:20:05.503,65535,0,2,50,0,0,0,0,0,0,0x0b
2026-09-06T21:20:05.568,65535,0,2,51,0,0,0,0,0,0,0x0b
2026-09-06T21:20:05.632,65535,0,2,51,0,0,0,0,0,0,0x0b
2026-09-06T21:20:05.698,65535,0,2,52,0,0,0,0,0,0,0x0b
2026-09-06T21:20:05.763,65535,0,2,51,0,0,0,0,0,0,0x0b
2026-09-06T21:20:05.829,65535,0,2,51,0,0,0,0,0,0,0x0b
2026-09-06T21:20:05.894,65535,0,2,51,0,0,0,0,0,0,0x0b
2026-09-06T21:20:05.959,65535,0,2,51,0,0,0,0,0,0,0x0b
2026-09-06T21:20:06.025,65535,0,2,50,0,0,0,0,0,0,0x0b
2026-09-06T21:20:06.090,65535,0,2,50,0,0,0,0,0,0,0x0b
2026-09-06T21:20:06.155,65535,0,2,50,0,0,0,0,0,0,0x0b
2026-09-06T21:20:06.236,65535,0,2,51,0,0,0,0,0,0,0x0b
2026-09-06T21:20:06.301,65535,0,2,52,0,0,0,0,0,0,0x0b
2026-09-06T21:20:06.366,65535,0,2,50,0,0,0,0,0,0,0x0b
2026-09-06T21:20:06.432,65535,0,2,51,0,0,0,0,0,0,0x0b
2026-09-06T21:20:06.498,65535,0,2,50,0,0,0,0,0,0,0x0b
2026-09-06T21:20:06.562,65535,0,2,50,0,0,0,0,0,0,0x0b
2026-09-06T21:20:06.627,65535,0,2,50,0,0,0,0,0,0,0x0b
2026-09-06T21:20:06.692,65535,0,2,50,0,0,0,0,0,0,0x0b
2026-09-06T21:20:06.759,65535,0,2,50,0,0,0,0,0,0,0x0b
2026-09-06T21:20:06.840,65535,0,2,51,0,0,0,0,0,0,0x0b
2026-09-06T21:20:06.905,65535,0,2,51,0,0,0,0,0,0,0x0b
2026-09-06T21:20:06.970,65535,0,2,51,0,0,0,0,0,0,0x0b
2026-09-06T21:20:07.036,65535,0,2,51,0,0,0,0,0,0,0x0b
2026-09-06T21:20:07.101,65535,0,2,50,0,0,0,0,0,0,0x0b
2026-09-06T21:20:07.167,65535,0,2,50,0,0,0,0,0,0,0x0b
2026-09-06T21:20:07.232,65535,0,2,51,0,0,0,0,0,0,0x0b
2026-09-06T21:20:07.296,65535,0,2,52,0,0,0,0,0,0,0x0b
2026-09-06T21:20:07.377,65535,0,2,50,0,0,0,0,0,0,0x0b
2026-09-06T21:20:07.442,65535,0,2,51,0,0,0,0,0,0,0x0b
2026-09-06T21:20:07.508,65535,0,2,52,0,0,0,0,0,0,0x0b
2026-09-06T21:20:07.572,65535,0,2,51,0,0,0,0,0,0,0x0b
2026-09-06T21:20:07.636,65535,0,2,50,0,0,0,0,0,0,0x0b
2026-09-06T21:20:07.701,65535,0,2,52,0,0,0,0,0,0,0x0b
2026-09-06T21:20:07.766,65535,0,2,50,0,0,0,0,0,0,0x0b
2026-09-06T21:20:07.832,65535,0,2,51,0,0,0,0,0,0,0x0b
2026-09-06T21:20:07.898,65535,0,2,50,0,0,0,0,0,0,0x0b
2026-09-06T21:20:07.964,65535,0,2,53,0,0,0,0,0,0,0x0b
2026-09-06T21:20:08.044,65535,0,2,52,0,0,0,0,0,0,0x0b
2026-09-06T21:20:08.109,65535,0,2,51,0,0,0,0,0,0,0x0b
2026-09-06T21:20:08.174,65535,0,2,52,0,0,0,0,0,0,0x0b
2026-09-06T21:20:08.239,65535,0,2,50,0,0,0,0,0,0,0x0b
2026-09-06T21:20:08.305,65535,0,2,51,0,0,0,0,0,0,0x0b
2026-09-06T21:20:08.370,65535,0,2,51,0,0,0,0,0,0,0x0b
2026-09-06T21:20:08.435,65535,0,2,52,0,0,0,0,0,0,0x0b
2026-09-06T21:20:08.501,65535,0,2,50,0,0,0,0,0,0,0x0b
2026-09-06T21:20:08.582,65535,0,2,50,0,0,0,0,0,0,0x0b
2026-09-06T21:20:08.647,65535,0,2,53,0,0,0,0,0,0,0x0b
2026-09-06T21:20:08.712,65535,0,2,52,0,0,0,0,0,0,0x0b
2026-09-06T21:20:08.777,65535,0,2,51,0,0,0,0,0,0,0x0b
2026-09-06T21:20:08.843,65535,0,2,52,0,0,0,0,0,0,0x0b
2026-09-06T21:20:08.908,65535,0,2,52,0,0,0,0,0,0,0x0b
2026-09-06T21:20:08.973,65535,0,2,51,0,0,0,0,0,0,0x0b
2026-09-06T21:20:09.039,65535,0,2,51,0,0,0,0,0,0,0x0b
2026-09-06T21:20:09.120,65535,0,2,50,0,0,0,0,0,0,0x0b
2026-09-06T21:20:09.185,65535,0,2,51,0,0,0,0,0,0,0x0b
2026-09-06T21:20:09.249,65535,0,2,52,0,0,0,0,0,0,0x0b
2026-09-06T21:20:09.315,65535,0,2,51,0,0,0,0,0,0,0x0b
2026-09-06T21:20:09.380,65535,0,2,50,0,0,0,0,0,0,0x0b
2026-09-06T21:20:09.444,65535,0,2,50,0,0,0,0,0,0,0x0b
2026-09-06T21:20:09.509,65535,0,2,50,0,0,0,0,0,0,0x0b
2026-09-06T21:20:09.575,65535,0,2,50,0,0,0,0,0,0,0x0b
2026-09-06T21:20:09.640,65535,0,2,52,0,0,0,0,0,0,0x0b
2026-09-06T21:20:09.705,65535,0,2,52,0,0,0,0,0,0,0x0b
2026-09-06T21:20:09.787,65535,0,2,51,0,0,0,0,0,0,0x0b
2026-09-06T21:20:09.852,65535,0,2,52,0,0,0,0,0,0,0x0b
2026-09-06T21:20:09.917,65535,0,2,52,0,0,0,0,0,0,0x0b
2026-09-06T21:20:09.982,65535,0,2,51,0,0,0,0,0,0,0x0b
2026-09-06T21:20:10.047,65535,0,2,51,0,0,0,0,0,0,0x0b
2026-09-06T21:20:10.113,65535,0,2,52,0,0,0,0,0,0,0x0b
2026-09-06T21:20:10.178,65535,0,2,52,0,0,0,0,0,0,0x0b
2026-09-06T21:20:10.243,65535,0,2,52,0,0,0,0,0,0,0x0b
2026-09-06T21:20:10.309,65535,0,2,50,0,0,0,0,0,0,0x0b
2026-09-06T21:20:10.391,65535,0,2,52,0,0,0,0,0,0,0x0b
2026-09-06T21:20:10.455,65535,0,2,52,0,0,0,0,0,0,0x0b
2026-09-06T21:20:10.520,65535,0,2,51,0,0,0,0,0,0,0x0b
2026-09-06T21:20:10.586,65535,0,2,52,0,0,0,0,0,0,0x0b
2026-09-06T21:20:10.650,65535,0,2,52,0,0,0,0,0,0,0x0b
2026-09-06T21:20:10.715,65535,0,2,50,0,0,0,0,0,0,0x0b
2026-09-06T21:20:10.780,65535,0,2,50,0,0,0,0,0,0,0x0b
2026-09-06T21:20:10.846,65535,0,2,50,0,0,0,0,0,0,0x0b
2026-09-06T21:20:10.926,65535,0,2,50,0,0,0,0,0,0,0x0b
2026-09-06T21:20:10.991,65535,0,2,51,0,0,0,0,0,0,0x0b
2026-09-06T21:20:11.056,65535,0,2,50,0,0,0,0,0,0,0x0b
2026-09-06T21:20:11.121,65535,0,2,51,0,0,0,0,0,0,0x0b
2026-09-06T21:20:11.187,65535,0,2,52,0,0,0,0,0,0,0x0b
2026-09-06T21:20:11.252,65535,0,2,51,0,0,0,0,0,0,0x0b
2026-09-06T21:20:11.316,65535,0,2,52,0,0,0,0,0,0,0x0b
2026-09-06T21:20:11.381,65535,0,2,50,0,0,0,0,0,0,0x0b
2026-09-06T21:20:11.463,65535,0,2,50,0,0,0,0,0,0,0x0b
2026-09-06T21:20:11.512,65535,0,2,50,0,0,0,0,0,0,0x0b
2026-09-06T21:20:11.594,65535,0,2,51,0,0,0,0,0,0,0x0b
2026-09-06T21:20:11.659,65535,0,2,51,0,0,0,0,0,0,0x0b
2026-09-06T21:20:11.724,65535,0,2,50,0,0,0,0,0,0,0x0b
2026-09-06T21:20:11.788,65535,0,2,52,0,0,0,0,0,0,0x0b
2026-09-06T21:20:11.853,65535,0,2,52,0,0,0,0,0,0,0x0b
2026-09-06T21:20:11.918,65535,0,2,50,0,0,0,0,0,0,0x0b
2026-09-06T21:20:11.983,65535,0,2,52,0,0,0,0,0,0,0x0b
2026-09-06T21:20:12.049,65535,0,2,51,0,0,0,0,0,0,0x0b
2026-09-06T21:20:12.130,65535,0,2,51,0,0,0,0,0,0,0x0b
2026-09-06T21:20:12.196,65535,0,2,50,0,0,0,0,0,0,0x0b
2026-09-06T21:20:12.260,65535,0,2,50,0,0,0,0,0,0,0x0b
2026-09-06T21:20:12.325,65535,0,2,51,0,0,0,0,0,0,0x0b
2026-09-06T21:20:12.391,65535,0,2,52,0,0,0,0,0,0,0x0b
2026-09-06T21:20:12.456,65535,0,2,50,0,0,0,0,0,0,0x0b
2026-09-06T21:20:12.521,65535,0,2,50,0,0,0,0,0,0,0x0b
2026-09-06T21:20:12.587,65535,0,2,50,0,0,0,0,0,0,0x0b
2026-09-06T21:20:12.652,65535,0,2,52,0,0,0,0,0,0,0x0b
2026-09-06T21:20:12.733,65535,0,2,52,0,0,0,0,0,0,0x0b
2026-09-06T21:20:12.799,65535,0,2,51,0,0,0,0,0,0,0x0b
2026-09-06T21:20:12.863,65535,0,2,51,0,0,0,0,0,0,0x0b
2026-09-06T21:20:12.928,65535,0,2,51,0,0,0,0,0,0,0x0b
2026-09-06T21:20:12.994,65535,0,2,50,0,0,0,0,0,0,0x0b
2026-09-06T21:20:13.058,65535,0,2,50,0,0,0,0,0,0,0x0b
2026-09-06T21:20:13.123,65535,0,2,50,0,0,0,0,0,0,0x0b
2026-09-06T21:20:13.189,65535,0,2,51,0,0,0,0,0,0,0x0b
2026-09-06T21:20:13.270,65535,0,2,50,0,0,0,0,0,0,0x0b
2026-09-06T21:20:13.320,65535,0,2,51,0,0,0,0,0,0,0x0b
2026-09-06T21:20:13.401,65535,0,2,50,0,0,0,0,0,0,0x0b
2026-09-06T21:20:13.466,65535,0,2,50,0,0,0,0,0,0,0x0b
2026-09-06T21:20:13.531,65535,0,2,52,0,0,0,0,0,0,0x0b
2026-09-06T21:20:13.596,65535,0,2,50,0,0,0,0,0,0,0x0b
2026-09-06T21:20:13.662,65535,0,2,50,0,0,0,0,0,0,0x0b
2026-09-06T21:20:13.727,65535,0,2,50,0,0,0,0,0,0,0x0b
2026-09-06T21:20:13.792,65535,0,2,51,0,0,0,0,0,0,0x0b
2026-09-06T21:20:13.858,65535,0,2,51,0,0,0,0,0,0,0x0b
2026-09-06T21:20:13.923,65535,0,2,50,0,0,0,0,0,0,0x0b
2026-09-06T21:20:14.005,65535,0,2,50,0,0,0,0,0,0,0x0b
2026-09-06T21:20:14.070,65535,0,2,50,0,0,0,0,0,0,0x0b
2026-09-06T21:20:14.135,65535,0,2,52,0,0,0,0,0,0,0x0b
2026-09-06T21:20:14.199,65535,0,2,51,0,0,0,0,0,0,0x0b
2026-09-06T21:20:14.265,65535,0,2,52,0,0,0,0,0,0,0x0b
2026-09-06T21:20:14.330,65535,0,2,51,0,0,0,0,0,0,0x0b
2026-09-06T21:20:14.395,65535,0,2,50,0,0,0,0,0,0,0x0b
2026-09-06T21:20:14.461,65535,0,2,51,0,0,0,0,0,0,0x0b
2026-09-06T21:20:14.543,65535,0,2,51,0,0,0,0,0,0,0x0b
2026-09-06T21:20:14.591,65535,0,2,54,0,0,0,0,0,0,0x0b
2026-09-06T21:20:14.673,65535,0,2,52,0,0,0,0,0,0,0x0b
2026-09-06T21:20:14.738,65535,0,2,51,0,0,0,0,0,0,0x0b
2026-09-06T21:20:14.804,65535,0,2,51,0,0,0,0,0,0,0x0b
2026-09-06T21:20:14.869,65535,0,2,51,0,0,0,0,0,0,0x0b
2026-09-06T21:20:14.934,65535,0,2,51,0,0,0,0,0,0,0x0b
2026-09-06T21:20:14.999,65535,0,2,51,0,0,0,0,0,0,0x0b
2026-09-06T21:20:15.064,65535,0,2,51,0,0,0,0,0,0,0x0b
2026-09-06T21:20:15.129,65535,0,2,50,0,0,0,0,0,0,0x0b
2026-09-06T21:20:15.211,65535,0,2,52,0,0,0,0,0,0,0x0b
2026-09-06T21:20:15.276,65535,0,2,54,0,0,0,0,0,0,0x0b
2026-09-06T21:20:15.340,65535,0,2,51,0,0,0,0,0,0,0x0b
2026-09-06T21:20:15.406,65535,0,2,50,0,0,0,0,0,0,0x0b
2026-09-06T21:20:15.470,65535,0,2,52,0,0,0,0,0,0,0x0b
2026-09-06T21:20:15.535,65535,0,2,51,0,0,0,0,0,0,0x0b
2026-09-06T21:20:15.601,65535,0,2,52,0,0,0,0,0,0,0x0b
2026-09-06T21:20:15.665,65535,0,2,51,0,0,0,0,0,0,0x0b
2026-09-06T21:20:15.746,65535,0,2,51,0,0,0,0,0,0,0x0b
2026-09-06T21:20:15.812,65535,0,2,51,0,0,0,0,0,0,0x0b
2026-09-06T21:20:15.876,65535,0,2,51,0,0,0,0,0,0,0x0b
2026-09-06T21:20:15.942,65535,0,2,50,0,0,0,0,0,0,0x0b
2026-09-06T21:20:16.007,65535,0,2,52,0,0,0,0,0,0,0x0b
2026-09-06T21:20:16.073,65535,0,2,52,0,0,0,0,0,0,0x0b
2026-09-06T21:20:16.137,65535,0,2,50,0,0,0,0,0,0,0x0b
2026-09-06T21:20:16.203,65535,0,2,51,0,0,0,0,0,0,0x0b
2026-09-06T21:20:16.268,65535,0,2,51,0,0,0,0,0,0,0x0b
2026-09-06T21:20:16.349,65535,0,2,52,0,0,0,0,0,0,0x0b
2026-09-06T21:20:16.415,65535,0,2,50,0,0,0,0,0,0,0x0b
2026-09-06T21:20:16.480,65535,0,2,51,0,0,0,0,0,0,0x0b
2026-09-06T21:20:16.545,65535,0,2,53,0,0,0,0,0,0,0x0b
2026-09-06T21:20:16.611,65535,0,2,50,0,0,0,0,0,0,0x0b
2026-09-06T21:20:16.676,65535,0,2,50,0,0,0,0,0,0,0x0b
2026-09-06T21:20:16.741,65535,0,2,50,0,0,0,0,0,0,0x0b
2026-09-06T21:20:16.806,65535,0,2,51,0,0,0,0,0,0,0x0b
2026-09-06T21:20:16.887,65535,0,2,50,0,0,0,0,0,0,0x0b
2026-09-06T21:20:16.951,65535,0,2,52,0,0,0,0,0,0,0x0b
2026-09-06T21:20:17.017,65535,0,2,52,0,0,0,0,0,0,0x0b
2026-09-06T21:20:17.082,65535,0,2,50,0,0,0,0,0,0,0x0b
2026-09-06T21:20:17.146,65535,0,2,50,0,0,0,0,0,0,0x0b
2026-09-06T21:20:17.212,65535,0,2,51,0,0,0,0,0,0,0x0b
2026-09-06T21:20:17.277,65535,0,2,51,0,0,0,0,0,0,0x0b
2026-09-06T21:20:17.342,65535,0,2,52,0,0,0,0,0,0,0x0b
2026-09-06T21:20:17.423,65535,0,2,52,0,0,0,0,0,0,0x0b
2026-09-06T21:20:17.472,65535,0,2,51,0,0,0,0,0,0,0x0b
2026-09-06T21:20:17.553,65535,0,2,51,0,0,0,0,0,0,0x0b
2026-09-06T21:20:17.619,65535,0,2,50,0,0,0,0,0,0,0x0b
2026-09-06T21:20:17.683,65535,0,2,51,0,0,0,0,0,0,0x0b
2026-09-06T21:20:17.749,65535,0,2,51,0,0,0,0,0,0,0x0b
2026-09-06T21:20:17.814,65535,0,2,51,0,0,0,0,0,0,0x0b
2026-09-06T21:20:17.879,65535,0,2,51,0,0,0,0,0,0,0x0b
2026-09-06T21:20:17.944,65535,0,2,52,0,0,0,0,0,0,0x0b
2026-09-06T21:20:18.009,65535,0,2,52,0,0,0,0,0,0,0x0b
2026-09-06T21:20:18.090,65535,0,2,51,0,0,0,0,0,0,0x0b
2026-09-06T21:20:18.156,65535,0,2,51,0,0,0,0,0,0,0x0b
2026-09-06T21:20:18.221,65535,0,2,51,0,0,0,0,0,0,0x0b
2026-09-06T21:20:18.286,65535,0,2,50,0,0,0,0,0,0,0x0b
2026-09-06T21:20:18.351,65535,0,2,50,0,0,0,0,0,0,0x0b
2026-09-06T21:20:18.416,65535,0,2,52,0,0,0,0,0,0,0x0b
2026-09-06T21:20:18.481,65535,0,2,50,0,0,0,0,0,0,0x0b
2026-09-06T21:20:18.547,65535,0,2,51,0,0,0,0,0,0,0x0b
2026-09-06T21:20:18.612,65535,0,2,50,0,0,0,0,0,0,0x0b
2026-09-06T21:20:18.694,65535,0,2,51,0,0,0,0,0,0,0x0b
2026-09-06T21:20:18.743,65535,0,2,50,0,0,0,0,0,0,0x0b
2026-09-06T21:20:18.825,65535,0,2,51,0,0,0,0,0,0,0x0b
2026-09-06T21:20:18.890,65535,0,2,54,0,0,0,0,0,0,0x0b
2026-09-06T21:20:18.955,65535,0,2,51,0,0,0,0,0,0,0x0b
2026-09-06T21:20:19.021,65535,0,2,51,0,0,0,0,0,0,0x0b
2026-09-06T21:20:19.086,65535,0,2,51,0,0,0,0,0,0,0x0b
2026-09-06T21:20:19.151,65535,0,2,51,0,0,0,0,0,0,0x0b
2026-09-06T21:20:19.216,65535,0,2,51,0,0,0,0,0,0,0x0b
2026-09-06T21:20:19.282,65535,0,2,50,0,0,0,0,0,0,0x0b
2026-09-06T21:20:19.363,65535,0,2,52,0,0,0,0,0,0,0x0b
2026-09-06T21:20:19.428,65535,0,2,51,0,0,0,0,0,0,0x0b
2026-09-06T21:20:19.494,65535,0,2,50,0,0,0,0,0,0,0x0b
2026-09-06T21:20:19.559,65535,0,2,52,0,0,0,0,0,0,0x0b
2026-09-06T21:20:19.624,65535,0,2,51,0,0,0,0,0,0,0x0b
2026-09-06T21:20:19.689,65535,0,2,51,0,0,0,0,0,0,0x0b
2026-09-06T21:20:19.754,65535,0,2,51,0,0,0,0,0,0,0x0b
2026-09-06T21:20:19.819,65535,0,2,51,0,0,0,0,0,0,0x0b
2026-09-06T21:20:19.885,65535,0,2,50,0,0,0,0,0,0,0x0b
2026-09-06T21:20:19.966,65535,0,2,52,0,0,0,0,0,0,0x0b
2026-09-06T21:20:20.015,65535,0,2,52,0,0,0,0,0,0,0x0b
2026-09-06T21:20:20.096,65535,0,2,51,0,0,0,0,0,0,0x0b
2026-09-06T21:20:20.162,65535,0,2,51,0,0,0,0,0,0,0x0b
2026-09-06T21:20:20.226,65535,0,2,50,0,0,0,0,0,0,0x0b
2026-09-06T21:20:20.292,65535,0,2,50,0,0,0,0,0,0,0x0b
2026-09-06T21:20:20.356,65535,0,2,50,0,0,0,0,0,0,0x0b
2026-09-06T21:20:20.421,65535,0,2,50,0,0,0,0,0,0,0x0b
2026-09-06T21:20:20.503,65535,0,2,51,0,0,0,0,0,0,0x0b
2026-09-06T21:20:20.552,65535,0,2,50,0,0,0,0,0,0,0x0b
2026-09-06T21:20:20.633,65535,0,2,50,0,0,0,0,0,0,0x0b
2026-09-06T21:20:20.699,65535,0,2,50,0,0,0,0,0,0,0x0b
2026-09-06T21:20:20.764,65535,0,2,51,0,0,0,0,0,0,0x0b
2026-09-06T21:20:20.830,65535,0,2,50,0,0,0,0,0,0,0x0b
2026-09-06T21:20:20.895,65535,0,2,51,0,0,0,0,0,0,0x0b
2026-09-06T21:20:20.960,65535,0,2,52,0,0,0,0,0,0,0x0b
2026-09-06T21:20:21.025,65535,0,2,50,0,0,0,0,0,0,0x0b
2026-09-06T21:20:21.091,65535,0,2,51,0,0,0,0,0,0,0x0b
2026-09-06T21:20:21.156,65535,0,2,51,0,0,0,0,0,0,0x0b
2026-09-06T21:20:21.238,65535,0,2,52,0,0,0,0,0,0,0x0b
2026-09-06T21:20:21.303,65535,0,2,52,0,0,0,0,0,0,0x0b
2026-09-06T21:20:21.367,65535,0,2,52,0,0,0,0,0,0,0x0b
2026-09-06T21:20:21.433,65535,0,2,50,0,0,0,0,0,0,0x0b
2026-09-06T21:20:21.498,65535,0,2,51,0,0,0,0,0,0,0x0b
2026-09-06T21:20:21.562,65535,0,2,51,0,0,0,0,0,0,0x0b
2026-09-06T21:20:21.628,65535,0,2,51,0,0,0,0,0,0,0x0b
2026-09-06T21:20:21.693,65535,0,2,52,0,0,0,0,0,0,0x0b
2026-09-06T21:20:21.775,65535,0,2,50,0,0,0,0,0,0,0x0b
2026-09-06T21:20:21.824,65535,0,2,51,0,0,0,0,0,0,0x0b
2026-09-06T21:20:21.906,65535,0,2,52,0,0,0,0,0,0,0x0b
2026-09-06T21:20:21.971,65535,0,2,51,0,0,0,0,0,0,0x0b
2026-09-06T21:20:22.035,65535,0,2,50,0,0,0,0,0,0,0x0b
2026-09-06T21:20:22.100,65535,0,2,53,0,0,0,0,0,0,0x0b
2026-09-06T21:20:22.165,65535,0,2,50,0,0,0,0,0,0,0x0b
2026-09-06T21:20:22.230,65535,0,2,51,0,0,0,0,0,0,0x0b
2026-09-06T21:20:22.311,65535,0,2,51,0,0,0,0,0,0,0x0b
2026-09-06T21:20:22.360,65535,0,2,50,0,0,0,0,0,0,0x0b
2026-09-06T21:20:22.442,65535,0,2,52,0,0,0,0,0,0,0x0b
2026-09-06T21:20:22.507,65535,0,2,50,0,0,0,0,0,0,0x0b
2026-09-06T21:20:22.571,65535,0,2,51,0,0,0,0,0,0,0x0b
2026-09-06T21:20:22.636,65535,0,2,51,0,0,0,0,0,0,0x0b
2026-09-06T21:20:22.702,65535,0,2,51,0,0,0,0,0,0,0x0b
2026-09-06T21:20:22.767,65535,0,2,53,0,0,0,0,0,0,0x0b
2026-09-06T21:20:23.027,65535,0,2,50,0,0,0,0,0,0,0x0b
2026-09-06T21:20:23.969,65535,0,2,51,0,0,0,0,0,0,0x0b
2026-09-06T21:20:24.051,65535,0,2,51,0,0,0,0,0,0,0x0b
2026-09-06T21:20:24.115,65535,0,2,51,0,0,0,0,0,0,0x0b
2026-09-06T21:20:24.181,65535,0,2,51,0,0,0,0,0,0,0x0b
2026-09-06T21:20:24.245,65535,0,2,50,0,0,0,0,0,0,0x0b
2026-09-06T21:20:24.310,65535,0,2,50,0,0,0,0,0,0,0x0b
2026-09-06T21:20:24.375,65535,0,2,51,0,0,0,0,0,0,0x0b
2026-09-06T21:20:24.441,65535,0,2,51,0,0,0,0,0,0,0x0b
2026-09-06T21:20:24.506,65535,0,2,51,0,0,0,0,0,0,0x0b
2026-09-06T21:20:24.571,65535,0,2,50,0,0,0,0,0,0,0x0b
2026-09-06T21:20:24.637,65535,0,2,51,0,0,0,0,0,0,0x0b
2026-09-06T21:20:24.717,65535,0,2,50,0,0,0,0,0,0,0x0b
2026-09-06T21:20:24.782,65535,0,2,50,0,0,0,0,0,0,0x0b
2026-09-06T21:20:24.847,65535,0,2,52,0,0,0,0,0,0,0x0b
2026-09-06T21:20:24.913,65535,0,2,52,0,0,0,0,0,0,0x0b
2026-09-06T21:20:24.978,65535,0,2,51,0,0,0,0,0,0,0x0b
2026-09-06T21:20:25.043,65535,0,2,50,0,0,0,0,0,0,0x0b
2026-09-06T21:20:25.108,65535,0,2,52,0,0,0,0,0,0,0x0b
2026-09-06T21:20:25.173,65535,0,2,51,0,0,0,0,0,0,0x0b
2026-09-06T21:20:25.255,65535,0,2,51,0,0,0,0,0,0,0x0b
2026-09-06T21:20:25.320,65535,0,2,53,0,0,0,0,0,0,0x0b
2026-09-06T21:20:25.385,65535,0,2,51,0,0,0,0,0,0,0x0b
2026-09-06T21:20:25.450,65535,0,2,51,0,0,0,0,0,0,0x0b
2026-09-06T21:20:25.515,65535,0,2,50,0,0,0,0,0,0,0x0b
2026-09-06T21:20:25.580,65535,0,2,51,0,0,0,0,0,0,0x0b
2026-09-06T21:20:25.646,65535,0,2,51,0,0,0,0,0,0,0x0b
2026-09-06T21:20:25.710,65535,0,2,52,0,0,0,0,0,0,0x0b
2026-09-06T21:20:25.775,65535,0,2,51,0,0,0,0,0,0,0x0b
2026-09-06T21:20:25.857,65535,0,2,50,0,0,0,0,0,0,0x0b
2026-09-06T21:20:25.921,65535,0,2,51,0,0,0,0,0,0,0x0b
2026-09-06T21:20:25.986,65535,0,2,50,0,0,0,0,0,0,0x0b
2026-09-06T21:20:26.051,65535,0,2,50,0,0,0,0,0,0,0x0b
2026-09-06T21:20:26.117,65535,0,2,50,0,0,0,0,0,0,0x0b
2026-09-06T21:20:26.182,65535,0,2,51,0,0,0,0,0,0,0x0b
2026-09-06T21:20:26.248,65535,0,2,50,0,0,0,0,0,0,0x0b
2026-09-06T21:20:26.313,65535,0,2,50,0,0,0,0,0,0,0x0b
2026-09-06T21:20:26.394,65535,0,2,51,0,0,0,0,0,0,0x0b
2026-09-06T21:20:26.443,65535,0,2,51,0,0,0,0,0,0,0x0b
2026-09-06T21:20:26.525,65535,0,2,51,0,0,0,0,0,0,0x0b
2026-09-06T21:20:26.590,65535,0,2,50,0,0,0,0,0,0,0x0b
2026-09-06T21:20:26.654,65535,0,2,50,0,0,0,0,0,0,0x0b
2026-09-06T21:20:26.719,65535,0,2,53,0,0,0,0,0,0,0x0b
2026-09-06T21:20:26.784,65535,0,2,50,0,0,0,0,0,0,0x0b
2026-09-06T21:20:26.849,65535,0,2,51,0,0,0,0,0,0,0x0b
2026-09-06T21:20:26.931,65535,0,2,51,0,0,0,0,0,0,0x0b
2026-09-06T21:20:26.980,65535,0,2,50,0,0,0,0,0,0,0x0b
2026-09-06T21:20:27.061,65535,0,2,50,0,0,0,0,0,0,0x0b
2026-09-06T21:20:27.126,65535,0,2,52,0,0,0,0,0,0,0x0b
2026-09-06T21:20:27.190,65535,0,2,52,0,0,0,0,0,0,0x0b
2026-09-06T21:20:27.255,65535,0,2,50,0,0,0,0,0,0,0x0b
2026-09-06T21:20:27.321,65535,0,2,51,0,0,0,0,0,0,0x0b
2026-09-06T21:20:27.386,65535,0,2,50,0,0,0,0,0,0,0x0b
2026-09-06T21:20:27.467,65535,0,2,51,0,0,0,0,0,0,0x0b
2026-09-06T21:20:27.531,65535,0,2,50,0,0,0,0,0,0,0x0b
2026-09-06T21:20:27.596,65535,0,2,50,0,0,0,0,0,0,0x0b
2026-09-06T21:20:27.661,65535,0,2,51,0,0,0,0,0,0,0x0b
2026-09-06T21:20:27.725,65535,0,2,51,0,0,0,0,0,0,0x0b
2026-09-06T21:20:27.791,65535,0,2,50,0,0,0,0,0,0,0x0b
2026-09-06T21:20:27.856,65535,0,2,51,0,0,0,0,0,0,0x0b
2026-09-06T21:20:27.921,65535,0,2,50,0,0,0,0,0,0,0x0b
2026-09-06T21:20:27.986,65535,0,2,50,0,0,0,0,0,0,0x0b
2026-09-06T21:20:28.067,65535,0,2,52,0,0,0,0,0,0,0x0b
2026-09-06T21:20:28.132,65535,0,2,51,0,0,0,0,0,0,0x0b
2026-09-06T21:20:28.197,65535,0,2,50,0,0,0,0,0,0,0x0b
2026-09-06T21:20:28.262,65535,0,2,50,0,0,0,0,0,0,0x0b
2026-09-06T21:20:28.327,65535,0,2,52,0,0,0,0,0,0,0x0b
2026-09-06T21:20:28.393,65535,0,2,50,0,0,0,0,0,0,0x0b
2026-09-06T21:20:28.457,65535,0,2,50,0,0,0,0,0,0,0x0b
2026-09-06T21:20:28.588,65535,0,2,51,0,0,0,0,0,0,0x0b
2026-09-06T21:20:28.670,65535,0,2,51,0,0,0,0,0,0,0x0b
2026-09-06T21:20:28.735,65535,0,2,50,0,0,0,0,0,0,0x0b
2026-09-06T21:20:28.994,65535,0,2,51,0,0,0,0,0,0,0x0b
2026-09-06T21:20:44.561,65535,0,2,50,0,0,0,0,0,0,0x0b
