timestamp,sequence,team,robot_id,interval_ms,left_target_eps,left_measured_eps,left_duty,right_target_eps,right_measured_eps,right_duty,flags
2026-09-06T10:08:55.567-03:00,28,0,2,51,0,0,0,0,0,0,0x03
2026-09-06T10:08:55.608-03:00,29,0,2,52,0,0,0,0,0,0,0x03
2026-09-06T10:08:55.646-03:00,30,0,2,52,0,0,0,0,0,0,0x03
2026-09-06T10:08:55.694-03:00,1,0,2,50,0,0,0,0,0,0,0x03
2026-09-06T10:08:55.734-03:00,2,0,2,51,0,0,0,0,0,0,0x03
2026-09-06T10:08:55.779-03:00,3,0,2,51,0,0,0,0,0,0,0x03
2026-09-06T10:08:55.818-03:00,4,0,2,51,0,0,0,0,0,0,0x03
2026-09-06T10:08:55.861-03:00,5,0,2,50,0,0,0,0,0,0,0x03
2026-09-06T10:08:55.905-03:00,6,0,2,50,0,0,0,0,0,0,0x03
2026-09-06T10:08:55.949-03:00,7,0,2,50,0,0,0,0,0,0,0x03
2026-09-06T10:08:55.993-03:00,8,0,2,51,0,0,0,0,0,0,0x03
2026-09-06T10:08:56.018-03:00,9,0,2,51,0,0,0,0,0,0,0x03
2026-09-06T10:08:56.036-03:00,10,0,2,51,0,0,0,0,0,0,0x03
2026-09-06T10:08:56.054-03:00,11,0,2,51,0,0,19848,0,0,25432,0x07
2026-09-06T10:08:56.077-03:00,12,0,2,51,0,0,19848,0,0,25432,0x07
2026-09-06T10:08:56.116-03:00,13,0,2,51,2024,588,25952,2800,549,34999,0x07
2026-09-06T10:08:56.134-03:00,14,0,2,51,2024,588,25952,2800,549,34999,0x07
2026-09-06T10:08:56.228-03:00,15,0,2,80,2024,2200,19102,2800,2912,24954,0x07
2026-09-06T10:08:56.357-03:00,16,0,2,87,2024,2736,16825,2800,3770,21309,0x07
2026-09-06T10:08:56.405-03:00,17,0,2,66,2024,2258,18857,2800,3106,24131,0x07
2026-09-06T10:08:56.418-03:00,18,0,2,53,2024,1981,20032,2800,2660,26025,0x07
2026-09-06T10:08:56.466-03:00,19,0,2,55,2024,2145,19334,2800,2836,25277,0x07
2026-09-06T10:08:56.527-03:00,20,0,2,62,2024,2226,18992,2800,3000,24582,0x07
2026-09-06T10:08:56.645-03:00,21,0,2,61,2024,2213,19046,2800,3016,24512,0x07
2026-09-06T10:08:56.707-03:00,23,0,2,59,2024,2119,19447,2800,2898,25014,0x07
2026-09-06T10:08:56.768-03:00,30,0,2,59,2024,2203,19087,2800,2915,24942,0x07
2026-09-06T10:08:56.775-03:00,32,0,2,60,2024,2250,18889,2800,3017,24511,0x07
2026-09-06T10:08:56.888-03:00,33,0,2,60,2024,2183,19173,2800,2950,24794,0x07
2026-09-06T10:08:56.945-03:00,35,0,2,58,2024,2172,19219,2800,2914,24948,0x07
2026-09-06T10:08:57.032-03:00,38,0,2,60,2024,2167,19243,2800,2967,24724,0x07
2026-09-06T10:08:57.091-03:00,43,0,2,60,2024,2167,19243,2800,2883,25078,0x07
2026-09-06T10:08:57.098-03:00,47,0,2,79,2024,2215,19037,2800,2962,24743,0x07
2026-09-06T10:08:57.144-03:00,50,0,2,62,2024,2161,19266,2800,2968,24719,0x07
2026-09-06T10:08:57.185-03:00,51,0,2,60,2699,2167,27557,2100,2933,16224,0x07
2026-09-06T10:08:57.210-03:00,56,0,2,60,2699,2167,27557,2100,2933,16224,0x07
2026-09-06T10:08:57.329-03:00,59,0,2,64,2699,2609,25676,2100,2516,18000,0x07
2026-09-06T10:08:57.336-03:00,63,0,2,60,2699,3050,23803,2100,2050,19978,0x07
2026-09-06T10:08:57.390-03:00,66,0,2,60,2699,3067,23732,2100,2117,19695,0x07
2026-09-06T10:08:57.509-03:00,67,0,2,60,2699,2917,24370,2100,2250,19128,0x07
2026-09-06T10:08:57.519-03:00,69,0,2,59,2699,2746,25096,2100,2254,19110,0x07
2026-09-06T10:08:57.569-03:00,71,0,2,59,2699,2915,24376,2100,2305,18894,0x07
2026-09-06T10:08:57.686-03:00,72,0,2,61,2699,2902,24434,2100,2246,19146,0x07
2026-09-06T10:08:57.694-03:00,78,0,2,59,2699,2915,24376,2100,2220,19255,0x07
2026-09-06T10:08:57.749-03:00,79,0,2,59,2699,2898,24448,2100,2220,19255,0x07
2026-09-06T10:08:57.809-03:00,81,0,2,59,2699,2881,24520,2100,2203,19327,0x07
2026-09-06T10:08:57.870-03:00,87,0,2,61,2699,2869,24573,2100,2246,19146,0x07
2026-09-06T10:08:57.930-03:00,88,0,2,59,2699,2898,24448,2100,2288,18966,0x07
2026-09-06T10:08:58.031-03:00,90,0,2,59,2699,2915,24376,2100,2237,19183,0x07
2026-09-06T10:08:58.041-03:00,95,0,2,60,3374,2900,32756,1400,2200,10701,0x07
2026-09-06T10:08:58.059-03:00,96,0,2,60,3374,2900,32756,1400,2200,10701,0x07
2026-09-06T10:08:58.106-03:00,99,0,2,63,3374,3270,31184,1400,1841,12226,0x07
2026-09-06T10:08:58.166-03:00,102,0,2,59,3374,3780,29017,1400,1339,14360,0x07
2026-09-06T10:08:58.285-03:00,105,0,2,58,3374,3776,29004,1400,1362,14262,0x07
2026-09-06T10:08:58.292-03:00,108,0,2,60,3374,3517,30079,1400,1533,13524,0x07
2026-09-06T10:08:58.445-03:00,113,0,2,61,3374,3525,30020,1400,1574,13341,0x07
2026-09-06T10:08:58.497-03:00,114,0,2,84,3374,3524,29998,1400,1524,13544,0x07
2026-09-06T10:08:58.504-03:00,115,0,2,64,3374,3641,29476,1400,1516,13568,0x07
2026-09-06T10:08:58.558-03:00,117,0,2,63,3374,3619,29542,1400,1556,13386,0x07
2026-09-06T10:08:58.620-03:00,120,0,2,63,3374,3540,29855,1400,1492,13645,0x07
2026-09-06T10:08:58.749-03:00,125,0,2,60,3374,3567,29715,1400,1483,13671,0x07
2026-09-06T10:08:58.762-03:00,126,0,2,62,3374,3516,29906,1400,1484,13659,0x07
2026-09-06T10:08:58.780-03:00,134,0,2,63,1350,3651,4514,3500,1556,39171,0x07
2026-09-06T10:08:58.805-03:00,136,0,2,63,1350,3651,4514,3500,1556,39171,0x07
2026-09-06T10:08:58.855-03:00,137,0,2,60,1350,2267,10375,3500,2650,34520,0x07
2026-09-06T10:08:58.984-03:00,139,0,2,50,1350,980,15827,3500,4120,28242,0x07
2026-09-06T10:08:59.002-03:00,142,0,2,64,1350,1047,15532,3500,4125,28186,0x07
2026-09-06T10:08:59.117-03:00,149,0,2,64,1350,1562,13326,3500,3656,30147,0x07
2026-09-06T10:08:59.124-03:00,150,0,2,63,1350,1619,13070,3500,3492,30817,0x07
2026-09-06T10:08:59.244-03:00,151,0,2,62,1350,1500,13561,3500,3629,30207,0x07
2026-09-06T10:08:59.299-03:00,152,0,2,64,1350,1453,13745,3500,3734,29732,0x07
2026-09-06T10:08:59.360-03:00,154,0,2,64,1350,1469,13664,3500,3625,30171,0x07
2026-09-06T10:08:59.368-03:00,161,0,2,63,1350,1476,13617,3500,3651,30036,0x07
2026-09-06T10:08:59.424-03:00,162,0,2,63,1350,1476,13603,3500,3635,30080,0x07
2026-09-06T10:08:59.555-03:00,167,0,2,62,1350,1452,13692,3500,3694,29806,0x07
2026-09-06T10:08:59.586-03:00,168,0,2,61,1350,1443,13718,3500,3639,30013,0x07
2026-09-06T10:08:59.604-03:00,173,0,2,63,2024,1476,21779,2800,3587,21683,0x07
2026-09-06T10:08:59.693-03:00,176,0,2,63,2024,1476,21779,2800,3587,21683,0x07
2026-09-06T10:08:59.706-03:00,179,0,2,63,2024,1873,20076,2800,3302,22877,0x07
2026-09-06T10:08:59.756-03:00,180,0,2,83,2024,2337,18087,2800,2675,25524,0x07
2026-09-06T10:08:59.894-03:00,182,0,2,64,2024,2312,18176,2800,2734,25253,0x07
2026-09-06T10:08:59.953-03:00,189,0,2,65,2024,2123,18965,2800,2985,24171,0x07
2026-09-06T10:08:59.965-03:00,191,0,2,63,2024,2079,19134,2800,2984,24155,0x07
2026-09-06T10:09:00.009-03:00,192,0,2,61,2024,2148,18829,2800,2934,24350,0x07
2026-09-06T10:09:00.074-03:00,196,0,2,62,2024,2194,18618,2800,2952,24260,0x07
2026-09-06T10:09:00.134-03:00,197,0,2,62,2024,2129,18876,2800,2855,24654,0x07
2026-09-06T10:09:00.195-03:00,199,0,2,61,2024,2148,18783,2800,2885,24509,0x07
2026-09-06T10:09:00.257-03:00,206,0,2,63,2024,2127,18855,2800,2937,24274,0x07
2026-09-06T10:09:00.386-03:00,209,0,2,62,2024,2161,18694,2800,2935,24262,0x07
2026-09-06T10:09:00.426-03:00,210,0,2,61,2024,2148,18738,2800,2934,24251,0x07
2026-09-06T10:09:00.443-03:00,212,0,2,63,2699,2143,26910,2100,2921,15804,0x07
2026-09-06T10:09:00.503-03:00,215,0,2,63,2699,2143,26910,2100,2921,15804,0x07
2026-09-06T10:09:00.510-03:00,218,0,2,62,2699,2532,25240,2100,2484,17648,0x07
2026-09-06T10:09:00.562-03:00,221,0,2,60,2699,3033,23093,2100,1967,19835,0x07
2026-09-06T10:09:00.623-03:00,224,0,2,59,2699,2983,23290,2100,2051,19466,0x07
2026-09-06T10:09:00.684-03:00,231,0,2,61,2699,2836,23897,2100,2262,18555,0x07
2026-09-06T10:09:00.743-03:00,232,0,2,61,2699,2738,24299,2100,2262,18544,0x07
2026-09-06T10:09:00.804-03:00,233,0,2,60,2699,2817,23948,2100,2167,18940,0x07
2026-09-06T10:09:00.866-03:00,236,0,2,61,2699,2803,23989,2100,2131,19080,0x07
2026-09-06T10:09:01.009-03:00,237,0,2,61,2699,2820,23904,2100,2246,18581,0x07
2026-09-06T10:09:01.071-03:00,239,0,2,82,2699,2829,23847,2100,2207,18734,0x07
2026-09-06T10:09:01.078-03:00,242,0,2,62,2699,2823,23861,2100,2145,18988,0x07
2026-09-06T10:09:01.194-03:00,245,0,2,60,2699,2783,24012,2100,2200,18744,0x07
2026-09-06T10:09:01.202-03:00,248,0,2,61,2699,2836,23773,2100,2213,18678,0x07
2026-09-06T10:09:01.257-03:00,251,0,2,61,3374,2787,32095,1400,2230,10143,0x07
2026-09-06T10:09:01.270-03:00,254,0,2,61,3374,2787,32095,1400,2230,10143,0x07
2026-09-06T10:09:01.372-03:00,261,0,2,61,3374,3148,30547,1400,1738,12225,0x07
2026-09-06T10:09:01.380-03:00,264,0,2,59,3374,3729,28059,1400,1254,14273,0x07
2026-09-06T10:09:01.433-03:00,265,0,2,60,3374,3633,28448,1400,1317,14004,0x07
2026-09-06T10:09:01.492-03:00,270,0,2,60,3374,3483,29068,1400,1533,13077,0x07
2026-09-06T10:09:01.553-03:00,271,0,2,61,3374,3426,29295,1400,1557,12968,0x07
2026-09-06T10:09:01.682-03:00,274,0,2,60,3374,3500,28966,1400,1517,13135,0x07
2026-09-06T10:09:01.695-03:00,275,0,2,59,3374,3525,28841,1400,1458,13379,0x07
2026-09-06T10:09:01.789-03:00,279,0,2,59,3374,3458,29115,1400,1424,13517,0x07
2026-09-06T10:09:01.797-03:00,280,0,2,59,3374,3492,28955,1400,1475,13295,0x07
2026-09-06T10:09:01.849-03:00,282,0,2,60,3374,3500,28904,1400,1467,13323,0x07
2026-09-06T10:09:01.910-03:00,285,0,2,60,3374,3450,29101,1400,1533,13032,0x07
2026-09-06T10:09:02.015-03:00,288,0,2,60,3374,3417,29229,1400,1483,13239,0x07
2026-09-06T10:09:02.022-03:00,295,0,2,60,1350,3550,4427,3500,1483,38548,0x07
2026-09-06T10:09:02.091-03:00,296,0,2,60,1350,3550,4427,3500,1483,38548,0x07
2026-09-06T10:09:02.150-03:00,300,0,2,57,1350,2175,10257,3500,2526,34102,0x07
2026-09-06T10:09:02.158-03:00,301,0,2,60,1350,883,15742,3500,4083,27467,0x07
2026-09-06T10:09:02.210-03:00,303,0,2,62,1350,1000,15242,3500,4161,27116,0x07
2026-09-06T10:09:02.291-03:00,306,0,2,80,1350,1462,13270,3500,3500,29909,0x07
2026-09-06T10:09:02.420-03:00,311,0,2,61,1350,1557,12860,3500,3426,30207,0x07
2026-09-06T10:09:02.442-03:00,312,0,2,61,1350,1443,13342,3500,3541,29703,0x07
2026-09-06T10:09:02.482-03:00,315,0,2,61,1350,1377,13613,3500,3607,29408,0x07
2026-09-06T10:09:02.600-03:00,318,0,2,62,1350,1452,13290,3500,3629,29298,0x07
2026-09-06T10:09:02.618-03:00,319,0,2,61,1350,1459,13252,3500,3508,29796,0x07
2026-09-06T10:09:02.659-03:00,321,0,2,61,1350,1426,13384,3500,3607,29364,0x07
2026-09-06T10:09:02.717-03:00,325,0,2,61,1350,1459,13239,3500,3607,29349,0x07
2026-09-06T10:09:02.778-03:00,332,0,2,60,2024,1417,21468,2800,3550,21184,0x07
2026-09-06T10:09:02.845-03:00,333,0,2,60,2024,1417,21468,2800,3550,21184,0x07
2026-09-06T10:09:02.858-03:00,335,0,2,61,2024,1803,19817,2800,3197,22675,0x07
2026-09-06T10:09:02.900-03:00,341,0,2,61,2024,2295,17718,2800,2672,24894,0x07
2026-09-06T10:09:02.958-03:00,342,0,2,60,2024,2283,17758,2800,2700,24765,0x07
2026-09-06T10:09:03.080-03:00,344,0,2,61,2024,2082,18604,2800,2869,24037,0x07
2026-09-06T10:09:03.088-03:00,346,0,2,60,2024,2067,18660,2800,2983,23541,0x07
2026-09-06T10:09:03.143-03:00,350,0,2,60,2024,2100,18510,2800,2883,23956,0x07
2026-09-06T10:09:03.203-03:00,353,0,2,60,2024,2150,18288,2800,2850,24088,0x07
2026-09-06T10:09:03.319-03:00,354,0,2,60,2024,2083,18564,2800,2850,24078,0x07
2026-09-06T10:09:03.327-03:00,356,0,2,60,2024,2117,18413,2800,2883,23927,0x07
2026-09-06T10:09:03.378-03:00,358,0,2,60,2024,2050,18687,2800,2850,24060,0x07
2026-09-06T10:09:03.439-03:00,364,0,2,60,2024,2100,18467,2800,2900,23837,0x07
2026-09-06T10:09:03.583-03:00,365,0,2,59,2024,2136,18306,2800,2881,23907,0x07
2026-09-06T10:09:03.591-03:00,368,0,2,79,2024,2089,18498,2800,2848,24040,0x07
2026-09-06T10:09:03.648-03:00,371,0,2,61,2699,2082,26544,2100,2869,15575,0x07
2026-09-06T10:09:03.699-03:00,376,0,2,61,2699,2082,26544,2100,2869,15575,0x07
2026-09-06T10:09:03.706-03:00,377,0,2,61,2699,2443,25002,2100,2459,17310,0x07
2026-09-06T10:09:03.759-03:00,379,0,2,59,2699,2949,22840,2100,1949,19471,0x07
2026-09-06T10:09:03.819-03:00,382,0,2,60,2699,2950,22826,2100,1983,19321,0x07
2026-09-06T10:09:03.880-03:00,389,0,2,59,2699,2780,23540,2100,2254,18163,0x07
2026-09-06T10:09:03.998-03:00,390,0,2,61,2699,2689,23917,2100,2213,18332,0x07
2026-09-06T10:09:04.005-03:00,393,0,2,58,2699,2741,23683,2100,2138,18647,0x07
2026-09-06T10:09:04.058-03:00,395,0,2,60,2699,2817,23354,2100,2133,18660,0x07
2026-09-06T10:09:04.117-03:00,396,0,2,60,2699,2783,23485,2100,2183,18442,0x07
2026-09-06T10:09:04.174-03:00,398,0,2,59,2699,2797,23420,2100,2237,18208,0x07
2026-09-06T10:09:04.234-03:00,401,0,2,59,2699,2763,23555,2100,2102,18778,0x07
2026-09-06T10:09:04.293-03:00,404,0,2,58,2699,2759,23563,2100,2138,18619,0x07
2026-09-06T10:09:04.388-03:00,410,0,2,60,2699,2767,23520,2100,2133,18632,0x07
2026-09-06T10:09:04.395-03:00,411,0,2,59,3374,2780,31459,1400,2220,9907,0x07
2026-09-06T10:09:04.412-03:00,413,0,2,59,3374,2780,31459,1400,2220,9907,0x07
2026-09-06T10:09:04.527-03:00,416,0,2,60,3374,3083,30159,1400,1750,11902,0x07
2026-09-06T10:09:04.534-03:00,419,0,2,56,3374,3625,27846,1400,1214,14178,0x07
2026-09-06T10:09:04.589-03:00,422,0,2,57,3374,3632,27807,1400,1263,13970,0x07
2026-09-06T10:09:04.701-03:00,425,0,2,60,3374,3417,28710,1400,1467,13103,0x07
2026-09-06T10:09:04.708-03:00,429,0,2,59,3374,3339,29030,1400,1576,12635,0x07
2026-09-06T10:09:04.781-03:00,430,0,2,58,3374,3414,28702,1400,1500,12956,0x07
2026-09-06T10:09:04.899-03:00,431,0,2,79,3374,3468,28460,1400,1443,13196,0x07
2026-09-06T10:09:04.906-03:00,436,0,2,59,3374,3424,28641,1400,1424,13275,0x07
2026-09-06T10:09:04.956-03:00,437,0,2,59,3374,3458,28487,1400,1407,13345,0x07
2026-09-06T10:09:05.015-03:00,440,0,2,58,3374,3414,28664,1400,1466,13094,0x07
2026-09-06T10:09:05.132-03:00,445,0,2,58,3374,3466,28435,1400,1500,12944,0x07
2026-09-06T10:09:05.190-03:00,446,0,2,59,3374,3441,28532,1400,1475,13049,0x07
2026-09-06T10:09:05.203-03:00,449,0,2,58,3374,3448,28490,1400,1500,12938,0x07
2026-09-06T10:09:05.249-03:00,455,0,2,58,1350,3345,5015,3500,1431,38263,0x07
2026-09-06T10:09:05.262-03:00,456,0,2,58,1350,3345,5015,3500,1431,38263,0x07
2026-09-06T10:09:05.308-03:00,458,0,2,57,1350,2281,9532,3500,2561,33450,0x07
2026-09-06T10:09:05.370-03:00,461,0,2,61,1350,902,15390,3500,4016,27255,0x07
2026-09-06T10:09:05.495-03:00,467,0,2,62,1350,1016,14901,3500,4081,26968,0x07
2026-09-06T10:09:05.555-03:00,470,0,2,62,1350,1532,12705,3500,3500,29424,0x07
2026-09-06T10:09:05.622-03:00,471,0,2,59,1350,1525,12730,3500,3373,29954,0x07
2026-09-06T10:09:05.674-03:00,473,0,2,59,1350,1407,13230,3500,3508,29367,0x07
2026-09-06T10:09:05.707-03:00,474,0,2,59,1350,1390,13299,3500,3593,28996,0x07
2026-09-06T10:09:05.792-03:00,476,0,2,59,1350,1390,13295,3500,3610,28914,0x07
2026-09-06T10:09:05.836-03:00,479,0,2,59,1350,1407,13219,3500,3492,29408,0x07
2026-09-06T10:09:05.931-03:00,485,0,2,59,1350,1458,13000,3500,3458,29542,0x07
