timestamp,sequence,team,robot_id,interval_ms,left_target_eps,left_measured_eps,left_duty,right_target_eps,right_measured_eps,right_duty,flags
2026-09-06T17:38:56.457-03:00,503,0,1,56,0,0,0,0,0,0,0x03
2026-09-06T17:38:56.477-03:00,504,0,1,52,0,0,0,0,0,0,0x03
2026-09-06T17:38:56.497-03:00,505,0,1,50,0,0,0,0,0,0,0x03
2026-09-06T17:38:56.515-03:00,505,0,1,50,0,0,0,0,0,0,0x03
2026-09-06T17:38:56.534-03:00,505,0,1,51,0,0,0,0,0,0,0x03
2026-09-06T17:38:56.557-03:00,505,0,1,51,0,0,0,0,0,0,0x03
2026-09-06T17:38:56.576-03:00,505,0,1,53,0,0,0,0,0,0,0x03
2026-09-06T17:38:56.593-03:00,505,0,1,53,0,0,0,0,0,0,0x03
2026-09-06T17:38:56.615-03:00,505,0,1,53,0,0,0,0,0,0,0x03
2026-09-06T17:38:56.637-03:00,505,0,1,51,0,0,0,0,0,0,0x03
2026-09-06T17:38:56.656-03:00,8,0,1,51,0,0,30725,0,0,31098,0x07
2026-09-06T17:38:56.676-03:00,9,0,1,57,3374,421,40000,3500,0,40000,0x07
2026-09-06T17:38:56.693-03:00,10,0,1,57,3374,421,40000,3500,0,40000,0x07
2026-09-06T17:38:56.717-03:00,11,0,1,57,3374,421,40000,3500,0,40000,0x07
2026-09-06T17:38:56.737-03:00,12,0,1,50,3374,2820,33080,3500,0,40000,0x07
2026-09-06T17:38:56.756-03:00,13,0,1,50,3374,2820,33080,3500,0,40000,0x07
2026-09-06T17:38:56.773-03:00,14,0,1,50,3374,2820,33080,3500,0,40000,0x07
2026-09-06T17:38:56.796-03:00,15,0,1,52,3374,3788,28964,3500,19,40000,0x07
2026-09-06T17:38:56.815-03:00,16,0,1,52,3374,3788,28964,3500,19,40000,0x07
2026-09-06T17:38:56.833-03:00,17,0,1,51,3374,3706,29314,3500,0,40000,0x07
2026-09-06T17:38:56.857-03:00,18,0,1,51,3374,3706,29314,3500,0,40000,0x07
2026-09-06T17:38:56.893-03:00,19,0,1,51,3374,3706,29314,3500,0,40000,0x07
2026-09-06T17:38:56.915-03:00,20,0,1,50,3374,3440,30444,3500,0,40000,0x07
2026-09-06T17:38:56.915-03:00,21,0,1,50,3374,3440,30444,3500,0,40000,0x07
2026-09-06T17:38:56.933-03:00,22,0,1,51,3374,3451,30398,3500,0,40000,0x07
2026-09-06T17:38:56.957-03:00,23,0,1,51,3374,3451,30398,3500,0,40000,0x07
2026-09-06T17:38:56.993-03:00,24,0,1,51,3374,3451,30398,3500,0,40000,0x07
2026-09-06T17:38:56.994-03:00,25,0,1,51,3374,3490,30231,3500,0,40000,0x07
2026-09-06T17:38:57.015-03:00,26,0,1,51,3374,3490,30231,3500,0,40000,0x07
2026-09-06T17:38:57.033-03:00,27,0,1,53,3374,3453,30390,3500,0,40000,0x07
2026-09-06T17:38:57.053-03:00,28,0,1,53,3374,3453,30390,3500,0,40000,0x07
2026-09-06T17:38:57.077-03:00,29,0,1,53,3374,3453,30390,3500,0,40000,0x07
2026-09-06T17:38:57.096-03:00,30,0,1,57,3374,3526,30078,3500,0,40000,0x07
2026-09-06T17:38:57.116-03:00,31,0,1,57,3374,3526,30078,3500,0,40000,0x07
2026-09-06T17:38:57.133-03:00,32,0,1,57,3374,3526,30078,3500,0,40000,0x07
2026-09-06T17:38:57.153-03:00,33,0,1,53,3374,3453,30390,3500,0,40000,0x07
2026-09-06T17:38:57.177-03:00,34,0,1,53,3374,3453,30390,3500,0,40000,0x07
2026-09-06T17:38:57.195-03:00,35,0,1,53,3374,3453,30390,3500,0,40000,0x07
2026-09-06T17:38:57.214-03:00,36,0,1,53,3374,3472,30310,3500,0,40000,0x07
2026-09-06T17:38:57.233-03:00,37,0,1,53,3374,3472,30310,3500,0,40000,0x07
2026-09-06T17:38:57.256-03:00,38,0,1,55,3374,3545,29996,3500,0,40000,0x07
2026-09-06T17:38:57.277-03:00,39,0,1,55,3374,3545,29996,3500,0,40000,0x07
2026-09-06T17:38:57.296-03:00,40,0,1,55,3374,3545,29996,3500,0,40000,0x07
2026-09-06T17:38:57.313-03:00,41,0,1,51,3374,3451,30398,3500,0,40000,0x07
2026-09-06T17:38:57.336-03:00,42,0,1,51,3374,3451,30398,3500,0,40000,0x07
2026-09-06T17:38:57.377-03:00,43,0,1,51,3374,3451,30398,3500,0,40000,0x07
2026-09-06T17:38:57.377-03:00,44,0,1,55,3374,3436,30460,3500,0,40000,0x07
2026-09-06T17:38:57.395-03:00,45,0,1,55,3374,3436,30460,3500,0,40000,0x07
2026-09-06T17:38:57.437-03:00,46,0,1,57,3374,3544,30003,3500,0,40000,0x07
2026-09-06T17:38:57.437-03:00,47,0,1,57,3374,3544,30003,3500,0,40000,0x07
2026-09-06T17:38:57.456-03:00,48,0,1,57,3374,3544,30003,3500,0,40000,0x07
2026-09-06T17:38:57.477-03:00,49,0,1,55,3374,3509,30151,3500,0,40000,0x07
2026-09-06T17:38:57.498-03:00,50,0,1,55,3374,3509,30151,3500,0,40000,0x07
2026-09-06T17:38:57.517-03:00,51,0,1,55,3374,3509,30151,3500,0,40000,0x07
2026-09-06T17:38:57.535-03:00,52,0,1,51,3374,3451,30398,3500,0,40000,0x07
2026-09-06T17:38:57.555-03:00,53,0,1,51,3374,3451,30398,3500,0,40000,0x07
2026-09-06T17:38:57.573-03:00,54,0,1,51,3374,3529,30064,3500,0,40000,0x07
2026-09-06T17:38:57.596-03:00,55,0,1,51,3374,3529,30064,3500,0,40000,0x07
2026-09-06T17:38:57.617-03:00,56,0,1,51,3374,3529,30064,3500,0,40000,0x07
2026-09-06T17:38:57.635-03:00,57,0,1,57,3374,3421,30525,3500,0,40000,0x07
2026-09-06T17:38:57.653-03:00,58,0,1,57,3374,3421,30525,3500,0,40000,0x07
2026-09-06T17:38:57.677-03:00,59,0,1,57,3374,3421,30525,3500,0,40000,0x07
2026-09-06T17:38:57.694-03:00,60,0,1,51,3374,3431,30481,3500,0,40000,0x07
2026-09-06T17:38:57.718-03:00,61,0,1,51,3374,3431,30481,3500,0,40000,0x07
2026-09-06T17:38:57.735-03:00,62,0,1,53,3374,3547,29989,3500,0,40000,0x07
2026-09-06T17:38:57.757-03:00,63,0,1,53,3374,3547,29989,3500,0,40000,0x07
2026-09-06T17:38:57.776-03:00,64,0,1,51,3374,3431,30481,3500,0,40000,0x07
2026-09-06T17:38:57.795-03:00,65,0,1,51,3374,3431,30481,3500,0,40000,0x07
2026-09-06T17:38:57.814-03:00,66,0,1,51,3374,3431,30481,3500,0,40000,0x07
2026-09-06T17:38:57.837-03:00,67,0,1,51,3374,3431,30481,3500,0,40000,0x07
2026-09-06T17:38:57.857-03:00,68,0,1,55,3374,3491,30228,3500,0,40000,0x07
2026-09-06T17:38:57.877-03:00,69,0,1,55,3374,3491,30228,3500,0,40000,0x07
2026-09-06T17:38:57.894-03:00,70,0,1,57,3374,3526,30078,3500,0,40000,0x07
2026-09-06T17:38:57.914-03:00,71,0,1,57,3374,3526,30078,3500,0,40000,0x07
2026-09-06T17:38:57.933-03:00,72,0,1,57,3374,3526,30078,3500,0,40000,0x07
2026-09-06T17:38:57.953-03:00,73,0,1,57,3374,3456,30376,3500,0,40000,0x07
2026-09-06T17:38:57.977-03:00,74,0,1,57,3374,3456,30376,3500,0,40000,0x07
2026-09-06T17:38:57.995-03:00,75,0,1,57,3374,3456,30376,3500,0,40000,0x07
2026-09-06T17:38:58.015-03:00,76,0,1,57,3374,3474,30301,3500,0,40000,0x07
2026-09-06T17:38:58.057-03:00,77,0,1,57,3374,3474,30301,3500,0,40000,0x07
2026-09-06T17:38:58.057-03:00,78,0,1,57,3374,3474,30301,3500,0,40000,0x07
2026-09-06T17:38:58.077-03:00,79,0,1,51,3374,3490,30231,3500,0,40000,0x07
2026-09-06T17:38:58.096-03:00,80,0,1,51,3374,3490,30231,3500,0,40000,0x07
2026-09-06T17:38:58.116-03:00,81,0,1,53,3374,3509,30149,3500,0,40000,0x07
2026-09-06T17:38:58.133-03:00,82,0,1,53,3374,3509,30149,3500,0,40000,0x07
2026-09-06T17:38:58.153-03:00,83,0,1,53,3374,3509,30149,3500,0,40000,0x07
2026-09-06T17:38:58.174-03:00,84,0,1,51,3374,3510,30148,3500,0,40000,0x07
2026-09-06T17:38:58.193-03:00,85,0,1,51,3374,3510,30148,3500,0,40000,0x07
2026-09-06T17:38:58.216-03:00,86,0,1,51,3374,3510,30148,3500,0,40000,0x07
2026-09-06T17:38:58.234-03:00,87,0,1,51,3374,3431,30481,3500,0,40000,0x07
2026-09-06T17:38:58.258-03:00,88,0,1,51,3374,3431,30481,3500,0,40000,0x07
2026-09-06T17:38:58.276-03:00,89,0,1,58,3374,3483,30263,3500,0,40000,0x07
2026-09-06T17:38:58.294-03:00,90,0,1,58,3374,3483,30263,3500,0,40000,0x07
2026-09-06T17:38:58.318-03:00,91,0,1,58,3374,3483,30263,3500,0,40000,0x07
2026-09-06T17:38:58.335-03:00,92,0,1,50,3374,3540,30020,3500,0,40000,0x07
2026-09-06T17:38:58.375-03:00,93,0,1,50,3374,3540,30020,3500,0,40000,0x07
2026-09-06T17:38:58.375-03:00,94,0,1,51,3374,3490,30231,3500,0,40000,0x07
2026-09-06T17:38:58.394-03:00,95,0,1,51,3374,3490,30231,3500,0,40000,0x07
2026-09-06T17:38:58.417-03:00,96,0,1,51,3374,3490,30231,3500,0,40000,0x07
2026-09-06T17:38:58.457-03:00,97,0,1,57,3374,3456,30360,3500,0,40000,0x07
2026-09-06T17:38:58.457-03:00,98,0,1,57,3374,3456,30360,3500,0,40000,0x07
2026-09-06T17:38:58.476-03:00,99,0,1,54,3374,3519,30095,3500,0,40000,0x07
2026-09-06T17:38:58.518-03:00,100,0,1,54,3374,3519,30095,3500,0,40000,0x07
2026-09-06T17:38:58.533-03:00,101,0,1,54,3374,3519,30095,3500,0,40000,0x07
2026-09-06T17:38:58.553-03:00,102,0,1,54,3374,3519,30095,3500,0,40000,0x07
2026-09-06T17:38:58.576-03:00,103,0,1,55,3374,3436,30444,3500,0,40000,0x07
2026-09-06T17:38:58.594-03:00,104,0,1,55,3374,3436,30444,3500,0,40000,0x07
2026-09-06T17:38:58.618-03:00,105,0,1,54,3374,3463,30331,3500,0,40000,0x07
2026-09-06T17:38:58.636-03:00,106,0,1,54,3374,3463,30331,3500,0,40000,0x07
2026-09-06T17:38:58.655-03:00,107,0,1,55,3374,3545,29980,3500,0,40000,0x07
2026-09-06T17:38:58.676-03:00,108,0,1,55,3374,3545,29980,3500,0,40000,0x07
2026-09-06T17:38:58.696-03:00,109,0,1,55,3374,3545,29980,3500,0,40000,0x07
2026-09-06T17:38:58.716-03:00,110,0,1,50,3374,3460,30344,3500,0,40000,0x07
2026-09-06T17:38:58.733-03:00,111,0,1,50,3374,3460,30344,3500,0,40000,0x07
2026-09-06T17:38:58.754-03:00,112,0,1,50,3374,3500,30174,3500,0,40000,0x07
2026-09-06T17:38:58.776-03:00,113,0,1,50,3374,3500,30174,3500,0,40000,0x07
2026-09-06T17:38:58.795-03:00,114,0,1,50,3374,3500,30174,3500,0,40000,0x07
2026-09-06T17:38:58.815-03:00,115,0,1,50,3374,3500,30174,3500,0,40000,0x07
2026-09-06T17:38:58.854-03:00,116,0,1,50,3374,3500,30174,3500,0,40000,0x07
2026-09-06T17:38:58.854-03:00,117,0,1,54,3374,3463,30331,3500,0,40000,0x07
2026-09-06T17:38:58.874-03:00,118,0,1,54,3374,3463,30331,3500,0,40000,0x07
2026-09-06T17:38:58.894-03:00,119,0,1,54,3374,3463,30331,3500,0,40000,0x07
2026-09-06T17:38:58.918-03:00,120,0,1,56,3374,3518,30098,3500,0,40000,0x07
2026-09-06T17:38:58.954-03:00,121,0,1,56,3374,3518,30098,3500,0,40000,0x07
2026-09-06T17:38:58.954-03:00,122,0,1,56,3374,3518,30098,3500,0,40000,0x07
2026-09-06T17:38:58.974-03:00,123,0,1,50,3374,3480,30258,3500,0,40000,0x07
2026-09-06T17:38:58.998-03:00,124,0,1,50,3374,3480,30258,3500,0,40000,0x07
2026-09-06T17:38:59.016-03:00,125,0,1,52,3374,3481,30255,3500,0,40000,0x07
2026-09-06T17:38:59.034-03:00,126,0,1,52,3374,3481,30255,3500,0,40000,0x07
2026-09-06T17:38:59.057-03:00,127,0,1,52,3374,3481,30255,3500,0,40000,0x07
2026-09-06T17:38:59.078-03:00,128,0,1,51,3374,3490,30215,3500,0,40000,0x07
2026-09-06T17:38:59.096-03:00,129,0,1,51,3374,3490,30215,3500,0,40000,0x07
2026-09-06T17:38:59.114-03:00,130,0,1,50,3374,3520,30088,3500,0,40000,0x07
2026-09-06T17:38:59.134-03:00,131,0,1,50,3374,3520,30088,3500,0,40000,0x07
2026-09-06T17:38:59.157-03:00,132,0,1,50,3374,3520,30088,3500,0,40000,0x07
2026-09-06T17:38:59.175-03:00,133,0,1,50,3374,3480,30258,3500,0,40000,0x07
2026-09-06T17:38:59.194-03:00,134,0,1,50,3374,3480,30258,3500,0,40000,0x07
2026-09-06T17:38:59.216-03:00,135,0,1,50,3374,3500,30174,3500,0,40000,0x07
2026-09-06T17:38:59.235-03:00,136,0,1,50,3374,3500,30174,3500,0,40000,0x07
2026-09-06T17:38:59.254-03:00,137,0,1,50,3374,3500,30174,3500,0,40000,0x07
2026-09-06T17:38:59.278-03:00,138,0,1,50,3374,3460,30344,3500,0,40000,0x07
2026-09-06T17:38:59.296-03:00,139,0,1,50,3374,3460,30344,3500,0,40000,0x07
2026-09-06T17:38:59.313-03:00,140,0,1,50,3374,3460,30344,3500,0,40000,0x07
2026-09-06T17:38:59.337-03:00,141,0,1,54,3374,3426,30488,3500,0,40000,0x07
2026-09-06T17:38:59.354-03:00,142,0,1,54,3374,3426,30488,3500,0,40000,0x07
2026-09-06T17:38:59.377-03:00,143,0,1,63,3374,3524,30072,3500,0,40000,0x07
2026-09-06T17:38:59.395-03:00,144,0,1,63,3374,3524,30072,3500,0,40000,0x07
2026-09-06T17:38:59.414-03:00,145,0,1,63,3374,3524,30072,3500,0,40000,0x07
2026-09-06T17:38:59.438-03:00,146,0,1,53,3374,3528,30053,3500,0,40000,0x07
2026-09-06T17:38:59.477-03:00,147,0,1,53,3374,3528,30053,3500,0,40000,0x07
2026-09-06T17:38:59.477-03:00,148,0,1,53,3374,3528,30053,3500,0,40000,0x07
2026-09-06T17:38:59.497-03:00,149,0,1,50,3374,3460,30344,3500,0,40000,0x07
2026-09-06T17:38:59.516-03:00,150,0,1,50,3374,3460,30344,3500,0,40000,0x07
2026-09-06T17:38:59.534-03:00,151,0,1,52,3374,3481,30255,3500,0,40000,0x07
2026-09-06T17:38:59.558-03:00,152,0,1,52,3374,3481,30255,3500,0,40000,0x07
2026-09-06T17:38:59.576-03:00,153,0,1,52,3374,3481,30255,3500,0,40000,0x07
2026-09-06T17:38:59.595-03:00,154,0,1,56,3374,3500,30174,3500,0,40000,0x07
2026-09-06T17:38:59.615-03:00,155,0,1,56,3374,3500,30174,3500,0,40000,0x07
2026-09-06T17:38:59.634-03:00,156,0,1,56,3374,3500,30174,3500,0,40000,0x07
2026-09-06T17:38:59.657-03:00,157,0,1,50,3374,3460,30344,3500,0,40000,0x07
2026-09-06T17:38:59.676-03:00,158,0,1,50,3374,3460,30344,3500,0,40000,0x07
2026-09-06T17:38:59.695-03:00,159,0,1,50,3374,3500,30174,3500,0,40000,0x07
2026-09-06T17:38:59.715-03:00,160,0,1,50,3374,3500,30174,3500,0,40000,0x07
2026-09-06T17:38:59.733-03:00,161,0,1,50,3374,3500,30174,3500,0,40000,0x07
2026-09-06T17:38:59.753-03:00,162,0,1,50,3374,3480,30258,3500,0,40000,0x07
2026-09-06T17:38:59.777-03:00,163,0,1,50,3374,3480,30258,3500,0,40000,0x07
2026-09-06T17:38:59.797-03:00,164,0,1,50,3374,3520,30088,3500,0,40000,0x07
2026-09-06T17:38:59.816-03:00,165,0,1,50,3374,3520,30088,3500,0,40000,0x07
2026-09-06T17:38:59.836-03:00,166,0,1,50,3374,3520,30088,3500,0,40000,0x07
2026-09-06T17:38:59.854-03:00,167,0,1,51,3374,3431,30465,3500,0,40000,0x07
2026-09-06T17:38:59.873-03:00,168,0,1,51,3374,3431,30465,3500,0,40000,0x07
2026-09-06T17:38:59.896-03:00,169,0,1,50,3374,3500,30174,3500,0,40000,0x07
2026-09-06T17:38:59.915-03:00,170,0,1,50,3374,3500,30174,3500,0,40000,0x07
2026-09-06T17:38:59.934-03:00,171,0,1,50,3374,3500,30174,3500,0,40000,0x07
2026-09-06T17:38:59.956-03:00,172,0,1,51,3374,3490,30215,3500,0,40000,0x07
2026-09-06T17:38:59.976-03:00,173,0,1,51,3374,3490,30215,3500,0,40000,0x07
2026-09-06T17:38:59.995-03:00,174,0,1,52,3374,3462,30337,3500,0,40000,0x07
2026-09-06T17:39:00.018-03:00,175,0,1,52,3374,3462,30337,3500,0,40000,0x07
2026-09-06T17:39:00.036-03:00,176,0,1,52,3374,3462,30337,3500,0,40000,0x07
2026-09-06T17:39:00.056-03:00,177,0,1,56,3374,3518,30098,3500,0,40000,0x07
2026-09-06T17:39:00.076-03:00,178,0,1,56,3374,3518,30098,3500,0,40000,0x07
2026-09-06T17:39:00.096-03:00,179,0,1,56,3374,3518,30098,3500,0,40000,0x07
2026-09-06T17:39:00.113-03:00,180,0,1,50,3374,3440,30428,3500,0,40000,0x07
2026-09-06T17:39:00.134-03:00,181,0,1,50,3374,3440,30428,3500,0,40000,0x07
2026-09-06T17:39:00.156-03:00,182,0,1,54,3374,3500,30174,3500,0,40000,0x07
2026-09-06T17:39:00.177-03:00,183,0,1,54,3374,3500,30174,3500,0,40000,0x07
2026-09-06T17:39:00.195-03:00,184,0,1,54,3374,3500,30174,3500,0,40000,0x07
2026-09-06T17:39:00.214-03:00,185,0,1,51,3374,3510,30132,3500,0,40000,0x07
2026-09-06T17:39:00.235-03:00,186,0,1,51,3374,3510,30132,3500,0,40000,0x07
2026-09-06T17:39:00.254-03:00,187,0,1,51,3374,3510,30132,3500,0,40000,0x07
2026-09-06T17:39:00.278-03:00,188,0,1,52,3374,3404,30582,3500,0,40000,0x07
2026-09-06T17:39:00.296-03:00,189,0,1,52,3374,3404,30582,3500,0,40000,0x07
2026-09-06T17:39:00.317-03:00,190,0,1,52,3374,3500,30174,3500,0,40000,0x07
2026-09-06T17:39:00.336-03:00,191,0,1,52,3374,3500,30174,3500,0,40000,0x07
2026-09-06T17:39:00.357-03:00,192,0,1,52,3374,3500,30174,3500,0,40000,0x07
2026-09-06T17:39:00.376-03:00,193,0,1,51,3374,3471,30298,3500,0,40000,0x07
2026-09-06T17:39:00.396-03:00,194,0,1,51,3374,3471,30298,3500,0,40000,0x07
2026-09-06T17:39:00.417-03:00,195,0,1,52,3374,3519,30092,3500,0,40000,0x07
2026-09-06T17:39:00.435-03:00,196,0,1,52,3374,3519,30092,3500,0,40000,0x07
2026-09-06T17:39:00.456-03:00,197,0,1,52,3374,3519,30092,3500,0,40000,0x07
2026-09-06T17:39:00.473-03:00,198,0,1,54,3374,3463,30331,3500,0,40000,0x07
2026-09-06T17:39:00.496-03:00,199,0,1,54,3374,3463,30331,3500,0,40000,0x07
2026-09-06T17:39:00.515-03:00,200,0,1,54,3374,3463,30331,3500,0,40000,0x07
2026-09-06T17:39:00.538-03:00,201,0,1,52,3374,3462,30337,3500,0,40000,0x07
2026-09-06T17:39:00.556-03:00,202,0,1,52,3374,3462,30337,3500,0,40000,0x07
2026-09-06T17:39:00.574-03:00,203,0,1,52,3374,3481,30255,3500,0,40000,0x07
2026-09-06T17:39:00.597-03:00,204,0,1,52,3374,3481,30255,3500,0,40000,0x07
2026-09-06T17:39:00.614-03:00,205,0,1,52,3374,3481,30255,3500,0,40000,0x07
2026-09-06T17:39:00.637-03:00,206,0,1,50,3374,3500,30174,3500,0,40000,0x07
2026-09-06T17:39:00.657-03:00,207,0,1,50,3374,3500,30174,3500,0,40000,0x07
2026-09-06T17:39:00.696-03:00,208,0,1,50,3374,3480,30258,3500,0,40000,0x07
2026-09-06T17:39:00.696-03:00,209,0,1,50,3374,3480,30258,3500,0,40000,0x07
2026-09-06T17:39:00.714-03:00,210,0,1,50,3374,3480,30258,3500,0,40000,0x07
2026-09-06T17:39:00.737-03:00,211,0,1,60,3374,3483,30244,3500,0,40000,0x07
2026-09-06T17:39:00.754-03:00,212,0,1,60,3374,3483,30244,3500,0,40000,0x07
2026-09-06T17:39:00.774-03:00,213,0,1,60,3374,3483,30244,3500,0,40000,0x07
2026-09-06T17:39:00.797-03:00,214,0,1,51,3374,3490,30215,3500,20,40000,0x07
2026-09-06T17:39:00.814-03:00,215,0,1,51,3374,3490,30215,3500,20,40000,0x07
2026-09-06T17:39:00.837-03:00,216,0,1,54,3374,3481,30252,3500,37,40000,0x07
2026-09-06T17:39:00.856-03:00,217,0,1,54,3374,3481,30252,3500,37,40000,0x07
2026-09-06T17:39:00.874-03:00,218,0,1,54,3374,3481,30252,3500,37,40000,0x07
2026-09-06T17:39:00.894-03:00,219,0,1,50,3374,3480,30258,3500,80,40000,0x07
2026-09-06T17:39:00.918-03:00,220,0,1,50,3374,3480,30258,3500,80,40000,0x07
2026-09-06T17:39:00.936-03:00,221,0,1,50,3374,3480,30258,3500,80,40000,0x07
2026-09-06T17:39:00.955-03:00,222,0,1,52,3374,3519,30092,3500,135,40000,0x07
2026-09-06T17:39:00.973-03:00,223,0,1,52,3374,3519,30092,3500,135,40000,0x07
2026-09-06T17:39:00.997-03:00,224,0,1,55,3374,3491,30212,3500,0,40000,0x07
2026-09-06T17:39:01.015-03:00,225,0,1,55,3374,3491,30212,3500,0,40000,0x07
2026-09-06T17:39:01.033-03:00,226,0,1,55,3374,3491,30212,3500,0,40000,0x07
2026-09-06T17:39:01.056-03:00,227,0,1,50,3374,3520,30088,3500,0,40000,0x07
2026-09-06T17:39:01.074-03:00,228,0,1,50,3374,3520,30088,3500,0,40000,0x07
2026-09-06T17:39:01.097-03:00,229,0,1,50,3374,3520,30088,3500,0,40000,0x07
2026-09-06T17:39:01.115-03:00,230,0,1,52,3374,3442,30419,3500,0,40000,0x07
2026-09-06T17:39:01.135-03:00,231,0,1,52,3374,3442,30419,3500,0,40000,0x07
2026-09-06T17:39:01.153-03:00,232,0,1,50,3374,3480,30258,3500,0,40000,0x07
2026-09-06T17:39:01.197-03:00,233,0,1,50,3374,3480,30258,3500,0,40000,0x07
2026-09-06T17:39:01.197-03:00,234,0,1,50,3374,3480,30258,3500,0,40000,0x07
2026-09-06T17:39:01.217-03:00,235,0,1,52,3374,3500,30174,3500,0,40000,0x07
2026-09-06T17:39:01.236-03:00,236,0,1,52,3374,3500,30174,3500,0,40000,0x07
2026-09-06T17:39:01.257-03:00,237,0,1,50,3374,3500,30174,3500,0,40000,0x07
2026-09-06T17:39:01.275-03:00,238,0,1,50,3374,3500,30174,3500,0,40000,0x07
2026-09-06T17:39:01.297-03:00,239,0,1,50,3374,3500,30174,3500,0,40000,0x07
2026-09-06T17:39:01.316-03:00,240,0,1,54,3374,3444,30410,3500,0,40000,0x07
2026-09-06T17:39:01.336-03:00,241,0,1,54,3374,3444,30410,3500,0,40000,0x07
2026-09-06T17:39:01.357-03:00,242,0,1,54,3374,3537,30016,3500,0,40000,0x07
2026-09-06T17:39:01.375-03:00,243,0,1,54,3374,3537,30016,3500,0,40000,0x07
2026-09-06T17:39:01.395-03:00,244,0,1,54,3374,3537,30016,3500,0,40000,0x07
2026-09-06T17:39:01.414-03:00,245,0,1,51,3374,3451,30382,3500,0,40000,0x07
2026-09-06T17:39:01.434-03:00,246,0,1,51,3374,3451,30382,3500,0,40000,0x07
2026-09-06T17:39:01.457-03:00,247,0,1,51,3374,3451,30382,3500,0,40000,0x07
2026-09-06T17:39:01.476-03:00,248,0,1,52,3374,3442,30419,3500,0,40000,0x07
2026-09-06T17:39:01.514-03:00,249,0,1,52,3374,3442,30419,3500,0,40000,0x07
2026-09-06T17:39:01.514-03:00,250,0,1,56,3374,3518,30098,3500,0,40000,0x07
2026-09-06T17:39:01.533-03:00,251,0,1,56,3374,3518,30098,3500,0,40000,0x07
2026-09-06T17:39:01.557-03:00,252,0,1,56,3374,3518,30098,3500,0,40000,0x07
2026-09-06T17:39:01.577-03:00,253,0,1,51,3374,3490,30215,3500,0,40000,0x07
2026-09-06T17:39:01.596-03:00,254,0,1,51,3374,3490,30215,3500,0,40000,0x07
2026-09-06T17:39:01.614-03:00,255,0,1,50,3374,3500,30174,3500,0,40000,0x07
2026-09-06T17:39:01.637-03:00,256,0,1,50,3374,3500,30174,3500,0,40000,0x07
2026-09-06T17:39:01.657-03:00,257,0,1,50,3374,3500,30174,3500,0,40000,0x07
2026-09-06T17:39:01.695-03:00,258,0,1,55,3374,3473,30289,3500,0,40000,0x07
2026-09-06T17:39:01.695-03:00,259,0,1,55,3374,3473,30289,3500,0,40000,0x07
2026-09-06T17:39:01.717-03:00,260,0,1,55,3374,3473,30289,3500,0,40000,0x07
2026-09-06T17:39:01.735-03:00,261,0,1,52,3374,3481,30255,3500,0,40000,0x07
2026-09-06T17:39:01.754-03:00,262,0,1,52,3374,3481,30255,3500,0,40000,0x07
2026-09-06T17:39:01.774-03:00,263,0,1,52,3374,3538,30010,3500,0,40000,0x07
2026-09-06T17:39:01.794-03:00,264,0,1,52,3374,3538,30010,3500,0,40000,0x07
2026-09-06T17:39:01.817-03:00,265,0,1,52,3374,3538,30010,3500,0,40000,0x07
2026-09-06T17:39:01.835-03:00,266,0,1,51,3374,3431,30465,3500,0,40000,0x07
2026-09-06T17:39:01.858-03:00,267,0,1,51,3374,3431,30465,3500,0,40000,0x07
2026-09-06T17:39:01.876-03:00,268,0,1,54,3374,3500,30174,3500,0,40000,0x07
2026-09-06T17:39:01.895-03:00,269,0,1,54,3374,3500,30174,3500,0,40000,0x07
2026-09-06T17:39:01.915-03:00,270,0,1,54,3374,3500,30174,3500,0,40000,0x07
2026-09-06T17:39:01.934-03:00,271,0,1,51,3374,3510,30132,3500,0,40000,0x07
2026-09-06T17:39:01.957-03:00,272,0,1,51,3374,3510,30132,3500,0,40000,0x07
2026-09-06T17:39:01.976-03:00,273,0,1,51,3374,3510,30132,3500,0,40000,0x07
2026-09-06T17:39:01.994-03:00,274,0,1,50,3374,3460,30344,3500,0,40000,0x07
2026-09-06T17:39:02.018-03:00,275,0,1,50,3374,3460,30344,3500,0,40000,0x07
2026-09-06T17:39:02.033-03:00,276,0,1,52,3374,3519,30092,3500,0,40000,0x07
2026-09-06T17:39:02.056-03:00,277,0,1,52,3374,3519,30092,3500,0,40000,0x07
2026-09-06T17:39:02.075-03:00,278,0,1,52,3374,3519,30092,3500,0,40000,0x07
2026-09-06T17:39:02.093-03:00,279,0,1,57,3374,3491,30211,3500,0,40000,0x07
2026-09-06T17:39:02.115-03:00,280,0,1,57,3374,3491,30211,3500,0,40000,0x07
2026-09-06T17:39:02.134-03:00,281,0,1,57,3374,3491,30211,3500,0,40000,0x07
2026-09-06T17:39:02.157-03:00,282,0,1,50,3374,3440,30428,3500,0,40000,0x07
2026-09-06T17:39:02.194-03:00,283,0,1,50,3374,3440,30428,3500,0,40000,0x07
2026-09-06T17:39:02.194-03:00,284,0,1,52,3374,3538,30010,3500,0,40000,0x07
2026-09-06T17:39:02.213-03:00,285,0,1,52,3374,3538,30010,3500,0,40000,0x07
2026-09-06T17:39:02.237-03:00,286,0,1,52,3374,3538,30010,3500,0,40000,0x07
2026-09-06T17:39:02.257-03:00,287,0,1,50,3374,3400,30598,3500,0,40000,0x07
2026-09-06T17:39:02.277-03:00,288,0,1,50,3374,3400,30598,3500,0,40000,0x07
2026-09-06T17:39:02.295-03:00,289,0,1,55,3374,3545,29980,3500,0,40000,0x07
2026-09-06T17:39:02.313-03:00,290,0,1,55,3374,3545,29980,3500,0,40000,0x07
2026-09-06T17:39:02.336-03:00,291,0,1,55,3374,3545,29980,3500,0,40000,0x07
2026-09-06T17:39:02.356-03:00,292,0,1,55,3374,3509,30135,3500,0,40000,0x07
2026-09-06T17:39:02.375-03:00,293,0,1,55,3374,3509,30135,3500,0,40000,0x07
2026-09-06T17:39:02.395-03:00,294,0,1,55,3374,3509,30135,3500,0,40000,0x07
2026-09-06T17:39:02.416-03:00,295,0,1,51,3374,3451,30382,3500,0,40000,0x07
2026-09-06T17:39:02.433-03:00,296,0,1,51,3374,3451,30382,3500,0,40000,0x07
2026-09-06T17:39:02.453-03:00,297,0,1,52,3374,3500,30174,3500,0,40000,0x07
2026-09-06T17:39:02.473-03:00,298,0,1,52,3374,3500,30174,3500,0,40000,0x07
2026-09-06T17:39:02.497-03:00,299,0,1,52,3374,3500,30174,3500,0,40000,0x07
2026-09-06T17:39:02.535-03:00,300,0,1,50,3374,3500,30174,3500,0,40000,0x07
2026-09-06T17:39:02.535-03:00,301,0,1,50,3374,3500,30174,3500,0,40000,0x07
2026-09-06T17:39:02.555-03:00,302,0,1,50,3374,3500,30174,3500,0,40000,0x07
2026-09-06T17:39:02.576-03:00,303,0,1,55,3374,3436,30444,3500,0,40000,0x07
2026-09-06T17:39:02.594-03:00,304,0,1,55,3374,3436,30444,3500,0,40000,0x07
2026-09-06T17:39:02.618-03:00,305,0,1,56,3374,3518,30098,3500,0,40000,0x07
2026-09-06T17:39:02.657-03:00,306,0,1,56,3374,3518,30098,3500,0,40000,0x07
2026-09-06T17:39:02.657-03:00,307,0,1,56,3374,3518,30098,3500,0,40000,0x07
2026-09-06T17:39:02.675-03:00,308,0,1,50,3374,3480,30258,3500,0,40000,0x07
2026-09-06T17:39:02.697-03:00,309,0,1,50,3374,3480,30258,3500,0,40000,0x07
2026-09-06T17:39:02.713-03:00,310,0,1,50,3374,3520,30088,3500,0,40000,0x07
2026-09-06T17:39:02.733-03:00,311,0,1,50,3374,3520,30088,3500,0,40000,0x07
2026-09-06T17:39:02.757-03:00,312,0,1,50,3374,3520,30088,3500,0,40000,0x07
2026-09-06T17:39:02.774-03:00,313,0,1,54,3374,3463,30331,3500,0,40000,0x07
2026-09-06T17:39:02.795-03:00,314,0,1,54,3374,3463,30331,3500,0,40000,0x07
2026-09-06T17:39:02.815-03:00,315,0,1,50,3374,3500,30174,3500,0,40000,0x07
2026-09-06T17:39:02.834-03:00,316,0,1,50,3374,3500,30174,3500,0,40000,0x07
2026-09-06T17:39:02.853-03:00,317,0,1,50,3374,3500,30174,3500,0,40000,0x07
2026-09-06T17:39:02.876-03:00,318,0,1,50,3374,3520,30088,3500,0,40000,0x07
2026-09-06T17:39:02.893-03:00,319,0,1,50,3374,3520,30088,3500,0,40000,0x07
2026-09-06T17:39:02.916-03:00,320,0,1,50,3374,3520,30088,3500,0,40000,0x07
2026-09-06T17:39:02.935-03:00,321,0,1,50,3374,3480,30258,3500,0,40000,0x07
2026-09-06T17:39:02.958-03:00,322,0,1,50,3374,3480,30258,3500,0,40000,0x07
2026-09-06T17:39:02.977-03:00,323,0,1,50,3374,3480,30258,3500,0,40000,0x07
2026-09-06T17:39:02.995-03:00,324,0,1,50,3374,3480,30258,3500,0,40000,0x07
2026-09-06T17:39:03.015-03:00,325,0,1,50,3374,3480,30258,3500,0,40000,0x07
2026-09-06T17:39:03.034-03:00,326,0,1,54,3374,3481,30252,3500,0,40000,0x07
2026-09-06T17:39:03.054-03:00,327,0,1,54,3374,3481,30252,3500,0,40000,0x07
2026-09-06T17:39:03.077-03:00,328,0,1,50,3374,3540,30004,3500,0,40000,0x07
2026-09-06T17:39:03.095-03:00,329,0,1,50,3374,3540,30004,3500,0,40000,0x07
2026-09-06T17:39:03.113-03:00,330,0,1,50,3374,3540,30004,3500,0,40000,0x07
2026-09-06T17:39:03.136-03:00,331,0,1,50,3374,3480,30258,3500,0,40000,0x07
2026-09-06T17:39:03.156-03:00,332,0,1,50,3374,3480,30258,3500,0,40000,0x07
2026-09-06T17:39:03.178-03:00,333,0,1,50,3374,3480,30258,3500,0,40000,0x07
2026-09-06T17:39:03.214-03:00,334,0,1,52,3374,3481,30255,3500,0,40000,0x07
2026-09-06T17:39:03.214-03:00,335,0,1,52,3374,3481,30255,3500,0,40000,0x07
2026-09-06T17:39:03.237-03:00,336,0,1,50,3374,3500,30174,3500,0,40000,0x07
2026-09-06T17:39:03.255-03:00,337,0,1,50,3374,3500,30174,3500,0,40000,0x07
2026-09-06T17:39:03.274-03:00,338,0,1,50,3374,3500,30174,3500,0,40000,0x07
2026-09-06T17:39:03.294-03:00,339,0,1,52,3374,3462,30337,3500,0,40000,0x07
2026-09-06T17:39:03.316-03:00,340,0,1,52,3374,3462,30337,3500,0,40000,0x07
2026-09-06T17:39:03.334-03:00,341,0,1,56,3374,3554,29946,3500,0,40000,0x07
2026-09-06T17:39:03.354-03:00,342,0,1,56,3374,3554,29946,3500,0,40000,0x07
2026-09-06T17:39:03.378-03:00,343,0,1,56,3374,3554,29946,3500,0,40000,0x07
2026-09-06T17:39:03.396-03:00,344,0,1,57,3374,3456,30360,3500,0,40000,0x07
2026-09-06T17:39:03.415-03:00,345,0,1,57,3374,3456,30360,3500,0,40000,0x07
2026-09-06T17:39:03.437-03:00,346,0,1,57,3374,3456,30360,3500,0,40000,0x07
2026-09-06T17:39:03.457-03:00,347,0,1,50,3374,3440,30428,3500,0,40000,0x07
2026-09-06T17:39:03.474-03:00,348,0,1,50,3374,3440,30428,3500,0,40000,0x07
2026-09-06T17:39:03.494-03:00,349,0,1,56,3374,3536,30022,3500,0,40000,0x07
2026-09-06T17:39:03.518-03:00,350,0,1,56,3374,3536,30022,3500,0,40000,0x07
2026-09-06T17:39:03.533-03:00,351,0,1,56,3374,3536,30022,3500,0,40000,0x07
2026-09-06T17:39:03.556-03:00,352,0,1,55,3374,3509,30135,3500,0,40000,0x07
2026-09-06T17:39:03.576-03:00,353,0,1,55,3374,3509,30135,3500,0,40000,0x07
2026-09-06T17:39:03.595-03:00,354,0,1,55,3374,3509,30135,3500,0,40000,0x07
2026-09-06T17:39:03.618-03:00,355,0,1,50,3374,3480,30258,3500,0,40000,0x07
2026-09-06T17:39:03.657-03:00,356,0,1,50,3374,3480,30258,3500,0,40000,0x07
2026-09-06T17:39:03.657-03:00,357,0,1,50,3374,3480,30258,3500,0,40000,0x07
2026-09-06T17:39:03.677-03:00,358,0,1,50,3374,3480,30258,3500,0,40000,0x07
2026-09-06T17:39:03.695-03:00,359,0,1,50,3374,3520,30088,3500,0,40000,0x07
2026-09-06T17:39:03.713-03:00,360,0,1,50,3374,3520,30088,3500,0,40000,0x07
2026-09-06T17:39:03.733-03:00,361,0,1,50,3374,3520,30088,3500,0,40000,0x07
2026-09-06T17:39:03.758-03:00,362,0,1,51,3374,3490,30215,3500,0,40000,0x07
2026-09-06T17:39:03.776-03:00,363,0,1,51,3374,3490,30215,3500,0,40000,0x07
2026-09-06T17:39:03.794-03:00,364,0,1,51,3374,3490,30215,3500,0,40000,0x07
2026-09-06T17:39:03.817-03:00,365,0,1,51,3374,3431,30465,3500,0,40000,0x07
2026-09-06T17:39:03.837-03:00,366,0,1,51,3374,3431,30465,3500,0,40000,0x07
2026-09-06T17:39:03.855-03:00,367,0,1,51,3374,3431,30465,3500,0,40000,0x07
2026-09-06T17:39:03.878-03:00,368,0,1,54,3374,3481,30252,3500,0,40000,0x07
2026-09-06T17:39:03.896-03:00,369,0,1,54,3374,3481,30252,3500,0,40000,0x07
2026-09-06T17:39:03.917-03:00,370,0,1,51,3374,3549,29965,3500,0,40000,0x07
2026-09-06T17:39:03.937-03:00,371,0,1,51,3374,3549,29965,3500,0,40000,0x07
2026-09-06T17:39:03.975-03:00,372,0,1,51,3374,3549,29965,3500,0,40000,0x07
2026-09-06T17:39:03.975-03:00,373,0,1,54,3374,3444,30410,3500,0,40000,0x07
2026-09-06T17:39:03.993-03:00,374,0,1,54,3374,3444,30410,3500,0,40000,0x07
2026-09-06T17:39:04.015-03:00,375,0,1,52,3374,3519,30092,3500,0,40000,0x07
2026-09-06T17:39:04.035-03:00,376,0,1,52,3374,3519,30092,3500,0,40000,0x07
2026-09-06T17:39:04.053-03:00,377,0,1,52,3374,3519,30092,3500,0,40000,0x07
2026-09-06T17:39:04.077-03:00,378,0,1,57,3374,3491,30211,3500,0,40000,0x07
2026-09-06T17:39:04.095-03:00,379,0,1,57,3374,3491,30211,3500,0,40000,0x07
2026-09-06T17:39:04.115-03:00,380,0,1,57,3374,3491,30211,3500,0,40000,0x07
2026-09-06T17:39:04.138-03:00,381,0,1,50,3374,3460,30344,3500,0,40000,0x07
2026-09-06T17:39:04.155-03:00,382,0,1,50,3374,3460,30344,3500,0,40000,0x07
2026-09-06T17:39:04.175-03:00,383,0,1,51,3374,3529,30048,3500,0,40000,0x07
2026-09-06T17:39:04.194-03:00,384,0,1,51,3374,3529,30048,3500,0,40000,0x07
2026-09-06T17:39:04.216-03:00,385,0,1,51,3374,3529,30048,3500,0,40000,0x07
2026-09-06T17:39:04.234-03:00,386,0,1,50,3374,3480,30258,3500,0,40000,0x07
2026-09-06T17:39:04.257-03:00,387,0,1,50,3374,3480,30258,3500,0,40000,0x07
2026-09-06T17:39:04.275-03:00,388,0,1,52,3374,3481,30255,3500,0,40000,0x07
2026-09-06T17:39:04.296-03:00,389,0,1,52,3374,3481,30255,3500,0,40000,0x07
2026-09-06T17:39:04.313-03:00,390,0,1,52,3374,3481,30255,3500,0,40000,0x07
2026-09-06T17:39:04.336-03:00,391,0,1,50,3374,3500,30174,3500,0,40000,0x07
2026-09-06T17:39:04.355-03:00,392,0,1,50,3374,3500,30174,3500,0,40000,0x07
2026-09-06T17:39:04.374-03:00,393,0,1,50,3374,3500,30174,3500,0,40000,0x07
2026-09-06T17:39:04.398-03:00,394,0,1,52,3374,3500,30174,3500,0,40000,0x07
2026-09-06T17:39:04.416-03:00,395,0,1,52,3374,3500,30174,3500,0,40000,0x07
2026-09-06T17:39:04.433-03:00,396,0,1,54,3374,3519,30095,3500,0,40000,0x07
2026-09-06T17:39:04.456-03:00,397,0,1,54,3374,3519,30095,3500,0,40000,0x07
2026-09-06T17:39:04.475-03:00,398,0,1,54,3374,3519,30095,3500,0,40000,0x07
2026-09-06T17:39:04.495-03:00,399,0,1,52,3374,3462,30337,3500,0,40000,0x07
2026-09-06T17:39:04.518-03:00,400,0,1,52,3374,3462,30337,3500,0,40000,0x07
2026-09-06T17:39:04.536-03:00,401,0,1,52,3374,3538,30010,3500,0,40000,0x07
2026-09-06T17:39:04.555-03:00,402,0,1,52,3374,3538,30010,3500,0,40000,0x07
2026-09-06T17:39:04.573-03:00,403,0,1,52,3374,3538,30010,3500,0,40000,0x07
2026-09-06T17:39:04.597-03:00,404,0,1,50,3374,3480,30258,3500,0,40000,0x07
2026-09-06T17:39:04.617-03:00,405,0,1,50,3374,3480,30258,3500,0,40000,0x07
2026-09-06T17:39:04.637-03:00,406,0,1,50,3374,3480,30258,3500,0,40000,0x07
2026-09-06T17:39:04.656-03:00,407,0,1,52,3374,3481,30255,3500,0,40000,0x07
2026-09-06T17:39:04.674-03:00,408,0,1,52,3374,3481,30255,3500,0,40000,0x07
2026-09-06T17:39:04.698-03:00,409,0,1,50,3374,3520,30088,3500,0,40000,0x07
2026-09-06T17:39:04.734-03:00,410,0,1,50,3374,3520,30088,3500,0,40000,0x07
2026-09-06T17:39:04.734-03:00,411,0,1,50,3374,3520,30088,3500,0,40000,0x07
2026-09-06T17:39:04.758-03:00,412,0,1,52,3374,3481,30255,3500,0,40000,0x07
2026-09-06T17:39:04.795-03:00,413,0,1,52,3374,3481,30255,3500,0,40000,0x07
2026-09-06T17:39:04.795-03:00,414,0,1,54,3374,3481,30252,3500,0,40000,0x07
2026-09-06T17:39:04.813-03:00,415,0,1,54,3374,3481,30252,3500,0,40000,0x07
2026-09-06T17:39:04.833-03:00,416,0,1,54,3374,3481,30252,3500,0,40000,0x07
2026-09-06T17:39:04.856-03:00,417,0,1,50,3374,3420,30514,3500,0,40000,0x07
2026-09-06T17:39:04.877-03:00,418,0,1,50,3374,3420,30514,3500,0,40000,0x07
2026-09-06T17:39:04.896-03:00,419,0,1,50,3374,3420,30514,3500,0,40000,0x07
2026-09-06T17:39:04.917-03:00,420,0,1,54,3374,3519,30095,3500,0,40000,0x07
2026-09-06T17:39:04.934-03:00,421,0,1,54,3374,3519,30095,3500,0,40000,0x07
2026-09-06T17:39:04.954-03:00,422,0,1,50,3374,3460,30344,3500,0,40000,0x07
2026-09-06T17:39:04.976-03:00,423,0,1,50,3374,3460,30344,3500,0,40000,0x07
2026-09-06T17:39:04.995-03:00,424,0,1,50,3374,3460,30344,3500,0,40000,0x07
2026-09-06T17:39:05.013-03:00,425,0,1,52,3374,3500,30174,3500,0,40000,0x07
2026-09-06T17:39:05.058-03:00,426,0,1,52,3374,3500,30174,3500,0,40000,0x07
2026-09-06T17:39:05.076-03:00,427,0,1,54,3374,3519,30095,3500,0,40000,0x07
2026-09-06T17:39:05.097-03:00,428,0,1,54,3374,3519,30095,3500,0,40000,0x07
2026-09-06T17:39:05.115-03:00,429,0,1,51,3374,3431,30465,3500,0,40000,0x07
2026-09-06T17:39:05.135-03:00,430,0,1,51,3374,3431,30465,3500,0,40000,0x07
2026-09-06T17:39:05.156-03:00,432,0,1,52,3374,3538,30010,3500,0,40000,0x07
2026-09-06T17:39:05.196-03:00,433,0,1,52,3374,3538,30010,3500,0,40000,0x07
2026-09-06T17:39:05.196-03:00,434,0,1,52,3374,3538,30010,3500,0,40000,0x07
2026-09-06T17:39:05.216-03:00,435,0,1,50,3374,3480,30258,3500,0,40000,0x07
2026-09-06T17:39:05.236-03:00,436,0,1,50,3374,3480,30258,3500,0,40000,0x07
2026-09-06T17:39:05.255-03:00,437,0,1,50,3374,3480,30258,3500,0,40000,0x07
2026-09-06T17:39:05.274-03:00,438,0,1,54,3374,3426,30488,3500,0,40000,0x07
2026-09-06T17:39:05.294-03:00,439,0,1,54,3374,3426,30488,3500,0,40000,0x07
2026-09-06T17:39:05.316-03:00,440,0,1,54,3374,3574,29859,3500,0,40000,0x07
2026-09-06T17:39:05.335-03:00,441,0,1,54,3374,3574,29859,3500,0,40000,0x07
2026-09-06T17:39:05.355-03:00,442,0,1,54,3374,3574,29859,3500,0,40000,0x07
2026-09-06T17:39:05.377-03:00,443,0,1,50,3374,3480,30258,3500,0,40000,0x07
2026-09-06T17:39:05.397-03:00,444,0,1,50,3374,3480,30258,3500,0,40000,0x07
2026-09-06T17:39:05.416-03:00,445,0,1,54,3374,3463,30331,3500,0,40000,0x07
2026-09-06T17:39:05.435-03:00,446,0,1,54,3374,3463,30331,3500,0,40000,0x07
2026-09-06T17:39:05.453-03:00,447,0,1,54,3374,3463,30331,3500,0,40000,0x07
2026-09-06T17:39:05.473-03:00,448,0,1,50,3374,3500,30174,3500,0,40000,0x07
2026-09-06T17:39:05.515-03:00,449,0,1,50,3374,3500,30174,3500,0,40000,0x07
2026-09-06T17:39:05.515-03:00,450,0,1,50,3374,3500,30174,3500,0,40000,0x07
2026-09-06T17:39:05.533-03:00,451,0,1,50,3374,3500,30174,3500,0,40000,0x07
2026-09-06T17:39:05.576-03:00,452,0,1,50,3374,3500,30174,3500,0,40000,0x07
2026-09-06T17:39:05.593-03:00,453,0,1,56,3374,3482,30249,3500,0,40000,0x07
2026-09-06T17:39:05.616-03:00,454,0,1,56,3374,3482,30249,3500,0,40000,0x07
2026-09-06T17:39:05.656-03:00,455,0,1,51,3374,3490,30215,3500,0,40000,0x07
2026-09-06T17:39:05.656-03:00,456,0,1,51,3374,3490,30215,3500,0,40000,0x07
2026-09-06T17:39:05.674-03:00,458,0,1,52,3374,3481,30255,3500,0,40000,0x07
2026-09-06T17:39:05.695-03:00,459,0,1,52,3374,3481,30255,3500,0,40000,0x07
2026-09-06T17:39:05.713-03:00,460,0,1,52,3374,3481,30255,3500,0,40000,0x07
2026-09-06T17:39:05.736-03:00,461,0,1,58,3374,3500,30174,3500,0,40000,0x07
2026-09-06T17:39:05.755-03:00,462,0,1,58,3374,3500,30174,3500,0,40000,0x07
2026-09-06T17:39:05.776-03:00,463,0,1,58,3374,3500,30174,3500,0,40000,0x07
2026-09-06T17:39:05.794-03:00,464,0,1,50,3374,3480,30258,3500,0,40000,0x07
2026-09-06T17:39:05.817-03:00,465,0,1,50,3374,3480,30258,3500,0,40000,0x07
2026-09-06T17:39:05.836-03:00,466,0,1,50,3374,3540,30004,3500,0,40000,0x07
2026-09-06T17:39:05.857-03:00,467,0,1,50,3374,3540,30004,3500,0,40000,0x07
2026-09-06T17:39:05.874-03:00,468,0,1,50,3374,3540,30004,3500,0,40000,0x07
2026-09-06T17:39:05.896-03:00,469,0,1,50,3374,3460,30344,3500,0,40000,0x07
2026-09-06T17:39:05.914-03:00,470,0,1,50,3374,3460,30344,3500,0,40000,0x07
2026-09-06T17:39:05.934-03:00,471,0,1,52,3374,3481,30255,3500,0,40000,0x07
2026-09-06T17:39:05.958-03:00,472,0,1,52,3374,3481,30255,3500,0,40000,0x07
2026-09-06T17:39:05.996-03:00,473,0,1,52,3374,3481,30255,3500,0,40000,0x07
2026-09-06T17:39:06.017-03:00,474,0,1,56,3374,3518,30098,3500,0,40000,0x07
2026-09-06T17:39:06.035-03:00,475,0,1,56,3374,3518,30098,3500,0,40000,0x07
2026-09-06T17:39:06.053-03:00,476,0,1,50,3374,3480,30258,3500,0,40000,0x07
2026-09-06T17:39:06.077-03:00,477,0,1,50,3374,3480,30258,3500,0,40000,0x07
2026-09-06T17:39:06.095-03:00,479,0,1,50,3374,3480,30258,3500,0,40000,0x07
2026-09-06T17:39:06.113-03:00,480,0,1,50,3374,3480,30258,3500,0,40000,0x07
2026-09-06T17:39:06.138-03:00,481,0,1,50,3374,3480,30258,3500,0,40000,0x07
2026-09-06T17:39:06.156-03:00,482,0,1,51,3374,3529,30048,3500,0,40000,0x07
2026-09-06T17:39:06.176-03:00,483,0,1,51,3374,3529,30048,3500,0,40000,0x07
2026-09-06T17:39:06.195-03:00,484,0,1,52,3374,3481,30255,3500,0,40000,0x07
2026-09-06T17:39:06.213-03:00,485,0,1,52,3374,3481,30255,3500,0,40000,0x07
2026-09-06T17:39:06.236-03:00,486,0,1,52,3374,3481,30255,3500,0,40000,0x07
2026-09-06T17:39:06.254-03:00,487,0,1,56,3374,3500,30174,3500,0,40000,0x07
2026-09-06T17:39:06.273-03:00,488,0,1,56,3374,3500,30174,3500,0,40000,0x07
2026-09-06T17:39:06.296-03:00,489,0,1,56,3374,3500,30174,3500,0,40000,0x07
2026-09-06T17:39:06.313-03:00,490,0,1,51,3374,3510,30132,3500,0,40000,0x07
2026-09-06T17:39:06.337-03:00,491,0,1,51,3374,3510,30132,3500,0,40000,0x07
2026-09-06T17:39:06.356-03:00,492,0,1,54,3374,3481,30252,3500,0,40000,0x07
2026-09-06T17:39:06.376-03:00,493,0,1,54,3374,3481,30252,3500,0,40000,0x07
2026-09-06T17:39:06.393-03:00,494,0,1,54,3374,3481,30252,3500,0,40000,0x07
2026-09-06T17:39:06.416-03:00,495,0,1,57,3374,3474,30285,3500,0,40000,0x07
2026-09-06T17:39:06.437-03:00,496,0,1,57,3374,3474,30285,3500,0,40000,0x07
2026-09-06T17:39:06.477-03:00,497,0,1,57,3374,3474,30285,3500,0,40000,0x07
2026-09-06T17:39:06.521-03:00,498,0,1,51,3374,3529,30048,3500,0,40000,0x07
2026-09-06T17:39:06.567-03:00,499,0,1,51,3374,3529,30048,3500,0,40000,0x07
2026-09-06T17:39:06.612-03:00,500,0,1,50,3374,3480,30258,3500,0,40000,0x07
2026-09-06T17:39:06.653-03:00,501,0,1,50,0,0,0,0,0,0,0x03
