timestamp,sequence,team,robot_id,interval_ms,left_target_eps,left_measured_eps,left_duty,right_target_eps,right_measured_eps,right_duty,flags
2026-09-06T11:43:11.187-03:00,502,0,0,52,0,0,0,0,0,0,0x03
2026-09-06T11:43:11.206-03:00,503,0,0,50,0,0,0,0,0,0,0x03
2026-09-06T11:43:11.229-03:00,504,0,0,51,0,0,0,0,0,0,0x03
2026-09-06T11:43:11.249-03:00,505,0,0,51,0,0,0,0,0,0,0x03
2026-09-06T11:43:11.267-03:00,505,0,0,51,0,0,0,0,0,0,0x03
2026-09-06T11:43:11.285-03:00,505,0,0,50,0,0,0,0,0,0,0x03
2026-09-06T11:43:11.308-03:00,505,0,0,50,0,0,0,0,0,0,0x03
2026-09-06T11:43:11.326-03:00,505,0,0,50,0,0,0,0,0,0,0x03
2026-09-06T11:43:11.346-03:00,505,0,0,50,0,0,0,0,0,0,0x03
2026-09-06T11:43:11.364-03:00,505,0,0,50,0,0,0,0,0,0,0x03
2026-09-06T11:43:11.384-03:00,505,0,0,50,0,0,0,0,0,0,0x03
2026-09-06T11:43:11.406-03:00,8,0,0,50,0,0,30741,0,0,31098,0x07
2026-09-06T11:43:11.424-03:00,9,0,0,50,0,0,30741,0,0,31098,0x07
2026-09-06T11:43:11.447-03:00,10,0,0,58,3374,690,40000,3500,0,40000,0x07
2026-09-06T11:43:11.465-03:00,11,0,0,58,3374,690,40000,3500,0,40000,0x07
2026-09-06T11:43:11.485-03:00,12,0,0,58,3374,690,40000,3500,0,40000,0x07
2026-09-06T11:43:11.508-03:00,13,0,0,52,3374,2269,35436,3500,0,40000,0x07
2026-09-06T11:43:11.526-03:00,14,0,0,52,3374,2269,35436,3500,0,40000,0x07
2026-09-06T11:43:11.545-03:00,15,0,0,55,3374,2818,33103,3500,0,40000,0x07
2026-09-06T11:43:11.565-03:00,16,0,0,55,3374,2818,33103,3500,0,40000,0x07
2026-09-06T11:43:11.588-03:00,17,0,0,55,3374,2818,33103,3500,0,40000,0x07
2026-09-06T11:43:11.606-03:00,18,0,0,60,3374,2883,32826,3500,0,40000,0x07
2026-09-06T11:43:11.624-03:00,19,0,0,60,3374,2883,32826,3500,0,40000,0x07
2026-09-06T11:43:11.647-03:00,20,0,0,60,3374,2883,32826,3500,0,40000,0x07
2026-09-06T11:43:11.665-03:00,21,0,0,59,3374,2661,33771,3500,0,40000,0x07
2026-09-06T11:43:11.686-03:00,22,0,0,59,3374,2661,33771,3500,0,40000,0x07
2026-09-06T11:43:11.708-03:00,23,0,0,59,3374,2661,33771,3500,0,40000,0x07
2026-09-06T11:43:11.726-03:00,24,0,0,58,3374,2655,33796,3500,0,40000,0x07
2026-09-06T11:43:11.744-03:00,25,0,0,58,3374,2655,33796,3500,0,40000,0x07
2026-09-06T11:43:11.766-03:00,26,0,0,58,3374,2655,33796,3500,0,40000,0x07
2026-09-06T11:43:11.784-03:00,27,0,0,62,3374,2839,33016,3500,0,40000,0x07
2026-09-06T11:43:11.807-03:00,28,0,0,62,3374,2839,33016,3500,0,40000,0x07
2026-09-06T11:43:11.824-03:00,29,0,0,62,3374,2839,33016,3500,0,40000,0x07
2026-09-06T11:43:11.847-03:00,30,0,0,59,3374,2593,34059,3500,0,40000,0x07
2026-09-06T11:43:11.865-03:00,31,0,0,59,3374,2593,34059,3500,0,40000,0x07
2026-09-06T11:43:11.887-03:00,32,0,0,59,3374,2593,34059,3500,0,40000,0x07
2026-09-06T11:43:11.907-03:00,33,0,0,50,3374,2800,33180,3500,0,40000,0x07
2026-09-06T11:43:11.925-03:00,34,0,0,50,3374,2800,33180,3500,0,40000,0x07
2026-09-06T11:43:11.948-03:00,35,0,0,52,3374,2692,33638,3500,0,40000,0x07
2026-09-06T11:43:11.966-03:00,36,0,0,52,3374,2692,33638,3500,0,40000,0x07
2026-09-06T11:43:11.986-03:00,37,0,0,52,3374,2692,33638,3500,0,40000,0x07
2026-09-06T11:43:12.004-03:00,38,0,0,59,3374,2644,33843,3500,0,40000,0x07
2026-09-06T11:43:12.027-03:00,39,0,0,59,3374,2644,33843,3500,0,40000,0x07
2026-09-06T11:43:12.045-03:00,40,0,0,59,3374,2644,33843,3500,0,40000,0x07
2026-09-06T11:43:12.067-03:00,41,0,0,60,3374,2767,33322,3500,0,40000,0x07
2026-09-06T11:43:12.085-03:00,42,0,0,60,3374,2767,33322,3500,0,40000,0x07
2026-09-06T11:43:12.109-03:00,43,0,0,60,3374,2767,33322,3500,0,40000,0x07
2026-09-06T11:43:12.126-03:00,44,0,0,50,3374,2820,33096,3500,0,40000,0x07
2026-09-06T11:43:12.149-03:00,45,0,0,50,3374,2820,33096,3500,0,40000,0x07
2026-09-06T11:43:12.166-03:00,46,0,0,51,3374,2686,33664,3500,0,40000,0x07
2026-09-06T11:43:12.189-03:00,47,0,0,51,3374,2686,33664,3500,0,40000,0x07
2026-09-06T11:43:12.207-03:00,48,0,0,51,3374,2686,33664,3500,0,40000,0x07
2026-09-06T11:43:12.225-03:00,49,0,0,59,3374,2593,34059,3500,0,40000,0x07
2026-09-06T11:43:12.249-03:00,50,0,0,59,3374,2593,34059,3500,0,40000,0x07
2026-09-06T11:43:12.266-03:00,51,0,0,59,3374,2593,34059,3500,0,40000,0x07
2026-09-06T11:43:12.284-03:00,52,0,0,59,3374,2780,33267,3500,0,40000,0x07
2026-09-06T11:43:12.304-03:00,53,0,0,59,3374,2780,33267,3500,0,40000,0x07
2026-09-06T11:43:12.327-03:00,54,0,0,59,3374,2780,33267,3500,0,40000,0x07
2026-09-06T11:43:12.345-03:00,55,0,0,59,3374,2695,33627,3500,0,40000,0x07
2026-09-06T11:43:12.365-03:00,56,0,0,59,3374,2695,33627,3500,0,40000,0x07
2026-09-06T11:43:12.389-03:00,57,0,0,59,3374,2695,33627,3500,0,40000,0x07
2026-09-06T11:43:12.409-03:00,58,0,0,62,3374,2726,33496,3500,0,40000,0x07
2026-09-06T11:43:12.427-03:00,59,0,0,62,3374,2726,33496,3500,0,40000,0x07
2026-09-06T11:43:12.445-03:00,60,0,0,62,3374,2726,33496,3500,0,40000,0x07
2026-09-06T11:43:12.468-03:00,61,0,0,62,3374,2758,33359,3500,0,40000,0x07
2026-09-06T11:43:12.487-03:00,62,0,0,62,3374,2758,33359,3500,0,40000,0x07
2026-09-06T11:43:12.505-03:00,63,0,0,62,3374,2758,33359,3500,0,40000,0x07
2026-09-06T11:43:12.528-03:00,64,0,0,59,3374,2678,33699,3500,0,40000,0x07
2026-09-06T11:43:12.546-03:00,65,0,0,59,3374,2678,33699,3500,0,40000,0x07
2026-09-06T11:43:12.569-03:00,66,0,0,59,3374,2678,33699,3500,0,40000,0x07
2026-09-06T11:43:12.589-03:00,67,0,0,50,3374,2640,33860,3500,0,40000,0x07
2026-09-06T11:43:12.607-03:00,68,0,0,50,3374,2640,33860,3500,0,40000,0x07
2026-09-06T11:43:12.625-03:00,69,0,0,52,3374,2750,33393,3500,0,40000,0x07
2026-09-06T11:43:12.648-03:00,70,0,0,52,3374,2750,33393,3500,0,40000,0x07
2026-09-06T11:43:12.666-03:00,71,0,0,52,3374,2750,33393,3500,0,40000,0x07
2026-09-06T11:43:12.688-03:00,72,0,0,60,3374,2750,33393,3500,0,40000,0x07
2026-09-06T11:43:12.708-03:00,73,0,0,60,3374,2750,33393,3500,0,40000,0x07
2026-09-06T11:43:12.726-03:00,74,0,0,60,3374,2750,33393,3500,0,40000,0x07
2026-09-06T11:43:12.744-03:00,75,0,0,58,3374,2655,33796,3500,0,40000,0x07
2026-09-06T11:43:12.766-03:00,76,0,0,58,3374,2655,33796,3500,0,40000,0x07
2026-09-06T11:43:12.784-03:00,77,0,0,58,3374,2655,33796,3500,0,40000,0x07
2026-09-06T11:43:12.807-03:00,78,0,0,59,3374,2695,33627,3500,0,40000,0x07
2026-09-06T11:43:12.825-03:00,79,0,0,59,3374,2695,33627,3500,0,40000,0x07
2026-09-06T11:43:12.848-03:00,80,0,0,59,3374,2695,33627,3500,0,40000,0x07
2026-09-06T11:43:12.866-03:00,81,0,0,59,3374,2746,33411,3500,0,40000,0x07
2026-09-06T11:43:12.884-03:00,82,0,0,59,3374,2746,33411,3500,0,40000,0x07
2026-09-06T11:43:12.907-03:00,83,0,0,59,3374,2746,33411,3500,0,40000,0x07
2026-09-06T11:43:12.926-03:00,84,0,0,62,3374,2677,33701,3500,0,40000,0x07
2026-09-06T11:43:12.944-03:00,85,0,0,62,3374,2677,33701,3500,0,40000,0x07
2026-09-06T11:43:12.967-03:00,86,0,0,62,3374,2677,33701,3500,0,40000,0x07
2026-09-06T11:43:12.985-03:00,87,0,0,58,3374,2759,33356,3500,0,40000,0x07
2026-09-06T11:43:13.008-03:00,88,0,0,58,3374,2759,33356,3500,0,40000,0x07
2026-09-06T11:43:13.044-03:00,89,0,0,58,3374,2759,33356,3500,0,40000,0x07
2026-09-06T11:43:13.044-03:00,90,0,0,60,3374,2733,33464,3500,0,40000,0x07
2026-09-06T11:43:13.069-03:00,91,0,0,60,3374,2733,33464,3500,0,40000,0x07
2026-09-06T11:43:13.084-03:00,92,0,0,60,3374,2733,33464,3500,0,40000,0x07
2026-09-06T11:43:13.128-03:00,93,0,0,76,3374,2461,34623,3500,0,40000,0x07
2026-09-06T11:43:13.148-03:00,94,0,0,76,3374,2461,34623,3500,0,40000,0x07
2026-09-06T11:43:13.166-03:00,95,0,0,76,3374,2461,34623,3500,0,40000,0x07
2026-09-06T11:43:13.189-03:00,96,0,0,61,3374,2869,32888,3500,0,40000,0x07
2026-09-06T11:43:13.207-03:00,97,0,0,61,3374,2869,32888,3500,0,40000,0x07
2026-09-06T11:43:13.225-03:00,98,0,0,61,3374,2869,32888,3500,0,40000,0x07
2026-09-06T11:43:13.248-03:00,99,0,0,59,3374,2627,33915,3500,0,40000,0x07
2026-09-06T11:43:13.266-03:00,100,0,0,59,3374,2627,33915,3500,0,40000,0x07
2026-09-06T11:43:13.284-03:00,101,0,0,59,3374,2627,33915,3500,0,40000,0x07
2026-09-06T11:43:13.305-03:00,102,0,0,60,3374,2633,33889,3500,0,40000,0x07
2026-09-06T11:43:13.325-03:00,103,0,0,60,3374,2633,33889,3500,0,40000,0x07
2026-09-06T11:43:13.348-03:00,104,0,0,60,3374,2633,33889,3500,0,40000,0x07
2026-09-06T11:43:13.366-03:00,105,0,0,59,3374,2831,33051,3500,0,40000,0x07
2026-09-06T11:43:13.386-03:00,106,0,0,59,3374,2831,33051,3500,0,40000,0x07
2026-09-06T11:43:13.409-03:00,107,0,0,59,3374,2831,33051,3500,0,40000,0x07
2026-09-06T11:43:13.427-03:00,108,0,0,59,3374,2678,33699,3500,0,40000,0x07
2026-09-06T11:43:13.447-03:00,109,0,0,59,3374,2678,33699,3500,0,40000,0x07
2026-09-06T11:43:13.465-03:00,110,0,0,59,3374,2678,33699,3500,0,40000,0x07
2026-09-06T11:43:13.489-03:00,111,0,0,59,3374,2712,33555,3500,0,40000,0x07
2026-09-06T11:43:13.507-03:00,112,0,0,59,3374,2712,33555,3500,0,40000,0x07
2026-09-06T11:43:13.526-03:00,113,0,0,59,3374,2712,33555,3500,0,40000,0x07
2026-09-06T11:43:13.544-03:00,114,0,0,59,3374,2746,33411,3500,0,40000,0x07
2026-09-06T11:43:13.564-03:00,115,0,0,59,3374,2746,33411,3500,0,40000,0x07
2026-09-06T11:43:13.585-03:00,116,0,0,59,3374,2746,33411,3500,0,40000,0x07
2026-09-06T11:43:13.608-03:00,117,0,0,59,3374,2729,33483,3500,0,40000,0x07
2026-09-06T11:43:13.626-03:00,118,0,0,59,3374,2729,33483,3500,0,40000,0x07
2026-09-06T11:43:13.645-03:00,119,0,0,59,3374,2729,33483,3500,0,40000,0x07
2026-09-06T11:43:13.668-03:00,120,0,0,59,3374,2797,33195,3500,0,40000,0x07
2026-09-06T11:43:13.686-03:00,121,0,0,59,3374,2797,33195,3500,0,40000,0x07
2026-09-06T11:43:13.704-03:00,122,0,0,59,3374,2797,33195,3500,0,40000,0x07
2026-09-06T11:43:13.726-03:00,123,0,0,58,3374,2655,33796,3500,0,40000,0x07
2026-09-06T11:43:13.746-03:00,124,0,0,58,3374,2655,33796,3500,0,40000,0x07
2026-09-06T11:43:13.764-03:00,125,0,0,58,3374,2655,33796,3500,0,40000,0x07
2026-09-06T11:43:13.787-03:00,126,0,0,60,3374,2717,33535,3500,0,40000,0x07
2026-09-06T11:43:13.804-03:00,127,0,0,60,3374,2717,33535,3500,0,40000,0x07
2026-09-06T11:43:13.824-03:00,128,0,0,60,3374,2717,33535,3500,0,40000,0x07
2026-09-06T11:43:13.848-03:00,129,0,0,59,3374,2695,33627,3500,0,40000,0x07
2026-09-06T11:43:13.868-03:00,130,0,0,59,3374,2695,33627,3500,0,40000,0x07
2026-09-06T11:43:13.888-03:00,131,0,0,59,3374,2695,33627,3500,0,40000,0x07
2026-09-06T11:43:13.908-03:00,132,0,0,58,3374,2724,33503,3500,0,40000,0x07
2026-09-06T11:43:13.925-03:00,133,0,0,58,3374,2724,33503,3500,0,40000,0x07
2026-09-06T11:43:13.948-03:00,134,0,0,58,3374,2724,33503,3500,0,40000,0x07
2026-09-06T11:43:13.967-03:00,135,0,0,60,3374,2733,33464,3500,0,40000,0x07
2026-09-06T11:43:13.985-03:00,136,0,0,60,3374,2733,33464,3500,0,40000,0x07
2026-09-06T11:43:14.008-03:00,137,0,0,60,3374,2733,33464,3500,0,40000,0x07
2026-09-06T11:43:14.026-03:00,138,0,0,58,3374,2655,33796,3500,0,40000,0x07
2026-09-06T11:43:14.045-03:00,139,0,0,58,3374,2655,33796,3500,0,40000,0x07
2026-09-06T11:43:14.068-03:00,140,0,0,58,3374,2655,33796,3500,0,40000,0x07
2026-09-06T11:43:14.086-03:00,141,0,0,59,3374,2763,33339,3500,0,40000,0x07
2026-09-06T11:43:14.104-03:00,142,0,0,59,3374,2763,33339,3500,0,40000,0x07
2026-09-06T11:43:14.124-03:00,143,0,0,59,3374,2763,33339,3500,0,40000,0x07
2026-09-06T11:43:14.147-03:00,144,0,0,60,3374,2750,33393,3500,0,40000,0x07
2026-09-06T11:43:14.168-03:00,145,0,0,60,3374,2750,33393,3500,0,40000,0x07
2026-09-06T11:43:14.207-03:00,148,0,0,58,3374,2638,33869,3500,0,40000,0x07
2026-09-06T11:43:14.224-03:00,149,0,0,58,3374,2638,33869,3500,0,40000,0x07
2026-09-06T11:43:14.247-03:00,150,0,0,62,3374,2774,33290,3500,0,40000,0x07
2026-09-06T11:43:14.264-03:00,151,0,0,62,3374,2774,33290,3500,0,40000,0x07
2026-09-06T11:43:14.286-03:00,152,0,0,62,3374,2774,33290,3500,0,40000,0x07
2026-09-06T11:43:14.306-03:00,153,0,0,58,3374,2776,33283,3500,0,40000,0x07
2026-09-06T11:43:14.324-03:00,154,0,0,58,3374,2776,33283,3500,0,40000,0x07
2026-09-06T11:43:14.347-03:00,155,0,0,58,3374,2776,33283,3500,0,40000,0x07
2026-09-06T11:43:14.368-03:00,156,0,0,50,3374,2600,34030,3500,0,40000,0x07
2026-09-06T11:43:14.386-03:00,157,0,0,50,3374,2600,34030,3500,0,40000,0x07
2026-09-06T11:43:14.406-03:00,158,0,0,53,3374,2792,33213,3500,0,40000,0x07
2026-09-06T11:43:14.424-03:00,159,0,0,53,3374,2792,33213,3500,0,40000,0x07
2026-09-06T11:43:14.447-03:00,160,0,0,53,3374,2792,33213,3500,0,40000,0x07
2026-09-06T11:43:14.465-03:00,161,0,0,59,3374,2695,33627,3500,0,40000,0x07
2026-09-06T11:43:14.488-03:00,162,0,0,59,3374,2695,33627,3500,0,40000,0x07
2026-09-06T11:43:14.506-03:00,163,0,0,59,3374,2695,33627,3500,0,40000,0x07
2026-09-06T11:43:14.524-03:00,164,0,0,58,3374,2810,33137,3500,0,40000,0x07
2026-09-06T11:43:14.548-03:00,165,0,0,58,3374,2810,33137,3500,0,40000,0x07
2026-09-06T11:43:14.566-03:00,166,0,0,58,3374,2810,33137,3500,0,40000,0x07
2026-09-06T11:43:14.584-03:00,167,0,0,60,3374,2633,33889,3500,0,40000,0x07
2026-09-06T11:43:14.607-03:00,168,0,0,60,3374,2633,33889,3500,0,40000,0x07
2026-09-06T11:43:14.625-03:00,169,0,0,60,3374,2633,33889,3500,0,40000,0x07
2026-09-06T11:43:14.649-03:00,170,0,0,58,3374,2655,33796,3500,0,40000,0x07
2026-09-06T11:43:14.669-03:00,171,0,0,58,3374,2655,33796,3500,0,40000,0x07
2026-09-06T11:43:14.686-03:00,172,0,0,58,3374,2655,33796,3500,0,40000,0x07
2026-09-06T11:43:14.706-03:00,173,0,0,51,3374,2824,33080,3500,0,40000,0x07
2026-09-06T11:43:14.724-03:00,174,0,0,51,3374,2824,33080,3500,0,40000,0x07
2026-09-06T11:43:14.749-03:00,175,0,0,52,3374,2673,33720,3500,0,40000,0x07
2026-09-06T11:43:14.767-03:00,176,0,0,52,3374,2673,33720,3500,0,40000,0x07
2026-09-06T11:43:14.785-03:00,177,0,0,52,3374,2673,33720,3500,0,40000,0x07
2026-09-06T11:43:14.804-03:00,178,0,0,50,3374,2580,34116,3500,0,40000,0x07
2026-09-06T11:43:14.824-03:00,179,0,0,50,3374,2580,34116,3500,0,40000,0x07
2026-09-06T11:43:14.847-03:00,180,0,0,53,3374,2849,32972,3500,0,40000,0x07
2026-09-06T11:43:14.865-03:00,181,0,0,53,3374,2849,32972,3500,0,40000,0x07
2026-09-06T11:43:14.888-03:00,182,0,0,53,3374,2849,32972,3500,0,40000,0x07
2026-09-06T11:43:14.906-03:00,183,0,0,59,3374,2678,33699,3500,0,40000,0x07
2026-09-06T11:43:14.924-03:00,184,0,0,59,3374,2678,33699,3500,0,40000,0x07
2026-09-06T11:43:14.947-03:00,185,0,0,59,3374,2678,33699,3500,0,40000,0x07
2026-09-06T11:43:14.967-03:00,186,0,0,59,3374,2593,34059,3500,0,40000,0x07
2026-09-06T11:43:15.009-03:00,187,0,0,59,3374,2593,34059,3500,0,40000,0x07
2026-09-06T11:43:15.026-03:00,188,0,0,59,3374,2593,34059,3500,0,40000,0x07
2026-09-06T11:43:15.046-03:00,189,0,0,59,3374,2780,33267,3500,0,40000,0x07
2026-09-06T11:43:15.067-03:00,190,0,0,59,3374,2780,33267,3500,0,40000,0x07
2026-09-06T11:43:15.085-03:00,191,0,0,59,3374,2746,33411,3500,0,40000,0x07
2026-09-06T11:43:15.109-03:00,193,0,0,59,3374,2746,33411,3500,0,40000,0x07
2026-09-06T11:43:15.127-03:00,194,0,0,59,3374,2746,33411,3500,0,40000,0x07
2026-09-06T11:43:15.144-03:00,195,0,0,59,3374,2746,33411,3500,0,40000,0x07
2026-09-06T11:43:15.167-03:00,196,0,0,59,3374,2746,33411,3500,0,40000,0x07
2026-09-06T11:43:15.185-03:00,197,0,0,59,3374,2746,33411,3500,0,40000,0x07
2026-09-06T11:43:15.208-03:00,198,0,0,61,3374,2770,33306,3500,0,40000,0x07
2026-09-06T11:43:15.226-03:00,199,0,0,61,3374,2770,33306,3500,0,40000,0x07
2026-09-06T11:43:15.247-03:00,200,0,0,61,3374,2770,33306,3500,0,40000,0x07
2026-09-06T11:43:15.267-03:00,201,0,0,50,3374,2600,34030,3500,0,40000,0x07
2026-09-06T11:43:15.285-03:00,202,0,0,50,3374,2600,34030,3500,0,40000,0x07
2026-09-06T11:43:15.309-03:00,203,0,0,53,3374,2887,32812,3500,0,40000,0x07
2026-09-06T11:43:15.327-03:00,204,0,0,53,3374,2887,32812,3500,0,40000,0x07
2026-09-06T11:43:15.349-03:00,205,0,0,53,3374,2887,32812,3500,0,40000,0x07
2026-09-06T11:43:15.367-03:00,206,0,0,50,3374,2640,33860,3500,0,40000,0x07
2026-09-06T11:43:15.384-03:00,207,0,0,50,3374,2640,33860,3500,0,40000,0x07
2026-09-06T11:43:15.407-03:00,208,0,0,52,3374,2731,33475,3500,0,40000,0x07
2026-09-06T11:43:15.425-03:00,209,0,0,52,3374,2731,33475,3500,0,40000,0x07
2026-09-06T11:43:15.448-03:00,210,0,0,52,3374,2731,33475,3500,0,40000,0x07
2026-09-06T11:43:15.466-03:00,211,0,0,59,3374,2712,33555,3500,0,40000,0x07
2026-09-06T11:43:15.484-03:00,212,0,0,59,3374,2712,33555,3500,0,40000,0x07
2026-09-06T11:43:15.507-03:00,213,0,0,59,3374,2712,33555,3500,0,40000,0x07
2026-09-06T11:43:15.525-03:00,214,0,0,59,3374,2678,33699,3500,0,40000,0x07
2026-09-06T11:43:15.548-03:00,215,0,0,59,3374,2678,33699,3500,0,40000,0x07
2026-09-06T11:43:15.565-03:00,216,0,0,59,3374,2678,33699,3500,0,40000,0x07
2026-09-06T11:43:15.589-03:00,217,0,0,59,3374,2644,33843,3500,0,40000,0x07
2026-09-06T11:43:15.606-03:00,218,0,0,59,3374,2644,33843,3500,0,40000,0x07
2026-09-06T11:43:15.627-03:00,219,0,0,59,3374,2644,33843,3500,0,40000,0x07
2026-09-06T11:43:15.645-03:00,220,0,0,51,3374,2824,33080,3500,0,40000,0x07
2026-09-06T11:43:15.665-03:00,221,0,0,51,3374,2824,33080,3500,0,40000,0x07
2026-09-06T11:43:15.688-03:00,222,0,0,52,3374,2615,33965,3500,0,40000,0x07
2026-09-06T11:43:15.706-03:00,223,0,0,52,3374,2615,33965,3500,0,40000,0x07
2026-09-06T11:43:15.724-03:00,224,0,0,52,3374,2615,33965,3500,0,40000,0x07
2026-09-06T11:43:15.747-03:00,225,0,0,59,3374,2644,33843,3500,0,40000,0x07
2026-09-06T11:43:15.765-03:00,226,0,0,59,3374,2644,33843,3500,0,40000,0x07
2026-09-06T11:43:15.789-03:00,227,0,0,59,3374,2644,33843,3500,0,40000,0x07
2026-09-06T11:43:15.807-03:00,228,0,0,60,3374,2683,33676,3500,0,40000,0x07
2026-09-06T11:43:15.825-03:00,229,0,0,60,3374,2683,33676,3500,0,40000,0x07
2026-09-06T11:43:15.848-03:00,230,0,0,60,3374,2683,33676,3500,0,40000,0x07
2026-09-06T11:43:15.885-03:00,231,0,0,58,3374,2724,33503,3500,0,40000,0x07
2026-09-06T11:43:15.885-03:00,232,0,0,58,3374,2724,33503,3500,0,40000,0x07
2026-09-06T11:43:15.908-03:00,233,0,0,58,3374,2724,33503,3500,0,40000,0x07
2026-09-06T11:43:15.926-03:00,234,0,0,66,3374,2833,33039,3500,0,40000,0x07
2026-09-06T11:43:15.944-03:00,235,0,0,66,3374,2833,33039,3500,0,40000,0x07
2026-09-06T11:43:15.967-03:00,236,0,0,66,3374,2833,33039,3500,0,40000,0x07
2026-09-06T11:43:15.985-03:00,237,0,0,67,3374,2358,35058,3500,0,40000,0x07
2026-09-06T11:43:16.009-03:00,238,0,0,67,3374,2358,35058,3500,0,40000,0x07
2026-09-06T11:43:16.026-03:00,239,0,0,67,3374,2358,35058,3500,0,40000,0x07
2026-09-06T11:43:16.048-03:00,240,0,0,60,3374,2717,33535,3500,0,40000,0x07
2026-09-06T11:43:16.066-03:00,241,0,0,60,3374,2717,33535,3500,0,40000,0x07
2026-09-06T11:43:16.084-03:00,242,0,0,60,3374,2717,33535,3500,0,40000,0x07
2026-09-06T11:43:16.129-03:00,243,0,0,60,3374,2800,33180,3500,0,40000,0x07
2026-09-06T11:43:16.147-03:00,244,0,0,60,3374,2800,33180,3500,0,40000,0x07
2026-09-06T11:43:16.165-03:00,245,0,0,60,3374,2800,33180,3500,0,40000,0x07
2026-09-06T11:43:16.189-03:00,246,0,0,59,3374,2644,33843,3500,0,40000,0x07
2026-09-06T11:43:16.207-03:00,247,0,0,59,3374,2644,33843,3500,0,40000,0x07
2026-09-06T11:43:16.225-03:00,248,0,0,59,3374,2644,33843,3500,0,40000,0x07
2026-09-06T11:43:16.248-03:00,249,0,0,59,3374,2797,33195,3500,0,40000,0x07
2026-09-06T11:43:16.265-03:00,250,0,0,59,3374,2797,33195,3500,0,40000,0x07
2026-09-06T11:43:16.288-03:00,251,0,0,59,3374,2797,33195,3500,0,40000,0x07
2026-09-06T11:43:16.308-03:00,252,0,0,59,3374,2661,33771,3500,0,40000,0x07
2026-09-06T11:43:16.327-03:00,253,0,0,59,3374,2661,33771,3500,0,40000,0x07
2026-09-06T11:43:16.345-03:00,254,0,0,59,3374,2661,33771,3500,0,40000,0x07
2026-09-06T11:43:16.368-03:00,255,0,0,59,3374,2593,34059,3500,0,40000,0x07
2026-09-06T11:43:16.389-03:00,256,0,0,59,3374,2593,34059,3500,0,40000,0x07
2026-09-06T11:43:16.406-03:00,257,0,0,59,3374,2593,34059,3500,0,40000,0x07
2026-09-06T11:43:16.425-03:00,258,0,0,60,3374,2800,33180,3500,0,40000,0x07
2026-09-06T11:43:16.445-03:00,259,0,0,60,3374,2800,33180,3500,0,40000,0x07
2026-09-06T11:43:16.468-03:00,260,0,0,60,3374,2800,33180,3500,0,40000,0x07
2026-09-06T11:43:16.488-03:00,261,0,0,59,3374,2644,33843,3500,0,40000,0x07
2026-09-06T11:43:16.506-03:00,262,0,0,59,3374,2644,33843,3500,0,40000,0x07
2026-09-06T11:43:16.525-03:00,263,0,0,59,3374,2644,33843,3500,0,40000,0x07
2026-09-06T11:43:16.549-03:00,264,0,0,59,3374,2678,33699,3500,0,40000,0x07
2026-09-06T11:43:16.566-03:00,265,0,0,59,3374,2678,33699,3500,0,40000,0x07
2026-09-06T11:43:16.586-03:00,266,0,0,59,3374,2678,33699,3500,0,40000,0x07
2026-09-06T11:43:16.605-03:00,267,0,0,59,3374,2746,33411,3500,0,40000,0x07
2026-09-06T11:43:16.628-03:00,268,0,0,59,3374,2746,33411,3500,0,40000,0x07
2026-09-06T11:43:16.646-03:00,269,0,0,59,3374,2746,33411,3500,0,40000,0x07
2026-09-06T11:43:16.664-03:00,270,0,0,59,3374,2678,33699,3500,0,40000,0x07
2026-09-06T11:43:16.688-03:00,271,0,0,59,3374,2678,33699,3500,0,40000,0x07
2026-09-06T11:43:16.706-03:00,272,0,0,59,3374,2678,33699,3500,0,40000,0x07
2026-09-06T11:43:16.729-03:00,273,0,0,60,3374,2733,33464,3500,0,40000,0x07
2026-09-06T11:43:16.747-03:00,274,0,0,60,3374,2733,33464,3500,0,40000,0x07
2026-09-06T11:43:16.765-03:00,275,0,0,60,3374,2733,33464,3500,0,40000,0x07
2026-09-06T11:43:16.785-03:00,276,0,0,59,3374,2746,33411,3500,0,40000,0x07
2026-09-06T11:43:16.808-03:00,277,0,0,59,3374,2746,33411,3500,0,40000,0x07
2026-09-06T11:43:16.826-03:00,278,0,0,59,3374,2746,33411,3500,0,40000,0x07
2026-09-06T11:43:16.844-03:00,279,0,0,58,3374,2707,33576,3500,0,40000,0x07
2026-09-06T11:43:16.868-03:00,280,0,0,58,3374,2707,33576,3500,0,40000,0x07
2026-09-06T11:43:16.888-03:00,281,0,0,58,3374,2707,33576,3500,0,40000,0x07
2026-09-06T11:43:16.908-03:00,284,0,0,59,3374,2763,33339,3500,0,40000,0x07
2026-09-06T11:43:16.944-03:00,285,0,0,60,3374,2667,33747,3500,0,40000,0x07
2026-09-06T11:43:16.964-03:00,286,0,0,60,3374,2667,33747,3500,0,40000,0x07
2026-09-06T11:43:16.987-03:00,287,0,0,60,3374,2667,33747,3500,0,40000,0x07
2026-09-06T11:43:17.005-03:00,288,0,0,60,3374,2700,33606,3500,0,40000,0x07
2026-09-06T11:43:17.026-03:00,289,0,0,60,3374,2700,33606,3500,0,40000,0x07
2026-09-06T11:43:17.049-03:00,290,0,0,60,3374,2700,33606,3500,0,40000,0x07
2026-09-06T11:43:17.067-03:00,291,0,0,59,3374,2712,33555,3500,0,40000,0x07
2026-09-06T11:43:17.086-03:00,292,0,0,59,3374,2712,33555,3500,0,40000,0x07
2026-09-06T11:43:17.104-03:00,293,0,0,59,3374,2712,33555,3500,0,40000,0x07
2026-09-06T11:43:17.127-03:00,294,0,0,58,3374,2776,33283,3500,0,40000,0x07
2026-09-06T11:43:17.145-03:00,295,0,0,58,3374,2776,33283,3500,0,40000,0x07
2026-09-06T11:43:17.165-03:00,296,0,0,58,3374,2776,33283,3500,0,40000,0x07
2026-09-06T11:43:17.188-03:00,297,0,0,51,3374,2686,33664,3500,0,40000,0x07
2026-09-06T11:43:17.206-03:00,298,0,0,51,3374,2686,33664,3500,0,40000,0x07
2026-09-06T11:43:17.224-03:00,299,0,0,52,3374,2712,33556,3500,0,40000,0x07
2026-09-06T11:43:17.247-03:00,300,0,0,52,3374,2712,33556,3500,0,40000,0x07
2026-09-06T11:43:17.265-03:00,301,0,0,52,3374,2712,33556,3500,0,40000,0x07
2026-09-06T11:43:17.284-03:00,302,0,0,59,3374,2525,34347,3500,0,40000,0x07
2026-09-06T11:43:17.308-03:00,303,0,0,59,3374,2525,34347,3500,0,40000,0x07
2026-09-06T11:43:17.326-03:00,304,0,0,59,3374,2525,34347,3500,0,40000,0x07
2026-09-06T11:43:17.344-03:00,305,0,0,60,3374,2683,33676,3500,0,40000,0x07
2026-09-06T11:43:17.367-03:00,306,0,0,60,3374,2683,33676,3500,0,40000,0x07
2026-09-06T11:43:17.385-03:00,307,0,0,60,3374,2683,33676,3500,0,40000,0x07
2026-09-06T11:43:17.408-03:00,308,0,0,59,3374,2746,33411,3500,0,40000,0x07
2026-09-06T11:43:17.427-03:00,309,0,0,59,3374,2746,33411,3500,0,40000,0x07
2026-09-06T11:43:17.446-03:00,310,0,0,59,3374,2746,33411,3500,0,40000,0x07
2026-09-06T11:43:17.466-03:00,311,0,0,51,3374,2745,33414,3500,0,40000,0x07
2026-09-06T11:43:17.489-03:00,312,0,0,51,3374,2745,33414,3500,0,40000,0x07
2026-09-06T11:43:17.507-03:00,313,0,0,52,3374,2673,33720,3500,0,40000,0x07
2026-09-06T11:43:17.527-03:00,314,0,0,52,3374,2673,33720,3500,0,40000,0x07
2026-09-06T11:43:17.544-03:00,315,0,0,52,3374,2673,33720,3500,0,40000,0x07
2026-09-06T11:43:17.567-03:00,316,0,0,59,3374,2661,33771,3500,0,40000,0x07
2026-09-06T11:43:17.585-03:00,317,0,0,59,3374,2661,33771,3500,0,40000,0x07
2026-09-06T11:43:17.608-03:00,318,0,0,59,3374,2661,33771,3500,0,40000,0x07
2026-09-06T11:43:17.626-03:00,319,0,0,59,3374,2881,32835,3500,0,40000,0x07
2026-09-06T11:43:17.644-03:00,320,0,0,59,3374,2881,32835,3500,0,40000,0x07
2026-09-06T11:43:17.667-03:00,321,0,0,59,3374,2881,32835,3500,0,40000,0x07
2026-09-06T11:43:17.688-03:00,322,0,0,59,3374,2695,33627,3500,0,40000,0x07
2026-09-06T11:43:17.708-03:00,323,0,0,59,3374,2695,33627,3500,0,40000,0x07
2026-09-06T11:43:17.726-03:00,324,0,0,59,3374,2695,33627,3500,0,40000,0x07
2026-09-06T11:43:17.748-03:00,325,0,0,61,3374,2705,33585,3500,0,40000,0x07
2026-09-06T11:43:17.766-03:00,326,0,0,61,3374,2705,33585,3500,0,40000,0x07
2026-09-06T11:43:17.786-03:00,327,0,0,61,3374,2705,33585,3500,0,40000,0x07
2026-09-06T11:43:17.806-03:00,328,0,0,51,3374,2686,33664,3500,0,40000,0x07
2026-09-06T11:43:17.824-03:00,329,0,0,51,3374,2686,33664,3500,0,40000,0x07
2026-09-06T11:43:17.848-03:00,330,0,0,52,3374,2712,33556,3500,0,40000,0x07
2026-09-06T11:43:17.865-03:00,331,0,0,52,3374,2712,33556,3500,0,40000,0x07
2026-09-06T11:43:17.889-03:00,332,0,0,52,3374,2712,33556,3500,0,40000,0x07
2026-09-06T11:43:17.906-03:00,333,0,0,59,3374,2678,33699,3500,0,40000,0x07
2026-09-06T11:43:17.926-03:00,334,0,0,59,3374,2678,33699,3500,0,40000,0x07
2026-09-06T11:43:17.946-03:00,335,0,0,59,3374,2678,33699,3500,0,40000,0x07
2026-09-06T11:43:17.964-03:00,336,0,0,60,3374,2650,33818,3500,0,40000,0x07
2026-09-06T11:43:17.984-03:00,337,0,0,60,3374,2650,33818,3500,0,40000,0x07
2026-09-06T11:43:18.004-03:00,338,0,0,60,3374,2650,33818,3500,0,40000,0x07
2026-09-06T11:43:18.024-03:00,339,0,0,59,3374,2644,33843,3500,0,40000,0x07
2026-09-06T11:43:18.048-03:00,340,0,0,59,3374,2644,33843,3500,0,40000,0x07
2026-09-06T11:43:18.065-03:00,341,0,0,59,3374,2644,33843,3500,0,40000,0x07
2026-09-06T11:43:18.088-03:00,342,0,0,59,3374,2847,32979,3500,0,40000,0x07
2026-09-06T11:43:18.106-03:00,343,0,0,59,3374,2847,32979,3500,0,40000,0x07
2026-09-06T11:43:18.124-03:00,344,0,0,59,3374,2847,32979,3500,0,40000,0x07
2026-09-06T11:43:18.144-03:00,345,0,0,51,3374,2608,33997,3500,0,40000,0x07
2026-09-06T11:43:18.167-03:00,346,0,0,51,3374,2608,33997,3500,0,40000,0x07
2026-09-06T11:43:18.185-03:00,347,0,0,52,3374,2692,33638,3500,0,40000,0x07
2026-09-06T11:43:18.209-03:00,348,0,0,52,3374,2692,33638,3500,0,40000,0x07
2026-09-06T11:43:18.229-03:00,349,0,0,52,3374,2692,33638,3500,0,40000,0x07
2026-09-06T11:43:18.247-03:00,350,0,0,60,3374,2833,33039,3500,0,40000,0x07
2026-09-06T11:43:18.267-03:00,351,0,0,60,3374,2833,33039,3500,0,40000,0x07
2026-09-06T11:43:18.287-03:00,352,0,0,60,3374,2833,33039,3500,0,40000,0x07
2026-09-06T11:43:18.305-03:00,353,0,0,58,3374,2655,33796,3500,0,40000,0x07
2026-09-06T11:43:18.328-03:00,354,0,0,58,3374,2655,33796,3500,0,40000,0x07
2026-09-06T11:43:18.347-03:00,355,0,0,58,3374,2655,33796,3500,0,40000,0x07
2026-09-06T11:43:18.365-03:00,356,0,0,59,3374,2644,33843,3500,0,40000,0x07
2026-09-06T11:43:18.388-03:00,357,0,0,59,3374,2644,33843,3500,0,40000,0x07
2026-09-06T11:43:18.408-03:00,358,0,0,59,3374,2644,33843,3500,0,40000,0x07
2026-09-06T11:43:18.426-03:00,359,0,0,60,3374,2817,33110,3500,0,40000,0x07
2026-09-06T11:43:18.446-03:00,360,0,0,60,3374,2817,33110,3500,0,40000,0x07
2026-09-06T11:43:18.469-03:00,361,0,0,60,3374,2817,33110,3500,0,40000,0x07
2026-09-06T11:43:18.489-03:00,362,0,0,58,3374,2724,33503,3500,0,40000,0x07
2026-09-06T11:43:18.507-03:00,363,0,0,58,3374,2724,33503,3500,0,40000,0x07
2026-09-06T11:43:18.525-03:00,364,0,0,58,3374,2724,33503,3500,0,40000,0x07
2026-09-06T11:43:18.548-03:00,365,0,0,62,3374,2742,33427,3500,0,40000,0x07
2026-09-06T11:43:18.566-03:00,366,0,0,62,3374,2742,33427,3500,0,40000,0x07
2026-09-06T11:43:18.584-03:00,367,0,0,62,3374,2742,33427,3500,0,40000,0x07
2026-09-06T11:43:18.608-03:00,368,0,0,59,3374,2627,33915,3500,0,40000,0x07
2026-09-06T11:43:18.626-03:00,369,0,0,59,3374,2627,33915,3500,0,40000,0x07
2026-09-06T11:43:18.644-03:00,370,0,0,59,3374,2627,33915,3500,0,40000,0x07
2026-09-06T11:43:18.667-03:00,371,0,0,50,3374,2660,33776,3500,0,40000,0x07
2026-09-06T11:43:18.685-03:00,372,0,0,50,3374,2660,33776,3500,0,40000,0x07
2026-09-06T11:43:18.708-03:00,373,0,0,53,3374,2698,33614,3500,0,40000,0x07
2026-09-06T11:43:18.726-03:00,374,0,0,53,3374,2698,33614,3500,0,40000,0x07
2026-09-06T11:43:18.744-03:00,375,0,0,53,3374,2698,33614,3500,0,40000,0x07
2026-09-06T11:43:18.767-03:00,376,0,0,59,3374,2712,33555,3500,0,40000,0x07
2026-09-06T11:43:18.788-03:00,377,0,0,59,3374,2712,33555,3500,0,40000,0x07
2026-09-06T11:43:18.805-03:00,378,0,0,59,3374,2712,33555,3500,0,40000,0x07
2026-09-06T11:43:18.825-03:00,379,0,0,68,3374,2397,34893,3500,0,40000,0x07
2026-09-06T11:43:18.849-03:00,380,0,0,68,3374,2397,34893,3500,0,40000,0x07
2026-09-06T11:43:18.867-03:00,381,0,0,68,3374,2397,34893,3500,0,40000,0x07
2026-09-06T11:43:18.886-03:00,382,0,0,60,3374,2833,33039,3500,0,40000,0x07
2026-09-06T11:43:18.908-03:00,383,0,0,60,3374,2833,33039,3500,0,40000,0x07
2026-09-06T11:43:18.926-03:00,384,0,0,60,3374,2833,33039,3500,0,40000,0x07
2026-09-06T11:43:18.944-03:00,385,0,0,59,3374,2678,33699,3500,0,40000,0x07
2026-09-06T11:43:18.967-03:00,386,0,0,59,3374,2678,33699,3500,0,40000,0x07
2026-09-06T11:43:18.987-03:00,387,0,0,59,3374,2678,33699,3500,0,40000,0x07
2026-09-06T11:43:19.007-03:00,388,0,0,60,3374,2750,33393,3500,0,40000,0x07
2026-09-06T11:43:19.025-03:00,389,0,0,60,3374,2750,33393,3500,0,40000,0x07
2026-09-06T11:43:19.048-03:00,390,0,0,60,3374,2750,33393,3500,0,40000,0x07
2026-09-06T11:43:19.066-03:00,391,0,0,58,3374,2690,33649,3500,0,40000,0x07
2026-09-06T11:43:19.089-03:00,392,0,0,58,3374,2690,33649,3500,0,40000,0x07
2026-09-06T11:43:19.107-03:00,393,0,0,58,3374,2690,33649,3500,0,40000,0x07
2026-09-06T11:43:19.124-03:00,394,0,0,59,3374,2627,33915,3500,0,40000,0x07
2026-09-06T11:43:19.147-03:00,395,0,0,59,3374,2627,33915,3500,0,40000,0x07
2026-09-06T11:43:19.166-03:00,396,0,0,59,3374,2627,33915,3500,0,40000,0x07
2026-09-06T11:43:19.186-03:00,397,0,0,60,3374,2833,33039,3500,0,40000,0x07
2026-09-06T11:43:19.204-03:00,398,0,0,60,3374,2833,33039,3500,0,40000,0x07
2026-09-06T11:43:19.224-03:00,399,0,0,60,3374,2833,33039,3500,0,40000,0x07
2026-09-06T11:43:19.247-03:00,400,0,0,58,3374,2724,33503,3500,0,40000,0x07
2026-09-06T11:43:19.265-03:00,401,0,0,58,3374,2724,33503,3500,0,40000,0x07
2026-09-06T11:43:19.285-03:00,402,0,0,58,3374,2724,33503,3500,0,40000,0x07
2026-09-06T11:43:19.305-03:00,403,0,0,60,3374,2683,33676,3500,0,40000,0x07
2026-09-06T11:43:19.328-03:00,404,0,0,60,3374,2683,33676,3500,0,40000,0x07
2026-09-06T11:43:19.367-03:00,405,0,0,60,3374,2683,33676,3500,0,40000,0x07
2026-09-06T11:43:19.367-03:00,406,0,0,58,3374,2655,33796,3500,0,40000,0x07
2026-09-06T11:43:19.386-03:00,407,0,0,58,3374,2655,33796,3500,0,40000,0x07
2026-09-06T11:43:19.408-03:00,408,0,0,58,3374,2655,33796,3500,0,40000,0x07
2026-09-06T11:43:19.426-03:00,409,0,0,59,3374,2661,33771,3500,0,40000,0x07
2026-09-06T11:43:19.444-03:00,410,0,0,59,3374,2661,33771,3500,0,40000,0x07
2026-09-06T11:43:19.467-03:00,411,0,0,59,3374,2661,33771,3500,0,40000,0x07
2026-09-06T11:43:19.485-03:00,412,0,0,60,3374,2800,33180,3500,0,40000,0x07
2026-09-06T11:43:19.508-03:00,413,0,0,60,3374,2800,33180,3500,0,40000,0x07
2026-09-06T11:43:19.526-03:00,414,0,0,60,3374,2800,33180,3500,0,40000,0x07
2026-09-06T11:43:19.545-03:00,415,0,0,58,3374,2741,33430,3500,0,40000,0x07
2026-09-06T11:43:19.568-03:00,416,0,0,58,3374,2741,33430,3500,0,40000,0x07
2026-09-06T11:43:19.586-03:00,417,0,0,58,3374,2741,33430,3500,0,40000,0x07
2026-09-06T11:43:19.605-03:00,418,0,0,59,3374,2729,33483,3500,0,40000,0x07
2026-09-06T11:43:19.625-03:00,419,0,0,59,3374,2729,33483,3500,0,40000,0x07
2026-09-06T11:43:19.648-03:00,420,0,0,59,3374,2729,33483,3500,0,40000,0x07
2026-09-06T11:43:19.666-03:00,421,0,0,59,3374,2695,33627,3500,0,40000,0x07
2026-09-06T11:43:19.684-03:00,422,0,0,59,3374,2695,33627,3500,0,40000,0x07
2026-09-06T11:43:19.706-03:00,423,0,0,59,3374,2695,33627,3500,0,40000,0x07
2026-09-06T11:43:19.727-03:00,424,0,0,64,3374,2719,33526,3500,0,40000,0x07
2026-09-06T11:43:19.745-03:00,425,0,0,64,3374,2719,33526,3500,0,40000,0x07
2026-09-06T11:43:19.768-03:00,426,0,0,64,3374,2719,33526,3500,0,40000,0x07
2026-09-06T11:43:19.788-03:00,427,0,0,59,3374,2780,33267,3500,0,40000,0x07
2026-09-06T11:43:19.806-03:00,428,0,0,59,3374,2780,33267,3500,0,40000,0x07
2026-09-06T11:43:19.824-03:00,429,0,0,59,3374,2780,33267,3500,0,40000,0x07
2026-09-06T11:43:19.847-03:00,430,0,0,50,3374,2700,33606,3500,0,40000,0x07
2026-09-06T11:43:19.865-03:00,431,0,0,50,3374,2700,33606,3500,0,40000,0x07
2026-09-06T11:43:19.885-03:00,432,0,0,52,3374,2635,33883,3500,0,40000,0x07
2026-09-06T11:43:19.908-03:00,433,0,0,52,3374,2635,33883,3500,0,40000,0x07
2026-09-06T11:43:19.926-03:00,434,0,0,52,3374,2635,33883,3500,0,40000,0x07
2026-09-06T11:43:19.944-03:00,435,0,0,59,3374,2814,33123,3500,0,40000,0x07
2026-09-06T11:43:19.967-03:00,436,0,0,59,3374,2814,33123,3500,0,40000,0x07
2026-09-06T11:43:19.985-03:00,437,0,0,59,3374,2814,33123,3500,0,40000,0x07
2026-09-06T11:43:20.027-03:00,438,0,0,59,3374,2695,33627,3500,0,40000,0x07
2026-09-06T11:43:20.045-03:00,439,0,0,59,3374,2695,33627,3500,0,40000,0x07
2026-09-06T11:43:20.065-03:00,440,0,0,59,3374,2695,33627,3500,0,40000,0x07
2026-09-06T11:43:20.088-03:00,441,0,0,50,3374,2640,33860,3500,0,40000,0x07
2026-09-06T11:43:20.106-03:00,442,0,0,50,3374,2640,33860,3500,0,40000,0x07
2026-09-06T11:43:20.124-03:00,444,0,0,59,3374,2746,33411,3500,0,40000,0x07
2026-09-06T11:43:20.148-03:00,445,0,0,59,3374,2746,33411,3500,0,40000,0x07
2026-09-06T11:43:20.166-03:00,446,0,0,52,3374,2750,33393,3500,0,40000,0x07
2026-09-06T11:43:20.189-03:00,447,0,0,52,3374,2750,33393,3500,0,40000,0x07
2026-09-06T11:43:20.209-03:00,448,0,0,52,3374,2750,33393,3500,0,40000,0x07
2026-09-06T11:43:20.224-03:00,449,0,0,59,3374,2661,33771,3500,0,40000,0x07
2026-09-06T11:43:20.247-03:00,450,0,0,59,3374,2661,33771,3500,0,40000,0x07
2026-09-06T11:43:20.289-03:00,451,0,0,59,3374,2661,33771,3500,0,40000,0x07
2026-09-06T11:43:20.307-03:00,452,0,0,62,3374,2758,33359,3500,0,40000,0x07
2026-09-06T11:43:20.324-03:00,453,0,0,62,3374,2758,33359,3500,0,40000,0x07
2026-09-06T11:43:20.347-03:00,454,0,0,50,3374,2740,33436,3500,0,40000,0x07
2026-09-06T11:43:20.365-03:00,455,0,0,50,3374,2740,33436,3500,0,40000,0x07
2026-09-06T11:43:20.389-03:00,457,0,0,53,3374,2736,33453,3500,0,40000,0x07
2026-09-06T11:43:20.407-03:00,458,0,0,53,3374,2736,33453,3500,0,40000,0x07
2026-09-06T11:43:20.427-03:00,459,0,0,53,3374,2736,33453,3500,0,40000,0x07
2026-09-06T11:43:20.445-03:00,460,0,0,58,3374,2672,33723,3500,0,40000,0x07
2026-09-06T11:43:20.468-03:00,461,0,0,58,3374,2672,33723,3500,0,40000,0x07
2026-09-06T11:43:20.487-03:00,462,0,0,58,3374,2672,33723,3500,0,40000,0x07
2026-09-06T11:43:20.505-03:00,463,0,0,59,3374,2661,33771,3500,0,40000,0x07
2026-09-06T11:43:20.525-03:00,464,0,0,59,3374,2661,33771,3500,0,40000,0x07
2026-09-06T11:43:20.548-03:00,465,0,0,59,3374,2661,33771,3500,0,40000,0x07
2026-09-06T11:43:20.565-03:00,466,0,0,60,3374,2783,33251,3500,0,40000,0x07
2026-09-06T11:43:20.588-03:00,467,0,0,60,3374,2783,33251,3500,0,40000,0x07
2026-09-06T11:43:20.606-03:00,468,0,0,60,3374,2783,33251,3500,0,40000,0x07
2026-09-06T11:43:20.624-03:00,469,0,0,58,3374,2707,33576,3500,0,40000,0x07
2026-09-06T11:43:20.647-03:00,470,0,0,58,3374,2707,33576,3500,0,40000,0x07
2026-09-06T11:43:20.667-03:00,471,0,0,58,3374,2707,33576,3500,0,40000,0x07
2026-09-06T11:43:20.688-03:00,472,0,0,59,3374,2576,34131,3500,0,40000,0x07
2026-09-06T11:43:20.708-03:00,473,0,0,59,3374,2576,34131,3500,0,40000,0x07
2026-09-06T11:43:20.726-03:00,474,0,0,59,3374,2576,34131,3500,0,40000,0x07
2026-09-06T11:43:20.744-03:00,475,0,0,51,3374,2765,33330,3500,0,40000,0x07
2026-09-06T11:43:20.767-03:00,476,0,0,51,3374,2765,33330,3500,0,40000,0x07
2026-09-06T11:43:20.785-03:00,477,0,0,52,3374,2673,33720,3500,0,40000,0x07
2026-09-06T11:43:20.809-03:00,478,0,0,52,3374,2673,33720,3500,0,40000,0x07
2026-09-06T11:43:20.827-03:00,479,0,0,52,3374,2673,33720,3500,0,40000,0x07
2026-09-06T11:43:20.845-03:00,480,0,0,60,3374,2783,33251,3500,0,40000,0x07
2026-09-06T11:43:20.866-03:00,481,0,0,60,3374,2783,33251,3500,0,40000,0x07
2026-09-06T11:43:20.884-03:00,482,0,0,60,3374,2783,33251,3500,0,40000,0x07
2026-09-06T11:43:20.907-03:00,483,0,0,50,3374,2720,33520,3500,0,40000,0x07
2026-09-06T11:43:20.924-03:00,484,0,0,50,3374,2720,33520,3500,0,40000,0x07
2026-09-06T11:43:20.947-03:00,485,0,0,52,3374,2635,33883,3500,0,40000,0x07
2026-09-06T11:43:20.967-03:00,486,0,0,52,3374,2635,33883,3500,0,40000,0x07
2026-09-06T11:43:20.985-03:00,487,0,0,52,3374,2635,33883,3500,0,40000,0x07
2026-09-06T11:43:21.009-03:00,488,0,0,59,3374,2864,32907,3500,0,40000,0x07
2026-09-06T11:43:21.024-03:00,489,0,0,59,3374,2864,32907,3500,0,40000,0x07
2026-09-06T11:43:21.044-03:00,490,0,0,59,3374,2864,32907,3500,0,40000,0x07
2026-09-06T11:43:21.067-03:00,491,0,0,59,3374,2712,33555,3500,0,40000,0x07
2026-09-06T11:43:21.087-03:00,492,0,0,59,3374,2712,33555,3500,0,40000,0x07
2026-09-06T11:43:21.105-03:00,493,0,0,59,3374,2712,33555,3500,0,40000,0x07
2026-09-06T11:43:21.129-03:00,494,0,0,58,3374,2638,33869,3500,0,40000,0x07
2026-09-06T11:43:21.147-03:00,495,0,0,58,3374,2638,33869,3500,0,40000,0x07
2026-09-06T11:43:21.165-03:00,496,0,0,58,3374,2638,33869,3500,0,40000,0x07
2026-09-06T11:43:21.209-03:00,497,0,0,51,3374,2706,33580,3500,0,40000,0x07
2026-09-06T11:43:21.253-03:00,498,0,0,51,3374,2706,33580,3500,0,40000,0x07
2026-09-06T11:43:21.297-03:00,499,0,0,52,3374,2808,33148,3500,0,40000,0x07
2026-09-06T11:43:21.337-03:00,500,0,0,52,3374,2808,33148,3500,0,40000,0x07
2026-09-06T11:43:21.382-03:00,501,0,0,50,0,0,0,0,0,0,0x03
