timestamp,sequence,team,robot_id,interval_ms,left_target_eps,left_measured_eps,left_duty,right_target_eps,right_measured_eps,right_duty,flags
2026-09-06T10:46:49.284,202,0,2,51,3274,2863,29079,3188,2725,28139,0x07
2026-09-06T10:46:49.348,203,0,2,50,0,0,26888,0,0,25326,0x07
2026-09-06T10:46:49.494,204,0,2,51,0,0,0,0,0,0,0x03
2026-09-06T10:46:49.559,0,0,2,52,0,0,0,0,0,0,0x03
2026-09-06T10:46:49.624,1,0,2,51,0,0,0,0,0,0,0x03
2026-09-06T10:46:49.689,2,0,2,51,0,0,0,0,0,0,0x03
2026-09-06T10:46:49.753,4,0,2,50,0,0,0,0,0,0,0x03
2026-09-06T10:46:49.818,5,0,2,50,0,0,0,0,0,0,0x03
2026-09-06T10:46:49.883,6,0,2,52,0,0,0,0,0,0,0x03
2026-09-06T10:46:49.964,7,0,2,51,0,0,0,0,0,0,0x03
2026-09-06T10:46:50.029,8,0,2,50,0,0,0,0,0,0,0x03
2026-09-06T10:46:50.094,9,0,2,52,0,0,0,0,0,0,0x03
2026-09-06T10:46:50.159,10,0,2,51,0,0,0,0,0,0,0x03
2026-09-06T10:46:50.223,11,0,2,51,0,0,0,0,0,0,0x03
2026-09-06T10:46:50.288,12,0,2,50,0,0,0,0,0,0,0x03
2026-09-06T10:46:50.353,13,0,2,50,0,0,0,0,0,0,0x03
2026-09-06T10:46:50.418,14,0,2,51,0,0,0,0,0,0,0x03
2026-09-06T10:46:50.499,15,0,2,51,0,0,0,0,0,0,0x03
2026-09-06T10:46:50.563,16,0,2,52,0,0,0,0,0,0,0x03
2026-09-06T10:46:50.628,17,0,2,51,0,0,0,0,0,0,0x03
2026-09-06T10:46:50.694,18,0,2,50,0,0,0,0,0,0,0x03
2026-09-06T10:46:50.759,19,0,2,54,0,0,0,0,0,0,0x03
2026-09-06T10:46:50.824,20,0,2,50,0,0,0,0,0,0,0x03
2026-09-06T10:46:50.889,21,0,2,50,0,0,0,0,0,0,0x03
2026-09-06T10:46:50.970,22,0,2,52,0,0,0,0,0,0,0x03
2026-09-06T10:46:51.034,23,0,2,51,0,0,0,0,0,0,0x03
2026-09-06T10:46:51.099,24,0,2,52,0,0,0,0,0,0,0x03
2026-09-06T10:46:51.164,25,0,2,54,1931,0,25319,-253,0,4862,0x07
2026-09-06T10:46:51.229,26,0,2,50,1931,600,22769,0,0,5612,0x07
2026-09-06T10:46:51.294,27,0,2,51,1213,216,15841,492,137,7120,0x07
2026-09-06T10:46:51.359,28,0,2,50,1235,320,15662,469,100,7003,0x07
2026-09-06T10:46:51.423,29,0,2,54,1237,278,15862,467,148,6778,0x07
2026-09-06T10:46:51.504,30,0,2,50,1237,0,17042,467,80,7068,0x07
2026-09-06T10:46:51.569,31,0,2,52,1236,0,17039,468,0,7412,0x07
2026-09-06T10:46:51.634,32,0,2,51,1196,0,16557,510,0,7911,0x07
2026-09-06T10:46:51.698,33,0,2,52,1177,0,16332,529,0,8145,0x07
2026-09-06T10:46:51.763,34,0,2,51,1177,0,16335,529,0,8141,0x07
2026-09-06T10:46:51.828,35,0,2,51,1180,0,16368,526,0,8108,0x07
2026-09-06T10:46:51.893,36,0,2,51,1183,0,16403,523,0,8070,0x07
2026-09-06T10:46:51.958,37,0,2,51,1209,0,16717,496,0,7749,0x07
2026-09-06T10:46:52.039,38,0,2,51,1212,0,16750,493,0,7711,0x07
2026-09-06T10:46:52.104,39,0,2,52,1189,0,16480,516,0,7990,0x07
2026-09-06T10:46:52.169,40,0,2,51,1189,0,16480,0,0,15234,0x07
2026-09-06T10:46:52.234,41,0,2,51,1687,0,22409,-1750,-176,21922,0x07
2026-09-06T10:46:52.298,42,0,2,50,1687,0,22409,-1750,-700,19696,0x07
2026-09-06T10:46:52.363,43,0,2,51,1687,0,22409,-1750,-255,21588,0x07
2026-09-06T10:46:52.428,44,0,2,52,1687,0,22409,-1750,-231,21691,0x07
2026-09-06T10:46:52.509,45,0,2,52,1687,58,22164,-1750,-519,20465,0x07
2026-09-06T10:46:52.574,46,0,2,50,0,0,0,0,0,0,0x03
2026-09-06T10:46:52.639,47,0,2,50,0,0,10795,0,0,6450,0x07
2026-09-06T10:46:52.704,48,0,2,51,1107,216,14583,602,412,7257,0x07
2026-09-06T10:46:52.769,49,0,2,51,1147,39,15807,681,275,8789,0x07
2026-09-06T10:46:52.834,50,0,2,51,1754,137,22620,1502,59,19472,0x07
2026-09-06T10:46:52.899,51,0,2,50,2929,440,35330,3002,300,36289,0x07
2026-09-06T10:46:52.963,52,0,2,51,2929,784,33866,3002,569,35147,0x07
2026-09-06T10:46:53.044,53,0,2,50,3174,1080,35535,3274,840,37234,0x07
2026-09-06T10:46:53.110,54,0,2,51,3287,1314,35884,3398,1098,37620,0x07
2026-09-06T10:46:53.175,55,0,2,51,3338,1647,35071,3444,1686,35657,0x07
2026-09-06T10:46:53.240,56,0,2,51,3358,1941,34065,3470,1941,34891,0x07
2026-09-06T10:46:53.305,57,0,2,50,3357,2180,33039,3500,2100,34569,0x07
2026-09-06T10:46:53.371,58,0,2,51,3357,2451,31887,3500,2196,34161,0x07
2026-09-06T10:46:53.436,59,0,2,51,3374,2314,32670,3484,2255,33719,0x07
2026-09-06T10:46:53.501,60,0,2,50,0,0,0,0,0,0,0x03
2026-09-06T10:46:53.582,61,0,2,56,0,0,0,0,0,0,0x03
2026-09-06T10:46:53.631,62,0,2,51,0,0,28164,0,0,28092,0x07
2026-09-06T10:46:53.712,63,0,2,50,0,0,0,0,0,0,0x03
2026-09-06T10:46:53.777,64,0,2,51,0,0,23428,0,0,22922,0x07
2026-09-06T10:46:54.036,65,0,2,51,2756,2000,26641,0,0,2306,0x07
2026-09-06T10:46:55.040,66,0,2,50,0,0,0,0,0,0,0x03
2026-09-06T10:46:55.121,67,0,2,51,0,0,0,0,0,0,0x03
2026-09-06T10:46:55.186,68,0,2,50,0,0,4494,0,0,8484,0x07
2026-09-06T10:46:55.251,69,0,2,50,0,0,0,0,0,0,0x03
2026-09-06T10:46:55.316,70,0,2,50,0,0,16273,0,0,18914,0x07
2026-09-06T10:46:55.382,71,0,2,50,-1822,-280,22826,2231,200,27547,0x07
2026-09-06T10:46:55.447,72,0,2,53,-465,-38,7692,844,245,10842,0x07
2026-09-06T10:46:55.512,73,0,2,51,-465,-196,7019,844,333,10468,0x07
2026-09-06T10:46:55.577,74,0,2,51,-421,-98,6912,813,314,10193,0x07
2026-09-06T10:46:55.707,75,0,2,52,-416,-38,7109,819,308,10281,0x07
2026-09-06T10:46:55.788,76,0,2,50,-407,0,7160,797,300,10056,0x07
2026-09-06T10:46:55.853,77,0,2,51,-309,0,5991,704,294,8969,0x07
2026-09-06T10:46:55.983,78,0,2,51,-306,0,5959,706,196,9418,0x07
2026-09-06T10:46:56.048,80,0,2,51,-282,0,5673,696,216,9218,0x07
2026-09-06T10:46:56.113,81,0,2,50,-272,0,5552,738,160,9947,0x07
2026-09-06T10:46:56.178,82,0,2,51,-224,0,4981,726,176,9735,0x07
2026-09-06T10:46:56.243,84,0,2,50,0,0,12328,745,200,9860,0x07
2026-09-06T10:46:56.325,85,0,2,51,1320,1000,13786,381,98,5963,0x07
2026-09-06T10:46:56.390,86,0,2,50,1320,220,17101,381,100,5954,0x07
2026-09-06T10:46:56.649,87,0,2,51,1346,314,17015,354,78,5720,0x07
2026-09-06T10:47:10.348,88,0,2,50,0,0,0,0,0,0,0x03
