timestamp,sequence,team,robot_id,interval_ms,left_target_eps,left_measured_eps,left_duty,right_target_eps,right_measured_eps,right_duty,flags
2026-09-06T17:02:54.995-03:00,65535,255,1,0,0,0,0,0,0,0,0x03
2026-09-06T17:02:55.019-03:00,65535,255,1,50,0,0,0,0,0,0,0x03
2026-09-06T17:02:55.036-03:00,65535,255,1,50,0,0,0,0,0,0,0x03
2026-09-06T17:02:55.059-03:00,1,0,1,50,0,0,30741,0,0,31098,0x07
2026-09-06T17:02:55.078-03:00,2,0,1,50,0,0,30741,0,0,31098,0x07
2026-09-06T17:02:55.136-03:00,3,0,1,50,3374,540,40000,3500,60,40000,0x07
2026-09-06T17:02:55.156-03:00,4,0,1,50,3374,540,40000,3500,60,40000,0x07
2026-09-06T17:02:56.179-03:00,5,0,1,1029,3374,3881,28584,3500,3276,32050,0x07
2026-09-06T17:02:57.198-03:00,6,0,1,1020,3374,3196,31497,3500,1657,38931,0x07
2026-09-06T17:02:59.239-03:00,8,0,1,1020,3374,3020,32247,3500,4268,27836,0x07
2026-09-06T17:03:00.257-03:00,9,0,1,1022,3374,2858,32933,3500,3019,33144,0x07
2026-09-06T17:03:01.276-03:00,10,0,1,1020,3374,3440,30460,3500,3511,31052,0x07
2026-09-06T17:03:01.276-03:00,11,0,1,1023,3374,2568,34167,3500,3300,31948,0x07
2026-09-06T17:03:03.336-03:00,12,0,1,1022,3374,3081,31985,3500,3410,31481,0x07
2026-09-06T17:03:04.337-03:00,60,0,1,1023,3374,3280,31142,3500,2785,34137,0x07
2026-09-06T17:03:04.360-03:00,111,0,1,1023,3374,3561,29946,3500,1825,38217,0x07
