timestamp,sequence,team,robot_id,interval_ms,left_target_eps,left_measured_eps,left_duty,right_target_eps,right_measured_eps,right_duty,flags
2026-09-06T13:57:36.249-03:00,65535,255,0,0,0,0,0,0,0,0,0x03
2026-09-06T13:57:36.288-03:00,54,0,0,51,0,0,0,0,0,0,0x03
2026-09-06T13:57:36.311-03:00,55,0,0,50,0,0,0,0,0,0,0x03
2026-09-06T13:57:36.328-03:00,55,0,0,52,0,0,0,0,0,0,0x03
2026-09-06T13:57:36.328-03:00,55,0,0,51,0,0,0,0,0,0,0x03
2026-09-06T13:57:36.351-03:00,55,0,0,51,0,0,0,0,0,0,0x03
2026-09-06T13:57:36.390-03:00,55,0,0,51,0,0,0,0,0,0,0x03
2026-09-06T13:57:36.428-03:00,55,0,0,51,0,0,0,0,0,0,0x03
2026-09-06T13:57:36.493-03:00,55,0,0,51,0,0,0,0,0,0,0x03
2026-09-06T13:57:36.530-03:00,10,0,0,50,0,0,28094,0,0,28548,0x07
2026-09-06T13:57:36.851-03:00,11,0,0,50,3374,0,40000,3500,0,40000,0x07
2026-09-06T13:57:36.869-03:00,13,0,0,54,3374,0,40000,3500,0,40000,0x07
2026-09-06T13:57:37.069-03:00,17,0,0,53,3374,0,40000,3500,0,40000,0x07
2026-09-06T13:57:37.069-03:00,18,0,0,53,3374,0,40000,3500,0,40000,0x07
2026-09-06T13:57:37.092-03:00,35,0,0,50,0,0,28094,0,0,28548,0x07
2026-09-06T13:57:37.110-03:00,36,0,0,53,3374,0,40000,3500,0,40000,0x07
2026-09-06T13:57:37.133-03:00,45,0,0,53,3374,0,40000,3500,0,40000,0x07
2026-09-06T13:57:37.149-03:00,46,0,0,51,3374,0,40000,3500,0,40000,0x07
2026-09-06T13:57:37.168-03:00,47,0,0,51,3374,0,40000,3500,0,40000,0x07
2026-09-06T13:57:37.213-03:00,48,0,0,51,3374,0,40000,3500,0,40000,0x07
2026-09-06T13:57:37.253-03:00,49,0,0,52,3374,0,40000,3500,0,40000,0x07
2026-09-06T13:57:37.338-03:00,50,0,0,51,3374,0,40000,3500,0,40000,0x07
