timestamp,sequence,team,robot_id,interval_ms,left_target_eps,left_measured_eps,left_duty,right_target_eps,right_measured_eps,right_duty,flags
2026-09-06T13:22:40.613-03:00,65535,255,0,0,0,0,0,0,0,0,0x03
2026-09-06T13:22:40.633-03:00,65535,255,0,51,0,0,0,0,0,0,0x03
2026-09-06T13:22:40.672-03:00,65535,255,0,51,0,0,0,0,0,0,0x03
2026-09-06T13:22:40.672-03:00,65535,255,0,52,0,0,0,0,0,0,0x03
2026-09-06T13:22:40.696-03:00,2,0,0,52,0,0,30741,0,0,31098,0x07
2026-09-06T13:22:40.732-03:00,3,0,0,50,3374,80,40000,3500,80,40000,0x07
2026-09-06T13:22:40.794-03:00,4,0,0,50,3374,80,40000,3500,80,40000,0x07
2026-09-06T13:22:41.015-03:00,5,0,0,143,3374,2238,35570,3500,2224,36522,0x07
2026-09-06T13:22:41.194-03:00,6,0,0,114,3374,2123,36059,3500,2254,36392,0x07
2026-09-06T13:22:41.796-03:00,12,0,0,115,3374,2365,35028,3500,2165,36771,0x07
2026-09-06T13:22:41.816-03:00,13,0,0,117,3374,2479,34546,3500,2265,36347,0x07
2026-09-06T13:22:41.855-03:00,21,0,0,51,0,0,30741,0,0,31098,0x07
2026-09-06T13:22:42.436-03:00,31,0,0,51,0,0,30741,0,0,31098,0x07
2026-09-06T13:22:42.594-03:00,61,0,0,72,3374,1528,38587,3500,931,40000,0x07
2026-09-06T13:22:42.594-03:00,62,0,0,70,3374,1914,36945,3500,2057,37230,0x07
2026-09-06T13:22:42.873-03:00,63,0,0,55,3374,0,40000,3500,0,40000,0x07
2026-09-06T13:22:43.155-03:00,64,0,0,60,3374,1633,38139,3500,1917,37827,0x07
2026-09-06T13:22:43.616-03:00,92,0,0,118,3374,2203,35716,3500,2305,36176,0x07
2026-09-06T13:22:43.637-03:00,100,0,0,61,3374,262,40000,3500,66,40000,0x07
2026-09-06T13:22:43.637-03:00,101,0,0,50,0,0,30741,0,0,31098,0x07
2026-09-06T13:22:43.815-03:00,115,0,0,52,0,0,30741,0,0,31098,0x07
2026-09-06T13:22:43.836-03:00,128,0,0,52,0,0,30741,0,0,31098,0x07
2026-09-06T13:22:43.877-03:00,151,0,0,56,3374,1357,39313,3500,911,40000,0x07
2026-09-06T13:22:43.913-03:00,152,0,0,78,3374,192,40000,3500,90,40000,0x07
2026-09-06T13:22:44.016-03:00,153,0,0,73,3374,2479,34543,3500,1904,37881,0x07
2026-09-06T13:22:44.234-03:00,161,0,0,114,3374,2105,36133,3500,2395,35795,0x07
2026-09-06T13:22:44.357-03:00,162,0,0,115,3374,2070,36285,3500,2252,36401,0x07
2026-09-06T13:22:44.476-03:00,165,0,0,115,3374,1974,36691,3500,1913,37843,0x07
2026-09-06T13:22:44.835-03:00,172,0,0,115,3374,1922,36913,3500,2017,37399,0x07
2026-09-06T13:22:45.116-03:00,182,0,0,118,3374,1839,37265,3500,2203,36609,0x07
2026-09-06T13:22:45.256-03:00,188,0,0,116,3374,1862,37167,3500,2198,36630,0x07
2026-09-06T13:22:45.754-03:00,214,0,0,94,3374,2426,34772,3500,2702,34489,0x07
2026-09-06T13:22:45.855-03:00,215,0,0,112,3374,2161,35897,3500,2071,37169,0x07
2026-09-06T13:22:46.277-03:00,227,0,0,60,3374,133,40000,3500,0,40000,0x07
2026-09-06T13:22:46.394-03:00,234,0,0,68,3374,1353,39330,3500,1588,39223,0x07
2026-09-06T13:22:46.555-03:00,259,0,0,50,0,0,30741,0,0,31098,0x07
2026-09-06T13:22:47.092-03:00,263,0,0,73,3374,1863,37163,3500,1740,38579,0x07
2026-09-06T13:22:47.394-03:00,285,0,0,88,3374,1352,39333,3500,1273,40000,0x07
2026-09-06T13:22:48.515-03:00,290,0,0,50,0,0,30741,0,0,31098,0x07
2026-09-06T13:22:48.575-03:00,298,0,0,50,0,0,30741,0,0,31098,0x07
2026-09-06T13:22:49.076-03:00,325,0,0,51,3374,0,40000,3500,0,40000,0x07
2026-09-06T13:22:49.097-03:00,340,0,0,51,3374,0,40000,3500,0,40000,0x07
