timestamp,sequence,team,robot_id,interval_ms,left_target_eps,left_measured_eps,left_duty,right_target_eps,right_measured_eps,right_duty,flags
2026-09-06T10:47:47.555,26,0,2,51,0,0,0,0,0,0,0x03
2026-09-06T10:47:52.969,0,0,2,53,0,0,0,0,0,0,0x03
2026-09-06T10:48:01.545,1,0,2,51,0,0,0,0,0,0,0x03
2026-09-06T10:48:01.610,2,0,2,51,0,0,0,0,0,0,0x03
2026-09-06T10:48:01.675,0,0,2,52,0,0,0,0,0,0,0x03
2026-09-06T10:48:01.740,1,0,2,51,0,0,0,0,0,0,0x03
2026-09-06T10:48:01.804,2,0,2,50,0,0,0,0,0,0,0x03
2026-09-06T10:48:01.934,3,0,2,50,0,0,0,0,0,0,0x03
2026-09-06T10:48:02.144,4,0,2,50,0,0,10801,0,0,23992,0x07
2026-09-06T10:48:02.274,5,0,2,50,0,0,0,0,0,0,0x03
2026-09-06T10:48:02.339,6,0,2,57,985,0,14016,729,0,10500,0x07
2026-09-06T10:48:02.403,7,0,2,51,0,0,5291,729,20,10417,0x07
2026-09-06T10:48:02.468,8,0,2,50,0,0,3346,2155,100,27019,0x07
2026-09-06T10:48:02.550,9,0,2,56,1145,107,15467,562,411,6779,0x07
2026-09-06T10:48:02.615,10,0,2,51,1145,431,14089,562,39,8358,0x07
2026-09-06T10:48:02.745,11,0,2,52,407,0,7146,1328,0,17619,0x07
2026-09-06T10:48:02.810,12,0,2,51,574,0,9132,1155,0,15560,0x07
2026-09-06T10:48:02.874,13,0,2,50,555,0,8908,1174,0,15794,0x07
2026-09-06T10:48:02.939,14,0,2,50,485,20,7989,1247,60,16403,0x07
2026-09-06T10:48:03.004,15,0,2,50,485,20,7989,1247,80,16318,0x07
2026-09-06T10:48:03.085,16,0,2,50,598,40,9244,1130,160,14594,0x07
2026-09-06T10:48:03.150,17,0,2,50,495,220,7259,1237,60,16278,0x07
2026-09-06T10:48:03.215,18,0,2,51,0,0,0,0,0,0,0x03
2026-09-06T10:48:03.279,19,0,2,50,0,0,6420,0,0,19455,0x07
2026-09-06T10:48:03.538,20,0,2,56,3374,36,40000,-2425,0,30654,0x07
2026-09-06T10:48:03.683,21,0,2,50,3374,1440,36314,0,0,3411,0x07
2026-09-06T10:48:03.748,22,0,2,52,0,0,13682,0,0,3416,0x07
2026-09-06T10:48:03.813,23,0,2,50,1488,0,20007,206,160,3612,0x07
2026-09-06T10:48:03.878,24,0,2,50,0,0,0,0,0,0,0x03
2026-09-06T10:48:03.942,25,0,2,50,0,0,13862,0,0,3229,0x07
2026-09-06T10:48:04.023,26,0,2,54,1510,19,20181,184,0,4030,0x07
2026-09-06T10:48:04.088,27,0,2,50,1510,0,20259,184,0,4030,0x07
2026-09-06T10:48:04.218,28,0,2,51,1510,0,20264,184,0,4026,0x07
2026-09-06T10:48:04.348,29,0,2,52,1476,19,19785,3500,1481,37130,0x07
2026-09-06T10:48:04.413,30,0,2,51,2950,255,36302,3235,1255,34938,0x07
2026-09-06T10:48:04.478,31,0,2,52,0,0,0,0,0,0,0x03
2026-09-06T10:48:04.624,32,0,2,50,0,0,11756,0,0,15503,0x07
2026-09-06T10:48:04.688,33,0,2,51,1236,0,17010,1790,59,22862,0x07
2026-09-06T10:48:04.818,34,0,2,50,1992,0,26002,883,0,12337,0x07
2026-09-06T10:48:04.883,35,0,2,50,1677,40,22084,1517,40,19698,0x07
2026-09-06T10:48:04.963,36,0,2,51,415,314,5913,2080,490,24474,0x07
2026-09-06T10:48:05.012,37,0,2,50,0,0,0,0,0,0,0x03
2026-09-06T10:48:05.093,38,0,2,50,0,0,0,0,0,0,0x03
2026-09-06T10:48:05.158,39,0,2,51,0,0,0,0,0,0,0x03
2026-09-06T10:48:05.223,40,0,2,51,0,0,0,0,0,0,0x03
2026-09-06T10:48:05.481,41,0,2,50,0,0,0,0,0,0,0x03
2026-09-06T10:48:11.482,42,0,2,51,0,0,0,0,0,0,0x03
