timestamp,sequence,team,robot_id,interval_ms,left_target_eps,left_measured_eps,left_duty,right_target_eps,right_measured_eps,right_duty,flags
2026-09-06T08:42:53.618,390,0,2,50,0,0,4413,3480,1840,37911,0x07
2026-09-06T08:42:53.747,391,0,2,50,0,0,3602,0,0,11639,0x07
2026-09-06T08:42:53.812,392,0,2,50,0,0,30741,0,0,15370,0x07
2026-09-06T08:42:53.877,393,0,2,50,0,0,0,0,0,0,0x03
2026-09-06T08:42:53.958,0,0,2,52,0,0,0,0,0,0,0x03
2026-09-06T08:42:54.023,1,0,2,51,0,0,0,0,0,0,0x03
2026-09-06T08:42:54.088,3,0,2,53,0,0,0,0,0,0,0x03
2026-09-06T08:42:54.153,4,0,2,50,0,0,0,0,0,0,0x03
2026-09-06T08:42:54.218,5,0,2,50,0,0,0,0,0,0,0x03
2026-09-06T08:42:54.283,6,0,2,50,0,0,0,0,0,0,0x03
2026-09-06T08:42:54.348,7,0,2,50,0,0,0,0,0,0,0x03
2026-09-06T08:42:54.413,8,0,2,52,0,0,0,0,0,0,0x03
2026-09-06T08:42:54.493,9,0,2,52,0,0,0,0,0,0,0x03
2026-09-06T08:42:54.558,10,0,2,52,0,0,0,0,0,0,0x03
2026-09-06T08:42:54.623,11,0,2,51,0,0,0,0,0,0,0x03
2026-09-06T08:42:54.688,12,0,2,52,0,0,0,0,0,0,0x03
2026-09-06T08:42:54.753,13,0,2,50,0,0,0,0,0,0,0x03
2026-09-06T08:42:54.818,14,0,2,51,0,0,0,0,0,0,0x03
2026-09-06T08:42:54.882,15,0,2,52,0,0,0,0,0,0,0x03
2026-09-06T08:42:54.947,16,0,2,50,0,0,0,0,0,0,0x03
2026-09-06T08:42:55.028,17,0,2,50,0,0,0,0,0,0,0x03
2026-09-06T08:42:55.093,18,0,2,50,0,0,0,0,0,0,0x03
2026-09-06T08:42:55.158,19,0,2,55,0,0,0,0,0,0,0x03
2026-09-06T08:42:55.223,20,0,2,51,0,0,0,0,0,0,0x03
2026-09-06T08:42:55.288,21,0,2,50,0,0,0,0,0,0,0x03
2026-09-06T08:42:55.352,22,0,2,52,0,0,0,0,0,0,0x03
2026-09-06T08:42:55.417,23,0,2,51,0,0,0,0,0,0,0x03
2026-09-06T08:42:55.498,24,0,2,51,0,0,0,0,0,0,0x03
2026-09-06T08:42:55.692,25,0,2,51,-884,0,14397,2667,0,35686,0x07
2026-09-06T08:42:55.757,26,0,2,50,0,0,5372,2667,1260,30331,0x07
2026-09-06T08:42:55.822,27,0,2,55,249,382,4955,1492,491,19096,0x07
2026-09-06T08:42:55.887,28,0,2,51,0,0,5467,0,0,14897,0x07
2026-09-06T08:42:55.952,29,0,2,52,243,38,6335,1498,288,20039,0x07
2026-09-06T08:42:56.033,32,0,2,51,261,78,6397,1479,647,18273,0x07
2026-09-06T08:42:56.097,33,0,2,52,404,135,7913,1331,692,16258,0x07
2026-09-06T08:42:56.162,34,0,2,50,497,220,8697,1234,720,14947,0x07
2026-09-06T08:42:56.227,35,0,2,51,510,333,8377,1221,667,15005,0x07
2026-09-06T08:42:56.292,36,0,2,51,564,373,8872,1165,706,14152,0x07
2026-09-06T08:42:56.357,37,0,2,50,594,440,8959,1134,780,13448,0x07
2026-09-06T08:42:56.422,38,0,2,58,688,603,9421,1328,828,15639,0x07
2026-09-06T08:42:56.487,39,0,2,50,688,620,9351,1328,840,15586,0x07
2026-09-06T08:42:56.568,40,0,2,50,1007,600,13372,1530,800,18254,0x07
2026-09-06T08:42:56.633,41,0,2,50,1331,640,17184,1807,840,21500,0x07
2026-09-06T08:42:56.698,42,0,2,51,1641,922,19812,2081,1078,23871,0x07
2026-09-06T08:42:56.763,43,0,2,51,1695,1020,20061,2187,1078,25184,0x07
2026-09-06T08:42:56.828,44,0,2,58,1813,1155,20940,2304,1259,25866,0x07
2026-09-06T08:42:56.894,45,0,2,50,1813,1240,20579,2304,1480,24925,0x07
2026-09-06T08:42:56.959,46,0,2,52,1712,1269,19212,2249,1385,24643,0x07
2026-09-06T08:42:57.024,47,0,2,50,1646,1360,18008,2186,1480,23459,0x07
2026-09-06T08:42:57.105,48,0,2,58,1229,1345,12942,1870,1569,19185,0x07
2026-09-06T08:42:57.170,49,0,2,50,1229,1300,13132,1870,1560,19223,0x07
2026-09-06T08:42:57.235,50,0,2,52,833,1019,9437,1538,1250,16436,0x07
2026-09-06T08:42:57.300,51,0,2,58,495,828,6090,1237,1379,12171,0x07
2026-09-06T08:42:57.366,52,0,2,51,495,667,6774,1237,1392,12117,0x07
2026-09-06T08:42:57.431,53,0,2,51,454,882,5354,1279,1275,13139,0x07
2026-09-06T08:42:57.496,54,0,2,50,451,920,5162,1282,1180,13575,0x07
2026-09-06T08:42:57.561,55,0,2,57,448,579,6569,1285,982,14458,0x07
2026-09-06T08:42:57.626,56,0,2,50,448,580,6564,1285,1000,14383,0x07
2026-09-06T08:42:57.691,57,0,2,51,452,510,6908,1281,1118,13836,0x07
2026-09-06T08:42:57.772,58,0,2,51,443,510,6805,1290,1176,13694,0x07
2026-09-06T08:42:57.837,59,0,2,56,0,0,0,0,0,0,0x03
2026-09-06T08:42:57.901,60,0,2,52,0,0,8081,0,0,12177,0x07
2026-09-06T08:42:57.966,61,0,2,52,0,0,5323,1162,654,14338,0x07
2026-09-06T08:42:58.031,62,0,2,57,-146,-281,4120,828,509,10829,0x07
2026-09-06T08:42:58.096,63,0,2,51,-146,-216,4397,828,529,10741,0x07
2026-09-06T08:42:58.177,64,0,2,50,0,0,3730,862,480,11370,0x07
2026-09-06T08:42:58.241,65,0,2,51,27,39,3679,799,431,10803,0x07
2026-09-06T08:42:58.306,66,0,2,53,20,0,3758,897,302,12559,0x07
2026-09-06T08:42:58.371,67,0,2,51,20,0,3758,897,235,12842,0x07
2026-09-06T08:42:58.436,68,0,2,52,63,0,4291,851,269,12132,0x07
2026-09-06T08:42:58.501,69,0,2,50,86,0,4565,813,260,11705,0x07
2026-09-06T08:42:58.566,70,0,2,50,85,0,4556,809,260,11653,0x07
2026-09-06T08:42:58.630,71,0,2,51,97,0,4703,781,255,11324,0x07
2026-09-06T08:42:58.711,72,0,2,50,3374,0,40000,2630,320,33877,0x07
2026-09-06T08:42:58.776,73,0,2,51,3374,1373,39247,2630,686,32320,0x07
2026-09-06T08:42:58.841,74,0,2,50,3356,820,40000,3269,1080,38531,0x07
2026-09-06T08:42:58.906,75,0,2,51,3272,1431,37746,3129,1549,34810,0x07
2026-09-06T08:42:58.970,76,0,2,52,3175,1558,36003,3015,1192,34914,0x07
2026-09-06T08:42:59.035,77,0,2,51,3035,1706,33652,2789,1392,31278,0x07
2026-09-06T08:42:59.100,78,0,2,51,2624,1784,28255,2408,1490,26164,0x07
2026-09-06T08:42:59.181,79,0,2,52,2624,2019,27257,2408,1808,24815,0x07
2026-09-06T08:42:59.245,80,0,2,51,2170,1882,22247,1896,1608,19335,0x07
2026-09-06T08:42:59.310,81,0,2,52,1624,1827,15753,1238,1519,11598,0x07
2026-09-06T08:42:59.375,82,0,2,51,1053,1412,10479,0,0,4984,0x07
2026-09-06T08:42:59.440,83,0,2,52,1045,1385,10495,-274,-96,5739,0x07
2026-09-06T08:42:59.504,84,0,2,52,1166,1288,12404,0,0,4296,0x07
2026-09-06T08:42:59.569,85,0,2,50,1351,1460,13953,189,480,3058,0x07
2026-09-06T08:42:59.634,86,0,2,50,1501,1300,16483,192,340,3700,0x07
2026-09-06T08:42:59.715,87,0,2,50,1396,1000,16457,302,360,4968,0x07
2026-09-06T08:42:59.780,88,0,2,51,1387,941,16599,311,333,5193,0x07
2026-09-06T08:42:59.844,89,0,2,51,0,0,0,0,0,0,0x03
2026-09-06T08:42:59.909,90,0,2,51,0,0,0,0,0,0,0x03
2026-09-06T08:42:59.974,91,0,2,52,0,0,12768,0,0,7302,0x07
2026-09-06T08:43:00.104,92,0,2,51,1147,1176,12643,560,529,7432,0x07
2026-09-06T08:43:00.185,93,0,2,50,1068,640,13951,642,660,7888,0x07
2026-09-06T08:43:00.250,94,0,2,51,1006,392,14243,706,353,9988,0x07
2026-09-06T08:43:00.315,95,0,2,51,1643,784,20424,1390,412,18171,0x07
2026-09-06T08:43:00.381,96,0,2,53,2133,755,26578,1933,453,24706,0x07
2026-09-06T08:43:00.445,97,0,2,51,2437,1137,28702,2251,922,26641,0x07
2026-09-06T08:43:00.510,98,0,2,51,2763,1255,32223,2720,1078,31759,0x07
2026-09-06T08:43:00.575,99,0,2,52,2926,1250,34251,2828,1173,32688,0x07
2026-09-06T08:43:00.640,100,0,2,52,3205,1615,36128,3220,1577,35811,0x07
2026-09-06T08:43:00.721,101,0,2,52,3205,1673,35883,3220,1712,35238,0x07
2026-09-06T08:43:00.770,102,0,2,50,3280,1680,36776,3417,1660,37890,0x07
2026-09-06T08:43:00.852,103,0,2,50,3338,1700,37414,3439,1500,38851,0x07
2026-09-06T08:43:00.917,104,0,2,51,3365,1431,38880,3411,1608,38042,0x07
2026-09-06T08:43:00.982,105,0,2,50,3361,1520,38458,3297,2000,34963,0x07
2026-09-06T08:43:01.047,106,0,2,52,2588,1673,28284,2374,2096,23170,0x07
2026-09-06T08:43:01.112,107,0,2,61,1316,1984,11296,544,1869,1540,0x07
2026-09-06T08:43:01.177,108,0,2,87,3175,2034,33981,2990,2184,30401,0x07
2026-09-06T08:43:01.242,109,0,2,87,3175,2034,33981,2990,2184,30401,0x07
2026-09-06T08:43:01.307,110,0,2,51,1874,1804,18930,1261,1549,11752,0x07
2026-09-06T08:43:01.388,111,0,2,50,1874,2040,17927,1261,1660,11280,0x07
2026-09-06T08:43:01.453,112,0,2,51,1040,1941,8075,0,0,3330,0x07
2026-09-06T08:43:01.519,113,0,2,50,1066,1440,10517,-69,-280,2435,0x07
2026-09-06T08:43:01.584,114,0,2,50,1069,1540,10129,0,0,3763,0x07
2026-09-06T08:43:01.649,115,0,2,50,1569,1200,17735,0,0,3367,0x07
2026-09-06T08:43:01.714,116,0,2,51,1758,1451,19005,0,0,4891,0x07
2026-09-06T08:43:01.779,117,0,2,50,1434,1160,16251,262,360,4475,0x07
2026-09-06T08:43:01.843,118,0,2,50,1559,1160,17793,86,380,2212,0x07
2026-09-06T08:43:01.924,119,0,2,51,1459,941,17489,229,157,4933,0x07
2026-09-06T08:43:02.182,120,0,2,53,1249,906,15054,262,302,4722,0x07
2026-09-06T08:43:06.133,121,0,2,50,1249,900,15078,262,200,5155,0x07
2026-09-06T08:43:06.198,122,0,2,51,1169,941,13917,232,39,5462,0x07
2026-09-06T08:43:06.263,123,0,2,50,1225,0,18604,200,0,5240,0x07
2026-09-06T08:43:06.344,124,0,2,52,0,0,13165,0,0,5741,0x07
2026-09-06T08:43:06.409,125,0,2,51,0,0,0,0,0,0,0x03
2026-09-06T08:43:06.474,126,0,2,55,1414,0,20935,2605,0,34930,0x07
2026-09-06T08:43:06.539,127,0,2,50,1414,440,19065,2605,1420,28895,0x07
2026-09-06T08:43:06.604,128,0,2,50,2300,320,30484,2025,720,24711,0x07
2026-09-06T08:43:06.669,129,0,2,50,2316,740,28894,1980,740,24060,0x07
2026-09-06T08:43:06.734,130,0,2,51,2364,941,28638,2071,941,24333,0x07
2026-09-06T08:43:06.799,131,0,2,50,2484,1060,29613,2252,1080,25981,0x07
2026-09-06T08:43:06.880,132,0,2,57,2145,1509,23528,1805,1298,19536,0x07
2026-09-06T08:43:06.944,133,0,2,51,2145,1608,23107,1805,1373,19220,0x07
2026-09-06T08:43:07.009,134,0,2,51,1527,1608,15495,1060,1353,10101,0x07
2026-09-06T08:43:07.074,135,0,2,56,-1382,-54,20304,2353,643,29083,0x07
2026-09-06T08:43:07.139,136,0,2,50,0,0,10453,2353,1860,23910,0x07
2026-09-06T08:43:07.204,137,0,2,50,860,620,11475,861,1300,7872,0x07
2026-09-06T08:43:07.269,138,0,2,52,223,1173,1271,1519,1000,17265,0x07
2026-09-06T08:43:07.334,139,0,2,56,-158,-18,5375,1913,1018,22062,0x07
2026-09-06T08:43:07.414,140,0,2,50,0,0,5786,1913,1060,21883,0x07
2026-09-06T08:43:07.479,141,0,2,51,282,118,6485,1457,1157,15842,0x07
2026-09-06T08:43:07.544,142,0,2,50,0,0,0,0,0,0,0x03
2026-09-06T08:43:07.609,143,0,2,50,0,0,0,0,0,0,0x03
2026-09-06T08:43:07.674,144,0,2,51,0,0,8874,0,0,11353,0x07
2026-09-06T08:43:07.739,145,0,2,50,1748,240,24023,1694,840,20110,0x07
2026-09-06T08:43:07.804,146,0,2,50,1748,380,23428,1694,880,19940,0x07
2026-09-06T08:43:07.869,147,0,2,51,2753,608,34843,2782,588,34612,0x07
2026-09-06T08:43:07.950,148,0,2,52,3274,942,39849,3257,942,38974,0x07
2026-09-06T08:43:08.015,149,0,2,55,3374,1600,38280,3431,1255,39795,0x07
2026-09-06T08:43:08.080,150,0,2,51,3374,1314,39497,3431,1373,39293,0x07
2026-09-06T08:43:08.145,151,0,2,51,3374,1667,37997,3471,1451,39443,0x07
2026-09-06T08:43:08.210,152,0,2,58,3358,1724,37553,3500,1879,37986,0x07
2026-09-06T08:43:08.275,153,0,2,65,3289,1815,36317,3500,1862,38061,0x07
2026-09-06T08:43:08.340,154,0,2,66,3199,1758,35449,3500,1727,38632,0x07
2026-09-06T08:43:08.421,155,0,2,63,2997,1937,32211,3419,1794,37348,0x07
2026-09-06T08:43:08.486,156,0,2,65,2763,1815,29841,3234,1815,34979,0x07
2026-09-06T08:43:08.550,157,0,2,71,2616,1732,28380,3070,1606,33843,0x07
2026-09-06T08:43:08.615,158,0,2,50,2616,1780,28178,3070,1520,34207,0x07
2026-09-06T08:43:08.680,159,0,2,51,2201,2118,21626,2785,2059,28393,0x07
2026-09-06T08:43:08.745,160,0,2,57,1879,1737,19275,2475,2070,24524,0x07
2026-09-06T08:43:08.810,161,0,2,52,1202,1654,11296,1864,2019,17202,0x07
2026-09-06T08:43:08.874,162,0,2,61,1075,1623,9856,1698,1984,15297,0x07
2026-09-06T08:43:08.955,163,0,2,51,1075,1686,9587,1698,1980,15310,0x07
2026-09-06T08:43:09.021,164,0,2,50,851,1340,8298,1511,1520,14961,0x07
2026-09-06T08:43:09.085,165,0,2,51,501,1196,4595,1231,1608,11126,0x07
2026-09-06T08:43:09.150,166,0,2,50,501,600,7128,1231,1360,12179,0x07
2026-09-06T08:43:09.215,167,0,2,51,498,510,7474,1234,1255,12665,0x07
2026-09-06T08:43:09.280,168,0,2,51,556,608,7777,1173,961,13168,0x07
2026-09-06T08:43:09.345,169,0,2,51,547,118,9744,1183,275,16205,0x07
2026-09-06T08:43:09.410,170,0,2,52,1136,0,17502,1551,154,21259,0x07
2026-09-06T08:43:09.491,171,0,2,50,1844,0,26232,2158,40,29242,0x07
2026-09-06T08:43:09.556,172,0,2,51,2622,78,35476,2930,78,38597,0x07
2026-09-06T08:43:09.622,173,0,2,52,2622,192,34992,2930,885,35171,0x07
2026-09-06T08:43:09.687,174,0,2,50,2916,380,37828,3134,880,37710,0x07
2026-09-06T08:43:09.752,175,0,2,50,3023,820,37276,3262,740,39886,0x07
2026-09-06T08:43:09.816,176,0,2,52,3026,1115,36058,3310,904,39781,0x07
2026-09-06T08:43:09.881,177,0,2,50,3016,1000,36419,3317,1160,38783,0x07
2026-09-06T08:43:09.946,178,0,2,53,2994,1189,35344,3291,1491,37064,0x07
2026-09-06T08:43:10.027,179,0,2,50,2994,1560,33765,3291,1560,36768,0x07
2026-09-06T08:43:10.091,180,0,2,50,2981,1480,33951,3293,1600,36620,0x07
2026-09-06T08:43:10.157,181,0,2,51,3038,1608,34106,3311,1647,36640,0x07
2026-09-06T08:43:10.222,182,0,2,50,3239,1960,35091,3380,1980,36071,0x07
2026-09-06T08:43:10.287,183,0,2,50,3285,1540,37434,3444,1780,37713,0x07
2026-09-06T08:43:10.481,184,0,2,54,3316,1685,37203,3472,1815,37911,0x07
2026-09-06T08:43:10.562,185,0,2,56,3186,1804,35103,3465,1786,37956,0x07
2026-09-06T08:43:10.627,186,0,2,51,3186,1804,35102,3465,1843,37712,0x07
2026-09-06T08:43:10.692,187,0,2,56,2910,214,38453,3319,143,40000,0x07
2026-09-06T08:43:10.757,188,0,2,52,2910,1673,32253,3319,1962,35399,0x07
2026-09-06T08:43:10.822,191,0,2,51,2636,1941,27743,3129,1922,33231,0x07
2026-09-06T08:43:10.887,192,0,2,61,370,1951,5388,1366,2148,10500,0x07
2026-09-06T08:43:10.952,193,0,2,52,233,962,2291,1508,1673,14280,0x07
2026-09-06T08:43:11.017,194,0,2,52,205,1000,1782,1538,1654,14720,0x07
2026-09-06T08:43:11.082,195,0,2,50,206,1080,1464,1536,1700,14502,0x07
2026-09-06T08:43:11.163,196,0,2,51,199,902,2124,1544,1647,14826,0x07
2026-09-06T08:43:11.227,197,0,2,56,260,536,4441,1480,1643,14054,0x07
2026-09-06T08:43:11.292,198,0,2,50,260,440,4848,1480,1580,14321,0x07
2026-09-06T08:43:11.357,199,0,2,50,311,320,5986,1427,1200,15288,0x07
2026-09-06T08:43:11.422,200,0,2,51,397,412,6647,1338,1118,14540,0x07
2026-09-06T08:43:11.487,201,0,2,51,471,451,7400,1261,1000,14085,0x07
2026-09-06T08:43:11.552,202,0,2,51,581,510,8505,1147,1000,12677,0x07
2026-09-06T08:43:11.617,203,0,2,51,969,235,14448,1328,863,15498,0x07
2026-09-06T08:43:11.698,204,0,2,50,969,300,14173,1328,700,16190,0x07
2026-09-06T08:43:11.763,205,0,2,51,1775,431,23550,2070,765,25075,0x07
2026-09-06T08:43:11.828,206,0,2,50,2494,620,31607,2688,940,31959,0x07
2026-09-06T08:43:11.892,207,0,2,50,3021,1360,34952,3124,1160,36402,0x07
2026-09-06T08:43:11.957,208,0,2,52,3333,1365,38774,3356,1192,39130,0x07
2026-09-06T08:43:12.022,209,0,2,55,3374,1800,37430,3419,1727,37630,0x07
2026-09-06T08:43:12.103,210,0,2,51,3374,1902,36997,3419,1686,37804,0x07
2026-09-06T08:43:12.152,211,0,2,52,3374,1692,37888,3382,1635,37570,0x07
2026-09-06T08:43:12.233,212,0,2,50,3368,1880,37011,3403,1780,37215,0x07
2026-09-06T08:43:12.297,213,0,2,51,3359,1706,37651,3443,1314,39690,0x07
2026-09-06T08:43:12.362,214,0,2,50,3355,2000,36352,3494,2060,37149,0x07
2026-09-06T08:43:12.427,215,0,2,50,3374,1680,37940,3467,1780,37998,0x07
2026-09-06T08:43:12.492,216,0,2,69,3336,1913,36476,3500,1971,37596,0x07
2026-09-06T08:43:12.557,217,0,2,63,3231,2032,34683,3500,2032,37338,0x07
2026-09-06T08:43:12.622,218,0,2,68,3107,1941,33542,3477,1824,37942,0x07
2026-09-06T08:43:12.704,219,0,2,70,2754,2257,27850,3279,2100,34318,0x07
2026-09-06T08:43:12.768,220,0,2,59,2317,2000,23556,2918,2119,29780,0x07
2026-09-06T08:43:12.834,221,0,2,64,1310,1797,12014,2151,2188,20021,0x07
2026-09-06T08:43:12.899,222,0,2,52,1310,1481,13358,0,0,14611,0x07
2026-09-06T08:43:12.964,223,0,2,52,1884,1788,19121,-1463,-538,18540,0x07
2026-09-06T08:43:13.029,224,0,2,52,1717,1942,16410,0,0,4610,0x07
2026-09-06T08:43:13.093,225,0,2,57,1474,1632,14737,221,1088,873,0x07
2026-09-06T08:43:13.158,226,0,2,51,1474,1686,14504,221,863,1829,0x07
2026-09-06T08:43:13.239,227,0,2,50,1467,1420,15549,228,640,2866,0x07
2026-09-06T08:43:13.304,228,0,2,51,1469,1392,15696,226,471,3555,0x07
2026-09-06T08:43:13.369,229,0,2,55,1364,1236,15057,335,327,5517,0x07
2026-09-06T08:43:13.434,230,0,2,50,1364,1240,15042,335,400,5208,0x07
2026-09-06T08:43:13.499,231,0,2,50,1293,1060,14934,409,400,6115,0x07
2026-09-06T08:43:13.564,232,0,2,50,1196,960,14170,509,460,7096,0x07
2026-09-06T08:43:13.629,233,0,2,51,1077,922,12866,632,235,9576,0x07
2026-09-06T08:43:13.694,234,0,2,52,1010,923,12024,703,38,11280,0x07
2026-09-06T08:43:13.775,235,0,2,51,1831,824,22573,1758,20,24383,0x07
2026-09-06T08:43:13.840,236,0,2,50,2604,980,31425,2667,820,32206,0x07
2026-09-06T08:43:13.905,237,0,2,52,3095,1038,37225,3350,1019,39788,0x07
2026-09-06T08:43:13.970,238,0,2,56,3170,1554,35958,3500,1268,40000,0x07
2026-09-06T08:43:14.035,239,0,2,53,3170,1698,35344,3500,1717,38676,0x07
2026-09-06T08:43:14.099,240,0,2,52,2879,1808,31299,3397,1558,38087,0x07
2026-09-06T08:43:14.164,241,0,2,50,2534,1660,27678,3089,1660,33841,0x07
2026-09-06T08:43:14.229,242,0,2,52,1641,1923,15560,2323,1788,23847,0x07
2026-09-06T08:43:14.310,243,0,2,50,1641,1720,16423,2323,1940,23203,0x07
2026-09-06T08:43:14.375,244,0,2,52,1018,1596,9271,1772,1788,17042,0x07
2026-09-06T08:43:14.440,245,0,2,51,453,1392,3175,1280,1745,11152,0x07
2026-09-06T08:43:14.505,246,0,2,52,444,1288,3500,1290,1577,11988,0x07
2026-09-06T08:43:14.570,247,0,2,50,404,920,4575,1331,1280,13760,0x07
2026-09-06T08:43:14.634,248,0,2,54,267,574,4362,1473,1167,15991,0x07
2026-09-06T08:43:14.699,249,0,2,55,300,400,5509,1438,1091,15889,0x07
2026-09-06T08:43:14.764,250,0,2,50,300,420,5424,1438,1080,15936,0x07
2026-09-06T08:43:14.846,251,0,2,50,3138,360,40000,2187,1180,24748,0x07
2026-09-06T08:43:14.911,252,0,2,51,2657,1451,30075,2978,1216,34369,0x07
2026-09-06T08:43:14.976,253,0,2,50,2988,1220,35139,3177,1300,36460,0x07
2026-09-06T08:43:15.040,254,0,2,52,3309,1365,38475,3356,1385,38318,0x07
2026-09-06T08:43:15.105,255,0,2,57,3199,1509,36514,2917,1614,31920,0x07
2026-09-06T08:43:15.170,256,0,2,51,3199,1725,35593,2917,1725,31446,0x07
2026-09-06T08:43:15.234,257,0,2,50,2466,1400,27939,2060,1340,22508,0x07
2026-09-06T08:43:15.300,258,0,2,50,1646,1740,16396,932,1540,7734,0x07
2026-09-06T08:43:15.381,259,0,2,54,1249,1519,12440,862,1056,8928,0x07
2026-09-06T08:43:15.446,260,0,2,52,1249,1385,13009,862,962,9328,0x07
2026-09-06T08:43:15.511,261,0,2,50,1072,1380,10851,606,1020,5908,0x07
2026-09-06T08:43:15.576,262,0,2,50,849,1300,8443,0,0,4500,0x07
2026-09-06T08:43:15.641,263,0,2,50,685,1100,7268,0,0,31098,0x07
2026-09-06T08:43:15.706,264,0,2,51,2352,804,29071,3500,980,40000,0x07
2026-09-06T08:43:15.771,265,0,2,52,2099,1115,24630,2780,1635,30135,0x07
2026-09-06T08:43:15.836,266,0,2,51,2099,1000,25121,2780,1078,32498,0x07
2026-09-06T08:43:15.917,267,0,2,52,1400,1192,15694,2154,1019,25021,0x07
2026-09-06T08:43:15.981,268,0,2,50,620,1320,5544,1449,1060,16146,0x07
2026-09-06T08:43:16.046,269,0,2,55,404,582,6008,1331,1109,14490,0x07
2026-09-06T08:43:16.111,270,0,2,50,404,800,5081,1331,1080,14613,0x07
2026-09-06T08:43:16.176,271,0,2,51,403,804,5052,1333,1098,14555,0x07
2026-09-06T08:43:16.241,272,0,2,51,374,490,6028,1363,1000,15342,0x07
2026-09-06T08:43:16.305,273,0,2,51,379,353,6682,1357,941,15515,0x07
2026-09-06T08:43:16.386,274,0,2,50,382,440,6349,1353,1020,15141,0x07
2026-09-06T08:43:16.451,275,0,2,51,488,490,7433,1245,922,14216,0x07
2026-09-06T08:43:16.516,276,0,2,50,488,140,8921,1245,980,13968,0x07
2026-09-06T08:43:16.581,277,0,2,51,565,137,9893,1163,843,13547,0x07
2026-09-06T08:43:16.646,278,0,2,50,654,200,10715,1072,740,12853,0x07
2026-09-06T08:43:16.711,279,0,2,51,1476,314,20363,1797,706,21945,0x07
2026-09-06T08:43:16.776,280,0,2,52,2446,481,31600,2592,769,31501,0x07
2026-09-06T08:43:16.841,281,0,2,52,3374,1192,40000,3367,1173,39350,0x07
2026-09-06T08:43:16.922,282,0,2,52,3374,1538,38542,3367,1269,38941,0x07
2026-09-06T08:43:16.987,283,0,2,53,3374,1566,38425,3407,1472,38573,0x07
2026-09-06T08:43:17.052,284,0,2,50,3374,1760,37600,3278,1540,36693,0x07
2026-09-06T08:43:17.117,285,0,2,51,3326,1745,37069,3260,1824,35255,0x07
2026-09-06T08:43:17.182,286,0,2,51,3301,2000,35682,3300,1569,36835,0x07
2026-09-06T08:43:17.247,287,0,2,51,3331,1922,36381,3500,1627,39056,0x07
2026-09-06T08:43:17.312,288,0,2,64,3286,1953,35694,3500,1656,38934,0x07
2026-09-06T08:43:17.377,289,0,2,67,3244,1955,35174,3500,1761,38488,0x07
2026-09-06T08:43:17.458,290,0,2,69,3109,1855,33937,3475,1928,37474,0x07
2026-09-06T08:43:17.523,291,0,2,50,3109,1740,34426,3475,1680,38526,0x07
2026-09-06T08:43:17.588,292,0,2,52,2955,2269,30269,3359,2212,34832,0x07
2026-09-06T08:43:17.653,293,0,2,52,2357,1654,25526,2901,1904,30485,0x07
2026-09-06T08:43:17.718,294,0,2,60,1652,1200,18763,2376,2050,23384,0x07
2026-09-06T08:43:17.783,295,0,2,50,1652,1080,19273,2376,2100,23171,0x07
2026-09-06T08:43:17.848,296,0,2,52,740,1077,8044,1591,1346,16693,0x07
2026-09-06T08:43:17.913,297,0,2,51,369,667,5228,1367,784,16306,0x07
2026-09-06T08:43:17.994,298,0,2,53,119,472,2968,1627,170,22128,0x07
2026-09-06T08:43:18.059,299,0,2,51,119,235,3973,1627,20,22767,0x07
2026-09-06T08:43:18.124,300,0,2,52,167,173,4836,1576,0,22228,0x07
2026-09-06T08:43:18.189,301,0,2,57,125,0,5043,1621,0,22777,0x07
2026-09-06T08:43:18.254,302,0,2,50,125,0,5043,1621,0,22777,0x07
2026-09-06T08:43:18.319,303,0,2,50,97,0,4706,1649,0,23127,0x07
2026-09-06T08:43:18.383,304,0,2,51,491,0,9562,1240,0,18081,0x07
2026-09-06T08:43:18.448,305,0,2,50,323,0,7483,1415,0,20240,0x07
2026-09-06T08:43:18.529,306,0,2,50,383,0,8228,1353,0,19467,0x07
2026-09-06T08:43:18.594,307,0,2,50,387,0,8273,1349,0,19420,0x07
2026-09-06T08:43:18.659,308,0,2,53,442,0,8951,1292,0,18715,0x07
2026-09-06T08:43:18.723,309,0,2,50,442,0,8951,1292,0,18715,0x07
2026-09-06T08:43:18.788,310,0,2,51,416,0,8631,1319,0,19048,0x07
2026-09-06T08:43:18.853,311,0,2,52,431,0,8817,1303,0,18854,0x07
2026-09-06T08:43:18.918,312,0,2,51,439,0,8913,1295,0,18755,0x07
2026-09-06T08:43:18.983,313,0,2,52,446,0,9000,1288,0,18664,0x07
2026-09-06T08:43:19.048,314,0,2,52,464,0,9221,1269,0,18439,0x07
2026-09-06T08:43:19.129,315,0,2,51,447,0,9021,1286,0,18642,0x07
2026-09-06T08:43:19.194,316,0,2,50,442,0,8959,1291,0,18707,0x07
2026-09-06T08:43:19.259,317,0,2,52,437,0,8889,1297,0,18781,0x07
2026-09-06T08:43:19.324,318,0,2,52,438,0,8909,1295,0,18759,0x07
2026-09-06T08:43:19.389,319,0,2,52,466,0,9254,1267,0,18404,0x07
2026-09-06T08:43:19.453,320,0,2,52,436,0,8880,1298,0,18789,0x07
2026-09-06T08:43:19.534,321,0,2,51,432,0,8826,1302,0,18845,0x07
2026-09-06T08:43:19.583,322,0,2,50,432,0,8826,1302,0,18845,0x07
2026-09-06T08:43:19.664,323,0,2,50,430,0,8809,0,0,16934,0x07
2026-09-06T08:43:19.729,324,0,2,51,1687,39,24128,-1750,-1667,17288,0x07
2026-09-06T08:43:19.793,325,0,2,56,1687,0,24295,-1750,-500,22246,0x07
2026-09-06T08:43:19.858,326,0,2,50,1687,0,24295,-1750,-180,23606,0x07
2026-09-06T08:43:19.923,327,0,2,51,1687,0,24295,-1750,-196,23538,0x07
2026-09-06T08:43:19.988,328,0,2,52,1687,19,24213,-1750,-462,22410,0x07
2026-09-06T08:43:20.070,329,0,2,51,0,0,0,0,0,0,0x03
2026-09-06T08:43:20.135,330,0,2,52,0,0,6227,0,0,14109,0x07
2026-09-06T08:43:20.200,331,0,2,50,334,200,6779,1403,1180,15074,0x07
2026-09-06T08:43:20.264,332,0,2,51,334,20,7546,1403,588,17589,0x07
2026-09-06T08:43:20.329,333,0,2,51,0,0,0,0,0,0,0x03
2026-09-06T08:43:20.394,334,0,2,56,-17,0,3721,1430,0,20426,0x07
2026-09-06T08:43:20.459,335,0,2,51,-17,-98,3304,1430,373,18843,0x07
2026-09-06T08:43:20.524,336,0,2,50,-86,-80,4229,1347,40,19228,0x07
2026-09-06T08:43:20.605,337,0,2,50,0,0,0,0,0,0,0x03
2026-09-06T08:43:20.670,338,0,2,50,0,0,4620,0,0,12378,0x07
2026-09-06T08:43:20.735,339,0,2,52,-138,-77,4878,1187,0,17424,0x07
2026-09-06T08:43:20.801,340,0,2,52,-205,-173,5301,1139,0,16823,0x07
2026-09-06T08:43:20.866,341,0,2,50,0,0,0,0,0,0,0x03
2026-09-06T08:43:20.931,342,0,2,50,0,0,5881,0,0,11390,0x07
2026-09-06T08:43:20.996,343,0,2,52,-294,0,7130,1065,0,15916,0x07
2026-09-06T08:43:21.062,344,0,2,51,0,0,0,0,0,0,0x03
2026-09-06T08:43:21.126,345,0,2,50,0,0,7291,0,0,10996,0x07
2026-09-06T08:43:21.192,346,0,2,52,0,0,30741,0,0,22460,0x07
2026-09-06T08:43:21.273,347,0,2,50,0,0,0,0,0,0,0x03
2026-09-06T08:43:21.338,348,0,2,51,0,0,15077,0,0,4588,0x07
2026-09-06T08:43:21.403,349,0,2,52,1433,346,19697,225,0,5543,0x07
2026-09-06T08:43:21.468,350,0,2,50,0,0,0,0,0,0,0x03
2026-09-06T08:43:21.533,351,0,2,51,0,0,17125,0,0,16934,0x07
2026-09-06T08:43:21.597,352,0,2,50,1687,340,22850,-1750,-400,22672,0x07
2026-09-06T08:43:21.663,353,0,2,51,1687,569,21878,-1750,-314,23038,0x07
2026-09-06T08:43:21.728,354,0,2,50,1687,700,21320,-1750,-500,22246,0x07
2026-09-06T08:43:21.809,355,0,2,51,1687,725,21211,-1750,-431,22538,0x07
2026-09-06T08:43:21.874,356,0,2,51,0,0,0,0,0,0,0x03
2026-09-06T08:43:21.938,357,0,2,55,0,0,0,0,0,0,0x03
2026-09-06T08:43:22.003,358,0,2,50,0,0,9233,0,0,16846,0x07
2026-09-06T08:43:22.068,359,0,2,52,709,288,11021,1739,154,23584,0x07
2026-09-06T08:43:22.133,360,0,2,50,2022,900,24602,2245,420,28699,0x07
2026-09-06T08:43:22.198,361,0,2,51,2361,510,30434,2906,569,36229,0x07
2026-09-06T08:43:22.263,362,0,2,50,1910,740,23902,2679,1080,31243,0x07
2026-09-06T08:43:22.344,363,0,2,54,217,926,2251,1153,981,12830,0x07
2026-09-06T08:43:22.409,364,0,2,50,217,640,3466,1153,1000,12751,0x07
2026-09-06T08:43:22.473,365,0,2,51,114,294,3668,1135,863,13118,0x07
2026-09-06T08:43:22.538,366,0,2,51,104,431,2952,1244,863,14457,0x07
2026-09-06T08:43:22.603,367,0,2,51,80,294,3248,1408,824,16646,0x07
2026-09-06T08:43:22.668,368,0,2,50,121,200,4155,1624,840,19246,0x07
2026-09-06T08:43:22.814,369,0,2,50,324,220,6569,1414,960,16139,0x07
2026-09-06T08:43:22.880,370,0,2,51,324,451,5587,1414,1020,15886,0x07
2026-09-06T08:43:22.945,371,0,2,51,379,118,7677,1357,961,15436,0x07
2026-09-06T08:43:23.009,372,0,2,50,336,140,7051,1402,900,16247,0x07
2026-09-06T08:43:23.074,373,0,2,50,489,100,9108,1243,840,14541,0x07
2026-09-06T08:43:23.139,375,0,2,55,1313,182,18916,1665,800,19921,0x07
2026-09-06T08:43:23.204,376,0,2,50,1313,380,18074,1665,760,20091,0x07
2026-09-06T08:43:23.268,377,0,2,50,2009,580,25799,2296,780,27800,0x07
2026-09-06T08:43:23.349,378,0,2,51,2678,784,33166,2845,843,34307,0x07
2026-09-06T08:43:23.414,379,0,2,57,3343,1263,39329,3384,1263,39170,0x07
2026-09-06T08:43:23.479,380,0,2,51,3343,1490,38364,3384,1647,37538,0x07
2026-09-06T08:43:23.544,381,0,2,50,3374,1680,37940,3442,1540,38711,0x07
2026-09-06T08:43:23.609,382,0,2,56,3374,1911,36960,3448,1911,37204,0x07
2026-09-06T08:43:23.673,383,0,2,50,0,0,0,0,0,0,0x03
2026-09-06T08:43:23.738,384,0,2,53,0,0,30656,0,0,31098,0x07
2026-09-06T08:43:23.803,385,0,2,52,0,0,0,0,0,0,0x03
2026-09-06T08:43:23.884,386,0,2,52,0,0,20872,0,0,23104,0x07
2026-09-06T08:43:23.949,387,0,2,63,3374,1857,37188,3097,1683,33845,0x07
2026-09-06T08:43:24.014,388,0,2,61,3318,1672,37287,3403,1590,38018,0x07
2026-09-06T08:43:24.078,389,0,2,52,3318,1904,36303,3403,1904,36685,0x07
2026-09-06T08:43:24.202,390,0,2,51,3346,1686,37572,3425,1588,38303,0x07
2026-09-06T08:43:24.219,391,0,2,60,3359,1883,36897,3443,1667,38181,0x07
2026-09-06T08:43:24.284,392,0,2,55,3370,1909,36921,3458,1836,37650,0x07
2026-09-06T08:43:24.349,393,0,2,52,3370,1404,39068,3458,1615,38589,0x07
2026-09-06T08:43:24.414,394,0,2,62,3311,2484,33746,3500,2258,36376,0x07
2026-09-06T08:43:24.479,395,0,2,62,3311,2484,33746,3500,2258,36376,0x07
2026-09-06T08:43:24.544,396,0,2,64,3246,2297,33747,3500,2172,36743,0x07
2026-09-06T08:43:24.609,397,0,2,67,3116,2104,32956,3480,1985,37291,0x07
2026-09-06T08:43:24.689,398,0,2,65,2882,2138,29926,3336,2015,35377,0x07
2026-09-06T08:43:24.739,399,0,2,66,2490,2045,25500,3052,2076,31626,0x07
2026-09-06T08:43:24.820,400,0,2,59,2042,1814,20964,2665,2068,26881,0x07
2026-09-06T08:43:24.885,401,0,2,59,829,1610,6876,1588,1763,14875,0x07
2026-09-06T08:43:24.950,402,0,2,50,-472,-100,8904,2240,1820,22685,0x07
2026-09-06T08:43:25.015,403,0,2,50,0,0,5546,2240,2080,21580,0x07
2026-09-06T08:43:25.080,404,0,2,50,252,300,5344,1488,1840,13319,0x07
2026-09-06T08:43:25.144,405,0,2,64,332,625,4944,1406,1281,14674,0x07
2026-09-06T08:43:25.225,406,0,2,57,402,544,6145,1334,1298,13712,0x07
2026-09-06T08:43:25.355,407,0,2,51,402,431,6623,1334,1216,14063,0x07
2026-09-06T08:43:25.420,408,0,2,50,510,440,7929,1221,1060,13333,0x07
2026-09-06T08:43:25.485,409,0,2,58,852,362,12462,1158,1069,12518,0x07
2026-09-06T08:43:25.551,410,0,2,51,852,314,12668,1158,922,13144,0x07
2026-09-06T08:43:25.615,411,0,2,50,3313,440,40000,2893,800,35086,0x07
2026-09-06T08:43:25.680,413,0,2,59,3032,1136,36038,2525,1356,28174,0x07
2026-09-06T08:43:25.745,414,0,2,50,3032,1560,34234,2525,1180,28922,0x07
2026-09-06T08:43:25.826,415,0,2,52,2257,1596,24536,1569,1212,16988,0x07
2026-09-06T08:43:25.891,416,0,2,51,1359,1608,13425,527,1157,4363,0x07
2026-09-06T08:43:25.956,417,0,2,56,1258,1482,12708,445,589,5760,0x07
2026-09-06T08:43:26.021,418,0,2,50,1258,1460,12802,445,520,6054,0x07
2026-09-06T08:43:26.086,419,0,2,50,1248,1360,13106,455,560,6010,0x07
2026-09-06T08:43:26.151,420,0,2,58,1205,1345,12638,500,638,6231,0x07
2026-09-06T08:43:26.216,421,0,2,52,1205,1231,13123,500,577,6491,0x07
2026-09-06T08:43:26.281,422,0,2,51,2714,1000,32703,3500,608,40000,0x07
2026-09-06T08:43:26.361,423,0,2,52,0,0,0,0,0,0,0x03
2026-09-06T08:43:26.426,424,0,2,54,2757,37,37319,3380,19,40000,0x07
2026-09-06T08:43:26.491,425,0,2,52,2757,1750,30039,3380,1538,37948,0x07
2026-09-06T08:43:26.556,426,0,2,51,1816,1412,19878,2552,1608,27436,0x07
2026-09-06T08:43:26.621,427,0,2,58,16,948,0,1107,1276,11016,0x07
2026-09-06T08:43:26.685,428,0,2,50,0,0,4574,1107,1140,11593,0x07
2026-09-06T08:43:26.750,429,0,2,50,-132,-60,4880,1202,1100,12926,0x07
2026-09-06T08:43:26.815,430,0,2,52,0,0,27966,0,0,24579,0x07
2026-09-06T08:43:26.896,431,0,2,55,1137,1618,10637,-281,-1455,61,0x07
2026-09-06T08:43:26.961,432,0,2,50,1137,560,15134,-281,0,6243,0x07
2026-09-06T08:43:27.026,433,0,2,52,0,0,22010,0,0,31098,0x07
2026-09-06T08:43:27.091,434,0,2,50,0,0,6404,3500,2040,37303,0x07
2026-09-06T08:43:27.156,435,0,2,50,359,480,5888,1378,700,16803,0x07
2026-09-06T08:43:27.221,436,0,2,50,307,560,4907,1432,420,18658,0x07
2026-09-06T08:43:27.302,437,0,2,50,113,80,4566,1632,580,20455,0x07
2026-09-06T08:43:27.350,438,0,2,51,113,78,4572,1632,725,19836,0x07
2026-09-06T08:43:27.610,439,0,2,51,127,78,4743,1618,804,19325,0x07
2026-09-06T08:43:27.642,440,0,2,51,163,0,5513,1581,882,18539,0x07
