timestamp,sequence,team,robot_id,interval_ms,left_target_eps,left_measured_eps,left_duty,right_target_eps,right_measured_eps,right_duty,flags
2026-09-06T16:33:09.811,386,0,2,51,3374,1471,36184,0,0,6196,0x07
2026-09-06T16:33:09.910,387,0,2,51,1137,1196,10746,570,0,8621,0x07
2026-09-06T16:33:09.911,388,0,2,50,0,0,10152,0,0,7072,0x07
2026-09-06T16:33:10.040,389,0,2,50,0,0,0,0,0,0,0x03
2026-09-06T16:33:10.105,0,0,2,52,0,0,0,0,0,0,0x03
2026-09-06T16:33:10.170,1,0,2,50,0,0,0,0,0,0,0x03
2026-09-06T16:33:10.235,2,0,2,52,0,0,0,0,0,0,0x03
2026-09-06T16:33:10.299,4,0,2,52,0,0,0,0,0,0,0x03
2026-09-06T16:33:10.364,5,0,2,51,0,0,0,0,0,0,0x03
2026-09-06T16:33:10.445,6,0,2,52,0,0,0,0,0,0,0x03
2026-09-06T16:33:10.510,7,0,2,55,0,0,0,0,0,0,0x03
2026-09-06T16:33:10.576,8,0,2,50,0,0,0,0,0,0,0x03
2026-09-06T16:33:10.641,9,0,2,52,0,0,0,0,0,0,0x03
2026-09-06T16:33:10.706,10,0,2,50,0,0,0,0,0,0,0x03
2026-09-06T16:33:10.770,11,0,2,50,0,0,0,0,0,0,0x03
2026-09-06T16:33:10.835,12,0,2,52,0,0,0,0,0,0,0x03
2026-09-06T16:33:10.900,13,0,2,52,0,0,0,0,0,0,0x03
2026-09-06T16:33:10.964,14,0,2,51,0,0,0,0,0,0,0x03
2026-09-06T16:33:11.046,15,0,2,51,0,0,0,0,0,0,0x03
2026-09-06T16:33:11.110,16,0,2,50,0,0,0,0,0,0,0x03
2026-09-06T16:33:11.175,17,0,2,50,0,0,0,0,0,0,0x03
2026-09-06T16:33:11.241,18,0,2,51,0,0,0,0,0,0,0x03
2026-09-06T16:33:11.306,19,0,2,51,0,0,0,0,0,0,0x03
2026-09-06T16:33:11.371,20,0,2,50,0,0,0,0,0,0,0x03
2026-09-06T16:33:11.436,21,0,2,50,0,0,0,0,0,0,0x03
2026-09-06T16:33:11.500,22,0,2,51,0,0,0,0,0,0,0x03
2026-09-06T16:33:11.581,23,0,2,53,0,0,0,0,0,0,0x03
2026-09-06T16:33:11.647,24,0,2,51,0,0,0,0,0,0,0x03
2026-09-06T16:33:11.712,25,0,2,50,0,0,0,0,0,0,0x03
2026-09-06T16:33:11.777,26,0,2,50,0,0,0,0,0,0,0x03
2026-09-06T16:33:11.842,27,0,2,52,0,0,0,0,0,0,0x03
2026-09-06T16:33:11.906,28,0,2,51,0,0,0,0,0,0,0x03
2026-09-06T16:33:11.971,29,0,2,50,0,0,0,0,0,0,0x03
2026-09-06T16:33:12.036,30,0,2,52,0,0,0,0,0,0,0x03
2026-09-06T16:33:12.117,31,0,2,51,0,0,0,0,0,0,0x03
2026-09-06T16:33:12.183,32,0,2,50,0,0,0,0,0,0,0x03
2026-09-06T16:33:12.248,33,0,2,52,0,0,0,0,0,0,0x03
2026-09-06T16:33:12.313,34,0,2,51,0,0,0,0,0,0,0x03
2026-09-06T16:33:12.378,35,0,2,51,0,0,0,0,0,0,0x03
2026-09-06T16:33:12.444,36,0,2,51,0,0,0,0,0,0,0x03
2026-09-06T16:33:12.509,37,0,2,52,0,0,0,0,0,0,0x03
2026-09-06T16:33:12.574,38,0,2,51,0,0,0,0,0,0,0x03
2026-09-06T16:33:12.639,39,0,2,55,0,0,0,0,0,0,0x03
2026-09-06T16:33:12.721,40,0,2,52,0,0,0,0,0,0,0x03
2026-09-06T16:33:12.786,41,0,2,50,0,0,0,0,0,0,0x03
2026-09-06T16:33:12.852,42,0,2,51,0,0,0,0,0,0,0x03
2026-09-06T16:33:12.917,43,0,2,52,0,0,0,0,0,0,0x03
2026-09-06T16:33:12.982,44,0,2,50,0,0,0,0,0,0,0x03
2026-09-06T16:33:13.048,45,0,2,52,0,0,0,0,0,0,0x03
2026-09-06T16:33:13.113,46,0,2,50,0,0,0,0,0,0,0x03
2026-09-06T16:33:13.178,47,0,2,50,0,0,0,0,0,0,0x03
2026-09-06T16:33:13.260,48,0,2,51,0,0,0,0,0,0,0x03
2026-09-06T16:33:13.309,49,0,2,50,0,0,0,0,0,0,0x03
2026-09-06T16:33:13.390,50,0,2,52,0,0,0,0,0,0,0x03
2026-09-06T16:33:13.455,51,0,2,51,0,0,0,0,0,0,0x03
2026-09-06T16:33:13.520,52,0,2,51,0,0,0,0,0,0,0x03
2026-09-06T16:33:13.586,53,0,2,50,0,0,0,0,0,0,0x03
2026-09-06T16:33:13.651,54,0,2,51,0,0,0,0,0,0,0x03
2026-09-06T16:33:13.716,55,0,2,52,0,0,0,0,0,0,0x03
2026-09-06T16:33:13.782,56,0,2,50,0,0,0,0,0,0,0x03
2026-09-06T16:33:13.847,57,0,2,52,0,0,0,0,0,0,0x03
2026-09-06T16:33:13.912,58,0,2,54,0,0,0,0,0,0,0x03
2026-09-06T16:33:13.993,59,0,2,52,0,0,0,0,0,0,0x03
2026-09-06T16:33:14.058,60,0,2,51,0,0,0,0,0,0,0x03
2026-09-06T16:33:14.123,61,0,2,50,0,0,0,0,0,0,0x03
2026-09-06T16:33:14.189,62,0,2,50,0,0,0,0,0,0,0x03
2026-09-06T16:33:14.254,63,0,2,51,0,0,0,0,0,0,0x03
2026-09-06T16:33:14.319,64,0,2,52,0,0,0,0,0,0,0x03
2026-09-06T16:33:14.384,65,0,2,51,0,0,0,0,0,0,0x03
2026-09-06T16:33:14.449,66,0,2,50,0,0,0,0,0,0,0x03
2026-09-06T16:33:14.660,67,0,2,52,0,0,0,0,0,0,0x03
2026-09-06T16:33:14.791,68,0,2,51,0,0,0,0,0,0,0x03
2026-09-06T16:33:14.856,69,0,2,51,0,0,0,0,0,0,0x03
2026-09-06T16:33:14.921,70,0,2,52,0,0,0,0,0,0,0x03
2026-09-06T16:33:14.987,73,0,2,53,0,0,0,0,0,0,0x03
2026-09-06T16:33:15.052,75,0,2,50,0,0,0,0,0,0,0x03
2026-09-06T16:33:15.117,76,0,2,51,0,0,0,0,0,0,0x03
2026-09-06T16:33:15.199,77,0,2,51,0,0,0,0,0,0,0x03
2026-09-06T16:33:15.264,78,0,2,50,0,0,0,0,0,0,0x03
2026-09-06T16:33:15.328,79,0,2,52,0,0,0,0,0,0,0x03
2026-09-06T16:33:15.394,80,0,2,52,0,0,0,0,0,0,0x03
2026-09-06T16:33:15.459,81,0,2,52,0,0,0,0,0,0,0x03
2026-09-06T16:33:15.524,82,0,2,50,0,0,0,0,0,0,0x03
2026-09-06T16:33:15.589,83,0,2,51,0,0,0,0,0,0,0x03
2026-09-06T16:33:15.655,84,0,2,51,0,0,0,0,0,0,0x03
2026-09-06T16:33:15.719,85,0,2,50,0,0,0,0,0,0,0x03
2026-09-06T16:33:15.800,86,0,2,51,0,0,0,0,0,0,0x03
2026-09-06T16:33:15.865,87,0,2,52,0,0,0,0,0,0,0x03
2026-09-06T16:33:15.931,88,0,2,52,0,0,0,0,0,0,0x03
2026-09-06T16:33:15.996,89,0,2,50,0,0,0,0,0,0,0x03
2026-09-06T16:33:16.061,90,0,2,55,0,0,0,0,0,0,0x03
2026-09-06T16:33:16.126,91,0,2,51,0,0,0,0,0,0,0x03
2026-09-06T16:33:16.192,92,0,2,50,0,0,0,0,0,0,0x03
2026-09-06T16:33:16.257,93,0,2,51,0,0,0,0,0,0,0x03
2026-09-06T16:33:16.339,94,0,2,51,0,0,0,0,0,0,0x03
2026-09-06T16:33:16.404,95,0,2,50,0,0,0,0,0,0,0x03
2026-09-06T16:33:16.468,96,0,2,53,0,0,0,0,0,0,0x03
2026-09-06T16:33:16.533,97,0,2,51,0,0,0,0,0,0,0x03
2026-09-06T16:33:16.599,98,0,2,52,0,0,0,0,0,0,0x03
2026-09-06T16:33:16.664,99,0,2,50,0,0,0,0,0,0,0x03
2026-09-06T16:33:16.728,100,0,2,51,0,0,0,0,0,0,0x03
2026-09-06T16:33:16.794,101,0,2,50,0,0,0,0,0,0,0x03
2026-09-06T16:33:16.875,102,0,2,51,0,0,0,0,0,0,0x03
2026-09-06T16:33:16.924,103,0,2,50,0,0,0,0,0,0,0x03
2026-09-06T16:33:17.006,104,0,2,50,0,0,0,0,0,0,0x03
2026-09-06T16:33:17.071,105,0,2,51,0,0,0,0,0,0,0x03
2026-09-06T16:33:17.136,106,0,2,54,0,0,0,0,0,0,0x03
2026-09-06T16:33:17.201,107,0,2,52,0,0,0,0,0,0,0x03
2026-09-06T16:33:17.267,108,0,2,50,0,0,0,0,0,0,0x03
2026-09-06T16:33:17.332,109,0,2,51,0,0,0,0,0,0,0x03
2026-09-06T16:33:17.397,110,0,2,50,0,0,0,0,0,0,0x03
2026-09-06T16:33:17.462,111,0,2,52,0,0,0,0,0,0,0x03
2026-09-06T16:33:17.528,112,0,2,51,0,0,0,0,0,0,0x03
2026-09-06T16:33:17.609,113,0,2,52,0,0,0,0,0,0,0x03
2026-09-06T16:33:17.674,114,0,2,50,0,0,0,0,0,0,0x03
2026-09-06T16:33:17.740,115,0,2,51,0,0,0,0,0,0,0x03
2026-09-06T16:33:17.806,116,0,2,50,0,0,0,0,0,0,0x03
2026-09-06T16:33:17.871,117,0,2,52,0,0,0,0,0,0,0x03
2026-09-06T16:33:17.936,118,0,2,51,0,0,0,0,0,0,0x03
2026-09-06T16:33:18.001,119,0,2,52,0,0,0,0,0,0,0x03
2026-09-06T16:33:18.067,120,0,2,51,0,0,0,0,0,0,0x03
2026-09-06T16:33:18.132,121,0,2,52,0,0,0,0,0,0,0x03
2026-09-06T16:33:18.197,122,0,2,51,0,0,0,0,0,0,0x03
2026-09-06T16:33:18.278,123,0,2,55,0,0,0,0,0,0,0x03
2026-09-06T16:33:18.344,124,0,2,50,0,0,0,0,0,0,0x03
2026-09-06T16:33:18.410,125,0,2,50,0,0,0,0,0,0,0x03
2026-09-06T16:33:18.475,126,0,2,50,0,0,0,0,0,0,0x03
2026-09-06T16:33:18.540,127,0,2,51,0,0,0,0,0,0,0x03
2026-09-06T16:33:18.606,128,0,2,51,0,0,0,0,0,0,0x03
2026-09-06T16:33:18.671,129,0,2,55,0,0,0,0,0,0,0x03
2026-09-06T16:33:18.736,130,0,2,50,0,0,0,0,0,0,0x03
2026-09-06T16:33:18.801,131,0,2,51,0,0,0,0,0,0,0x03
2026-09-06T16:33:18.883,132,0,2,51,0,0,0,0,0,0,0x03
2026-09-06T16:33:18.948,133,0,2,51,0,0,0,0,0,0,0x03
2026-09-06T16:33:19.013,134,0,2,50,0,0,0,0,0,0,0x03
2026-09-06T16:33:19.079,135,0,2,51,0,0,0,0,0,0,0x03
2026-09-06T16:33:19.144,136,0,2,50,0,0,0,0,0,0,0x03
2026-09-06T16:33:19.209,137,0,2,50,0,0,0,0,0,0,0x03
2026-09-06T16:33:19.275,138,0,2,50,0,0,0,0,0,0,0x03
2026-09-06T16:33:19.340,139,0,2,52,0,0,0,0,0,0,0x03
2026-09-06T16:33:19.405,140,0,2,50,0,0,0,0,0,0,0x03
2026-09-06T16:33:19.470,141,0,2,52,0,0,0,0,0,0,0x03
2026-09-06T16:33:19.551,142,0,2,50,0,0,0,0,0,0,0x03
2026-09-06T16:33:19.616,143,0,2,51,0,0,0,0,0,0,0x03
2026-09-06T16:33:19.681,144,0,2,51,0,0,0,0,0,0,0x03
2026-09-06T16:33:19.747,145,0,2,51,0,0,0,0,0,0,0x03
2026-09-06T16:33:19.812,146,0,2,51,0,0,0,0,0,0,0x03
2026-09-06T16:33:19.877,147,0,2,51,0,0,0,0,0,0,0x03
2026-09-06T16:33:19.942,148,0,2,50,0,0,0,0,0,0,0x03
2026-09-06T16:33:20.008,149,0,2,51,0,0,0,0,0,0,0x03
2026-09-06T16:33:20.073,150,0,2,50,0,0,0,0,0,0,0x03
2026-09-06T16:33:20.154,151,0,2,52,0,0,0,0,0,0,0x03
2026-09-06T16:33:20.220,152,0,2,50,0,0,0,0,0,0,0x03
2026-09-06T16:33:20.285,153,0,2,50,0,0,0,0,0,0,0x03
2026-09-06T16:33:20.350,154,0,2,52,0,0,0,0,0,0,0x03
2026-09-06T16:33:20.416,155,0,2,51,0,0,0,0,0,0,0x03
2026-09-06T16:33:20.481,156,0,2,50,0,0,0,0,0,0,0x03
2026-09-06T16:33:20.547,157,0,2,52,0,0,0,0,0,0,0x03
2026-09-06T16:33:20.612,158,0,2,52,0,0,0,0,0,0,0x03
2026-09-06T16:33:20.677,159,0,2,51,0,0,0,0,0,0,0x03
2026-09-06T16:33:20.759,160,0,2,50,0,0,0,0,0,0,0x03
2026-09-06T16:33:20.808,161,0,2,50,0,0,0,0,0,0,0x03
2026-09-06T16:33:20.889,162,0,2,51,0,0,0,0,0,0,0x03
2026-09-06T16:33:20.954,163,0,2,50,0,0,0,0,0,0,0x03
2026-09-06T16:33:21.019,164,0,2,50,0,0,0,0,0,0,0x03
2026-09-06T16:33:21.085,165,0,2,50,0,0,0,0,0,0,0x03
2026-09-06T16:33:21.150,166,0,2,52,0,0,0,0,0,0,0x03
2026-09-06T16:33:21.215,167,0,2,50,0,0,0,0,0,0,0x03
2026-09-06T16:33:21.280,168,0,2,51,0,0,0,0,0,0,0x03
2026-09-06T16:33:21.345,169,0,2,50,0,0,0,0,0,0,0x03
2026-09-06T16:33:21.427,170,0,2,50,0,0,0,0,0,0,0x03
2026-09-06T16:33:21.492,171,0,2,52,0,0,0,0,0,0,0x03
2026-09-06T16:33:21.557,172,0,2,51,0,0,0,0,0,0,0x03
2026-09-06T16:33:21.623,173,0,2,52,0,0,0,0,0,0,0x03
2026-09-06T16:33:21.688,174,0,2,51,0,0,0,0,0,0,0x03
2026-09-06T16:33:21.753,175,0,2,50,0,0,0,0,0,0,0x03
2026-09-06T16:33:21.818,176,0,2,52,0,0,0,0,0,0,0x03
2026-09-06T16:33:21.883,177,0,2,51,0,0,0,0,0,0,0x03
2026-09-06T16:33:21.948,178,0,2,52,0,0,0,0,0,0,0x03
2026-09-06T16:33:22.029,179,0,2,50,0,0,0,0,0,0,0x03
2026-09-06T16:33:22.094,180,0,2,55,0,0,0,0,0,0,0x03
2026-09-06T16:33:22.159,181,0,2,52,0,0,0,0,0,0,0x03
2026-09-06T16:33:22.225,182,0,2,50,0,0,0,0,0,0,0x03
2026-09-06T16:33:22.290,183,0,2,50,0,0,0,0,0,0,0x03
2026-09-06T16:33:22.355,184,0,2,50,0,0,0,0,0,0,0x03
2026-09-06T16:33:22.420,185,0,2,51,0,0,0,0,0,0,0x03
2026-09-06T16:33:22.485,186,0,2,50,0,0,0,0,0,0,0x03
2026-09-06T16:33:22.550,187,0,2,51,0,0,0,0,0,0,0x03
2026-09-06T16:33:22.631,188,0,2,50,0,0,0,0,0,0,0x03
2026-09-06T16:33:22.696,189,0,2,50,0,0,0,0,0,0,0x03
2026-09-06T16:33:22.761,190,0,2,51,0,0,0,0,0,0,0x03
2026-09-06T16:33:22.826,191,0,2,51,0,0,0,0,0,0,0x03
2026-09-06T16:33:22.891,192,0,2,54,0,0,0,0,0,0,0x03
2026-09-06T16:33:22.956,193,0,2,50,0,0,0,0,0,0,0x03
2026-09-06T16:33:23.021,194,0,2,50,0,0,0,0,0,0,0x03
2026-09-06T16:33:23.086,195,0,2,51,0,0,0,0,0,0,0x03
2026-09-06T16:33:23.168,196,0,2,52,0,0,0,0,0,0,0x03
2026-09-06T16:33:23.233,197,0,2,51,0,0,0,0,0,0,0x03
2026-09-06T16:33:23.298,198,0,2,52,0,0,0,0,0,0,0x03
2026-09-06T16:33:23.363,199,0,2,50,0,0,0,0,0,0,0x03
2026-09-06T16:33:23.428,200,0,2,51,0,0,0,0,0,0,0x03
2026-09-06T16:33:23.493,201,0,2,50,0,0,0,0,0,0,0x03
2026-09-06T16:33:23.558,202,0,2,52,0,0,0,0,0,0,0x03
2026-09-06T16:33:23.623,203,0,2,51,0,0,0,0,0,0,0x03
2026-09-06T16:33:23.688,204,0,2,52,0,0,0,0,0,0,0x03
2026-09-06T16:33:23.770,205,0,2,51,0,0,0,0,0,0,0x03
2026-09-06T16:33:23.835,206,0,2,50,0,0,0,0,0,0,0x03
2026-09-06T16:33:23.900,207,0,2,52,0,0,0,0,0,0,0x03
2026-09-06T16:33:23.965,208,0,2,53,0,0,0,0,0,0,0x03
2026-09-06T16:33:24.030,209,0,2,50,0,0,0,0,0,0,0x03
2026-09-06T16:33:24.095,210,0,2,50,0,0,0,0,0,0,0x03
2026-09-06T16:33:24.161,211,0,2,51,0,0,0,0,0,0,0x03
2026-09-06T16:33:24.226,212,0,2,50,0,0,0,0,0,0,0x03
2026-09-06T16:33:24.307,213,0,2,51,0,0,0,0,0,0,0x03
2026-09-06T16:33:24.372,214,0,2,52,0,0,0,0,0,0,0x03
2026-09-06T16:33:24.437,215,0,2,50,0,0,0,0,0,0,0x03
2026-09-06T16:33:24.502,216,0,2,50,0,0,0,0,0,0,0x03
2026-09-06T16:33:24.567,217,0,2,50,0,0,0,0,0,0,0x03
2026-09-06T16:33:24.633,218,0,2,52,0,0,0,0,0,0,0x03
2026-09-06T16:33:24.698,219,0,2,51,0,0,0,0,0,0,0x03
2026-09-06T16:33:24.763,220,0,2,50,0,0,0,0,0,0,0x03
2026-09-06T16:33:24.828,221,0,2,50,0,0,0,0,0,0,0x03
2026-09-06T16:33:24.893,222,0,2,50,0,0,0,0,0,0,0x03
2026-09-06T16:33:24.974,223,0,2,50,0,0,0,0,0,0,0x03
2026-09-06T16:33:25.039,224,0,2,50,0,0,0,0,0,0,0x03
2026-09-06T16:33:25.104,225,0,2,50,0,0,0,0,0,0,0x03
2026-09-06T16:33:25.170,226,0,2,52,0,0,0,0,0,0,0x03
2026-09-06T16:33:25.234,227,0,2,53,0,0,0,0,0,0,0x03
2026-09-06T16:33:25.299,228,0,2,51,0,0,0,0,0,0,0x03
2026-09-06T16:33:25.364,229,0,2,51,0,0,0,0,0,0,0x03
2026-09-06T16:33:25.429,230,0,2,50,0,0,0,0,0,0,0x03
2026-09-06T16:33:25.510,231,0,2,51,0,0,0,0,0,0,0x03
2026-09-06T16:33:25.576,232,0,2,50,0,0,0,0,0,0,0x03
2026-09-06T16:33:25.641,233,0,2,52,0,0,0,0,0,0,0x03
2026-09-06T16:33:25.706,234,0,2,50,0,0,0,0,0,0,0x03
2026-09-06T16:33:25.771,235,0,2,51,0,0,0,0,0,0,0x03
2026-09-06T16:33:25.837,236,0,2,50,0,0,0,0,0,0,0x03
2026-09-06T16:33:25.902,237,0,2,51,0,0,0,0,0,0,0x03
2026-09-06T16:33:25.967,238,0,2,51,0,0,0,0,0,0,0x03
2026-09-06T16:33:26.048,239,0,2,50,0,0,0,0,0,0,0x03
2026-09-06T16:33:26.113,240,0,2,53,0,0,0,0,0,0,0x03
2026-09-06T16:33:26.178,241,0,2,51,0,0,0,0,0,0,0x03
2026-09-06T16:33:26.243,242,0,2,50,0,0,0,0,0,0,0x03
2026-09-06T16:33:26.308,243,0,2,50,0,0,0,0,0,0,0x03
2026-09-06T16:33:26.373,244,0,2,50,0,0,0,0,0,0,0x03
2026-09-06T16:33:26.438,245,0,2,52,0,0,0,0,0,0,0x03
2026-09-06T16:33:26.503,246,0,2,52,0,0,0,0,0,0,0x03
2026-09-06T16:33:26.584,247,0,2,51,0,0,0,0,0,0,0x03
2026-09-06T16:33:26.649,248,0,2,50,0,0,0,0,0,0,0x03
2026-09-06T16:33:26.714,249,0,2,55,0,0,0,0,0,0,0x03
2026-09-06T16:33:26.779,250,0,2,50,0,0,0,0,0,0,0x03
2026-09-06T16:33:26.844,251,0,2,51,0,0,0,0,0,0,0x03
2026-09-06T16:33:26.909,252,0,2,51,0,0,0,0,0,0,0x03
2026-09-06T16:33:26.974,253,0,2,50,0,0,0,0,0,0,0x03
2026-09-06T16:33:27.039,254,0,2,50,0,0,0,0,0,0,0x03
2026-09-06T16:33:27.120,255,0,2,51,0,0,0,0,0,0,0x03
2026-09-06T16:33:27.185,256,0,2,51,0,0,0,0,0,0,0x03
2026-09-06T16:33:27.250,257,0,2,50,0,0,0,0,0,0,0x03
2026-09-06T16:33:27.315,258,0,2,50,0,0,0,0,0,0,0x03
2026-09-06T16:33:27.380,259,0,2,51,0,0,0,0,0,0,0x03
2026-09-06T16:33:27.445,260,0,2,51,0,0,0,0,0,0,0x03
2026-09-06T16:33:27.510,261,0,2,50,0,0,0,0,0,0,0x03
2026-09-06T16:33:27.575,262,0,2,51,0,0,0,0,0,0,0x03
2026-09-06T16:33:27.656,263,0,2,51,0,0,0,0,0,0,0x03
2026-09-06T16:33:27.705,264,0,2,51,0,0,0,0,0,0,0x03
2026-09-06T16:33:27.786,265,0,2,50,0,0,0,0,0,0,0x03
2026-09-06T16:33:27.851,266,0,2,50,0,0,0,0,0,0,0x03
2026-09-06T16:33:27.916,267,0,2,50,0,0,0,0,0,0,0x03
2026-09-06T16:33:27.981,268,0,2,51,0,0,0,0,0,0,0x03
2026-09-06T16:33:28.046,269,0,2,51,0,0,0,0,0,0,0x03
2026-09-06T16:33:28.111,270,0,2,51,0,0,0,0,0,0,0x03
2026-09-06T16:33:28.176,271,0,2,52,0,0,0,0,0,0,0x03
2026-09-06T16:33:28.241,272,0,2,50,0,0,0,0,0,0,0x03
2026-09-06T16:33:28.322,273,0,2,50,0,0,0,0,0,0,0x03
2026-09-06T16:33:28.387,274,0,2,50,0,0,0,0,0,0,0x03
2026-09-06T16:33:28.452,275,0,2,51,0,0,0,0,0,0,0x03
2026-09-06T16:33:28.517,276,0,2,50,0,0,0,0,0,0,0x03
2026-09-06T16:33:28.582,277,0,2,50,0,0,0,0,0,0,0x03
2026-09-06T16:33:28.648,278,0,2,51,0,0,0,0,0,0,0x03
2026-09-06T16:33:28.713,279,0,2,51,0,0,0,0,0,0,0x03
2026-09-06T16:33:28.778,280,0,2,50,0,0,0,0,0,0,0x03
2026-09-06T16:33:28.844,281,0,2,53,0,0,0,0,0,0,0x03
2026-09-06T16:33:28.925,282,0,2,52,0,0,0,0,0,0,0x03
2026-09-06T16:33:28.990,283,0,2,51,0,0,0,0,0,0,0x03
2026-09-06T16:33:29.055,284,0,2,51,0,0,0,0,0,0,0x03
2026-09-06T16:33:29.120,285,0,2,51,0,0,0,0,0,0,0x03
2026-09-06T16:33:29.185,286,0,2,50,0,0,0,0,0,0,0x03
2026-09-06T16:33:29.250,287,0,2,53,0,0,0,0,0,0,0x03
2026-09-06T16:33:29.315,288,0,2,51,0,0,0,0,0,0,0x03
2026-09-06T16:33:29.380,289,0,2,51,0,0,0,0,0,0,0x03
2026-09-06T16:33:29.461,290,0,2,50,0,0,0,0,0,0,0x03
2026-09-06T16:33:29.525,291,0,2,51,0,0,0,0,0,0,0x03
2026-09-06T16:33:29.590,292,0,2,50,0,0,0,0,0,0,0x03
2026-09-06T16:33:29.656,293,0,2,50,0,0,0,0,0,0,0x03
2026-09-06T16:33:29.721,294,0,2,50,0,0,0,0,0,0,0x03
2026-09-06T16:33:29.786,295,0,2,50,0,0,0,0,0,0,0x03
2026-09-06T16:33:29.850,296,0,2,50,0,0,0,0,0,0,0x03
2026-09-06T16:33:29.932,297,0,2,51,0,0,0,0,0,0,0x03
2026-09-06T16:33:29.996,298,0,2,51,0,0,0,0,0,0,0x03
2026-09-06T16:33:30.061,299,0,2,52,0,0,0,0,0,0,0x03
2026-09-06T16:33:30.127,300,0,2,51,0,0,0,0,0,0,0x03
2026-09-06T16:33:30.192,301,0,2,52,0,0,0,0,0,0,0x03
2026-09-06T16:33:30.256,302,0,2,50,0,0,0,0,0,0,0x03
2026-09-06T16:33:30.322,303,0,2,54,0,0,0,0,0,0,0x03
2026-09-06T16:33:30.386,304,0,2,51,0,0,0,0,0,0,0x03
2026-09-06T16:33:30.467,305,0,2,50,0,0,0,0,0,0,0x03
2026-09-06T16:33:30.533,306,0,2,50,0,0,0,0,0,0,0x03
2026-09-06T16:33:30.597,307,0,2,51,0,0,0,0,0,0,0x03
2026-09-06T16:33:30.662,308,0,2,50,0,0,0,0,0,0,0x03
2026-09-06T16:33:30.727,309,0,2,56,700,0,10637,2202,0,28001,0x07
2026-09-06T16:33:30.792,310,0,2,51,700,490,8554,2202,0,28001,0x07
2026-09-06T16:33:30.858,311,0,2,50,1130,480,13710,1713,0,22192,0x07
2026-09-06T16:33:30.923,312,0,2,50,1153,80,15682,1724,0,22325,0x07
2026-09-06T16:33:30.988,313,0,2,56,1098,232,14382,1680,0,21805,0x07
2026-09-06T16:33:31.054,314,0,2,50,1098,220,14434,1680,0,21805,0x07
2026-09-06T16:33:31.134,315,0,2,50,1095,280,14143,1677,0,21764,0x07
2026-09-06T16:33:31.200,316,0,2,50,909,300,11846,1548,0,20230,0x07
2026-09-06T16:33:31.265,317,0,2,52,641,154,9273,1326,0,17594,0x07
2026-09-06T16:33:31.330,318,0,2,50,2037,100,26110,2221,0,28225,0x07
2026-09-06T16:33:31.395,319,0,2,53,1162,245,15081,1831,0,23598,0x07
2026-09-06T16:33:31.459,320,0,2,50,1162,240,15103,1831,0,23598,0x07
2026-09-06T16:33:31.524,321,0,2,50,939,260,12373,1593,0,20766,0x07
2026-09-06T16:33:31.589,322,0,2,52,746,250,10120,1408,0,18567,0x07
2026-09-06T16:33:31.670,323,0,2,50,513,180,7637,1218,0,16317,0x07
2026-09-06T16:33:31.736,324,0,2,50,495,80,7854,1237,0,16533,0x07
2026-09-06T16:33:31.801,325,0,2,52,335,0,6287,1403,0,18508,0x07
2026-09-06T16:33:31.867,326,0,2,50,335,0,6287,1403,0,18508,0x07
2026-09-06T16:33:31.932,327,0,2,51,342,0,6372,1395,0,18421,0x07
2026-09-06T16:33:31.998,328,0,2,51,350,0,6465,1388,0,18330,0x07
2026-09-06T16:33:32.063,329,0,2,50,353,0,6504,1378,0,18217,0x07
2026-09-06T16:33:32.128,330,0,2,50,323,260,5042,1311,0,17419,0x07
2026-09-06T16:33:32.194,331,0,2,52,259,442,3508,1253,0,16728,0x07
2026-09-06T16:33:32.275,332,0,2,54,135,259,2814,1106,0,14982,0x07
2026-09-06T16:33:32.340,333,0,2,52,135,77,3589,0,0,12458,0x07
2026-09-06T16:33:32.405,334,0,2,50,3028,0,38321,0,0,5502,0x07
2026-09-06T16:33:32.470,335,0,2,50,1225,760,13643,480,0,7540,0x07
2026-09-06T16:33:32.536,336,0,2,50,1212,0,16716,494,0,7705,0x07
2026-09-06T16:33:32.601,337,0,2,50,1237,0,17018,467,0,7389,0x07
2026-09-06T16:33:32.666,338,0,2,55,1229,0,16925,475,0,7490,0x07
2026-09-06T16:33:32.732,339,0,2,52,1229,0,16925,475,0,7490,0x07
2026-09-06T16:33:32.797,340,0,2,51,1227,0,16897,477,0,7515,0x07
2026-09-06T16:33:32.863,341,0,2,52,1227,0,16901,477,0,7515,0x07
2026-09-06T16:33:33.010,342,0,2,54,1230,0,16934,474,0,7478,0x07
2026-09-06T16:33:33.075,343,0,2,50,1230,0,16934,474,0,7478,0x07
2026-09-06T16:33:33.141,344,0,2,50,1231,0,16945,473,0,7465,0x07
2026-09-06T16:33:33.206,345,0,2,50,1232,0,16957,472,0,7453,0x07
2026-09-06T16:33:33.271,347,0,2,52,1232,77,16635,472,0,7448,0x07
2026-09-06T16:33:33.337,348,0,2,55,1233,309,15656,471,0,7439,0x07
2026-09-06T16:33:33.402,349,0,2,50,1233,440,15100,471,0,7439,0x07
2026-09-06T16:33:33.467,350,0,2,52,1246,500,15005,457,0,7274,0x07
2026-09-06T16:33:33.532,351,0,2,50,1196,600,13982,509,0,7893,0x07
2026-09-06T16:33:33.614,352,0,2,55,2051,836,23150,-378,0,6334,0x07
2026-09-06T16:33:33.678,353,0,2,50,2051,940,22709,0,0,3176,0x07
2026-09-06T16:33:33.744,354,0,2,51,1519,941,16368,175,0,3918,0x07
2026-09-06T16:33:33.809,355,0,2,51,1472,941,15814,223,0,4492,0x07
2026-09-06T16:33:33.874,356,0,2,50,1432,900,15508,265,0,4991,0x07
2026-09-06T16:33:33.939,357,0,2,51,2301,824,26178,3500,0,40000,0x07
2026-09-06T16:33:34.004,358,0,2,53,2684,1057,29733,3275,0,40000,0x07
2026-09-06T16:33:34.070,359,0,2,52,2684,1346,28502,3275,0,40000,0x07
2026-09-06T16:33:34.151,360,0,2,50,1925,1440,19075,2655,0,33385,0x07
2026-09-06T16:33:34.216,361,0,2,51,1052,1373,8986,1862,0,23968,0x07
2026-09-06T16:33:34.281,362,0,2,51,3374,1824,34684,3076,0,38392,0x07
2026-09-06T16:33:34.346,363,0,2,51,2499,1588,25275,3263,0,40000,0x07
2026-09-06T16:33:34.412,364,0,2,50,196,1060,133,1547,0,20217,0x07
2026-09-06T16:33:34.477,365,0,2,52,196,481,2595,1547,0,20217,0x07
2026-09-06T16:33:34.542,366,0,2,50,0,0,2390,1654,0,21494,0x07
2026-09-06T16:33:34.608,367,0,2,50,0,0,28094,0,0,18664,0x07
2026-09-06T16:33:34.673,368,0,2,50,3374,1820,34698,0,0,5686,0x07
2026-09-06T16:33:34.738,369,0,2,50,1201,580,14131,504,0,7827,0x07
2026-09-06T16:33:34.820,370,0,2,50,1173,540,13964,533,0,8175,0x07
2026-09-06T16:33:34.885,371,0,2,50,1164,600,13605,542,0,8284,0x07
2026-09-06T16:33:34.950,372,0,2,52,1133,596,13248,575,0,8670,0x07
2026-09-06T16:33:35.016,373,0,2,50,1060,520,12701,3500,0,40000,0x07
2026-09-06T16:33:35.081,374,0,2,50,1432,500,17216,2121,0,27037,0x07
2026-09-06T16:33:35.146,375,0,2,52,844,500,10222,1591,0,20741,0x07
2026-09-06T16:33:35.211,376,0,2,50,3095,440,37246,2877,0,36018,0x07
2026-09-06T16:33:35.276,377,0,2,51,393,137,6403,1342,0,17785,0x07
2026-09-06T16:33:35.342,378,0,2,52,393,269,5842,1342,0,17785,0x07
2026-09-06T16:33:35.423,379,0,2,51,0,0,2418,1819,0,23456,0x07
2026-09-06T16:33:35.488,380,0,2,51,0,0,4264,1765,0,22816,0x07
2026-09-06T16:33:35.553,381,0,2,52,256,250,4290,1484,0,19477,0x07
2026-09-06T16:33:35.618,382,0,2,52,265,269,4317,1475,0,19364,0x07
2026-09-06T16:33:35.684,383,0,2,50,209,200,3937,1534,0,20068,0x07
2026-09-06T16:33:35.749,384,0,2,52,226,115,4501,1516,0,19851,0x07
2026-09-06T16:33:35.814,385,0,2,51,173,39,4199,1570,0,20500,0x07
2026-09-06T16:33:35.879,386,0,2,52,187,0,4534,1556,0,20325,0x07
2026-09-06T16:33:35.944,387,0,2,55,661,0,10172,1064,0,14483,0x07
2026-09-06T16:33:36.010,388,0,2,52,0,0,2952,1064,0,14483,0x07
2026-09-06T16:33:36.091,389,0,2,50,0,0,3945,1838,0,23672,0x07
2026-09-06T16:33:36.221,390,0,2,51,214,59,4606,1528,0,19996,0x07
2026-09-06T16:33:36.286,391,0,2,52,222,0,4943,1520,0,19901,0x07
2026-09-06T16:33:36.481,392,0,2,51,227,0,5011,1514,0,19831,0x07
2026-09-06T16:33:36.628,393,0,2,52,233,0,5080,1508,0,19760,0x07
2026-09-06T16:33:36.693,395,0,2,51,0,0,4112,0,0,13326,0x07
2026-09-06T16:33:36.758,396,0,2,50,236,0,5116,1505,0,19722,0x07
2026-09-06T16:33:36.823,399,0,2,50,238,0,5132,1504,0,19705,0x07
2026-09-06T16:33:36.888,401,0,2,50,238,0,5140,1503,0,19697,0x07
2026-09-06T16:33:37.018,402,0,2,52,244,0,5208,1497,0,19627,0x07
2026-09-06T16:33:37.084,403,0,2,52,241,0,5168,1500,0,19668,0x07
2026-09-06T16:33:37.148,404,0,2,51,243,0,5196,1498,0,19640,0x07
2026-09-06T16:33:37.230,405,0,2,52,241,0,5176,1500,0,19660,0x07
2026-09-06T16:33:37.295,407,0,2,57,244,0,5208,1497,0,19627,0x07
2026-09-06T16:33:37.491,408,0,2,51,244,0,5208,1497,0,19627,0x07
2026-09-06T16:33:37.556,409,0,2,51,242,0,5189,1499,0,19647,0x07
2026-09-06T16:33:37.621,410,0,2,51,0,0,4184,0,0,13251,0x07
2026-09-06T16:33:37.686,411,0,2,50,244,0,5208,1497,0,19627,0x07
2026-09-06T16:33:37.752,414,0,2,51,244,0,5208,1497,0,19627,0x07
2026-09-06T16:33:37.898,415,0,2,52,248,0,5260,1492,0,19573,0x07
2026-09-06T16:33:37.963,416,0,2,51,249,0,5273,1491,0,19560,0x07
2026-09-06T16:33:38.028,417,0,2,51,248,0,5253,1493,0,19581,0x07
2026-09-06T16:33:38.094,418,0,2,52,250,0,5284,1490,0,19548,0x07
2026-09-06T16:33:38.223,420,0,2,52,249,0,5265,1492,0,19568,0x07
2026-09-06T16:33:38.289,421,0,2,51,250,0,5276,1491,0,19556,0x07
2026-09-06T16:33:38.500,422,0,2,51,250,0,5284,1490,0,19548,0x07
2026-09-06T16:33:38.565,423,0,2,50,250,0,5284,1490,0,19548,0x07
2026-09-06T16:33:38.630,425,0,2,51,0,0,4228,0,0,13206,0x07
2026-09-06T16:33:38.695,426,0,2,51,251,0,5296,1489,0,19535,0x07
2026-09-06T16:33:38.759,429,0,2,52,251,0,5288,1490,0,19543,0x07
2026-09-06T16:33:38.824,430,0,2,51,251,0,5288,1490,0,19543,0x07
2026-09-06T16:33:38.889,431,0,2,51,252,0,5309,1488,0,19523,0x07
2026-09-06T16:33:38.970,432,0,2,50,252,0,5309,1488,0,19523,0x07
2026-09-06T16:33:39.035,433,0,2,50,252,0,5309,1488,0,19523,0x07
2026-09-06T16:33:39.100,434,0,2,51,252,0,5309,1488,0,19523,0x07
2026-09-06T16:33:39.165,435,0,2,50,252,0,5309,1489,0,19527,0x07
2026-09-06T16:33:39.231,436,0,2,52,252,0,5309,1489,0,19527,0x07
2026-09-06T16:33:39.362,437,0,2,52,255,0,5337,1486,0,19493,0x07
2026-09-06T16:33:39.508,438,0,2,51,253,0,5316,1488,0,19515,0x07
2026-09-06T16:33:39.573,439,0,2,50,256,0,5349,1485,0,19481,0x07
2026-09-06T16:33:39.638,440,0,2,50,257,0,5360,1484,0,19469,0x07
2026-09-06T16:33:39.703,442,0,2,51,284,0,5685,1456,0,19137,0x07
2026-09-06T16:33:39.720,444,0,2,51,671,0,10285,1054,0,14367,0x07
