timestamp,sequence,team,robot_id,interval_ms,left_target_eps,left_measured_eps,left_duty,right_target_eps,right_measured_eps,right_duty,flags
2026-09-06T16:34:59.263-03:00,446,0,2,51,254,0,5332,1486,0,19498,0x07
2026-09-06T16:34:59.283-03:00,447,0,2,51,254,0,5332,1486,0,19498,0x07
2026-09-06T16:34:59.323-03:00,448,0,2,51,0,0,0,0,0,0,0x03
2026-09-06T16:34:59.323-03:00,448,0,2,51,0,0,0,0,0,0,0x03
2026-09-06T16:34:59.341-03:00,448,0,2,50,0,0,0,0,0,0,0x03
2026-09-06T16:34:59.361-03:00,448,0,2,50,0,0,0,0,0,0,0x03
2026-09-06T16:34:59.383-03:00,448,0,2,50,0,0,0,0,0,0,0x03
2026-09-06T16:34:59.423-03:00,448,0,2,50,0,0,0,0,0,0,0x03
2026-09-06T16:34:59.423-03:00,448,0,2,50,0,0,0,0,0,0,0x03
2026-09-06T16:34:59.442-03:00,448,0,2,50,0,0,0,0,0,0,0x03
2026-09-06T16:34:59.463-03:00,8,0,2,50,0,0,28094,0,0,28548,0x07
2026-09-06T16:34:59.481-03:00,9,0,2,50,3374,300,40000,3500,0,40000,0x07
2026-09-06T16:34:59.501-03:00,10,0,2,50,3374,300,40000,3500,0,40000,0x07
2026-09-06T16:34:59.523-03:00,11,0,2,50,3374,300,40000,3500,0,40000,0x07
2026-09-06T16:34:59.541-03:00,12,0,2,50,3374,2520,31724,3500,0,40000,0x07
2026-09-06T16:34:59.560-03:00,13,0,2,50,3374,2520,31724,3500,0,40000,0x07
2026-09-06T16:34:59.642-03:00,14,0,2,50,3374,2520,31724,3500,0,40000,0x07
2026-09-06T16:34:59.642-03:00,15,0,2,55,3374,3564,27288,3500,0,40000,0x07
2026-09-06T16:34:59.684-03:00,16,0,2,51,3374,3412,27934,3500,0,40000,0x07
2026-09-06T16:34:59.704-03:00,17,0,2,51,3374,3412,27934,3500,0,40000,0x07
2026-09-06T16:34:59.743-03:00,20,0,2,51,3374,3196,28850,3500,0,40000,0x07
2026-09-06T16:34:59.764-03:00,21,0,2,55,3374,3182,28911,3500,0,40000,0x07
2026-09-06T16:34:59.764-03:00,23,0,2,55,3374,3182,28911,3500,0,40000,0x07
2026-09-06T16:34:59.800-03:00,24,0,2,55,3374,3182,28911,3500,0,40000,0x07
2026-09-06T16:34:59.800-03:00,25,0,2,50,3374,3240,28664,3500,0,40000,0x07
2026-09-06T16:34:59.820-03:00,26,0,2,50,3374,3240,28664,3500,0,40000,0x07
2026-09-06T16:34:59.843-03:00,27,0,2,50,3374,3240,28664,3500,0,40000,0x07
2026-09-06T16:34:59.863-03:00,28,0,2,51,3374,3294,28434,3500,0,40000,0x07
2026-09-06T16:34:59.883-03:00,29,0,2,51,3374,3294,28434,3500,0,40000,0x07
2026-09-06T16:34:59.924-03:00,30,0,2,50,3374,3160,29004,3500,0,40000,0x07
2026-09-06T16:34:59.924-03:00,31,0,2,50,3374,3160,29004,3500,0,40000,0x07
2026-09-06T16:34:59.941-03:00,32,0,2,50,3374,3160,29004,3500,0,40000,0x07
2026-09-06T16:34:59.959-03:00,33,0,2,52,3374,3269,28539,3500,0,40000,0x07
2026-09-06T16:35:00.002-03:00,34,0,2,52,3374,3269,28539,3500,0,40000,0x07
2026-09-06T16:35:00.041-03:00,35,0,2,54,3374,3204,28818,3500,0,40000,0x07
2026-09-06T16:35:00.100-03:00,36,0,2,50,3374,3220,28748,3500,0,40000,0x07
2026-09-06T16:35:00.100-03:00,37,0,2,50,3374,3220,28748,3500,0,40000,0x07
2026-09-06T16:35:00.123-03:00,39,0,2,50,3374,3220,28748,3500,0,40000,0x07
2026-09-06T16:35:00.160-03:00,40,0,2,50,3374,3280,28494,3500,0,40000,0x07
2026-09-06T16:35:00.160-03:00,41,0,2,51,3374,3196,28850,3500,0,40000,0x07
2026-09-06T16:35:00.183-03:00,43,0,2,51,3374,3196,28850,3500,0,40000,0x07
2026-09-06T16:35:00.222-03:00,44,0,2,51,3374,3196,28850,3500,0,40000,0x07
2026-09-06T16:35:00.223-03:00,45,0,2,50,3374,3220,28748,3500,0,40000,0x07
2026-09-06T16:35:00.241-03:00,46,0,2,50,3374,3220,28748,3500,0,40000,0x07
2026-09-06T16:35:00.261-03:00,47,0,2,50,3374,3220,28748,3500,0,40000,0x07
2026-09-06T16:35:00.279-03:00,48,0,2,50,3374,3240,28664,3500,0,40000,0x07
2026-09-06T16:35:00.302-03:00,49,0,2,50,3374,3240,28664,3500,0,40000,0x07
2026-09-06T16:35:00.320-03:00,50,0,2,50,3374,3240,28664,3500,0,40000,0x07
2026-09-06T16:35:00.343-03:00,51,0,2,50,3374,3240,28664,3500,0,40000,0x07
2026-09-06T16:35:00.360-03:00,52,0,2,50,3374,3240,28664,3500,0,40000,0x07
2026-09-06T16:35:00.382-03:00,53,0,2,50,3374,3240,28664,3500,0,40000,0x07
2026-09-06T16:35:00.402-03:00,54,0,2,50,3374,3240,28664,3500,0,40000,0x07
2026-09-06T16:35:00.419-03:00,55,0,2,51,3374,3196,28850,3500,0,40000,0x07
2026-09-06T16:35:00.440-03:00,56,0,2,51,3374,3196,28850,3500,0,40000,0x07
2026-09-06T16:35:00.482-03:00,57,0,2,51,3374,3196,28850,3500,0,40000,0x07
2026-09-06T16:35:00.500-03:00,58,0,2,51,3374,3294,28434,3500,0,40000,0x07
2026-09-06T16:35:00.540-03:00,59,0,2,51,3374,3294,28434,3500,0,40000,0x07
2026-09-06T16:35:00.540-03:00,60,0,2,51,3374,3235,28684,3500,0,40000,0x07
2026-09-06T16:35:00.563-03:00,61,0,2,51,3374,3235,28684,3500,0,40000,0x07
2026-09-06T16:35:00.583-03:00,63,0,2,51,3374,3235,28684,3500,0,40000,0x07
2026-09-06T16:35:00.600-03:00,64,0,2,51,3374,3235,28684,3500,0,40000,0x07
2026-09-06T16:35:00.619-03:00,65,0,2,51,3374,3235,28684,3500,0,40000,0x07
2026-09-06T16:35:00.661-03:00,66,0,2,53,3374,3226,28721,3500,0,40000,0x07
2026-09-06T16:35:00.683-03:00,67,0,2,53,3374,3226,28721,3500,0,40000,0x07
2026-09-06T16:35:00.719-03:00,68,0,2,50,3374,3260,28578,3500,0,40000,0x07
2026-09-06T16:35:00.719-03:00,69,0,2,50,3374,3260,28578,3500,0,40000,0x07
2026-09-06T16:35:00.739-03:00,70,0,2,53,3374,3264,28561,3500,0,40000,0x07
2026-09-06T16:35:00.784-03:00,72,0,2,53,3374,3264,28561,3500,0,40000,0x07
2026-09-06T16:35:00.784-03:00,73,0,2,53,3374,3264,28561,3500,0,40000,0x07
2026-09-06T16:35:00.802-03:00,74,0,2,54,3374,3222,28739,3500,0,40000,0x07
2026-09-06T16:35:00.822-03:00,75,0,2,54,3374,3222,28739,3500,0,40000,0x07
2026-09-06T16:35:00.859-03:00,76,0,2,51,3374,3255,28600,3500,0,40000,0x07
2026-09-06T16:35:00.859-03:00,77,0,2,51,3374,3255,28600,3500,0,40000,0x07
2026-09-06T16:35:00.879-03:00,78,0,2,51,3374,3255,28600,3500,0,40000,0x07
2026-09-06T16:35:00.902-03:00,79,0,2,51,3374,3235,28684,3500,0,40000,0x07
2026-09-06T16:35:00.923-03:00,80,0,2,51,3374,3235,28684,3500,0,40000,0x07
2026-09-06T16:35:00.943-03:00,81,0,2,53,3374,3226,28721,3500,0,40000,0x07
2026-09-06T16:35:00.960-03:00,82,0,2,53,3374,3226,28721,3500,0,40000,0x07
2026-09-06T16:35:00.983-03:00,83,0,2,53,3374,3226,28721,3500,0,40000,0x07
2026-09-06T16:35:01.002-03:00,84,0,2,52,3374,3231,28703,3500,0,40000,0x07
2026-09-06T16:35:01.041-03:00,85,0,2,52,3374,3231,28703,3500,0,40000,0x07
2026-09-06T16:35:01.041-03:00,86,0,2,51,3374,3196,28850,3500,0,40000,0x07
2026-09-06T16:35:01.059-03:00,87,0,2,51,3374,3196,28850,3500,0,40000,0x07
2026-09-06T16:35:01.082-03:00,88,0,2,51,3374,3196,28850,3500,0,40000,0x07
2026-09-06T16:35:01.102-03:00,89,0,2,51,3374,3235,28684,3500,0,40000,0x07
2026-09-06T16:35:01.119-03:00,90,0,2,51,3374,3235,28684,3500,0,40000,0x07
2026-09-06T16:35:01.139-03:00,91,0,2,51,3374,3235,28684,3500,0,40000,0x07
2026-09-06T16:35:01.162-03:00,92,0,2,54,3374,3241,28660,3500,0,40000,0x07
2026-09-06T16:35:01.220-03:00,93,0,2,54,3374,3241,28660,3500,0,40000,0x07
2026-09-06T16:35:01.220-03:00,94,0,2,52,3374,3231,28703,3500,0,40000,0x07
2026-09-06T16:35:01.241-03:00,95,0,2,52,3374,3231,28703,3500,0,40000,0x07
2026-09-06T16:35:01.284-03:00,96,0,2,50,3374,3240,28664,3500,0,40000,0x07
2026-09-06T16:35:01.284-03:00,97,0,2,50,3374,3240,28664,3500,0,40000,0x07
2026-09-06T16:35:01.302-03:00,99,0,2,51,3374,3196,28850,3500,0,40000,0x07
2026-09-06T16:35:01.322-03:00,100,0,2,51,3374,3196,28850,3500,0,40000,0x07
2026-09-06T16:35:01.340-03:00,101,0,2,51,3374,3196,28850,3500,0,40000,0x07
2026-09-06T16:35:01.400-03:00,102,0,2,50,3374,3240,28664,3500,0,40000,0x07
2026-09-06T16:35:01.463-03:00,103,0,2,50,3374,3240,28664,3500,0,40000,0x07
2026-09-06T16:35:01.482-03:00,104,0,2,50,3374,3220,28748,3500,0,40000,0x07
2026-09-06T16:35:01.500-03:00,105,0,2,50,3374,3280,28494,3500,0,40000,0x07
2026-09-06T16:35:01.520-03:00,106,0,2,50,3374,3200,28834,3500,0,40000,0x07
2026-09-06T16:35:01.543-03:00,109,0,2,50,3374,3200,28834,3500,0,40000,0x07
2026-09-06T16:35:01.581-03:00,112,0,2,50,3374,3260,28578,3500,0,40000,0x07
2026-09-06T16:35:01.601-03:00,113,0,2,50,3374,3260,28578,3500,0,40000,0x07
2026-09-06T16:35:01.601-03:00,114,0,2,50,3374,3220,28748,3500,0,40000,0x07
2026-09-06T16:35:01.643-03:00,115,0,2,50,3374,3220,28748,3500,0,40000,0x07
2026-09-06T16:35:01.663-03:00,116,0,2,50,3374,3220,28748,3500,0,40000,0x07
2026-09-06T16:35:01.681-03:00,117,0,2,50,3374,3240,28664,3500,0,40000,0x07
2026-09-06T16:35:01.704-03:00,118,0,2,54,3374,3241,28660,3500,0,40000,0x07
2026-09-06T16:35:01.722-03:00,119,0,2,54,3374,3241,28660,3500,0,40000,0x07
2026-09-06T16:35:01.762-03:00,121,0,2,54,3374,3241,28660,3500,0,40000,0x07
2026-09-06T16:35:01.762-03:00,122,0,2,50,3374,3260,28578,3500,0,40000,0x07
2026-09-06T16:35:01.803-03:00,123,0,2,50,3374,3260,28578,3500,0,40000,0x07
2026-09-06T16:35:01.804-03:00,124,0,2,50,3374,3220,28748,3500,0,40000,0x07
2026-09-06T16:35:01.823-03:00,125,0,2,50,3374,3220,28748,3500,0,40000,0x07
2026-09-06T16:35:01.844-03:00,126,0,2,50,3374,3220,28748,3500,0,40000,0x07
2026-09-06T16:35:01.862-03:00,127,0,2,50,3374,3260,28578,3500,0,40000,0x07
2026-09-06T16:35:01.880-03:00,128,0,2,50,3374,3260,28578,3500,0,40000,0x07
2026-09-06T16:35:01.904-03:00,129,0,2,50,3374,3260,28578,3500,0,40000,0x07
2026-09-06T16:35:01.921-03:00,130,0,2,50,3374,3260,28578,3500,0,40000,0x07
2026-09-06T16:35:01.942-03:00,131,0,2,50,3374,3260,28578,3500,0,40000,0x07
2026-09-06T16:35:01.963-03:00,132,0,2,51,3374,3255,28600,3500,0,40000,0x07
2026-09-06T16:35:01.999-03:00,133,0,2,51,3374,3255,28600,3500,0,40000,0x07
2026-09-06T16:35:02.039-03:00,134,0,2,55,3374,3200,28834,3500,0,40000,0x07
2026-09-06T16:35:02.063-03:00,135,0,2,55,3374,3200,28834,3500,0,40000,0x07
2026-09-06T16:35:02.083-03:00,136,0,2,55,3374,3200,28834,3500,0,40000,0x07
2026-09-06T16:35:02.122-03:00,137,0,2,53,3374,3245,28641,3500,0,40000,0x07
2026-09-06T16:35:02.142-03:00,139,0,2,51,3374,3255,28600,3500,0,40000,0x07
2026-09-06T16:35:02.161-03:00,141,0,2,51,3374,3255,28600,3500,0,40000,0x07
2026-09-06T16:35:02.181-03:00,142,0,2,51,3374,3216,28767,3500,0,40000,0x07
2026-09-06T16:35:02.222-03:00,143,0,2,51,3374,3216,28767,3500,0,40000,0x07
2026-09-06T16:35:02.222-03:00,145,0,2,56,3374,3196,28849,3500,0,40000,0x07
2026-09-06T16:35:02.240-03:00,146,0,2,56,3374,3196,28849,3500,0,40000,0x07
2026-09-06T16:35:02.263-03:00,147,0,2,56,3374,3196,28849,3500,0,40000,0x07
2026-09-06T16:35:02.320-03:00,148,0,2,51,3374,3275,28517,3500,0,40000,0x07
2026-09-06T16:35:02.340-03:00,149,0,2,51,3374,3275,28517,3500,0,40000,0x07
2026-09-06T16:35:02.340-03:00,150,0,2,50,3374,3220,28748,3500,0,40000,0x07
2026-09-06T16:35:02.360-03:00,151,0,2,50,3374,3220,28748,3500,0,40000,0x07
2026-09-06T16:35:02.381-03:00,152,0,2,52,3374,3212,28784,3500,0,40000,0x07
2026-09-06T16:35:02.404-03:00,154,0,2,52,3374,3212,28784,3500,0,40000,0x07
2026-09-06T16:35:02.462-03:00,155,0,2,52,3374,3212,28784,3500,0,40000,0x07
2026-09-06T16:35:02.462-03:00,156,0,2,53,3374,3264,28561,3500,0,40000,0x07
2026-09-06T16:35:02.483-03:00,157,0,2,53,3374,3264,28561,3500,0,40000,0x07
2026-09-06T16:35:02.500-03:00,158,0,2,50,3374,3200,28834,3500,0,40000,0x07
2026-09-06T16:35:02.524-03:00,159,0,2,50,3374,3200,28834,3500,0,40000,0x07
2026-09-06T16:35:02.580-03:00,161,0,2,53,3374,3226,28721,3500,0,40000,0x07
2026-09-06T16:35:02.580-03:00,162,0,2,53,3374,3226,28721,3500,0,40000,0x07
2026-09-06T16:35:02.619-03:00,163,0,2,53,3374,3208,28801,3500,0,40000,0x07
2026-09-06T16:35:02.619-03:00,164,0,2,53,3374,3208,28801,3500,0,40000,0x07
2026-09-06T16:35:02.641-03:00,165,0,2,51,3374,3275,28517,3500,0,40000,0x07
2026-09-06T16:35:02.660-03:00,167,0,2,51,3374,3275,28517,3500,0,40000,0x07
2026-09-06T16:35:02.683-03:00,168,0,2,51,3374,3275,28517,3500,0,40000,0x07
2026-09-06T16:35:02.701-03:00,169,0,2,50,3374,3260,28578,3500,0,40000,0x07
2026-09-06T16:35:02.743-03:00,170,0,2,50,3374,3260,28578,3500,0,40000,0x07
2026-09-06T16:35:02.780-03:00,171,0,2,50,3374,3200,28834,3500,0,40000,0x07
2026-09-06T16:35:02.780-03:00,172,0,2,50,3374,3200,28834,3500,0,40000,0x07
2026-09-06T16:35:02.823-03:00,173,0,2,50,3374,3280,28494,3500,0,40000,0x07
2026-09-06T16:35:02.823-03:00,174,0,2,50,3374,3280,28494,3500,0,40000,0x07
2026-09-06T16:35:02.841-03:00,176,0,2,51,3374,3235,28684,3500,0,40000,0x07
2026-09-06T16:35:02.884-03:00,177,0,2,51,3374,3235,28684,3500,0,40000,0x07
2026-09-06T16:35:02.884-03:00,178,0,2,51,3374,3235,28684,3500,0,40000,0x07
2026-09-06T16:35:02.940-03:00,179,0,2,53,3374,3245,28641,3500,0,40000,0x07
2026-09-06T16:35:02.982-03:00,180,0,2,53,3374,3245,28641,3500,0,40000,0x07
2026-09-06T16:35:02.982-03:00,181,0,2,57,3374,3193,28863,3500,0,40000,0x07
2026-09-06T16:35:02.999-03:00,182,0,2,57,3374,3193,28863,3500,0,40000,0x07
2026-09-06T16:35:03.041-03:00,183,0,2,51,3374,3255,28600,3500,0,40000,0x07
2026-09-06T16:35:03.062-03:00,185,0,2,51,3374,3255,28600,3500,0,40000,0x07
2026-09-06T16:35:03.083-03:00,187,0,2,54,3374,3296,28424,3500,0,40000,0x07
2026-09-06T16:35:03.120-03:00,188,0,2,51,3374,3176,28934,3500,0,40000,0x07
2026-09-06T16:35:03.140-03:00,189,0,2,51,3374,3176,28934,3500,0,40000,0x07
2026-09-06T16:35:03.162-03:00,191,0,2,50,3374,3260,28578,3500,0,40000,0x07
2026-09-06T16:35:03.183-03:00,192,0,2,50,3374,3260,28578,3500,0,40000,0x07
2026-09-06T16:35:03.201-03:00,193,0,2,51,3374,3216,28767,3500,0,40000,0x07
2026-09-06T16:35:03.240-03:00,194,0,2,51,3374,3216,28767,3500,0,40000,0x07
2026-09-06T16:35:03.240-03:00,196,0,2,51,3374,3216,28767,3500,0,40000,0x07
2026-09-06T16:35:03.282-03:00,197,0,2,50,3374,3260,28578,3500,0,40000,0x07
2026-09-06T16:35:03.301-03:00,198,0,2,50,3374,3260,28578,3500,0,40000,0x07
2026-09-06T16:35:03.340-03:00,199,0,2,53,3374,3245,28641,3500,0,40000,0x07
2026-09-06T16:35:03.340-03:00,200,0,2,53,3374,3245,28641,3500,0,40000,0x07
2026-09-06T16:35:03.363-03:00,201,0,2,55,3374,3236,28679,3500,0,40000,0x07
2026-09-06T16:35:03.382-03:00,203,0,2,55,3374,3236,28679,3500,0,40000,0x07
2026-09-06T16:35:03.401-03:00,204,0,2,55,3374,3236,28679,3500,0,40000,0x07
2026-09-06T16:35:03.419-03:00,205,0,2,51,3374,3255,28600,3500,0,40000,0x07
2026-09-06T16:35:03.442-03:00,206,0,2,51,3374,3255,28600,3500,0,40000,0x07
2026-09-06T16:35:03.460-03:00,207,0,2,51,3374,3196,28850,3500,0,40000,0x07
2026-09-06T16:35:03.483-03:00,208,0,2,51,3374,3196,28850,3500,0,40000,0x07
2026-09-06T16:35:03.540-03:00,209,0,2,51,3374,3196,28850,3500,0,40000,0x07
2026-09-06T16:35:03.540-03:00,210,0,2,50,3374,3260,28578,3500,0,40000,0x07
2026-09-06T16:35:03.579-03:00,211,0,2,50,3374,3260,28578,3500,0,40000,0x07
2026-09-06T16:35:03.579-03:00,212,0,2,50,3374,3240,28664,3500,0,40000,0x07
2026-09-06T16:35:03.603-03:00,213,0,2,50,3374,3240,28664,3500,0,40000,0x07
2026-09-06T16:35:03.639-03:00,215,0,2,51,3374,3235,28684,3500,0,40000,0x07
2026-09-06T16:35:03.639-03:00,216,0,2,51,3374,3235,28684,3500,0,40000,0x07
2026-09-06T16:35:03.662-03:00,217,0,2,50,3374,3260,28578,3500,0,40000,0x07
2026-09-06T16:35:03.681-03:00,218,0,2,50,3374,3260,28578,3500,0,40000,0x07
2026-09-06T16:35:03.701-03:00,219,0,2,50,3374,3260,28578,3500,0,40000,0x07
2026-09-06T16:35:03.723-03:00,220,0,2,51,3374,3235,28684,3500,0,40000,0x07
2026-09-06T16:35:03.740-03:00,221,0,2,51,3374,3235,28684,3500,0,40000,0x07
2026-09-06T16:35:03.782-03:00,222,0,2,60,3374,3233,28692,3500,0,40000,0x07
2026-09-06T16:35:03.782-03:00,223,0,2,60,3374,3233,28692,3500,0,40000,0x07
2026-09-06T16:35:03.800-03:00,224,0,2,60,3374,3233,28692,3500,0,40000,0x07
2026-09-06T16:35:03.820-03:00,225,0,2,60,3374,3233,28692,3500,0,40000,0x07
2026-09-06T16:35:03.840-03:00,226,0,2,54,3374,3278,28503,3500,0,40000,0x07
2026-09-06T16:35:03.863-03:00,227,0,2,54,3374,3278,28503,3500,0,40000,0x07
2026-09-06T16:35:03.880-03:00,228,0,2,50,3374,3220,28748,3500,0,40000,0x07
2026-09-06T16:35:03.922-03:00,229,0,2,50,3374,3220,28748,3500,0,40000,0x07
2026-09-06T16:35:03.941-03:00,230,0,2,50,3374,3200,28834,3500,0,40000,0x07
2026-09-06T16:35:03.982-03:00,231,0,2,50,3374,3200,28834,3500,0,40000,0x07
2026-09-06T16:35:04.000-03:00,232,0,2,55,3374,3255,28602,3500,0,40000,0x07
2026-09-06T16:35:04.020-03:00,233,0,2,55,3374,3255,28602,3500,0,40000,0x07
2026-09-06T16:35:04.042-03:00,235,0,2,51,3374,3275,28517,3500,0,40000,0x07
2026-09-06T16:35:04.062-03:00,236,0,2,51,3374,3275,28517,3500,0,40000,0x07
2026-09-06T16:35:04.080-03:00,238,0,2,51,3374,3275,28517,3500,0,40000,0x07
2026-09-06T16:35:04.102-03:00,239,0,2,51,3374,3235,28684,3500,0,40000,0x07
2026-09-06T16:35:04.122-03:00,240,0,2,51,3374,3235,28684,3500,0,40000,0x07
2026-09-06T16:35:04.143-03:00,241,0,2,51,3374,3235,28684,3500,0,40000,0x07
2026-09-06T16:35:04.161-03:00,242,0,2,51,3374,3235,28684,3500,0,40000,0x07
2026-09-06T16:35:04.183-03:00,243,0,2,51,3374,3235,28684,3500,0,40000,0x07
2026-09-06T16:35:04.200-03:00,244,0,2,53,3374,3245,28641,3500,0,40000,0x07
2026-09-06T16:35:04.243-03:00,245,0,2,53,3374,3245,28641,3500,0,40000,0x07
2026-09-06T16:35:04.264-03:00,246,0,2,50,3374,3220,28748,3500,0,40000,0x07
2026-09-06T16:35:04.279-03:00,247,0,2,50,3374,3220,28748,3500,0,40000,0x07
2026-09-06T16:35:04.303-03:00,248,0,2,50,3374,3300,28408,3500,0,40000,0x07
2026-09-06T16:35:04.320-03:00,249,0,2,50,3374,3300,28408,3500,0,40000,0x07
2026-09-06T16:35:04.343-03:00,251,0,2,50,3374,3200,28834,3500,0,40000,0x07
2026-09-06T16:35:04.361-03:00,252,0,2,50,3374,3200,28834,3500,0,40000,0x07
2026-09-06T16:35:04.382-03:00,253,0,2,50,3374,3200,28834,3500,0,40000,0x07
2026-09-06T16:35:04.403-03:00,254,0,2,51,3374,3275,28517,3500,0,40000,0x07
2026-09-06T16:35:04.421-03:00,255,0,2,51,3374,3275,28517,3500,0,40000,0x07
2026-09-06T16:35:04.439-03:00,256,0,2,52,3374,3231,28703,3500,0,40000,0x07
2026-09-06T16:35:04.462-03:00,257,0,2,52,3374,3231,28703,3500,0,40000,0x07
2026-09-06T16:35:04.483-03:00,258,0,2,52,3374,3231,28703,3500,0,40000,0x07
2026-09-06T16:35:04.519-03:00,259,0,2,51,3374,3235,28684,3500,0,40000,0x07
2026-09-06T16:35:04.519-03:00,260,0,2,51,3374,3235,28684,3500,0,40000,0x07
2026-09-06T16:35:04.544-03:00,261,0,2,50,3374,3240,28664,3500,0,40000,0x07
2026-09-06T16:35:04.561-03:00,262,0,2,50,3374,3240,28664,3500,0,40000,0x07
2026-09-06T16:35:04.582-03:00,263,0,2,50,3374,3240,28664,3500,0,40000,0x07
2026-09-06T16:35:04.599-03:00,264,0,2,50,3374,3260,28578,3500,0,40000,0x07
2026-09-06T16:35:04.622-03:00,265,0,2,50,3374,3260,28578,3500,0,40000,0x07
2026-09-06T16:35:04.662-03:00,266,0,2,52,3374,3231,28703,3500,0,40000,0x07
2026-09-06T16:35:04.662-03:00,267,0,2,52,3374,3231,28703,3500,0,40000,0x07
2026-09-06T16:35:04.682-03:00,268,0,2,52,3374,3231,28703,3500,0,40000,0x07
2026-09-06T16:35:04.700-03:00,269,0,2,50,3374,3220,28748,3500,0,40000,0x07
2026-09-06T16:35:04.723-03:00,270,0,2,50,3374,3220,28748,3500,0,40000,0x07
2026-09-06T16:35:04.762-03:00,271,0,2,50,3374,3220,28748,3500,0,40000,0x07
2026-09-06T16:35:04.762-03:00,272,0,2,52,3374,3288,28458,3500,0,40000,0x07
2026-09-06T16:35:04.780-03:00,273,0,2,52,3374,3288,28458,3500,0,40000,0x07
2026-09-06T16:35:04.802-03:00,274,0,2,53,3374,3226,28721,3500,0,40000,0x07
2026-09-06T16:35:04.821-03:00,275,0,2,53,3374,3226,28721,3500,0,40000,0x07
2026-09-06T16:35:04.859-03:00,276,0,2,53,3374,3226,28721,3500,0,40000,0x07
2026-09-06T16:35:04.881-03:00,277,0,2,50,3374,3240,28664,3500,0,40000,0x07
2026-09-06T16:35:04.921-03:00,278,0,2,50,3374,3240,28664,3500,0,40000,0x07
2026-09-06T16:35:04.921-03:00,279,0,2,50,3374,3280,28494,3500,0,40000,0x07
2026-09-06T16:35:04.942-03:00,280,0,2,50,3374,3280,28494,3500,0,40000,0x07
2026-09-06T16:35:04.960-03:00,282,0,2,51,3374,3216,28767,3500,0,40000,0x07
2026-09-06T16:35:04.979-03:00,283,0,2,51,3374,3216,28767,3500,0,40000,0x07
2026-09-06T16:35:05.002-03:00,284,0,2,52,3374,3250,28621,3500,0,40000,0x07
2026-09-06T16:35:05.019-03:00,285,0,2,52,3374,3250,28621,3500,0,40000,0x07
2026-09-06T16:35:05.042-03:00,286,0,2,52,3374,3250,28621,3500,0,40000,0x07
2026-09-06T16:35:05.062-03:00,287,0,2,51,3374,3235,28684,3500,0,40000,0x07
2026-09-06T16:35:05.080-03:00,288,0,2,51,3374,3235,28684,3500,0,40000,0x07
2026-09-06T16:35:05.100-03:00,289,0,2,51,3374,3235,28684,3500,0,40000,0x07
2026-09-06T16:35:05.121-03:00,290,0,2,53,3374,3264,28561,3500,0,40000,0x07
2026-09-06T16:35:05.141-03:00,291,0,2,53,3374,3264,28561,3500,0,40000,0x07
2026-09-06T16:35:05.161-03:00,292,0,2,56,3374,3214,28773,3500,0,40000,0x07
2026-09-06T16:35:05.202-03:00,293,0,2,56,3374,3214,28773,3500,0,40000,0x07
2026-09-06T16:35:05.202-03:00,294,0,2,56,3374,3214,28773,3500,0,40000,0x07
2026-09-06T16:35:05.222-03:00,295,0,2,50,3374,3240,28664,3500,0,40000,0x07
2026-09-06T16:35:05.242-03:00,296,0,2,50,3374,3240,28664,3500,0,40000,0x07
2026-09-06T16:35:05.261-03:00,297,0,2,50,3374,3260,28578,3500,0,40000,0x07
2026-09-06T16:35:05.283-03:00,298,0,2,50,3374,3260,28578,3500,0,40000,0x07
2026-09-06T16:35:05.303-03:00,299,0,2,50,3374,3260,28578,3500,0,40000,0x07
2026-09-06T16:35:05.323-03:00,300,0,2,50,3374,3220,28748,3500,0,40000,0x07
2026-09-06T16:35:05.340-03:00,301,0,2,50,3374,3220,28748,3500,0,40000,0x07
2026-09-06T16:35:05.360-03:00,302,0,2,50,3374,3260,28578,3500,0,40000,0x07
2026-09-06T16:35:05.383-03:00,303,0,2,50,3374,3260,28578,3500,0,40000,0x07
2026-09-06T16:35:05.401-03:00,304,0,2,50,3374,3260,28578,3500,0,40000,0x07
2026-09-06T16:35:05.420-03:00,305,0,2,50,3374,3220,28748,3500,0,40000,0x07
2026-09-06T16:35:05.443-03:00,306,0,2,50,3374,3220,28748,3500,0,40000,0x07
2026-09-06T16:35:05.459-03:00,307,0,2,50,3374,3220,28748,3500,0,40000,0x07
2026-09-06T16:35:05.481-03:00,308,0,2,53,3374,3264,28561,3500,0,40000,0x07
2026-09-06T16:35:05.501-03:00,309,0,2,53,3374,3264,28561,3500,0,40000,0x07
2026-09-06T16:35:05.519-03:00,310,0,2,53,3374,3245,28641,3500,0,40000,0x07
2026-09-06T16:35:05.543-03:00,311,0,2,53,3374,3245,28641,3500,0,40000,0x07
2026-09-06T16:35:05.561-03:00,312,0,2,53,3374,3245,28641,3500,0,40000,0x07
2026-09-06T16:35:05.579-03:00,313,0,2,50,3374,3240,28664,3500,0,40000,0x07
2026-09-06T16:35:05.599-03:00,314,0,2,50,3374,3240,28664,3500,0,40000,0x07
2026-09-06T16:35:05.621-03:00,315,0,2,53,3374,3264,28561,3500,0,40000,0x07
2026-09-06T16:35:05.639-03:00,316,0,2,53,3374,3264,28561,3500,0,40000,0x07
2026-09-06T16:35:05.662-03:00,317,0,2,53,3374,3264,28561,3500,0,40000,0x07
2026-09-06T16:35:05.679-03:00,318,0,2,50,3374,3260,28578,3500,0,40000,0x07
2026-09-06T16:35:05.701-03:00,319,0,2,50,3374,3260,28578,3500,0,40000,0x07
2026-09-06T16:35:05.721-03:00,320,0,2,51,3374,3255,28600,3500,0,40000,0x07
2026-09-06T16:35:05.739-03:00,321,0,2,51,3374,3255,28600,3500,0,40000,0x07
2026-09-06T16:35:05.762-03:00,322,0,2,51,3374,3255,28600,3500,0,40000,0x07
2026-09-06T16:35:05.779-03:00,323,0,2,50,3374,3240,28664,3500,0,40000,0x07
2026-09-06T16:35:05.802-03:00,324,0,2,50,3374,3240,28664,3500,0,40000,0x07
2026-09-06T16:35:05.844-03:00,325,0,2,50,3374,3240,28664,3500,0,40000,0x07
2026-09-06T16:35:05.861-03:00,326,0,2,54,3374,3241,28660,3500,0,40000,0x07
2026-09-06T16:35:05.881-03:00,327,0,2,54,3374,3241,28660,3500,0,40000,0x07
2026-09-06T16:35:05.902-03:00,328,0,2,50,3374,3260,28578,3500,0,40000,0x07
2026-09-06T16:35:05.919-03:00,329,0,2,50,3374,3260,28578,3500,0,40000,0x07
2026-09-06T16:35:05.943-03:00,331,0,2,51,3374,3216,28767,3500,0,40000,0x07
2026-09-06T16:35:05.984-03:00,332,0,2,51,3374,3216,28767,3500,0,40000,0x07
2026-09-06T16:35:05.984-03:00,333,0,2,51,3374,3235,28684,3500,0,40000,0x07
2026-09-06T16:35:06.001-03:00,334,0,2,51,3374,3235,28684,3500,0,40000,0x07
2026-09-06T16:35:06.019-03:00,335,0,2,51,3374,3235,28684,3500,0,40000,0x07
2026-09-06T16:35:06.044-03:00,336,0,2,50,3374,3260,28578,3500,0,40000,0x07
2026-09-06T16:35:06.062-03:00,337,0,2,50,3374,3260,28578,3500,0,40000,0x07
2026-09-06T16:35:06.082-03:00,338,0,2,54,3374,3204,28818,3500,0,40000,0x07
2026-09-06T16:35:06.103-03:00,339,0,2,54,3374,3204,28818,3500,0,40000,0x07
2026-09-06T16:35:06.143-03:00,340,0,2,54,3374,3204,28818,3500,0,40000,0x07
2026-09-06T16:35:06.143-03:00,341,0,2,50,3374,3280,28494,3500,0,40000,0x07
2026-09-06T16:35:06.161-03:00,342,0,2,50,3374,3280,28494,3500,0,40000,0x07
2026-09-06T16:35:06.180-03:00,343,0,2,53,3374,3226,28721,3500,0,40000,0x07
2026-09-06T16:35:06.203-03:00,344,0,2,53,3374,3226,28721,3500,0,40000,0x07
2026-09-06T16:35:06.223-03:00,345,0,2,53,3374,3226,28721,3500,0,40000,0x07
2026-09-06T16:35:06.261-03:00,346,0,2,56,3374,3250,28621,3500,0,40000,0x07
2026-09-06T16:35:06.283-03:00,347,0,2,56,3374,3250,28621,3500,0,40000,0x07
2026-09-06T16:35:06.283-03:00,348,0,2,56,3374,3250,28621,3500,0,40000,0x07
2026-09-06T16:35:06.301-03:00,349,0,2,50,3374,3240,28664,3500,0,40000,0x07
2026-09-06T16:35:06.320-03:00,350,0,2,50,3374,3240,28664,3500,0,40000,0x07
2026-09-06T16:35:06.340-03:00,351,0,2,52,3374,3212,28784,3500,0,40000,0x07
2026-09-06T16:35:06.359-03:00,352,0,2,52,3374,3212,28784,3500,0,40000,0x07
2026-09-06T16:35:06.381-03:00,353,0,2,52,3374,3212,28784,3500,0,40000,0x07
2026-09-06T16:35:06.401-03:00,354,0,2,56,3374,3196,28849,3500,0,40000,0x07
2026-09-06T16:35:06.419-03:00,355,0,2,56,3374,3196,28849,3500,0,40000,0x07
2026-09-06T16:35:06.443-03:00,356,0,2,56,3374,3196,28849,3500,0,40000,0x07
2026-09-06T16:35:06.464-03:00,357,0,2,50,3374,3180,28918,3500,0,40000,0x07
2026-09-06T16:35:06.500-03:00,358,0,2,50,3374,3180,28918,3500,0,40000,0x07
2026-09-06T16:35:06.523-03:00,359,0,2,54,3374,3204,28818,3500,0,40000,0x07
2026-09-06T16:35:06.542-03:00,360,0,2,54,3374,3204,28818,3500,0,40000,0x07
2026-09-06T16:35:06.560-03:00,361,0,2,51,3374,3157,29017,3500,0,40000,0x07
2026-09-06T16:35:06.583-03:00,362,0,2,51,3374,3157,29017,3500,0,40000,0x07
2026-09-06T16:35:06.603-03:00,364,0,2,51,3374,3157,29017,3500,0,40000,0x07
2026-09-06T16:35:06.640-03:00,365,0,2,53,3374,3151,29042,3500,0,40000,0x07
2026-09-06T16:35:06.663-03:00,366,0,2,53,3374,3151,29042,3500,0,40000,0x07
2026-09-06T16:35:06.699-03:00,367,0,2,57,3374,3123,29162,3500,0,40000,0x07
2026-09-06T16:35:06.722-03:00,368,0,2,57,3374,3123,29162,3500,0,40000,0x07
2026-09-06T16:35:06.722-03:00,369,0,2,51,3374,3137,29100,3500,0,40000,0x07
2026-09-06T16:35:06.742-03:00,371,0,2,51,3374,3137,29100,3500,0,40000,0x07
2026-09-06T16:35:06.781-03:00,372,0,2,51,3374,3137,29100,3500,0,40000,0x07
2026-09-06T16:35:06.781-03:00,373,0,2,51,3374,3157,29017,3500,0,40000,0x07
2026-09-06T16:35:06.801-03:00,374,0,2,51,3374,3157,29017,3500,0,40000,0x07
2026-09-06T16:35:06.841-03:00,375,0,2,57,3374,3070,29385,3500,0,40000,0x07
2026-09-06T16:35:06.841-03:00,376,0,2,57,3374,3070,29385,3500,0,40000,0x07
2026-09-06T16:35:06.863-03:00,377,0,2,57,3374,3070,29385,3500,0,40000,0x07
2026-09-06T16:35:06.881-03:00,378,0,2,50,3374,3180,28918,3500,0,40000,0x07
2026-09-06T16:35:06.901-03:00,379,0,2,50,3374,3180,28918,3500,0,40000,0x07
2026-09-06T16:35:06.923-03:00,380,0,2,50,3374,3100,29258,3500,0,40000,0x07
2026-09-06T16:35:06.941-03:00,381,0,2,50,3374,3100,29258,3500,0,40000,0x07
2026-09-06T16:35:06.961-03:00,382,0,2,50,3374,3100,29258,3500,0,40000,0x07
2026-09-06T16:35:06.980-03:00,383,0,2,51,3374,3157,29017,3500,0,40000,0x07
2026-09-06T16:35:06.999-03:00,384,0,2,51,3374,3157,29017,3500,0,40000,0x07
2026-09-06T16:35:07.023-03:00,385,0,2,51,3374,3157,29017,3500,0,40000,0x07
2026-09-06T16:35:07.041-03:00,386,0,2,52,3374,3173,28948,3500,0,40000,0x07
2026-09-06T16:35:07.061-03:00,387,0,2,52,3374,3173,28948,3500,0,40000,0x07
2026-09-06T16:35:07.099-03:00,388,0,2,50,3374,3160,29004,3500,0,40000,0x07
2026-09-06T16:35:07.099-03:00,389,0,2,50,3374,3160,29004,3500,0,40000,0x07
2026-09-06T16:35:07.119-03:00,390,0,2,50,3374,3160,29004,3500,0,40000,0x07
2026-09-06T16:35:07.142-03:00,391,0,2,53,3374,3151,29042,3500,0,40000,0x07
2026-09-06T16:35:07.163-03:00,392,0,2,53,3374,3151,29042,3500,0,40000,0x07
2026-09-06T16:35:07.184-03:00,393,0,2,60,3374,3167,28975,3500,0,40000,0x07
2026-09-06T16:35:07.201-03:00,394,0,2,60,3374,3167,28975,3500,0,40000,0x07
2026-09-06T16:35:07.239-03:00,395,0,2,60,3374,3167,28975,3500,0,40000,0x07
2026-09-06T16:35:07.239-03:00,396,0,2,55,3374,3236,28679,3500,0,40000,0x07
2026-09-06T16:35:07.259-03:00,397,0,2,55,3374,3236,28679,3500,0,40000,0x07
2026-09-06T16:35:07.280-03:00,398,0,2,55,3374,3236,28679,3500,0,40000,0x07
2026-09-06T16:35:07.302-03:00,399,0,2,56,3374,3161,29000,3500,0,40000,0x07
2026-09-06T16:35:07.320-03:00,400,0,2,56,3374,3161,29000,3500,0,40000,0x07
2026-09-06T16:35:07.340-03:00,401,0,2,56,3374,3161,29000,3500,0,40000,0x07
2026-09-06T16:35:07.363-03:00,402,0,2,51,3374,3157,29017,3500,0,40000,0x07
2026-09-06T16:35:07.381-03:00,403,0,2,51,3374,3157,29017,3500,0,40000,0x07
2026-09-06T16:35:07.401-03:00,404,0,2,51,3374,3157,29017,3500,0,40000,0x07
2026-09-06T16:35:07.421-03:00,405,0,2,54,3374,3278,28503,3500,0,40000,0x07
2026-09-06T16:35:07.443-03:00,406,0,2,54,3374,3278,28503,3500,0,40000,0x07
2026-09-06T16:35:07.482-03:00,407,0,2,51,3374,3157,29017,3500,0,40000,0x07
2026-09-06T16:35:07.482-03:00,408,0,2,51,3374,3157,29017,3500,0,40000,0x07
2026-09-06T16:35:07.500-03:00,409,0,2,51,3374,3157,29017,3500,0,40000,0x07
2026-09-06T16:35:07.521-03:00,410,0,2,53,3374,3151,29042,3500,0,40000,0x07
2026-09-06T16:35:07.563-03:00,411,0,2,53,3374,3151,29042,3500,0,40000,0x07
2026-09-06T16:35:07.563-03:00,412,0,2,54,3374,3185,28896,3500,0,40000,0x07
2026-09-06T16:35:07.581-03:00,413,0,2,54,3374,3185,28896,3500,0,40000,0x07
2026-09-06T16:35:07.601-03:00,414,0,2,54,3374,3185,28896,3500,0,40000,0x07
2026-09-06T16:35:07.620-03:00,415,0,2,50,3374,3280,28494,3500,0,40000,0x07
2026-09-06T16:35:07.659-03:00,416,0,2,50,3374,3280,28494,3500,0,40000,0x07
2026-09-06T16:35:07.659-03:00,417,0,2,50,3374,3240,28664,3500,0,40000,0x07
2026-09-06T16:35:07.682-03:00,418,0,2,50,3374,3240,28664,3500,0,40000,0x07
2026-09-06T16:35:07.699-03:00,419,0,2,50,3374,3240,28664,3500,0,40000,0x07
2026-09-06T16:35:07.724-03:00,420,0,2,56,3374,3232,28697,3500,0,40000,0x07
2026-09-06T16:35:07.763-03:00,421,0,2,56,3374,3232,28697,3500,0,40000,0x07
2026-09-06T16:35:07.763-03:00,422,0,2,56,3374,3232,28697,3500,0,40000,0x07
2026-09-06T16:35:07.781-03:00,423,0,2,52,3374,3308,28376,3500,0,40000,0x07
2026-09-06T16:35:07.819-03:00,424,0,2,52,3374,3308,28376,3500,0,40000,0x07
2026-09-06T16:35:07.839-03:00,425,0,2,53,3374,3208,28801,3500,0,40000,0x07
2026-09-06T16:35:07.859-03:00,426,0,2,53,3374,3208,28801,3500,0,40000,0x07
2026-09-06T16:35:07.919-03:00,427,0,2,55,3374,3218,28756,3500,0,40000,0x07
2026-09-06T16:35:07.940-03:00,428,0,2,55,3374,3218,28756,3500,0,40000,0x07
2026-09-06T16:35:07.959-03:00,430,0,2,55,3374,3218,28756,3500,0,40000,0x07
2026-09-06T16:35:07.982-03:00,431,0,2,54,3374,3315,28346,3500,0,40000,0x07
2026-09-06T16:35:07.982-03:00,432,0,2,52,3374,3212,28784,3500,0,40000,0x07
2026-09-06T16:35:08.001-03:00,434,0,2,52,3374,3212,28784,3500,0,40000,0x07
2026-09-06T16:35:08.020-03:00,435,0,2,52,3374,3212,28784,3500,0,40000,0x07
2026-09-06T16:35:08.044-03:00,436,0,2,57,3374,3246,28640,3500,0,40000,0x07
2026-09-06T16:35:08.082-03:00,437,0,2,57,3374,3246,28640,3500,0,40000,0x07
2026-09-06T16:35:08.082-03:00,438,0,2,57,3374,3246,28640,3500,0,40000,0x07
2026-09-06T16:35:08.100-03:00,439,0,2,51,3374,3255,28600,3500,0,40000,0x07
2026-09-06T16:35:08.122-03:00,440,0,2,51,3374,3255,28600,3500,0,40000,0x07
2026-09-06T16:35:08.141-03:00,441,0,2,50,3374,3260,28578,3500,0,40000,0x07
2026-09-06T16:35:08.161-03:00,442,0,2,50,3374,3260,28578,3500,0,40000,0x07
2026-09-06T16:35:08.180-03:00,443,0,2,50,3374,3260,28578,3500,0,40000,0x07
2026-09-06T16:35:08.199-03:00,444,0,2,51,3374,3255,28600,3500,0,40000,0x07
2026-09-06T16:35:08.222-03:00,445,0,2,51,3374,3255,28600,3500,0,40000,0x07
2026-09-06T16:35:08.244-03:00,446,0,2,51,3374,3255,28600,3500,0,40000,0x07
2026-09-06T16:35:08.262-03:00,447,0,2,52,3374,3231,28703,3500,0,40000,0x07
2026-09-06T16:35:08.279-03:00,448,0,2,52,3374,3231,28703,3500,0,40000,0x07
2026-09-06T16:35:08.302-03:00,449,0,2,50,3374,3260,28578,3500,0,40000,0x07
2026-09-06T16:35:08.320-03:00,450,0,2,50,3374,3260,28578,3500,0,40000,0x07
2026-09-06T16:35:08.380-03:00,451,0,2,50,3374,3260,28578,3500,0,40000,0x07
2026-09-06T16:35:08.403-03:00,452,0,2,51,3374,3235,28684,3500,0,40000,0x07
2026-09-06T16:35:08.440-03:00,453,0,2,51,3374,3235,28684,3500,0,40000,0x07
2026-09-06T16:35:08.479-03:00,454,0,2,52,3374,3250,28621,3500,0,40000,0x07
2026-09-06T16:35:08.520-03:00,455,0,2,50,3374,3220,28748,3500,0,40000,0x07
2026-09-06T16:35:08.520-03:00,458,0,2,50,3374,3220,28748,3500,0,40000,0x07
2026-09-06T16:35:08.544-03:00,459,0,2,50,3374,3280,28494,3500,0,40000,0x07
2026-09-06T16:35:08.564-03:00,460,0,2,52,3374,3250,28621,3500,0,40000,0x07
2026-09-06T16:35:08.583-03:00,463,0,2,52,3374,3250,28621,3500,0,40000,0x07
2026-09-06T16:35:08.603-03:00,464,0,2,56,3374,3196,28849,3500,0,40000,0x07
2026-09-06T16:35:08.640-03:00,465,0,2,56,3374,3196,28849,3500,0,40000,0x07
2026-09-06T16:35:08.640-03:00,466,0,2,56,3374,3196,28849,3500,0,40000,0x07
2026-09-06T16:35:08.660-03:00,467,0,2,51,3374,3314,28350,3500,0,40000,0x07
2026-09-06T16:35:08.680-03:00,468,0,2,51,3374,3314,28350,3500,0,40000,0x07
2026-09-06T16:35:08.700-03:00,469,0,2,51,3374,3314,28350,3500,0,40000,0x07
2026-09-06T16:35:08.721-03:00,470,0,2,51,3374,3235,28684,3500,0,40000,0x07
2026-09-06T16:35:08.744-03:00,471,0,2,51,3374,3235,28684,3500,0,40000,0x07
2026-09-06T16:35:08.761-03:00,472,0,2,54,3374,3222,28739,3500,0,40000,0x07
2026-09-06T16:35:08.783-03:00,473,0,2,54,3374,3222,28739,3500,0,40000,0x07
2026-09-06T16:35:08.800-03:00,474,0,2,54,3374,3222,28739,3500,0,40000,0x07
2026-09-06T16:35:08.820-03:00,475,0,2,50,3374,3260,28578,3500,0,40000,0x07
2026-09-06T16:35:08.843-03:00,476,0,2,50,3374,3260,28578,3500,0,40000,0x07
2026-09-06T16:35:08.862-03:00,477,0,2,50,3374,3200,28834,3500,0,40000,0x07
2026-09-06T16:35:08.881-03:00,478,0,2,50,3374,3200,28834,3500,0,40000,0x07
2026-09-06T16:35:08.921-03:00,479,0,2,50,3374,3200,28834,3500,0,40000,0x07
2026-09-06T16:35:08.921-03:00,480,0,2,56,3374,3286,28469,3500,0,40000,0x07
2026-09-06T16:35:08.939-03:00,481,0,2,56,3374,3286,28469,3500,0,40000,0x07
2026-09-06T16:35:08.962-03:00,482,0,2,56,3374,3286,28469,3500,0,40000,0x07
2026-09-06T16:35:08.980-03:00,483,0,2,51,3374,3216,28767,3500,0,40000,0x07
2026-09-06T16:35:09.001-03:00,484,0,2,51,3374,3216,28767,3500,0,40000,0x07
2026-09-06T16:35:09.021-03:00,485,0,2,53,3374,3302,28400,3500,0,40000,0x07
2026-09-06T16:35:09.041-03:00,486,0,2,53,3374,3302,28400,3500,0,40000,0x07
2026-09-06T16:35:09.062-03:00,487,0,2,53,3374,3302,28400,3500,0,40000,0x07
2026-09-06T16:35:09.103-03:00,488,0,2,50,3374,3200,28834,3500,0,40000,0x07
2026-09-06T16:35:09.103-03:00,489,0,2,50,3374,3200,28834,3500,0,40000,0x07
2026-09-06T16:35:09.120-03:00,490,0,2,50,3374,3240,28664,3500,0,40000,0x07
2026-09-06T16:35:09.163-03:00,491,0,2,50,3374,3240,28664,3500,0,40000,0x07
2026-09-06T16:35:09.163-03:00,492,0,2,50,3374,3240,28664,3500,0,40000,0x07
2026-09-06T16:35:09.181-03:00,493,0,2,51,3374,3275,28517,3500,0,40000,0x07
2026-09-06T16:35:09.199-03:00,494,0,2,51,3374,3275,28517,3500,0,40000,0x07
2026-09-06T16:35:09.223-03:00,495,0,2,51,3374,3275,28517,3500,0,40000,0x07
2026-09-06T16:35:09.284-03:00,496,0,2,54,3374,3241,28660,3500,0,40000,0x07
2026-09-06T16:35:09.284-03:00,497,0,2,54,3374,3241,28660,3500,0,40000,0x07
2026-09-06T16:35:09.325-03:00,498,0,2,50,3374,3240,28664,3500,0,40000,0x07
2026-09-06T16:35:09.370-03:00,499,0,2,50,3374,3240,28664,3500,0,40000,0x07
2026-09-06T16:35:09.413-03:00,500,0,2,50,3374,3220,28748,3500,0,40000,0x07
2026-09-06T16:35:09.458-03:00,501,0,2,51,0,0,0,0,0,0,0x03
