timestamp,sequence,team,robot_id,interval_ms,left_target_eps,left_measured_eps,left_duty,right_target_eps,right_measured_eps,right_duty,flags
2026-09-06T11:17:33.629-03:00,54,0,0,50,0,0,0,0,0,0,0x03
2026-09-06T11:17:33.647-03:00,55,0,0,52,0,0,0,0,0,0,0x03
2026-09-06T11:17:33.689-03:00,55,0,0,51,0,0,0,0,0,0,0x03
2026-09-06T11:17:33.689-03:00,55,0,0,51,0,0,0,0,0,0,0x03
2026-09-06T11:17:33.745-03:00,55,0,0,51,0,0,0,0,0,0,0x03
2026-09-06T11:17:33.745-03:00,55,0,0,51,0,0,0,0,0,0,0x03
2026-09-06T11:17:33.768-03:00,55,0,0,50,0,0,0,0,0,0,0x03
2026-09-06T11:17:33.788-03:00,55,0,0,50,0,0,0,0,0,0,0x03
2026-09-06T11:17:33.806-03:00,7,0,0,50,0,0,28094,0,0,28548,0x07
2026-09-06T11:17:33.828-03:00,8,0,0,52,3374,0,40000,3500,0,40000,0x07
2026-09-06T11:17:33.846-03:00,9,0,0,52,3374,0,40000,3500,0,40000,0x07
2026-09-06T11:17:33.884-03:00,10,0,0,54,3374,0,40000,3500,0,40000,0x07
2026-09-06T11:17:33.884-03:00,11,0,0,54,3374,0,40000,3500,0,40000,0x07
2026-09-06T11:17:33.905-03:00,12,0,0,54,3374,0,40000,3500,0,40000,0x07
2026-09-06T11:17:33.926-03:00,13,0,0,50,3374,0,40000,3500,0,40000,0x07
2026-09-06T11:17:33.946-03:00,14,0,0,50,3374,0,40000,3500,0,40000,0x07
2026-09-06T11:17:33.968-03:00,15,0,0,50,3374,0,40000,3500,0,40000,0x07
2026-09-06T11:17:33.988-03:00,16,0,0,51,3374,0,40000,3500,0,40000,0x07
2026-09-06T11:17:34.005-03:00,17,0,0,51,3374,0,40000,3500,0,40000,0x07
2026-09-06T11:17:34.026-03:00,18,0,0,52,3374,0,40000,3500,0,40000,0x07
2026-09-06T11:17:34.046-03:00,19,0,0,52,3374,0,40000,3500,0,40000,0x07
2026-09-06T11:17:34.069-03:00,20,0,0,52,3374,0,40000,3500,0,40000,0x07
2026-09-06T11:17:34.087-03:00,21,0,0,51,3374,0,40000,3500,0,40000,0x07
2026-09-06T11:17:34.105-03:00,22,0,0,51,3374,0,40000,3500,0,40000,0x07
2026-09-06T11:17:34.126-03:00,23,0,0,56,3374,0,40000,3500,0,40000,0x07
2026-09-06T11:17:34.149-03:00,24,0,0,56,3374,0,40000,3500,0,40000,0x07
2026-09-06T11:17:34.167-03:00,25,0,0,56,3374,0,40000,3500,0,40000,0x07
2026-09-06T11:17:34.185-03:00,26,0,0,50,3374,0,40000,3500,0,40000,0x07
2026-09-06T11:17:34.205-03:00,27,0,0,50,3374,0,40000,3500,0,40000,0x07
2026-09-06T11:17:34.228-03:00,28,0,0,50,3374,0,40000,3500,0,40000,0x07
2026-09-06T11:17:34.248-03:00,29,0,0,54,3374,0,40000,3500,0,40000,0x07
2026-09-06T11:17:34.267-03:00,30,0,0,54,3374,0,40000,3500,0,40000,0x07
2026-09-06T11:17:34.285-03:00,31,0,0,56,3374,0,40000,3500,0,40000,0x07
2026-09-06T11:17:34.305-03:00,32,0,0,56,3374,0,40000,3500,0,40000,0x07
2026-09-06T11:17:34.329-03:00,33,0,0,56,3374,0,40000,3500,0,40000,0x07
2026-09-06T11:17:34.346-03:00,34,0,0,56,3374,0,40000,3500,0,40000,0x07
2026-09-06T11:17:34.366-03:00,35,0,0,56,3374,0,40000,3500,0,40000,0x07
2026-09-06T11:17:34.388-03:00,36,0,0,56,3374,0,40000,3500,0,40000,0x07
2026-09-06T11:17:34.406-03:00,37,0,0,50,3374,0,40000,3500,0,40000,0x07
2026-09-06T11:17:34.424-03:00,38,0,0,50,3374,0,40000,3500,0,40000,0x07
2026-09-06T11:17:34.444-03:00,39,0,0,53,3374,0,40000,3500,0,40000,0x07
2026-09-06T11:17:34.469-03:00,40,0,0,53,3374,0,40000,3500,0,40000,0x07
2026-09-06T11:17:34.488-03:00,41,0,0,53,3374,0,40000,3500,0,40000,0x07
2026-09-06T11:17:34.505-03:00,42,0,0,50,3374,0,40000,3500,0,40000,0x07
2026-09-06T11:17:34.528-03:00,43,0,0,50,3374,0,40000,3500,0,40000,0x07
2026-09-06T11:17:34.548-03:00,44,0,0,50,3374,0,40000,3500,0,40000,0x07
2026-09-06T11:17:34.564-03:00,45,0,0,52,3374,0,40000,3500,0,40000,0x07
2026-09-06T11:17:34.587-03:00,46,0,0,52,3374,0,40000,3500,0,40000,0x07
2026-09-06T11:17:34.606-03:00,47,0,0,56,3374,0,40000,3500,0,40000,0x07
2026-09-06T11:17:34.650-03:00,48,0,0,56,3374,0,40000,3500,0,40000,0x07
2026-09-06T11:17:34.690-03:00,49,0,0,56,3374,0,40000,3500,0,40000,0x07
2026-09-06T11:17:34.734-03:00,50,0,0,52,3374,0,40000,3500,0,40000,0x07
2026-09-06T11:17:34.778-03:00,51,0,0,52,0,0,0,0,0,0,0x03
2026-09-06T11:17:34.818-03:00,52,0,0,51,0,0,0,0,0,0,0x03
