timestamp,sequence,team,robot_id,interval_ms,left_target_eps,left_measured_eps,left_duty,right_target_eps,right_measured_eps,right_duty,flags
2026-09-06T18:51:11.243-03:00,65535,255,2,0,0,0,0,0,0,0,0x03
2026-09-06T18:51:11.261-03:00,65535,255,2,50,0,0,0,0,0,0,0x03
2026-09-06T18:51:11.283-03:00,65535,255,2,50,0,0,0,0,0,0,0x03
2026-09-06T18:51:11.302-03:00,1,0,2,50,0,0,28094,0,0,28548,0x07
2026-09-06T18:51:11.322-03:00,2,0,2,50,3374,220,40000,3500,220,40000,0x07
2026-09-06T18:51:11.342-03:00,3,0,2,50,3374,220,40000,3500,220,40000,0x07
2026-09-06T18:51:11.364-03:00,4,0,2,50,3374,220,40000,3500,220,40000,0x07
2026-09-06T18:51:11.381-03:00,5,0,2,55,3374,2909,30070,3500,2818,31446,0x07
2026-09-06T18:51:11.404-03:00,6,0,2,55,3374,2909,30070,3500,2818,31446,0x07
2026-09-06T18:51:11.442-03:00,7,0,2,51,3374,4196,24600,3500,4118,25923,0x07
2026-09-06T18:51:11.465-03:00,8,0,2,51,3374,4196,24600,3500,4118,25923,0x07
2026-09-06T18:51:11.503-03:00,9,0,2,51,3374,4196,24600,3500,4118,25923,0x07
2026-09-06T18:51:11.542-03:00,10,0,2,52,3374,3885,25924,3500,3827,27159,0x07
2026-09-06T18:51:11.542-03:00,11,0,2,52,3374,3885,25924,3500,3827,27159,0x07
2026-09-06T18:51:11.621-03:00,12,0,2,50,3374,3560,27304,3500,3480,28633,0x07
2026-09-06T18:51:11.621-03:00,13,0,2,50,3374,3560,27304,3500,3480,28633,0x07
2026-09-06T18:51:11.640-03:00,15,0,2,58,3374,3534,27412,3500,3466,28695,0x07
2026-09-06T18:51:11.663-03:00,16,0,2,57,3374,3667,26850,3500,3614,28063,0x07
2026-09-06T18:51:11.684-03:00,17,0,2,57,3374,3667,26850,3500,3614,28063,0x07
2026-09-06T18:51:11.702-03:00,20,0,2,57,3374,3667,26850,3500,3614,28063,0x07
2026-09-06T18:51:11.724-03:00,21,0,2,55,3374,3636,26979,3500,3527,28432,0x07
2026-09-06T18:51:11.742-03:00,22,0,2,55,3374,3636,26979,3500,3527,28432,0x07
2026-09-06T18:51:11.760-03:00,23,0,2,50,3374,3660,26878,3500,3560,28293,0x07
2026-09-06T18:51:11.782-03:00,24,0,2,50,3374,3660,26878,3500,3560,28293,0x07
2026-09-06T18:51:11.800-03:00,25,0,2,50,3374,3660,26878,3500,3560,28293,0x07
2026-09-06T18:51:11.823-03:00,26,0,2,56,3374,3661,26875,3500,3554,28320,0x07
2026-09-06T18:51:11.844-03:00,27,0,2,56,3374,3661,26875,3500,3554,28320,0x07
2026-09-06T18:51:11.861-03:00,28,0,2,56,3374,3661,26875,3500,3554,28320,0x07
2026-09-06T18:51:11.882-03:00,29,0,2,52,3374,3577,27232,3500,3500,28548,0x07
2026-09-06T18:51:11.902-03:00,30,0,2,52,3374,3577,27232,3500,3500,28548,0x07
2026-09-06T18:51:11.924-03:00,31,0,2,50,3374,3620,27048,3500,3600,28123,0x07
2026-09-06T18:51:11.942-03:00,32,0,2,50,3374,3620,27048,3500,3600,28123,0x07
2026-09-06T18:51:11.962-03:00,33,0,2,50,3374,3620,27048,3500,3600,28123,0x07
2026-09-06T18:51:11.985-03:00,34,0,2,50,3374,3620,27048,3500,3520,28463,0x07
2026-09-06T18:51:12.002-03:00,35,0,2,50,3374,3620,27048,3500,3520,28463,0x07
2026-09-06T18:51:12.020-03:00,36,0,2,50,3374,3660,26878,3500,3560,28293,0x07
2026-09-06T18:51:12.041-03:00,37,0,2,50,3374,3660,26878,3500,3560,28293,0x07
2026-09-06T18:51:12.064-03:00,38,0,2,50,3374,3660,26878,3500,3560,28293,0x07
2026-09-06T18:51:12.081-03:00,39,0,2,50,3374,3600,27134,3500,3540,28378,0x07
2026-09-06T18:51:12.101-03:00,40,0,2,50,3374,3600,27134,3500,3540,28378,0x07
2026-09-06T18:51:12.121-03:00,41,0,2,53,3374,3642,26957,3500,3547,28348,0x07
2026-09-06T18:51:12.144-03:00,42,0,2,53,3374,3642,26957,3500,3547,28348,0x07
2026-09-06T18:51:12.164-03:00,43,0,2,53,3374,3642,26957,3500,3547,28348,0x07
2026-09-06T18:51:12.181-03:00,44,0,2,56,3374,3607,27103,3500,3536,28396,0x07
2026-09-06T18:51:12.204-03:00,45,0,2,56,3374,3607,27103,3500,3536,28396,0x07
2026-09-06T18:51:12.224-03:00,46,0,2,56,3374,3607,27103,3500,3536,28396,0x07
2026-09-06T18:51:12.242-03:00,47,0,2,50,3374,3580,27218,3500,3560,28293,0x07
2026-09-06T18:51:12.260-03:00,48,0,2,50,3374,3580,27218,3500,3560,28293,0x07
2026-09-06T18:51:12.282-03:00,49,0,2,54,3374,3704,26693,3500,3556,28312,0x07
2026-09-06T18:51:12.304-03:00,50,0,2,54,3374,3704,26693,3500,3556,28312,0x07
2026-09-06T18:51:12.322-03:00,51,0,2,54,3374,3704,26693,3500,3556,28312,0x07
2026-09-06T18:51:12.342-03:00,52,0,2,57,3374,3614,27074,3500,3526,28436,0x07
2026-09-06T18:51:12.362-03:00,53,0,2,57,3374,3614,27074,3500,3526,28436,0x07
2026-09-06T18:51:12.380-03:00,54,0,2,57,3374,3614,27074,3500,3526,28436,0x07
2026-09-06T18:51:12.400-03:00,55,0,2,51,3374,3608,27100,3500,3549,28340,0x07
2026-09-06T18:51:12.420-03:00,56,0,2,51,3374,3608,27100,3500,3549,28340,0x07
2026-09-06T18:51:12.443-03:00,57,0,2,51,3374,3608,27100,3500,3549,28340,0x07
2026-09-06T18:51:12.463-03:00,58,0,2,55,3374,3655,26902,3500,3527,28432,0x07
2026-09-06T18:51:12.481-03:00,59,0,2,55,3374,3655,26902,3500,3527,28432,0x07
2026-09-06T18:51:12.501-03:00,60,0,2,56,3374,3696,26724,3500,3554,28320,0x07
2026-09-06T18:51:12.525-03:00,61,0,2,56,3374,3696,26724,3500,3554,28320,0x07
2026-09-06T18:51:12.542-03:00,62,0,2,56,3374,3696,26724,3500,3554,28320,0x07
2026-09-06T18:51:12.564-03:00,63,0,2,57,3374,3614,27074,3500,3561,28287,0x07
2026-09-06T18:51:12.582-03:00,64,0,2,57,3374,3614,27074,3500,3561,28287,0x07
2026-09-06T18:51:12.600-03:00,65,0,2,57,3374,3614,27074,3500,3561,28287,0x07
2026-09-06T18:51:12.620-03:00,66,0,2,50,3374,3660,26878,3500,3520,28463,0x07
2026-09-06T18:51:12.644-03:00,67,0,2,50,3374,3660,26878,3500,3520,28463,0x07
2026-09-06T18:51:12.664-03:00,68,0,2,50,3374,3660,26878,3500,3520,28463,0x07
2026-09-06T18:51:12.681-03:00,69,0,2,50,3374,3660,26878,3500,3520,28463,0x07
2026-09-06T18:51:12.704-03:00,70,0,2,50,3374,3660,26878,3500,3520,28463,0x07
2026-09-06T18:51:12.722-03:00,71,0,2,51,3374,3588,27184,3500,3549,28340,0x07
2026-09-06T18:51:12.742-03:00,72,0,2,51,3374,3588,27184,3500,3549,28340,0x07
2026-09-06T18:51:12.763-03:00,73,0,2,54,3374,3648,26929,3500,3481,28627,0x07
2026-09-06T18:51:12.780-03:00,74,0,2,54,3374,3648,26929,3500,3481,28627,0x07
2026-09-06T18:51:12.800-03:00,75,0,2,54,3374,3648,26929,3500,3481,28627,0x07
2026-09-06T18:51:12.823-03:00,76,0,2,58,3374,3672,26826,3500,3586,28182,0x07
2026-09-06T18:51:12.841-03:00,77,0,2,58,3374,3672,26826,3500,3586,28182,0x07
2026-09-06T18:51:12.861-03:00,78,0,2,58,3374,3672,26826,3500,3586,28182,0x07
2026-09-06T18:51:12.880-03:00,79,0,2,51,3374,3588,27184,3500,3549,28340,0x07
2026-09-06T18:51:12.904-03:00,80,0,2,51,3374,3588,27184,3500,3549,28340,0x07
2026-09-06T18:51:12.921-03:00,81,0,2,51,3374,3588,27184,3500,3549,28340,0x07
2026-09-06T18:51:12.941-03:00,82,0,2,54,3374,3648,26929,3500,3519,28469,0x07
2026-09-06T18:51:12.964-03:00,83,0,2,54,3374,3648,26929,3500,3519,28469,0x07
2026-09-06T18:51:12.981-03:00,84,0,2,52,3374,3635,26986,3500,3519,28466,0x07
2026-09-06T18:51:13.001-03:00,85,0,2,52,3374,3635,26986,3500,3519,28466,0x07
2026-09-06T18:51:13.024-03:00,86,0,2,52,3374,3635,26986,3500,3519,28466,0x07
2026-09-06T18:51:13.041-03:00,87,0,2,51,3374,3588,27184,3500,3510,28506,0x07
2026-09-06T18:51:13.061-03:00,88,0,2,51,3374,3588,27184,3500,3510,28506,0x07
2026-09-06T18:51:13.084-03:00,89,0,2,52,3374,3692,26741,3500,3558,28295,0x07
2026-09-06T18:51:13.104-03:00,90,0,2,52,3374,3692,26741,3500,3558,28295,0x07
2026-09-06T18:51:13.143-03:00,91,0,2,52,3374,3692,26741,3500,3558,28295,0x07
2026-09-06T18:51:13.143-03:00,92,0,2,50,3374,3600,27134,3500,3520,28455,0x07
2026-09-06T18:51:13.160-03:00,93,0,2,50,3374,3600,27134,3500,3520,28455,0x07
2026-09-06T18:51:13.182-03:00,94,0,2,50,3374,3600,27134,3500,3520,28455,0x07
2026-09-06T18:51:13.200-03:00,95,0,2,56,3374,3607,27103,3500,3464,28692,0x07
2026-09-06T18:51:13.220-03:00,96,0,2,56,3374,3607,27103,3500,3464,28692,0x07
2026-09-06T18:51:13.242-03:00,97,0,2,60,3374,3700,26708,3500,3550,28328,0x07
2026-09-06T18:51:13.260-03:00,98,0,2,60,3374,3700,26708,3500,3550,28328,0x07
2026-09-06T18:51:13.284-03:00,99,0,2,60,3374,3700,26708,3500,3550,28328,0x07
2026-09-06T18:51:13.302-03:00,100,0,2,54,3374,3630,27008,3500,3537,28383,0x07
2026-09-06T18:51:13.320-03:00,101,0,2,54,3374,3630,27008,3500,3537,28383,0x07
2026-09-06T18:51:13.363-03:00,102,0,2,54,3374,3630,27008,3500,3537,28383,0x07
2026-09-06T18:51:13.363-03:00,103,0,2,58,3374,3621,27046,3500,3517,28467,0x07
2026-09-06T18:51:13.383-03:00,104,0,2,58,3374,3621,27046,3500,3517,28467,0x07
2026-09-06T18:51:13.402-03:00,105,0,2,58,3374,3621,27046,3500,3517,28467,0x07
2026-09-06T18:51:13.424-03:00,106,0,2,51,3374,3647,26934,3500,3471,28665,0x07
2026-09-06T18:51:13.442-03:00,107,0,2,51,3374,3647,26934,3500,3471,28665,0x07
2026-09-06T18:51:13.461-03:00,108,0,2,50,3374,3600,27134,3500,3500,28540,0x07
2026-09-06T18:51:13.481-03:00,109,0,2,50,3374,3600,27134,3500,3500,28540,0x07
2026-09-06T18:51:13.505-03:00,110,0,2,50,3374,3600,27134,3500,3500,28540,0x07
2026-09-06T18:51:13.540-03:00,111,0,2,50,3374,3700,26708,3500,3580,28200,0x07
2026-09-06T18:51:13.540-03:00,112,0,2,50,3374,3700,26708,3500,3580,28200,0x07
2026-09-06T18:51:13.582-03:00,113,0,2,53,3374,3660,26877,3500,3509,28500,0x07
2026-09-06T18:51:13.602-03:00,114,0,2,53,3374,3660,26877,3500,3509,28500,0x07
2026-09-06T18:51:13.602-03:00,115,0,2,53,3374,3660,26877,3500,3509,28500,0x07
2026-09-06T18:51:13.621-03:00,116,0,2,57,3374,3614,27074,3500,3526,28428,0x07
2026-09-06T18:51:13.641-03:00,117,0,2,57,3374,3614,27074,3500,3526,28428,0x07
2026-09-06T18:51:13.661-03:00,118,0,2,57,3374,3614,27074,3500,3526,28428,0x07
2026-09-06T18:51:13.684-03:00,119,0,2,50,3374,3580,27218,3500,3500,28540,0x07
2026-09-06T18:51:13.702-03:00,120,0,2,50,3374,3580,27218,3500,3500,28540,0x07
2026-09-06T18:51:13.724-03:00,121,0,2,50,3374,3580,27218,3500,3500,28540,0x07
2026-09-06T18:51:13.742-03:00,122,0,2,56,3374,3625,27027,3500,3482,28616,0x07
2026-09-06T18:51:13.760-03:00,123,0,2,56,3374,3625,27027,3500,3482,28616,0x07
2026-09-06T18:51:13.782-03:00,124,0,2,56,3374,3679,26800,3500,3554,28312,0x07
2026-09-06T18:51:13.800-03:00,125,0,2,56,3374,3679,26800,3500,3554,28312,0x07
2026-09-06T18:51:13.823-03:00,126,0,2,56,3374,3679,26800,3500,3554,28312,0x07
2026-09-06T18:51:13.841-03:00,127,0,2,58,3374,3621,27046,3500,3534,28393,0x07
2026-09-06T18:51:13.863-03:00,128,0,2,58,3374,3621,27046,3500,3534,28393,0x07
2026-09-06T18:51:13.881-03:00,129,0,2,58,3374,3621,27046,3500,3534,28393,0x07
2026-09-06T18:51:13.901-03:00,130,0,2,59,3374,3576,27234,3500,3492,28576,0x07
2026-09-06T18:51:13.922-03:00,131,0,2,59,3374,3576,27234,3500,3492,28576,0x07
2026-09-06T18:51:13.940-03:00,132,0,2,59,3374,3576,27234,3500,3492,28576,0x07
2026-09-06T18:51:13.964-03:00,133,0,2,50,3374,3640,26964,3500,3560,28285,0x07
2026-09-06T18:51:13.981-03:00,134,0,2,50,3374,3640,26964,3500,3560,28285,0x07
2026-09-06T18:51:14.004-03:00,135,0,2,50,3374,3640,26964,3500,3560,28285,0x07
2026-09-06T18:51:14.022-03:00,136,0,2,56,3374,3661,26875,3500,3536,28388,0x07
2026-09-06T18:51:14.040-03:00,137,0,2,56,3374,3661,26875,3500,3536,28388,0x07
2026-09-06T18:51:14.060-03:00,138,0,2,56,3374,3643,26951,3500,3518,28464,0x07
2026-09-06T18:51:14.080-03:00,139,0,2,56,3374,3643,26951,3500,3518,28464,0x07
2026-09-06T18:51:14.103-03:00,140,0,2,56,3374,3643,26951,3500,3518,28464,0x07
2026-09-06T18:51:14.121-03:00,141,0,2,56,3374,3625,27027,3500,3536,28388,0x07
2026-09-06T18:51:14.145-03:00,142,0,2,56,3374,3625,27027,3500,3536,28388,0x07
2026-09-06T18:51:14.164-03:00,143,0,2,56,3374,3625,27027,3500,3536,28388,0x07
2026-09-06T18:51:14.182-03:00,144,0,2,52,3374,3654,26905,3500,3558,28295,0x07
2026-09-06T18:51:14.202-03:00,145,0,2,52,3374,3654,26905,3500,3558,28295,0x07
2026-09-06T18:51:14.220-03:00,146,0,2,54,3374,3648,26929,3500,3556,28304,0x07
2026-09-06T18:51:14.243-03:00,147,0,2,54,3374,3648,26929,3500,3556,28304,0x07
2026-09-06T18:51:14.261-03:00,148,0,2,54,3374,3648,26929,3500,3556,28304,0x07
2026-09-06T18:51:14.285-03:00,149,0,2,56,3374,3589,27179,3500,3518,28464,0x07
2026-09-06T18:51:14.305-03:00,150,0,2,56,3374,3589,27179,3500,3518,28464,0x07
2026-09-06T18:51:14.322-03:00,151,0,2,56,3374,3589,27179,3500,3518,28464,0x07
2026-09-06T18:51:14.345-03:00,152,0,2,51,3374,3608,27100,3500,3529,28415,0x07
2026-09-06T18:51:14.363-03:00,153,0,2,51,3374,3608,27100,3500,3529,28415,0x07
2026-09-06T18:51:14.381-03:00,154,0,2,51,3374,3608,27100,3500,3529,28415,0x07
2026-09-06T18:51:14.401-03:00,155,0,2,56,3374,3607,27103,3500,3518,28464,0x07
2026-09-06T18:51:14.421-03:00,156,0,2,56,3374,3607,27103,3500,3518,28464,0x07
2026-09-06T18:51:14.443-03:00,157,0,2,54,3374,3648,26929,3500,3593,28146,0x07
2026-09-06T18:51:14.464-03:00,158,0,2,54,3374,3648,26929,3500,3593,28146,0x07
2026-09-06T18:51:14.484-03:00,159,0,2,54,3374,3648,26929,3500,3593,28146,0x07
2026-09-06T18:51:14.501-03:00,160,0,2,51,3374,3647,26934,3500,3569,28248,0x07
2026-09-06T18:51:14.521-03:00,161,0,2,51,3374,3647,26934,3500,3569,28248,0x07
2026-09-06T18:51:14.544-03:00,162,0,2,51,3374,3608,27100,3500,3529,28415,0x07
2026-09-06T18:51:14.562-03:00,163,0,2,51,3374,3608,27100,3500,3529,28415,0x07
2026-09-06T18:51:14.583-03:00,164,0,2,51,3374,3608,27100,3500,3529,28415,0x07
2026-09-06T18:51:14.601-03:00,165,0,2,51,3374,3549,27350,3500,3529,28415,0x07
2026-09-06T18:51:14.622-03:00,166,0,2,51,3374,3549,27350,3500,3529,28415,0x07
2026-09-06T18:51:14.641-03:00,167,0,2,50,3374,3640,26964,3500,3540,28370,0x07
2026-09-06T18:51:14.660-03:00,168,0,2,50,3374,3640,26964,3500,3540,28370,0x07
2026-09-06T18:51:14.683-03:00,169,0,2,50,3374,3640,26964,3500,3540,28370,0x07
2026-09-06T18:51:14.702-03:00,170,0,2,56,3374,3661,26875,3500,3571,28236,0x07
2026-09-06T18:51:14.720-03:00,171,0,2,56,3374,3661,26875,3500,3571,28236,0x07
2026-09-06T18:51:14.741-03:00,172,0,2,56,3374,3661,26875,3500,3571,28236,0x07
2026-09-06T18:51:14.763-03:00,173,0,2,51,3374,3608,27100,3500,3569,28248,0x07
2026-09-06T18:51:14.783-03:00,174,0,2,51,3374,3608,27100,3500,3569,28248,0x07
2026-09-06T18:51:14.800-03:00,175,0,2,61,3374,3590,27175,3500,3492,28575,0x07
2026-09-06T18:51:14.822-03:00,176,0,2,61,3374,3590,27175,3500,3492,28575,0x07
2026-09-06T18:51:14.842-03:00,177,0,2,61,3374,3590,27175,3500,3492,28575,0x07
2026-09-06T18:51:14.884-03:00,178,0,2,52,3374,3654,26905,3500,3269,29521,0x07
2026-09-06T18:51:14.884-03:00,179,0,2,52,3374,3654,26905,3500,3269,29521,0x07
2026-09-06T18:51:14.902-03:00,180,0,2,52,3374,3654,26905,3500,3269,29521,0x07
2026-09-06T18:51:14.923-03:00,181,0,2,59,3374,3627,27018,3500,3085,30305,0x07
2026-09-06T18:51:14.940-03:00,182,0,2,59,3374,3627,27018,3500,3085,30305,0x07
2026-09-06T18:51:14.964-03:00,183,0,2,59,3374,3627,27018,3500,3085,30305,0x07
2026-09-06T18:51:14.982-03:00,184,0,2,59,3374,3627,27018,3500,3475,28648,0x07
2026-09-06T18:51:15.005-03:00,185,0,2,59,3374,3627,27018,3500,3475,28648,0x07
2026-09-06T18:51:15.025-03:00,186,0,2,59,3374,3627,27018,3500,3475,28648,0x07
2026-09-06T18:51:15.042-03:00,187,0,2,50,3374,3680,26794,3500,3580,28200,0x07
2026-09-06T18:51:15.060-03:00,188,0,2,50,3374,3680,26794,3500,3580,28200,0x07
2026-09-06T18:51:15.083-03:00,189,0,2,51,3374,3627,27017,3500,3294,29415,0x07
2026-09-06T18:51:15.101-03:00,190,0,2,51,3374,3627,27017,3500,3294,29415,0x07
2026-09-06T18:51:15.142-03:00,191,0,2,51,3374,3627,27017,3500,3294,29415,0x07
2026-09-06T18:51:15.142-03:00,192,0,2,50,3374,3660,26878,3500,3340,29220,0x07
2026-09-06T18:51:15.162-03:00,193,0,2,50,3374,3660,26878,3500,3340,29220,0x07
2026-09-06T18:51:15.180-03:00,194,0,2,51,3374,3608,27100,3500,3529,28415,0x07
2026-09-06T18:51:15.203-03:00,195,0,2,51,3374,3608,27100,3500,3529,28415,0x07
2026-09-06T18:51:15.221-03:00,196,0,2,51,3374,3608,27100,3500,3529,28415,0x07
2026-09-06T18:51:15.241-03:00,197,0,2,54,3374,3537,27401,3500,3463,28697,0x07
2026-09-06T18:51:15.264-03:00,198,0,2,54,3374,3537,27401,3500,3463,28697,0x07
2026-09-06T18:51:15.282-03:00,199,0,2,54,3374,3537,27401,3500,3463,28697,0x07
2026-09-06T18:51:15.302-03:00,200,0,2,50,3374,3700,26708,3500,3520,28455,0x07
2026-09-06T18:51:15.322-03:00,201,0,2,50,3374,3700,26708,3500,3520,28455,0x07
2026-09-06T18:51:15.344-03:00,202,0,2,53,3374,3547,27358,3500,3566,28259,0x07
2026-09-06T18:51:15.362-03:00,203,0,2,53,3374,3547,27358,3500,3566,28259,0x07
2026-09-06T18:51:15.382-03:00,204,0,2,53,3374,3547,27358,3500,3566,28259,0x07
2026-09-06T18:51:15.400-03:00,205,0,2,50,3374,3380,28068,3500,3520,28455,0x07
2026-09-06T18:51:15.422-03:00,206,0,2,50,3374,3380,28068,3500,3520,28455,0x07
2026-09-06T18:51:15.441-03:00,207,0,2,51,3374,3490,27600,3500,3529,28415,0x07
2026-09-06T18:51:15.464-03:00,208,0,2,51,3374,3490,27600,3500,3529,28415,0x07
2026-09-06T18:51:15.484-03:00,209,0,2,51,3374,3490,27600,3500,3529,28415,0x07
2026-09-06T18:51:15.542-03:00,210,0,2,57,3374,3421,27894,3500,3561,28279,0x07
2026-09-06T18:51:15.543-03:00,211,0,2,57,3374,3421,27894,3500,3561,28279,0x07
2026-09-06T18:51:15.583-03:00,212,0,2,57,3374,3421,27894,3500,3561,28279,0x07
2026-09-06T18:51:15.583-03:00,213,0,2,51,3374,2980,29767,3500,3412,28915,0x07
2026-09-06T18:51:15.601-03:00,214,0,2,51,3374,2706,30934,3500,2882,31165,0x07
2026-09-06T18:51:15.620-03:00,216,0,2,51,3374,2706,30934,3500,2882,31165,0x07
2026-09-06T18:51:15.643-03:00,217,0,2,51,3374,2706,30934,3500,2882,31165,0x07
2026-09-06T18:51:15.683-03:00,218,0,2,50,3374,3380,28046,3500,3280,29475,0x07
2026-09-06T18:51:15.683-03:00,219,0,2,50,3374,3380,28046,3500,3280,29475,0x07
2026-09-06T18:51:15.700-03:00,220,0,2,51,3374,3627,26970,3500,3569,28248,0x07
2026-09-06T18:51:15.722-03:00,221,0,2,51,3374,3627,26970,3500,3569,28248,0x07
2026-09-06T18:51:15.744-03:00,222,0,2,51,3374,3627,26970,3500,3569,28248,0x07
2026-09-06T18:51:15.761-03:00,223,0,2,58,3374,3466,27636,3500,3517,28467,0x07
2026-09-06T18:51:15.784-03:00,224,0,2,58,3374,3466,27636,3500,3517,28467,0x07
2026-09-06T18:51:15.802-03:00,225,0,2,58,3374,3466,27636,3500,3517,28467,0x07
2026-09-06T18:51:15.820-03:00,226,0,2,51,3374,3431,27758,3500,3451,28748,0x07
2026-09-06T18:51:15.840-03:00,227,0,2,51,3374,3431,27758,3500,3451,28748,0x07
2026-09-06T18:51:15.863-03:00,228,0,2,51,3374,3333,28154,3500,3490,28582,0x07
2026-09-06T18:51:15.880-03:00,229,0,2,51,3374,3333,28154,3500,3490,28582,0x07
2026-09-06T18:51:15.900-03:00,230,0,2,51,3374,3333,28154,3500,3490,28582,0x07
2026-09-06T18:51:15.923-03:00,231,0,2,51,3374,3216,28634,3500,3451,28748,0x07
2026-09-06T18:51:15.943-03:00,232,0,2,51,3374,3216,28634,3500,3451,28748,0x07
2026-09-06T18:51:15.960-03:00,233,0,2,51,3374,3216,28634,3500,3451,28748,0x07
2026-09-06T18:51:15.982-03:00,234,0,2,55,3374,3200,28682,3500,3345,29197,0x07
2026-09-06T18:51:16.000-03:00,235,0,2,55,3374,3200,28682,3500,3345,29197,0x07
2026-09-06T18:51:16.023-03:00,236,0,2,51,3374,3157,28847,3500,3569,28248,0x07
2026-09-06T18:51:16.040-03:00,237,0,2,51,3374,3157,28847,3500,3569,28248,0x07
2026-09-06T18:51:16.064-03:00,238,0,2,51,3374,3157,28847,3500,3569,28248,0x07
2026-09-06T18:51:16.082-03:00,239,0,2,50,3374,3280,28306,3500,3540,28370,0x07
2026-09-06T18:51:16.104-03:00,240,0,2,50,3374,3280,28306,3500,3540,28370,0x07
2026-09-06T18:51:16.122-03:00,241,0,2,53,3374,3396,27795,3500,3472,28660,0x07
2026-09-06T18:51:16.140-03:00,242,0,2,53,3374,3396,27795,3500,3472,28660,0x07
2026-09-06T18:51:16.162-03:00,243,0,2,53,3374,3396,27795,3500,3472,28660,0x07
2026-09-06T18:51:16.182-03:00,244,0,2,58,3374,3431,27630,3500,3534,28393,0x07
2026-09-06T18:51:16.200-03:00,245,0,2,58,3374,3431,27630,3500,3534,28393,0x07
2026-09-06T18:51:16.221-03:00,246,0,2,58,3374,3431,27630,3500,3534,28393,0x07
2026-09-06T18:51:16.244-03:00,247,0,2,50,3374,3400,27744,3500,3340,29220,0x07
2026-09-06T18:51:16.262-03:00,248,0,2,50,3374,3400,27744,3500,3340,29220,0x07
2026-09-06T18:51:16.284-03:00,249,0,2,50,3374,3340,27984,3500,3120,30155,0x07
2026-09-06T18:51:16.323-03:00,250,0,2,50,3374,3340,27984,3500,3120,30155,0x07
2026-09-06T18:51:16.323-03:00,251,0,2,50,3374,3500,27286,3500,3380,29050,0x07
2026-09-06T18:51:16.342-03:00,252,0,2,50,3374,3500,27286,3500,3380,29050,0x07
2026-09-06T18:51:16.362-03:00,253,0,2,50,3374,3500,27286,3500,3380,29050,0x07
2026-09-06T18:51:16.380-03:00,254,0,2,53,3374,3453,27471,3500,3358,29141,0x07
2026-09-06T18:51:16.401-03:00,255,0,2,53,3374,3453,27471,3500,3358,29141,0x07
2026-09-06T18:51:16.424-03:00,256,0,2,53,3374,3453,27471,3500,3358,29141,0x07
2026-09-06T18:51:16.462-03:00,257,0,2,55,3374,3491,27293,3500,3273,29506,0x07
2026-09-06T18:51:16.462-03:00,258,0,2,55,3374,3491,27293,3500,3273,29506,0x07
2026-09-06T18:51:16.481-03:00,259,0,2,55,3374,3491,27293,3500,3273,29506,0x07
2026-09-06T18:51:16.501-03:00,260,0,2,51,3374,3549,27030,3500,3412,28915,0x07
2026-09-06T18:51:16.524-03:00,261,0,2,51,3374,3549,27030,3500,3412,28915,0x07
2026-09-06T18:51:16.541-03:00,262,0,2,51,3374,3353,27848,3500,3490,28582,0x07
2026-09-06T18:51:16.563-03:00,263,0,2,51,3374,3353,27848,3500,3490,28582,0x07
2026-09-06T18:51:16.580-03:00,264,0,2,51,3374,3353,27848,3500,3490,28582,0x07
2026-09-06T18:51:16.600-03:00,265,0,2,59,3374,3237,28326,3500,3119,30161,0x07
2026-09-06T18:51:16.622-03:00,266,0,2,59,3374,3237,28326,3500,3119,30161,0x07
2026-09-06T18:51:16.642-03:00,267,0,2,59,3374,3237,28326,3500,3119,30161,0x07
2026-09-06T18:51:16.660-03:00,268,0,2,50,3374,3440,27450,3500,3280,29475,0x07
2026-09-06T18:51:16.683-03:00,269,0,2,50,3374,3440,27450,3500,3280,29475,0x07
2026-09-06T18:51:16.703-03:00,270,0,2,53,3374,3283,28104,3500,3509,28500,0x07
2026-09-06T18:51:16.723-03:00,271,0,2,53,3374,3283,28104,3500,3509,28500,0x07
2026-09-06T18:51:16.741-03:00,272,0,2,53,3374,3283,28104,3500,3509,28500,0x07
2026-09-06T18:51:16.764-03:00,273,0,2,50,3374,3260,28188,3500,3400,28965,0x07
2026-09-06T18:51:16.784-03:00,274,0,2,50,3374,3260,28188,3500,3400,28965,0x07
2026-09-06T18:51:16.804-03:00,275,0,2,50,3374,3260,28188,3500,3400,28965,0x07
2026-09-06T18:51:16.823-03:00,276,0,2,55,3374,3327,27890,3500,3218,29738,0x07
2026-09-06T18:51:16.840-03:00,277,0,2,55,3374,3327,27890,3500,3218,29738,0x07
2026-09-06T18:51:16.863-03:00,278,0,2,55,3374,3345,27799,3500,3545,28347,0x07
2026-09-06T18:51:16.880-03:00,279,0,2,55,3374,3345,27799,3500,3545,28347,0x07
2026-09-06T18:51:16.902-03:00,280,0,2,55,3374,3345,27799,3500,3545,28347,0x07
2026-09-06T18:51:16.921-03:00,281,0,2,51,3374,3255,28172,3500,3373,29082,0x07
2026-09-06T18:51:16.962-03:00,282,0,2,51,3374,3255,28172,3500,3373,29082,0x07
2026-09-06T18:51:16.984-03:00,283,0,2,51,3374,3255,28172,3500,3373,29082,0x07
2026-09-06T18:51:17.002-03:00,284,0,2,54,3374,3241,28221,3500,3222,29721,0x07
2026-09-06T18:51:17.020-03:00,285,0,2,54,3374,3407,27513,3500,3444,28776,0x07
2026-09-06T18:51:17.043-03:00,286,0,2,54,3374,3407,27513,3500,3444,28776,0x07
2026-09-06T18:51:17.060-03:00,288,0,2,54,3374,3407,27513,3500,3444,28776,0x07
2026-09-06T18:51:17.083-03:00,289,0,2,58,3374,3345,27779,3500,3345,29199,0x07
2026-09-06T18:51:17.103-03:00,290,0,2,58,3374,3345,27779,3500,3345,29199,0x07
2026-09-06T18:51:17.120-03:00,291,0,2,58,3374,3345,27779,3500,3345,29199,0x07
2026-09-06T18:51:17.140-03:00,292,0,2,51,3374,3275,28078,3500,3176,29915,0x07
2026-09-06T18:51:17.160-03:00,293,0,2,51,3374,3275,28078,3500,3176,29915,0x07
2026-09-06T18:51:17.183-03:00,294,0,2,51,3374,3275,28078,3500,3176,29915,0x07
2026-09-06T18:51:17.201-03:00,295,0,2,55,3374,3491,27158,3500,3455,28733,0x07
2026-09-06T18:51:17.224-03:00,296,0,2,55,3374,3491,27158,3500,3455,28733,0x07
2026-09-06T18:51:17.242-03:00,297,0,2,56,3374,3375,27651,3500,3482,28616,0x07
2026-09-06T18:51:17.263-03:00,298,0,2,56,3374,3375,27651,3500,3482,28616,0x07
2026-09-06T18:51:17.283-03:00,299,0,2,56,3374,3375,27651,3500,3482,28616,0x07
2026-09-06T18:51:17.301-03:00,300,0,2,51,3374,3235,28244,3500,3176,29915,0x07
2026-09-06T18:51:17.321-03:00,301,0,2,51,3374,3235,28244,3500,3176,29915,0x07
2026-09-06T18:51:17.344-03:00,302,0,2,51,3374,3235,28244,3500,3176,29915,0x07
2026-09-06T18:51:17.362-03:00,303,0,2,56,3374,3446,27347,3500,3393,28995,0x07
2026-09-06T18:51:17.380-03:00,304,0,2,56,3374,3446,27347,3500,3393,28995,0x07
2026-09-06T18:51:17.404-03:00,305,0,2,54,3374,3389,27592,3500,3574,28225,0x07
2026-09-06T18:51:17.421-03:00,306,0,2,54,3374,3389,27592,3500,3574,28225,0x07
2026-09-06T18:51:17.444-03:00,307,0,2,54,3374,3389,27592,3500,3574,28225,0x07
2026-09-06T18:51:17.462-03:00,308,0,2,51,3374,3333,27828,3500,3275,29498,0x07
2026-09-06T18:51:17.480-03:00,309,0,2,51,3374,3333,27828,3500,3275,29498,0x07
2026-09-06T18:51:17.524-03:00,310,0,2,50,3374,3460,27290,3500,3380,29050,0x07
2026-09-06T18:51:17.542-03:00,311,0,2,50,3374,3460,27290,3500,3380,29050,0x07
2026-09-06T18:51:17.564-03:00,312,0,2,50,3374,3460,27290,3500,3380,29050,0x07
2026-09-06T18:51:17.581-03:00,313,0,2,50,3374,3340,27800,3500,3540,28370,0x07
2026-09-06T18:51:17.604-03:00,314,0,2,50,3374,3340,27800,3500,3540,28370,0x07
2026-09-06T18:51:17.640-03:00,316,0,2,54,3374,3296,27985,3500,3296,29406,0x07
2026-09-06T18:51:17.640-03:00,317,0,2,54,3374,3296,27985,3500,3296,29406,0x07
2026-09-06T18:51:17.664-03:00,318,0,2,55,3374,3364,27699,3500,3309,29351,0x07
2026-09-06T18:51:17.681-03:00,319,0,2,55,3374,3364,27699,3500,3309,29351,0x07
2026-09-06T18:51:17.703-03:00,320,0,2,55,3374,3364,27699,3500,3309,29351,0x07
2026-09-06T18:51:17.725-03:00,321,0,2,50,3374,3400,27544,3500,3560,28285,0x07
2026-09-06T18:51:17.760-03:00,322,0,2,50,3374,3400,27544,3500,3560,28285,0x07
2026-09-06T18:51:17.760-03:00,323,0,2,50,3374,3320,27884,3500,3360,29135,0x07
2026-09-06T18:51:17.783-03:00,324,0,2,50,3374,3320,27884,3500,3360,29135,0x07
2026-09-06T18:51:17.803-03:00,325,0,2,51,3374,3176,28494,3500,3176,29915,0x07
2026-09-06T18:51:17.821-03:00,326,0,2,51,3374,3176,28494,3500,3176,29915,0x07
2026-09-06T18:51:17.844-03:00,327,0,2,51,3374,3176,28494,3500,3176,29915,0x07
2026-09-06T18:51:17.862-03:00,328,0,2,53,3374,3434,27400,3500,3491,28580,0x07
2026-09-06T18:51:17.881-03:00,329,0,2,53,3374,3434,27400,3500,3491,28580,0x07
2026-09-06T18:51:17.901-03:00,330,0,2,53,3374,3434,27400,3500,3491,28580,0x07
2026-09-06T18:51:17.924-03:00,331,0,2,54,3374,3352,27749,3500,3463,28697,0x07
2026-09-06T18:51:17.944-03:00,332,0,2,54,3374,3352,27749,3500,3463,28697,0x07
2026-09-06T18:51:17.964-03:00,333,0,2,54,3374,3352,27749,3500,3463,28697,0x07
2026-09-06T18:51:18.003-03:00,334,0,2,51,3374,3235,28244,3500,3196,29832,0x07
2026-09-06T18:51:18.003-03:00,335,0,2,51,3374,3235,28244,3500,3196,29832,0x07
2026-09-06T18:51:18.021-03:00,336,0,2,51,3374,3412,27494,3500,3431,28832,0x07
2026-09-06T18:51:18.044-03:00,337,0,2,51,3374,3412,27494,3500,3431,28832,0x07
2026-09-06T18:51:18.064-03:00,338,0,2,51,3374,3412,27494,3500,3431,28832,0x07
2026-09-06T18:51:18.082-03:00,339,0,2,57,3374,3316,27902,3500,3491,28577,0x07
2026-09-06T18:51:18.100-03:00,340,0,2,57,3374,3316,27902,3500,3491,28577,0x07
2026-09-06T18:51:18.124-03:00,341,0,2,57,3374,3316,27902,3500,3491,28577,0x07
2026-09-06T18:51:18.142-03:00,342,0,2,52,3374,3385,27610,3500,3308,29357,0x07
2026-09-06T18:51:18.183-03:00,343,0,2,52,3374,3385,27610,3500,3308,29357,0x07
2026-09-06T18:51:18.183-03:00,344,0,2,51,3374,3431,27411,3500,3373,29082,0x07
2026-09-06T18:51:18.203-03:00,345,0,2,51,3374,3431,27411,3500,3373,29082,0x07
2026-09-06T18:51:18.223-03:00,346,0,2,51,3374,3431,27411,3500,3373,29082,0x07
2026-09-06T18:51:18.241-03:00,347,0,2,50,3374,3380,27630,3500,3540,28370,0x07
2026-09-06T18:51:18.265-03:00,348,0,2,50,3374,3380,27630,3500,3540,28370,0x07
2026-09-06T18:51:18.283-03:00,349,0,2,51,3374,3451,27328,3500,3431,28832,0x07
2026-09-06T18:51:18.301-03:00,350,0,2,51,3374,3451,27328,3500,3431,28832,0x07
2026-09-06T18:51:18.321-03:00,351,0,2,51,3374,3451,27328,3500,3431,28832,0x07
2026-09-06T18:51:18.345-03:00,352,0,2,50,3374,3300,27970,3500,3360,29135,0x07
2026-09-06T18:51:18.363-03:00,353,0,2,50,3374,3300,27970,3500,3360,29135,0x07
2026-09-06T18:51:18.381-03:00,354,0,2,50,3374,3300,27970,3500,3360,29135,0x07
2026-09-06T18:51:18.404-03:00,355,0,2,56,3374,3482,27195,3500,3554,28312,0x07
2026-09-06T18:51:18.421-03:00,356,0,2,56,3374,3482,27195,3500,3554,28312,0x07
2026-09-06T18:51:18.444-03:00,357,0,2,51,3374,3510,27078,3500,3510,28498,0x07
2026-09-06T18:51:18.463-03:00,358,0,2,51,3374,3510,27078,3500,3510,28498,0x07
2026-09-06T18:51:18.480-03:00,359,0,2,51,3374,3510,27078,3500,3510,28498,0x07
2026-09-06T18:51:18.503-03:00,360,0,2,50,3374,3400,27544,3500,3380,29050,0x07
2026-09-06T18:51:18.522-03:00,361,0,2,50,3374,3400,27544,3500,3380,29050,0x07
2026-09-06T18:51:18.542-03:00,362,0,2,50,3374,3400,27544,3500,3380,29050,0x07
2026-09-06T18:51:18.560-03:00,363,0,2,56,3374,3536,26968,3500,3554,28312,0x07
2026-09-06T18:51:18.580-03:00,364,0,2,56,3374,3536,26968,3500,3554,28312,0x07
2026-09-06T18:51:18.603-03:00,365,0,2,55,3374,3473,27235,3500,3455,28733,0x07
2026-09-06T18:51:18.621-03:00,366,0,2,55,3374,3473,27235,3500,3455,28733,0x07
2026-09-06T18:51:18.641-03:00,367,0,2,55,3374,3473,27235,3500,3455,28733,0x07
2026-09-06T18:51:18.664-03:00,368,0,2,51,3374,3353,27744,3500,3294,29415,0x07
2026-09-06T18:51:18.682-03:00,369,0,2,51,3374,3353,27744,3500,3294,29415,0x07
2026-09-06T18:51:18.702-03:00,370,0,2,50,3374,3480,27204,3500,3520,28455,0x07
2026-09-06T18:51:18.720-03:00,371,0,2,50,3374,3480,27204,3500,3520,28455,0x07
2026-09-06T18:51:18.743-03:00,372,0,2,50,3374,3480,27204,3500,3520,28455,0x07
2026-09-06T18:51:18.761-03:00,373,0,2,58,3374,3500,27120,3500,3448,28760,0x07
2026-09-06T18:51:18.784-03:00,374,0,2,58,3374,3500,27120,3500,3448,28760,0x07
2026-09-06T18:51:18.802-03:00,375,0,2,58,3374,3500,27120,3500,3448,28760,0x07
2026-09-06T18:51:18.820-03:00,376,0,2,50,3374,3380,27630,3500,3200,29815,0x07
2026-09-06T18:51:18.842-03:00,377,0,2,50,3374,3380,27630,3500,3200,29815,0x07
2026-09-06T18:51:18.862-03:00,378,0,2,51,3374,3529,26994,3500,3471,28665,0x07
2026-09-06T18:51:18.880-03:00,379,0,2,51,3374,3529,26994,3500,3471,28665,0x07
2026-09-06T18:51:18.903-03:00,380,0,2,51,3374,3529,26994,3500,3471,28665,0x07
2026-09-06T18:51:18.923-03:00,381,0,2,50,3374,3440,27374,3500,3540,28370,0x07
2026-09-06T18:51:18.943-03:00,382,0,2,50,3374,3440,27374,3500,3540,28370,0x07
2026-09-06T18:51:18.962-03:00,383,0,2,51,3374,3471,27244,3500,3353,29165,0x07
2026-09-06T18:51:18.984-03:00,384,0,2,51,3374,3471,27244,3500,3353,29165,0x07
2026-09-06T18:51:19.004-03:00,385,0,2,51,3374,3471,27244,3500,3353,29165,0x07
2026-09-06T18:51:19.024-03:00,386,0,2,50,3374,3480,27204,3500,3420,28880,0x07
2026-09-06T18:51:19.041-03:00,387,0,2,50,3374,3480,27204,3500,3420,28880,0x07
2026-09-06T18:51:19.064-03:00,388,0,2,52,3374,3577,26793,3500,3596,28131,0x07
2026-09-06T18:51:19.082-03:00,389,0,2,52,3374,3577,26793,3500,3596,28131,0x07
2026-09-06T18:51:19.102-03:00,390,0,2,52,3374,3577,26793,3500,3596,28131,0x07
2026-09-06T18:51:19.120-03:00,391,0,2,50,3374,3480,27204,3500,3400,28965,0x07
2026-09-06T18:51:19.142-03:00,392,0,2,50,3374,3480,27204,3500,3400,28965,0x07
2026-09-06T18:51:19.160-03:00,393,0,2,50,3374,3480,27204,3500,3400,28965,0x07
2026-09-06T18:51:19.183-03:00,394,0,2,54,3374,3352,27749,3500,3370,29091,0x07
2026-09-06T18:51:19.203-03:00,395,0,2,54,3374,3352,27749,3500,3370,29091,0x07
2026-09-06T18:51:19.221-03:00,396,0,2,50,3374,3480,27204,3500,3640,27945,0x07
2026-09-06T18:51:19.243-03:00,397,0,2,50,3374,3480,27204,3500,3640,27945,0x07
2026-09-06T18:51:19.263-03:00,398,0,2,50,3374,3480,27204,3500,3640,27945,0x07
2026-09-06T18:51:19.281-03:00,399,0,2,50,3374,3360,27714,3500,3440,28795,0x07
2026-09-06T18:51:19.304-03:00,400,0,2,50,3374,3360,27714,3500,3440,28795,0x07
2026-09-06T18:51:19.322-03:00,401,0,2,53,3374,3283,28042,3500,3377,29061,0x07
2026-09-06T18:51:19.341-03:00,402,0,2,53,3374,3283,28042,3500,3377,29061,0x07
2026-09-06T18:51:19.361-03:00,403,0,2,51,3374,3412,27494,3500,3490,28582,0x07
2026-09-06T18:51:19.384-03:00,404,0,2,51,3374,3412,27494,3500,3490,28582,0x07
2026-09-06T18:51:19.404-03:00,405,0,2,51,3374,3412,27494,3500,3490,28582,0x07
2026-09-06T18:51:19.463-03:00,406,0,2,52,3374,3423,27446,3500,3462,28703,0x07
2026-09-06T18:51:19.463-03:00,407,0,2,52,3374,3423,27446,3500,3462,28703,0x07
2026-09-06T18:51:19.481-03:00,408,0,2,52,3374,3423,27446,3500,3462,28703,0x07
2026-09-06T18:51:19.501-03:00,409,0,2,50,3374,3360,27714,3500,3260,29560,0x07
2026-09-06T18:51:19.525-03:00,410,0,2,50,3374,3360,27714,3500,3260,29560,0x07
2026-09-06T18:51:19.543-03:00,412,0,2,55,3374,3491,27158,3500,3455,28733,0x07
2026-09-06T18:51:19.561-03:00,413,0,2,55,3374,3491,27158,3500,3455,28733,0x07
2026-09-06T18:51:19.584-03:00,414,0,2,55,3374,3455,27313,3500,3545,28347,0x07
2026-09-06T18:51:19.602-03:00,415,0,2,55,3374,3455,27313,3500,3545,28347,0x07
2026-09-06T18:51:19.620-03:00,416,0,2,55,3374,3455,27313,3500,3545,28347,0x07
2026-09-06T18:51:19.641-03:00,417,0,2,50,3374,3400,27544,3500,3240,29645,0x07
2026-09-06T18:51:19.664-03:00,418,0,2,50,3374,3400,27544,3500,3240,29645,0x07
2026-09-06T18:51:19.682-03:00,419,0,2,50,3374,3400,27544,3500,3240,29645,0x07
2026-09-06T18:51:19.700-03:00,420,0,2,54,3374,3444,27356,3500,3389,29012,0x07
2026-09-06T18:51:19.723-03:00,421,0,2,54,3374,3444,27356,3500,3389,29012,0x07
2026-09-06T18:51:19.744-03:00,422,0,2,53,3374,3509,27079,3500,3566,28259,0x07
2026-09-06T18:51:19.761-03:00,423,0,2,53,3374,3509,27079,3500,3566,28259,0x07
2026-09-06T18:51:19.784-03:00,424,0,2,53,3374,3509,27079,3500,3566,28259,0x07
2026-09-06T18:51:19.802-03:00,425,0,2,50,3374,3460,27290,3500,3400,28965,0x07
2026-09-06T18:51:19.825-03:00,426,0,2,50,3374,3460,27290,3500,3400,28965,0x07
2026-09-06T18:51:19.842-03:00,427,0,2,51,3374,3314,27911,3500,3431,28832,0x07
2026-09-06T18:51:19.860-03:00,428,0,2,51,3374,3314,27911,3500,3431,28832,0x07
2026-09-06T18:51:19.881-03:00,429,0,2,51,3374,3314,27911,3500,3431,28832,0x07
2026-09-06T18:51:19.904-03:00,430,0,2,58,3374,3397,27559,3500,3534,28393,0x07
2026-09-06T18:51:19.922-03:00,431,0,2,58,3374,3397,27559,3500,3534,28393,0x07
2026-09-06T18:51:19.945-03:00,432,0,2,58,3374,3397,27559,3500,3534,28393,0x07
2026-09-06T18:51:19.962-03:00,433,0,2,51,3374,3373,27661,3500,3314,29332,0x07
2026-09-06T18:51:19.980-03:00,434,0,2,51,3374,3373,27661,3500,3314,29332,0x07
2026-09-06T18:51:20.003-03:00,435,0,2,53,3374,3283,28042,3500,3283,29462,0x07
2026-09-06T18:51:20.020-03:00,436,0,2,53,3374,3283,28042,3500,3283,29462,0x07
2026-09-06T18:51:20.043-03:00,437,0,2,53,3374,3283,28042,3500,3283,29462,0x07
2026-09-06T18:51:20.063-03:00,438,0,2,57,3374,3474,27231,3500,3561,28279,0x07
2026-09-06T18:51:20.081-03:00,439,0,2,57,3374,3474,27231,3500,3561,28279,0x07
2026-09-06T18:51:20.104-03:00,440,0,2,57,3374,3474,27231,3500,3561,28279,0x07
2026-09-06T18:51:20.121-03:00,441,0,2,50,3374,3420,27460,3500,3360,29135,0x07
2026-09-06T18:51:20.144-03:00,442,0,2,50,3374,3420,27460,3500,3360,29135,0x07
2026-09-06T18:51:20.161-03:00,443,0,2,52,3374,3288,28019,3500,3231,29684,0x07
2026-09-06T18:51:20.184-03:00,444,0,2,52,3374,3288,28019,3500,3231,29684,0x07
2026-09-06T18:51:20.202-03:00,445,0,2,52,3374,3288,28019,3500,3231,29684,0x07
2026-09-06T18:51:20.220-03:00,446,0,2,57,3374,3491,27157,3500,3561,28279,0x07
2026-09-06T18:51:20.240-03:00,447,0,2,57,3374,3491,27157,3500,3561,28279,0x07
2026-09-06T18:51:20.260-03:00,448,0,2,57,3374,3491,27157,3500,3561,28279,0x07
2026-09-06T18:51:20.283-03:00,449,0,2,50,3374,3440,27374,3500,3420,28880,0x07
2026-09-06T18:51:20.303-03:00,450,0,2,50,3374,3440,27374,3500,3420,28880,0x07
2026-09-06T18:51:20.321-03:00,451,0,2,50,3374,3440,27374,3500,3420,28880,0x07
2026-09-06T18:51:20.344-03:00,452,0,2,56,3374,3321,27878,3500,3214,29754,0x07
2026-09-06T18:51:20.362-03:00,453,0,2,56,3374,3321,27878,3500,3214,29754,0x07
2026-09-06T18:51:20.384-03:00,454,0,2,55,3374,3545,26926,3500,3564,28270,0x07
2026-09-06T18:51:20.404-03:00,455,0,2,55,3374,3545,26926,3500,3564,28270,0x07
2026-09-06T18:51:20.422-03:00,456,0,2,55,3374,3545,26926,3500,3564,28270,0x07
2026-09-06T18:51:20.444-03:00,457,0,2,50,3374,3680,26354,3500,3580,28200,0x07
2026-09-06T18:51:20.462-03:00,458,0,2,50,3374,3680,26354,3500,3580,28200,0x07
2026-09-06T18:51:20.484-03:00,459,0,2,51,3374,3647,26494,3500,3353,29165,0x07
2026-09-06T18:51:20.502-03:00,460,0,2,51,3374,3647,26494,3500,3353,29165,0x07
2026-09-06T18:51:20.522-03:00,461,0,2,51,3374,3647,26494,3500,3353,29165,0x07
2026-09-06T18:51:20.543-03:00,462,0,2,50,3374,3560,26864,3500,3480,28625,0x07
2026-09-06T18:51:20.563-03:00,463,0,2,50,3374,3560,26864,3500,3480,28625,0x07
2026-09-06T18:51:20.581-03:00,464,0,2,50,3374,3560,26864,3500,3480,28625,0x07
2026-09-06T18:51:20.604-03:00,465,0,2,56,3374,3554,26892,3500,3625,28009,0x07
2026-09-06T18:51:20.621-03:00,466,0,2,56,3374,3554,26892,3500,3625,28009,0x07
2026-09-06T18:51:20.640-03:00,467,0,2,51,3374,3529,26994,3500,3471,28665,0x07
2026-09-06T18:51:20.663-03:00,468,0,2,51,3374,3529,26994,3500,3471,28665,0x07
2026-09-06T18:51:20.681-03:00,469,0,2,51,3374,3529,26994,3500,3471,28665,0x07
2026-09-06T18:51:20.704-03:00,470,0,2,58,3374,3603,26680,3500,3534,28393,0x07
2026-09-06T18:51:20.724-03:00,471,0,2,58,3374,3603,26680,3500,3534,28393,0x07
2026-09-06T18:51:20.744-03:00,472,0,2,58,3374,3603,26680,3500,3534,28393,0x07
2026-09-06T18:51:20.764-03:00,473,0,2,50,3374,3500,27120,3500,3540,28370,0x07
2026-09-06T18:51:20.782-03:00,474,0,2,50,3374,3500,27120,3500,3540,28370,0x07
2026-09-06T18:51:20.805-03:00,475,0,2,56,3374,3518,27044,3500,3518,28464,0x07
2026-09-06T18:51:20.824-03:00,476,0,2,56,3374,3518,27044,3500,3518,28464,0x07
2026-09-06T18:51:20.842-03:00,477,0,2,56,3374,3518,27044,3500,3518,28464,0x07
2026-09-06T18:51:20.860-03:00,478,0,2,51,3374,3569,26828,3500,3510,28498,0x07
2026-09-06T18:51:20.883-03:00,479,0,2,51,3374,3569,26828,3500,3510,28498,0x07
2026-09-06T18:51:20.900-03:00,480,0,2,60,3374,3517,27049,3500,3583,28186,0x07
2026-09-06T18:51:20.923-03:00,481,0,2,60,3374,3517,27049,3500,3583,28186,0x07
2026-09-06T18:51:20.943-03:00,482,0,2,60,3374,3517,27049,3500,3583,28186,0x07
2026-09-06T18:51:20.961-03:00,483,0,2,54,3374,3444,27356,3500,3444,28776,0x07
2026-09-06T18:51:20.981-03:00,484,0,2,54,3374,3444,27356,3500,3444,28776,0x07
2026-09-06T18:51:21.004-03:00,485,0,2,54,3374,3444,27356,3500,3444,28776,0x07
2026-09-06T18:51:21.021-03:00,486,0,2,54,3374,3574,26805,3500,3537,28383,0x07
2026-09-06T18:51:21.044-03:00,487,0,2,54,3374,3574,26805,3500,3537,28383,0x07
2026-09-06T18:51:21.063-03:00,488,0,2,54,3374,3574,26805,3500,3537,28383,0x07
2026-09-06T18:51:21.083-03:00,489,0,2,58,3374,3603,26680,3500,3638,27954,0x07
2026-09-06T18:51:21.103-03:00,490,0,2,58,3374,3603,26680,3500,3638,27954,0x07
2026-09-06T18:51:21.120-03:00,491,0,2,58,3374,3603,26680,3500,3638,27954,0x07
2026-09-06T18:51:21.140-03:00,492,0,2,51,3374,3490,27161,3500,3451,28748,0x07
2026-09-06T18:51:21.161-03:00,493,0,2,51,3374,3490,27161,3500,3451,28748,0x07
2026-09-06T18:51:21.181-03:00,494,0,2,51,3374,3490,27161,3500,3451,28748,0x07
2026-09-06T18:51:21.203-03:00,495,0,2,56,3374,3589,26740,3500,3518,28464,0x07
2026-09-06T18:51:21.220-03:00,496,0,2,56,3374,3589,26740,3500,3518,28464,0x07
2026-09-06T18:51:21.263-03:00,497,0,2,52,3374,3558,26874,3500,3596,28131,0x07
2026-09-06T18:51:21.308-03:00,498,0,2,52,3374,3558,26874,3500,3596,28131,0x07
2026-09-06T18:51:21.352-03:00,499,0,2,52,3374,3558,26874,3500,3596,28131,0x07
2026-09-06T18:51:21.395-03:00,500,0,2,50,3374,3480,27204,3500,3500,28540,0x07
2026-09-06T18:51:21.437-03:00,501,0,2,51,0,0,0,0,0,0,0x03
