timestamp,sequence,team,robot_id,interval_ms,left_target_eps,left_measured_eps,left_duty,right_target_eps,right_measured_eps,right_duty,flags
2026-09-06T13:14:22.600-03:00,18,0,2,50,0,0,0,0,0,0,0x03
2026-09-06T13:14:22.618-03:00,19,0,2,51,0,0,0,0,0,0,0x03
2026-09-06T13:14:22.641-03:00,20,0,2,51,0,0,0,0,0,0,0x03
2026-09-06T13:14:22.659-03:00,20,0,2,51,0,0,0,0,0,0,0x03
2026-09-06T13:14:22.677-03:00,20,0,2,50,0,0,0,0,0,0,0x03
2026-09-06T13:14:22.696-03:00,20,0,2,50,0,0,0,0,0,0,0x03
2026-09-06T13:14:22.719-03:00,20,0,2,50,0,0,0,0,0,0,0x03
2026-09-06T13:14:22.737-03:00,20,0,2,50,0,0,0,0,0,0,0x03
2026-09-06T13:14:22.757-03:00,20,0,2,50,0,0,0,0,0,0,0x03
2026-09-06T13:14:22.780-03:00,20,0,2,51,0,0,0,0,0,0,0x03
2026-09-06T13:14:22.798-03:00,8,0,2,51,0,0,10043,0,0,9854,0x07
2026-09-06T13:14:22.821-03:00,9,0,2,50,1012,40,15035,1050,0,15130,0x07
2026-09-06T13:14:22.839-03:00,10,0,2,50,1012,40,15035,1050,0,15130,0x07
2026-09-06T13:14:22.857-03:00,11,0,2,50,1012,840,11788,1050,120,15341,0x07
2026-09-06T13:14:22.877-03:00,12,0,2,50,1012,840,11788,1050,120,15341,0x07
2026-09-06T13:14:22.900-03:00,13,0,2,50,1012,840,11788,1050,120,15341,0x07
2026-09-06T13:14:22.918-03:00,14,0,2,57,1012,1175,10197,1050,930,12005,0x07
2026-09-06T13:14:22.938-03:00,15,0,2,57,1012,1175,10197,1050,930,12005,0x07
2026-09-06T13:14:22.960-03:00,16,0,2,57,1012,1175,10197,1050,930,12005,0x07
2026-09-06T13:14:22.978-03:00,17,0,2,51,1012,1118,10348,1050,1137,11055,0x07
2026-09-06T13:14:23.016-03:00,18,0,2,51,1012,1118,10348,1050,1137,11055,0x07
2026-09-06T13:14:23.039-03:00,19,0,2,51,1012,1118,10348,1050,1137,11055,0x07
2026-09-06T13:14:23.057-03:00,20,0,2,54,1012,1037,10667,1050,1019,11586,0x07
2026-09-06T13:14:23.077-03:00,21,0,2,54,1012,1037,10667,1050,1019,11586,0x07
2026-09-06T13:14:23.100-03:00,22,0,2,57,1012,1035,10652,1050,912,12159,0x07
2026-09-06T13:14:23.117-03:00,23,0,2,57,1012,1035,10652,1050,912,12159,0x07
2026-09-06T13:14:23.140-03:00,24,0,2,57,1012,1035,10652,1050,912,12159,0x07
2026-09-06T13:14:23.158-03:00,25,0,2,51,1012,980,10913,1050,980,11925,0x07
2026-09-06T13:14:23.180-03:00,26,0,2,51,1012,980,10913,1050,980,11925,0x07
2026-09-06T13:14:23.198-03:00,27,0,2,51,1012,980,10913,1050,980,11925,0x07
2026-09-06T13:14:23.221-03:00,28,0,2,54,1012,963,11034,1050,1000,11883,0x07
2026-09-06T13:14:23.239-03:00,29,0,2,54,1012,963,11034,1050,1000,11883,0x07
2026-09-06T13:14:23.257-03:00,30,0,2,53,1012,1000,10888,1050,943,12211,0x07
2026-09-06T13:14:23.280-03:00,31,0,2,53,1012,1000,10888,1050,943,12211,0x07
2026-09-06T13:14:23.298-03:00,32,0,2,53,1012,1000,10888,1050,943,12211,0x07
2026-09-06T13:14:23.321-03:00,33,0,2,51,1012,1039,10697,1050,980,12109,0x07
2026-09-06T13:14:23.339-03:00,34,0,2,51,1012,1039,10697,1050,980,12109,0x07
2026-09-06T13:14:23.357-03:00,35,0,2,51,1012,1039,10697,1050,980,12109,0x07
2026-09-06T13:14:23.380-03:00,36,0,2,54,1012,1019,10779,1050,963,12256,0x07
2026-09-06T13:14:23.398-03:00,37,0,2,54,1012,1019,10779,1050,963,12256,0x07
2026-09-06T13:14:23.416-03:00,38,0,2,55,1012,1000,10870,1050,927,12512,0x07
2026-09-06T13:14:23.441-03:00,39,0,2,55,1012,1000,10870,1050,927,12512,0x07
2026-09-06T13:14:23.460-03:00,40,0,2,55,1012,1000,10870,1050,927,12512,0x07
2026-09-06T13:14:23.478-03:00,41,0,2,50,1012,1020,10778,1050,920,12644,0x07
2026-09-06T13:14:23.498-03:00,42,0,2,50,1012,1020,10778,1050,920,12644,0x07
2026-09-06T13:14:23.521-03:00,43,0,2,54,1012,1000,10874,1050,963,12534,0x07
2026-09-06T13:14:23.541-03:00,44,0,2,54,1012,1000,10874,1050,963,12534,0x07
2026-09-06T13:14:23.559-03:00,45,0,2,54,1012,1000,10874,1050,963,12534,0x07
2026-09-06T13:14:23.576-03:00,46,0,2,51,1012,1059,10582,1050,1020,12317,0x07
2026-09-06T13:14:23.598-03:00,47,0,2,51,1012,1059,10582,1050,1020,12317,0x07
2026-09-06T13:14:23.620-03:00,48,0,2,51,1012,1059,10582,1050,1020,12317,0x07
2026-09-06T13:14:23.638-03:00,49,0,2,50,1012,1080,10432,1050,1000,12440,0x07
2026-09-06T13:14:23.656-03:00,50,0,2,50,1012,1080,10432,1050,1000,12440,0x07
2026-09-06T13:14:23.680-03:00,51,0,2,50,1012,1000,10783,1050,980,12579,0x07
2026-09-06T13:14:23.698-03:00,52,0,2,50,1012,1000,10783,1050,980,12579,0x07
2026-09-06T13:14:23.721-03:00,53,0,2,50,1012,1000,10783,1050,980,12579,0x07
2026-09-06T13:14:23.739-03:00,54,0,2,50,1012,940,11102,1050,980,12633,0x07
2026-09-06T13:14:23.756-03:00,55,0,2,50,1012,940,11102,1050,980,12633,0x07
2026-09-06T13:14:23.779-03:00,56,0,2,51,1012,980,10959,1050,1000,12588,0x07
2026-09-06T13:14:23.799-03:00,57,0,2,51,1012,980,10959,1050,1000,12588,0x07
2026-09-06T13:14:23.817-03:00,58,0,2,51,1012,980,10959,1050,1000,12588,0x07
2026-09-06T13:14:23.839-03:00,59,0,2,50,1012,1060,10578,1050,1020,12526,0x07
2026-09-06T13:14:23.859-03:00,60,0,2,50,1012,1060,10578,1050,1020,12526,0x07
2026-09-06T13:14:23.877-03:00,61,0,2,52,1012,1058,10546,1050,981,12748,0x07
2026-09-06T13:14:23.900-03:00,62,0,2,52,1012,1058,10546,1050,981,12748,0x07
2026-09-06T13:14:23.918-03:00,63,0,2,52,1012,1058,10546,1050,981,12748,0x07
2026-09-06T13:14:23.938-03:00,64,0,2,51,1012,1020,10701,1050,980,12805,0x07
2026-09-06T13:14:23.961-03:00,65,0,2,51,1012,1020,10701,1050,980,12805,0x07
2026-09-06T13:14:23.979-03:00,66,0,2,51,1012,1020,10695,1050,922,13157,0x07
2026-09-06T13:14:23.997-03:00,67,0,2,51,1012,1020,10695,1050,922,13157,0x07
2026-09-06T13:14:24.020-03:00,68,0,2,51,1012,1020,10695,1050,922,13157,0x07
2026-09-06T13:14:24.038-03:00,69,0,2,50,1012,1000,10789,1050,960,13063,0x07
2026-09-06T13:14:24.058-03:00,70,0,2,50,1012,1000,10789,1050,960,13063,0x07
2026-09-06T13:14:24.081-03:00,71,0,2,51,1012,1039,10598,1050,980,13031,0x07
2026-09-06T13:14:24.124-03:00,72,0,2,51,1012,1039,10598,1050,980,13031,0x07
2026-09-06T13:14:24.165-03:00,73,0,2,51,1012,1039,10598,1050,980,13031,0x07
2026-09-06T13:14:24.209-03:00,74,0,2,50,1012,1040,10570,1050,940,13288,0x07
2026-09-06T13:14:24.251-03:00,75,0,2,56,1012,1071,10378,1050,964,13259,0x07
2026-09-06T13:14:24.295-03:00,76,0,2,56,0,0,0,0,0,0,0x03
