timestamp,sequence,team,robot_id,interval_ms,left_target_eps,left_measured_eps,left_duty,right_target_eps,right_measured_eps,right_duty,flags
2026-09-06T21:16:17.957,533,0,2,50,-2041,-1900,19979,-2522,-1900,27563,0x07
2026-09-06T21:16:17.957,530,0,1,56,-1943,0,27004,-2424,0,32858,0x07
2026-09-06T21:16:18.038,533,0,2,51,-2041,-1882,20054,-2522,-1804,27972,0x07
2026-09-06T21:16:18.038,534,0,1,53,0,0,21453,0,0,24573,0x07
2026-09-06T21:16:18.103,65535,0,2,50,0,0,0,0,0,0,0x0b
2026-09-06T21:16:18.103,65535,0,1,50,0,0,0,0,0,0,0x0b
2026-09-06T21:16:18.168,65535,0,2,51,0,0,0,0,0,0,0x0b
2026-09-06T21:16:18.168,0,0,1,51,0,0,0,0,0,0,0x03
2026-09-06T21:16:18.233,3,0,2,50,0,0,0,0,0,0,0x03
2026-09-06T21:16:18.233,2,0,1,52,0,0,0,0,0,0,0x03
2026-09-06T21:16:18.298,5,0,2,50,0,0,0,0,0,0,0x03
2026-09-06T21:16:18.298,4,0,1,52,0,0,0,0,0,0,0x03
2026-09-06T21:16:18.363,7,0,2,52,0,0,0,0,0,0,0x03
2026-09-06T21:16:18.363,6,0,1,51,0,0,0,0,0,0,0x03
2026-09-06T21:16:18.428,9,0,2,51,0,0,0,0,0,0,0x03
2026-09-06T21:16:18.428,8,0,1,50,0,0,0,0,0,0,0x03
2026-09-06T21:16:18.494,11,0,2,52,0,0,0,0,0,0,0x03
2026-09-06T21:16:18.494,10,0,1,51,0,0,0,0,0,0,0x03
2026-09-06T21:16:18.575,13,0,2,50,0,0,0,0,0,0,0x03
2026-09-06T21:16:18.575,12,0,1,50,0,0,0,0,0,0,0x03
2026-09-06T21:16:18.639,15,0,2,51,0,0,0,0,0,0,0x03
2026-09-06T21:16:18.640,14,0,1,51,0,0,0,0,0,0,0x03
2026-09-06T21:16:18.705,17,0,2,54,0,0,0,0,0,0,0x03
2026-09-06T21:16:18.705,16,0,1,50,0,0,0,0,0,0,0x03
2026-09-06T21:16:18.770,19,0,2,52,0,0,0,0,0,0,0x03
2026-09-06T21:16:18.770,18,0,1,51,0,0,0,0,0,0,0x03
2026-09-06T21:16:18.835,21,0,2,51,0,0,0,0,0,0,0x03
2026-09-06T21:16:18.835,20,0,1,51,0,0,0,0,0,0,0x03
2026-09-06T21:16:18.900,23,0,2,52,0,0,0,0,0,0,0x03
2026-09-06T21:16:18.900,22,0,1,50,0,0,0,0,0,0,0x03
2026-09-06T21:16:18.965,25,0,2,52,0,0,0,0,0,0,0x03
2026-09-06T21:16:18.965,24,0,1,51,0,0,0,0,0,0,0x03
2026-09-06T21:16:19.030,27,0,2,50,0,0,0,0,0,0,0x03
2026-09-06T21:16:19.030,26,0,1,50,0,0,0,0,0,0,0x03
2026-09-06T21:16:19.112,29,0,2,52,0,0,0,0,0,0,0x03
2026-09-06T21:16:19.112,28,0,1,52,0,0,0,0,0,0,0x03
2026-09-06T21:16:19.177,31,0,2,51,0,0,0,0,0,0,0x03
2026-09-06T21:16:19.177,30,0,1,53,0,0,0,0,0,0,0x03
2026-09-06T21:16:19.242,33,0,2,50,0,0,0,0,0,0,0x03
2026-09-06T21:16:19.242,32,0,1,50,0,0,0,0,0,0,0x03
2026-09-06T21:16:19.307,35,0,2,50,0,0,0,0,0,0,0x03
2026-09-06T21:16:19.307,34,0,1,50,0,0,0,0,0,0,0x03
2026-09-06T21:16:19.437,37,0,2,50,0,0,0,0,0,0,0x03
2026-09-06T21:16:19.437,36,0,1,52,0,0,0,0,0,0,0x03
2026-09-06T21:16:19.502,39,0,2,51,0,0,0,0,0,0,0x03
2026-09-06T21:16:19.502,38,0,1,50,0,0,0,0,0,0,0x03
2026-09-06T21:16:19.567,41,0,2,52,0,0,0,0,0,0,0x03
2026-09-06T21:16:19.567,40,0,1,51,0,0,0,0,0,0,0x03
2026-09-06T21:16:19.648,43,0,2,51,0,0,0,0,0,0,0x03
2026-09-06T21:16:19.648,42,0,1,52,0,0,0,0,0,0,0x03
2026-09-06T21:16:19.713,45,0,2,50,0,0,0,0,0,0,0x03
2026-09-06T21:16:19.713,44,0,1,50,0,0,0,0,0,0,0x03
2026-09-06T21:16:19.779,47,0,2,51,0,0,0,0,0,0,0x03
2026-09-06T21:16:19.779,46,0,1,51,0,0,0,0,0,0,0x03
2026-09-06T21:16:19.844,49,0,2,50,0,0,0,0,0,0,0x03
2026-09-06T21:16:19.844,48,0,1,50,0,0,0,0,0,0,0x03
2026-09-06T21:16:19.910,51,0,2,51,0,0,0,0,0,0,0x03
2026-09-06T21:16:19.910,50,0,1,50,0,0,0,0,0,0,0x03
2026-09-06T21:16:19.974,53,0,2,50,0,0,0,0,0,0,0x03
2026-09-06T21:16:19.974,52,0,1,51,0,0,0,0,0,0,0x03
2026-09-06T21:16:20.039,55,0,2,51,0,0,0,0,0,0,0x03
2026-09-06T21:16:20.039,54,0,1,50,0,0,0,0,0,0,0x03
2026-09-06T21:16:20.104,57,0,2,51,0,0,0,0,0,0,0x03
2026-09-06T21:16:20.104,56,0,1,51,0,0,0,0,0,0,0x03
2026-09-06T21:16:20.185,59,0,2,51,0,0,0,0,0,0,0x03
2026-09-06T21:16:20.185,58,0,1,51,0,0,0,0,0,0,0x03
2026-09-06T21:16:20.234,61,0,2,51,0,0,0,0,0,0,0x03
2026-09-06T21:16:20.234,60,0,1,51,0,0,0,0,0,0,0x03
2026-09-06T21:16:20.316,63,0,2,51,0,0,0,0,0,0,0x03
2026-09-06T21:16:20.316,62,0,1,52,0,0,0,0,0,0,0x03
2026-09-06T21:16:20.380,65,0,2,50,0,0,0,0,0,0,0x03
2026-09-06T21:16:20.380,64,0,1,54,0,0,0,0,0,0,0x03
2026-09-06T21:16:20.445,67,0,2,50,0,0,0,0,0,0,0x03
2026-09-06T21:16:20.445,66,0,1,54,0,0,0,0,0,0,0x03
2026-09-06T21:16:20.510,69,0,2,51,0,0,0,0,0,0,0x03
2026-09-06T21:16:20.510,68,0,1,51,0,0,0,0,0,0,0x03
2026-09-06T21:16:20.575,71,0,2,51,0,0,0,0,0,0,0x03
2026-09-06T21:16:20.576,70,0,1,51,0,0,0,0,0,0,0x03
2026-09-06T21:16:20.641,73,0,2,50,0,0,0,0,0,0,0x03
2026-09-06T21:16:20.641,72,0,1,52,0,0,0,0,0,0,0x03
2026-09-06T21:16:20.706,75,0,2,52,0,0,0,0,0,0,0x03
2026-09-06T21:16:20.706,74,0,1,50,0,0,0,0,0,0,0x03
2026-09-06T21:16:20.770,77,0,2,51,0,0,0,0,0,0,0x03
2026-09-06T21:16:20.770,76,0,1,50,0,0,0,0,0,0,0x03
2026-09-06T21:16:20.851,79,0,2,51,0,0,0,0,0,0,0x03
2026-09-06T21:16:20.851,78,0,1,51,0,0,0,0,0,0,0x03
2026-09-06T21:16:20.916,81,0,2,50,0,0,0,0,0,0,0x03
2026-09-06T21:16:20.916,80,0,1,51,0,0,0,0,0,0,0x03
2026-09-06T21:16:20.980,83,0,2,51,0,0,0,0,0,0,0x03
2026-09-06T21:16:20.980,82,0,1,51,0,0,0,0,0,0,0x03
2026-09-06T21:16:21.045,85,0,2,51,0,0,0,0,0,0,0x03
2026-09-06T21:16:21.045,84,0,1,50,0,0,0,0,0,0,0x03
2026-09-06T21:16:21.110,87,0,2,51,0,0,0,0,0,0,0x03
2026-09-06T21:16:21.110,86,0,1,50,0,0,0,0,0,0,0x03
2026-09-06T21:16:21.176,89,0,2,50,0,0,0,0,0,0,0x03
2026-09-06T21:16:21.176,88,0,1,51,0,0,0,0,0,0,0x03
2026-09-06T21:16:21.257,91,0,2,51,0,0,0,0,0,0,0x03
2026-09-06T21:16:21.257,90,0,1,50,0,0,0,0,0,0,0x03
2026-09-06T21:16:21.306,93,0,2,51,0,0,0,0,0,0,0x03
2026-09-06T21:16:21.306,92,0,1,52,0,0,0,0,0,0,0x03
2026-09-06T21:16:21.387,95,0,2,50,0,0,0,0,0,0,0x03
2026-09-06T21:16:21.388,94,0,1,51,0,0,0,0,0,0,0x03
2026-09-06T21:16:21.452,97,0,2,50,0,0,0,0,0,0,0x03
2026-09-06T21:16:21.453,96,0,1,51,0,0,0,0,0,0,0x03
2026-09-06T21:16:21.518,99,0,2,50,0,0,0,0,0,0,0x03
2026-09-06T21:16:21.518,98,0,1,51,0,0,0,0,0,0,0x03
2026-09-06T21:16:21.584,101,0,2,51,0,0,0,0,0,0,0x03
2026-09-06T21:16:21.584,100,0,1,51,0,0,0,0,0,0,0x03
2026-09-06T21:16:21.648,103,0,2,50,0,0,0,0,0,0,0x03
2026-09-06T21:16:21.648,102,0,1,50,0,0,0,0,0,0,0x03
2026-09-06T21:16:21.713,105,0,2,52,0,0,0,0,0,0,0x03
2026-09-06T21:16:21.713,104,0,1,55,0,0,0,0,0,0,0x03
2026-09-06T21:16:21.779,107,0,2,50,0,0,0,0,0,0,0x03
2026-09-06T21:16:21.779,106,0,1,51,0,0,0,0,0,0,0x03
2026-09-06T21:16:21.844,109,0,2,50,0,0,0,0,0,0,0x03
2026-09-06T21:16:21.844,108,0,1,51,0,0,0,0,0,0,0x03
2026-09-06T21:16:21.925,111,0,2,51,0,0,0,0,0,0,0x03
2026-09-06T21:16:21.925,110,0,1,50,0,0,0,0,0,0,0x03
2026-09-06T21:16:21.991,113,0,2,51,0,0,0,0,0,0,0x03
2026-09-06T21:16:21.991,112,0,1,52,0,0,0,0,0,0,0x03
2026-09-06T21:16:22.056,115,0,2,52,0,0,0,0,0,0,0x03
2026-09-06T21:16:22.056,114,0,1,50,0,0,0,0,0,0,0x03
2026-09-06T21:16:22.121,117,0,2,50,0,0,0,0,0,0,0x03
2026-09-06T21:16:22.121,116,0,1,53,0,0,0,0,0,0,0x03
2026-09-06T21:16:22.187,119,0,2,51,0,0,0,0,0,0,0x03
2026-09-06T21:16:22.187,118,0,1,50,0,0,0,0,0,0,0x03
2026-09-06T21:16:22.252,121,0,2,52,0,0,0,0,0,0,0x03
2026-09-06T21:16:22.252,120,0,1,50,0,0,0,0,0,0,0x03
2026-09-06T21:16:22.318,123,0,2,51,0,0,0,0,0,0,0x03
2026-09-06T21:16:22.318,122,0,1,50,0,0,0,0,0,0,0x03
2026-09-06T21:16:22.383,125,0,2,51,0,0,0,0,0,0,0x03
2026-09-06T21:16:22.383,124,0,1,51,0,0,0,0,0,0,0x03
2026-09-06T21:16:22.449,127,0,2,52,0,0,0,0,0,0,0x03
2026-09-06T21:16:22.449,126,0,1,51,0,0,0,0,0,0,0x03
2026-09-06T21:16:22.514,129,0,2,51,0,0,0,0,0,0,0x03
2026-09-06T21:16:22.514,128,0,1,50,0,0,0,0,0,0,0x03
2026-09-06T21:16:22.579,131,0,2,50,0,0,0,0,0,0,0x03
2026-09-06T21:16:22.579,130,0,1,52,0,0,0,0,0,0,0x03
2026-09-06T21:16:22.661,133,0,2,51,0,0,0,0,0,0,0x03
2026-09-06T21:16:22.661,132,0,1,50,0,0,0,0,0,0,0x03
2026-09-06T21:16:22.726,135,0,2,51,0,0,0,0,0,0,0x03
2026-09-06T21:16:22.726,134,0,1,52,0,0,0,0,0,0,0x03
2026-09-06T21:16:22.791,137,0,2,51,0,0,0,0,0,0,0x03
2026-09-06T21:16:22.791,136,0,1,52,0,0,0,0,0,0,0x03
2026-09-06T21:16:22.856,139,0,2,50,0,0,0,0,0,0,0x03
2026-09-06T21:16:22.856,138,0,1,51,0,0,0,0,0,0,0x03
2026-09-06T21:16:22.920,141,0,2,55,0,0,0,0,0,0,0x03
2026-09-06T21:16:22.921,140,0,1,50,0,0,0,0,0,0,0x03
2026-09-06T21:16:22.986,143,0,2,50,0,0,0,0,0,0,0x03
2026-09-06T21:16:22.986,142,0,1,51,0,0,0,0,0,0,0x03
2026-09-06T21:16:23.051,145,0,2,50,0,0,0,0,0,0,0x03
2026-09-06T21:16:23.051,144,0,1,50,0,0,0,0,0,0,0x03
2026-09-06T21:16:23.116,147,0,2,52,0,0,0,0,0,0,0x03
2026-09-06T21:16:23.116,146,0,1,52,0,0,0,0,0,0,0x03
2026-09-06T21:16:23.182,149,0,2,51,0,0,0,0,0,0,0x03
2026-09-06T21:16:23.182,148,0,1,50,0,0,0,0,0,0,0x03
2026-09-06T21:16:23.263,151,0,2,50,0,0,0,0,0,0,0x03
2026-09-06T21:16:23.263,150,0,1,51,0,0,0,0,0,0,0x03
2026-09-06T21:16:23.328,153,0,2,50,0,0,0,0,0,0,0x03
2026-09-06T21:16:23.328,152,0,1,50,0,0,0,0,0,0,0x03
2026-09-06T21:16:23.394,155,0,2,52,0,0,0,0,0,0,0x03
2026-09-06T21:16:23.394,154,0,1,50,0,0,0,0,0,0,0x03
2026-09-06T21:16:23.459,157,0,2,51,0,0,0,0,0,0,0x03
2026-09-06T21:16:23.459,156,0,1,50,0,0,0,0,0,0,0x03
2026-09-06T21:16:23.523,159,0,2,52,0,0,0,0,0,0,0x03
2026-09-06T21:16:23.523,158,0,1,52,0,0,0,0,0,0,0x03
2026-09-06T21:16:23.588,161,0,2,50,0,0,0,0,0,0,0x03
2026-09-06T21:16:23.588,160,0,1,50,0,0,0,0,0,0,0x03
2026-09-06T21:16:23.654,163,0,2,50,0,0,0,0,0,0,0x03
2026-09-06T21:16:23.654,162,0,1,51,0,0,0,0,0,0,0x03
2026-09-06T21:16:23.719,165,0,2,52,0,0,0,0,0,0,0x03
2026-09-06T21:16:23.719,164,0,1,52,0,0,0,0,0,0,0x03
2026-09-06T21:16:23.800,167,0,2,50,0,0,0,0,0,0,0x03
2026-09-06T21:16:23.800,166,0,1,51,0,0,0,0,0,0,0x03
2026-09-06T21:16:23.864,169,0,2,51,0,0,0,0,0,0,0x03
2026-09-06T21:16:23.864,168,0,1,51,0,0,0,0,0,0,0x03
2026-09-06T21:16:23.995,171,0,2,50,0,0,0,0,0,0,0x03
2026-09-06T21:16:23.995,170,0,1,51,0,0,0,0,0,0,0x03
2026-09-06T21:16:24.059,173,0,2,51,0,0,0,0,0,0,0x03
2026-09-06T21:16:24.059,172,0,1,50,0,0,0,0,0,0,0x03
2026-09-06T21:16:24.124,175,0,2,52,0,0,0,0,0,0,0x03
2026-09-06T21:16:24.124,174,0,1,50,0,0,0,0,0,0,0x03
2026-09-06T21:16:24.189,177,0,2,50,0,0,0,0,0,0,0x03
2026-09-06T21:16:24.189,176,0,1,50,0,0,0,0,0,0,0x03
2026-09-06T21:16:24.255,179,0,2,51,0,0,22631,0,0,31791,0x07
2026-09-06T21:16:24.255,178,0,1,54,0,0,0,0,0,0,0x03
2026-09-06T21:16:24.336,181,0,2,50,2434,780,29662,3285,1120,40000,0x07
2026-09-06T21:16:24.401,183,0,2,51,2667,1275,30479,3043,2706,31047,0x07
2026-09-06T21:16:24.401,182,0,1,50,0,0,30694,0,0,29111,0x07
2026-09-06T21:16:24.466,185,0,2,56,2667,893,32101,3043,2232,33060,0x07
2026-09-06T21:16:24.466,184,0,1,50,0,0,0,0,0,0,0x03
2026-09-06T21:16:24.531,185,0,2,51,2667,961,31812,3043,2431,32213,0x07
2026-09-06T21:16:24.531,184,0,1,50,0,0,0,0,0,0,0x03
2026-09-06T21:16:24.597,185,0,2,50,2667,1140,31051,3043,2220,33112,0x07
2026-09-06T21:16:24.597,188,0,1,50,0,0,0,0,0,0,0x03
2026-09-06T21:16:24.662,191,0,2,51,0,0,0,0,0,0,0x03
2026-09-06T21:16:24.662,190,0,1,55,0,0,0,0,0,0,0x03
2026-09-06T21:16:24.726,193,0,2,51,0,0,0,0,0,0,0x03
2026-09-06T21:16:24.726,192,0,1,50,0,0,0,0,0,0,0x03
2026-09-06T21:16:24.792,195,0,2,50,0,0,0,0,0,0,0x03
2026-09-06T21:16:24.792,194,0,1,50,0,0,30255,0,0,30621,0x07
2026-09-06T21:16:24.857,197,0,2,50,0,0,0,0,0,0,0x03
2026-09-06T21:16:24.857,196,0,1,52,3321,0,40000,3377,0,40000,0x07
2026-09-06T21:16:24.922,199,0,2,51,0,0,0,0,0,0,0x03
2026-09-06T21:16:24.922,198,0,1,52,3341,0,40000,3383,0,40000,0x07
2026-09-06T21:16:25.004,201,0,2,51,0,0,0,0,0,0,0x03
2026-09-06T21:16:25.004,200,0,1,51,0,0,0,0,0,0,0x03
2026-09-06T21:16:25.069,203,0,2,51,0,0,29164,0,0,19712,0x07
2026-09-06T21:16:25.069,202,0,1,51,0,0,0,0,0,0,0x03
2026-09-06T21:16:25.134,205,0,2,57,2834,2123,28957,2780,1877,31078,0x07
2026-09-06T21:16:25.134,204,0,1,51,0,0,0,0,0,0,0x03
2026-09-06T21:16:25.199,207,0,2,50,0,0,0,0,0,0,0x03
2026-09-06T21:16:25.199,206,0,1,50,0,0,30360,0,0,31660,0x07
2026-09-06T21:16:25.264,209,0,2,50,0,0,11124,0,0,4973,0x07
2026-09-06T21:16:25.264,208,0,1,52,0,0,2672,3500,0,40000,0x07
2026-09-06T21:16:25.330,211,0,2,51,0,0,0,0,0,0,0x03
2026-09-06T21:16:25.330,210,0,1,55,0,0,0,0,0,0,0x03
2026-09-06T21:16:25.395,213,0,2,56,0,0,0,0,0,0,0x03
2026-09-06T21:16:25.395,212,0,1,51,0,0,0,0,0,0,0x03
2026-09-06T21:16:25.461,215,0,2,52,0,0,0,0,0,0,0x03
2026-09-06T21:16:25.461,214,0,1,50,0,0,30694,0,0,27496,0x07
2026-09-06T21:16:25.526,217,0,2,51,0,0,21570,0,0,26685,0x07
2026-09-06T21:16:25.526,216,0,1,51,0,0,0,0,0,0,0x03
2026-09-06T21:16:25.607,219,0,2,51,0,0,0,0,0,0,0x03
2026-09-06T21:16:25.607,218,0,1,50,0,0,0,0,0,0,0x03
2026-09-06T21:16:25.671,221,0,2,51,0,0,0,0,0,0,0x03
2026-09-06T21:16:25.671,220,0,1,50,0,0,28317,0,0,31089,0x07
2026-09-06T21:16:25.737,223,0,2,52,0,0,0,0,0,0,0x03
2026-09-06T21:16:25.737,222,0,1,51,3089,0,40000,3432,0,40000,0x07
2026-09-06T21:16:25.802,225,0,2,50,0,0,0,0,0,0,0x03
2026-09-06T21:16:25.802,224,0,1,50,0,0,0,0,0,0,0x03
2026-09-06T21:16:25.867,227,0,2,50,0,0,0,0,0,0,0x03
2026-09-06T21:16:25.868,226,0,1,51,0,0,27396,0,0,30138,0x07
2026-09-06T21:16:25.933,229,0,2,52,0,0,0,0,0,0,0x03
2026-09-06T21:16:25.933,228,0,1,51,2979,0,40000,3320,0,40000,0x07
2026-09-06T21:16:25.998,231,0,2,50,0,0,0,0,0,0,0x03
2026-09-06T21:16:25.998,230,0,1,51,2764,0,37352,3200,0,40000,0x07
2026-09-06T21:16:26.063,233,0,2,51,0,0,0,0,0,0,0x03
2026-09-06T21:16:26.063,232,0,1,52,2559,0,34762,3028,0,40000,0x07
2026-09-06T21:16:26.143,235,0,2,52,0,0,0,0,0,0,0x03
2026-09-06T21:16:26.209,237,0,2,52,3025,0,40000,3500,0,40000,0x07
2026-09-06T21:16:26.274,239,0,2,51,3025,1882,32374,3500,1804,40000,0x07
2026-09-06T21:16:26.274,236,0,1,56,-2382,0,32540,-2806,0,37712,0x07
2026-09-06T21:16:26.338,239,0,2,50,2772,1380,31340,3323,2720,34697,0x07
2026-09-06T21:16:26.338,238,0,1,52,-2382,0,32540,-2806,0,37712,0x07
2026-09-06T21:16:26.402,241,0,2,50,2772,1460,31000,3323,2480,35717,0x07
2026-09-06T21:16:26.402,240,0,1,51,-2886,0,38887,-3077,0,40000,0x07
2026-09-06T21:16:26.467,241,0,2,51,2511,1608,27102,3026,2706,30824,0x07
2026-09-06T21:16:26.467,244,0,1,50,-3328,0,40000,-3340,0,40000,0x07
2026-09-06T21:16:26.533,247,0,2,50,2511,1920,25775,3026,2200,32974,0x07
2026-09-06T21:16:26.533,246,0,1,51,-3374,0,40000,-3305,0,40000,0x07
2026-09-06T21:16:26.598,249,0,2,52,1771,1981,16256,2388,1558,27236,0x07
2026-09-06T21:16:26.598,248,0,1,50,-3318,0,40000,-3220,0,40000,0x07
2026-09-06T21:16:26.679,251,0,2,50,1086,1460,9885,1829,1940,18201,0x07
2026-09-06T21:16:26.679,250,0,1,50,-3270,0,40000,-3216,0,40000,0x07
2026-09-06T21:16:26.744,253,0,2,50,407,1160,2666,1328,1800,12138,0x07
2026-09-06T21:16:26.744,252,0,1,51,-3243,0,40000,-3164,0,40000,0x07
2026-09-06T21:16:26.809,255,0,2,51,0,0,10140,0,0,15904,0x07
2026-09-06T21:16:26.809,254,0,1,52,-3265,0,40000,-3309,0,40000,0x07
2026-09-06T21:16:26.875,257,0,2,51,-924,-157,13401,-1522,-961,18291,0x07
2026-09-06T21:16:26.875,256,0,1,50,-3312,0,40000,-3389,0,40000,0x07
2026-09-06T21:16:26.940,259,0,2,51,-1292,-157,18010,-1777,-490,23666,0x07
2026-09-06T21:16:26.941,258,0,1,52,-3337,0,40000,-3485,0,40000,0x07
2026-09-06T21:16:27.005,261,0,2,51,-1327,-157,18445,-1868,-294,25711,0x07
2026-09-06T21:16:27.005,260,0,1,52,-3334,0,40000,-3500,0,40000,0x07
2026-09-06T21:16:27.070,263,0,2,50,-1177,-600,14685,-1779,-680,22892,0x07
2026-09-06T21:16:27.070,262,0,1,51,-3184,0,40000,-3500,0,40000,0x07
2026-09-06T21:16:27.135,265,0,2,50,-842,-780,9722,-1520,-920,18437,0x07
2026-09-06T21:16:27.135,264,0,1,50,-2953,0,39732,-3407,0,40000,0x07
2026-09-06T21:16:27.201,267,0,2,51,-709,-863,7706,-1363,-1039,15841,0x07
2026-09-06T21:16:27.201,266,0,1,51,-2718,0,36765,-3191,0,40000,0x07
2026-09-06T21:16:27.266,269,0,2,53,-518,-660,6179,-1212,-1113,13530,0x07
2026-09-06T21:16:27.266,268,0,1,52,-2304,0,31557,-2874,0,38580,0x07
2026-09-06T21:16:27.412,271,0,2,52,-518,-635,6288,-1212,-1058,13766,0x07
2026-09-06T21:16:27.412,270,0,1,51,-1604,0,22731,-2316,0,31484,0x07
2026-09-06T21:16:27.477,273,0,2,51,-550,-667,6553,-1180,-1020,13492,0x07
2026-09-06T21:16:27.477,272,0,1,51,-888,0,13706,-1662,0,23178,0x07
2026-09-06T21:16:27.542,275,0,2,50,-661,-660,7967,-1243,-960,14584,0x07
2026-09-06T21:16:27.542,274,0,1,50,-418,0,7788,-1316,0,18777,0x07
2026-09-06T21:16:27.608,277,0,2,50,-847,-840,9534,-1412,-1080,16317,0x07
2026-09-06T21:16:27.608,276,0,1,51,-396,0,7507,-1340,0,19075,0x07
2026-09-06T21:16:27.673,279,0,2,50,-1544,-780,18517,-1958,-1240,22884,0x07
2026-09-06T21:16:27.673,278,0,1,55,1174,0,17320,1748,0,24259,0x07
2026-09-06T21:16:27.739,281,0,2,51,-1544,-902,17999,-1958,-1275,22737,0x07
2026-09-06T21:16:27.739,280,0,1,51,1174,0,17320,1748,0,24259,0x07
2026-09-06T21:16:27.803,283,0,2,50,-1740,-980,20113,-2193,-1340,25574,0x07
2026-09-06T21:16:27.803,282,0,1,50,1285,0,18709,1823,0,25215,0x07
2026-09-06T21:16:27.884,285,0,2,51,-1997,-1098,22830,-2409,-1510,27722,0x07
2026-09-06T21:16:27.884,284,0,1,51,1216,0,17838,1796,0,24872,0x07
2026-09-06T21:16:27.949,287,0,2,51,-2338,-1647,24768,-2677,-1882,29691,0x07
2026-09-06T21:16:27.949,286,0,1,51,960,0,14616,1609,0,22493,0x07
2026-09-06T21:16:28.014,289,0,2,51,-2758,-1686,29861,-2991,-1922,33683,0x07
2026-09-06T21:16:28.014,288,0,1,52,732,0,11741,1401,0,19853,0x07
2026-09-06T21:16:28.079,291,0,2,54,-3216,-2315,32931,-3369,-2241,37347,0x07
2026-09-06T21:16:28.079,290,0,1,50,510,0,8944,1221,0,17567,0x07
2026-09-06T21:16:28.144,293,0,2,50,-3216,-2360,32739,-3369,-2620,35735,0x07
2026-09-06T21:16:28.144,292,0,1,50,509,0,8931,1222,0,17580,0x07
2026-09-06T21:16:28.209,295,0,2,50,-3273,-2760,31744,-3438,-2720,36224,0x07
2026-09-06T21:16:28.209,294,0,1,51,505,0,8881,1227,0,17638,0x07
2026-09-06T21:16:28.274,297,0,2,50,-3316,-2680,32625,-3469,-2840,36123,0x07
2026-09-06T21:16:28.274,296,0,1,52,503,0,8863,1228,0,17651,0x07
2026-09-06T21:16:28.340,299,0,2,50,-3374,-2880,32502,-3467,-3100,35000,0x07
2026-09-06T21:16:28.340,298,0,1,52,500,0,8817,1232,0,17700,0x07
2026-09-06T21:16:28.421,301,0,2,50,-3374,-3180,31226,-3482,-3140,35020,0x07
2026-09-06T21:16:28.421,300,0,1,51,500,0,8817,1232,0,17700,0x07
2026-09-06T21:16:28.470,303,0,2,50,-3374,-2900,32416,-3441,-3020,34987,0x07
2026-09-06T21:16:28.470,302,0,1,51,496,0,8774,1235,0,17744,0x07
2026-09-06T21:16:28.551,305,0,2,54,-3374,-1037,40000,-3302,-1907,37876,0x07
2026-09-06T21:16:28.615,307,0,2,51,0,0,0,0,0,0,0x03
2026-09-06T21:16:28.615,304,0,1,52,497,0,8782,1234,0,17736,0x07
2026-09-06T21:16:28.680,309,0,2,51,0,0,0,0,0,0,0x03
2026-09-06T21:16:28.680,306,0,1,51,498,0,8792,1234,0,17727,0x07
2026-09-06T21:16:28.746,309,0,2,52,0,0,0,0,0,0,0x03
2026-09-06T21:16:28.746,306,0,1,52,3310,0,40000,2794,0,37557,0x07
2026-09-06T21:16:28.811,309,0,2,51,0,0,0,0,0,0,0x03
2026-09-06T21:16:28.811,312,0,1,52,0,0,3022,0,0,16325,0x07
2026-09-06T21:16:28.876,315,0,2,52,0,0,20593,0,0,18664,0x07
2026-09-06T21:16:28.876,314,0,1,50,60,0,3277,1688,0,23498,0x07
2026-09-06T21:16:28.941,317,0,2,51,2188,118,29392,1829,216,25520,0x07
2026-09-06T21:16:28.941,316,0,1,52,456,0,8264,1277,0,18279,0x07
2026-09-06T21:16:29.006,319,0,2,50,2648,740,32510,2626,2200,27667,0x07
2026-09-06T21:16:29.006,318,0,1,51,447,0,8154,1286,0,18395,0x07
2026-09-06T21:16:29.087,321,0,2,51,2843,863,34426,2710,2667,26789,0x07
2026-09-06T21:16:29.087,320,0,1,50,0,0,8834,0,0,13648,0x07
2026-09-06T21:16:29.152,323,0,2,51,2837,1039,33599,2619,2882,24674,0x07
2026-09-06T21:16:29.152,322,0,1,52,-756,0,12047,-1371,0,19476,0x07
2026-09-06T21:16:29.218,325,0,2,54,2738,1426,30714,2523,2259,26047,0x07
2026-09-06T21:16:29.218,324,0,1,51,-775,0,12281,-1384,0,19640,0x07
2026-09-06T21:16:29.283,327,0,2,52,2738,1577,30072,2523,1923,27475,0x07
2026-09-06T21:16:29.283,326,0,1,52,-766,0,12174,-1382,0,19609,0x07
2026-09-06T21:16:29.348,329,0,2,51,2829,1510,31498,2684,2588,26788,0x07
2026-09-06T21:16:29.348,328,0,1,52,0,0,17853,0,0,21796,0x07
2026-09-06T21:16:29.413,331,0,2,58,3117,1707,34272,3161,2862,31943,0x07
2026-09-06T21:16:29.413,330,0,1,51,1836,0,25657,2334,0,31716,0x07
2026-09-06T21:16:29.478,333,0,2,50,3117,1720,34216,3161,3080,31017,0x07
2026-09-06T21:16:29.478,332,0,1,52,1960,0,27217,2414,0,32729,0x07
2026-09-06T21:16:29.543,335,0,2,50,3259,1640,36336,3406,3380,32987,0x07
2026-09-06T21:16:29.543,334,0,1,51,2124,0,29283,2542,0,34363,0x07
2026-09-06T21:16:29.625,337,0,2,51,3291,1863,35782,3500,3333,34439,0x07
2026-09-06T21:16:29.625,336,0,1,50,2212,0,30392,2634,0,35524,0x07
2026-09-06T21:16:29.690,339,0,2,57,2822,1807,30154,3359,3649,31227,0x07
2026-09-06T21:16:29.690,338,0,1,53,2062,0,28501,2571,0,34732,0x07
2026-09-06T21:16:29.755,341,0,2,51,2822,1784,30251,3359,3725,30902,0x07
2026-09-06T21:16:29.755,340,0,1,50,2062,0,28501,2571,0,34732,0x07
2026-09-06T21:16:29.820,343,0,2,50,2379,1600,25484,2970,3440,26957,0x07
2026-09-06T21:16:29.821,342,0,1,52,1672,0,23594,2286,0,31096,0x07
2026-09-06T21:16:29.885,345,0,2,51,1793,1255,19608,2465,2667,23540,0x07
2026-09-06T21:16:29.886,344,0,1,50,1248,0,18242,1916,0,26394,0x07
2026-09-06T21:16:29.951,347,0,2,50,825,1180,7815,1661,2400,14008,0x07
2026-09-06T21:16:29.951,346,0,1,52,450,0,8192,1283,0,18354,0x07
2026-09-06T21:16:30.016,349,0,2,50,379,800,3840,1357,1900,12103,0x07
2026-09-06T21:16:30.016,348,0,1,51,412,0,7712,1323,0,18861,0x07
2026-09-06T21:16:30.082,351,0,2,55,-1318,-36,18839,-1875,-73,26745,0x07
2026-09-06T21:16:30.082,350,0,1,52,-1205,0,17706,-1775,0,24605,0x07
2026-09-06T21:16:30.146,353,0,2,50,-1318,-820,15509,-1875,-1140,22209,0x07
2026-09-06T21:16:30.228,355,0,2,52,-2250,-519,28467,-2486,-1904,27064,0x07
2026-09-06T21:16:30.228,352,0,1,51,-1205,0,17706,-1775,0,24605,0x07
2026-09-06T21:16:30.293,357,0,2,51,-2923,-647,36348,-3039,-1647,35486,0x07
2026-09-06T21:16:30.293,354,0,1,51,-2031,0,28118,-2325,0,31604,0x07
2026-09-06T21:16:30.358,357,0,2,51,-3289,-1647,36681,-3334,-2333,36485,0x07
2026-09-06T21:16:30.358,354,0,1,52,-2488,0,33866,-2760,0,37126,0x07
2026-09-06T21:16:30.424,357,0,2,51,-3289,-1235,38431,-3334,-2863,34235,0x07
2026-09-06T21:16:30.488,363,0,2,50,-3374,0,40000,-3379,-100,40000,0x07
2026-09-06T21:16:30.488,362,0,1,55,-2466,0,33594,-2938,0,39387,0x07
2026-09-06T21:16:30.554,365,0,2,50,-3374,-1880,36752,-3379,-2620,35860,0x07
2026-09-06T21:16:30.554,364,0,1,50,-2466,0,33594,-2938,0,39387,0x07
2026-09-06T21:16:30.619,365,0,2,50,-3356,-1620,37637,-3466,-3180,34635,0x07
2026-09-06T21:16:30.619,364,0,1,52,-2246,0,30825,-2757,0,37086,0x07
2026-09-06T21:16:30.684,365,0,2,51,-3356,-1529,38022,-3466,-3353,33900,0x07
2026-09-06T21:16:30.684,368,0,1,51,-2246,0,30825,-2757,0,37086,0x07
2026-09-06T21:16:30.749,371,0,2,58,-2940,-52,39085,-3378,-69,40000,0x07
2026-09-06T21:16:30.749,370,0,1,50,-1643,0,23229,-2246,0,30594,0x07
2026-09-06T21:16:30.815,373,0,2,51,-2940,-1863,31388,-3378,-2549,36157,0x07
2026-09-06T21:16:30.815,372,0,1,51,-1208,0,17744,-1881,0,25949,0x07
2026-09-06T21:16:30.896,375,0,2,51,-2525,-1627,27200,-3081,-3549,27970,0x07
2026-09-06T21:16:30.896,374,0,1,50,-723,0,11628,-1451,0,20495,0x07
2026-09-06T21:16:30.961,377,0,2,50,-2045,-1620,21216,-2665,-2840,25463,0x07
2026-09-06T21:16:30.961,376,0,1,50,-470,0,8447,-1262,0,18088,0x07
2026-09-06T21:16:31.026,379,0,2,57,-438,-1211,2835,-1296,-2105,10417,0x07
2026-09-06T21:16:31.026,378,0,1,56,-440,0,8059,-1294,0,18492,0x07
2026-09-06T21:16:31.091,381,0,2,50,-438,-640,5259,-1296,-1440,13245,0x07
2026-09-06T21:16:31.091,380,0,1,52,-440,0,8059,-1294,0,18492,0x07
2026-09-06T21:16:31.155,383,0,2,51,0,0,7932,0,0,13739,0x07
2026-09-06T21:16:31.155,382,0,1,52,-463,0,8349,-1270,0,18189,0x07
2026-09-06T21:16:31.221,385,0,2,51,657,20,10642,1282,863,15523,0x07
2026-09-06T21:16:31.221,384,0,1,50,-504,0,8868,-1227,0,17647,0x07
2026-09-06T21:16:31.287,387,0,2,50,1697,0,23746,1998,1320,23079,0x07
2026-09-06T21:16:31.287,386,0,1,51,-528,0,9170,-1203,0,17331,0x07
2026-09-06T21:16:31.352,389,0,2,50,2400,300,31274,2632,1680,29956,0x07
2026-09-06T21:16:31.352,388,0,1,50,-570,0,9702,-1159,0,16775,0x07
2026-09-06T21:16:31.417,391,0,2,54,3152,1037,37555,3297,2815,33950,0x07
2026-09-06T21:16:31.417,390,0,1,57,-1401,0,20167,-1825,0,25242,0x07
2026-09-06T21:16:31.499,393,0,2,51,3152,1314,36379,3297,3098,32747,0x07
2026-09-06T21:16:31.499,392,0,1,52,-1401,0,20167,-1825,0,25242,0x07
2026-09-06T21:16:31.563,395,0,2,50,3257,1320,37661,3408,3340,33185,0x07
2026-09-06T21:16:31.563,394,0,1,50,-1926,0,26791,-2284,0,31083,0x07
2026-09-06T21:16:31.629,397,0,2,51,3238,1569,36372,3454,3569,32826,0x07
2026-09-06T21:16:31.629,396,0,1,52,-2428,0,33114,-2708,0,36462,0x07
2026-09-06T21:16:31.694,399,0,2,50,0,0,0,0,0,0,0x03
2026-09-06T21:16:31.758,401,0,2,51,0,0,0,0,0,0,0x03
2026-09-06T21:16:31.758,398,0,1,51,-2745,0,37110,-3000,0,40000,0x07
2026-09-06T21:16:31.823,403,0,2,51,0,0,0,0,0,0,0x03
2026-09-06T21:16:31.823,400,0,1,51,-2744,0,37092,-3088,0,40000,0x07
2026-09-06T21:16:31.889,403,0,2,50,0,0,0,0,0,0,0x03
2026-09-06T21:16:31.889,400,0,1,50,-2806,0,37875,-3133,0,40000,0x07
2026-09-06T21:16:31.954,403,0,2,51,0,0,0,0,0,0,0x03
2026-09-06T21:16:31.954,406,0,1,51,0,0,23158,0,0,26670,0x07
2026-09-06T21:16:32.036,409,0,2,53,0,0,0,0,0,0,0x03
2026-09-06T21:16:32.036,408,0,1,52,-2471,0,33662,-2910,0,39039,0x07
2026-09-06T21:16:32.101,411,0,2,51,0,0,0,0,0,0,0x03
2026-09-06T21:16:32.101,410,0,1,51,-1758,0,24674,-2365,0,32103,0x07
2026-09-06T21:16:32.166,413,0,2,51,0,0,0,0,0,0,0x03
2026-09-06T21:16:32.166,412,0,1,50,-1758,0,24674,-2365,0,32103,0x07
2026-09-06T21:16:32.231,415,0,2,52,0,0,0,0,0,0,0x03
2026-09-06T21:16:32.231,414,0,1,52,-1598,0,22655,-2172,0,29650,0x07
2026-09-06T21:16:32.296,417,0,2,50,0,0,0,0,0,0,0x03
2026-09-06T21:16:32.296,416,0,1,51,-1631,0,23075,-2152,0,29397,0x07
2026-09-06T21:16:32.361,419,0,2,51,0,0,0,0,0,0,0x03
2026-09-06T21:16:32.361,418,0,1,51,-1477,0,21133,-2051,0,28111,0x07
2026-09-06T21:16:32.427,421,0,2,52,0,0,0,0,0,0,0x03
2026-09-06T21:16:32.427,420,0,1,50,-1689,0,23799,-2162,0,29526,0x07
2026-09-06T21:16:32.492,423,0,2,51,0,0,0,0,0,0,0x03
2026-09-06T21:16:32.492,422,0,1,51,-1627,0,23016,-2158,0,29481,0x07
2026-09-06T21:16:32.574,425,0,2,51,0,0,0,0,0,0,0x03
2026-09-06T21:16:32.574,424,0,1,50,-1586,0,22506,-2124,0,29042,0x07
2026-09-06T21:16:32.623,427,0,2,50,0,0,0,0,0,0,0x03
2026-09-06T21:16:32.623,426,0,1,51,-1530,0,21804,-2078,0,28459,0x07
2026-09-06T21:16:32.704,429,0,2,50,0,0,0,0,0,0,0x03
2026-09-06T21:16:32.704,428,0,1,51,-1333,0,19313,-1932,0,26607,0x07
2026-09-06T21:16:32.769,431,0,2,50,0,0,0,0,0,0,0x03
2026-09-06T21:16:32.769,430,0,1,50,-1168,0,17239,-1781,0,24681,0x07
2026-09-06T21:16:32.834,433,0,2,51,0,0,0,0,0,0,0x03
2026-09-06T21:16:32.834,432,0,1,50,-1055,0,15810,-1667,0,23239,0x07
2026-09-06T21:16:32.899,435,0,2,50,0,0,0,0,0,0,0x03
2026-09-06T21:16:32.899,434,0,1,53,-1299,0,18888,-1820,0,25176,0x07
2026-09-06T21:16:32.964,437,0,2,50,0,0,0,0,0,0,0x03
2026-09-06T21:16:32.964,436,0,1,51,-1299,0,18888,-1820,0,25176,0x07
2026-09-06T21:16:33.029,439,0,2,52,0,0,0,0,0,0,0x03
2026-09-06T21:16:33.029,438,0,1,50,-1593,0,22591,-2053,0,28143,0x07
2026-09-06T21:16:33.095,441,0,2,51,0,0,0,0,0,0,0x03
2026-09-06T21:16:33.095,440,0,1,52,-1654,0,23356,-2152,0,29407,0x07
2026-09-06T21:16:33.160,443,0,2,52,0,0,0,0,0,0,0x03
2026-09-06T21:16:33.160,442,0,1,57,-1527,0,21758,-2096,0,28694,0x07
2026-09-06T21:16:33.241,445,0,2,51,0,0,0,0,0,0,0x03
2026-09-06T21:16:33.242,444,0,1,52,-1527,0,21758,-2096,0,28694,0x07
2026-09-06T21:16:33.306,447,0,2,50,0,0,0,0,0,0,0x03
2026-09-06T21:16:33.306,446,0,1,50,-1313,0,19062,-1921,0,26461,0x07
2026-09-06T21:16:33.370,449,0,2,52,0,0,0,0,0,0,0x03
2026-09-06T21:16:33.370,448,0,1,52,-1040,0,15627,-1689,0,23516,0x07
2026-09-06T21:16:33.435,451,0,2,51,0,0,0,0,0,0,0x03
2026-09-06T21:16:33.435,450,0,1,52,-846,0,13183,-1498,0,21090,0x07
2026-09-06T21:16:33.500,453,0,2,51,0,0,0,0,0,0,0x03
2026-09-06T21:16:33.500,452,0,1,52,-534,0,9247,-1238,0,17776,0x07
2026-09-06T21:16:33.565,455,0,2,50,0,0,0,0,0,0,0x03
2026-09-06T21:16:33.565,454,0,1,52,-480,0,8566,-1252,0,17963,0x07
2026-09-06T21:16:33.631,457,0,2,50,0,0,0,0,0,0,0x03
2026-09-06T21:16:33.631,456,0,1,50,-480,0,8566,-1252,0,17963,0x07
2026-09-06T21:16:33.696,459,0,2,51,0,0,0,0,0,0,0x03
2026-09-06T21:16:33.696,458,0,1,50,-484,0,8622,-1248,0,17905,0x07
2026-09-06T21:16:33.761,461,0,2,52,0,0,0,0,0,0,0x03
2026-09-06T21:16:33.761,460,0,1,52,-508,0,8919,-1223,0,17593,0x07
2026-09-06T21:16:33.843,463,0,2,50,0,0,0,0,0,0,0x03
2026-09-06T21:16:33.843,462,0,1,56,-489,0,8685,-1242,0,17838,0x07
2026-09-06T21:16:33.908,465,0,2,51,0,0,0,0,0,0,0x03
2026-09-06T21:16:33.908,464,0,1,51,-489,0,8685,-1242,0,17838,0x07
2026-09-06T21:16:33.973,467,0,2,50,0,0,0,0,0,0,0x03
2026-09-06T21:16:33.973,466,0,1,52,-488,0,8663,-1244,0,17861,0x07
2026-09-06T21:16:34.038,469,0,2,50,0,0,0,0,0,0,0x03
2026-09-06T21:16:34.038,468,0,1,52,-487,0,8655,-1245,0,17870,0x07
2026-09-06T21:16:34.102,471,0,2,51,0,0,0,0,0,0,0x03
2026-09-06T21:16:34.102,470,0,1,52,-492,0,8714,-1240,0,17808,0x07
2026-09-06T21:16:34.167,473,0,2,52,0,0,0,0,0,0,0x03
2026-09-06T21:16:34.167,472,0,1,51,-464,0,8370,-1268,0,18168,0x07
2026-09-06T21:16:34.232,475,0,2,51,0,0,0,0,0,0,0x03
2026-09-06T21:16:34.232,474,0,1,51,-464,0,8367,-1269,0,18172,0x07
2026-09-06T21:16:34.313,477,0,2,50,0,0,0,0,0,0,0x03
2026-09-06T21:16:34.314,476,0,1,50,-466,0,8396,-1266,0,18141,0x07
2026-09-06T21:16:34.379,479,0,2,50,0,0,0,0,0,0,0x03
2026-09-06T21:16:34.379,478,0,1,50,-466,0,8388,-1267,0,18150,0x07
2026-09-06T21:16:34.444,481,0,2,55,0,0,0,0,0,0,0x03
2026-09-06T21:16:34.444,480,0,1,51,-467,0,8405,-1266,0,18133,0x07
2026-09-06T21:16:34.510,483,0,2,51,0,0,0,0,0,0,0x03
2026-09-06T21:16:34.510,482,0,1,51,-468,0,8412,-1265,0,18123,0x07
2026-09-06T21:16:34.574,485,0,2,50,0,0,0,0,0,0,0x03
2026-09-06T21:16:34.574,484,0,1,51,-467,0,8409,-1265,0,18127,0x07
