timestamp,sequence,team,robot_id,interval_ms,left_target_eps,left_measured_eps,left_duty,right_target_eps,right_measured_eps,right_duty,flags
2026-09-06T14:36:16.165-03:00,502,0,0,50,0,0,0,0,0,0,0x03
2026-09-06T14:36:16.186-03:00,503,0,0,52,0,0,0,0,0,0,0x03
2026-09-06T14:36:16.206-03:00,504,0,0,51,0,0,0,0,0,0,0x03
2026-09-06T14:36:16.225-03:00,505,0,0,50,0,0,0,0,0,0,0x03
2026-09-06T14:36:16.248-03:00,505,0,0,50,0,0,0,0,0,0,0x03
2026-09-06T14:36:16.266-03:00,505,0,0,50,0,0,0,0,0,0,0x03
2026-09-06T14:36:16.286-03:00,505,0,0,52,0,0,0,0,0,0,0x03
2026-09-06T14:36:16.304-03:00,505,0,0,52,0,0,0,0,0,0,0x03
2026-09-06T14:36:16.328-03:00,505,0,0,53,0,0,0,0,0,0,0x03
2026-09-06T14:36:16.346-03:00,505,0,0,53,0,0,0,0,0,0,0x03
2026-09-06T14:36:16.366-03:00,505,0,0,53,0,0,0,0,0,0,0x03
2026-09-06T14:36:16.386-03:00,8,0,0,52,0,0,30100,0,0,28548,0x07
2026-09-06T14:36:16.404-03:00,9,0,0,52,0,0,30100,0,0,28548,0x07
2026-09-06T14:36:16.426-03:00,10,0,0,52,3374,1115,39699,3500,0,40000,0x07
2026-09-06T14:36:16.445-03:00,11,0,0,52,3374,1115,39699,3500,0,40000,0x07
2026-09-06T14:36:16.468-03:00,12,0,0,52,3374,1115,39699,3500,0,40000,0x07
2026-09-06T14:36:16.486-03:00,13,0,0,51,3374,3431,29856,3500,0,40000,0x07
2026-09-06T14:36:16.504-03:00,14,0,0,51,3374,3431,29856,3500,0,40000,0x07
2026-09-06T14:36:16.528-03:00,15,0,0,52,3374,3385,30055,3500,0,40000,0x07
2026-09-06T14:36:16.546-03:00,16,0,0,52,3374,3385,30055,3500,0,40000,0x07
2026-09-06T14:36:16.565-03:00,17,0,0,52,3374,3385,30055,3500,0,40000,0x07
2026-09-06T14:36:16.587-03:00,18,0,0,51,3374,2667,33106,3500,0,40000,0x07
2026-09-06T14:36:16.606-03:00,19,0,0,51,3374,2667,33106,3500,0,40000,0x07
2026-09-06T14:36:16.628-03:00,20,0,0,51,3374,2667,33106,3500,0,40000,0x07
2026-09-06T14:36:16.646-03:00,21,0,0,51,3374,3020,31606,3500,0,40000,0x07
2026-09-06T14:36:16.666-03:00,22,0,0,51,3374,3020,31606,3500,0,40000,0x07
2026-09-06T14:36:16.685-03:00,23,0,0,57,3374,3614,29080,3500,0,40000,0x07
2026-09-06T14:36:16.708-03:00,24,0,0,57,3374,3614,29080,3500,0,40000,0x07
2026-09-06T14:36:16.728-03:00,25,0,0,57,3374,3614,29080,3500,0,40000,0x07
2026-09-06T14:36:16.748-03:00,26,0,0,50,3374,3580,29224,3500,0,40000,0x07
2026-09-06T14:36:16.765-03:00,27,0,0,50,3374,3580,29224,3500,0,40000,0x07
2026-09-06T14:36:16.788-03:00,28,0,0,50,3374,3460,29734,3500,0,40000,0x07
2026-09-06T14:36:16.807-03:00,29,0,0,50,3374,3460,29734,3500,0,40000,0x07
2026-09-06T14:36:16.825-03:00,30,0,0,50,3374,3460,29734,3500,0,40000,0x07
2026-09-06T14:36:16.849-03:00,31,0,0,50,3374,3460,29734,3500,0,40000,0x07
2026-09-06T14:36:16.867-03:00,32,0,0,50,3374,3460,29734,3500,0,40000,0x07
2026-09-06T14:36:16.889-03:00,33,0,0,50,3374,3460,29734,3500,0,40000,0x07
2026-09-06T14:36:16.906-03:00,34,0,0,52,3374,3500,29564,3500,0,40000,0x07
2026-09-06T14:36:16.926-03:00,35,0,0,52,3374,3500,29564,3500,0,40000,0x07
2026-09-06T14:36:16.948-03:00,36,0,0,51,3374,3490,29606,3500,0,40000,0x07
2026-09-06T14:36:16.966-03:00,37,0,0,51,3374,3490,29606,3500,0,40000,0x07
2026-09-06T14:36:16.984-03:00,38,0,0,51,3374,3490,29606,3500,0,40000,0x07
2026-09-06T14:36:17.007-03:00,39,0,0,51,3374,3510,29523,3500,0,40000,0x07
2026-09-06T14:36:17.027-03:00,40,0,0,51,3374,3510,29523,3500,0,40000,0x07
2026-09-06T14:36:17.045-03:00,41,0,0,53,3374,3472,29685,3500,0,40000,0x07
2026-09-06T14:36:17.069-03:00,42,0,0,53,3374,3472,29685,3500,0,40000,0x07
2026-09-06T14:36:17.089-03:00,43,0,0,53,3374,3472,29685,3500,0,40000,0x07
2026-09-06T14:36:17.107-03:00,44,0,0,51,3374,3510,29523,3500,0,40000,0x07
2026-09-06T14:36:17.125-03:00,45,0,0,51,3374,3510,29523,3500,0,40000,0x07
2026-09-06T14:36:17.149-03:00,46,0,0,53,3374,3491,29605,3500,0,40000,0x07
2026-09-06T14:36:17.167-03:00,47,0,0,53,3374,3491,29605,3500,0,40000,0x07
2026-09-06T14:36:17.185-03:00,48,0,0,53,3374,3491,29605,3500,0,40000,0x07
2026-09-06T14:36:17.208-03:00,49,0,0,50,3374,3520,29480,3500,0,40000,0x07
2026-09-06T14:36:17.225-03:00,50,0,0,50,3374,3520,29480,3500,0,40000,0x07
2026-09-06T14:36:17.245-03:00,51,0,0,50,3374,3520,29480,3500,0,40000,0x07
2026-09-06T14:36:17.264-03:00,52,0,0,52,3374,3519,29483,3500,0,40000,0x07
2026-09-06T14:36:17.286-03:00,53,0,0,52,3374,3519,29483,3500,0,40000,0x07
2026-09-06T14:36:17.304-03:00,54,0,0,56,3374,3464,29716,3500,0,40000,0x07
2026-09-06T14:36:17.324-03:00,55,0,0,56,3374,3464,29716,3500,0,40000,0x07
2026-09-06T14:36:17.347-03:00,56,0,0,56,3374,3464,29716,3500,0,40000,0x07
2026-09-06T14:36:17.365-03:00,57,0,0,57,3374,3491,29602,3500,0,40000,0x07
2026-09-06T14:36:17.389-03:00,58,0,0,57,3374,3491,29602,3500,0,40000,0x07
2026-09-06T14:36:17.407-03:00,59,0,0,57,3374,3491,29602,3500,0,40000,0x07
2026-09-06T14:36:17.427-03:00,60,0,0,50,3374,3480,29650,3500,0,40000,0x07
2026-09-06T14:36:17.445-03:00,61,0,0,50,3374,3480,29650,3500,0,40000,0x07
2026-09-06T14:36:17.468-03:00,62,0,0,54,3374,3537,29407,3500,0,40000,0x07
2026-09-06T14:36:17.488-03:00,63,0,0,54,3374,3537,29407,3500,0,40000,0x07
2026-09-06T14:36:17.506-03:00,64,0,0,54,3374,3537,29407,3500,0,40000,0x07
2026-09-06T14:36:17.524-03:00,65,0,0,50,3374,3520,29480,3500,0,40000,0x07
2026-09-06T14:36:17.547-03:00,66,0,0,50,3374,3520,29480,3500,0,40000,0x07
2026-09-06T14:36:17.565-03:00,67,0,0,50,3374,3520,29480,3500,0,40000,0x07
2026-09-06T14:36:17.588-03:00,68,0,0,54,3374,3500,29564,3500,0,40000,0x07
2026-09-06T14:36:17.606-03:00,69,0,0,54,3374,3500,29564,3500,0,40000,0x07
2026-09-06T14:36:17.624-03:00,70,0,0,53,3374,3472,29685,3500,0,40000,0x07
2026-09-06T14:36:17.645-03:00,71,0,0,53,3374,3472,29685,3500,0,40000,0x07
2026-09-06T14:36:17.665-03:00,72,0,0,53,3374,3472,29685,3500,0,40000,0x07
2026-09-06T14:36:17.685-03:00,73,0,0,50,3374,3520,29480,3500,0,40000,0x07
2026-09-06T14:36:17.709-03:00,74,0,0,50,3374,3520,29480,3500,0,40000,0x07
2026-09-06T14:36:17.728-03:00,75,0,0,50,3374,3480,29650,3500,0,40000,0x07
2026-09-06T14:36:17.746-03:00,76,0,0,50,3374,3480,29650,3500,0,40000,0x07
2026-09-06T14:36:17.769-03:00,77,0,0,50,3374,3480,29650,3500,0,40000,0x07
2026-09-06T14:36:17.787-03:00,78,0,0,52,3374,3500,29564,3500,0,40000,0x07
2026-09-06T14:36:17.807-03:00,79,0,0,52,3374,3500,29564,3500,0,40000,0x07
2026-09-06T14:36:17.825-03:00,80,0,0,53,3374,3509,29524,3500,0,40000,0x07
2026-09-06T14:36:17.849-03:00,81,0,0,53,3374,3509,29524,3500,0,40000,0x07
2026-09-06T14:36:17.869-03:00,82,0,0,53,3374,3509,29524,3500,0,40000,0x07
2026-09-06T14:36:17.884-03:00,83,0,0,57,3374,3491,29602,3500,0,40000,0x07
2026-09-06T14:36:17.907-03:00,84,0,0,57,3374,3491,29602,3500,0,40000,0x07
2026-09-06T14:36:17.926-03:00,85,0,0,57,3374,3491,29602,3500,0,40000,0x07
2026-09-06T14:36:17.946-03:00,86,0,0,57,3374,3509,29527,3500,0,40000,0x07
2026-09-06T14:36:17.964-03:00,87,0,0,57,3374,3509,29527,3500,0,40000,0x07
2026-09-06T14:36:17.989-03:00,88,0,0,57,3374,3509,29527,3500,0,40000,0x07
2026-09-06T14:36:18.007-03:00,89,0,0,50,3374,3500,29564,3500,0,40000,0x07
2026-09-06T14:36:18.025-03:00,90,0,0,50,3374,3500,29564,3500,0,40000,0x07
2026-09-06T14:36:18.049-03:00,91,0,0,55,3374,3491,29603,3500,0,40000,0x07
2026-09-06T14:36:18.069-03:00,92,0,0,55,3374,3491,29603,3500,0,40000,0x07
2026-09-06T14:36:18.087-03:00,93,0,0,55,3374,3491,29603,3500,0,40000,0x07
2026-09-06T14:36:18.108-03:00,94,0,0,51,3374,3510,29523,3500,0,40000,0x07
2026-09-06T14:36:18.126-03:00,95,0,0,51,3374,3510,29523,3500,0,40000,0x07
2026-09-06T14:36:18.149-03:00,96,0,0,51,3374,3510,29523,3500,0,40000,0x07
2026-09-06T14:36:18.166-03:00,97,0,0,53,3374,3528,29445,3500,0,40000,0x07
2026-09-06T14:36:18.184-03:00,98,0,0,53,3374,3528,29445,3500,0,40000,0x07
2026-09-06T14:36:18.208-03:00,99,0,0,56,3374,3464,29718,3500,0,40000,0x07
2026-09-06T14:36:18.226-03:00,100,0,0,56,3374,3464,29718,3500,0,40000,0x07
2026-09-06T14:36:18.244-03:00,101,0,0,56,3374,3464,29718,3500,0,40000,0x07
2026-09-06T14:36:18.267-03:00,102,0,0,50,3374,3520,29482,3500,0,40000,0x07
2026-09-06T14:36:18.285-03:00,103,0,0,50,3374,3520,29482,3500,0,40000,0x07
2026-09-06T14:36:18.309-03:00,104,0,0,50,3374,3520,29482,3500,0,40000,0x07
2026-09-06T14:36:18.327-03:00,105,0,0,51,3374,3510,29525,3500,0,40000,0x07
2026-09-06T14:36:18.347-03:00,106,0,0,51,3374,3510,29525,3500,0,40000,0x07
2026-09-06T14:36:18.368-03:00,107,0,0,51,3374,3471,29692,3500,0,40000,0x07
2026-09-06T14:36:18.388-03:00,108,0,0,51,3374,3471,29692,3500,0,40000,0x07
2026-09-06T14:36:18.408-03:00,109,0,0,51,3374,3471,29692,3500,0,40000,0x07
2026-09-06T14:36:18.426-03:00,110,0,0,54,3374,3481,29645,3500,0,40000,0x07
2026-09-06T14:36:18.444-03:00,111,0,0,54,3374,3481,29645,3500,0,40000,0x07
2026-09-06T14:36:18.467-03:00,112,0,0,54,3374,3556,29330,3500,0,40000,0x07
2026-09-06T14:36:18.485-03:00,113,0,0,54,3374,3556,29330,3500,0,40000,0x07
2026-09-06T14:36:18.509-03:00,114,0,0,54,3374,3556,29330,3500,0,40000,0x07
2026-09-06T14:36:18.527-03:00,115,0,0,51,3374,3510,29525,3500,0,40000,0x07
2026-09-06T14:36:18.545-03:00,116,0,0,51,3374,3510,29525,3500,0,40000,0x07
2026-09-06T14:36:18.569-03:00,117,0,0,50,3374,3460,29736,3500,0,40000,0x07
2026-09-06T14:36:18.587-03:00,118,0,0,50,3374,3460,29736,3500,0,40000,0x07
2026-09-06T14:36:18.605-03:00,119,0,0,50,3374,3460,29736,3500,0,40000,0x07
2026-09-06T14:36:18.625-03:00,120,0,0,51,3374,3529,29442,3500,0,40000,0x07
2026-09-06T14:36:18.645-03:00,121,0,0,51,3374,3529,29442,3500,0,40000,0x07
2026-09-06T14:36:18.669-03:00,122,0,0,51,3374,3529,29442,3500,0,40000,0x07
2026-09-06T14:36:18.684-03:00,123,0,0,52,3374,3500,29566,3500,0,40000,0x07
2026-09-06T14:36:18.707-03:00,124,0,0,52,3374,3500,29566,3500,0,40000,0x07
2026-09-06T14:36:18.726-03:00,125,0,0,57,3374,3491,29604,3500,0,40000,0x07
2026-09-06T14:36:18.744-03:00,126,0,0,57,3374,3491,29604,3500,0,40000,0x07
2026-09-06T14:36:18.768-03:00,127,0,0,57,3374,3491,29604,3500,0,40000,0x07
2026-09-06T14:36:18.788-03:00,128,0,0,57,3374,3509,29529,3500,0,40000,0x07
2026-09-06T14:36:18.805-03:00,129,0,0,57,3374,3509,29529,3500,0,40000,0x07
2026-09-06T14:36:18.826-03:00,130,0,0,57,3374,3509,29529,3500,0,40000,0x07
2026-09-06T14:36:18.844-03:00,131,0,0,50,3374,3500,29566,3500,0,40000,0x07
2026-09-06T14:36:18.868-03:00,132,0,0,50,3374,3500,29566,3500,0,40000,0x07
2026-09-06T14:36:18.886-03:00,133,0,0,58,3374,3517,29493,3500,0,40000,0x07
2026-09-06T14:36:18.905-03:00,134,0,0,58,3374,3517,29493,3500,0,40000,0x07
2026-09-06T14:36:18.927-03:00,135,0,0,58,3374,3517,29493,3500,0,40000,0x07
2026-09-06T14:36:18.946-03:00,136,0,0,52,3374,3481,29648,3500,0,40000,0x07
2026-09-06T14:36:18.964-03:00,137,0,0,52,3374,3481,29648,3500,0,40000,0x07
2026-09-06T14:36:18.988-03:00,138,0,0,52,3374,3481,29648,3500,0,40000,0x07
2026-09-06T14:36:19.006-03:00,139,0,0,50,3374,3520,29482,3500,0,40000,0x07
2026-09-06T14:36:19.028-03:00,140,0,0,50,3374,3520,29482,3500,0,40000,0x07
2026-09-06T14:36:19.046-03:00,141,0,0,51,3374,3510,29525,3500,0,40000,0x07
2026-09-06T14:36:19.065-03:00,142,0,0,51,3374,3510,29525,3500,0,40000,0x07
2026-09-06T14:36:19.088-03:00,143,0,0,51,3374,3510,29525,3500,0,40000,0x07
2026-09-06T14:36:19.107-03:00,144,0,0,50,3374,3500,29566,3500,0,40000,0x07
2026-09-06T14:36:19.125-03:00,145,0,0,50,3374,3500,29566,3500,0,40000,0x07
2026-09-06T14:36:19.145-03:00,146,0,0,51,3374,3471,29692,3500,0,40000,0x07
2026-09-06T14:36:19.169-03:00,147,0,0,51,3374,3471,29692,3500,0,40000,0x07
2026-09-06T14:36:19.188-03:00,148,0,0,51,3374,3471,29692,3500,0,40000,0x07
2026-09-06T14:36:19.208-03:00,149,0,0,56,3374,3518,29491,3500,0,40000,0x07
2026-09-06T14:36:19.226-03:00,150,0,0,56,3374,3518,29491,3500,0,40000,0x07
2026-09-06T14:36:19.246-03:00,151,0,0,56,3374,3518,29491,3500,0,40000,0x07
2026-09-06T14:36:19.264-03:00,152,0,0,51,3374,3510,29525,3500,0,40000,0x07
2026-09-06T14:36:19.288-03:00,153,0,0,51,3374,3510,29525,3500,0,40000,0x07
2026-09-06T14:36:19.306-03:00,154,0,0,51,3374,3490,29608,3500,0,40000,0x07
2026-09-06T14:36:19.325-03:00,155,0,0,51,3374,3490,29608,3500,0,40000,0x07
2026-09-06T14:36:19.349-03:00,156,0,0,51,3374,3490,29608,3500,0,40000,0x07
2026-09-06T14:36:19.367-03:00,157,0,0,50,3374,3520,29482,3500,0,40000,0x07
2026-09-06T14:36:19.386-03:00,158,0,0,50,3374,3520,29482,3500,0,40000,0x07
2026-09-06T14:36:19.407-03:00,159,0,0,53,3374,3472,29687,3500,0,40000,0x07
2026-09-06T14:36:19.425-03:00,160,0,0,53,3374,3472,29687,3500,0,40000,0x07
2026-09-06T14:36:19.445-03:00,161,0,0,53,3374,3472,29687,3500,0,40000,0x07
2026-09-06T14:36:19.469-03:00,162,0,0,50,3374,3540,29396,3500,0,40000,0x07
2026-09-06T14:36:19.487-03:00,163,0,0,50,3374,3540,29396,3500,0,40000,0x07
2026-09-06T14:36:19.505-03:00,164,0,0,50,3374,3540,29396,3500,0,40000,0x07
2026-09-06T14:36:19.529-03:00,165,0,0,51,3374,3510,29525,3500,0,40000,0x07
2026-09-06T14:36:19.549-03:00,166,0,0,51,3374,3510,29525,3500,0,40000,0x07
2026-09-06T14:36:19.567-03:00,167,0,0,55,3374,3473,29682,3500,0,40000,0x07
2026-09-06T14:36:19.586-03:00,168,0,0,55,3374,3473,29682,3500,0,40000,0x07
2026-09-06T14:36:19.609-03:00,169,0,0,55,3374,3473,29682,3500,0,40000,0x07
2026-09-06T14:36:19.627-03:00,170,0,0,51,3374,3510,29525,3500,0,40000,0x07
2026-09-06T14:36:19.645-03:00,171,0,0,51,3374,3510,29525,3500,0,40000,0x07
2026-09-06T14:36:19.668-03:00,172,0,0,53,3374,3491,29607,3500,0,40000,0x07
2026-09-06T14:36:19.686-03:00,173,0,0,53,3374,3491,29607,3500,0,40000,0x07
2026-09-06T14:36:19.704-03:00,174,0,0,53,3374,3491,29607,3500,0,40000,0x07
2026-09-06T14:36:19.726-03:00,175,0,0,50,3374,3500,29566,3500,0,40000,0x07
2026-09-06T14:36:19.746-03:00,176,0,0,50,3374,3500,29566,3500,0,40000,0x07
2026-09-06T14:36:19.764-03:00,177,0,0,50,3374,3500,29566,3500,0,40000,0x07
2026-09-06T14:36:19.784-03:00,178,0,0,51,3374,3529,29442,3500,0,40000,0x07
2026-09-06T14:36:19.807-03:00,179,0,0,51,3374,3529,29442,3500,0,40000,0x07
2026-09-06T14:36:19.825-03:00,180,0,0,53,3374,3472,29687,3500,0,40000,0x07
2026-09-06T14:36:19.844-03:00,181,0,0,53,3374,3472,29687,3500,0,40000,0x07
2026-09-06T14:36:19.867-03:00,182,0,0,53,3374,3472,29687,3500,0,40000,0x07
2026-09-06T14:36:19.886-03:00,183,0,0,52,3374,3519,29485,3500,0,40000,0x07
2026-09-06T14:36:19.904-03:00,184,0,0,52,3374,3519,29485,3500,0,40000,0x07
2026-09-06T14:36:19.928-03:00,185,0,0,51,3374,3490,29608,3500,0,40000,0x07
2026-09-06T14:36:19.946-03:00,186,0,0,51,3374,3490,29608,3500,0,40000,0x07
2026-09-06T14:36:19.966-03:00,187,0,0,51,3374,3490,29608,3500,0,40000,0x07
2026-09-06T14:36:19.986-03:00,188,0,0,51,3374,3510,29525,3500,0,40000,0x07
2026-09-06T14:36:20.004-03:00,189,0,0,51,3374,3510,29525,3500,0,40000,0x07
2026-09-06T14:36:20.028-03:00,190,0,0,51,3374,3510,29525,3500,0,40000,0x07
2026-09-06T14:36:20.048-03:00,191,0,0,54,3374,3519,29488,3500,0,40000,0x07
2026-09-06T14:36:20.066-03:00,192,0,0,54,3374,3519,29488,3500,0,40000,0x07
2026-09-06T14:36:20.087-03:00,193,0,0,57,3374,3474,29678,3500,0,40000,0x07
2026-09-06T14:36:20.107-03:00,194,0,0,57,3374,3474,29678,3500,0,40000,0x07
2026-09-06T14:36:20.125-03:00,195,0,0,57,3374,3474,29678,3500,0,40000,0x07
2026-09-06T14:36:20.149-03:00,196,0,0,50,3374,3520,29482,3500,0,40000,0x07
2026-09-06T14:36:20.166-03:00,197,0,0,50,3374,3520,29482,3500,0,40000,0x07
2026-09-06T14:36:20.184-03:00,198,0,0,50,3374,3520,29482,3500,0,40000,0x07
2026-09-06T14:36:20.205-03:00,199,0,0,52,3374,3519,29485,3500,0,40000,0x07
2026-09-06T14:36:20.228-03:00,200,0,0,52,3374,3519,29485,3500,0,40000,0x07
2026-09-06T14:36:20.249-03:00,201,0,0,53,3374,3472,29687,3500,0,40000,0x07
2026-09-06T14:36:20.267-03:00,202,0,0,53,3374,3472,29687,3500,0,40000,0x07
2026-09-06T14:36:20.285-03:00,203,0,0,53,3374,3472,29687,3500,0,40000,0x07
2026-09-06T14:36:20.304-03:00,204,0,0,51,3374,3471,29692,3500,0,40000,0x07
2026-09-06T14:36:20.328-03:00,205,0,0,51,3374,3471,29692,3500,0,40000,0x07
2026-09-06T14:36:20.346-03:00,206,0,0,52,3374,3558,29321,3500,0,40000,0x07
2026-09-06T14:36:20.364-03:00,207,0,0,52,3374,3558,29321,3500,0,40000,0x07
2026-09-06T14:36:20.388-03:00,208,0,0,52,3374,3558,29321,3500,0,40000,0x07
2026-09-06T14:36:20.406-03:00,209,0,0,50,3374,3500,29566,3500,0,40000,0x07
2026-09-06T14:36:20.424-03:00,210,0,0,50,3374,3500,29566,3500,0,40000,0x07
2026-09-06T14:36:20.448-03:00,211,0,0,51,3374,3490,29608,3500,0,40000,0x07
2026-09-06T14:36:20.466-03:00,212,0,0,51,3374,3490,29608,3500,0,40000,0x07
2026-09-06T14:36:20.484-03:00,213,0,0,51,3374,3490,29608,3500,0,40000,0x07
2026-09-06T14:36:20.508-03:00,214,0,0,50,3374,3520,29482,3500,0,40000,0x07
2026-09-06T14:36:20.525-03:00,215,0,0,50,3374,3520,29482,3500,0,40000,0x07
2026-09-06T14:36:20.549-03:00,216,0,0,50,3374,3520,29482,3500,0,40000,0x07
2026-09-06T14:36:20.567-03:00,217,0,0,52,3374,3519,29485,3500,0,40000,0x07
2026-09-06T14:36:20.585-03:00,218,0,0,52,3374,3519,29485,3500,0,40000,0x07
2026-09-06T14:36:20.606-03:00,219,0,0,51,3374,3490,29608,3500,0,40000,0x07
2026-09-06T14:36:20.625-03:00,220,0,0,51,3374,3490,29608,3500,0,40000,0x07
2026-09-06T14:36:20.645-03:00,221,0,0,51,3374,3490,29608,3500,0,40000,0x07
2026-09-06T14:36:20.665-03:00,222,0,0,52,3374,3500,29566,3500,0,40000,0x07
2026-09-06T14:36:20.685-03:00,223,0,0,52,3374,3500,29566,3500,0,40000,0x07
2026-09-06T14:36:20.709-03:00,224,0,0,53,3374,3491,29607,3500,0,40000,0x07
2026-09-06T14:36:20.727-03:00,225,0,0,53,3374,3491,29607,3500,0,40000,0x07
2026-09-06T14:36:20.745-03:00,226,0,0,53,3374,3491,29607,3500,0,40000,0x07
2026-09-06T14:36:20.769-03:00,227,0,0,51,3374,3490,29608,3500,0,40000,0x07
2026-09-06T14:36:20.787-03:00,228,0,0,51,3374,3490,29608,3500,0,40000,0x07
2026-09-06T14:36:20.805-03:00,229,0,0,51,3374,3490,29608,3500,0,40000,0x07
2026-09-06T14:36:20.826-03:00,230,0,0,54,3374,3537,29409,3500,0,40000,0x07
2026-09-06T14:36:20.844-03:00,231,0,0,54,3374,3537,29409,3500,0,40000,0x07
2026-09-06T14:36:20.867-03:00,232,0,0,54,3374,3463,29724,3500,0,40000,0x07
2026-09-06T14:36:20.887-03:00,233,0,0,54,3374,3463,29724,3500,0,40000,0x07
2026-09-06T14:36:20.905-03:00,234,0,0,54,3374,3463,29724,3500,0,40000,0x07
2026-09-06T14:36:20.929-03:00,235,0,0,51,3374,3529,29442,3500,0,40000,0x07
2026-09-06T14:36:20.947-03:00,236,0,0,51,3374,3529,29442,3500,0,40000,0x07
2026-09-06T14:36:20.965-03:00,237,0,0,51,3374,3529,29442,3500,0,40000,0x07
2026-09-06T14:36:20.987-03:00,238,0,0,54,3374,3519,29488,3500,0,40000,0x07
2026-09-06T14:36:21.008-03:00,239,0,0,54,3374,3519,29488,3500,0,40000,0x07
2026-09-06T14:36:21.025-03:00,240,0,0,55,3374,3491,29605,3500,0,40000,0x07
2026-09-06T14:36:21.048-03:00,241,0,0,55,3374,3491,29605,3500,0,40000,0x07
2026-09-06T14:36:21.068-03:00,242,0,0,55,3374,3491,29605,3500,0,40000,0x07
2026-09-06T14:36:21.085-03:00,243,0,0,51,3374,3510,29525,3500,0,40000,0x07
2026-09-06T14:36:21.108-03:00,244,0,0,51,3374,3510,29525,3500,0,40000,0x07
2026-09-06T14:36:21.127-03:00,245,0,0,53,3374,3491,29607,3500,0,40000,0x07
2026-09-06T14:36:21.145-03:00,246,0,0,53,3374,3491,29607,3500,0,40000,0x07
2026-09-06T14:36:21.166-03:00,247,0,0,53,3374,3491,29607,3500,0,40000,0x07
2026-09-06T14:36:21.186-03:00,248,0,0,51,3374,3529,29442,3500,0,40000,0x07
2026-09-06T14:36:21.206-03:00,249,0,0,51,3374,3529,29442,3500,0,40000,0x07
2026-09-06T14:36:21.228-03:00,250,0,0,51,3374,3529,29442,3500,0,40000,0x07
2026-09-06T14:36:21.248-03:00,251,0,0,51,3374,3510,29525,3500,0,40000,0x07
2026-09-06T14:36:21.269-03:00,252,0,0,51,3374,3510,29525,3500,0,40000,0x07
2026-09-06T14:36:21.287-03:00,253,0,0,57,3374,3474,29678,3500,0,40000,0x07
2026-09-06T14:36:21.305-03:00,254,0,0,57,3374,3474,29678,3500,0,40000,0x07
2026-09-06T14:36:21.328-03:00,255,0,0,57,3374,3474,29678,3500,0,40000,0x07
2026-09-06T14:36:21.347-03:00,256,0,0,50,3374,3520,29482,3500,0,40000,0x07
2026-09-06T14:36:21.365-03:00,257,0,0,50,3374,3520,29482,3500,0,40000,0x07
2026-09-06T14:36:21.389-03:00,258,0,0,51,3374,3490,29608,3500,0,40000,0x07
2026-09-06T14:36:21.406-03:00,259,0,0,51,3374,3490,29608,3500,0,40000,0x07
2026-09-06T14:36:21.425-03:00,260,0,0,51,3374,3490,29608,3500,0,40000,0x07
2026-09-06T14:36:21.448-03:00,261,0,0,50,3374,3540,29396,3500,0,40000,0x07
2026-09-06T14:36:21.465-03:00,262,0,0,50,3374,3540,29396,3500,0,40000,0x07
2026-09-06T14:36:21.488-03:00,263,0,0,50,3374,3540,29396,3500,0,40000,0x07
2026-09-06T14:36:21.506-03:00,264,0,0,52,3374,3500,29566,3500,0,40000,0x07
2026-09-06T14:36:21.524-03:00,265,0,0,52,3374,3500,29566,3500,0,40000,0x07
2026-09-06T14:36:21.545-03:00,266,0,0,57,3374,3491,29604,3500,0,40000,0x07
2026-09-06T14:36:21.568-03:00,267,0,0,57,3374,3491,29604,3500,0,40000,0x07
2026-09-06T14:36:21.589-03:00,268,0,0,57,3374,3491,29604,3500,0,40000,0x07
2026-09-06T14:36:21.607-03:00,269,0,0,50,3374,3500,29566,3500,0,40000,0x07
2026-09-06T14:36:21.627-03:00,270,0,0,50,3374,3500,29566,3500,0,40000,0x07
2026-09-06T14:36:21.645-03:00,271,0,0,51,3374,3510,29525,3500,0,40000,0x07
2026-09-06T14:36:21.669-03:00,272,0,0,51,3374,3510,29525,3500,0,40000,0x07
2026-09-06T14:36:21.687-03:00,273,0,0,51,3374,3510,29525,3500,0,40000,0x07
2026-09-06T14:36:21.705-03:00,274,0,0,50,3374,3520,29482,3500,0,40000,0x07
2026-09-06T14:36:21.726-03:00,275,0,0,50,3374,3520,29482,3500,0,40000,0x07
2026-09-06T14:36:21.749-03:00,276,0,0,50,3374,3520,29482,3500,0,40000,0x07
2026-09-06T14:36:21.766-03:00,277,0,0,54,3374,3519,29488,3500,0,40000,0x07
2026-09-06T14:36:21.786-03:00,278,0,0,54,3374,3519,29488,3500,0,40000,0x07
2026-09-06T14:36:21.809-03:00,279,0,0,57,3374,3474,29678,3500,0,40000,0x07
2026-09-06T14:36:21.827-03:00,280,0,0,57,3374,3474,29678,3500,0,40000,0x07
2026-09-06T14:36:21.845-03:00,281,0,0,57,3374,3474,29678,3500,0,40000,0x07
2026-09-06T14:36:21.868-03:00,282,0,0,50,3374,3520,29482,3500,0,40000,0x07
2026-09-06T14:36:21.886-03:00,283,0,0,50,3374,3520,29482,3500,0,40000,0x07
2026-09-06T14:36:21.904-03:00,284,0,0,50,3374,3520,29482,3500,0,40000,0x07
2026-09-06T14:36:21.927-03:00,285,0,0,51,3374,3529,29442,3500,0,40000,0x07
2026-09-06T14:36:21.945-03:00,286,0,0,51,3374,3529,29442,3500,0,40000,0x07
2026-09-06T14:36:21.968-03:00,287,0,0,53,3374,3491,29607,3500,0,40000,0x07
2026-09-06T14:36:21.986-03:00,288,0,0,53,3374,3491,29607,3500,0,40000,0x07
2026-09-06T14:36:22.004-03:00,289,0,0,53,3374,3491,29607,3500,0,40000,0x07
2026-09-06T14:36:22.028-03:00,290,0,0,51,3374,3510,29525,3500,0,40000,0x07
2026-09-06T14:36:22.045-03:00,291,0,0,51,3374,3510,29525,3500,0,40000,0x07
2026-09-06T14:36:22.069-03:00,292,0,0,50,3374,3480,29652,3500,0,40000,0x07
2026-09-06T14:36:22.087-03:00,293,0,0,50,3374,3480,29652,3500,0,40000,0x07
2026-09-06T14:36:22.105-03:00,294,0,0,50,3374,3480,29652,3500,0,40000,0x07
2026-09-06T14:36:22.125-03:00,295,0,0,51,3374,3510,29525,3500,0,40000,0x07
2026-09-06T14:36:22.149-03:00,296,0,0,51,3374,3510,29525,3500,0,40000,0x07
2026-09-06T14:36:22.169-03:00,297,0,0,51,3374,3510,29525,3500,0,40000,0x07
2026-09-06T14:36:22.187-03:00,298,0,0,54,3374,3537,29409,3500,0,40000,0x07
2026-09-06T14:36:22.205-03:00,299,0,0,54,3374,3537,29409,3500,0,40000,0x07
2026-09-06T14:36:22.228-03:00,300,0,0,51,3374,3471,29692,3500,0,40000,0x07
2026-09-06T14:36:22.247-03:00,301,0,0,51,3374,3471,29692,3500,0,40000,0x07
2026-09-06T14:36:22.265-03:00,302,0,0,51,3374,3471,29692,3500,0,40000,0x07
2026-09-06T14:36:22.287-03:00,303,0,0,52,3374,3519,29485,3500,0,40000,0x07
2026-09-06T14:36:22.308-03:00,304,0,0,52,3374,3519,29485,3500,0,40000,0x07
2026-09-06T14:36:22.326-03:00,305,0,0,62,3374,3516,29498,3500,0,40000,0x07
2026-09-06T14:36:22.344-03:00,306,0,0,62,3374,3516,29498,3500,0,40000,0x07
2026-09-06T14:36:22.368-03:00,307,0,0,62,3374,3516,29498,3500,0,40000,0x07
2026-09-06T14:36:22.386-03:00,308,0,0,52,3374,3481,29648,3500,0,40000,0x07
2026-09-06T14:36:22.404-03:00,309,0,0,52,3374,3481,29648,3500,0,40000,0x07
2026-09-06T14:36:22.427-03:00,310,0,0,52,3374,3481,29648,3500,0,40000,0x07
2026-09-06T14:36:22.446-03:00,311,0,0,50,3374,3540,29396,3500,0,40000,0x07
2026-09-06T14:36:22.464-03:00,312,0,0,50,3374,3540,29396,3500,0,40000,0x07
2026-09-06T14:36:22.488-03:00,313,0,0,51,3374,3471,29692,3500,0,40000,0x07
2026-09-06T14:36:22.506-03:00,314,0,0,51,3374,3471,29692,3500,0,40000,0x07
2026-09-06T14:36:22.526-03:00,315,0,0,51,3374,3471,29692,3500,0,40000,0x07
2026-09-06T14:36:22.544-03:00,316,0,0,50,3374,3520,29482,3500,0,40000,0x07
2026-09-06T14:36:22.564-03:00,317,0,0,50,3374,3520,29482,3500,0,40000,0x07
2026-09-06T14:36:22.588-03:00,318,0,0,50,3374,3520,29482,3500,0,40000,0x07
2026-09-06T14:36:22.606-03:00,319,0,0,53,3374,3528,29446,3500,0,40000,0x07
2026-09-06T14:36:22.624-03:00,320,0,0,53,3374,3528,29446,3500,0,40000,0x07
2026-09-06T14:36:22.648-03:00,321,0,0,57,3374,3474,29678,3500,0,40000,0x07
2026-09-06T14:36:22.668-03:00,322,0,0,57,3374,3474,29678,3500,0,40000,0x07
2026-09-06T14:36:22.686-03:00,323,0,0,57,3374,3474,29678,3500,0,40000,0x07
2026-09-06T14:36:22.704-03:00,324,0,0,50,3374,3520,29482,3500,0,40000,0x07
2026-09-06T14:36:22.727-03:00,325,0,0,50,3374,3520,29482,3500,0,40000,0x07
2026-09-06T14:36:22.746-03:00,326,0,0,50,3374,3520,29482,3500,0,40000,0x07
2026-09-06T14:36:22.766-03:00,327,0,0,54,3374,3519,29488,3500,0,40000,0x07
2026-09-06T14:36:22.786-03:00,328,0,0,54,3374,3519,29488,3500,0,40000,0x07
2026-09-06T14:36:22.804-03:00,329,0,0,55,3374,3473,29682,3500,0,40000,0x07
2026-09-06T14:36:22.827-03:00,330,0,0,55,3374,3473,29682,3500,0,40000,0x07
2026-09-06T14:36:22.848-03:00,331,0,0,55,3374,3473,29682,3500,0,40000,0x07
2026-09-06T14:36:22.865-03:00,332,0,0,50,3374,3480,29652,3500,0,40000,0x07
2026-09-06T14:36:22.888-03:00,333,0,0,50,3374,3480,29652,3500,0,40000,0x07
2026-09-06T14:36:22.906-03:00,334,0,0,51,3374,3392,30025,3500,0,40000,0x07
2026-09-06T14:36:22.924-03:00,335,0,0,51,3374,3392,30025,3500,0,40000,0x07
2026-09-06T14:36:22.948-03:00,336,0,0,51,3374,3392,30025,3500,0,40000,0x07
2026-09-06T14:36:22.966-03:00,337,0,0,51,3374,3275,30525,3500,0,40000,0x07
2026-09-06T14:36:22.989-03:00,338,0,0,51,3374,3275,30525,3500,0,40000,0x07
2026-09-06T14:36:23.007-03:00,339,0,0,51,3374,3275,30525,3500,0,40000,0x07
2026-09-06T14:36:23.025-03:00,340,0,0,54,3374,3093,31298,3500,0,40000,0x07
2026-09-06T14:36:23.048-03:00,341,0,0,54,3374,3093,31298,3500,0,40000,0x07
2026-09-06T14:36:23.069-03:00,342,0,0,55,3374,3091,31305,3500,0,40000,0x07
2026-09-06T14:36:23.087-03:00,343,0,0,55,3374,3091,31305,3500,0,40000,0x07
2026-09-06T14:36:23.107-03:00,344,0,0,55,3374,3091,31305,3500,0,40000,0x07
2026-09-06T14:36:23.125-03:00,345,0,0,51,3374,3314,30358,3500,0,40000,0x07
2026-09-06T14:36:23.148-03:00,346,0,0,51,3374,3314,30358,3500,0,40000,0x07
2026-09-06T14:36:23.166-03:00,347,0,0,51,3374,3314,30358,3500,0,40000,0x07
2026-09-06T14:36:23.184-03:00,348,0,0,54,3374,3407,29960,3500,0,40000,0x07
2026-09-06T14:36:23.208-03:00,349,0,0,54,3374,3407,29960,3500,0,40000,0x07
2026-09-06T14:36:23.225-03:00,350,0,0,53,3374,3283,30489,3500,0,40000,0x07
2026-09-06T14:36:23.245-03:00,351,0,0,53,3374,3283,30489,3500,0,40000,0x07
2026-09-06T14:36:23.269-03:00,352,0,0,53,3374,3283,30489,3500,0,40000,0x07
2026-09-06T14:36:23.287-03:00,353,0,0,51,3374,3333,30275,3500,0,40000,0x07
2026-09-06T14:36:23.307-03:00,354,0,0,51,3374,3333,30275,3500,0,40000,0x07
2026-09-06T14:36:23.325-03:00,355,0,0,53,3374,3434,29847,3500,0,40000,0x07
2026-09-06T14:36:23.348-03:00,356,0,0,53,3374,3434,29847,3500,0,40000,0x07
2026-09-06T14:36:23.367-03:00,357,0,0,53,3374,3434,29847,3500,0,40000,0x07
2026-09-06T14:36:23.385-03:00,358,0,0,56,3374,3446,29794,3500,0,40000,0x07
2026-09-06T14:36:23.408-03:00,359,0,0,56,3374,3446,29794,3500,0,40000,0x07
2026-09-06T14:36:23.427-03:00,360,0,0,56,3374,3446,29794,3500,0,40000,0x07
2026-09-06T14:36:23.445-03:00,361,0,0,50,3374,3460,29736,3500,0,40000,0x07
2026-09-06T14:36:23.465-03:00,362,0,0,50,3374,3460,29736,3500,0,40000,0x07
2026-09-06T14:36:23.488-03:00,363,0,0,52,3374,3365,30139,3500,0,40000,0x07
2026-09-06T14:36:23.506-03:00,364,0,0,52,3374,3365,30139,3500,0,40000,0x07
2026-09-06T14:36:23.524-03:00,365,0,0,52,3374,3365,30139,3500,0,40000,0x07
2026-09-06T14:36:23.547-03:00,366,0,0,51,3374,3412,29942,3500,0,40000,0x07
2026-09-06T14:36:23.565-03:00,367,0,0,51,3374,3412,29942,3500,0,40000,0x07
2026-09-06T14:36:23.589-03:00,368,0,0,51,3374,3412,29942,3500,0,40000,0x07
2026-09-06T14:36:23.609-03:00,369,0,0,51,3374,3431,29858,3500,0,40000,0x07
2026-09-06T14:36:23.624-03:00,370,0,0,51,3374,3431,29858,3500,0,40000,0x07
2026-09-06T14:36:23.648-03:00,371,0,0,50,3374,3560,29312,3500,0,40000,0x07
2026-09-06T14:36:23.668-03:00,372,0,0,50,3374,3560,29312,3500,0,40000,0x07
2026-09-06T14:36:23.687-03:00,373,0,0,50,3374,3560,29312,3500,0,40000,0x07
2026-09-06T14:36:23.705-03:00,374,0,0,50,3374,3520,29482,3500,0,40000,0x07
2026-09-06T14:36:23.726-03:00,375,0,0,50,3374,3520,29482,3500,0,40000,0x07
2026-09-06T14:36:23.744-03:00,376,0,0,50,3374,3460,29736,3500,0,40000,0x07
2026-09-06T14:36:23.764-03:00,377,0,0,50,3374,3460,29736,3500,0,40000,0x07
2026-09-06T14:36:23.788-03:00,378,0,0,50,3374,3460,29736,3500,0,40000,0x07
2026-09-06T14:36:23.806-03:00,379,0,0,51,3374,3510,29525,3500,0,40000,0x07
2026-09-06T14:36:23.824-03:00,380,0,0,51,3374,3510,29525,3500,0,40000,0x07
2026-09-06T14:36:23.845-03:00,381,0,0,57,3374,3491,29604,3500,0,40000,0x07
2026-09-06T14:36:23.865-03:00,382,0,0,57,3374,3491,29604,3500,0,40000,0x07
2026-09-06T14:36:23.884-03:00,383,0,0,57,3374,3491,29604,3500,0,40000,0x07
2026-09-06T14:36:23.907-03:00,384,0,0,50,3374,3460,29736,3500,0,40000,0x07
2026-09-06T14:36:23.926-03:00,385,0,0,50,3374,3460,29736,3500,0,40000,0x07
2026-09-06T14:36:23.944-03:00,386,0,0,50,3374,3460,29736,3500,0,40000,0x07
2026-09-06T14:36:23.968-03:00,387,0,0,52,3374,3423,29893,3500,0,40000,0x07
2026-09-06T14:36:23.986-03:00,388,0,0,52,3374,3423,29893,3500,0,40000,0x07
2026-09-06T14:36:24.005-03:00,389,0,0,56,3374,3357,30174,3500,0,40000,0x07
2026-09-06T14:36:24.024-03:00,390,0,0,56,3374,3357,30174,3500,0,40000,0x07
2026-09-06T14:36:24.045-03:00,391,0,0,56,3374,3357,30174,3500,0,40000,0x07
2026-09-06T14:36:24.068-03:00,392,0,0,50,3374,3320,30332,3500,0,40000,0x07
2026-09-06T14:36:24.087-03:00,393,0,0,50,3374,3320,30332,3500,0,40000,0x07
2026-09-06T14:36:24.107-03:00,394,0,0,50,3374,3320,30332,3500,0,40000,0x07
2026-09-06T14:36:24.125-03:00,395,0,0,54,3374,3333,30275,3500,0,40000,0x07
2026-09-06T14:36:24.148-03:00,396,0,0,54,3374,3333,30275,3500,0,40000,0x07
2026-09-06T14:36:24.167-03:00,397,0,0,50,3374,3500,29566,3500,0,40000,0x07
2026-09-06T14:36:24.185-03:00,398,0,0,50,3374,3500,29566,3500,0,40000,0x07
2026-09-06T14:36:24.209-03:00,399,0,0,50,3374,3520,29482,3500,0,40000,0x07
2026-09-06T14:36:24.227-03:00,400,0,0,50,3374,3520,29482,3500,0,40000,0x07
2026-09-06T14:36:24.245-03:00,401,0,0,50,3374,3520,29482,3500,0,40000,0x07
2026-09-06T14:36:24.269-03:00,402,0,0,50,3374,3520,29482,3500,0,40000,0x07
2026-09-06T14:36:24.287-03:00,403,0,0,50,3374,3520,29482,3500,0,40000,0x07
2026-09-06T14:36:24.305-03:00,404,0,0,50,3374,3520,29482,3500,0,40000,0x07
2026-09-06T14:36:24.328-03:00,405,0,0,52,3374,3519,29485,3500,0,40000,0x07
2026-09-06T14:36:24.347-03:00,406,0,0,52,3374,3519,29485,3500,0,40000,0x07
2026-09-06T14:36:24.365-03:00,407,0,0,55,3374,3473,29682,3500,0,40000,0x07
2026-09-06T14:36:24.388-03:00,408,0,0,55,3374,3473,29682,3500,0,40000,0x07
2026-09-06T14:36:24.408-03:00,409,0,0,55,3374,3473,29682,3500,0,40000,0x07
2026-09-06T14:36:24.427-03:00,410,0,0,50,3374,3520,29482,3500,0,40000,0x07
2026-09-06T14:36:24.445-03:00,411,0,0,50,3374,3520,29482,3500,0,40000,0x07
2026-09-06T14:36:24.468-03:00,412,0,0,50,3374,3520,29482,3500,0,40000,0x07
2026-09-06T14:36:24.486-03:00,413,0,0,50,3374,3520,29482,3500,0,40000,0x07
2026-09-06T14:36:24.506-03:00,414,0,0,50,3374,3520,29482,3500,0,40000,0x07
2026-09-06T14:36:24.529-03:00,415,0,0,51,3374,3490,29608,3500,0,40000,0x07
2026-09-06T14:36:24.546-03:00,416,0,0,51,3374,3490,29608,3500,0,40000,0x07
2026-09-06T14:36:24.566-03:00,417,0,0,51,3374,3490,29608,3500,0,40000,0x07
2026-09-06T14:36:24.587-03:00,418,0,0,54,3374,3537,29409,3500,0,40000,0x07
2026-09-06T14:36:24.607-03:00,419,0,0,54,3374,3537,29409,3500,0,40000,0x07
2026-09-06T14:36:24.625-03:00,420,0,0,55,3374,3473,29682,3500,0,40000,0x07
2026-09-06T14:36:24.646-03:00,421,0,0,55,3374,3473,29682,3500,0,40000,0x07
2026-09-06T14:36:24.666-03:00,422,0,0,55,3374,3473,29682,3500,0,40000,0x07
2026-09-06T14:36:24.684-03:00,423,0,0,50,3374,3520,29482,3500,0,40000,0x07
2026-09-06T14:36:24.707-03:00,424,0,0,50,3374,3520,29482,3500,0,40000,0x07
2026-09-06T14:36:24.727-03:00,425,0,0,50,3374,3520,29482,3500,0,40000,0x07
2026-09-06T14:36:24.746-03:00,426,0,0,55,3374,3473,29682,3500,0,40000,0x07
2026-09-06T14:36:24.768-03:00,427,0,0,55,3374,3473,29682,3500,0,40000,0x07
2026-09-06T14:36:24.787-03:00,428,0,0,56,3374,3554,29339,3500,0,40000,0x07
2026-09-06T14:36:24.808-03:00,429,0,0,56,3374,3554,29339,3500,0,40000,0x07
2026-09-06T14:36:24.828-03:00,430,0,0,56,3374,3554,29339,3500,0,40000,0x07
2026-09-06T14:36:24.846-03:00,431,0,0,50,3374,3500,29566,3500,0,40000,0x07
2026-09-06T14:36:24.864-03:00,432,0,0,50,3374,3500,29566,3500,0,40000,0x07
2026-09-06T14:36:24.888-03:00,433,0,0,50,3374,3500,29566,3500,0,40000,0x07
2026-09-06T14:36:24.906-03:00,434,0,0,50,3374,3500,29566,3500,0,40000,0x07
2026-09-06T14:36:24.925-03:00,435,0,0,50,3374,3500,29566,3500,0,40000,0x07
2026-09-06T14:36:24.947-03:00,436,0,0,50,3374,3500,29566,3500,0,40000,0x07
2026-09-06T14:36:24.965-03:00,437,0,0,50,3374,3500,29566,3500,0,40000,0x07
2026-09-06T14:36:24.986-03:00,438,0,0,50,3374,3500,29566,3500,0,40000,0x07
2026-09-06T14:36:25.004-03:00,439,0,0,53,3374,3528,29446,3500,0,40000,0x07
2026-09-06T14:36:25.027-03:00,440,0,0,53,3374,3528,29446,3500,0,40000,0x07
2026-09-06T14:36:25.046-03:00,441,0,0,55,3374,3473,29682,3500,0,40000,0x07
2026-09-06T14:36:25.068-03:00,442,0,0,55,3374,3473,29682,3500,0,40000,0x07
2026-09-06T14:36:25.087-03:00,443,0,0,55,3374,3473,29682,3500,0,40000,0x07
2026-09-06T14:36:25.105-03:00,444,0,0,50,3374,3520,29482,3500,0,40000,0x07
2026-09-06T14:36:25.128-03:00,445,0,0,50,3374,3520,29482,3500,0,40000,0x07
2026-09-06T14:36:25.147-03:00,446,0,0,52,3374,3500,29566,3500,0,40000,0x07
2026-09-06T14:36:25.167-03:00,447,0,0,52,3374,3500,29566,3500,0,40000,0x07
2026-09-06T14:36:25.186-03:00,448,0,0,52,3374,3500,29566,3500,0,40000,0x07
2026-09-06T14:36:25.204-03:00,449,0,0,50,3374,3500,29566,3500,0,40000,0x07
2026-09-06T14:36:25.228-03:00,450,0,0,50,3374,3500,29566,3500,0,40000,0x07
2026-09-06T14:36:25.246-03:00,451,0,0,50,3374,3500,29566,3500,0,40000,0x07
2026-09-06T14:36:25.266-03:00,452,0,0,54,3374,3519,29488,3500,0,40000,0x07
2026-09-06T14:36:25.284-03:00,453,0,0,54,3374,3519,29488,3500,0,40000,0x07
2026-09-06T14:36:25.308-03:00,454,0,0,54,3374,3481,29645,3500,0,40000,0x07
2026-09-06T14:36:25.326-03:00,455,0,0,54,3374,3481,29645,3500,0,40000,0x07
2026-09-06T14:36:25.345-03:00,456,0,0,54,3374,3481,29645,3500,0,40000,0x07
2026-09-06T14:36:25.368-03:00,457,0,0,50,3374,3520,29482,3500,0,40000,0x07
2026-09-06T14:36:25.386-03:00,458,0,0,50,3374,3520,29482,3500,0,40000,0x07
2026-09-06T14:36:25.406-03:00,459,0,0,50,3374,3520,29482,3500,0,40000,0x07
2026-09-06T14:36:25.425-03:00,460,0,0,54,3374,3519,29488,3500,0,40000,0x07
2026-09-06T14:36:25.448-03:00,461,0,0,54,3374,3519,29488,3500,0,40000,0x07
2026-09-06T14:36:25.466-03:00,462,0,0,50,3374,3460,29736,3500,0,40000,0x07
2026-09-06T14:36:25.487-03:00,463,0,0,50,3374,3460,29736,3500,0,40000,0x07
2026-09-06T14:36:25.509-03:00,464,0,0,50,3374,3460,29736,3500,0,40000,0x07
2026-09-06T14:36:25.527-03:00,465,0,0,53,3374,3547,29366,3500,0,40000,0x07
2026-09-06T14:36:25.545-03:00,466,0,0,53,3374,3547,29366,3500,0,40000,0x07
2026-09-06T14:36:25.569-03:00,467,0,0,57,3374,3474,29678,3500,0,40000,0x07
2026-09-06T14:36:25.587-03:00,468,0,0,57,3374,3474,29678,3500,0,40000,0x07
2026-09-06T14:36:25.605-03:00,469,0,0,57,3374,3474,29678,3500,0,40000,0x07
2026-09-06T14:36:25.628-03:00,470,0,0,50,3374,3520,29482,3500,0,40000,0x07
2026-09-06T14:36:25.646-03:00,471,0,0,50,3374,3520,29482,3500,0,40000,0x07
2026-09-06T14:36:25.664-03:00,472,0,0,50,3374,3520,29482,3500,0,40000,0x07
2026-09-06T14:36:25.687-03:00,473,0,0,52,3374,3462,29730,3500,0,40000,0x07
2026-09-06T14:36:25.705-03:00,474,0,0,52,3374,3462,29730,3500,0,40000,0x07
2026-09-06T14:36:25.729-03:00,475,0,0,53,3374,3528,29446,3500,0,40000,0x07
2026-09-06T14:36:25.749-03:00,476,0,0,53,3374,3528,29446,3500,0,40000,0x07
2026-09-06T14:36:25.767-03:00,477,0,0,53,3374,3528,29446,3500,0,40000,0x07
2026-09-06T14:36:25.785-03:00,478,0,0,50,3374,3520,29482,3500,0,40000,0x07
2026-09-06T14:36:25.806-03:00,479,0,0,50,3374,3520,29482,3500,0,40000,0x07
2026-09-06T14:36:25.829-03:00,480,0,0,53,3374,3491,29607,3500,0,40000,0x07
2026-09-06T14:36:25.844-03:00,481,0,0,53,3374,3491,29607,3500,0,40000,0x07
2026-09-06T14:36:25.868-03:00,482,0,0,53,3374,3491,29607,3500,0,40000,0x07
2026-09-06T14:36:25.886-03:00,483,0,0,50,3374,3500,29566,3500,0,40000,0x07
2026-09-06T14:36:25.906-03:00,484,0,0,50,3374,3500,29566,3500,0,40000,0x07
2026-09-06T14:36:25.924-03:00,485,0,0,50,3374,3500,29566,3500,0,40000,0x07
2026-09-06T14:36:25.949-03:00,486,0,0,50,3374,3500,29566,3500,0,40000,0x07
2026-09-06T14:36:25.967-03:00,487,0,0,50,3374,3500,29566,3500,0,40000,0x07
2026-09-06T14:36:25.985-03:00,488,0,0,57,3374,3491,29604,3500,0,40000,0x07
2026-09-06T14:36:26.008-03:00,489,0,0,57,3374,3491,29604,3500,0,40000,0x07
2026-09-06T14:36:26.029-03:00,490,0,0,57,3374,3491,29604,3500,0,40000,0x07
2026-09-06T14:36:26.044-03:00,491,0,0,50,3374,3500,29566,3500,0,40000,0x07
2026-09-06T14:36:26.068-03:00,492,0,0,50,3374,3500,29566,3500,0,40000,0x07
2026-09-06T14:36:26.086-03:00,493,0,0,54,3374,3500,29566,3500,0,40000,0x07
2026-09-06T14:36:26.105-03:00,494,0,0,54,3374,3500,29566,3500,0,40000,0x07
2026-09-06T14:36:26.126-03:00,495,0,0,54,3374,3500,29566,3500,0,40000,0x07
2026-09-06T14:36:26.144-03:00,496,0,0,50,3374,3520,29482,3500,0,40000,0x07
2026-09-06T14:36:26.189-03:00,497,0,0,50,3374,3520,29482,3500,0,40000,0x07
2026-09-06T14:36:26.233-03:00,498,0,0,50,3374,3520,29482,3500,0,40000,0x07
2026-09-06T14:36:26.278-03:00,499,0,0,53,3374,3509,29526,3500,0,40000,0x07
2026-09-06T14:36:26.320-03:00,500,0,0,57,3374,3456,29753,3500,0,40000,0x07
2026-09-06T14:36:26.364-03:00,501,0,0,57,0,0,0,0,0,0,0x03
