timestamp,sequence,team,robot_id,interval_ms,left_target_eps,left_measured_eps,left_duty,right_target_eps,right_measured_eps,right_duty,flags
2026-09-06T20:52:55.064,500,0,1,52,0,0,0,0,0,0,0x03
2026-09-06T20:52:55.085,503,0,2,50,0,0,0,0,0,0,0x03
2026-09-06T20:52:55.085,502,0,1,53,0,0,0,0,0,0,0x03
2026-09-06T20:52:55.149,505,0,2,50,0,0,0,0,0,0,0x03
2026-09-06T20:52:55.149,504,0,1,53,0,0,0,0,0,0,0x03
2026-09-06T20:52:55.230,507,0,2,50,0,0,0,0,0,0,0x03
2026-09-06T20:52:55.230,506,0,1,50,0,0,0,0,0,0,0x03
2026-09-06T20:52:55.295,1,0,2,50,0,0,0,0,0,0,0x03
2026-09-06T20:52:55.295,0,0,1,50,0,0,0,0,0,0,0x03
2026-09-06T20:52:55.360,3,0,2,51,0,0,0,0,0,0,0x03
2026-09-06T20:52:55.360,2,0,1,51,0,0,0,0,0,0,0x03
2026-09-06T20:52:55.425,5,0,2,50,0,0,0,0,0,0,0x03
2026-09-06T20:52:55.425,4,0,1,52,0,0,0,0,0,0,0x03
2026-09-06T20:52:55.490,7,0,2,52,0,0,0,0,0,0,0x03
2026-09-06T20:52:55.490,6,0,1,50,0,0,0,0,0,0,0x03
2026-09-06T20:52:55.555,9,0,2,50,0,0,0,0,0,0,0x03
2026-09-06T20:52:55.555,8,0,1,51,0,0,0,0,0,0,0x03
2026-09-06T20:52:55.620,11,0,2,51,0,0,0,0,0,0,0x03
2026-09-06T20:52:55.620,10,0,1,51,0,0,0,0,0,0,0x03
2026-09-06T20:52:55.685,13,0,2,50,0,0,0,0,0,0,0x03
2026-09-06T20:52:55.685,12,0,1,52,0,0,0,0,0,0,0x03
2026-09-06T20:52:55.766,15,0,2,50,0,0,0,0,0,0,0x03
2026-09-06T20:52:55.766,14,0,1,50,0,0,0,0,0,0,0x03
2026-09-06T20:52:55.832,17,0,2,52,0,0,0,0,0,0,0x03
2026-09-06T20:52:55.832,16,0,1,51,0,0,0,0,0,0,0x03
2026-09-06T20:52:55.897,19,0,2,50,0,0,0,0,0,0,0x03
2026-09-06T20:52:55.897,18,0,1,52,0,0,0,0,0,0,0x03
2026-09-06T20:52:55.962,21,0,2,50,0,0,0,0,0,0,0x03
2026-09-06T20:52:55.962,20,0,1,50,0,0,0,0,0,0,0x03
2026-09-06T20:52:56.027,23,0,2,50,0,0,0,0,0,0,0x03
2026-09-06T20:52:56.027,22,0,1,52,0,0,0,0,0,0,0x03
2026-09-06T20:52:56.092,25,0,2,51,0,0,0,0,0,0,0x03
2026-09-06T20:52:56.092,24,0,1,52,0,0,0,0,0,0,0x03
2026-09-06T20:52:56.157,27,0,2,52,0,0,0,0,0,0,0x03
2026-09-06T20:52:56.157,26,0,1,50,0,0,0,0,0,0,0x03
2026-09-06T20:52:56.222,29,0,2,50,0,0,0,0,0,0,0x03
2026-09-06T20:52:56.303,31,0,2,50,0,0,0,0,0,0,0x03
2026-09-06T20:52:56.303,28,0,1,50,0,0,0,0,0,0,0x03
2026-09-06T20:52:56.369,33,0,2,51,0,0,0,0,0,0,0x03
2026-09-06T20:52:56.369,30,0,1,51,0,0,0,0,0,0,0x03
2026-09-06T20:52:56.434,33,0,2,51,0,0,0,0,0,0,0x03
2026-09-06T20:52:56.434,30,0,1,52,0,0,0,0,0,0,0x03
2026-09-06T20:52:56.498,33,0,2,51,0,0,0,0,0,0,0x03
2026-09-06T20:52:56.498,36,0,1,52,0,0,0,0,0,0,0x03
2026-09-06T20:52:56.564,39,0,2,53,0,0,0,0,0,0,0x03
2026-09-06T20:52:56.564,38,0,1,51,0,0,0,0,0,0,0x03
2026-09-06T20:52:56.628,41,0,2,51,0,0,0,0,0,0,0x03
2026-09-06T20:52:56.628,40,0,1,51,0,0,0,0,0,0,0x03
2026-09-06T20:52:56.693,43,0,2,51,0,0,0,0,0,0,0x03
2026-09-06T20:52:56.693,42,0,1,50,0,0,0,0,0,0,0x03
2026-09-06T20:52:56.758,45,0,2,50,0,0,0,0,0,0,0x03
2026-09-06T20:52:56.758,44,0,1,52,0,0,0,0,0,0,0x03
2026-09-06T20:52:56.839,47,0,2,50,0,0,0,0,0,0,0x03
2026-09-06T20:52:56.839,46,0,1,51,0,0,0,0,0,0,0x03
2026-09-06T20:52:56.904,49,0,2,52,0,0,0,0,0,0,0x03
2026-09-06T20:52:56.904,48,0,1,52,0,0,0,0,0,0,0x03
2026-09-06T20:52:56.969,51,0,2,51,0,0,0,0,0,0,0x03
2026-09-06T20:52:56.969,50,0,1,50,0,0,0,0,0,0,0x03
2026-09-06T20:52:57.034,53,0,2,52,0,0,0,0,0,0,0x03
2026-09-06T20:52:57.034,52,0,1,50,0,0,0,0,0,0,0x03
2026-09-06T20:52:57.504,55,0,2,52,0,0,0,0,0,0,0x03
2026-09-06T20:52:57.504,54,0,1,50,0,0,0,0,0,0,0x03
2026-09-06T20:52:57.974,57,0,2,50,0,0,0,0,0,0,0x03
2026-09-06T20:52:57.974,56,0,1,52,0,0,0,0,0,0,0x03
2026-09-06T20:52:58.104,59,0,2,54,0,0,0,0,0,0,0x03
2026-09-06T20:52:58.104,58,0,1,51,0,0,0,0,0,0,0x03
2026-09-06T20:52:58.170,61,0,2,50,0,0,0,0,0,0,0x03
2026-09-06T20:52:58.170,60,0,1,51,0,0,0,0,0,0,0x03
2026-09-06T20:52:58.300,63,0,2,50,0,0,0,0,0,0,0x03
2026-09-06T20:52:58.300,62,0,1,51,0,0,0,0,0,0,0x03
2026-09-06T20:52:58.365,65,0,2,51,0,0,0,0,0,0,0x03
2026-09-06T20:52:58.365,64,0,1,51,0,0,0,0,0,0,0x03
2026-09-06T20:52:58.446,67,0,2,51,0,0,0,0,0,0,0x03
2026-09-06T20:52:58.446,66,0,1,53,0,0,0,0,0,0,0x03
2026-09-06T20:52:58.511,69,0,2,53,0,0,0,0,0,0,0x03
2026-09-06T20:52:58.511,68,0,1,50,0,0,0,0,0,0,0x03
2026-09-06T20:52:58.576,71,0,2,50,0,0,0,0,0,0,0x03
2026-09-06T20:52:58.576,70,0,1,50,0,0,0,0,0,0,0x03
2026-09-06T20:52:58.641,73,0,2,50,0,0,0,0,0,0,0x03
2026-09-06T20:52:58.642,72,0,1,52,0,0,0,0,0,0,0x03
2026-09-06T20:52:58.707,75,0,2,50,0,0,0,0,0,0,0x03
2026-09-06T20:52:58.707,74,0,1,52,0,0,0,0,0,0,0x03
2026-09-06T20:52:58.772,77,0,2,52,0,0,0,0,0,0,0x03
2026-09-06T20:52:58.772,76,0,1,53,0,0,0,0,0,0,0x03
2026-09-06T20:52:58.837,79,0,2,52,0,0,0,0,0,0,0x03
2026-09-06T20:52:58.837,78,0,1,52,0,0,0,0,0,0,0x03
2026-09-06T20:52:58.902,81,0,2,51,0,0,0,0,0,0,0x03
2026-09-06T20:52:58.902,80,0,1,52,0,0,0,0,0,0,0x03
2026-09-06T20:52:58.967,83,0,2,51,0,0,0,0,0,0,0x03
2026-09-06T20:52:58.967,82,0,1,50,0,0,0,0,0,0,0x03
2026-09-06T20:52:59.032,85,0,2,51,0,0,0,0,0,0,0x03
2026-09-06T20:52:59.032,84,0,1,51,0,0,0,0,0,0,0x03
2026-09-06T20:52:59.113,87,0,2,50,0,0,0,0,0,0,0x03
2026-09-06T20:52:59.113,86,0,1,51,0,0,0,0,0,0,0x03
2026-09-06T20:52:59.178,89,0,2,51,0,0,0,0,0,0,0x03
2026-09-06T20:52:59.178,88,0,1,50,0,0,0,0,0,0,0x03
2026-09-06T20:52:59.243,91,0,2,52,0,0,0,0,0,0,0x03
2026-09-06T20:52:59.243,90,0,1,51,0,0,0,0,0,0,0x03
2026-09-06T20:52:59.308,93,0,2,50,0,0,0,0,0,0,0x03
2026-09-06T20:52:59.308,92,0,1,50,0,0,0,0,0,0,0x03
2026-09-06T20:52:59.373,95,0,2,52,0,0,0,0,0,0,0x03
2026-09-06T20:52:59.373,94,0,1,51,0,0,0,0,0,0,0x03
2026-09-06T20:52:59.438,97,0,2,51,0,0,0,0,0,0,0x03
2026-09-06T20:52:59.438,96,0,1,54,0,0,0,0,0,0,0x03
2026-09-06T20:52:59.503,99,0,2,51,0,0,0,0,0,0,0x03
2026-09-06T20:52:59.503,98,0,1,51,0,0,0,0,0,0,0x03
2026-09-06T20:52:59.568,101,0,2,50,0,0,0,0,0,0,0x03
2026-09-06T20:52:59.568,100,0,1,50,0,0,0,0,0,0,0x03
2026-09-06T20:52:59.649,103,0,2,52,0,0,0,0,0,0,0x03
2026-09-06T20:52:59.649,102,0,1,50,0,0,0,0,0,0,0x03
2026-09-06T20:52:59.714,105,0,2,52,0,0,0,0,0,0,0x03
2026-09-06T20:52:59.714,104,0,1,51,0,0,0,0,0,0,0x03
2026-09-06T20:52:59.779,107,0,2,51,0,0,0,0,0,0,0x03
2026-09-06T20:52:59.779,106,0,1,50,0,0,0,0,0,0,0x03
2026-09-06T20:52:59.844,109,0,2,50,0,0,0,0,0,0,0x03
2026-09-06T20:52:59.844,108,0,1,50,0,0,0,0,0,0,0x03
2026-09-06T20:52:59.909,111,0,2,50,0,0,0,0,0,0,0x03
2026-09-06T20:52:59.909,110,0,1,52,0,0,0,0,0,0,0x03
2026-09-06T20:52:59.974,113,0,2,51,0,0,0,0,0,0,0x03
2026-09-06T20:52:59.974,112,0,1,52,0,0,0,0,0,0,0x03
2026-09-06T20:53:00.039,115,0,2,50,0,0,0,0,0,0,0x03
2026-09-06T20:53:00.039,114,0,1,51,0,0,0,0,0,0,0x03
2026-09-06T20:53:00.104,117,0,2,51,0,0,0,0,0,0,0x03
2026-09-06T20:53:00.104,116,0,1,53,0,0,0,0,0,0,0x03
2026-09-06T20:53:00.186,119,0,2,50,0,0,0,0,0,0,0x03
2026-09-06T20:53:00.186,118,0,1,51,0,0,0,0,0,0,0x03
2026-09-06T20:53:00.251,121,0,2,50,0,0,0,0,0,0,0x03
2026-09-06T20:53:00.251,120,0,1,51,0,0,0,0,0,0,0x03
2026-09-06T20:53:00.316,123,0,2,52,0,0,0,0,0,0,0x03
2026-09-06T20:53:00.316,122,0,1,51,0,0,0,0,0,0,0x03
2026-09-06T20:53:00.382,125,0,2,51,0,0,0,0,0,0,0x03
2026-09-06T20:53:00.382,124,0,1,50,0,0,0,0,0,0,0x03
2026-09-06T20:53:00.447,127,0,2,51,0,0,0,0,0,0,0x03
2026-09-06T20:53:00.447,126,0,1,50,0,0,0,0,0,0,0x03
2026-09-06T20:53:00.512,129,0,2,50,0,0,0,0,0,0,0x03
2026-09-06T20:53:00.512,128,0,1,53,0,0,0,0,0,0,0x03
2026-09-06T20:53:00.577,131,0,2,50,0,0,0,0,0,0,0x03
2026-09-06T20:53:00.577,130,0,1,52,0,0,0,0,0,0,0x03
2026-09-06T20:53:00.642,133,0,2,51,0,0,0,0,0,0,0x03
2026-09-06T20:53:00.642,132,0,1,50,0,0,0,0,0,0,0x03
2026-09-06T20:53:00.723,135,0,2,50,0,0,0,0,0,0,0x03
2026-09-06T20:53:00.723,134,0,1,51,0,0,0,0,0,0,0x03
2026-09-06T20:53:00.788,137,0,2,51,0,0,0,0,0,0,0x03
2026-09-06T20:53:00.788,136,0,1,52,0,0,0,0,0,0,0x03
2026-09-06T20:53:00.853,139,0,2,51,0,0,0,0,0,0,0x03
2026-09-06T20:53:00.853,138,0,1,52,0,0,0,0,0,0,0x03
2026-09-06T20:53:00.918,141,0,2,50,0,0,0,0,0,0,0x03
2026-09-06T20:53:00.918,140,0,1,51,0,0,0,0,0,0,0x03
2026-09-06T20:53:00.983,143,0,2,52,0,0,0,0,0,0,0x03
2026-09-06T20:53:00.983,142,0,1,50,0,0,0,0,0,0,0x03
2026-09-06T20:53:01.049,145,0,2,51,0,0,0,0,0,0,0x03
2026-09-06T20:53:01.049,144,0,1,50,0,0,0,0,0,0,0x03
2026-09-06T20:53:01.114,147,0,2,50,0,0,0,0,0,0,0x03
2026-09-06T20:53:01.114,146,0,1,51,0,0,0,0,0,0,0x03
2026-09-06T20:53:01.179,149,0,2,51,0,0,0,0,0,0,0x03
2026-09-06T20:53:01.179,148,0,1,55,0,0,0,0,0,0,0x03
2026-09-06T20:53:01.244,151,0,2,51,0,0,0,0,0,0,0x03
2026-09-06T20:53:01.244,150,0,1,51,0,0,0,0,0,0,0x03
2026-09-06T20:53:01.310,153,0,2,51,0,0,0,0,0,0,0x03
2026-09-06T20:53:01.310,152,0,1,50,0,0,0,0,0,0,0x03
2026-09-06T20:53:01.391,155,0,2,52,0,0,0,0,0,0,0x03
2026-09-06T20:53:01.391,154,0,1,50,0,0,0,0,0,0,0x03
2026-09-06T20:53:01.456,157,0,2,52,0,0,0,0,0,0,0x03
2026-09-06T20:53:01.456,156,0,1,52,0,0,0,0,0,0,0x03
2026-09-06T20:53:01.521,159,0,2,51,0,0,0,0,0,0,0x03
2026-09-06T20:53:01.521,158,0,1,50,0,0,0,0,0,0,0x03
2026-09-06T20:53:01.586,161,0,2,50,0,0,0,0,0,0,0x03
2026-09-06T20:53:01.586,160,0,1,53,0,0,0,0,0,0,0x03
2026-09-06T20:53:01.651,163,0,2,50,0,0,0,0,0,0,0x03
2026-09-06T20:53:01.652,162,0,1,50,0,0,0,0,0,0,0x03
2026-09-06T20:53:01.717,165,0,2,50,0,0,0,0,0,0,0x03
2026-09-06T20:53:01.717,164,0,1,52,0,0,0,0,0,0,0x03
2026-09-06T20:53:01.783,167,0,2,51,0,0,0,0,0,0,0x03
2026-09-06T20:53:01.783,166,0,1,50,0,0,0,0,0,0,0x03
2026-09-06T20:53:01.848,169,0,2,51,0,0,0,0,0,0,0x03
2026-09-06T20:53:01.848,168,0,1,52,0,0,0,0,0,0,0x03
2026-09-06T20:53:01.913,171,0,2,51,0,0,0,0,0,0,0x03
2026-09-06T20:53:01.913,170,0,1,51,0,0,0,0,0,0,0x03
2026-09-06T20:53:01.994,173,0,2,51,0,0,0,0,0,0,0x03
2026-09-06T20:53:01.994,172,0,1,51,0,0,0,0,0,0,0x03
2026-09-06T20:53:02.059,175,0,2,52,0,0,0,0,0,0,0x03
2026-09-06T20:53:02.059,174,0,1,52,0,0,0,0,0,0,0x03
2026-09-06T20:53:02.125,177,0,2,52,0,0,0,0,0,0,0x03
2026-09-06T20:53:02.125,176,0,1,50,0,0,0,0,0,0,0x03
2026-09-06T20:53:02.190,179,0,2,51,0,0,0,0,0,0,0x03
2026-09-06T20:53:02.190,178,0,1,52,0,0,0,0,0,0,0x03
2026-09-06T20:53:02.255,181,0,2,52,0,0,0,0,0,0,0x03
2026-09-06T20:53:02.255,180,0,1,54,0,0,0,0,0,0,0x03
2026-09-06T20:53:02.321,183,0,2,51,0,0,0,0,0,0,0x03
2026-09-06T20:53:02.321,182,0,1,50,0,0,0,0,0,0,0x03
2026-09-06T20:53:02.386,185,0,2,50,0,0,0,0,0,0,0x03
2026-09-06T20:53:02.386,184,0,1,52,0,0,0,0,0,0,0x03
2026-09-06T20:53:02.451,187,0,2,51,0,0,0,0,0,0,0x03
2026-09-06T20:53:02.451,186,0,1,51,0,0,0,0,0,0,0x03
2026-09-06T20:53:02.531,189,0,2,53,0,0,0,0,0,0,0x03
2026-09-06T20:53:02.531,188,0,1,50,0,0,0,0,0,0,0x03
2026-09-06T20:53:02.580,191,0,2,51,0,0,0,0,0,0,0x03
2026-09-06T20:53:02.580,190,0,1,50,0,0,0,0,0,0,0x03
2026-09-06T20:53:02.662,193,0,2,51,0,0,0,0,0,0,0x03
2026-09-06T20:53:02.662,192,0,1,51,0,0,0,0,0,0,0x03
2026-09-06T20:53:02.726,195,0,2,52,0,0,0,0,0,0,0x03
2026-09-06T20:53:02.726,194,0,1,52,0,0,0,0,0,0,0x03
2026-09-06T20:53:02.791,197,0,2,51,0,0,0,0,0,0,0x03
2026-09-06T20:53:02.791,196,0,1,50,0,0,0,0,0,0,0x03
2026-09-06T20:53:02.856,199,0,2,51,0,0,0,0,0,0,0x03
2026-09-06T20:53:02.856,198,0,1,50,0,0,0,0,0,0,0x03
2026-09-06T20:53:02.921,201,0,2,51,0,0,0,0,0,0,0x03
2026-09-06T20:53:02.921,200,0,1,52,0,0,0,0,0,0,0x03
2026-09-06T20:53:02.987,203,0,2,51,0,0,0,0,0,0,0x03
2026-09-06T20:53:02.987,202,0,1,52,0,0,0,0,0,0,0x03
2026-09-06T20:53:03.052,205,0,2,50,0,0,0,0,0,0,0x03
2026-09-06T20:53:03.052,204,0,1,50,0,0,0,0,0,0,0x03
2026-09-06T20:53:03.117,207,0,2,50,0,0,0,0,0,0,0x03
2026-09-06T20:53:03.117,206,0,1,50,0,0,0,0,0,0,0x03
2026-09-06T20:53:03.199,209,0,2,50,0,0,0,0,0,0,0x03
2026-09-06T20:53:03.199,208,0,1,51,0,0,0,0,0,0,0x03
2026-09-06T20:53:03.264,211,0,2,51,0,0,0,0,0,0,0x03
2026-09-06T20:53:03.264,210,0,1,50,0,0,0,0,0,0,0x03
2026-09-06T20:53:03.329,213,0,2,50,0,0,0,0,0,0,0x03
2026-09-06T20:53:03.329,212,0,1,50,0,0,0,0,0,0,0x03
2026-09-06T20:53:03.395,215,0,2,51,0,0,0,0,0,0,0x03
2026-09-06T20:53:03.395,214,0,1,51,0,0,0,0,0,0,0x03
2026-09-06T20:53:03.460,217,0,2,51,0,0,0,0,0,0,0x03
2026-09-06T20:53:03.460,216,0,1,51,0,0,0,0,0,0,0x03
2026-09-06T20:53:03.525,219,0,2,51,0,0,0,0,0,0,0x03
2026-09-06T20:53:03.526,218,0,1,52,0,0,0,0,0,0,0x03
2026-09-06T20:53:03.590,221,0,2,50,0,0,0,0,0,0,0x03
2026-09-06T20:53:03.590,220,0,1,51,0,0,0,0,0,0,0x03
2026-09-06T20:53:03.655,223,0,2,51,0,0,0,0,0,0,0x03
2026-09-06T20:53:03.655,222,0,1,50,0,0,0,0,0,0,0x03
2026-09-06T20:53:03.720,225,0,2,51,0,0,0,0,0,0,0x03
2026-09-06T20:53:03.721,224,0,1,51,0,0,0,0,0,0,0x03
2026-09-06T20:53:03.802,227,0,2,51,0,0,0,0,0,0,0x03
2026-09-06T20:53:03.802,226,0,1,52,0,0,0,0,0,0,0x03
2026-09-06T20:53:03.867,229,0,2,51,0,0,0,0,0,0,0x03
2026-09-06T20:53:03.867,228,0,1,50,0,0,0,0,0,0,0x03
2026-09-06T20:53:03.932,231,0,2,51,0,0,0,0,0,0,0x03
2026-09-06T20:53:03.932,230,0,1,51,0,0,0,0,0,0,0x03
2026-09-06T20:53:03.997,233,0,2,55,0,0,0,0,0,0,0x03
2026-09-06T20:53:03.997,232,0,1,50,0,0,0,0,0,0,0x03
2026-09-06T20:53:04.063,235,0,2,50,0,0,0,0,0,0,0x03
2026-09-06T20:53:04.063,234,0,1,52,0,0,0,0,0,0,0x03
2026-09-06T20:53:04.128,237,0,2,52,0,0,0,0,0,0,0x03
2026-09-06T20:53:04.128,236,0,1,51,0,0,0,0,0,0,0x03
2026-09-06T20:53:04.193,239,0,2,50,0,0,0,0,0,0,0x03
2026-09-06T20:53:04.193,238,0,1,52,0,0,0,0,0,0,0x03
2026-09-06T20:53:04.258,241,0,2,51,0,0,0,0,0,0,0x03
2026-09-06T20:53:04.258,240,0,1,51,0,0,0,0,0,0,0x03
2026-09-06T20:53:04.340,243,0,2,52,0,0,0,0,0,0,0x03
2026-09-06T20:53:04.340,242,0,1,51,0,0,0,0,0,0,0x03
2026-09-06T20:53:04.389,245,0,2,52,0,0,0,0,0,0,0x03
2026-09-06T20:53:04.389,244,0,1,52,0,0,0,0,0,0,0x03
2026-09-06T20:53:04.470,247,0,2,51,0,0,0,0,0,0,0x03
2026-09-06T20:53:04.470,246,0,1,50,0,0,0,0,0,0,0x03
2026-09-06T20:53:04.535,249,0,2,51,0,0,0,0,0,0,0x03
2026-09-06T20:53:04.535,248,0,1,50,0,0,0,0,0,0,0x03
2026-09-06T20:53:04.600,251,0,2,50,0,0,0,0,0,0,0x03
2026-09-06T20:53:04.600,250,0,1,50,0,0,0,0,0,0,0x03
2026-09-06T20:53:04.665,253,0,2,54,0,0,0,0,0,0,0x03
2026-09-06T20:53:04.665,252,0,1,51,0,0,0,0,0,0,0x03
2026-09-06T20:53:04.730,255,0,2,50,0,0,0,0,0,0,0x03
2026-09-06T20:53:04.730,254,0,1,51,0,0,0,0,0,0,0x03
2026-09-06T20:53:04.796,257,0,2,50,0,0,0,0,0,0,0x03
2026-09-06T20:53:04.796,256,0,1,52,0,0,0,0,0,0,0x03
2026-09-06T20:53:04.861,259,0,2,51,0,0,0,0,0,0,0x03
2026-09-06T20:53:04.861,258,0,1,50,0,0,0,0,0,0,0x03
2026-09-06T20:53:04.926,261,0,2,51,0,0,0,0,0,0,0x03
2026-09-06T20:53:04.926,260,0,1,52,0,0,0,0,0,0,0x03
2026-09-06T20:53:05.008,263,0,2,50,0,0,0,0,0,0,0x03
2026-09-06T20:53:05.008,262,0,1,50,0,0,0,0,0,0,0x03
2026-09-06T20:53:05.073,265,0,2,51,0,0,0,0,0,0,0x03
2026-09-06T20:53:05.073,264,0,1,55,0,0,0,0,0,0,0x03
2026-09-06T20:53:05.138,267,0,2,52,0,0,0,0,0,0,0x03
2026-09-06T20:53:05.138,266,0,1,52,0,0,0,0,0,0,0x03
2026-09-06T20:53:05.203,269,0,2,51,0,0,0,0,0,0,0x03
2026-09-06T20:53:05.203,268,0,1,51,0,0,0,0,0,0,0x03
2026-09-06T20:53:05.268,271,0,2,51,0,0,0,0,0,0,0x03
2026-09-06T20:53:05.268,270,0,1,51,0,0,0,0,0,0,0x03
2026-09-06T20:53:05.333,273,0,2,50,0,0,0,0,0,0,0x03
2026-09-06T20:53:05.333,272,0,1,50,0,0,0,0,0,0,0x03
2026-09-06T20:53:05.398,275,0,2,50,0,0,0,0,0,0,0x03
2026-09-06T20:53:05.398,274,0,1,50,0,0,0,0,0,0,0x03
2026-09-06T20:53:05.463,277,0,2,51,0,0,0,0,0,0,0x03
2026-09-06T20:53:05.463,276,0,1,55,0,0,0,0,0,0,0x03
2026-09-06T20:53:05.529,279,0,2,53,0,0,0,0,0,0,0x03
2026-09-06T20:53:05.529,278,0,1,51,0,0,0,0,0,0,0x03
2026-09-06T20:53:05.610,281,0,2,52,0,0,0,0,0,0,0x03
2026-09-06T20:53:05.610,280,0,1,50,0,0,0,0,0,0,0x03
2026-09-06T20:53:05.675,283,0,2,52,0,0,0,0,0,0,0x03
2026-09-06T20:53:05.675,282,0,1,51,0,0,0,0,0,0,0x03
2026-09-06T20:53:05.740,285,0,2,51,0,0,0,0,0,0,0x03
2026-09-06T20:53:05.740,284,0,1,54,0,0,0,0,0,0,0x03
2026-09-06T20:53:05.805,287,0,2,50,0,0,0,0,0,0,0x03
2026-09-06T20:53:05.805,286,0,1,51,0,0,0,0,0,0,0x03
2026-09-06T20:53:05.935,289,0,2,50,0,0,0,0,0,0,0x03
2026-09-06T20:53:05.935,288,0,1,50,0,0,0,0,0,0,0x03
2026-09-06T20:53:05.999,291,0,2,52,0,0,0,0,0,0,0x03
2026-09-06T20:53:05.999,290,0,1,51,0,0,0,0,0,0,0x03
2026-09-06T20:53:06.081,293,0,2,50,0,0,0,0,0,0,0x03
2026-09-06T20:53:06.081,292,0,1,50,0,0,0,0,0,0,0x03
2026-09-06T20:53:06.146,295,0,2,51,0,0,0,0,0,0,0x03
2026-09-06T20:53:06.146,294,0,1,51,0,0,0,0,0,0,0x03
2026-09-06T20:53:06.210,297,0,2,54,0,0,0,0,0,0,0x03
2026-09-06T20:53:06.211,296,0,1,50,0,0,0,0,0,0,0x03
2026-09-06T20:53:06.275,299,0,2,50,0,0,0,0,0,0,0x03
2026-09-06T20:53:06.275,298,0,1,52,0,0,0,0,0,0,0x03
2026-09-06T20:53:06.341,301,0,2,50,0,0,0,0,0,0,0x03
2026-09-06T20:53:06.341,300,0,1,51,0,0,0,0,0,0,0x03
2026-09-06T20:53:06.405,303,0,2,52,0,0,0,0,0,0,0x03
2026-09-06T20:53:06.405,302,0,1,50,0,0,0,0,0,0,0x03
2026-09-06T20:53:06.471,305,0,2,51,0,0,0,0,0,0,0x03
2026-09-06T20:53:06.471,304,0,1,52,0,0,0,0,0,0,0x03
2026-09-06T20:53:06.535,307,0,2,51,0,0,0,0,0,0,0x03
2026-09-06T20:53:06.535,306,0,1,51,0,0,0,0,0,0,0x03
2026-09-06T20:53:06.615,309,0,2,50,0,0,0,0,0,0,0x03
2026-09-06T20:53:06.615,308,0,1,50,0,0,0,0,0,0,0x03
2026-09-06T20:53:06.680,311,0,2,51,0,0,0,0,0,0,0x03
2026-09-06T20:53:06.680,310,0,1,51,0,0,0,0,0,0,0x03
2026-09-06T20:53:06.745,313,0,2,50,0,0,0,0,0,0,0x03
2026-09-06T20:53:06.745,312,0,1,50,0,0,0,0,0,0,0x03
2026-09-06T20:53:06.810,315,0,2,52,0,0,0,0,0,0,0x03
2026-09-06T20:53:06.810,314,0,1,50,0,0,0,0,0,0,0x03
2026-09-06T20:53:06.874,317,0,2,50,0,0,0,0,0,0,0x03
2026-09-06T20:53:06.874,316,0,1,52,0,0,0,0,0,0,0x03
2026-09-06T20:53:06.939,319,0,2,52,0,0,0,0,0,0,0x03
2026-09-06T20:53:06.939,318,0,1,52,0,0,0,0,0,0,0x03
2026-09-06T20:53:07.004,321,0,2,52,0,0,0,0,0,0,0x03
2026-09-06T20:53:07.004,320,0,1,50,0,0,0,0,0,0,0x03
2026-09-06T20:53:07.070,323,0,2,52,0,0,0,0,0,0,0x03
2026-09-06T20:53:07.070,322,0,1,52,0,0,0,0,0,0,0x03
2026-09-06T20:53:07.151,325,0,2,52,0,0,0,0,0,0,0x03
2026-09-06T20:53:07.151,324,0,1,51,0,0,0,0,0,0,0x03
2026-09-06T20:53:07.216,327,0,2,50,0,0,0,0,0,0,0x03
2026-09-06T20:53:07.217,326,0,1,54,0,0,0,0,0,0,0x03
2026-09-06T20:53:07.282,329,0,2,52,0,0,0,0,0,0,0x03
2026-09-06T20:53:07.282,328,0,1,50,0,0,0,0,0,0,0x03
2026-09-06T20:53:07.347,331,0,2,51,0,0,0,0,0,0,0x03
2026-09-06T20:53:07.347,330,0,1,51,0,0,0,0,0,0,0x03
2026-09-06T20:53:07.412,333,0,2,51,0,0,0,0,0,0,0x03
2026-09-06T20:53:07.412,332,0,1,50,0,0,0,0,0,0,0x03
2026-09-06T20:53:07.477,335,0,2,50,0,0,0,0,0,0,0x03
2026-09-06T20:53:07.477,334,0,1,50,0,0,0,0,0,0,0x03
2026-09-06T20:53:07.542,337,0,2,50,0,0,0,0,0,0,0x03
2026-09-06T20:53:07.542,336,0,1,50,0,0,0,0,0,0,0x03
2026-09-06T20:53:07.607,339,0,2,51,0,0,0,0,0,0,0x03
2026-09-06T20:53:07.607,338,0,1,50,0,0,0,0,0,0,0x03
2026-09-06T20:53:07.688,341,0,2,52,0,0,0,0,0,0,0x03
2026-09-06T20:53:07.688,340,0,1,51,0,0,0,0,0,0,0x03
2026-09-06T20:53:07.737,343,0,2,50,0,0,0,0,0,0,0x03
2026-09-06T20:53:07.737,342,0,1,51,0,0,0,0,0,0,0x03
2026-09-06T20:53:07.819,345,0,2,51,0,0,0,0,0,0,0x03
2026-09-06T20:53:07.819,344,0,1,51,0,0,0,0,0,0,0x03
2026-09-06T20:53:07.884,347,0,2,50,0,0,0,0,0,0,0x03
2026-09-06T20:53:07.884,346,0,1,50,0,0,0,0,0,0,0x03
2026-09-06T20:53:07.948,349,0,2,51,0,0,0,0,0,0,0x03
2026-09-06T20:53:07.948,348,0,1,51,0,0,0,0,0,0,0x03
2026-09-06T20:53:08.014,351,0,2,50,0,0,0,0,0,0,0x03
2026-09-06T20:53:08.014,350,0,1,54,0,0,0,0,0,0,0x03
2026-09-06T20:53:08.078,353,0,2,54,0,0,0,0,0,0,0x03
2026-09-06T20:53:08.078,352,0,1,50,0,0,0,0,0,0,0x03
2026-09-06T20:53:08.143,355,0,2,51,0,0,0,0,0,0,0x03
2026-09-06T20:53:08.143,354,0,1,50,0,0,0,0,0,0,0x03
2026-09-06T20:53:08.208,357,0,2,51,0,0,0,0,0,0,0x03
2026-09-06T20:53:08.208,356,0,1,52,0,0,0,0,0,0,0x03
2026-09-06T20:53:08.274,359,0,2,51,0,0,0,0,0,0,0x03
2026-09-06T20:53:08.274,358,0,1,50,0,0,0,0,0,0,0x03
2026-09-06T20:53:08.355,361,0,2,54,0,0,0,0,0,0,0x03
2026-09-06T20:53:08.355,360,0,1,52,0,0,0,0,0,0,0x03
2026-09-06T20:53:08.420,363,0,2,52,0,0,0,0,0,0,0x03
2026-09-06T20:53:08.421,362,0,1,51,0,0,0,0,0,0,0x03
2026-09-06T20:53:08.485,365,0,2,52,0,0,0,0,0,0,0x03
2026-09-06T20:53:08.485,364,0,1,53,0,0,0,0,0,0,0x03
2026-09-06T20:53:08.550,367,0,2,51,0,0,0,0,0,0,0x03
2026-09-06T20:53:08.550,366,0,1,50,0,0,0,0,0,0,0x03
2026-09-06T20:53:08.615,369,0,2,51,0,0,0,0,0,0,0x03
2026-09-06T20:53:08.615,368,0,1,50,0,0,0,0,0,0,0x03
2026-09-06T20:53:08.681,371,0,2,52,0,0,0,0,0,0,0x03
2026-09-06T20:53:08.681,370,0,1,54,0,0,0,0,0,0,0x03
2026-09-06T20:53:08.745,373,0,2,51,0,0,0,0,0,0,0x03
2026-09-06T20:53:08.745,372,0,1,51,0,0,0,0,0,0,0x03
2026-09-06T20:53:08.810,375,0,2,50,0,0,0,0,0,0,0x03
2026-09-06T20:53:08.810,374,0,1,51,0,0,0,0,0,0,0x03
2026-09-06T20:53:08.891,377,0,2,50,0,0,0,0,0,0,0x03
2026-09-06T20:53:08.891,376,0,1,51,0,0,0,0,0,0,0x03
2026-09-06T20:53:08.956,379,0,2,51,0,0,0,0,0,0,0x03
2026-09-06T20:53:08.956,378,0,1,51,0,0,0,0,0,0,0x03
2026-09-06T20:53:09.021,381,0,2,52,0,0,0,0,0,0,0x03
2026-09-06T20:53:09.021,380,0,1,52,0,0,0,0,0,0,0x03
2026-09-06T20:53:09.086,383,0,2,51,0,0,0,0,0,0,0x03
2026-09-06T20:53:09.086,382,0,1,53,0,0,0,0,0,0,0x03
2026-09-06T20:53:09.151,385,0,2,50,0,0,0,0,0,0,0x03
2026-09-06T20:53:09.151,384,0,1,50,0,0,0,0,0,0,0x03
2026-09-06T20:53:09.216,387,0,2,52,0,0,0,0,0,0,0x03
2026-09-06T20:53:09.216,386,0,1,51,0,0,0,0,0,0,0x03
2026-09-06T20:53:09.281,389,0,2,50,0,0,0,0,0,0,0x03
2026-09-06T20:53:09.281,388,0,1,50,0,0,0,0,0,0,0x03
2026-09-06T20:53:09.346,391,0,2,51,0,0,0,0,0,0,0x03
2026-09-06T20:53:09.346,390,0,1,51,0,0,0,0,0,0,0x03
2026-09-06T20:53:09.427,393,0,2,55,0,0,0,0,0,0,0x03
2026-09-06T20:53:09.427,392,0,1,52,0,0,0,0,0,0,0x03
2026-09-06T20:53:09.492,395,0,2,50,0,0,0,0,0,0,0x03
2026-09-06T20:53:09.492,394,0,1,50,0,0,0,0,0,0,0x03
2026-09-06T20:53:09.557,397,0,2,51,0,0,0,0,0,0,0x03
2026-09-06T20:53:09.557,396,0,1,50,0,0,0,0,0,0,0x03
2026-09-06T20:53:09.572,399,0,2,51,0,0,0,0,0,0,0x03
2026-09-06T20:53:09.572,398,0,1,52,0,0,0,0,0,0,0x03
