timestamp,sequence,team,robot_id,interval_ms,left_target_eps,left_measured_eps,left_duty,right_target_eps,right_measured_eps,right_duty,flags
2026-09-06T20:40:14.771,1034,0,1,51,-3086,-1882,31409,-2716,0,35991,0x07
2026-09-06T20:40:14.840,1037,0,2,55,723,91,10394,967,55,13206,0x07
2026-09-06T20:40:14.840,1036,0,1,56,-1356,-1875,10665,-197,0,4467,0x07
2026-09-06T20:40:14.905,1039,0,2,50,723,480,8741,967,600,10887,0x07
2026-09-06T20:40:14.905,1038,0,1,51,0,0,15636,0,0,12312,0x07
2026-09-06T20:40:14.970,1041,0,2,50,0,0,0,0,0,0,0x03
2026-09-06T20:40:14.970,1040,0,1,50,0,0,0,0,0,0,0x03
2026-09-06T20:40:15.034,1,0,2,52,0,0,0,0,0,0,0x03
2026-09-06T20:40:15.034,0,0,1,51,0,0,0,0,0,0,0x03
2026-09-06T20:40:15.099,3,0,2,50,0,0,0,0,0,0,0x03
2026-09-06T20:40:15.099,2,0,1,50,0,0,0,0,0,0,0x03
2026-09-06T20:40:15.164,5,0,2,52,0,0,0,0,0,0,0x03
2026-09-06T20:40:15.164,4,0,1,53,0,0,0,0,0,0,0x03
2026-09-06T20:40:15.229,7,0,2,51,0,0,0,0,0,0,0x03
2026-09-06T20:40:15.229,6,0,1,51,0,0,0,0,0,0,0x03
2026-09-06T20:40:15.310,9,0,2,50,0,0,0,0,0,0,0x03
2026-09-06T20:40:15.310,8,0,1,50,0,0,0,0,0,0,0x03
2026-09-06T20:40:15.374,11,0,2,53,0,0,0,0,0,0,0x03
2026-09-06T20:40:15.374,10,0,1,51,0,0,0,0,0,0,0x03
2026-09-06T20:40:15.439,13,0,2,51,0,0,0,0,0,0,0x03
2026-09-06T20:40:15.439,12,0,1,52,0,0,0,0,0,0,0x03
2026-09-06T20:40:15.504,15,0,2,50,0,0,0,0,0,0,0x03
2026-09-06T20:40:15.504,14,0,1,51,0,0,0,0,0,0,0x03
2026-09-06T20:40:15.569,17,0,2,51,0,0,0,0,0,0,0x03
2026-09-06T20:40:15.569,16,0,1,51,0,0,0,0,0,0,0x03
2026-09-06T20:40:15.634,19,0,2,51,0,0,0,0,0,0,0x03
2026-09-06T20:40:15.634,18,0,1,50,0,0,0,0,0,0,0x03
2026-09-06T20:40:15.699,21,0,2,51,0,0,0,0,0,0,0x03
2026-09-06T20:40:15.699,20,0,1,51,0,0,0,0,0,0,0x03
2026-09-06T20:40:15.765,23,0,2,50,0,0,0,0,0,0,0x03
2026-09-06T20:40:15.765,22,0,1,50,0,0,0,0,0,0,0x03
2026-09-06T20:40:15.846,25,0,2,51,0,0,0,0,0,0,0x03
2026-09-06T20:40:15.846,24,0,1,53,0,0,0,0,0,0,0x03
2026-09-06T20:40:15.911,27,0,2,50,0,0,0,0,0,0,0x03
2026-09-06T20:40:15.911,26,0,1,52,0,0,0,0,0,0,0x03
2026-09-06T20:40:15.975,29,0,2,51,0,0,0,0,0,0,0x03
2026-09-06T20:40:15.975,28,0,1,50,0,0,0,0,0,0,0x03
2026-09-06T20:40:16.040,31,0,2,50,0,0,0,0,0,0,0x03
2026-09-06T20:40:16.040,30,0,1,51,0,0,0,0,0,0,0x03
2026-09-06T20:40:16.105,33,0,2,51,0,0,0,0,0,0,0x03
2026-09-06T20:40:16.105,32,0,1,52,0,0,0,0,0,0,0x03
2026-09-06T20:40:16.170,35,0,2,51,0,0,0,0,0,0,0x03
2026-09-06T20:40:16.170,34,0,1,50,0,0,0,0,0,0,0x03
2026-09-06T20:40:16.235,37,0,2,51,0,0,0,0,0,0,0x03
2026-09-06T20:40:16.235,36,0,1,50,0,0,0,0,0,0,0x03
2026-09-06T20:40:16.315,39,0,2,51,0,0,0,0,0,0,0x03
2026-09-06T20:40:16.315,38,0,1,51,0,0,0,0,0,0,0x03
2026-09-06T20:40:16.381,41,0,2,51,0,0,0,0,0,0,0x03
2026-09-06T20:40:16.381,40,0,1,51,0,0,0,0,0,0,0x03
2026-09-06T20:40:16.446,43,0,2,53,0,0,0,0,0,0,0x03
2026-09-06T20:40:16.446,42,0,1,50,0,0,0,0,0,0,0x03
2026-09-06T20:40:16.510,45,0,2,50,0,0,0,0,0,0,0x03
2026-09-06T20:40:16.511,44,0,1,50,0,0,0,0,0,0,0x03
2026-09-06T20:40:16.575,47,0,2,50,0,0,0,0,0,0,0x03
2026-09-06T20:40:16.575,46,0,1,50,0,0,0,0,0,0,0x03
2026-09-06T20:40:16.640,49,0,2,52,0,0,0,0,0,0,0x03
2026-09-06T20:40:16.640,48,0,1,53,0,0,0,0,0,0,0x03
2026-09-06T20:40:16.705,51,0,2,50,0,0,0,0,0,0,0x03
2026-09-06T20:40:16.705,50,0,1,51,0,0,0,0,0,0,0x03
2026-09-06T20:40:16.770,53,0,2,50,0,0,0,0,0,0,0x03
2026-09-06T20:40:16.770,52,0,1,50,0,0,0,0,0,0,0x03
2026-09-06T20:40:16.851,55,0,2,53,0,0,0,0,0,0,0x03
2026-09-06T20:40:16.851,54,0,1,51,0,0,0,0,0,0,0x03
2026-09-06T20:40:16.916,57,0,2,51,0,0,0,0,0,0,0x03
2026-09-06T20:40:16.917,56,0,1,52,0,0,0,0,0,0,0x03
2026-09-06T20:40:16.981,59,0,2,52,0,0,0,0,0,0,0x03
2026-09-06T20:40:16.981,58,0,1,50,0,0,0,0,0,0,0x03
2026-09-06T20:40:17.046,61,0,2,51,0,0,0,0,0,0,0x03
2026-09-06T20:40:17.046,60,0,1,52,0,0,0,0,0,0,0x03
2026-09-06T20:40:17.111,63,0,2,50,0,0,0,0,0,0,0x03
2026-09-06T20:40:17.111,62,0,1,50,0,0,0,0,0,0,0x03
2026-09-06T20:40:17.176,65,0,2,51,0,0,0,0,0,0,0x03
2026-09-06T20:40:17.176,64,0,1,50,0,0,0,0,0,0,0x03
2026-09-06T20:40:17.241,67,0,2,52,0,0,0,0,0,0,0x03
2026-09-06T20:40:17.241,66,0,1,50,0,0,0,0,0,0,0x03
2026-09-06T20:40:17.306,69,0,2,50,0,0,0,0,0,0,0x03
2026-09-06T20:40:17.306,68,0,1,51,0,0,0,0,0,0,0x03
2026-09-06T20:40:17.387,71,0,2,51,0,0,19738,0,0,28709,0x07
2026-09-06T20:40:17.388,70,0,1,50,0,0,12033,0,0,16987,0x07
2026-09-06T20:40:17.436,73,0,2,52,2322,346,28134,3477,115,40000,0x07
2026-09-06T20:40:17.437,72,0,1,50,-1249,-220,16405,-1814,0,24695,0x07
2026-09-06T20:40:17.518,75,0,2,54,2703,852,30470,3073,1685,31491,0x07
2026-09-06T20:40:17.518,74,0,1,53,-1243,-245,16229,-1811,0,24665,0x07
2026-09-06T20:40:17.582,77,0,2,51,2703,1235,28840,3073,1902,30570,0x07
2026-09-06T20:40:17.582,76,0,1,52,-1243,-327,15882,-1811,0,24665,0x07
2026-09-06T20:40:17.648,79,0,2,51,2698,1569,27368,3070,1706,31370,0x07
2026-09-06T20:40:17.648,78,0,1,52,-1248,-442,15456,-1812,0,24673,0x07
2026-09-06T20:40:17.713,81,0,2,50,2562,1740,25038,3018,1860,30086,0x07
2026-09-06T20:40:17.713,80,0,1,52,-1404,-538,16913,-1900,0,25772,0x07
2026-09-06T20:40:17.778,83,0,2,50,2056,1980,18060,2749,1980,26358,0x07
2026-09-06T20:40:17.778,82,0,1,50,-1830,-620,21692,-2173,0,29188,0x07
2026-09-06T20:40:17.843,85,0,2,50,1715,2060,13711,2399,2140,21488,0x07
2026-09-06T20:40:17.843,84,0,1,50,-2485,-780,28877,-2618,0,34765,0x07
2026-09-06T20:40:17.924,87,0,2,53,1290,1547,10886,1938,2170,15844,0x07
2026-09-06T20:40:17.924,86,0,1,51,-2907,-1000,33011,-2993,0,39456,0x07
2026-09-06T20:40:17.973,89,0,2,50,1290,1420,11426,1938,1920,16905,0x07
2026-09-06T20:40:17.973,88,0,1,51,-3374,-1549,36282,-3248,0,40000,0x07
2026-09-06T20:40:18.054,91,0,2,51,1112,1333,9698,1765,2059,14249,0x07
2026-09-06T20:40:18.054,90,0,1,51,-3374,-1824,35116,-3309,0,40000,0x07
2026-09-06T20:40:18.119,93,0,2,51,1141,1373,9869,1720,1784,14876,0x07
2026-09-06T20:40:18.119,92,0,1,57,-2898,-2088,28275,-2086,0,28099,0x07
2026-09-06T20:40:18.184,95,0,2,50,1357,1220,13067,1840,1800,16237,0x07
2026-09-06T20:40:18.184,94,0,1,57,-2898,-2088,28275,-2086,0,28099,0x07
2026-09-06T20:40:18.249,97,0,2,51,1574,1275,15389,2017,1843,18184,0x07
2026-09-06T20:40:18.250,96,0,1,50,-1785,-1700,16550,-663,0,10298,0x07
2026-09-06T20:40:18.314,99,0,2,52,2420,1423,24717,2633,1731,26031,0x07
2026-09-06T20:40:18.314,98,0,1,50,0,0,24217,0,0,23625,0x07
2026-09-06T20:40:18.379,101,0,2,52,2420,1365,24962,2633,1808,25704,0x07
2026-09-06T20:40:18.379,100,0,1,50,2819,220,35261,2617,1000,30497,0x07
2026-09-06T20:40:18.461,103,0,2,51,2712,1490,27872,2914,1804,29080,0x07
2026-09-06T20:40:18.461,102,0,1,50,2894,1780,29531,3500,1520,39339,0x07
2026-09-06T20:40:18.509,105,0,2,51,2794,1706,27912,3068,1882,30595,0x07
2026-09-06T20:40:18.509,104,0,1,50,2206,1700,21616,3398,1420,38485,0x07
2026-09-06T20:40:18.590,107,0,2,56,2674,2089,24877,3115,2268,29514,0x07
2026-09-06T20:40:18.590,106,0,1,52,253,692,2435,1488,1231,15386,0x07
2026-09-06T20:40:18.655,109,0,2,51,2674,2059,25006,3115,2431,28819,0x07
2026-09-06T20:40:18.655,108,0,1,50,253,340,3932,1488,1380,14751,0x07
2026-09-06T20:40:18.720,111,0,2,51,2590,2255,23184,3034,2471,27684,0x07
2026-09-06T20:40:18.720,110,0,1,50,0,0,12725,0,0,17644,0x07
2026-09-06T20:40:18.786,113,0,2,57,2051,2228,16950,2632,2474,22865,0x07
2026-09-06T20:40:18.786,112,0,1,50,-1338,-500,16286,-1893,-800,22290,0x07
2026-09-06T20:40:18.852,115,0,2,50,2051,2140,17324,2632,2640,22158,0x07
2026-09-06T20:40:18.852,114,0,1,50,-2390,-540,28759,-2441,-780,29224,0x07
2026-09-06T20:40:18.916,117,0,2,50,1786,2080,14461,2410,2580,19756,0x07
2026-09-06T20:40:18.916,116,0,1,51,-3201,-647,38041,-3026,-549,37530,0x07
2026-09-06T20:40:18.982,119,0,2,51,1872,1922,16139,2357,2333,20164,0x07
2026-09-06T20:40:18.982,118,0,1,51,-3374,-1510,36449,-3028,-98,39473,0x07
2026-09-06T20:40:19.047,121,0,2,51,1906,1941,16457,2381,2314,20536,0x07
2026-09-06T20:40:19.047,120,0,1,50,0,0,0,0,0,0,0x03
2026-09-06T20:40:19.129,123,0,2,51,3374,1922,33828,2780,2353,25150,0x07
2026-09-06T20:40:19.129,122,0,1,50,0,0,6435,0,0,26257,0x07
2026-09-06T20:40:19.193,125,0,2,50,3374,2280,32304,3137,2440,29046,0x07
2026-09-06T20:40:19.193,124,0,1,50,-527,-460,6721,-2935,0,38733,0x07
2026-09-06T20:40:19.258,127,0,2,53,2629,2415,22960,1955,2358,15243,0x07
2026-09-06T20:40:19.259,126,0,1,50,-2972,-1760,30556,-2721,-20,35959,0x07
2026-09-06T20:40:19.323,129,0,2,50,2629,2300,23449,1955,2060,16512,0x07
2026-09-06T20:40:19.324,128,0,1,50,-3374,-1580,36150,-3183,-60,40000,0x07
2026-09-06T20:40:19.389,131,0,2,52,2043,2519,15613,1318,2096,8732,0x07
2026-09-06T20:40:19.389,130,0,1,55,-3108,-1782,32100,-2400,0,32027,0x07
2026-09-06T20:40:19.453,133,0,2,50,1604,1740,13760,918,1080,8261,0x07
2026-09-06T20:40:19.453,132,0,1,51,-3108,-1863,31756,-2400,0,32027,0x07
2026-09-06T20:40:19.518,135,0,2,51,1346,1725,10787,704,902,6454,0x07
2026-09-06T20:40:19.518,134,0,1,50,-2152,-1980,19769,-1127,0,16096,0x07
2026-09-06T20:40:19.583,137,0,2,52,1287,1673,10307,735,1192,5596,0x07
2026-09-06T20:40:19.583,136,0,1,50,0,0,16231,0,0,13110,0x07
2026-09-06T20:40:19.664,139,0,2,50,1437,1560,12555,1022,1100,9426,0x07
2026-09-06T20:40:19.664,138,0,1,50,1790,180,23072,1345,520,16615,0x07
2026-09-06T20:40:19.729,141,0,2,50,1743,1580,16073,1471,1320,13861,0x07
2026-09-06T20:40:19.729,140,0,1,51,2679,824,31014,3398,529,40000,0x07
2026-09-06T20:40:19.795,143,0,2,50,2013,1740,18579,1760,1560,16302,0x07
2026-09-06T20:40:19.795,142,0,1,51,2872,1020,32502,3500,1039,40000,0x07
2026-09-06T20:40:19.860,145,0,2,56,2640,1375,27507,2635,1000,29158,0x07
2026-09-06T20:40:19.860,144,0,1,50,1826,760,21040,3125,1900,33033,0x07
2026-09-06T20:40:19.924,147,0,2,51,2640,1431,27268,2635,1431,27325,0x07
2026-09-06T20:40:19.924,146,0,1,50,499,900,4511,1753,1600,17138,0x07
2026-09-06T20:40:19.989,149,0,2,51,2929,1588,30002,3046,1471,32081,0x07
2026-09-06T20:40:19.989,148,0,1,50,291,720,2776,1448,1300,14597,0x07
2026-09-06T20:40:20.054,151,0,2,50,3109,1920,30713,3162,1700,32489,0x07
2026-09-06T20:40:20.054,150,0,1,50,0,0,6961,0,0,12130,0x07
2026-09-06T20:40:20.119,153,0,2,57,3272,2105,31848,3440,2263,33435,0x07
2026-09-06T20:40:20.119,152,0,1,50,0,0,0,0,0,0,0x03
2026-09-06T20:40:20.201,155,0,2,51,3272,2431,30462,3440,2451,32636,0x07
2026-09-06T20:40:20.201,154,0,1,50,0,0,6291,0,0,12097,0x07
2026-09-06T20:40:20.266,157,0,2,50,3341,2440,31239,3386,2520,31686,0x07
2026-09-06T20:40:20.266,156,0,1,54,-1090,-19,15357,-1464,-315,18981,0x07
2026-09-06T20:40:20.330,159,0,2,52,3353,2788,29894,3341,2654,30650,0x07
2026-09-06T20:40:20.330,158,0,1,51,-1090,-39,15269,-1464,-78,19986,0x07
2026-09-06T20:40:20.395,161,0,2,51,3340,2843,29657,3323,2863,29666,0x07
2026-09-06T20:40:20.395,160,0,1,52,-2657,-58,34006,-2454,-19,32625,0x07
2026-09-06T20:40:20.460,163,0,2,50,3325,2800,29742,3216,2840,28545,0x07
2026-09-06T20:40:20.460,162,0,1,56,-3093,-786,36155,-3204,-18,40000,0x07
2026-09-06T20:40:20.526,165,0,2,51,3054,2980,25900,2605,2824,21301,0x07
2026-09-06T20:40:20.526,164,0,1,50,-3093,-1200,34394,-3204,0,40000,0x07
2026-09-06T20:40:20.591,167,0,2,51,3054,2980,25965,2605,2784,21517,0x07
2026-09-06T20:40:20.591,166,0,1,50,-3244,-1520,34842,-3336,0,40000,0x07
2026-09-06T20:40:20.656,169,0,2,51,2217,2922,16252,1180,2706,4640,0x07
2026-09-06T20:40:20.656,168,0,1,52,-3374,-1635,35918,-3397,0,40000,0x07
2026-09-06T20:40:20.736,171,0,2,51,1336,2549,7367,364,1824,4198,0x07
2026-09-06T20:40:20.737,170,0,1,51,-3374,-2137,33782,-3301,0,40000,0x07
2026-09-06T20:40:20.785,173,0,2,58,-1173,-34,16144,-608,0,9229,0x07
2026-09-06T20:40:20.785,172,0,1,51,-3374,-2098,33949,-2892,0,38195,0x07
2026-09-06T20:40:20.866,175,0,2,51,-1173,-863,12624,-608,-588,6729,0x07
2026-09-06T20:40:20.866,174,0,1,50,-2635,-2180,24722,-1627,-20,22270,0x07
2026-09-06T20:40:20.931,177,0,2,51,-1153,-275,14879,-554,-745,5415,0x07
2026-09-06T20:40:20.932,176,0,1,50,0,0,16524,0,0,13489,0x07
2026-09-06T20:40:20.996,179,0,2,51,0,0,16383,0,0,12863,0x07
2026-09-06T20:40:20.996,178,0,1,51,1827,255,23207,1391,98,18982,0x07
2026-09-06T20:40:21.061,181,0,2,50,1836,1420,18153,1402,580,16355,0x07
2026-09-06T20:40:21.061,180,0,1,51,0,0,0,0,0,0,0x03
2026-09-06T20:40:21.126,183,0,2,50,0,0,0,0,0,0,0x03
2026-09-06T20:40:21.126,182,0,1,51,0,0,0,0,0,0,0x03
2026-09-06T20:40:21.191,185,0,2,51,2951,0,37462,3192,20,40000,0x07
2026-09-06T20:40:21.191,184,0,1,50,0,0,0,0,0,0,0x03
2026-09-06T20:40:21.272,187,0,2,51,2951,1843,29629,3192,1745,33031,0x07
2026-09-06T20:40:21.272,186,0,1,51,0,0,17935,0,0,30924,0x07
2026-09-06T20:40:21.337,189,0,2,50,0,0,0,0,0,0,0x03
2026-09-06T20:40:21.337,188,0,1,51,-2149,-59,27906,-1781,-98,23867,0x07
2026-09-06T20:40:21.402,191,0,2,51,0,0,27395,0,0,28238,0x07
2026-09-06T20:40:21.402,190,0,1,50,0,0,8935,-1781,-560,21903,0x07
2026-09-06T20:40:21.467,193,0,2,51,3274,157,40000,3366,1471,36293,0x07
2026-09-06T20:40:21.467,192,0,1,50,0,0,12458,-2861,-20,37716,0x07
2026-09-06T20:40:21.532,195,0,2,50,3318,360,40000,3280,1960,33173,0x07
2026-09-06T20:40:21.532,194,0,1,51,-1303,-765,14747,-1657,-20,22649,0x07
2026-09-06T20:40:21.597,197,0,2,51,3013,902,34368,2637,1275,28318,0x07
2026-09-06T20:40:21.597,196,0,1,51,-1699,-196,21913,-2044,0,27577,0x07
2026-09-06T20:40:21.662,199,0,2,50,3013,1480,31911,2637,1000,29484,0x07
2026-09-06T20:40:21.662,198,0,1,51,-1976,-392,24411,-2327,0,31116,0x07
2026-09-06T20:40:21.727,201,0,2,51,2690,1863,26443,2177,392,26521,0x07
2026-09-06T20:40:21.727,200,0,1,51,-2370,-882,27053,-2683,0,35571,0x07
2026-09-06T20:40:21.809,203,0,2,51,2242,980,24852,1599,157,20534,0x07
2026-09-06T20:40:21.809,202,0,1,50,-2370,-1060,26298,-2683,0,35571,0x07
2026-09-06T20:40:21.858,205,0,2,50,1875,0,24650,1270,0,17228,0x07
2026-09-06T20:40:21.858,204,0,1,51,-2594,-1235,28243,-2866,0,37866,0x07
2026-09-06T20:40:21.939,207,0,2,50,1571,0,21029,927,0,13088,0x07
2026-09-06T20:40:21.939,206,0,1,51,-3120,-1373,33981,-3125,0,40000,0x07
2026-09-06T20:40:22.004,209,0,2,52,1303,0,17834,732,0,10735,0x07
2026-09-06T20:40:22.004,208,0,1,52,-3374,-1827,35101,-3304,0,40000,0x07
2026-09-06T20:40:22.070,211,0,2,52,1303,0,17834,732,0,10735,0x07
2026-09-06T20:40:22.070,210,0,1,50,-3374,-1960,34536,-3075,0,40000,0x07
2026-09-06T20:40:22.135,213,0,2,51,1380,0,18750,912,0,12911,0x07
2026-09-06T20:40:22.135,212,0,1,50,-1982,-2120,17136,-828,-20,12271,0x07
2026-09-06T20:40:22.200,215,0,2,52,1577,0,21097,1205,0,16445,0x07
2026-09-06T20:40:22.200,214,0,1,51,-1982,-1882,18146,-828,0,12356,0x07
2026-09-06T20:40:22.266,217,0,2,51,1672,0,22235,1234,0,16800,0x07
2026-09-06T20:40:22.266,216,0,1,51,0,0,18102,0,0,15526,0x07
2026-09-06T20:40:22.330,219,0,2,51,1622,0,21636,1100,0,15173,0x07
2026-09-06T20:40:22.330,218,0,1,50,2031,240,25713,1637,60,22228,0x07
2026-09-06T20:40:22.395,221,0,2,50,1558,0,20872,1037,0,14412,0x07
2026-09-06T20:40:22.395,220,0,1,57,2680,912,30658,3500,1719,38492,0x07
2026-09-06T20:40:22.477,223,0,2,50,1755,0,23223,1396,0,18749,0x07
2026-09-06T20:40:22.477,222,0,1,50,0,0,0,0,0,0,0x03
2026-09-06T20:40:22.541,225,0,2,51,1755,0,23223,1396,0,18749,0x07
2026-09-06T20:40:22.541,224,0,1,51,0,0,0,0,0,0,0x03
2026-09-06T20:40:22.606,227,0,2,50,1796,0,23701,1352,0,18220,0x07
2026-09-06T20:40:22.606,226,0,1,50,0,0,0,0,0,0,0x03
2026-09-06T20:40:22.671,229,0,2,50,1795,0,23698,1352,0,18216,0x07
2026-09-06T20:40:22.672,228,0,1,51,0,0,8069,0,0,21754,0x07
2026-09-06T20:40:22.737,231,0,2,50,1791,0,23645,0,0,15590,0x07
2026-09-06T20:40:22.737,230,0,1,50,738,120,10695,2390,280,30724,0x07
2026-09-06T20:40:22.802,233,0,2,51,1687,0,22408,-1750,-235,22028,0x07
2026-09-06T20:40:22.802,232,0,1,52,-666,0,10338,-1290,-19,18056,0x07
2026-09-06T20:40:22.867,235,0,2,51,1687,0,22408,-1750,-765,19778,0x07
2026-09-06T20:40:22.867,234,0,1,50,-666,-280,9148,-1290,-140,17542,0x07
2026-09-06T20:40:22.932,237,0,2,51,1687,0,22408,-1750,-412,21278,0x07
2026-09-06T20:40:22.932,236,0,1,52,-1253,-135,16821,-1629,0,22383,0x07
2026-09-06T20:40:23.013,239,0,2,51,1687,20,22324,-1750,-549,20694,0x07
2026-09-06T20:40:23.013,238,0,1,50,-1681,-20,22446,-2021,0,27288,0x07
2026-09-06T20:40:23.078,241,0,2,51,1687,157,21741,-1750,-745,19861,0x07
2026-09-06T20:40:23.078,240,0,1,51,-1990,-373,24656,-2326,0,31112,0x07
2026-09-06T20:40:23.142,243,0,2,56,0,0,0,0,0,0,0x03
2026-09-06T20:40:23.142,242,0,1,50,-2208,-640,26145,-2548,-20,33804,0x07
2026-09-06T20:40:23.207,245,0,2,52,0,0,0,0,0,0,0x03
2026-09-06T20:40:23.207,244,0,1,54,2016,93,26167,1619,0,22260,0x07
2026-09-06T20:40:23.271,247,0,2,51,0,0,23153,0,0,29288,0x07
2026-09-06T20:40:23.271,246,0,1,50,0,0,24262,0,0,28190,0x07
2026-09-06T20:40:23.337,249,0,2,51,2720,1843,26880,3500,843,40000,0x07
2026-09-06T20:40:23.337,248,0,1,51,-2824,-627,33599,-3169,-314,40000,0x07
2026-09-06T20:40:23.402,251,0,2,51,2834,1078,31488,3500,1941,35913,0x07
2026-09-06T20:40:23.402,250,0,1,51,-3372,-1471,36596,-3266,-39,40000,0x07
2026-09-06T20:40:23.467,253,0,2,50,1909,900,21227,3105,2320,29535,0x07
2026-09-06T20:40:23.468,252,0,1,52,-3374,-1481,36572,-3118,0,40000,0x07
2026-09-06T20:40:23.533,255,0,2,50,920,1080,8679,1714,1240,17321,0x07
2026-09-06T20:40:23.533,254,0,1,51,-3374,-1647,35866,-3118,0,40000,0x07
2026-09-06T20:40:23.614,257,0,2,51,920,1000,9019,1714,1471,16341,0x07
2026-09-06T20:40:23.614,256,0,1,51,-3165,-1824,32608,-2625,0,34844,0x07
2026-09-06T20:40:23.678,259,0,2,51,497,961,4153,1305,1490,11321,0x07
2026-09-06T20:40:23.678,258,0,1,51,-2704,-1902,26739,-2124,0,28576,0x07
2026-09-06T20:40:23.744,261,0,2,50,476,740,4842,1256,1340,11363,0x07
2026-09-06T20:40:23.744,260,0,1,50,-1849,-1660,17498,-851,0,12645,0x07
2026-09-06T20:40:23.809,263,0,2,51,463,608,5239,1270,1275,11819,0x07
2026-09-06T20:40:23.809,262,0,1,51,0,0,17644,0,0,14932,0x07
2026-09-06T20:40:23.874,265,0,2,50,496,620,5586,1236,1240,11543,0x07
2026-09-06T20:40:23.874,264,0,1,54,2781,296,34478,3500,796,40000,0x07
2026-09-06T20:40:23.938,267,0,2,51,577,569,6764,1152,1059,11302,0x07
2026-09-06T20:40:23.938,266,0,1,51,2781,1725,28404,3500,1255,40000,0x07
2026-09-06T20:40:24.003,269,0,2,51,577,588,6681,1152,1078,11219,0x07
2026-09-06T20:40:24.003,268,0,1,52,2681,1673,27436,3500,1558,39179,0x07
2026-09-06T20:40:24.084,271,0,2,51,597,627,6759,1130,1078,10961,0x07
2026-09-06T20:40:24.085,270,0,1,50,1425,1480,13170,2764,1380,30723,0x07
2026-09-06T20:40:24.133,273,0,2,51,1094,510,13172,1499,1078,15416,0x07
2026-09-06T20:40:24.133,272,0,1,51,0,0,7142,0,0,12303,0x07
2026-09-06T20:40:24.215,275,0,2,55,1869,1000,20327,2196,1018,24085,0x07
2026-09-06T20:40:24.215,274,0,1,51,-618,-39,9604,-1247,-922,13686,0x07
2026-09-06T20:40:24.280,277,0,2,50,0,0,2871,2196,1060,23908,0x07
2026-09-06T20:40:24.280,276,0,1,53,-3014,-302,37259,-2818,-679,34372,0x07
2026-09-06T20:40:24.345,279,0,2,50,-73,-300,1906,1007,1120,9297,0x07
2026-09-06T20:40:24.345,278,0,1,53,-3014,-302,37259,-2818,-679,34372,0x07
2026-09-06T20:40:24.410,281,0,2,52,-6,-192,1564,781,923,7403,0x07
2026-09-06T20:40:24.410,280,0,1,51,-3374,-1059,38366,-3098,-98,40000,0x07
2026-09-06T20:40:24.475,283,0,2,51,-137,-78,3611,0,0,7631,0x07
2026-09-06T20:40:24.475,282,0,1,52,-3374,-1385,36981,-2578,0,34262,0x07
2026-09-06T20:40:24.540,285,0,2,52,-124,0,3787,0,0,13710,0x07
2026-09-06T20:40:24.540,284,0,1,55,-1380,-1764,11426,-318,0,5977,0x07
2026-09-06T20:40:24.605,287,0,2,52,-999,-808,10780,-714,-115,10024,0x07
2026-09-06T20:40:24.605,286,0,1,51,-1380,-1412,12921,-318,0,5977,0x07
2026-09-06T20:40:24.670,289,0,2,50,-999,-800,10813,-714,-420,8730,0x07
2026-09-06T20:40:24.670,288,0,1,52,0,0,17644,0,0,14932,0x07
2026-09-06T20:40:24.751,291,0,2,50,-1595,-680,18424,-1499,-540,17701,0x07
2026-09-06T20:40:24.751,290,0,1,50,1972,320,24664,1565,40,21414,0x07
2026-09-06T20:40:24.817,293,0,2,50,-2246,-820,25577,-2287,-680,26617,0x07
2026-09-06T20:40:24.817,292,0,1,50,2737,960,31131,3401,1400,38614,0x07
2026-09-06T20:40:24.881,295,0,2,56,-3123,-1518,33065,-3500,-839,40000,0x07
2026-09-06T20:40:24.881,294,0,1,51,2653,1118,29456,3500,1843,37966,0x07
2026-09-06T20:40:24.947,297,0,2,51,-3123,-1784,31933,-3500,-1412,38163,0x07
2026-09-06T20:40:24.947,296,0,1,56,143,1018,0,1601,1304,16496,0x07
2026-09-06T20:40:25.012,299,0,2,51,-3168,-1588,33296,-3500,-1941,35913,0x07
2026-09-06T20:40:25.012,298,0,1,50,0,0,8370,0,0,13484,0x07
2026-09-06T20:40:25.077,301,0,2,51,-3062,-2216,29367,-3500,-2255,34580,0x07
2026-09-06T20:40:25.077,300,0,1,50,-777,-40,11501,-1390,-760,16161,0x07
2026-09-06T20:40:25.143,303,0,2,50,-2582,-2160,23886,-3076,-2420,28763,0x07
2026-09-06T20:40:25.143,302,0,1,52,-1660,-19,22203,-1890,-904,21809,0x07
2026-09-06T20:40:25.207,305,0,2,51,-1624,-2451,11243,-2241,-2471,18457,0x07
2026-09-06T20:40:25.207,304,0,1,55,-3374,-945,38847,-2686,-564,33215,0x07
2026-09-06T20:40:25.289,307,0,2,52,36,77,2420,635,58,9313,0x07
2026-09-06T20:40:25.289,306,0,1,50,-3374,-1340,37170,-2686,-300,34335,0x07
2026-09-06T20:40:25.354,309,0,2,51,36,431,914,635,137,8975,0x07
2026-09-06T20:40:25.354,308,0,1,50,-2412,-1220,26132,0,0,2071,0x07
2026-09-06T20:40:25.419,311,0,2,52,1993,212,25158,1382,0,18588,0x07
2026-09-06T20:40:25.419,310,0,1,50,0,0,17404,9,0,2110,0x07
2026-09-06T20:40:25.485,313,0,2,50,3084,1000,34800,3081,1000,34857,0x07
2026-09-06T20:40:25.485,312,0,1,50,1941,220,24717,1547,500,19233,0x07
2026-09-06T20:40:25.550,315,0,2,52,3104,1212,34134,3347,1750,34877,0x07
2026-09-06T20:40:25.550,314,0,1,52,2596,577,31073,3500,1135,40000,0x07
2026-09-06T20:40:25.615,317,0,2,51,2996,1137,33164,3351,2137,33282,0x07
2026-09-06T20:40:25.615,316,0,1,55,755,855,7784,2089,1855,20260,0x07
2026-09-06T20:40:25.681,319,0,2,52,2620,1750,26078,3151,1538,33414,0x07
2026-09-06T20:40:25.681,318,0,1,50,755,580,8951,2089,1240,22872,0x07
2026-09-06T20:40:25.745,321,0,2,52,2620,1788,25914,3151,1904,31861,0x07
2026-09-06T20:40:25.745,320,0,1,50,225,600,2491,1336,1080,14122,0x07
2026-09-06T20:40:25.811,323,0,2,50,2267,1980,20897,2895,1860,28949,0x07
2026-09-06T20:40:25.811,322,0,1,51,256,353,3915,1312,1000,14169,0x07
2026-09-06T20:40:25.892,325,0,2,50,1572,2160,11861,2403,2040,22249,0x07
2026-09-06T20:40:25.892,324,0,1,56,904,393,11533,987,1000,10099,0x07
2026-09-06T20:40:25.957,327,0,2,56,271,821,2045,1469,1768,12123,0x07
2026-09-06T20:40:25.957,326,0,1,51,0,0,17521,0,0,22023,0x07
2026-09-06T20:40:26.022,329,0,2,50,0,0,8679,0,0,13153,0x07
2026-09-06T20:40:26.022,328,0,1,50,-1956,-340,24389,-2423,-580,29856,0x07
2026-09-06T20:40:26.087,331,0,2,50,-831,-260,11106,-1439,-360,17738,0x07
2026-09-06T20:40:26.087,330,0,1,50,-3374,-960,38786,-860,-360,11228,0x07
2026-09-06T20:40:26.152,333,0,2,52,0,0,26682,0,0,27641,0x07
2026-09-06T20:40:26.152,332,0,1,50,0,0,12491,0,0,8340,0x07
2026-09-06T20:40:26.217,335,0,2,51,3181,843,36617,3290,1000,37372,0x07
2026-09-06T20:40:26.217,334,0,1,51,1308,196,17216,768,20,11519,0x07
2026-09-06T20:40:26.283,337,0,2,50,2459,1920,23438,1995,2640,14766,0x07
2026-09-06T20:40:26.283,336,0,1,54,2402,463,29224,2429,667,29566,0x07
2026-09-06T20:40:26.348,339,0,2,52,1271,731,14346,569,308,7460,0x07
2026-09-06T20:40:26.348,338,0,1,50,2402,720,28131,2429,620,29765,0x07
2026-09-06T20:40:26.413,341,0,2,50,1271,880,13712,569,560,6388,0x07
2026-09-06T20:40:26.413,340,0,1,50,2863,1400,30777,3109,680,38016,0x07
2026-09-06T20:40:26.478,343,0,2,51,1044,922,10831,455,431,5557,0x07
2026-09-06T20:40:26.478,342,0,1,51,3139,1941,31791,3366,1078,39542,0x07
2026-09-06T20:40:26.560,345,0,2,52,932,942,9409,376,423,4632,0x07
2026-09-06T20:40:26.560,344,0,1,50,3271,1900,33555,3306,1940,35123,0x07
2026-09-06T20:40:26.625,347,0,2,51,867,882,8891,309,353,4128,0x07
2026-09-06T20:40:26.625,346,0,1,52,3274,1962,33326,3085,1962,32272,0x07
2026-09-06T20:40:26.690,349,0,2,52,815,808,8590,281,346,3813,0x07
2026-09-06T20:40:26.690,348,0,1,50,3185,2100,31671,3018,2100,30843,0x07
2026-09-06T20:40:26.755,351,0,2,51,738,647,8355,174,275,2825,0x07
2026-09-06T20:40:26.755,350,0,1,50,3157,2240,30745,3104,2260,31244,0x07
2026-09-06T20:40:26.820,353,0,2,51,738,588,8605,174,196,3158,0x07
2026-09-06T20:40:26.820,352,0,1,50,3166,2180,31105,3070,2480,29871,0x07
2026-09-06T20:40:26.886,355,0,2,51,0,0,7575,64,0,2664,0x07
2026-09-06T20:40:26.886,354,0,1,50,3210,2400,30701,3221,2480,31768,0x07
2026-09-06T20:40:26.950,357,0,2,50,0,0,5340,3253,60,40000,0x07
2026-09-06T20:40:26.950,356,0,1,50,0,0,0,0,0,0,0x03
2026-09-06T20:40:27.016,359,0,2,51,395,412,5269,1340,627,15410,0x07
2026-09-06T20:40:27.016,358,0,1,51,0,0,0,0,0,0,0x03
2026-09-06T20:40:27.081,361,0,2,50,0,0,6837,0,0,11455,0x07
2026-09-06T20:40:27.081,360,0,1,50,0,0,19467,0,0,23947,0x07
2026-09-06T20:40:27.162,363,0,2,50,-590,-100,8921,0,0,15290,0x07
2026-09-06T20:40:27.162,362,0,1,50,-2207,-280,27655,-2656,-1420,29199,0x07
2026-09-06T20:40:27.227,365,0,2,54,-1202,-1037,12225,-503,-130,7415,0x07
2026-09-06T20:40:27.227,364,0,1,50,0,0,19132,0,0,23125,0x07
2026-09-06T20:40:27.291,367,0,2,51,-1202,-667,13799,-503,-431,6132,0x07
2026-09-06T20:40:27.291,366,0,1,51,2163,392,26660,2556,765,30740,0x07
2026-09-06T20:40:27.356,369,0,2,52,-1081,-692,12247,-629,-38,9319,0x07
2026-09-06T20:40:27.356,368,0,1,51,2879,1431,30838,3044,2059,31341,0x07
2026-09-06T20:40:27.421,371,0,2,56,-1569,-714,17970,-1511,-643,17403,0x07
2026-09-06T20:40:27.422,370,0,1,50,501,1740,961,2015,1420,21174,0x07
2026-09-06T20:40:27.486,373,0,2,51,-1569,-980,16839,-1511,-667,17302,0x07
2026-09-06T20:40:27.486,372,0,1,51,806,961,7936,1463,1431,14222,0x07
2026-09-06T20:40:27.552,375,0,2,50,-2252,-1020,24804,-2305,-480,27696,0x07
2026-09-06T20:40:27.552,374,0,1,50,549,760,5709,1274,1260,12586,0x07
2026-09-06T20:40:27.617,377,0,2,51,-2721,-1314,29146,-2829,-784,32730,0x07
2026-09-06T20:40:27.617,376,0,1,52,499,596,5802,1232,1192,12352,0x07
2026-09-06T20:40:27.699,379,0,2,50,-3052,-1440,32552,-3356,-1540,35884,0x07
2026-09-06T20:40:27.699,378,0,1,50,467,500,5821,1266,1060,13334,0x07
2026-09-06T20:40:27.763,381,0,2,50,-3214,-1700,33376,-3500,-1780,36598,0x07
2026-09-06T20:40:27.764,380,0,1,51,419,451,5459,1316,941,14462,0x07
2026-09-06T20:40:27.828,383,0,2,50,-3233,-2100,31898,-3500,-2080,35323,0x07
2026-09-06T20:40:27.828,382,0,1,51,0,0,8224,0,0,13344,0x07
2026-09-06T20:40:27.893,385,0,2,51,-3274,-2549,30479,-3500,-2431,33830,0x07
2026-09-06T20:40:27.893,384,0,1,51,-758,-176,10695,-1373,-490,17096,0x07
2026-09-06T20:40:27.957,387,0,2,50,-3185,-2660,28943,-3500,-2640,32943,0x07
2026-09-06T20:40:27.958,386,0,1,55,-2039,-164,26135,-2326,-164,30407,0x07
2026-09-06T20:40:28.023,389,0,2,51,-3050,-2588,27644,-3470,-2667,32462,0x07
2026-09-06T20:40:28.023,388,0,1,52,-2039,-462,24869,-2326,-19,31021,0x07
2026-09-06T20:40:28.088,391,0,2,50,-2910,-2840,24902,-3358,-2980,29778,0x07
2026-09-06T20:40:28.088,390,0,1,51,-2397,-667,28301,-2646,0,35106,0x07
2026-09-06T20:40:28.153,393,0,2,52,-2463,-2750,19963,-3125,-2827,27617,0x07
2026-09-06T20:40:28.153,392,0,1,50,-2743,-880,31545,-2923,-40,38405,0x07
2026-09-06T20:40:28.234,395,0,2,51,-1888,-2490,14223,-2669,-2922,21707,0x07
2026-09-06T20:40:28.234,394,0,1,56,-3285,-1411,35805,-3290,0,40000,0x07
2026-09-06T20:40:28.300,397,0,2,50,-855,-1740,5102,-1637,-2060,12902,0x07
2026-09-06T20:40:28.300,396,0,1,50,-3285,-1720,34490,-3290,0,40000,0x07
2026-09-06T20:40:28.365,399,0,2,50,-855,-1540,5952,-1637,-1560,15027,0x07
2026-09-06T20:40:28.365,398,0,1,52,-3374,-1769,35346,-3372,0,40000,0x07
2026-09-06T20:40:28.429,401,0,2,52,-546,-1135,3997,-1310,-1596,10926,0x07
2026-09-06T20:40:28.429,400,0,1,50,-3374,-2100,33940,-3103,0,40000,0x07
2026-09-06T20:40:28.495,403,0,2,51,-420,-824,3812,-1315,-1196,12685,0x07
2026-09-06T20:40:28.495,402,0,1,51,-3140,-2098,31133,-2430,0,32408,0x07
2026-09-06T20:40:28.560,405,0,2,51,-517,-667,5632,-1214,-1059,12055,0x07
2026-09-06T20:40:28.560,404,0,1,50,-2134,-2160,18789,-1062,-20,15201,0x07
2026-09-06T20:40:28.625,407,0,2,51,-582,-608,6666,-1146,-843,12151,0x07
2026-09-06T20:40:28.625,406,0,1,58,2235,103,28749,1886,0,25606,0x07
2026-09-06T20:40:28.690,409,0,2,52,-738,-558,8735,-1232,-865,13088,0x07
2026-09-06T20:40:28.690,408,0,1,51,2235,176,28439,1886,765,22356,0x07
2026-09-06T20:40:28.771,411,0,2,50,-1010,-940,10350,-1493,-860,16265,0x07
2026-09-06T20:40:28.771,410,0,1,50,2870,960,32728,3500,1120,40000,0x07
2026-09-06T20:40:28.836,413,0,2,50,-1333,-600,15645,-1765,-1060,18708,0x07
2026-09-06T20:40:28.836,412,0,1,50,2514,900,28711,3500,1420,39764,0x07
2026-09-06T20:40:28.901,415,0,2,51,-1765,-627,20668,-2103,-1510,20876,0x07
2026-09-06T20:40:28.901,414,0,1,51,688,647,7855,2243,1255,24736,0x07
2026-09-06T20:40:28.966,417,0,2,50,-2078,-940,23074,-2401,-880,27153,0x07
2026-09-06T20:40:28.966,416,0,1,51,0,0,12033,0,0,16987,0x07
2026-09-06T20:40:29.032,419,0,2,50,-2482,-1180,26866,-2706,-1200,29467,0x07
2026-09-06T20:40:29.032,418,0,1,50,-2047,-220,25993,-2244,-760,26844,0x07
2026-09-06T20:40:29.096,421,0,2,50,-2631,-1560,27022,-2982,-1660,30852,0x07
2026-09-06T20:40:29.096,420,0,1,51,-2047,-765,23678,-2244,-667,27241,0x07
2026-09-06T20:40:29.161,423,0,2,51,-2631,-1686,26485,-2982,-1882,29906,0x07
2026-09-06T20:40:29.161,422,0,1,52,-2559,-673,30214,-2703,-500,33704,0x07
2026-09-06T20:40:29.226,425,0,2,50,-2436,-1940,23081,-2928,-2080,28412,0x07
2026-09-06T20:40:29.226,424,0,1,50,-2927,-580,35036,-3032,-200,39093,0x07
2026-09-06T20:40:29.291,427,0,2,50,-2368,-2060,21762,-2839,-2120,27167,0x07
2026-09-06T20:40:29.291,426,0,1,56,-3374,-1304,37325,-3344,0,40000,0x07
2026-09-06T20:40:29.356,429,0,2,58,-1538,-2138,11545,-2376,-2259,20990,0x07
2026-09-06T20:40:29.356,428,0,1,51,-3374,-1667,35782,-3344,-20,40000,0x07
2026-09-06T20:40:29.421,431,0,2,51,-1538,-1804,12964,-2376,-2176,21340,0x07
2026-09-06T20:40:29.421,430,0,1,50,-3374,-1920,34706,-3246,0,40000,0x07
