timestamp,sequence,team,robot_id,interval_ms,left_target_eps,left_measured_eps,left_duty,right_target_eps,right_measured_eps,right_duty,flags
2026-09-06T21:23:12.450,65535,0,2,50,0,0,0,0,0,0,0x0b
2026-09-06T21:23:12.514,65535,0,2,51,0,0,0,0,0,0,0x0b
2026-09-06T21:23:12.579,65535,0,2,51,0,0,0,0,0,0,0x0b
2026-09-06T21:23:12.643,65535,0,2,50,0,0,0,0,0,0,0x0b
2026-09-06T21:23:12.708,65535,0,2,51,0,0,0,0,0,0,0x0b
2026-09-06T21:23:12.774,65535,0,2,50,0,0,0,0,0,0,0x0b
2026-09-06T21:23:12.839,65535,0,2,50,0,0,0,0,0,0,0x0b
2026-09-06T21:23:12.920,65535,0,2,50,0,0,0,0,0,0,0x0b
2026-09-06T21:23:12.985,65535,0,2,52,0,0,0,0,0,0,0x0b
2026-09-06T21:23:13.050,65535,0,2,51,0,0,0,0,0,0,0x0b
2026-09-06T21:23:13.115,65535,0,2,50,0,0,0,0,0,0,0x0b
2026-09-06T21:23:13.181,65535,0,2,51,0,0,0,0,0,0,0x0b
2026-09-06T21:23:13.245,65535,0,2,51,0,0,0,0,0,0,0x0b
2026-09-06T21:23:13.310,65535,0,2,50,0,0,0,0,0,0,0x0b
2026-09-06T21:23:13.375,65535,0,2,50,0,0,0,0,0,0,0x0b
2026-09-06T21:23:13.457,65535,0,2,51,0,0,0,0,0,0,0x0b
2026-09-06T21:23:13.522,65535,0,2,52,0,0,0,0,0,0,0x0b
2026-09-06T21:23:13.587,65535,0,2,52,0,0,0,0,0,0,0x0b
2026-09-06T21:23:13.652,65535,0,2,50,0,0,0,0,0,0,0x0b
2026-09-06T21:23:13.718,65535,0,2,51,0,0,0,0,0,0,0x0b
2026-09-06T21:23:13.783,65535,0,2,51,0,0,0,0,0,0,0x0b
2026-09-06T21:23:13.848,65535,0,2,50,0,0,0,0,0,0,0x0b
2026-09-06T21:23:13.914,65535,0,2,50,0,0,0,0,0,0,0x0b
2026-09-06T21:23:13.979,65535,0,2,51,0,0,0,0,0,0,0x0b
2026-09-06T21:23:14.059,65535,0,2,50,0,0,0,0,0,0,0x0b
2026-09-06T21:23:14.124,65535,0,2,50,0,0,0,0,0,0,0x0b
2026-09-06T21:23:14.189,65535,0,2,51,0,0,0,0,0,0,0x0b
2026-09-06T21:23:14.254,65535,0,2,52,0,0,0,0,0,0,0x0b
2026-09-06T21:23:14.319,65535,0,2,50,0,0,0,0,0,0,0x0b
2026-09-06T21:23:14.385,65535,0,2,51,0,0,0,0,0,0,0x0b
2026-09-06T21:23:14.450,65535,0,2,52,0,0,0,0,0,0,0x0b
2026-09-06T21:23:14.515,65535,0,2,52,0,0,0,0,0,0,0x0b
2026-09-06T21:23:14.596,65535,0,2,51,0,0,0,0,0,0,0x0b
2026-09-06T21:23:14.661,65535,0,2,52,0,0,0,0,0,0,0x0b
2026-09-06T21:23:14.727,65535,0,2,50,0,0,0,0,0,0,0x0b
2026-09-06T21:23:14.792,65535,0,2,51,0,0,0,0,0,0,0x0b
2026-09-06T21:23:14.857,65535,0,2,52,0,0,0,0,0,0,0x0b
2026-09-06T21:23:14.922,65535,0,2,50,0,0,0,0,0,0,0x0b
2026-09-06T21:23:14.987,65535,0,2,51,0,0,0,0,0,0,0x0b
2026-09-06T21:23:15.052,65535,0,2,51,0,0,0,0,0,0,0x0b
2026-09-06T21:23:15.117,65535,0,2,51,0,0,0,0,0,0,0x0b
2026-09-06T21:23:15.183,65535,0,2,51,0,0,0,0,0,0,0x0b
2026-09-06T21:23:15.264,65535,0,2,51,0,0,0,0,0,0,0x0b
2026-09-06T21:23:15.329,65535,0,2,51,0,0,0,0,0,0,0x0b
2026-09-06T21:23:15.395,65535,0,2,54,0,0,0,0,0,0,0x0b
2026-09-06T21:23:15.460,65535,0,2,51,0,0,0,0,0,0,0x0b
2026-09-06T21:23:15.524,65535,0,2,50,0,0,0,0,0,0,0x0b
2026-09-06T21:23:15.589,65535,0,2,51,0,0,0,0,0,0,0x0b
2026-09-06T21:23:15.654,65535,0,2,51,0,0,0,0,0,0,0x0b
2026-09-06T21:23:15.719,65535,0,2,51,0,0,0,0,0,0,0x0b
2026-09-06T21:23:15.801,65535,0,2,50,0,0,0,0,0,0,0x0b
2026-09-06T21:23:15.866,65535,0,2,52,0,0,0,0,0,0,0x0b
2026-09-06T21:23:15.930,65535,0,2,51,0,0,0,0,0,0,0x0b
2026-09-06T21:23:15.995,65535,0,2,50,0,0,0,0,0,0,0x0b
2026-09-06T21:23:16.060,65535,0,2,51,0,0,0,0,0,0,0x0b
2026-09-06T21:23:16.125,65535,0,2,51,0,0,0,0,0,0,0x0b
2026-09-06T21:23:16.190,65535,0,2,50,0,0,0,0,0,0,0x0b
2026-09-06T21:23:16.256,65535,0,2,50,0,0,0,0,0,0,0x0b
2026-09-06T21:23:16.337,65535,0,2,50,0,0,0,0,0,0,0x0b
2026-09-06T21:23:16.402,65535,0,2,52,0,0,0,0,0,0,0x0b
2026-09-06T21:23:16.467,65535,0,2,51,0,0,0,0,0,0,0x0b
2026-09-06T21:23:16.532,65535,0,2,51,0,0,0,0,0,0,0x0b
2026-09-06T21:23:16.598,65535,0,2,52,0,0,0,0,0,0,0x0b
2026-09-06T21:23:16.663,65535,0,2,52,0,0,0,0,0,0,0x0b
2026-09-06T21:23:16.728,65535,0,2,50,0,0,0,0,0,0,0x0b
2026-09-06T21:23:16.793,65535,0,2,50,0,0,0,0,0,0,0x0b
2026-09-06T21:23:16.858,65535,0,2,52,0,0,0,0,0,0,0x0b
2026-09-06T21:23:16.924,65535,0,2,51,0,0,0,0,0,0,0x0b
2026-09-06T21:23:16.989,65535,0,2,51,0,0,0,0,0,0,0x0b
2026-09-06T21:23:17.070,65535,0,2,50,0,0,0,0,0,0,0x0b
2026-09-06T21:23:17.135,65535,0,2,50,0,0,0,0,0,0,0x0b
2026-09-06T21:23:17.200,65535,0,2,52,0,0,0,0,0,0,0x0b
2026-09-06T21:23:17.265,65535,0,2,50,0,0,0,0,0,0,0x0b
2026-09-06T21:23:17.331,65535,0,2,51,0,0,0,0,0,0,0x0b
2026-09-06T21:23:17.396,65535,0,2,52,0,0,0,0,0,0,0x0b
2026-09-06T21:23:17.461,65535,0,2,50,0,0,0,0,0,0,0x0b
2026-09-06T21:23:17.527,65535,0,2,51,0,0,0,0,0,0,0x0b
2026-09-06T21:23:17.609,65535,0,2,51,0,0,0,0,0,0,0x0b
2026-09-06T21:23:17.674,65535,0,2,52,0,0,0,0,0,0,0x0b
2026-09-06T21:23:17.738,65535,0,2,52,0,0,0,0,0,0,0x0b
2026-09-06T21:23:17.804,65535,0,2,52,0,0,0,0,0,0,0x0b
2026-09-06T21:23:17.869,65535,0,2,50,0,0,0,0,0,0,0x0b
2026-09-06T21:23:17.933,65535,0,2,50,0,0,0,0,0,0,0x0b
2026-09-06T21:23:17.998,65535,0,2,50,0,0,0,0,0,0,0x0b
2026-09-06T21:23:18.063,65535,0,2,50,0,0,0,0,0,0,0x0b
2026-09-06T21:23:18.145,65535,0,2,50,0,0,0,0,0,0,0x0b
2026-09-06T21:23:18.209,65535,0,2,50,0,0,0,0,0,0,0x0b
2026-09-06T21:23:18.274,65535,0,2,50,0,0,0,0,0,0,0x0b
2026-09-06T21:23:18.340,65535,0,2,51,0,0,0,0,0,0,0x0b
2026-09-06T21:23:18.404,65535,0,2,52,0,0,0,0,0,0,0x0b
2026-09-06T21:23:18.469,65535,0,2,51,0,0,0,0,0,0,0x0b
2026-09-06T21:23:18.535,65535,0,2,50,0,0,0,0,0,0,0x0b
2026-09-06T21:23:18.600,65535,0,2,51,0,0,0,0,0,0,0x0b
2026-09-06T21:23:18.633,65535,0,2,51,0,0,0,0,0,0,0x0b
