timestamp,sequence,team,robot_id,interval_ms,left_target_eps,left_measured_eps,left_duty,right_target_eps,right_measured_eps,right_duty,flags
2026-09-06T11:12:43.774-03:00,30,0,0,50,0,0,0,0,0,0,0x03
2026-09-06T11:12:43.792-03:00,1,0,0,50,844,0,12339,0,0,0,0x07
2026-09-06T11:12:43.812-03:00,2,0,0,50,844,0,12339,0,0,0,0x07
2026-09-06T11:12:43.832-03:00,3,0,0,50,844,0,12339,0,0,0,0x07
2026-09-06T11:12:43.855-03:00,4,0,0,51,844,0,12339,0,0,0,0x07
2026-09-06T11:12:43.873-03:00,5,0,0,51,844,0,12339,0,0,0,0x07
2026-09-06T11:12:43.896-03:00,6,0,0,52,844,0,12339,0,0,0,0x07
2026-09-06T11:12:43.915-03:00,7,0,0,52,844,0,12339,0,0,0,0x07
2026-09-06T11:12:43.933-03:00,8,0,0,52,844,0,12339,0,0,0,0x07
2026-09-06T11:12:43.951-03:00,9,0,0,51,844,0,12339,0,0,0,0x07
2026-09-06T11:12:43.974-03:00,10,0,0,51,844,0,12339,0,0,0,0x07
2026-09-06T11:12:43.994-03:00,11,0,0,51,844,0,12339,0,0,0,0x07
2026-09-06T11:12:44.016-03:00,12,0,0,51,844,0,12339,0,0,0,0x07
2026-09-06T11:12:44.034-03:00,13,0,0,51,844,0,12339,0,0,0,0x07
2026-09-06T11:12:44.052-03:00,14,0,0,51,844,0,12339,0,0,0,0x07
2026-09-06T11:12:44.075-03:00,15,0,0,51,844,0,12339,0,0,0,0x07
2026-09-06T11:12:44.093-03:00,16,0,0,51,844,0,12339,0,0,0,0x07
2026-09-06T11:12:44.113-03:00,17,0,0,51,844,0,12339,0,0,0,0x07
2026-09-06T11:12:44.131-03:00,18,0,0,51,844,0,12339,0,0,0,0x07
2026-09-06T11:12:44.155-03:00,19,0,0,54,844,0,12339,0,0,0,0x07
2026-09-06T11:12:44.173-03:00,20,0,0,54,844,0,12339,0,0,0,0x07
2026-09-06T11:12:44.193-03:00,21,0,0,54,844,0,12339,0,0,0,0x07
2026-09-06T11:12:44.211-03:00,22,0,0,51,844,0,12339,0,0,0,0x07
2026-09-06T11:12:44.234-03:00,23,0,0,51,844,0,12339,0,0,0,0x07
2026-09-06T11:12:44.251-03:00,24,0,0,51,844,0,12339,0,0,0,0x07
2026-09-06T11:12:44.295-03:00,25,0,0,53,844,0,12339,0,0,0,0x07
2026-09-06T11:12:44.336-03:00,26,0,0,53,0,0,0,0,0,0,0x03
2026-09-06T11:12:44.379-03:00,27,0,0,50,0,0,0,0,0,0,0x03
2026-09-06T11:12:44.422-03:00,28,0,0,50,0,0,0,0,0,0,0x03
2026-09-06T11:12:44.463-03:00,29,0,0,50,0,0,0,0,0,0,0x03
