timestamp,sequence,team,robot_id,interval_ms,left_target_eps,left_measured_eps,left_duty,right_target_eps,right_measured_eps,right_duty,flags
2026-09-06T14:02:53.916-03:00,502,0,2,52,0,0,0,0,0,0,0x03
2026-09-06T14:02:54.018-03:00,503,0,2,50,0,0,0,0,0,0,0x03
2026-09-06T14:02:54.118-03:00,504,0,2,51,0,0,0,0,0,0,0x03
2026-09-06T14:02:54.217-03:00,505,0,2,50,0,0,0,0,0,0,0x03
2026-09-06T14:02:54.317-03:00,505,0,2,50,0,0,0,0,0,0,0x03
2026-09-06T14:02:54.417-03:00,2,0,2,50,0,0,10178,0,0,9950,0x07
2026-09-06T14:02:54.519-03:00,3,0,2,51,1012,627,13039,1050,59,16430,0x07
2026-09-06T14:02:54.619-03:00,4,0,2,51,1012,118,16891,1050,59,18589,0x07
2026-09-06T14:02:54.719-03:00,5,0,2,52,1012,212,17984,1050,77,20826,0x07
2026-09-06T14:02:54.816-03:00,6,0,2,51,1012,235,19321,1050,235,22137,0x07
2026-09-06T14:02:54.919-03:00,7,0,2,51,1012,451,19488,1050,333,23416,0x07
2026-09-06T14:02:55.019-03:00,8,0,2,50,1012,640,19433,1050,480,24092,0x07
2026-09-06T14:02:55.119-03:00,9,0,2,51,1012,804,19183,1050,608,24584,0x07
2026-09-06T14:02:55.220-03:00,10,0,2,50,1012,780,19607,1050,800,24384,0x07
2026-09-06T14:02:55.317-03:00,11,0,2,51,1012,824,19780,1050,843,24620,0x07
2026-09-06T14:02:55.361-03:00,12,0,2,50,1012,1000,19176,1050,1020,23979,0x07
2026-09-06T14:02:55.404-03:00,13,0,2,51,1012,1196,18028,1050,1118,23500,0x07
2026-09-06T14:02:55.447-03:00,14,0,2,51,1012,1216,17630,1050,1137,23308,0x07
2026-09-06T14:02:55.487-03:00,15,0,2,51,1012,1255,17245,1050,1216,22789,0x07
2026-09-06T14:02:55.531-03:00,16,0,2,51,0,0,0,0,0,0,0x03
