timestamp,sequence,team,robot_id,interval_ms,left_target_eps,left_measured_eps,left_duty,right_target_eps,right_measured_eps,right_duty,flags
2026-09-06T15:53:25.822-03:00,65535,255,2,0,0,0,0,0,0,0,0x03
2026-09-06T15:53:25.840-03:00,1,0,2,52,0,0,28094,0,0,28548,0x07
2026-09-06T15:53:25.858-03:00,2,0,2,52,3374,404,40000,3500,385,40000,0x07
2026-09-06T15:53:25.881-03:00,3,0,2,52,3374,404,40000,3500,385,40000,0x07
2026-09-06T15:53:25.899-03:00,4,0,2,52,3374,404,40000,3500,385,40000,0x07
2026-09-06T15:53:25.939-03:00,5,0,2,51,3374,2706,31537,3500,2431,34289,0x07
2026-09-06T15:53:25.961-03:00,6,0,2,51,3374,2706,31537,3500,2431,34289,0x07
2026-09-06T15:53:25.979-03:00,7,0,2,51,3374,2706,31537,3500,2431,34289,0x07
2026-09-06T15:53:25.999-03:00,8,0,2,55,3374,3545,27802,3500,3436,30094,0x07
2026-09-06T15:53:26.017-03:00,9,0,2,55,3374,3545,27802,3500,3436,30094,0x07
2026-09-06T15:53:26.040-03:00,10,0,2,52,3374,3442,28177,3500,3365,30550,0x07
2026-09-06T15:53:26.058-03:00,11,0,2,52,3374,3442,28177,3500,3365,30550,0x07
2026-09-06T15:53:26.081-03:00,12,0,2,52,3374,3442,28177,3500,3365,30550,0x07
2026-09-06T15:53:26.100-03:00,13,0,2,50,3374,3160,29566,3500,3200,31583,0x07
2026-09-06T15:53:26.118-03:00,14,0,2,50,3374,3160,29566,3500,3200,31583,0x07
2026-09-06T15:53:26.141-03:00,15,0,2,53,3374,3151,29814,3500,3226,31790,0x07
2026-09-06T15:53:26.159-03:00,16,0,2,53,3374,3151,29814,3500,3226,31790,0x07
2026-09-06T15:53:26.177-03:00,17,0,2,53,3374,3151,29814,3500,3226,31790,0x07
2026-09-06T15:53:26.201-03:00,18,0,2,50,3374,3240,29554,3500,3180,32339,0x07
2026-09-06T15:53:26.221-03:00,19,0,2,50,3374,3240,29554,3500,3180,32339,0x07
2026-09-06T15:53:26.241-03:00,20,0,2,50,3374,3240,29554,3500,3180,32339,0x07
2026-09-06T15:53:26.261-03:00,21,0,2,54,3374,3241,29678,3500,3296,32087,0x07
2026-09-06T15:53:26.281-03:00,22,0,2,54,3374,3241,29678,3500,3296,32087,0x07
2026-09-06T15:53:26.299-03:00,23,0,2,55,3374,3291,29546,3500,3436,31568,0x07
2026-09-06T15:53:26.320-03:00,24,0,2,55,3374,3291,29546,3500,3436,31568,0x07
2026-09-06T15:53:26.340-03:00,25,0,2,55,3374,3291,29546,3500,3436,31568,0x07
2026-09-06T15:53:26.360-03:00,26,0,2,58,3374,3276,29711,3500,3293,32441,0x07
2026-09-06T15:53:26.380-03:00,27,0,2,58,3374,3276,29711,3500,3293,32441,0x07
2026-09-06T15:53:26.400-03:00,28,0,2,58,3374,3276,29711,3500,3293,32441,0x07
2026-09-06T15:53:26.420-03:00,29,0,2,51,3374,3275,29806,3500,3373,32247,0x07
2026-09-06T15:53:26.438-03:00,30,0,2,51,3374,3275,29806,3500,3373,32247,0x07
2026-09-06T15:53:26.461-03:00,31,0,2,51,3374,3275,29806,3500,3373,32247,0x07
2026-09-06T15:53:26.479-03:00,32,0,2,56,3374,3214,30220,3500,3357,32488,0x07
2026-09-06T15:53:26.497-03:00,33,0,2,56,3374,3214,30220,3500,3357,32488,0x07
2026-09-06T15:53:26.520-03:00,34,0,2,54,3374,3389,29464,3500,3352,32687,0x07
2026-09-06T15:53:26.538-03:00,35,0,2,54,3374,3389,29464,3500,3352,32687,0x07
2026-09-06T15:53:26.561-03:00,36,0,2,54,3374,3389,29464,3500,3352,32687,0x07
2026-09-06T15:53:26.579-03:00,37,0,2,50,3374,3280,30010,3500,3420,32485,0x07
2026-09-06T15:53:26.597-03:00,38,0,2,50,3374,3280,30010,3500,3420,32485,0x07
2026-09-06T15:53:26.617-03:00,39,0,2,52,3374,3288,30053,3500,3385,32767,0x07
2026-09-06T15:53:26.640-03:00,40,0,2,52,3374,3288,30053,3500,3385,32767,0x07
2026-09-06T15:53:26.658-03:00,41,0,2,52,3374,3288,30053,3500,3385,32767,0x07
2026-09-06T15:53:26.681-03:00,42,0,2,55,3374,3309,30028,3500,3400,32823,0x07
2026-09-06T15:53:26.699-03:00,43,0,2,55,3374,3309,30028,3500,3400,32823,0x07
2026-09-06T15:53:26.717-03:00,44,0,2,55,3374,3309,30028,3500,3400,32823,0x07
2026-09-06T15:53:26.740-03:00,45,0,2,51,3374,3333,29962,3500,3412,32872,0x07
2026-09-06T15:53:26.758-03:00,46,0,2,51,3374,3333,29962,3500,3412,32872,0x07
2026-09-06T15:53:26.782-03:00,47,0,2,51,3374,3333,29962,3500,3412,32872,0x07
2026-09-06T15:53:26.800-03:00,48,0,2,56,3374,3286,30252,3500,3411,32986,0x07
2026-09-06T15:53:26.820-03:00,49,0,2,56,3374,3286,30252,3500,3411,32986,0x07
2026-09-06T15:53:26.839-03:00,50,0,2,57,3374,3333,30091,3500,3509,32559,0x07
2026-09-06T15:53:26.859-03:00,51,0,2,57,3374,3333,30091,3500,3509,32559,0x07
2026-09-06T15:53:26.877-03:00,52,0,2,57,3374,3333,30091,3500,3509,32559,0x07
2026-09-06T15:53:26.897-03:00,53,0,2,58,3374,3362,29981,3500,3431,32977,0x07
2026-09-06T15:53:26.917-03:00,54,0,2,58,3374,3362,29981,3500,3431,32977,0x07
2026-09-06T15:53:26.937-03:00,55,0,2,58,3374,3362,29981,3500,3431,32977,0x07
2026-09-06T15:53:26.961-03:00,56,0,2,63,3374,3302,30319,3500,3397,33265,0x07
2026-09-06T15:53:26.981-03:00,57,0,2,63,3374,3302,30319,3500,3397,33265,0x07
2026-09-06T15:53:26.999-03:00,58,0,2,63,3374,3302,30319,3500,3397,33265,0x07
2026-09-06T15:53:27.019-03:00,59,0,2,58,3374,3362,30074,3500,3483,32922,0x07
2026-09-06T15:53:27.039-03:00,60,0,2,58,3374,3362,30074,3500,3483,32922,0x07
2026-09-06T15:53:27.060-03:00,61,0,2,58,3374,3362,30074,3500,3483,32922,0x07
2026-09-06T15:53:27.079-03:00,62,0,2,51,3374,3353,30132,3500,3451,33112,0x07
2026-09-06T15:53:27.097-03:00,63,0,2,51,3374,3353,30132,3500,3451,33112,0x07
2026-09-06T15:53:27.121-03:00,64,0,2,51,3374,3353,30132,3500,3451,33112,0x07
2026-09-06T15:53:27.139-03:00,65,0,2,56,3374,3357,30130,3500,3429,33296,0x07
2026-09-06T15:53:27.157-03:00,66,0,2,56,3374,3357,30130,3500,3429,33296,0x07
2026-09-06T15:53:27.180-03:00,67,0,2,53,3374,3340,30237,3500,3472,33145,0x07
2026-09-06T15:53:27.198-03:00,68,0,2,53,3374,3340,30237,3500,3472,33145,0x07
2026-09-06T15:53:27.218-03:00,69,0,2,53,3374,3340,30237,3500,3472,33145,0x07
2026-09-06T15:53:27.239-03:00,70,0,2,51,3374,3373,30098,3500,3471,33183,0x07
2026-09-06T15:53:27.262-03:00,71,0,2,51,3374,3373,30098,3500,3471,33183,0x07
2026-09-06T15:53:27.280-03:00,72,0,2,51,3374,3373,30098,3500,3471,33183,0x07
2026-09-06T15:53:27.298-03:00,73,0,2,54,3374,3333,30304,3500,3426,33461,0x07
2026-09-06T15:53:27.321-03:00,74,0,2,54,3374,3333,30304,3500,3426,33461,0x07
2026-09-06T15:53:27.341-03:00,75,0,2,54,3374,3352,30246,3500,3500,33146,0x07
2026-09-06T15:53:27.362-03:00,76,0,2,54,3374,3352,30246,3500,3500,33146,0x07
2026-09-06T15:53:27.380-03:00,77,0,2,54,3374,3352,30246,3500,3500,33146,0x07
2026-09-06T15:53:27.398-03:00,78,0,2,51,3374,3392,30059,3500,3471,33304,0x07
2026-09-06T15:53:27.418-03:00,79,0,2,51,3374,3392,30059,3500,3471,33304,0x07
2026-09-06T15:53:27.441-03:00,80,0,2,50,3374,3360,30208,3500,3480,33286,0x07
2026-09-06T15:53:27.461-03:00,81,0,2,50,3374,3360,30208,3500,3480,33286,0x07
2026-09-06T15:53:27.480-03:00,82,0,2,50,3374,3360,30208,3500,3480,33286,0x07
2026-09-06T15:53:27.498-03:00,83,0,2,51,3374,3353,30257,3500,3471,33359,0x07
2026-09-06T15:53:27.521-03:00,84,0,2,51,3374,3353,30257,3500,3471,33359,0x07
2026-09-06T15:53:27.541-03:00,85,0,2,51,3374,3353,30257,3500,3471,33359,0x07
2026-09-06T15:53:27.559-03:00,86,0,2,55,3374,3345,30316,3500,3436,33581,0x07
2026-09-06T15:53:27.577-03:00,87,0,2,55,3374,3345,30316,3500,3436,33581,0x07
2026-09-06T15:53:27.600-03:00,88,0,2,56,3374,3375,30190,3500,3500,33311,0x07
2026-09-06T15:53:27.620-03:00,89,0,2,56,3374,3375,30190,3500,3500,33311,0x07
2026-09-06T15:53:27.638-03:00,90,0,2,56,3374,3375,30190,3500,3500,33311,0x07
2026-09-06T15:53:27.661-03:00,91,0,2,58,3374,3379,30166,3500,3517,33264,0x07
2026-09-06T15:53:27.679-03:00,92,0,2,58,3374,3379,30166,3500,3517,33264,0x07
2026-09-06T15:53:27.697-03:00,93,0,2,58,3374,3379,30166,3500,3517,33264,0x07
2026-09-06T15:53:27.721-03:00,94,0,2,51,3374,3353,30297,3500,3451,33600,0x07
2026-09-06T15:53:27.739-03:00,95,0,2,51,3374,3353,30297,3500,3451,33600,0x07
2026-09-06T15:53:27.758-03:00,96,0,2,51,3374,3353,30297,3500,3451,33600,0x07
2026-09-06T15:53:27.781-03:00,97,0,2,56,3374,3321,30483,3500,3411,33881,0x07
2026-09-06T15:53:27.821-03:00,98,0,2,56,3374,3321,30483,3500,3411,33881,0x07
2026-09-06T15:53:27.821-03:00,99,0,2,51,3374,3431,29964,3500,3549,33239,0x07
2026-09-06T15:53:27.842-03:00,100,0,2,51,3374,3431,29964,3500,3549,33239,0x07
2026-09-06T15:53:27.860-03:00,101,0,2,51,3374,3431,29964,3500,3549,33239,0x07
2026-09-06T15:53:27.877-03:00,102,0,2,51,3374,3333,30418,3500,3451,33710,0x07
2026-09-06T15:53:27.900-03:00,103,0,2,51,3374,3333,30418,3500,3451,33710,0x07
2026-09-06T15:53:27.919-03:00,104,0,2,51,3374,3392,30151,3500,3529,33344,0x07
2026-09-06T15:53:27.939-03:00,105,0,2,51,3374,3392,30151,3500,3529,33344,0x07
2026-09-06T15:53:27.957-03:00,106,0,2,51,3374,3392,30151,3500,3529,33344,0x07
2026-09-06T15:53:27.981-03:00,107,0,2,58,3374,3362,30291,3500,3517,33374,0x07
2026-09-06T15:53:27.999-03:00,108,0,2,58,3374,3362,30291,3500,3517,33374,0x07
2026-09-06T15:53:28.022-03:00,109,0,2,58,3374,3362,30291,3500,3517,33374,0x07
2026-09-06T15:53:28.040-03:00,110,0,2,50,3374,3340,30415,3500,3480,33554,0x07
2026-09-06T15:53:28.061-03:00,111,0,2,50,3374,3340,30415,3500,3480,33554,0x07
2026-09-06T15:53:28.081-03:00,112,0,2,55,3374,3382,30230,3500,3509,33419,0x07
2026-09-06T15:53:28.099-03:00,113,0,2,55,3374,3382,30230,3500,3509,33419,0x07
2026-09-06T15:53:28.117-03:00,114,0,2,55,3374,3382,30230,3500,3509,33419,0x07
2026-09-06T15:53:28.182-03:00,115,0,2,57,3374,3404,30108,3500,3491,33506,0x07
2026-09-06T15:53:28.199-03:00,116,0,2,57,3374,3404,30108,3500,3491,33506,0x07
2026-09-06T15:53:28.217-03:00,117,0,2,57,3374,3404,30108,3500,3491,33506,0x07
2026-09-06T15:53:28.241-03:00,118,0,2,52,3374,3385,30226,3500,3519,33387,0x07
2026-09-06T15:53:28.261-03:00,119,0,2,52,3374,3385,30226,3500,3519,33387,0x07
2026-09-06T15:53:28.279-03:00,120,0,2,52,3374,3385,30226,3500,3519,33387,0x07
2026-09-06T15:53:28.299-03:00,121,0,2,50,3374,3380,30241,3500,3460,33683,0x07
2026-09-06T15:53:28.319-03:00,122,0,2,50,3374,3380,30241,3500,3460,33683,0x07
2026-09-06T15:53:28.337-03:00,123,0,2,50,3374,3380,30241,3500,3460,33683,0x07
2026-09-06T15:53:28.361-03:00,124,0,2,56,3374,3339,30448,3500,3446,33807,0x07
2026-09-06T15:53:28.378-03:00,125,0,2,56,3374,3339,30448,3500,3446,33807,0x07
2026-09-06T15:53:28.397-03:00,126,0,2,60,3374,3400,30162,3500,3500,33579,0x07
2026-09-06T15:53:28.421-03:00,127,0,2,60,3374,3400,30162,3500,3500,33579,0x07
2026-09-06T15:53:28.439-03:00,128,0,2,60,3374,3400,30162,3500,3500,33579,0x07
2026-09-06T15:53:28.457-03:00,129,0,2,53,3374,3396,30158,3500,3547,33324,0x07
2026-09-06T15:53:28.480-03:00,130,0,2,53,3374,3396,30158,3500,3547,33324,0x07
2026-09-06T15:53:28.499-03:00,131,0,2,53,3374,3396,30158,3500,3547,33324,0x07
2026-09-06T15:53:28.517-03:00,132,0,2,57,3374,3368,30281,3500,3474,33669,0x07
2026-09-06T15:53:28.540-03:00,133,0,2,57,3374,3368,30281,3500,3474,33669,0x07
2026-09-06T15:53:28.561-03:00,134,0,2,57,3374,3368,30281,3500,3474,33669,0x07
2026-09-06T15:53:28.579-03:00,135,0,2,51,3374,3373,30265,3500,3490,33610,0x07
2026-09-06T15:53:28.598-03:00,136,0,2,51,3374,3373,30265,3500,3490,33610,0x07
2026-09-06T15:53:28.617-03:00,137,0,2,52,3374,3365,30303,3500,3519,33464,0x07
2026-09-06T15:53:28.640-03:00,138,0,2,52,3374,3365,30303,3500,3519,33464,0x07
2026-09-06T15:53:28.658-03:00,139,0,2,52,3374,3365,30303,3500,3519,33464,0x07
2026-09-06T15:53:28.682-03:00,140,0,2,57,3374,3386,30204,3500,3456,33787,0x07
2026-09-06T15:53:28.699-03:00,141,0,2,57,3374,3386,30204,3500,3456,33787,0x07
2026-09-06T15:53:28.720-03:00,142,0,2,57,3374,3386,30204,3500,3456,33787,0x07
2026-09-06T15:53:28.738-03:00,143,0,2,50,3374,3380,30224,3500,3500,33601,0x07
2026-09-06T15:53:28.758-03:00,144,0,2,50,3374,3380,30224,3500,3500,33601,0x07
2026-09-06T15:53:28.782-03:00,145,0,2,52,3374,3385,30195,3500,3500,33601,0x07
2026-09-06T15:53:28.800-03:00,146,0,2,52,3374,3385,30195,3500,3500,33601,0x07
2026-09-06T15:53:28.818-03:00,147,0,2,52,3374,3385,30195,3500,3500,33601,0x07
2026-09-06T15:53:28.838-03:00,148,0,2,51,3374,3412,30045,3500,3490,33654,0x07
2026-09-06T15:53:28.862-03:00,149,0,2,51,3374,3412,30045,3500,3490,33654,0x07
2026-09-06T15:53:28.880-03:00,150,0,2,51,3374,3412,30045,3500,3490,33654,0x07
2026-09-06T15:53:28.898-03:00,151,0,2,56,3374,3357,30294,3500,3500,33612,0x07
2026-09-06T15:53:28.919-03:00,152,0,2,56,3374,3357,30294,3500,3500,33612,0x07
2026-09-06T15:53:28.937-03:00,153,0,2,53,3374,3377,30205,3500,3509,33561,0x07
2026-09-06T15:53:28.961-03:00,154,0,2,53,3374,3377,30205,3500,3509,33561,0x07
2026-09-06T15:53:28.978-03:00,155,0,2,53,3374,3377,30205,3500,3509,33561,0x07
2026-09-06T15:53:29.001-03:00,156,0,2,57,3374,3368,30249,3500,3439,33939,0x07
2026-09-06T15:53:29.019-03:00,157,0,2,57,3374,3368,30249,3500,3439,33939,0x07
2026-09-06T15:53:29.037-03:00,158,0,2,57,3374,3368,30249,3500,3439,33939,0x07
2026-09-06T15:53:29.060-03:00,159,0,2,51,3374,3353,30333,3500,3529,33520,0x07
2026-09-06T15:53:29.081-03:00,160,0,2,51,3374,3353,30333,3500,3529,33520,0x07
2026-09-06T15:53:29.099-03:00,161,0,2,51,3374,3353,30333,3500,3529,33520,0x07
2026-09-06T15:53:29.122-03:00,162,0,2,56,3374,3339,30426,3500,3464,33841,0x07
2026-09-06T15:53:29.140-03:00,163,0,2,56,3374,3339,30426,3500,3464,33841,0x07
2026-09-06T15:53:29.158-03:00,164,0,2,56,3374,3429,29992,3500,3518,33591,0x07
2026-09-06T15:53:29.177-03:00,165,0,2,56,3374,3429,29992,3500,3518,33591,0x07
2026-09-06T15:53:29.200-03:00,166,0,2,56,3374,3429,29992,3500,3518,33591,0x07
2026-09-06T15:53:29.221-03:00,167,0,2,58,3374,3362,30287,3500,3534,33476,0x07
2026-09-06T15:53:29.238-03:00,168,0,2,58,3374,3362,30287,3500,3534,33476,0x07
2026-09-06T15:53:29.257-03:00,169,0,2,58,3374,3362,30287,3500,3534,33476,0x07
2026-09-06T15:53:29.280-03:00,170,0,2,51,3374,3353,30345,3500,3490,33676,0x07
2026-09-06T15:53:29.298-03:00,171,0,2,51,3374,3353,30345,3500,3490,33676,0x07
2026-09-06T15:53:29.318-03:00,172,0,2,51,3374,3353,30345,3500,3490,33676,0x07
2026-09-06T15:53:29.338-03:00,173,0,2,55,3374,3382,30215,3500,3455,33882,0x07
2026-09-06T15:53:29.358-03:00,174,0,2,55,3374,3382,30215,3500,3455,33882,0x07
2026-09-06T15:53:29.381-03:00,175,0,2,54,3374,3370,30267,3500,3519,33588,0x07
2026-09-06T15:53:29.398-03:00,176,0,2,54,3374,3370,30267,3500,3519,33588,0x07
2026-09-06T15:53:29.422-03:00,177,0,2,54,3374,3370,30267,3500,3519,33588,0x07
2026-09-06T15:53:29.440-03:00,178,0,2,51,3374,3412,30057,3500,3510,33614,0x07
2026-09-06T15:53:29.458-03:00,179,0,2,51,3374,3412,30057,3500,3510,33614,0x07
2026-09-06T15:53:29.482-03:00,180,0,2,54,3374,3370,30236,3500,3463,33857,0x07
2026-09-06T15:53:29.500-03:00,181,0,2,54,3374,3370,30236,3500,3463,33857,0x07
2026-09-06T15:53:29.517-03:00,182,0,2,54,3374,3370,30236,3500,3463,33857,0x07
2026-09-06T15:53:29.540-03:00,183,0,2,58,3374,3362,30284,3500,3534,33509,0x07
2026-09-06T15:53:29.558-03:00,184,0,2,58,3374,3362,30284,3500,3534,33509,0x07
2026-09-06T15:53:29.581-03:00,185,0,2,58,3374,3362,30284,3500,3534,33509,0x07
2026-09-06T15:53:29.600-03:00,186,0,2,50,3374,3400,30099,3500,3480,33763,0x07
2026-09-06T15:53:29.620-03:00,187,0,2,50,3374,3400,30099,3500,3480,33763,0x07
2026-09-06T15:53:29.640-03:00,188,0,2,52,3374,3365,30254,3500,3481,33782,0x07
2026-09-06T15:53:29.659-03:00,189,0,2,52,3374,3365,30254,3500,3481,33782,0x07
2026-09-06T15:53:29.677-03:00,190,0,2,52,3374,3365,30254,3500,3481,33782,0x07
2026-09-06T15:53:29.701-03:00,191,0,2,58,3374,3362,30281,3500,3517,33605,0x07
2026-09-06T15:53:29.719-03:00,192,0,2,58,3374,3362,30281,3500,3517,33605,0x07
2026-09-06T15:53:29.740-03:00,193,0,2,58,3374,3362,30281,3500,3517,33605,0x07
2026-09-06T15:53:29.758-03:00,194,0,2,50,3374,3400,30097,3500,3480,33785,0x07
2026-09-06T15:53:29.781-03:00,195,0,2,50,3374,3400,30097,3500,3480,33785,0x07
2026-09-06T15:53:29.800-03:00,196,0,2,50,3374,3400,30097,3500,3480,33785,0x07
2026-09-06T15:53:29.818-03:00,197,0,2,56,3374,3339,30389,3500,3446,33994,0x07
2026-09-06T15:53:29.842-03:00,198,0,2,56,3374,3339,30389,3500,3446,33994,0x07
2026-09-06T15:53:29.860-03:00,199,0,2,54,3374,3426,29971,3500,3593,33262,0x07
2026-09-06T15:53:29.878-03:00,200,0,2,54,3374,3426,29971,3500,3593,33262,0x07
2026-09-06T15:53:29.918-03:00,201,0,2,51,3374,3373,30199,3500,3490,33709,0x07
2026-09-06T15:53:29.940-03:00,202,0,2,51,3374,3373,30199,3500,3490,33709,0x07
2026-09-06T15:53:29.960-03:00,203,0,2,51,3374,3373,30199,3500,3490,33709,0x07
2026-09-06T15:53:29.999-03:00,206,0,2,53,3374,3377,30176,3500,3472,33820,0x07
2026-09-06T15:53:30.019-03:00,207,0,2,55,3374,3382,30149,3500,3491,33750,0x07
2026-09-06T15:53:30.039-03:00,208,0,2,55,3374,3382,30149,3500,3491,33750,0x07
2026-09-06T15:53:30.057-03:00,209,0,2,55,3374,3382,30149,3500,3491,33750,0x07
2026-09-06T15:53:30.080-03:00,210,0,2,58,3374,3345,30336,3500,3517,33616,0x07
2026-09-06T15:53:30.099-03:00,211,0,2,58,3374,3345,30336,3500,3517,33616,0x07
2026-09-06T15:53:30.117-03:00,212,0,2,58,3374,3345,30336,3500,3517,33616,0x07
2026-09-06T15:53:30.137-03:00,213,0,2,50,3374,3360,30284,3500,3460,33903,0x07
2026-09-06T15:53:30.161-03:00,214,0,2,50,3374,3360,30284,3500,3460,33903,0x07
2026-09-06T15:53:30.181-03:00,215,0,2,50,3374,3360,30284,3500,3460,33903,0x07
2026-09-06T15:53:30.199-03:00,216,0,2,56,3374,3339,30407,3500,3500,33733,0x07
2026-09-06T15:53:30.217-03:00,217,0,2,56,3374,3339,30407,3500,3500,33733,0x07
2026-09-06T15:53:30.240-03:00,218,0,2,56,3374,3375,30254,3500,3518,33635,0x07
2026-09-06T15:53:30.259-03:00,219,0,2,56,3374,3375,30254,3500,3518,33635,0x07
2026-09-06T15:53:30.277-03:00,220,0,2,56,3374,3375,30254,3500,3518,33635,0x07
2026-09-06T15:53:30.301-03:00,221,0,2,51,3374,3392,30165,3500,3549,33448,0x07
2026-09-06T15:53:30.318-03:00,222,0,2,51,3374,3392,30165,3500,3549,33448,0x07
2026-09-06T15:53:30.338-03:00,223,0,2,50,3374,3340,30416,3500,3460,33870,0x07
2026-09-06T15:53:30.362-03:00,224,0,2,50,3374,3340,30416,3500,3460,33870,0x07
2026-09-06T15:53:30.380-03:00,225,0,2,50,3374,3340,30416,3500,3460,33870,0x07
2026-09-06T15:53:30.398-03:00,226,0,2,57,3374,3368,30301,3500,3526,33555,0x07
2026-09-06T15:53:30.422-03:00,227,0,2,57,3374,3368,30301,3500,3526,33555,0x07
2026-09-06T15:53:30.440-03:00,228,0,2,57,3374,3368,30301,3500,3526,33555,0x07
2026-09-06T15:53:30.460-03:00,229,0,2,51,3374,3412,30083,3500,3490,33720,0x07
2026-09-06T15:53:30.478-03:00,230,0,2,51,3374,3412,30083,3500,3490,33720,0x07
2026-09-06T15:53:30.498-03:00,231,0,2,52,3374,3365,30288,3500,3481,33782,0x07
2026-09-06T15:53:30.521-03:00,232,0,2,52,3374,3365,30288,3500,3481,33782,0x07
2026-09-06T15:53:30.539-03:00,233,0,2,52,3374,3365,30288,3500,3481,33782,0x07
2026-09-06T15:53:30.557-03:00,234,0,2,57,3374,3368,30281,3500,3509,33652,0x07
2026-09-06T15:53:30.581-03:00,235,0,2,57,3374,3368,30281,3500,3509,33652,0x07
2026-09-06T15:53:30.601-03:00,236,0,2,57,3374,3368,30281,3500,3509,33652,0x07
2026-09-06T15:53:30.622-03:00,237,0,2,51,3374,3392,30163,3500,3510,33636,0x07
2026-09-06T15:53:30.640-03:00,238,0,2,51,3374,3392,30163,3500,3510,33636,0x07
2026-09-06T15:53:30.658-03:00,239,0,2,52,3374,3385,30186,3500,3500,33678,0x07
2026-09-06T15:53:30.677-03:00,240,0,2,52,3374,3385,30186,3500,3500,33678,0x07
2026-09-06T15:53:30.700-03:00,241,0,2,52,3374,3385,30186,3500,3500,33678,0x07
2026-09-06T15:53:30.720-03:00,242,0,2,57,3374,3368,30260,3500,3509,33630,0x07
2026-09-06T15:53:30.739-03:00,243,0,2,57,3374,3368,30260,3500,3509,33630,0x07
2026-09-06T15:53:30.757-03:00,244,0,2,57,3374,3368,30260,3500,3509,33630,0x07
2026-09-06T15:53:30.781-03:00,245,0,2,51,3374,3392,30143,3500,3510,33614,0x07
2026-09-06T15:53:30.802-03:00,246,0,2,51,3374,3392,30143,3500,3510,33614,0x07
2026-09-06T15:53:30.820-03:00,247,0,2,51,3374,3392,30143,3500,3510,33614,0x07
2026-09-06T15:53:30.841-03:00,248,0,2,56,3374,3357,30308,3500,3464,33852,0x07
2026-09-06T15:53:30.859-03:00,249,0,2,56,3374,3357,30308,3500,3464,33852,0x07
2026-09-06T15:53:30.877-03:00,250,0,2,55,3374,3418,30006,3500,3509,33650,0x07
2026-09-06T15:53:30.898-03:00,251,0,2,55,3374,3418,30006,3500,3509,33650,0x07
2026-09-06T15:53:30.918-03:00,252,0,2,55,3374,3418,30006,3500,3509,33650,0x07
2026-09-06T15:53:30.942-03:00,253,0,2,58,3374,3362,30257,3500,3483,33784,0x07
2026-09-06T15:53:30.962-03:00,254,0,2,58,3374,3362,30257,3500,3483,33784,0x07
2026-09-06T15:53:30.980-03:00,255,0,2,58,3374,3362,30257,3500,3483,33784,0x07
2026-09-06T15:53:31.001-03:00,256,0,2,51,3374,3373,30213,3500,3510,33658,0x07
2026-09-06T15:53:31.019-03:00,257,0,2,51,3374,3373,30213,3500,3510,33658,0x07
2026-09-06T15:53:31.038-03:00,258,0,2,52,3374,3404,30053,3500,3500,33700,0x07
2026-09-06T15:53:31.057-03:00,259,0,2,52,3374,3404,30053,3500,3500,33700,0x07
2026-09-06T15:53:31.080-03:00,260,0,2,52,3374,3404,30053,3500,3500,33700,0x07
2026-09-06T15:53:31.101-03:00,261,0,2,58,3374,3362,30243,3500,3500,33700,0x07
2026-09-06T15:53:31.119-03:00,262,0,2,58,3374,3362,30243,3500,3500,33700,0x07
2026-09-06T15:53:31.138-03:00,263,0,2,58,3374,3362,30243,3500,3500,33700,0x07
2026-09-06T15:53:31.161-03:00,264,0,2,51,3374,3353,30301,3500,3471,33858,0x07
2026-09-06T15:53:31.182-03:00,265,0,2,51,3374,3353,30301,3500,3471,33858,0x07
2026-09-06T15:53:31.200-03:00,266,0,2,51,3374,3353,30301,3500,3471,33858,0x07
2026-09-06T15:53:31.218-03:00,267,0,2,56,3374,3339,30393,3500,3482,33831,0x07
2026-09-06T15:53:31.241-03:00,268,0,2,56,3374,3339,30393,3500,3482,33831,0x07
2026-09-06T15:53:31.261-03:00,269,0,2,55,3374,3382,30205,3500,3545,33507,0x07
2026-09-06T15:53:31.280-03:00,270,0,2,55,3374,3382,30205,3500,3545,33507,0x07
2026-09-06T15:53:31.300-03:00,271,0,2,55,3374,3382,30205,3500,3545,33507,0x07
2026-09-06T15:53:31.319-03:00,272,0,2,51,3374,3392,30144,3500,3490,33753,0x07
2026-09-06T15:53:31.342-03:00,273,0,2,51,3374,3392,30144,3500,3490,33753,0x07
2026-09-06T15:53:31.360-03:00,274,0,2,60,3374,3400,30083,3500,3500,33711,0x07
2026-09-06T15:53:31.380-03:00,275,0,2,60,3374,3400,30083,3500,3500,33711,0x07
2026-09-06T15:53:31.398-03:00,276,0,2,60,3374,3400,30083,3500,3500,33711,0x07
2026-09-06T15:53:31.418-03:00,277,0,2,54,3374,3333,30406,3500,3481,33812,0x07
2026-09-06T15:53:31.441-03:00,278,0,2,54,3374,3333,30406,3500,3481,33812,0x07
2026-09-06T15:53:31.461-03:00,279,0,2,54,3374,3333,30406,3500,3481,33812,0x07
2026-09-06T15:53:31.479-03:00,280,0,2,53,3374,3358,30313,3500,3491,33784,0x07
2026-09-06T15:53:31.499-03:00,281,0,2,53,3374,3358,30313,3500,3491,33784,0x07
2026-09-06T15:53:31.519-03:00,282,0,2,53,3374,3358,30313,3500,3491,33784,0x07
2026-09-06T15:53:31.537-03:00,283,0,2,51,3374,3392,30154,3500,3490,33797,0x07
2026-09-06T15:53:31.561-03:00,284,0,2,51,3374,3392,30154,3500,3490,33797,0x07
2026-09-06T15:53:31.579-03:00,285,0,2,51,3374,3392,30154,3500,3490,33797,0x07
2026-09-06T15:53:31.597-03:00,286,0,2,56,3374,3339,30413,3500,3482,33853,0x07
2026-09-06T15:53:31.620-03:00,287,0,2,56,3374,3339,30413,3500,3482,33853,0x07
2026-09-06T15:53:31.639-03:00,288,0,2,53,3374,3434,29954,3500,3491,33828,0x07
2026-09-06T15:53:31.657-03:00,289,0,2,53,3374,3434,29954,3500,3491,33828,0x07
2026-09-06T15:53:31.681-03:00,290,0,2,53,3374,3434,29954,3500,3491,33828,0x07
2026-09-06T15:53:31.701-03:00,291,0,2,51,3374,3373,30216,3500,3549,33525,0x07
2026-09-06T15:53:31.719-03:00,292,0,2,51,3374,3373,30216,3500,3549,33525,0x07
2026-09-06T15:53:31.737-03:00,293,0,2,51,3374,3373,30218,3500,3529,33575,0x07
2026-09-06T15:53:31.761-03:00,294,0,2,51,3374,3373,30218,3500,3529,33575,0x07
2026-09-06T15:53:31.779-03:00,295,0,2,51,3374,3373,30218,3500,3529,33575,0x07
2026-09-06T15:53:31.797-03:00,296,0,2,57,3374,3386,30149,3500,3456,33941,0x07
2026-09-06T15:53:31.821-03:00,297,0,2,57,3374,3386,30149,3500,3456,33941,0x07
2026-09-06T15:53:31.839-03:00,298,0,2,57,3374,3386,30149,3500,3456,33941,0x07
2026-09-06T15:53:31.857-03:00,299,0,2,51,3374,3373,30207,3500,3529,33597,0x07
2026-09-06T15:53:31.880-03:00,300,0,2,51,3374,3373,30207,3500,3529,33597,0x07
2026-09-06T15:53:31.899-03:00,301,0,2,51,3374,3373,30207,3500,3529,33597,0x07
2026-09-06T15:53:31.917-03:00,302,0,2,56,3374,3375,30196,3500,3482,33820,0x07
2026-09-06T15:53:31.941-03:00,303,0,2,56,3374,3375,30196,3500,3482,33820,0x07
2026-09-06T15:53:31.959-03:00,304,0,2,53,3374,3396,30085,3500,3509,33693,0x07
2026-09-06T15:53:31.979-03:00,305,0,2,53,3374,3396,30085,3500,3509,33693,0x07
2026-09-06T15:53:31.997-03:00,306,0,2,53,3374,3396,30085,3500,3509,33693,0x07
2026-09-06T15:53:32.020-03:00,307,0,2,51,3374,3373,30187,3500,3529,33575,0x07
2026-09-06T15:53:32.038-03:00,308,0,2,51,3374,3373,30187,3500,3529,33575,0x07
2026-09-06T15:53:32.059-03:00,309,0,2,50,3374,3340,30355,3500,3440,34021,0x07
2026-09-06T15:53:32.077-03:00,310,0,2,50,3374,3340,30355,3500,3440,34021,0x07
2026-09-06T15:53:32.101-03:00,311,0,2,50,3374,3340,30355,3500,3440,34021,0x07
2026-09-06T15:53:32.120-03:00,312,0,2,50,3374,3420,29974,3500,3540,33552,0x07
2026-09-06T15:53:32.140-03:00,313,0,2,50,3374,3420,29974,3500,3540,33552,0x07
2026-09-06T15:53:32.158-03:00,314,0,2,52,3374,3385,30115,3500,3538,33515,0x07
2026-09-06T15:53:32.177-03:00,315,0,2,52,3374,3385,30115,3500,3538,33515,0x07
2026-09-06T15:53:32.201-03:00,316,0,2,52,3374,3385,30115,3500,3538,33515,0x07
2026-09-06T15:53:32.221-03:00,317,0,2,57,3374,3368,30189,3500,3491,33726,0x07
2026-09-06T15:53:32.239-03:00,318,0,2,57,3374,3368,30189,3500,3491,33726,0x07
2026-09-06T15:53:32.258-03:00,319,0,2,57,3374,3368,30189,3500,3491,33726,0x07
2026-09-06T15:53:32.281-03:00,320,0,2,51,3374,3294,30577,3500,3431,34058,0x07
2026-09-06T15:53:32.299-03:00,321,0,2,51,3374,3294,30577,3500,3431,34058,0x07
2026-09-06T15:53:32.317-03:00,322,0,2,51,3374,3294,30577,3500,3431,34058,0x07
2026-09-06T15:53:32.341-03:00,323,0,2,55,3374,3436,29912,3500,3545,33518,0x07
2026-09-06T15:53:32.359-03:00,324,0,2,55,3374,3436,29912,3500,3545,33518,0x07
2026-09-06T15:53:32.377-03:00,325,0,2,54,3374,3389,30099,3500,3537,33510,0x07
2026-09-06T15:53:32.402-03:00,326,0,2,54,3374,3389,30099,3500,3537,33510,0x07
2026-09-06T15:53:32.417-03:00,327,0,2,54,3374,3389,30099,3500,3537,33510,0x07
2026-09-06T15:53:32.440-03:00,328,0,2,51,3374,3353,30271,3500,3471,33825,0x07
2026-09-06T15:53:32.459-03:00,329,0,2,51,3374,3353,30271,3500,3471,33825,0x07
2026-09-06T15:53:32.477-03:00,330,0,2,51,3374,3353,30271,3500,3471,33825,0x07
2026-09-06T15:53:32.500-03:00,331,0,2,56,3374,3339,30364,3500,3482,33798,0x07
2026-09-06T15:53:32.519-03:00,332,0,2,56,3374,3339,30364,3500,3482,33798,0x07
2026-09-06T15:53:32.539-03:00,333,0,2,53,3374,3396,30101,3500,3509,33671,0x07
2026-09-06T15:53:32.557-03:00,334,0,2,53,3374,3396,30101,3500,3509,33671,0x07
2026-09-06T15:53:32.580-03:00,335,0,2,53,3374,3396,30101,3500,3509,33671,0x07
2026-09-06T15:53:32.598-03:00,336,0,2,51,3374,3353,30304,3500,3471,33869,0x07
2026-09-06T15:53:32.622-03:00,337,0,2,51,3374,3353,30304,3500,3471,33869,0x07
2026-09-06T15:53:32.640-03:00,338,0,2,52,3374,3423,29961,3500,3500,33744,0x07
2026-09-06T15:53:32.658-03:00,339,0,2,52,3374,3423,29961,3500,3500,33744,0x07
2026-09-06T15:53:32.682-03:00,340,0,2,52,3374,3423,29961,3500,3500,33744,0x07
2026-09-06T15:53:32.697-03:00,341,0,2,51,3374,3333,30379,3500,3510,33691,0x07
2026-09-06T15:53:32.721-03:00,342,0,2,51,3374,3333,30379,3500,3510,33691,0x07
2026-09-06T15:53:32.739-03:00,343,0,2,51,3374,3333,30379,3500,3510,33691,0x07
2026-09-06T15:53:32.757-03:00,344,0,2,56,3374,3339,30388,3500,3464,33929,0x07
2026-09-06T15:53:32.777-03:00,345,0,2,56,3374,3339,30388,3500,3464,33929,0x07
2026-09-06T15:53:32.802-03:00,346,0,2,51,3374,3451,29844,3500,3549,33514,0x07
2026-09-06T15:53:32.820-03:00,347,0,2,51,3374,3451,29844,3500,3549,33514,0x07
2026-09-06T15:53:32.840-03:00,348,0,2,51,3374,3373,30178,3500,3490,33775,0x07
2026-09-06T15:53:32.859-03:00,349,0,2,51,3374,3373,30178,3500,3490,33775,0x07
2026-09-06T15:53:32.882-03:00,350,0,2,51,3374,3373,30178,3500,3490,33775,0x07
2026-09-06T15:53:32.897-03:00,351,0,2,54,3374,3370,30191,3500,3500,33733,0x07
2026-09-06T15:53:32.921-03:00,352,0,2,54,3374,3370,30191,3500,3500,33733,0x07
2026-09-06T15:53:32.939-03:00,353,0,2,54,3374,3370,30191,3500,3500,33733,0x07
2026-09-06T15:53:32.957-03:00,354,0,2,53,3374,3377,30158,3500,3528,33580,0x07
2026-09-06T15:53:32.980-03:00,355,0,2,53,3374,3377,30158,3500,3528,33580,0x07
2026-09-06T15:53:32.998-03:00,356,0,2,53,3374,3377,30158,3500,3528,33580,0x07
2026-09-06T15:53:33.022-03:00,357,0,2,51,3374,3412,29978,3500,3529,33542,0x07
2026-09-06T15:53:33.040-03:00,358,0,2,51,3374,3412,29978,3500,3529,33542,0x07
2026-09-06T15:53:33.058-03:00,359,0,2,52,3374,3385,30083,3500,3500,33667,0x07
2026-09-06T15:53:33.078-03:00,360,0,2,52,3374,3385,30083,3500,3500,33667,0x07
2026-09-06T15:53:33.102-03:00,361,0,2,52,3374,3385,30083,3500,3500,33667,0x07
2026-09-06T15:53:33.120-03:00,362,0,2,51,3374,3353,30237,3500,3471,33825,0x07
2026-09-06T15:53:33.140-03:00,363,0,2,51,3374,3353,30237,3500,3471,33825,0x07
2026-09-06T15:53:33.159-03:00,364,0,2,52,3374,3385,30093,3500,3538,33493,0x07
2026-09-06T15:53:33.177-03:00,365,0,2,52,3374,3385,30093,3500,3538,33493,0x07
2026-09-06T15:53:33.201-03:00,366,0,2,52,3374,3385,30093,3500,3538,33493,0x07
2026-09-06T15:53:33.219-03:00,367,0,2,55,3374,3345,30287,3500,3527,33507,0x07
2026-09-06T15:53:33.238-03:00,368,0,2,55,3374,3345,30287,3500,3527,33507,0x07
2026-09-06T15:53:33.260-03:00,369,0,2,55,3374,3345,30287,3500,3527,33507,0x07
2026-09-06T15:53:33.278-03:00,370,0,2,51,3374,3353,30274,3500,3431,33992,0x07
2026-09-06T15:53:33.302-03:00,371,0,2,51,3374,3353,30274,3500,3431,33992,0x07
2026-09-06T15:53:33.320-03:00,372,0,2,52,3374,3385,30130,3500,3500,33700,0x07
2026-09-06T15:53:33.338-03:00,373,0,2,52,3374,3385,30130,3500,3500,33700,0x07
2026-09-06T15:53:33.362-03:00,374,0,2,52,3374,3385,30130,3500,3500,33700,0x07
2026-09-06T15:53:33.380-03:00,375,0,2,51,3374,3373,30182,3500,3529,33542,0x07
2026-09-06T15:53:33.398-03:00,376,0,2,51,3374,3373,30182,3500,3529,33542,0x07
2026-09-06T15:53:33.421-03:00,377,0,2,51,3374,3392,30083,3500,3451,33930,0x07
2026-09-06T15:53:33.439-03:00,378,0,2,51,3374,3392,30083,3500,3451,33930,0x07
2026-09-06T15:53:33.459-03:00,379,0,2,51,3374,3392,30083,3500,3451,33930,0x07
2026-09-06T15:53:33.478-03:00,380,0,2,50,3374,3340,30334,3500,3480,33829,0x07
2026-09-06T15:53:33.500-03:00,381,0,2,50,3374,3340,30334,3500,3480,33829,0x07
2026-09-06T15:53:33.518-03:00,382,0,2,50,3374,3340,30334,3500,3480,33829,0x07
2026-09-06T15:53:33.542-03:00,383,0,2,56,3374,3357,30278,3500,3500,33744,0x07
2026-09-06T15:53:33.560-03:00,384,0,2,56,3374,3357,30278,3500,3500,33744,0x07
2026-09-06T15:53:33.580-03:00,385,0,2,50,3374,3380,30176,3500,3480,33851,0x07
2026-09-06T15:53:33.598-03:00,386,0,2,50,3374,3380,30176,3500,3480,33851,0x07
2026-09-06T15:53:33.619-03:00,387,0,2,50,3374,3380,30176,3500,3480,33851,0x07
2026-09-06T15:53:33.639-03:00,388,0,2,50,3374,3400,30068,3500,3540,33552,0x07
2026-09-06T15:53:33.657-03:00,389,0,2,50,3374,3400,30068,3500,3540,33552,0x07
2026-09-06T15:53:33.681-03:00,390,0,2,52,3374,3404,30024,3500,3519,33618,0x07
2026-09-06T15:53:33.698-03:00,391,0,2,52,3374,3404,30024,3500,3519,33618,0x07
2026-09-06T15:53:33.722-03:00,392,0,2,52,3374,3404,30024,3500,3519,33618,0x07
2026-09-06T15:53:33.740-03:00,393,0,2,50,3374,3340,30325,3500,3480,33807,0x07
2026-09-06T15:53:33.758-03:00,394,0,2,50,3374,3340,30325,3500,3480,33807,0x07
2026-09-06T15:53:33.782-03:00,395,0,2,51,3374,3392,30087,3500,3471,33880,0x07
2026-09-06T15:53:33.797-03:00,396,0,2,51,3374,3392,30087,3500,3471,33880,0x07
2026-09-06T15:53:33.820-03:00,397,0,2,51,3374,3392,30087,3500,3471,33880,0x07
2026-09-06T15:53:33.841-03:00,398,0,2,50,3374,3380,30134,3500,3500,33755,0x07
2026-09-06T15:53:33.859-03:00,399,0,2,50,3374,3380,30134,3500,3500,33755,0x07
2026-09-06T15:53:33.877-03:00,400,0,2,50,3374,3340,30334,3500,3500,33755,0x07
2026-09-06T15:53:33.899-03:00,401,0,2,50,3374,3340,30334,3500,3500,33755,0x07
2026-09-06T15:53:33.920-03:00,402,0,2,50,3374,3340,30334,3500,3500,33755,0x07
2026-09-06T15:53:33.940-03:00,403,0,2,55,3374,3436,29863,3500,3545,33507,0x07
2026-09-06T15:53:33.960-03:00,404,0,2,55,3374,3436,29863,3500,3545,33507,0x07
2026-09-06T15:53:33.978-03:00,405,0,2,55,3374,3436,29863,3500,3545,33507,0x07
2026-09-06T15:53:34.002-03:00,406,0,2,51,3374,3353,30237,3500,3510,33647,0x07
2026-09-06T15:53:34.020-03:00,407,0,2,51,3374,3353,30237,3500,3510,33647,0x07
2026-09-06T15:53:34.040-03:00,408,0,2,52,3374,3365,30192,3500,3500,33689,0x07
2026-09-06T15:53:34.058-03:00,409,0,2,52,3374,3365,30192,3500,3500,33689,0x07
2026-09-06T15:53:34.077-03:00,410,0,2,52,3374,3365,30192,3500,3500,33689,0x07
2026-09-06T15:53:34.100-03:00,411,0,2,51,3374,3412,29961,3500,3412,34163,0x07
2026-09-06T15:53:34.118-03:00,412,0,2,51,3374,3412,29961,3500,3412,34163,0x07
2026-09-06T15:53:34.142-03:00,413,0,2,51,3374,3412,29961,3500,3412,34163,0x07
2026-09-06T15:53:34.160-03:00,414,0,2,56,3374,3304,30490,3500,3482,33886,0x07
2026-09-06T15:53:34.179-03:00,415,0,2,56,3374,3304,30490,3500,3482,33886,0x07
2026-09-06T15:53:34.202-03:00,416,0,2,55,3374,3400,30055,3500,3564,33463,0x07
2026-09-06T15:53:34.221-03:00,417,0,2,55,3374,3400,30055,3500,3564,33463,0x07
2026-09-06T15:53:34.239-03:00,418,0,2,55,3374,3400,30055,3500,3564,33463,0x07
2026-09-06T15:53:34.278-03:00,419,0,2,51,3374,3392,30072,3500,3490,33786,0x07
2026-09-06T15:53:34.298-03:00,420,0,2,51,3374,3392,30072,3500,3490,33786,0x07
2026-09-06T15:53:34.321-03:00,421,0,2,61,3374,3328,30395,3500,3492,33790,0x07
2026-09-06T15:53:34.339-03:00,422,0,2,61,3374,3328,30395,3500,3492,33790,0x07
2026-09-06T15:53:34.360-03:00,423,0,2,61,3374,3328,30395,3500,3492,33790,0x07
2026-09-06T15:53:34.378-03:00,424,0,2,53,3374,3415,29986,3500,3528,33602,0x07
2026-09-06T15:53:34.398-03:00,425,0,2,53,3374,3415,29986,3500,3528,33602,0x07
2026-09-06T15:53:34.421-03:00,426,0,2,53,3374,3415,29986,3500,3528,33602,0x07
2026-09-06T15:53:34.440-03:00,429,0,2,53,3374,3396,30045,3500,3491,33773,0x07
2026-09-06T15:53:34.479-03:00,430,0,2,50,3374,3320,30417,3500,3500,33733,0x07
2026-09-06T15:53:34.498-03:00,431,0,2,50,3374,3320,30417,3500,3500,33733,0x07
2026-09-06T15:53:34.521-03:00,432,0,2,52,3374,3365,30232,3500,3500,33733,0x07
2026-09-06T15:53:34.539-03:00,433,0,2,52,3374,3365,30232,3500,3500,33733,0x07
2026-09-06T15:53:34.557-03:00,434,0,2,52,3374,3365,30232,3500,3500,33733,0x07
2026-09-06T15:53:34.581-03:00,435,0,2,50,3374,3360,30267,3500,3460,33947,0x07
2026-09-06T15:53:34.599-03:00,436,0,2,50,3374,3360,30267,3500,3460,33947,0x07
2026-09-06T15:53:34.618-03:00,437,0,2,50,3374,3360,30280,3500,3480,33884,0x07
2026-09-06T15:53:34.641-03:00,438,0,2,50,3374,3360,30280,3500,3480,33884,0x07
2026-09-06T15:53:34.659-03:00,439,0,2,50,3374,3360,30280,3500,3480,33884,0x07
2026-09-06T15:53:34.678-03:00,440,0,2,57,3374,3439,29881,3500,3544,33558,0x07
2026-09-06T15:53:34.698-03:00,441,0,2,57,3374,3439,29881,3500,3544,33558,0x07
2026-09-06T15:53:34.722-03:00,442,0,2,57,3374,3439,29881,3500,3544,33558,0x07
2026-09-06T15:53:34.742-03:00,443,0,2,51,3374,3353,30264,3500,3471,33902,0x07
2026-09-06T15:53:34.757-03:00,444,0,2,51,3374,3353,30264,3500,3471,33902,0x07
2026-09-06T15:53:34.781-03:00,445,0,2,52,3374,3404,30020,3500,3500,33777,0x07
2026-09-06T15:53:34.799-03:00,446,0,2,52,3374,3404,30020,3500,3500,33777,0x07
2026-09-06T15:53:34.817-03:00,447,0,2,52,3374,3404,30020,3500,3500,33777,0x07
2026-09-06T15:53:34.838-03:00,448,0,2,50,3374,3360,30219,3500,3500,33777,0x07
2026-09-06T15:53:34.862-03:00,449,0,2,50,3374,3360,30219,3500,3500,33777,0x07
2026-09-06T15:53:34.877-03:00,450,0,2,50,3374,3360,30219,3500,3500,33777,0x07
2026-09-06T15:53:34.900-03:00,451,0,2,56,3374,3357,30247,3500,3500,33777,0x07
2026-09-06T15:53:34.918-03:00,452,0,2,56,3374,3357,30247,3500,3500,33777,0x07
2026-09-06T15:53:34.942-03:00,453,0,2,56,3374,3357,30247,3500,3500,33777,0x07
2026-09-06T15:53:34.960-03:00,454,0,2,55,3374,3418,29945,3500,3527,33628,0x07
2026-09-06T15:53:34.977-03:00,455,0,2,55,3374,3418,29945,3500,3527,33628,0x07
2026-09-06T15:53:35.000-03:00,456,0,2,50,3374,3360,30205,3500,3540,33530,0x07
2026-09-06T15:53:35.019-03:00,457,0,2,50,3374,3360,30205,3500,3540,33530,0x07
2026-09-06T15:53:35.037-03:00,458,0,2,50,3374,3360,30205,3500,3540,33530,0x07
2026-09-06T15:53:35.060-03:00,459,0,2,56,3374,3339,30327,3500,3446,33994,0x07
2026-09-06T15:53:35.078-03:00,460,0,2,56,3374,3339,30327,3500,3446,33994,0x07
2026-09-06T15:53:35.099-03:00,461,0,2,56,3374,3339,30327,3500,3446,33994,0x07
2026-09-06T15:53:35.117-03:00,462,0,2,55,3374,3436,29854,3500,3527,33617,0x07
2026-09-06T15:53:35.138-03:00,463,0,2,55,3374,3436,29854,3500,3527,33617,0x07
2026-09-06T15:53:35.161-03:00,464,0,2,54,3374,3352,30234,3500,3519,33632,0x07
2026-09-06T15:53:35.181-03:00,465,0,2,54,3374,3352,30234,3500,3519,33632,0x07
2026-09-06T15:53:35.202-03:00,466,0,2,54,3374,3352,30234,3500,3519,33632,0x07
2026-09-06T15:53:35.220-03:00,467,0,2,50,3374,3380,30109,3500,3500,33711,0x07
2026-09-06T15:53:35.238-03:00,468,0,2,50,3374,3380,30109,3500,3500,33711,0x07
2026-09-06T15:53:35.258-03:00,469,0,2,54,3374,3352,30250,3500,3463,33912,0x07
2026-09-06T15:53:35.282-03:00,470,0,2,54,3374,3352,30250,3500,3463,33912,0x07
2026-09-06T15:53:35.300-03:00,471,0,2,54,3374,3352,30250,3500,3463,33912,0x07
2026-09-06T15:53:35.318-03:00,472,0,2,58,3374,3345,30310,3500,3483,33850,0x07
2026-09-06T15:53:35.338-03:00,473,0,2,58,3374,3345,30310,3500,3483,33850,0x07
2026-09-06T15:53:35.359-03:00,474,0,2,58,3374,3345,30310,3500,3483,33850,0x07
2026-09-06T15:53:35.381-03:00,475,0,2,50,3374,3400,30052,3500,3540,33563,0x07
2026-09-06T15:53:35.400-03:00,476,0,2,50,3374,3400,30052,3500,3540,33563,0x07
2026-09-06T15:53:35.418-03:00,477,0,2,50,3374,3400,30052,3500,3540,33563,0x07
2026-09-06T15:53:35.441-03:00,478,0,2,56,3374,3321,30438,3500,3429,34125,0x07
2026-09-06T15:53:35.461-03:00,479,0,2,56,3374,3321,30438,3500,3429,34125,0x07
2026-09-06T15:53:35.479-03:00,480,0,2,53,3374,3415,30002,3500,3528,33668,0x07
2026-09-06T15:53:35.497-03:00,481,0,2,53,3374,3415,30002,3500,3528,33668,0x07
2026-09-06T15:53:35.520-03:00,482,0,2,53,3374,3415,30002,3500,3528,33668,0x07
2026-09-06T15:53:35.541-03:00,483,0,2,50,3374,3360,30248,3500,3500,33788,0x07
2026-09-06T15:53:35.559-03:00,484,0,2,50,3374,3360,30248,3500,3500,33788,0x07
2026-09-06T15:53:35.579-03:00,485,0,2,51,3374,3392,30095,3500,3490,33841,0x07
2026-09-06T15:53:35.598-03:00,486,0,2,51,3374,3392,30095,3500,3490,33841,0x07
2026-09-06T15:53:35.621-03:00,487,0,2,51,3374,3392,30095,3500,3490,33841,0x07
2026-09-06T15:53:35.639-03:00,488,0,2,50,3374,3400,30039,3500,3520,33692,0x07
2026-09-06T15:53:35.657-03:00,489,0,2,50,3374,3400,30039,3500,3520,33692,0x07
2026-09-06T15:53:35.681-03:00,490,0,2,52,3374,3365,30194,3500,3519,33673,0x07
2026-09-06T15:53:35.698-03:00,491,0,2,52,3374,3365,30194,3500,3519,33673,0x07
2026-09-06T15:53:35.722-03:00,492,0,2,52,3374,3365,30194,3500,3519,33673,0x07
2026-09-06T15:53:35.742-03:00,493,0,2,50,3374,3380,30127,3500,3480,33862,0x07
2026-09-06T15:53:35.760-03:00,494,0,2,50,3374,3380,30127,3500,3480,33862,0x07
2026-09-06T15:53:35.779-03:00,495,0,2,61,3374,3377,30136,3500,3492,33823,0x07
2026-09-06T15:53:35.802-03:00,496,0,2,61,3374,3377,30136,3500,3492,33823,0x07
2026-09-06T15:53:35.843-03:00,497,0,2,61,3374,3377,30136,3500,3492,33823,0x07
2026-09-06T15:53:35.886-03:00,498,0,2,54,3374,3333,30360,3500,3519,33687,0x07
2026-09-06T15:53:35.930-03:00,499,0,2,54,3374,3333,30360,3500,3519,33687,0x07
2026-09-06T15:53:35.971-03:00,500,0,2,56,3374,3429,29902,3500,3554,33472,0x07
2026-09-06T15:53:36.016-03:00,501,0,2,56,0,0,0,0,0,0,0x03
