timestamp,sequence,team,robot_id,interval_ms,left_target_eps,left_measured_eps,left_duty,right_target_eps,right_measured_eps,right_duty,flags
2026-09-06T11:19:42.925-03:00,53,0,0,55,0,0,0,0,0,0,0x03
2026-09-06T11:19:42.944-03:00,54,0,0,50,0,0,0,0,0,0,0x03
2026-09-06T11:19:42.966-03:00,55,0,0,50,0,0,0,0,0,0,0x03
2026-09-06T11:19:43.004-03:00,55,0,0,50,0,0,0,0,0,0,0x03
2026-09-06T11:19:43.004-03:00,55,0,0,50,0,0,0,0,0,0,0x03
2026-09-06T11:19:43.021-03:00,55,0,0,50,0,0,0,0,0,0,0x03
2026-09-06T11:19:43.045-03:00,55,0,0,52,0,0,0,0,0,0,0x03
2026-09-06T11:19:43.063-03:00,55,0,0,52,0,0,0,0,0,0,0x03
2026-09-06T11:19:43.082-03:00,55,0,0,52,0,0,0,0,0,0,0x03
2026-09-06T11:19:43.104-03:00,55,0,0,52,0,0,0,0,0,0,0x03
2026-09-06T11:19:43.125-03:00,8,0,0,52,0,0,28094,0,0,28548,0x07
2026-09-06T11:19:43.143-03:00,9,0,0,53,3374,0,40000,3500,0,40000,0x07
2026-09-06T11:19:43.161-03:00,10,0,0,53,3374,0,40000,3500,0,40000,0x07
2026-09-06T11:19:43.181-03:00,11,0,0,54,3374,0,40000,3500,0,40000,0x07
2026-09-06T11:19:43.204-03:00,12,0,0,54,3374,0,40000,3500,0,40000,0x07
2026-09-06T11:19:43.221-03:00,13,0,0,54,3374,0,40000,3500,0,40000,0x07
2026-09-06T11:19:43.244-03:00,14,0,0,52,3374,0,40000,3500,0,40000,0x07
2026-09-06T11:19:43.262-03:00,15,0,0,52,3374,0,40000,3500,0,40000,0x07
2026-09-06T11:19:43.285-03:00,16,0,0,52,3374,0,40000,3500,0,40000,0x07
2026-09-06T11:19:43.303-03:00,17,0,0,52,3374,0,40000,3500,0,40000,0x07
2026-09-06T11:19:43.344-03:00,18,0,0,52,3374,0,40000,3500,0,40000,0x07
2026-09-06T11:19:43.344-03:00,19,0,0,51,3374,0,40000,3500,0,40000,0x07
2026-09-06T11:19:43.361-03:00,20,0,0,51,3374,0,40000,3500,0,40000,0x07
2026-09-06T11:19:43.383-03:00,21,0,0,51,3374,0,40000,3500,0,40000,0x07
2026-09-06T11:19:43.424-03:00,22,0,0,51,3374,0,40000,3500,0,40000,0x07
2026-09-06T11:19:43.443-03:00,23,0,0,51,3374,0,40000,3500,0,40000,0x07
2026-09-06T11:19:43.505-03:00,24,0,0,50,3374,0,40000,3500,0,40000,0x07
2026-09-06T11:19:44.114-03:00,25,0,0,50,3374,0,40000,3500,0,40000,0x07
