timestamp,sequence,team,robot_id,interval_ms,left_target_eps,left_measured_eps,left_duty,right_target_eps,right_measured_eps,right_duty,flags
2026-09-06T17:46:47.529-03:00,52,0,1,54,0,0,0,0,0,0,0x03
2026-09-06T17:46:47.547-03:00,53,0,1,51,0,0,0,0,0,0,0x03
2026-09-06T17:46:47.565-03:00,54,0,1,51,0,0,0,0,0,0,0x03
2026-09-06T17:46:47.588-03:00,55,0,1,51,0,0,0,0,0,0,0x03
2026-09-06T17:46:47.606-03:00,55,0,1,53,0,0,0,0,0,0,0x03
2026-09-06T17:46:47.629-03:00,55,0,1,53,0,0,0,0,0,0,0x03
2026-09-06T17:46:47.647-03:00,55,0,1,53,0,0,0,0,0,0,0x03
2026-09-06T17:46:47.665-03:00,55,0,1,53,0,0,0,0,0,0,0x03
2026-09-06T17:46:47.685-03:00,55,0,1,53,0,0,0,0,0,0,0x03
2026-09-06T17:46:47.708-03:00,55,0,1,52,0,0,0,0,0,0,0x03
2026-09-06T17:46:47.726-03:00,55,0,1,52,0,0,0,0,0,0,0x03
2026-09-06T17:46:47.748-03:00,8,0,1,53,3374,0,40000,3500,0,40000,0x07
2026-09-06T17:46:47.766-03:00,9,0,1,53,3374,0,40000,3500,0,40000,0x07
2026-09-06T17:46:47.789-03:00,10,0,1,53,3374,0,40000,3500,0,40000,0x07
2026-09-06T17:46:47.809-03:00,11,0,1,52,3374,0,40000,3500,1596,39189,0x07
2026-09-06T17:46:47.827-03:00,12,0,1,52,3374,0,40000,3500,1596,39189,0x07
2026-09-06T17:46:47.847-03:00,13,0,1,52,3374,0,40000,3500,1596,39189,0x07
2026-09-06T17:46:47.870-03:00,14,0,1,53,3374,0,40000,3500,3226,32261,0x07
2026-09-06T17:46:47.890-03:00,15,0,1,53,3374,0,40000,3500,3226,32261,0x07
2026-09-06T17:46:47.910-03:00,16,0,1,54,3374,0,40000,3500,3500,31098,0x07
2026-09-06T17:46:47.928-03:00,17,0,1,54,3374,0,40000,3500,3500,31098,0x07
2026-09-06T17:46:47.948-03:00,18,0,1,54,3374,0,40000,3500,3500,31098,0x07
2026-09-06T17:46:47.966-03:00,19,0,1,51,3374,0,40000,3500,3333,31806,0x07
2026-09-06T17:46:47.989-03:00,20,0,1,51,3374,0,40000,3500,3333,31806,0x07
2026-09-06T17:46:48.008-03:00,21,0,1,50,3374,0,40000,3500,3120,32713,0x07
2026-09-06T17:46:48.026-03:00,22,0,1,50,3374,0,40000,3500,3120,32713,0x07
2026-09-06T17:46:48.050-03:00,23,0,1,50,3374,0,40000,3500,3120,32713,0x07
2026-09-06T17:46:48.068-03:00,24,0,1,50,3374,0,40000,3500,3120,32713,0x07
2026-09-06T17:46:48.086-03:00,25,0,1,50,3374,0,40000,3500,3120,32713,0x07
2026-09-06T17:46:48.109-03:00,26,0,1,52,3374,0,40000,3500,3096,32814,0x07
2026-09-06T17:46:48.127-03:00,27,0,1,52,3374,0,40000,3500,3096,32814,0x07
2026-09-06T17:46:48.150-03:00,28,0,1,52,3374,0,40000,3500,3096,32814,0x07
2026-09-06T17:46:48.165-03:00,29,0,1,51,3374,0,40000,3500,3333,31806,0x07
2026-09-06T17:46:48.188-03:00,30,0,1,51,3374,0,40000,3500,3333,31806,0x07
2026-09-06T17:46:48.206-03:00,31,0,1,51,3374,0,40000,3500,3333,31806,0x07
2026-09-06T17:46:48.229-03:00,32,0,1,53,3374,0,40000,3500,3434,31379,0x07
2026-09-06T17:46:48.247-03:00,33,0,1,53,3374,0,40000,3500,3434,31379,0x07
2026-09-06T17:46:48.267-03:00,34,0,1,51,3374,0,40000,3500,3392,31556,0x07
2026-09-06T17:46:48.287-03:00,35,0,1,51,3374,0,40000,3500,3392,31556,0x07
2026-09-06T17:46:48.305-03:00,36,0,1,51,3374,0,40000,3500,3392,31556,0x07
2026-09-06T17:46:48.325-03:00,37,0,1,50,3374,0,40000,3500,3420,31438,0x07
2026-09-06T17:46:48.349-03:00,38,0,1,50,3374,0,40000,3500,3420,31438,0x07
2026-09-06T17:46:48.367-03:00,39,0,1,50,3374,0,40000,3500,3400,31523,0x07
2026-09-06T17:46:48.390-03:00,40,0,1,50,3374,0,40000,3500,3400,31523,0x07
2026-09-06T17:46:48.408-03:00,41,0,1,50,3374,0,40000,3500,3400,31523,0x07
2026-09-06T17:46:48.426-03:00,42,0,1,51,3374,0,40000,3500,3392,31556,0x07
2026-09-06T17:46:48.449-03:00,43,0,1,51,3374,0,40000,3500,3392,31556,0x07
2026-09-06T17:46:48.466-03:00,44,0,1,52,3374,0,40000,3500,3327,31834,0x07
2026-09-06T17:46:48.486-03:00,45,0,1,52,3374,0,40000,3500,3327,31834,0x07
2026-09-06T17:46:48.509-03:00,46,0,1,52,3374,0,40000,3500,3327,31834,0x07
2026-09-06T17:46:48.525-03:00,47,0,1,57,3374,0,40000,3500,3439,31359,0x07
2026-09-06T17:46:48.548-03:00,48,0,1,57,3374,0,40000,3500,3439,31359,0x07
2026-09-06T17:46:48.566-03:00,49,0,1,57,3374,0,40000,3500,3439,31359,0x07
2026-09-06T17:46:48.589-03:00,50,0,1,51,3374,0,40000,3500,3392,31556,0x07
2026-09-06T17:46:48.606-03:00,51,0,1,51,3374,0,40000,3500,3392,31556,0x07
2026-09-06T17:46:48.629-03:00,52,0,1,50,3374,0,40000,3500,3400,31523,0x07
2026-09-06T17:46:48.647-03:00,53,0,1,50,3374,0,40000,3500,3400,31523,0x07
2026-09-06T17:46:48.669-03:00,54,0,1,50,3374,0,40000,3500,3400,31523,0x07
2026-09-06T17:46:48.687-03:00,55,0,1,50,3374,0,40000,3500,3400,31523,0x07
2026-09-06T17:46:48.709-03:00,56,0,1,50,3374,0,40000,3500,3400,31523,0x07
2026-09-06T17:46:48.727-03:00,57,0,1,53,3374,0,40000,3500,3377,31619,0x07
2026-09-06T17:46:48.749-03:00,58,0,1,53,3374,0,40000,3500,3377,31619,0x07
2026-09-06T17:46:48.767-03:00,59,0,1,53,3374,0,40000,3500,3377,31619,0x07
2026-09-06T17:46:48.790-03:00,60,0,1,50,3374,0,40000,3500,3400,31523,0x07
2026-09-06T17:46:48.810-03:00,61,0,1,50,3374,0,40000,3500,3400,31523,0x07
2026-09-06T17:46:48.827-03:00,62,0,1,50,3374,0,40000,3500,3400,31523,0x07
2026-09-06T17:46:48.847-03:00,63,0,1,53,3374,0,40000,3500,3358,31699,0x07
2026-09-06T17:46:48.867-03:00,64,0,1,53,3374,0,40000,3500,3358,31699,0x07
2026-09-06T17:46:48.889-03:00,65,0,1,54,3374,0,40000,3500,3352,31728,0x07
2026-09-06T17:46:48.907-03:00,66,0,1,54,3374,0,40000,3500,3352,31728,0x07
2026-09-06T17:46:48.927-03:00,67,0,1,54,3374,0,40000,3500,3352,31728,0x07
2026-09-06T17:46:48.950-03:00,68,0,1,50,3374,0,40000,3500,3380,31608,0x07
2026-09-06T17:46:48.967-03:00,69,0,1,50,3374,0,40000,3500,3380,31608,0x07
2026-09-06T17:46:48.990-03:00,70,0,1,50,3374,0,40000,3500,3360,31693,0x07
2026-09-06T17:46:49.010-03:00,71,0,1,50,3374,0,40000,3500,3360,31693,0x07
2026-09-06T17:46:49.027-03:00,72,0,1,50,3374,0,40000,3500,3360,31693,0x07
2026-09-06T17:46:49.045-03:00,73,0,1,51,3374,0,40000,3500,3412,31473,0x07
2026-09-06T17:46:49.069-03:00,74,0,1,51,3374,0,40000,3500,3412,31473,0x07
2026-09-06T17:46:49.087-03:00,75,0,1,50,3374,0,40000,3500,3360,31693,0x07
2026-09-06T17:46:49.105-03:00,76,0,1,50,3374,0,40000,3500,3360,31693,0x07
2026-09-06T17:46:49.125-03:00,77,0,1,50,3374,0,40000,3500,3360,31693,0x07
2026-09-06T17:46:49.149-03:00,78,0,1,51,3374,0,40000,3500,3392,31556,0x07
2026-09-06T17:46:49.167-03:00,79,0,1,51,3374,0,40000,3500,3392,31556,0x07
2026-09-06T17:46:49.186-03:00,80,0,1,51,3374,0,40000,3500,3392,31556,0x07
2026-09-06T17:46:49.209-03:00,81,0,1,53,3374,0,40000,3500,3377,31619,0x07
2026-09-06T17:46:49.227-03:00,82,0,1,53,3374,0,40000,3500,3377,31619,0x07
2026-09-06T17:46:49.245-03:00,83,0,1,54,3374,0,40000,3500,3333,31806,0x07
2026-09-06T17:46:49.267-03:00,84,0,1,54,3374,0,40000,3500,3333,31806,0x07
2026-09-06T17:46:49.290-03:00,85,0,1,54,3374,0,40000,3500,3333,31806,0x07
2026-09-06T17:46:49.308-03:00,86,0,1,50,3374,0,40000,3500,3440,31353,0x07
2026-09-06T17:46:49.328-03:00,87,0,1,50,3374,0,40000,3500,3440,31353,0x07
2026-09-06T17:46:49.346-03:00,88,0,1,55,3374,0,40000,3500,3364,31678,0x07
2026-09-06T17:46:49.369-03:00,89,0,1,55,3374,0,40000,3500,3364,31678,0x07
2026-09-06T17:46:49.386-03:00,90,0,1,55,3374,0,40000,3500,3364,31678,0x07
2026-09-06T17:46:49.409-03:00,91,0,1,56,3374,0,40000,3500,3375,31629,0x07
2026-09-06T17:46:49.427-03:00,92,0,1,56,3374,0,40000,3500,3375,31629,0x07
2026-09-06T17:46:49.446-03:00,93,0,1,56,3374,0,40000,3500,3375,31629,0x07
2026-09-06T17:46:49.468-03:00,94,0,1,50,3374,0,40000,3500,3420,31438,0x07
2026-09-06T17:46:49.486-03:00,95,0,1,50,3374,0,40000,3500,3420,31438,0x07
2026-09-06T17:46:49.509-03:00,96,0,1,50,3374,0,40000,3500,3340,31778,0x07
2026-09-06T17:46:49.527-03:00,97,0,1,50,3374,0,40000,3500,3340,31778,0x07
2026-09-06T17:46:49.546-03:00,98,0,1,50,3374,0,40000,3500,3340,31778,0x07
2026-09-06T17:46:49.569-03:00,99,0,1,51,3374,0,40000,3500,3392,31556,0x07
2026-09-06T17:46:49.589-03:00,100,0,1,51,3374,0,40000,3500,3392,31556,0x07
2026-09-06T17:46:49.607-03:00,101,0,1,51,3374,0,40000,3500,3392,31556,0x07
2026-09-06T17:46:49.628-03:00,102,0,1,54,3374,0,40000,3500,3370,31649,0x07
2026-09-06T17:46:49.646-03:00,103,0,1,54,3374,0,40000,3500,3370,31649,0x07
2026-09-06T17:46:49.669-03:00,104,0,1,50,3374,0,40000,3500,3360,31693,0x07
2026-09-06T17:46:49.689-03:00,105,0,1,50,3374,0,40000,3500,3360,31693,0x07
2026-09-06T17:46:49.707-03:00,106,0,1,50,3374,0,40000,3500,3360,31693,0x07
2026-09-06T17:46:49.727-03:00,107,0,1,50,3374,0,40000,3500,3400,31523,0x07
2026-09-06T17:46:49.745-03:00,108,0,1,50,3374,0,40000,3500,3400,31523,0x07
2026-09-06T17:46:49.765-03:00,109,0,1,56,3374,0,40000,3500,3357,31705,0x07
2026-09-06T17:46:49.789-03:00,110,0,1,56,3374,0,40000,3500,3357,31705,0x07
2026-09-06T17:46:49.807-03:00,111,0,1,56,3374,0,40000,3500,3357,31705,0x07
2026-09-06T17:46:49.830-03:00,112,0,1,51,3374,0,40000,3500,3431,31390,0x07
2026-09-06T17:46:49.845-03:00,113,0,1,51,3374,0,40000,3500,3431,31390,0x07
2026-09-06T17:46:49.869-03:00,114,0,1,51,3374,0,40000,3500,3431,31390,0x07
2026-09-06T17:46:49.887-03:00,115,0,1,54,3374,0,40000,3500,3370,31649,0x07
2026-09-06T17:46:49.905-03:00,116,0,1,54,3374,0,40000,3500,3370,31649,0x07
2026-09-06T17:46:49.929-03:00,117,0,1,56,3374,0,40000,3500,3357,31705,0x07
2026-09-06T17:46:49.948-03:00,118,0,1,56,3374,0,40000,3500,3357,31705,0x07
2026-09-06T17:46:49.966-03:00,119,0,1,56,3374,0,40000,3500,3357,31705,0x07
2026-09-06T17:46:49.986-03:00,120,0,1,51,3374,0,40000,3500,3431,31390,0x07
2026-09-06T17:46:50.010-03:00,121,0,1,51,3374,0,40000,3500,3431,31390,0x07
2026-09-06T17:46:50.028-03:00,122,0,1,51,3374,0,40000,3500,3431,31390,0x07
2026-09-06T17:46:50.048-03:00,123,0,1,51,3374,0,40000,3500,3373,31640,0x07
2026-09-06T17:46:50.069-03:00,124,0,1,51,3374,0,40000,3500,3373,31640,0x07
2026-09-06T17:46:50.087-03:00,125,0,1,57,3374,0,40000,3500,3368,31657,0x07
2026-09-06T17:46:50.106-03:00,126,0,1,57,3374,0,40000,3500,3368,31657,0x07
2026-09-06T17:46:50.130-03:00,127,0,1,57,3374,0,40000,3500,3368,31657,0x07
2026-09-06T17:46:50.148-03:00,128,0,1,51,3374,20,40000,3500,3431,31390,0x07
2026-09-06T17:46:50.168-03:00,129,0,1,51,3374,20,40000,3500,3431,31390,0x07
2026-09-06T17:46:50.185-03:00,130,0,1,51,3374,0,40000,3500,3353,31723,0x07
2026-09-06T17:46:50.209-03:00,131,0,1,51,3374,0,40000,3500,3353,31723,0x07
2026-09-06T17:46:50.227-03:00,132,0,1,51,3374,0,40000,3500,3353,31723,0x07
2026-09-06T17:46:50.246-03:00,133,0,1,56,3374,0,40000,3500,3411,31477,0x07
2026-09-06T17:46:50.269-03:00,134,0,1,56,3374,0,40000,3500,3411,31477,0x07
2026-09-06T17:46:50.288-03:00,135,0,1,56,3374,0,40000,3500,3411,31477,0x07
2026-09-06T17:46:50.306-03:00,136,0,1,50,3374,20,40000,3500,3400,31523,0x07
2026-09-06T17:46:50.328-03:00,137,0,1,50,3374,20,40000,3500,3400,31523,0x07
2026-09-06T17:46:50.347-03:00,138,0,1,54,3374,1315,39493,3500,3333,31806,0x07
2026-09-06T17:46:50.370-03:00,139,0,1,54,3374,1315,39493,3500,3333,31806,0x07
2026-09-06T17:46:50.387-03:00,140,0,1,54,3374,1315,39493,3500,3333,31806,0x07
2026-09-06T17:46:50.405-03:00,141,0,1,58,3374,3207,31451,3500,3414,31464,0x07
2026-09-06T17:46:50.429-03:00,142,0,1,58,3374,3207,31451,3500,3414,31464,0x07
2026-09-06T17:46:50.446-03:00,143,0,1,58,3374,3207,31451,3500,3414,31464,0x07
2026-09-06T17:46:50.469-03:00,144,0,1,50,3374,2340,35136,3500,3360,31693,0x07
2026-09-06T17:46:50.487-03:00,145,0,1,50,3374,2340,35136,3500,3360,31693,0x07
2026-09-06T17:46:50.509-03:00,146,0,1,50,3374,2340,35136,3500,3360,31693,0x07
2026-09-06T17:46:50.529-03:00,147,0,1,54,3374,111,40000,3500,3389,31570,0x07
2026-09-06T17:46:50.546-03:00,148,0,1,54,3374,111,40000,3500,3389,31570,0x07
2026-09-06T17:46:50.569-03:00,149,0,1,50,3374,0,40000,3500,3360,31693,0x07
2026-09-06T17:46:50.587-03:00,150,0,1,50,3374,0,40000,3500,3360,31693,0x07
2026-09-06T17:46:50.610-03:00,151,0,1,50,3374,0,40000,3500,3360,31693,0x07
2026-09-06T17:46:50.628-03:00,152,0,1,50,3374,20,40000,3500,3400,31523,0x07
2026-09-06T17:46:50.646-03:00,153,0,1,50,3374,20,40000,3500,3400,31523,0x07
2026-09-06T17:46:50.666-03:00,154,0,1,50,3374,0,40000,3500,3400,31523,0x07
2026-09-06T17:46:50.687-03:00,155,0,1,50,3374,0,40000,3500,3400,31523,0x07
2026-09-06T17:46:50.710-03:00,156,0,1,50,3374,0,40000,3500,3400,31523,0x07
2026-09-06T17:46:50.728-03:00,157,0,1,51,3374,0,40000,3500,3353,31723,0x07
2026-09-06T17:46:50.747-03:00,158,0,1,51,3374,0,40000,3500,3353,31723,0x07
2026-09-06T17:46:50.765-03:00,159,0,1,50,3374,0,40000,3500,3420,31438,0x07
2026-09-06T17:46:50.790-03:00,160,0,1,50,3374,0,40000,3500,3420,31438,0x07
2026-09-06T17:46:50.808-03:00,161,0,1,50,3374,0,40000,3500,3420,31438,0x07
2026-09-06T17:46:50.826-03:00,162,0,1,50,3374,0,40000,3500,3400,31523,0x07
2026-09-06T17:46:50.849-03:00,163,0,1,50,3374,0,40000,3500,3400,31523,0x07
2026-09-06T17:46:50.869-03:00,164,0,1,55,3374,0,40000,3500,3400,31523,0x07
2026-09-06T17:46:50.887-03:00,165,0,1,55,3374,0,40000,3500,3400,31523,0x07
2026-09-06T17:46:50.905-03:00,166,0,1,55,3374,0,40000,3500,3400,31523,0x07
2026-09-06T17:46:50.929-03:00,167,0,1,51,3374,0,40000,3500,3392,31556,0x07
2026-09-06T17:46:50.947-03:00,168,0,1,51,3374,0,40000,3500,3392,31556,0x07
2026-09-06T17:46:50.965-03:00,169,0,1,51,3374,0,40000,3500,3392,31556,0x07
2026-09-06T17:46:50.988-03:00,170,0,1,52,3374,0,40000,3500,3385,31588,0x07
2026-09-06T17:46:51.007-03:00,171,0,1,52,3374,0,40000,3500,3385,31588,0x07
2026-09-06T17:46:51.027-03:00,172,0,1,55,3374,0,40000,3500,3400,31523,0x07
2026-09-06T17:46:51.045-03:00,173,0,1,55,3374,0,40000,3500,3400,31523,0x07
2026-09-06T17:46:51.068-03:00,174,0,1,55,3374,0,40000,3500,3400,31523,0x07
2026-09-06T17:46:51.087-03:00,175,0,1,50,3374,20,40000,3500,3380,31608,0x07
2026-09-06T17:46:51.107-03:00,176,0,1,50,3374,20,40000,3500,3380,31608,0x07
2026-09-06T17:46:51.127-03:00,177,0,1,53,3374,0,40000,3500,3396,31539,0x07
2026-09-06T17:46:51.145-03:00,178,0,1,53,3374,0,40000,3500,3396,31539,0x07
2026-09-06T17:46:51.169-03:00,179,0,1,53,3374,0,40000,3500,3396,31539,0x07
2026-09-06T17:46:51.189-03:00,180,0,1,51,3374,0,40000,3500,3373,31640,0x07
2026-09-06T17:46:51.207-03:00,181,0,1,51,3374,0,40000,3500,3373,31640,0x07
2026-09-06T17:46:51.225-03:00,182,0,1,51,3374,0,40000,3500,3373,31640,0x07
2026-09-06T17:46:51.245-03:00,183,0,1,54,3374,0,40000,3500,3370,31649,0x07
2026-09-06T17:46:51.270-03:00,184,0,1,54,3374,0,40000,3500,3370,31649,0x07
2026-09-06T17:46:51.288-03:00,185,0,1,51,3374,20,40000,3500,3353,31723,0x07
2026-09-06T17:46:51.306-03:00,186,0,1,51,3374,20,40000,3500,3353,31723,0x07
2026-09-06T17:46:51.326-03:00,187,0,1,51,3374,20,40000,3500,3353,31723,0x07
2026-09-06T17:46:51.350-03:00,188,0,1,50,3374,0,40000,3500,3440,31353,0x07
2026-09-06T17:46:51.368-03:00,189,0,1,50,3374,0,40000,3500,3440,31353,0x07
2026-09-06T17:46:51.386-03:00,190,0,1,53,3374,0,40000,3500,3358,31699,0x07
2026-09-06T17:46:51.409-03:00,191,0,1,53,3374,0,40000,3500,3358,31699,0x07
2026-09-06T17:46:51.427-03:00,192,0,1,53,3374,0,40000,3500,3358,31699,0x07
2026-09-06T17:46:51.446-03:00,193,0,1,50,3374,0,40000,3500,3400,31523,0x07
2026-09-06T17:46:51.469-03:00,194,0,1,50,3374,0,40000,3500,3400,31523,0x07
2026-09-06T17:46:51.489-03:00,195,0,1,51,3374,0,40000,3500,3373,31640,0x07
2026-09-06T17:46:51.507-03:00,196,0,1,51,3374,0,40000,3500,3373,31640,0x07
2026-09-06T17:46:51.526-03:00,197,0,1,51,3374,0,40000,3500,3373,31640,0x07
2026-09-06T17:46:51.546-03:00,198,0,1,50,3374,0,40000,3500,3400,31523,0x07
2026-09-06T17:46:51.569-03:00,199,0,1,50,3374,0,40000,3500,3400,31523,0x07
2026-09-06T17:46:51.587-03:00,200,0,1,50,3374,0,40000,3500,3400,31523,0x07
2026-09-06T17:46:51.606-03:00,201,0,1,52,3374,0,40000,3500,3404,31507,0x07
2026-09-06T17:46:51.626-03:00,202,0,1,52,3374,0,40000,3500,3404,31507,0x07
2026-09-06T17:46:51.646-03:00,203,0,1,57,3374,0,40000,3500,3351,31732,0x07
2026-09-06T17:46:51.670-03:00,204,0,1,57,3374,0,40000,3500,3351,31732,0x07
2026-09-06T17:46:51.690-03:00,205,0,1,57,3374,0,40000,3500,3351,31732,0x07
2026-09-06T17:46:51.708-03:00,206,0,1,50,3374,0,40000,3500,3380,31608,0x07
2026-09-06T17:46:51.726-03:00,207,0,1,50,3374,0,40000,3500,3380,31608,0x07
2026-09-06T17:46:51.750-03:00,208,0,1,53,3374,0,40000,3500,3396,31539,0x07
2026-09-06T17:46:51.768-03:00,209,0,1,53,3374,0,40000,3500,3396,31539,0x07
2026-09-06T17:46:51.786-03:00,210,0,1,53,3374,0,40000,3500,3396,31539,0x07
2026-09-06T17:46:51.810-03:00,211,0,1,51,3374,0,40000,3500,3412,31473,0x07
2026-09-06T17:46:51.830-03:00,212,0,1,51,3374,0,40000,3500,3412,31473,0x07
2026-09-06T17:46:51.848-03:00,213,0,1,51,3374,0,40000,3500,3412,31473,0x07
2026-09-06T17:46:51.865-03:00,214,0,1,50,3374,0,40000,3500,3420,31438,0x07
2026-09-06T17:46:51.889-03:00,215,0,1,50,3374,0,40000,3500,3420,31438,0x07
2026-09-06T17:46:51.909-03:00,216,0,1,56,3374,0,40000,3500,3375,31629,0x07
2026-09-06T17:46:51.928-03:00,217,0,1,56,3374,0,40000,3500,3375,31629,0x07
2026-09-06T17:46:51.948-03:00,218,0,1,56,3374,0,40000,3500,3375,31629,0x07
2026-09-06T17:46:51.966-03:00,219,0,1,51,3374,0,40000,3500,3373,31640,0x07
2026-09-06T17:46:51.990-03:00,220,0,1,51,3374,0,40000,3500,3373,31640,0x07
2026-09-06T17:46:52.010-03:00,221,0,1,50,3374,20,40000,3500,3420,31438,0x07
2026-09-06T17:46:52.028-03:00,222,0,1,50,3374,20,40000,3500,3420,31438,0x07
2026-09-06T17:46:52.046-03:00,223,0,1,50,3374,20,40000,3500,3420,31438,0x07
2026-09-06T17:46:52.070-03:00,224,0,1,51,3374,0,40000,3500,3373,31640,0x07
2026-09-06T17:46:52.088-03:00,225,0,1,51,3374,0,40000,3500,3373,31640,0x07
2026-09-06T17:46:52.106-03:00,226,0,1,51,3374,0,40000,3500,3373,31640,0x07
2026-09-06T17:46:52.129-03:00,227,0,1,52,3374,0,40000,3500,3404,31507,0x07
2026-09-06T17:46:52.150-03:00,228,0,1,52,3374,0,40000,3500,3404,31507,0x07
2026-09-06T17:46:52.168-03:00,229,0,1,56,3374,0,40000,3500,3357,31705,0x07
2026-09-06T17:46:52.186-03:00,230,0,1,56,3374,0,40000,3500,3357,31705,0x07
2026-09-06T17:46:52.210-03:00,231,0,1,56,3374,0,40000,3500,3357,31705,0x07
2026-09-06T17:46:52.228-03:00,232,0,1,51,3374,20,40000,3500,3392,31556,0x07
2026-09-06T17:46:52.250-03:00,233,0,1,51,3374,20,40000,3500,3392,31556,0x07
2026-09-06T17:46:52.265-03:00,234,0,1,51,3374,216,40000,3500,3373,31640,0x07
2026-09-06T17:46:52.288-03:00,235,0,1,51,3374,216,40000,3500,3373,31640,0x07
2026-09-06T17:46:52.307-03:00,236,0,1,51,3374,216,40000,3500,3373,31640,0x07
2026-09-06T17:46:52.325-03:00,237,0,1,57,3374,53,40000,3500,3351,31732,0x07
2026-09-06T17:46:52.345-03:00,238,0,1,57,3374,53,40000,3500,3351,31732,0x07
2026-09-06T17:46:52.368-03:00,239,0,1,57,3374,53,40000,3500,3351,31732,0x07
2026-09-06T17:46:52.386-03:00,240,0,1,51,3374,0,40000,3500,3431,31390,0x07
2026-09-06T17:46:52.410-03:00,241,0,1,51,3374,0,40000,3500,3431,31390,0x07
2026-09-06T17:46:52.429-03:00,242,0,1,51,3374,0,40000,3500,3373,31640,0x07
2026-09-06T17:46:52.447-03:00,243,0,1,51,3374,0,40000,3500,3373,31640,0x07
2026-09-06T17:46:52.470-03:00,244,0,1,51,3374,0,40000,3500,3373,31640,0x07
2026-09-06T17:46:52.488-03:00,245,0,1,51,3374,20,40000,3500,3353,31723,0x07
2026-09-06T17:46:52.505-03:00,246,0,1,51,3374,20,40000,3500,3353,31723,0x07
2026-09-06T17:46:52.525-03:00,247,0,1,51,3374,0,40000,3500,3392,31556,0x07
2026-09-06T17:46:52.549-03:00,248,0,1,51,3374,0,40000,3500,3392,31556,0x07
2026-09-06T17:46:52.566-03:00,249,0,1,51,3374,0,40000,3500,3392,31556,0x07
2026-09-06T17:46:52.586-03:00,250,0,1,56,3374,161,40000,3500,3393,31553,0x07
2026-09-06T17:46:52.609-03:00,251,0,1,56,3374,161,40000,3500,3393,31553,0x07
2026-09-06T17:46:52.629-03:00,252,0,1,50,3374,740,40000,3500,3320,31863,0x07
2026-09-06T17:46:52.646-03:00,253,0,1,50,3374,740,40000,3500,3320,31863,0x07
2026-09-06T17:46:52.670-03:00,254,0,1,50,3374,740,40000,3500,3320,31863,0x07
2026-09-06T17:46:52.690-03:00,255,0,1,54,3374,685,40000,3500,3370,31649,0x07
2026-09-06T17:46:52.708-03:00,256,0,1,54,3374,685,40000,3500,3370,31649,0x07
2026-09-06T17:46:52.726-03:00,257,0,1,54,3374,685,40000,3500,3370,31649,0x07
2026-09-06T17:46:52.750-03:00,258,0,1,51,3374,1902,36997,3500,3333,31806,0x07
2026-09-06T17:46:52.768-03:00,259,0,1,51,3374,1902,36997,3500,3333,31806,0x07
2026-09-06T17:46:52.788-03:00,260,0,1,51,3374,1902,36997,3500,3333,31806,0x07
2026-09-06T17:46:52.808-03:00,261,0,1,54,3374,3611,29733,3500,3407,31492,0x07
2026-09-06T17:46:52.826-03:00,262,0,1,54,3374,3611,29733,3500,3407,31492,0x07
2026-09-06T17:46:52.849-03:00,263,0,1,56,3374,3750,29143,3500,3393,31553,0x07
2026-09-06T17:46:52.867-03:00,264,0,1,56,3374,3750,29143,3500,3393,31553,0x07
2026-09-06T17:46:52.890-03:00,265,0,1,56,3374,3750,29143,3500,3393,31553,0x07
2026-09-06T17:46:52.908-03:00,266,0,1,50,3374,3420,30546,3500,3400,31523,0x07
2026-09-06T17:46:52.928-03:00,267,0,1,50,3374,3420,30546,3500,3400,31523,0x07
2026-09-06T17:46:52.947-03:00,268,0,1,50,3374,3300,31056,3500,3400,31523,0x07
2026-09-06T17:46:52.967-03:00,269,0,1,50,3374,3300,31056,3500,3400,31523,0x07
2026-09-06T17:46:52.986-03:00,270,0,1,50,3374,3300,31056,3500,3400,31523,0x07
2026-09-06T17:46:53.009-03:00,271,0,1,57,3374,3404,30616,3500,3386,31583,0x07
2026-09-06T17:46:53.026-03:00,272,0,1,57,3374,3404,30616,3500,3386,31583,0x07
2026-09-06T17:46:53.046-03:00,273,0,1,57,3374,3404,30616,3500,3386,31583,0x07
2026-09-06T17:46:53.070-03:00,274,0,1,50,3374,3440,30460,3500,3400,31523,0x07
2026-09-06T17:46:53.088-03:00,275,0,1,50,3374,3440,30460,3500,3400,31523,0x07
2026-09-06T17:46:53.106-03:00,276,0,1,51,3374,3373,30747,3500,3392,31556,0x07
2026-09-06T17:46:53.130-03:00,277,0,1,51,3374,3373,30747,3500,3392,31556,0x07
2026-09-06T17:46:53.148-03:00,278,0,1,51,3374,3373,30747,3500,3392,31556,0x07
2026-09-06T17:46:53.168-03:00,279,0,1,50,3374,3400,30630,3500,3380,31608,0x07
2026-09-06T17:46:53.186-03:00,280,0,1,50,3374,3400,30630,3500,3380,31608,0x07
2026-09-06T17:46:53.205-03:00,281,0,1,51,3374,3373,30747,3500,3412,31473,0x07
2026-09-06T17:46:53.230-03:00,282,0,1,51,3374,3373,30747,3500,3412,31473,0x07
2026-09-06T17:46:53.248-03:00,283,0,1,51,3374,3373,30747,3500,3412,31473,0x07
2026-09-06T17:46:53.266-03:00,284,0,1,56,3374,3393,30661,3500,3375,31629,0x07
2026-09-06T17:46:53.290-03:00,285,0,1,56,3374,3393,30661,3500,3375,31629,0x07
2026-09-06T17:46:53.310-03:00,286,0,1,56,3374,3393,30661,3500,3375,31629,0x07
2026-09-06T17:46:53.325-03:00,287,0,1,50,3374,3400,30630,3500,3380,31608,0x07
2026-09-06T17:46:53.348-03:00,288,0,1,50,3374,3400,30630,3500,3380,31608,0x07
2026-09-06T17:46:53.366-03:00,289,0,1,58,3374,3431,30499,3500,3466,31245,0x07
2026-09-06T17:46:53.390-03:00,290,0,1,58,3374,3431,30499,3500,3466,31245,0x07
2026-09-06T17:46:53.408-03:00,291,0,1,58,3374,3431,30499,3500,3466,31245,0x07
2026-09-06T17:46:53.426-03:00,292,0,1,53,3374,3377,30727,3500,3358,31699,0x07
2026-09-06T17:46:53.445-03:00,293,0,1,53,3374,3377,30727,3500,3358,31699,0x07
2026-09-06T17:46:53.469-03:00,294,0,1,53,3374,3377,30727,3500,3358,31699,0x07
2026-09-06T17:46:53.487-03:00,295,0,1,50,3374,3400,30630,3500,3420,31438,0x07
2026-09-06T17:46:53.510-03:00,296,0,1,50,3374,3400,30630,3500,3420,31438,0x07
2026-09-06T17:46:53.528-03:00,297,0,1,53,3374,3396,30647,3500,3377,31619,0x07
2026-09-06T17:46:53.549-03:00,298,0,1,53,3374,3396,30647,3500,3377,31619,0x07
2026-09-06T17:46:53.567-03:00,299,0,1,53,3374,3396,30647,3500,3377,31619,0x07
2026-09-06T17:46:53.587-03:00,300,0,1,50,3374,3420,30546,3500,3380,31608,0x07
2026-09-06T17:46:53.606-03:00,301,0,1,50,3374,3420,30546,3500,3380,31608,0x07
2026-09-06T17:46:53.629-03:00,302,0,1,50,3374,3420,30546,3500,3380,31608,0x07
2026-09-06T17:46:53.647-03:00,303,0,1,54,3374,3352,30835,3500,3278,32042,0x07
2026-09-06T17:46:53.666-03:00,304,0,1,54,3374,3352,30835,3500,3278,32042,0x07
2026-09-06T17:46:53.689-03:00,305,0,1,56,3374,3286,31116,3500,3196,32388,0x07
2026-09-06T17:46:53.706-03:00,306,0,1,56,3374,3286,31116,3500,3196,32388,0x07
2026-09-06T17:46:53.727-03:00,307,0,1,56,3374,3286,31116,3500,3196,32388,0x07
2026-09-06T17:46:53.749-03:00,308,0,1,50,3374,3340,30886,3500,3160,32543,0x07
2026-09-06T17:46:53.767-03:00,309,0,1,50,3374,3340,30886,3500,3160,32543,0x07
2026-09-06T17:46:53.789-03:00,310,0,1,50,3374,3340,30886,3500,3160,32543,0x07
2026-09-06T17:46:53.807-03:00,311,0,1,55,3374,3327,30940,3500,3218,32296,0x07
2026-09-06T17:46:53.825-03:00,312,0,1,55,3374,3327,30940,3500,3218,32296,0x07
2026-09-06T17:46:54.909-03:00,313,0,1,55,3374,3309,31017,3500,3236,32218,0x07
2026-09-06T17:46:54.966-03:00,314,0,1,55,3374,3309,31017,3500,3236,32218,0x07
2026-09-06T17:46:55.027-03:00,315,0,1,52,0,0,30741,0,0,31098,0x07
2026-09-06T17:46:55.045-03:00,316,0,1,50,3374,1960,36750,3500,1760,38493,0x07
2026-09-06T17:46:55.069-03:00,336,0,1,57,3374,3491,30243,3500,3263,32105,0x07
2026-09-06T17:46:55.089-03:00,356,0,1,57,3374,3491,30243,3500,3263,32105,0x07
2026-09-06T17:46:55.107-03:00,376,0,1,57,3374,3491,30243,3500,3263,32105,0x07
2026-09-06T17:46:55.125-03:00,377,0,1,50,3374,3740,29186,3500,3560,30843,0x07
2026-09-06T17:46:55.146-03:00,378,0,1,50,3374,3740,29186,3500,3560,30843,0x07
2026-09-06T17:46:55.170-03:00,379,0,1,50,3374,3740,29186,3500,3560,30843,0x07
2026-09-06T17:46:55.188-03:00,380,0,1,53,3374,3453,30406,3500,3151,32581,0x07
2026-09-06T17:46:55.206-03:00,381,0,1,53,3374,3453,30406,3500,3151,32581,0x07
2026-09-06T17:46:55.230-03:00,382,0,1,56,3374,3250,31268,3500,2768,34210,0x07
2026-09-06T17:46:55.248-03:00,383,0,1,56,3374,3250,31268,3500,2768,34210,0x07
2026-09-06T17:46:55.268-03:00,384,0,1,56,3374,3250,31268,3500,2768,34210,0x07
2026-09-06T17:46:55.287-03:00,385,0,1,51,3374,3275,31164,3500,2941,33473,0x07
2026-09-06T17:46:55.309-03:00,386,0,1,51,3374,3275,31164,3500,2941,33473,0x07
2026-09-06T17:46:55.327-03:00,387,0,1,51,3374,3275,31164,3500,2941,33473,0x07
2026-09-06T17:46:55.345-03:00,388,0,1,53,3374,3321,30967,3500,3189,32421,0x07
2026-09-06T17:46:55.369-03:00,389,0,1,53,3374,3321,30967,3500,3189,32421,0x07
2026-09-06T17:46:55.390-03:00,390,0,1,55,3374,3345,30862,3500,3200,32373,0x07
2026-09-06T17:46:55.408-03:00,391,0,1,55,3374,3345,30862,3500,3200,32373,0x07
2026-09-06T17:46:55.428-03:00,392,0,1,55,3374,3345,30862,3500,3200,32373,0x07
2026-09-06T17:46:55.448-03:00,393,0,1,51,3374,3412,30580,3500,3275,32056,0x07
2026-09-06T17:46:55.466-03:00,394,0,1,51,3374,3412,30580,3500,3275,32056,0x07
2026-09-06T17:46:55.488-03:00,395,0,1,51,3374,3373,30747,3500,3294,31973,0x07
2026-09-06T17:46:55.509-03:00,396,0,1,51,3374,3373,30747,3500,3294,31973,0x07
2026-09-06T17:46:55.527-03:00,397,0,1,51,3374,3373,30747,3500,3294,31973,0x07
2026-09-06T17:46:55.547-03:00,398,0,1,57,3374,3228,31361,3500,3228,32254,0x07
2026-09-06T17:46:55.565-03:00,399,0,1,57,3374,3228,31361,3500,3228,32254,0x07
2026-09-06T17:46:55.586-03:00,400,0,1,57,3374,3228,31361,3500,3228,32254,0x07
2026-09-06T17:46:55.607-03:00,401,0,1,51,3374,3255,31247,3500,3157,32556,0x07
2026-09-06T17:46:55.625-03:00,402,0,1,51,3374,3255,31247,3500,3157,32556,0x07
2026-09-06T17:46:55.645-03:00,403,0,1,51,3374,3255,31247,3500,3157,32556,0x07
2026-09-06T17:46:55.669-03:00,404,0,1,53,3374,3151,31689,3500,3170,32501,0x07
2026-09-06T17:46:55.688-03:00,405,0,1,53,3374,3151,31689,3500,3170,32501,0x07
2026-09-06T17:46:55.706-03:00,406,0,1,54,3374,3204,31465,3500,3241,32200,0x07
2026-09-06T17:46:55.730-03:00,407,0,1,54,3374,3204,31465,3500,3241,32200,0x07
2026-09-06T17:46:55.748-03:00,408,0,1,54,3374,3204,31465,3500,3241,32200,0x07
2026-09-06T17:46:55.766-03:00,409,0,1,51,3374,3314,30997,3500,3118,32723,0x07
2026-09-06T17:46:55.790-03:00,410,0,1,51,3374,3314,30997,3500,3118,32723,0x07
2026-09-06T17:46:55.808-03:00,411,0,1,51,3374,3176,31580,3500,3157,32556,0x07
2026-09-06T17:46:55.826-03:00,412,0,1,51,3374,3176,31580,3500,3157,32556,0x07
2026-09-06T17:46:55.849-03:00,413,0,1,51,3374,3176,31580,3500,3157,32556,0x07
2026-09-06T17:46:55.867-03:00,414,0,1,51,3374,3157,31664,3500,3176,32473,0x07
2026-09-06T17:46:55.888-03:00,415,0,1,51,3374,3157,31664,3500,3176,32473,0x07
2026-09-06T17:46:55.908-03:00,416,0,1,51,3374,3059,32080,3500,3196,32390,0x07
2026-09-06T17:46:55.926-03:00,417,0,1,51,3374,3059,32080,3500,3196,32390,0x07
2026-09-06T17:46:55.949-03:00,418,0,1,51,3374,3059,32080,3500,3196,32390,0x07
2026-09-06T17:46:55.970-03:00,419,0,1,58,3374,3190,31524,3500,3052,33003,0x07
2026-09-06T17:46:55.988-03:00,420,0,1,58,3374,3190,31524,3500,3052,33003,0x07
2026-09-06T17:46:56.007-03:00,421,0,1,58,3374,3190,31524,3500,3052,33003,0x07
2026-09-06T17:46:56.030-03:00,422,0,1,50,3374,3200,31480,3500,3100,32798,0x07
2026-09-06T17:46:56.050-03:00,423,0,1,50,3374,3200,31480,3500,3100,32798,0x07
2026-09-06T17:46:56.067-03:00,424,0,1,50,3374,3200,31480,3500,3100,32798,0x07
2026-09-06T17:46:56.085-03:00,425,0,1,55,3374,3073,32021,3500,3218,32296,0x07
2026-09-06T17:46:56.108-03:00,426,0,1,55,3374,3073,32021,3500,3218,32296,0x07
2026-09-06T17:46:56.129-03:00,427,0,1,54,3374,3222,31386,3500,3111,32751,0x07
2026-09-06T17:46:56.149-03:00,428,0,1,54,3374,3222,31386,3500,3111,32751,0x07
2026-09-06T17:46:56.166-03:00,429,0,1,54,3374,3222,31386,3500,3111,32751,0x07
2026-09-06T17:46:56.186-03:00,430,0,1,50,3374,3180,31566,3500,3160,32543,0x07
2026-09-06T17:46:56.210-03:00,431,0,1,50,3374,3180,31566,3500,3160,32543,0x07
2026-09-06T17:46:56.228-03:00,432,0,1,57,3374,3123,31809,3500,3070,32925,0x07
2026-09-06T17:46:56.246-03:00,433,0,1,57,3374,3123,31809,3500,3070,32925,0x07
2026-09-06T17:46:56.269-03:00,434,0,1,57,3374,3123,31809,3500,3070,32925,0x07
2026-09-06T17:46:56.287-03:00,435,0,1,55,3374,3218,31403,3500,3127,32682,0x07
2026-09-06T17:46:56.305-03:00,436,0,1,55,3374,3218,31403,3500,3127,32682,0x07
2026-09-06T17:46:56.326-03:00,437,0,1,55,3374,3218,31403,3500,3127,32682,0x07
2026-09-06T17:46:56.348-03:00,438,0,1,50,3374,3260,31226,3500,3160,32543,0x07
2026-09-06T17:46:56.366-03:00,439,0,1,50,3374,3260,31226,3500,3160,32543,0x07
2026-09-06T17:46:56.389-03:00,440,0,1,50,3374,3260,31226,3500,3160,32543,0x07
2026-09-06T17:46:56.407-03:00,441,0,1,53,3374,3132,31769,3500,3094,32822,0x07
2026-09-06T17:46:56.425-03:00,442,0,1,53,3374,3132,31769,3500,3094,32822,0x07
2026-09-06T17:46:56.448-03:00,443,0,1,57,3374,3158,31659,3500,3123,32701,0x07
2026-09-06T17:46:56.468-03:00,444,0,1,57,3374,3158,31659,3500,3123,32701,0x07
2026-09-06T17:46:56.486-03:00,445,0,1,57,3374,3158,31659,3500,3123,32701,0x07
2026-09-06T17:46:56.506-03:00,446,0,1,51,3374,3275,31164,3500,3059,32973,0x07
2026-09-06T17:46:56.528-03:00,447,0,1,51,3374,3275,31164,3500,3059,32973,0x07
2026-09-06T17:46:56.546-03:00,448,0,1,51,3374,3275,31164,3500,3059,32973,0x07
2026-09-06T17:46:56.569-03:00,449,0,1,52,3374,3231,31350,3500,3058,32978,0x07
2026-09-06T17:46:56.586-03:00,450,0,1,52,3374,3231,31350,3500,3058,32978,0x07
2026-09-06T17:46:56.606-03:00,451,0,1,55,3374,3018,32253,3500,3055,32991,0x07
2026-09-06T17:46:56.628-03:00,452,0,1,55,3374,3018,32253,3500,3055,32991,0x07
2026-09-06T17:46:56.646-03:00,453,0,1,55,3374,3018,32253,3500,3055,32991,0x07
2026-09-06T17:46:56.666-03:00,454,0,1,58,3374,3172,31598,3500,3000,33223,0x07
2026-09-06T17:46:56.690-03:00,455,0,1,58,3374,3172,31598,3500,3000,33223,0x07
2026-09-06T17:46:56.707-03:00,456,0,1,58,3374,3172,31598,3500,3000,33223,0x07
2026-09-06T17:46:56.728-03:00,457,0,1,51,3374,3176,31588,3500,2941,33497,0x07
2026-09-06T17:46:56.746-03:00,458,0,1,51,3374,3176,31588,3500,2941,33497,0x07
2026-09-06T17:46:56.769-03:00,459,0,1,52,3374,3038,32175,3500,2827,33983,0x07
2026-09-06T17:46:56.788-03:00,460,0,1,52,3374,3038,32175,3500,2827,33983,0x07
2026-09-06T17:46:56.808-03:00,461,0,1,52,3374,3038,32175,3500,2827,33983,0x07
2026-09-06T17:46:56.826-03:00,462,0,1,51,3374,3020,32255,3500,2863,33830,0x07
2026-09-06T17:46:56.850-03:00,463,0,1,51,3374,3020,32255,3500,2863,33830,0x07
2026-09-06T17:46:56.868-03:00,464,0,1,51,3374,3020,32255,3500,2863,33830,0x07
2026-09-06T17:46:56.886-03:00,465,0,1,55,3374,3127,31798,3500,2764,34252,0x07
2026-09-06T17:46:56.909-03:00,466,0,1,55,3374,3127,31798,3500,2764,34252,0x07
2026-09-06T17:46:56.930-03:00,467,0,1,54,3374,3056,32102,3500,2833,33955,0x07
2026-09-06T17:46:56.950-03:00,468,0,1,54,3374,3056,32102,3500,2833,33955,0x07
2026-09-06T17:46:56.965-03:00,469,0,1,54,3374,3056,32102,3500,2833,33955,0x07
2026-09-06T17:46:56.987-03:00,470,0,1,51,3374,3000,32338,3500,2843,33914,0x07
2026-09-06T17:46:57.005-03:00,471,0,1,51,3374,3000,32338,3500,2843,33914,0x07
2026-09-06T17:46:57.026-03:00,472,0,1,51,3374,3000,32338,3500,2843,33914,0x07
2026-09-06T17:46:57.048-03:00,473,0,1,52,3374,3115,31848,3500,2750,34310,0x07
2026-09-06T17:46:57.066-03:00,474,0,1,52,3374,3115,31848,3500,2750,34310,0x07
2026-09-06T17:46:57.085-03:00,475,0,1,56,3374,3018,32263,3500,2750,34310,0x07
2026-09-06T17:46:57.106-03:00,476,0,1,56,3374,3018,32263,3500,2750,34310,0x07
2026-09-06T17:46:57.126-03:00,477,0,1,56,3374,3018,32263,3500,2750,34310,0x07
2026-09-06T17:46:57.146-03:00,478,0,1,50,3374,3000,32338,3500,3060,32992,0x07
2026-09-06T17:46:57.169-03:00,479,0,1,50,3374,3000,32338,3500,3060,32992,0x07
2026-09-06T17:46:57.187-03:00,480,0,1,50,3374,3000,32338,3500,3060,32992,0x07
2026-09-06T17:46:57.208-03:00,481,0,1,55,3374,2945,32570,3500,3036,33092,0x07
2026-09-06T17:46:57.229-03:00,482,0,1,55,3374,2945,32570,3500,3036,33092,0x07
2026-09-06T17:46:57.249-03:00,483,0,1,56,3374,3179,31580,3500,2714,34461,0x07
2026-09-06T17:46:57.270-03:00,484,0,1,56,3374,3179,31580,3500,2714,34461,0x07
2026-09-06T17:46:57.288-03:00,485,0,1,56,3374,3179,31580,3500,2714,34461,0x07
2026-09-06T17:46:57.306-03:00,486,0,1,52,3374,3058,32093,3500,2731,34391,0x07
2026-09-06T17:46:57.330-03:00,487,0,1,52,3374,3058,32093,3500,2731,34391,0x07
2026-09-06T17:46:57.348-03:00,488,0,1,52,3374,3058,32093,3500,2731,34391,0x07
2026-09-06T17:46:57.390-03:00,489,0,1,55,3374,2945,32570,3500,2982,33324,0x07
2026-09-06T17:46:57.390-03:00,490,0,1,55,3374,2945,32570,3500,2982,33324,0x07
2026-09-06T17:46:57.405-03:00,491,0,1,54,3374,3148,31709,3500,3074,32932,0x07
2026-09-06T17:46:57.428-03:00,492,0,1,54,3374,3148,31709,3500,3074,32932,0x07
2026-09-06T17:46:57.448-03:00,493,0,1,54,3374,3148,31709,3500,3074,32932,0x07
2026-09-06T17:46:57.467-03:00,494,0,1,56,3374,3286,31124,3500,2982,33323,0x07
2026-09-06T17:46:57.485-03:00,495,0,1,56,3374,3286,31124,3500,2982,33323,0x07
2026-09-06T17:46:57.509-03:00,496,0,1,56,3374,3286,31124,3500,2982,33323,0x07
2026-09-06T17:46:57.553-03:00,497,0,1,50,3374,3200,31488,3500,3000,33247,0x07
2026-09-06T17:46:57.595-03:00,498,0,1,50,3374,3200,31488,3500,3000,33247,0x07
2026-09-06T17:46:57.639-03:00,499,0,1,54,3374,3000,32338,3500,3074,32932,0x07
2026-09-06T17:46:57.684-03:00,500,0,1,54,3374,3000,32338,3500,3074,32932,0x07
2026-09-06T17:46:57.729-03:00,501,0,1,50,0,0,0,0,0,0,0x03
