timestamp,sequence,team,robot_id,interval_ms,left_target_eps,left_measured_eps,left_duty,right_target_eps,right_measured_eps,right_duty,flags
2026-09-06T11:36:43.680-03:00,53,0,0,50,0,0,0,0,0,0,0x03
2026-09-06T11:36:43.700-03:00,54,0,0,50,0,0,0,0,0,0,0x03
2026-09-06T11:36:43.720-03:00,55,0,0,50,0,0,0,0,0,0,0x03
2026-09-06T11:36:43.738-03:00,55,0,0,58,0,0,0,0,0,0,0x03
2026-09-06T11:36:43.761-03:00,55,0,0,58,0,0,0,0,0,0,0x03
2026-09-06T11:36:43.779-03:00,55,0,0,58,0,0,0,0,0,0,0x03
2026-09-06T11:36:43.796-03:00,55,0,0,54,0,0,0,0,0,0,0x03
2026-09-06T11:36:43.819-03:00,55,0,0,54,0,0,0,0,0,0,0x03
2026-09-06T11:36:43.840-03:00,55,0,0,54,0,0,0,0,0,0,0x03
2026-09-06T11:36:43.858-03:00,55,0,0,52,0,0,0,0,0,0,0x03
2026-09-06T11:36:43.881-03:00,8,0,0,52,0,0,0,0,0,16934,0x07
2026-09-06T11:36:43.899-03:00,9,0,0,52,0,0,0,0,0,16934,0x07
2026-09-06T11:36:43.917-03:00,10,0,0,52,0,0,0,1750,0,24372,0x07
2026-09-06T11:36:43.939-03:00,11,0,0,52,0,0,0,1750,0,24372,0x07
2026-09-06T11:36:43.957-03:00,12,0,0,55,0,0,0,1750,0,24372,0x07
2026-09-06T11:36:43.980-03:00,13,0,0,55,0,0,0,1750,0,24372,0x07
2026-09-06T11:36:43.998-03:00,14,0,0,55,0,0,0,1750,0,24372,0x07
2026-09-06T11:36:44.021-03:00,15,0,0,51,0,0,0,1750,0,24372,0x07
2026-09-06T11:36:44.041-03:00,16,0,0,51,0,0,0,1750,0,24372,0x07
2026-09-06T11:36:44.059-03:00,17,0,0,54,0,0,0,1750,0,24372,0x07
2026-09-06T11:36:44.077-03:00,18,0,0,54,0,0,0,1750,0,24372,0x07
2026-09-06T11:36:44.100-03:00,19,0,0,54,0,0,0,1750,0,24372,0x07
2026-09-06T11:36:44.118-03:00,20,0,0,55,0,0,0,1750,0,24372,0x07
2026-09-06T11:36:44.138-03:00,21,0,0,55,0,0,0,1750,0,24372,0x07
2026-09-06T11:36:44.161-03:00,22,0,0,55,0,0,0,1750,0,24372,0x07
2026-09-06T11:36:44.178-03:00,23,0,0,51,0,0,0,1750,0,24372,0x07
2026-09-06T11:36:44.201-03:00,24,0,0,51,0,0,0,1750,0,24372,0x07
2026-09-06T11:36:44.219-03:00,25,0,0,51,0,0,0,1750,0,24372,0x07
2026-09-06T11:36:44.237-03:00,26,0,0,51,0,0,0,1750,0,24372,0x07
2026-09-06T11:36:44.260-03:00,27,0,0,51,0,0,0,1750,0,24372,0x07
2026-09-06T11:36:44.280-03:00,28,0,0,52,0,0,0,1750,0,24372,0x07
2026-09-06T11:36:44.300-03:00,29,0,0,52,0,0,0,1750,0,24372,0x07
2026-09-06T11:36:44.318-03:00,30,0,0,52,0,0,0,1750,0,24372,0x07
2026-09-06T11:36:44.341-03:00,31,0,0,53,0,0,0,1750,0,24372,0x07
2026-09-06T11:36:44.358-03:00,32,0,0,53,0,0,0,1750,0,24372,0x07
2026-09-06T11:36:44.376-03:00,33,0,0,56,0,0,0,1750,0,24372,0x07
2026-09-06T11:36:44.399-03:00,34,0,0,56,0,0,0,1750,0,24372,0x07
2026-09-06T11:36:44.417-03:00,35,0,0,56,0,0,0,1750,0,24372,0x07
2026-09-06T11:36:44.437-03:00,36,0,0,50,0,0,0,1750,0,24372,0x07
2026-09-06T11:36:44.457-03:00,37,0,0,50,0,0,0,1750,0,24372,0x07
2026-09-06T11:36:44.480-03:00,38,0,0,50,0,0,0,1750,0,24372,0x07
2026-09-06T11:36:44.498-03:00,39,0,0,52,0,0,0,1750,0,24372,0x07
2026-09-06T11:36:44.518-03:00,40,0,0,52,0,0,0,1750,0,24372,0x07
2026-09-06T11:36:44.536-03:00,41,0,0,55,0,0,0,1750,0,24372,0x07
2026-09-06T11:36:44.556-03:00,42,0,0,55,0,0,0,1750,0,24372,0x07
2026-09-06T11:36:44.579-03:00,43,0,0,55,0,0,0,1750,0,24372,0x07
2026-09-06T11:36:44.599-03:00,44,0,0,50,0,0,0,1750,0,24372,0x07
2026-09-06T11:36:44.617-03:00,45,0,0,50,0,0,0,1750,0,24372,0x07
2026-09-06T11:36:44.640-03:00,46,0,0,53,0,0,0,1750,0,24372,0x07
2026-09-06T11:36:44.658-03:00,47,0,0,53,0,0,0,1750,0,24372,0x07
2026-09-06T11:36:44.699-03:00,48,0,0,53,0,0,0,1750,0,24372,0x07
2026-09-06T11:36:44.743-03:00,49,0,0,50,0,0,0,1750,0,24372,0x07
2026-09-06T11:36:44.786-03:00,50,0,0,50,0,0,0,1750,0,24372,0x07
2026-09-06T11:36:44.830-03:00,51,0,0,54,0,0,0,0,0,0,0x03
2026-09-06T11:36:44.873-03:00,52,0,0,51,0,0,0,0,0,0,0x03
