timestamp,sequence,team,robot_id,interval_ms,left_target_eps,left_measured_eps,left_duty,right_target_eps,right_measured_eps,right_duty,flags
2026-09-06T17:38:40.750-03:00,65535,255,1,0,0,0,0,0,0,0,0x03
2026-09-06T17:38:40.767-03:00,1,0,1,57,3374,0,40000,3500,0,40000,0x07
2026-09-06T17:38:40.791-03:00,2,0,1,57,3374,0,40000,3500,0,40000,0x07
2026-09-06T17:38:40.806-03:00,3,0,1,57,3374,0,40000,3500,0,40000,0x07
2026-09-06T17:38:40.828-03:00,4,0,1,50,3374,1980,36666,3500,0,40000,0x07
2026-09-06T17:38:40.846-03:00,5,0,1,50,3374,1980,36666,3500,0,40000,0x07
2026-09-06T17:38:40.869-03:00,6,0,1,50,3374,1980,36666,3500,0,40000,0x07
2026-09-06T17:38:40.888-03:00,7,0,1,54,3374,3704,29340,3500,0,40000,0x07
2026-09-06T17:38:40.907-03:00,8,0,1,54,3374,3704,29340,3500,0,40000,0x07
2026-09-06T17:38:40.949-03:00,9,0,1,51,3374,3784,28997,3500,0,40000,0x07
2026-09-06T17:38:40.966-03:00,10,0,1,51,3374,3784,28997,3500,0,40000,0x07
2026-09-06T17:38:40.990-03:00,11,0,1,51,3374,3784,28997,3500,0,40000,0x07
2026-09-06T17:38:41.010-03:00,12,0,1,51,3374,3510,30164,3500,0,40000,0x07
2026-09-06T17:38:41.050-03:00,13,0,1,51,3374,3510,30164,3500,0,40000,0x07
2026-09-06T17:38:41.050-03:00,14,0,1,58,3374,3379,30718,3500,0,40000,0x07
2026-09-06T17:38:41.067-03:00,15,0,1,58,3374,3379,30718,3500,0,40000,0x07
2026-09-06T17:38:41.086-03:00,16,0,1,58,3374,3379,30718,3500,0,40000,0x07
2026-09-06T17:38:41.106-03:00,17,0,1,56,3374,3536,30054,3500,0,40000,0x07
2026-09-06T17:38:41.130-03:00,18,0,1,56,3374,3536,30054,3500,0,40000,0x07
2026-09-06T17:38:41.148-03:00,19,0,1,56,3374,3536,30054,3500,0,40000,0x07
2026-09-06T17:38:41.169-03:00,20,0,1,55,3374,3491,30244,3500,0,40000,0x07
2026-09-06T17:38:41.187-03:00,21,0,1,55,3374,3491,30244,3500,0,40000,0x07
2026-09-06T17:38:41.208-03:00,22,0,1,55,3374,3491,30244,3500,0,40000,0x07
2026-09-06T17:38:41.226-03:00,23,0,1,51,3374,3471,30330,3500,0,40000,0x07
2026-09-06T17:38:41.247-03:00,24,0,1,51,3374,3471,30330,3500,0,40000,0x07
2026-09-06T17:38:41.266-03:00,25,0,1,51,3374,3510,30164,3500,0,40000,0x07
2026-09-06T17:38:41.289-03:00,26,0,1,51,3374,3510,30164,3500,0,40000,0x07
2026-09-06T17:38:41.330-03:00,27,0,1,51,3374,3510,30164,3500,0,40000,0x07
2026-09-06T17:38:41.330-03:00,28,0,1,51,3374,3471,30330,3500,0,40000,0x07
2026-09-06T17:38:41.347-03:00,29,0,1,51,3374,3471,30330,3500,0,40000,0x07
2026-09-06T17:38:41.371-03:00,30,0,1,51,3374,3471,30330,3500,0,40000,0x07
2026-09-06T17:38:41.386-03:00,31,0,1,55,3374,3473,30321,3500,0,40000,0x07
2026-09-06T17:38:41.409-03:00,32,0,1,55,3374,3473,30321,3500,0,40000,0x07
2026-09-06T17:38:41.429-03:00,33,0,1,51,3374,3529,30080,3500,0,40000,0x07
2026-09-06T17:38:41.447-03:00,34,0,1,51,3374,3529,30080,3500,0,40000,0x07
2026-09-06T17:38:41.467-03:00,35,0,1,51,3374,3529,30080,3500,0,40000,0x07
2026-09-06T17:38:41.490-03:00,36,0,1,54,3374,3444,30442,3500,0,40000,0x07
2026-09-06T17:38:41.509-03:00,37,0,1,54,3374,3444,30442,3500,0,40000,0x07
2026-09-06T17:38:41.529-03:00,38,0,1,54,3374,3444,30442,3500,0,40000,0x07
2026-09-06T17:38:41.546-03:00,39,0,1,55,3374,3473,30321,3500,0,40000,0x07
2026-09-06T17:38:41.567-03:00,40,0,1,55,3374,3473,30321,3500,0,40000,0x07
2026-09-06T17:38:41.590-03:00,41,0,1,57,3374,3544,30019,3500,0,40000,0x07
2026-09-06T17:38:41.609-03:00,42,0,1,57,3374,3544,30019,3500,0,40000,0x07
2026-09-06T17:38:41.627-03:00,43,0,1,57,3374,3544,30019,3500,0,40000,0x07
2026-09-06T17:38:41.646-03:00,44,0,1,51,3374,3471,30330,3500,0,40000,0x07
2026-09-06T17:38:41.667-03:00,45,0,1,51,3374,3471,30330,3500,0,40000,0x07
2026-09-06T17:38:41.691-03:00,46,0,1,51,3374,3471,30330,3500,0,40000,0x07
2026-09-06T17:38:41.710-03:00,47,0,1,53,3374,3453,30406,3500,0,40000,0x07
2026-09-06T17:38:41.748-03:00,48,0,1,53,3374,3453,30406,3500,0,40000,0x07
2026-09-06T17:38:41.768-03:00,49,0,1,57,3374,3526,30094,3500,0,40000,0x07
2026-09-06T17:38:41.768-03:00,50,0,1,57,3374,3526,30094,3500,0,40000,0x07
2026-09-06T17:38:41.790-03:00,51,0,1,57,3374,3526,30094,3500,0,40000,0x07
2026-09-06T17:38:41.808-03:00,52,0,1,57,3374,3474,30317,3500,0,40000,0x07
2026-09-06T17:38:41.826-03:00,53,0,1,57,3374,3474,30317,3500,0,40000,0x07
2026-09-06T17:38:41.847-03:00,54,0,1,57,3374,3474,30317,3500,0,40000,0x07
2026-09-06T17:38:41.870-03:00,55,0,1,51,3374,3490,30247,3500,0,40000,0x07
2026-09-06T17:38:41.888-03:00,56,0,1,51,3374,3490,30247,3500,0,40000,0x07
2026-09-06T17:38:41.906-03:00,57,0,1,51,3374,3490,30247,3500,0,40000,0x07
2026-09-06T17:38:41.929-03:00,58,0,1,54,3374,3463,30363,3500,0,40000,0x07
2026-09-06T17:38:41.947-03:00,59,0,1,54,3374,3463,30363,3500,0,40000,0x07
2026-09-06T17:38:41.966-03:00,60,0,1,53,3374,3509,30165,3500,0,40000,0x07
2026-09-06T17:38:41.989-03:00,61,0,1,53,3374,3509,30165,3500,0,40000,0x07
2026-09-06T17:38:42.008-03:00,62,0,1,53,3374,3509,30165,3500,0,40000,0x07
2026-09-06T17:38:42.030-03:00,63,0,1,51,3374,3471,30330,3500,0,40000,0x07
2026-09-06T17:38:42.048-03:00,64,0,1,51,3374,3471,30330,3500,0,40000,0x07
2026-09-06T17:38:42.066-03:00,65,0,1,55,3374,3491,30244,3500,0,40000,0x07
2026-09-06T17:38:42.086-03:00,66,0,1,55,3374,3491,30244,3500,0,40000,0x07
2026-09-06T17:38:42.110-03:00,67,0,1,55,3374,3491,30244,3500,0,40000,0x07
2026-09-06T17:38:42.131-03:00,68,0,1,57,3374,3456,30392,3500,0,40000,0x07
2026-09-06T17:38:42.147-03:00,69,0,1,57,3374,3456,30392,3500,0,40000,0x07
2026-09-06T17:38:42.170-03:00,70,0,1,57,3374,3456,30392,3500,0,40000,0x07
2026-09-06T17:38:42.187-03:00,71,0,1,51,3374,3451,30414,3500,0,40000,0x07
2026-09-06T17:38:42.207-03:00,72,0,1,51,3374,3451,30414,3500,0,40000,0x07
2026-09-06T17:38:42.230-03:00,73,0,1,55,3374,3545,30012,3500,0,40000,0x07
2026-09-06T17:38:42.248-03:00,74,0,1,55,3374,3545,30012,3500,0,40000,0x07
2026-09-06T17:38:42.271-03:00,75,0,1,55,3374,3545,30012,3500,0,40000,0x07
2026-09-06T17:38:42.288-03:00,76,0,1,55,3374,3473,30321,3500,0,40000,0x07
2026-09-06T17:38:42.310-03:00,77,0,1,55,3374,3473,30321,3500,0,40000,0x07
2026-09-06T17:38:42.328-03:00,78,0,1,55,3374,3473,30321,3500,0,40000,0x07
2026-09-06T17:38:42.348-03:00,79,0,1,51,3374,3431,30497,3500,0,40000,0x07
2026-09-06T17:38:42.370-03:00,80,0,1,51,3374,3431,30497,3500,0,40000,0x07
2026-09-06T17:38:42.390-03:00,81,0,1,51,3374,3431,30497,3500,0,40000,0x07
2026-09-06T17:38:42.407-03:00,82,0,1,53,3374,3491,30246,3500,0,40000,0x07
2026-09-06T17:38:42.427-03:00,83,0,1,53,3374,3491,30246,3500,0,40000,0x07
2026-09-06T17:38:42.450-03:00,84,0,1,51,3374,3529,30080,3500,0,40000,0x07
2026-09-06T17:38:42.470-03:00,85,0,1,51,3374,3529,30080,3500,0,40000,0x07
2026-09-06T17:38:42.488-03:00,86,0,1,51,3374,3529,30080,3500,0,40000,0x07
2026-09-06T17:38:42.506-03:00,87,0,1,51,3374,3451,30414,3500,0,40000,0x07
2026-09-06T17:38:42.528-03:00,88,0,1,51,3374,3451,30414,3500,0,40000,0x07
2026-09-06T17:38:42.546-03:00,89,0,1,53,3374,3528,30069,3500,0,40000,0x07
2026-09-06T17:38:42.566-03:00,90,0,1,53,3374,3528,30069,3500,0,40000,0x07
2026-09-06T17:38:42.589-03:00,91,0,1,53,3374,3528,30069,3500,0,40000,0x07
2026-09-06T17:38:42.606-03:00,92,0,1,50,3374,3460,30360,3500,0,40000,0x07
2026-09-06T17:38:42.629-03:00,93,0,1,50,3374,3460,30360,3500,0,40000,0x07
2026-09-06T17:38:42.649-03:00,94,0,1,55,3374,3455,30383,3500,0,40000,0x07
2026-09-06T17:38:42.667-03:00,95,0,1,55,3374,3455,30383,3500,0,40000,0x07
2026-09-06T17:38:42.690-03:00,96,0,1,55,3374,3455,30383,3500,0,40000,0x07
2026-09-06T17:38:42.707-03:00,97,0,1,51,3374,3490,30231,3500,0,40000,0x07
2026-09-06T17:38:42.731-03:00,98,0,1,51,3374,3490,30231,3500,0,40000,0x07
2026-09-06T17:38:42.749-03:00,99,0,1,50,3374,3500,30190,3500,0,40000,0x07
2026-09-06T17:38:42.770-03:00,100,0,1,50,3374,3500,30190,3500,0,40000,0x07
2026-09-06T17:38:42.788-03:00,101,0,1,50,3374,3500,30190,3500,0,40000,0x07
2026-09-06T17:38:42.809-03:00,102,0,1,57,3374,3474,30301,3500,0,40000,0x07
2026-09-06T17:38:42.827-03:00,103,0,1,57,3374,3474,30301,3500,0,40000,0x07
2026-09-06T17:38:42.850-03:00,104,0,1,57,3374,3474,30301,3500,0,40000,0x07
2026-09-06T17:38:42.868-03:00,105,0,1,57,3374,3509,30152,3500,0,40000,0x07
2026-09-06T17:38:42.886-03:00,106,0,1,57,3374,3509,30152,3500,0,40000,0x07
2026-09-06T17:38:42.909-03:00,107,0,1,57,3374,3509,30152,3500,0,40000,0x07
2026-09-06T17:38:42.927-03:00,108,0,1,51,3374,3471,30314,3500,0,40000,0x07
2026-09-06T17:38:42.950-03:00,109,0,1,51,3374,3471,30314,3500,0,40000,0x07
2026-09-06T17:38:42.971-03:00,110,0,1,50,3374,3460,30360,3500,0,40000,0x07
2026-09-06T17:38:42.986-03:00,111,0,1,50,3374,3460,30360,3500,0,40000,0x07
2026-09-06T17:38:43.010-03:00,112,0,1,50,3374,3460,30360,3500,0,40000,0x07
2026-09-06T17:38:43.049-03:00,113,0,1,51,3374,3510,30148,3500,0,40000,0x07
2026-09-06T17:38:43.049-03:00,114,0,1,51,3374,3510,30148,3500,0,40000,0x07
2026-09-06T17:38:43.070-03:00,115,0,1,51,3374,3510,30148,3500,0,40000,0x07
2026-09-06T17:38:43.108-03:00,116,0,1,55,3374,3455,30383,3500,0,40000,0x07
2026-09-06T17:38:43.109-03:00,117,0,1,55,3374,3455,30383,3500,0,40000,0x07
2026-09-06T17:38:43.129-03:00,118,0,1,54,3374,3519,30111,3500,0,40000,0x07
2026-09-06T17:38:43.147-03:00,119,0,1,54,3374,3519,30111,3500,0,40000,0x07
2026-09-06T17:38:43.168-03:00,120,0,1,54,3374,3519,30111,3500,0,40000,0x07
2026-09-06T17:38:43.190-03:00,121,0,1,50,3374,3460,30360,3500,0,40000,0x07
2026-09-06T17:38:43.208-03:00,122,0,1,50,3374,3460,30360,3500,0,40000,0x07
2026-09-06T17:38:43.226-03:00,123,0,1,52,3374,3481,30271,3500,0,40000,0x07
2026-09-06T17:38:43.246-03:00,124,0,1,52,3374,3481,30271,3500,0,40000,0x07
2026-09-06T17:38:43.266-03:00,125,0,1,52,3374,3481,30271,3500,0,40000,0x07
2026-09-06T17:38:43.290-03:00,126,0,1,51,3374,3490,30231,3500,0,40000,0x07
2026-09-06T17:38:43.326-03:00,127,0,1,51,3374,3490,30231,3500,0,40000,0x07
2026-09-06T17:38:43.326-03:00,128,0,1,51,3374,3490,30231,3500,0,40000,0x07
2026-09-06T17:38:43.348-03:00,129,0,1,50,3374,3420,30530,3500,0,40000,0x07
2026-09-06T17:38:43.368-03:00,130,0,1,50,3374,3420,30530,3500,0,40000,0x07
2026-09-06T17:38:43.386-03:00,131,0,1,54,3374,3519,30111,3500,0,40000,0x07
2026-09-06T17:38:43.410-03:00,132,0,1,54,3374,3519,30111,3500,0,40000,0x07
2026-09-06T17:38:43.428-03:00,133,0,1,54,3374,3519,30111,3500,0,40000,0x07
2026-09-06T17:38:43.451-03:00,134,0,1,50,3374,3500,30190,3500,0,40000,0x07
2026-09-06T17:38:43.471-03:00,135,0,1,50,3374,3500,30190,3500,0,40000,0x07
2026-09-06T17:38:43.510-03:00,136,0,1,56,3374,3482,30265,3500,0,40000,0x07
2026-09-06T17:38:43.510-03:00,137,0,1,56,3374,3482,30265,3500,0,40000,0x07
2026-09-06T17:38:43.528-03:00,138,0,1,56,3374,3482,30265,3500,0,40000,0x07
2026-09-06T17:38:43.547-03:00,139,0,1,52,3374,3481,30271,3500,0,40000,0x07
2026-09-06T17:38:43.571-03:00,140,0,1,52,3374,3481,30271,3500,0,40000,0x07
2026-09-06T17:38:43.586-03:00,141,0,1,50,3374,3380,30700,3500,0,40000,0x07
2026-09-06T17:38:43.609-03:00,142,0,1,50,3374,3380,30700,3500,0,40000,0x07
2026-09-06T17:38:43.627-03:00,143,0,1,50,3374,3380,30700,3500,0,40000,0x07
2026-09-06T17:38:43.646-03:00,144,0,1,51,3374,3235,31314,3500,0,40000,0x07
2026-09-06T17:38:43.669-03:00,145,0,1,51,3374,3235,31314,3500,0,40000,0x07
2026-09-06T17:38:43.688-03:00,146,0,1,51,3374,3235,31314,3500,0,40000,0x07
2026-09-06T17:38:43.707-03:00,147,0,1,50,3374,3420,30530,3500,0,40000,0x07
2026-09-06T17:38:43.726-03:00,148,0,1,50,3374,3420,30530,3500,0,40000,0x07
2026-09-06T17:38:43.750-03:00,149,0,1,52,3374,3519,30108,3500,0,40000,0x07
2026-09-06T17:38:43.768-03:00,150,0,1,52,3374,3519,30108,3500,0,40000,0x07
2026-09-06T17:38:43.786-03:00,151,0,1,52,3374,3519,30108,3500,0,40000,0x07
2026-09-06T17:38:43.809-03:00,152,0,1,50,3374,3480,30274,3500,0,40000,0x07
2026-09-06T17:38:43.826-03:00,153,0,1,50,3374,3480,30274,3500,0,40000,0x07
2026-09-06T17:38:43.848-03:00,154,0,1,50,3374,3480,30274,3500,0,40000,0x07
2026-09-06T17:38:43.867-03:00,155,0,1,54,3374,3463,30347,3500,0,40000,0x07
2026-09-06T17:38:43.886-03:00,156,0,1,54,3374,3463,30347,3500,0,40000,0x07
2026-09-06T17:38:43.909-03:00,157,0,1,57,3374,3509,30152,3500,0,40000,0x07
2026-09-06T17:38:43.927-03:00,158,0,1,57,3374,3509,30152,3500,0,40000,0x07
2026-09-06T17:38:43.947-03:00,159,0,1,57,3374,3509,30152,3500,0,40000,0x07
2026-09-06T17:38:43.968-03:00,160,0,1,50,3374,3420,30530,3500,0,40000,0x07
2026-09-06T17:38:43.987-03:00,161,0,1,50,3374,3420,30530,3500,0,40000,0x07
2026-09-06T17:38:44.007-03:00,162,0,1,50,3374,3420,30530,3500,0,40000,0x07
2026-09-06T17:38:44.030-03:00,163,0,1,54,3374,3296,31055,3500,0,40000,0x07
2026-09-06T17:38:44.070-03:00,164,0,1,54,3374,3296,31055,3500,0,40000,0x07
2026-09-06T17:38:44.070-03:00,165,0,1,54,3374,3426,30504,3500,0,40000,0x07
2026-09-06T17:38:44.109-03:00,166,0,1,54,3374,3426,30504,3500,0,40000,0x07
2026-09-06T17:38:44.109-03:00,167,0,1,54,3374,3426,30504,3500,0,40000,0x07
2026-09-06T17:38:44.130-03:00,168,0,1,50,3374,3480,30274,3500,0,40000,0x07
2026-09-06T17:38:44.147-03:00,169,0,1,50,3374,3480,30274,3500,0,40000,0x07
2026-09-06T17:38:44.169-03:00,170,0,1,52,3374,3442,30435,3500,0,40000,0x07
2026-09-06T17:38:44.188-03:00,171,0,1,52,3374,3442,30435,3500,0,40000,0x07
2026-09-06T17:38:44.208-03:00,172,0,1,52,3374,3442,30435,3500,0,40000,0x07
2026-09-06T17:38:44.228-03:00,173,0,1,51,3374,3490,30231,3500,0,40000,0x07
2026-09-06T17:38:44.246-03:00,174,0,1,51,3374,3490,30231,3500,0,40000,0x07
2026-09-06T17:38:44.266-03:00,175,0,1,50,3374,3460,30360,3500,0,40000,0x07
2026-09-06T17:38:44.290-03:00,176,0,1,50,3374,3460,30360,3500,0,40000,0x07
2026-09-06T17:38:44.307-03:00,177,0,1,50,3374,3460,30360,3500,0,40000,0x07
2026-09-06T17:38:44.331-03:00,178,0,1,57,3374,3474,30301,3500,0,40000,0x07
2026-09-06T17:38:44.349-03:00,179,0,1,57,3374,3474,30301,3500,0,40000,0x07
2026-09-06T17:38:44.369-03:00,180,0,1,57,3374,3474,30301,3500,0,40000,0x07
2026-09-06T17:38:44.389-03:00,181,0,1,50,3374,3480,30274,3500,0,40000,0x07
2026-09-06T17:38:44.427-03:00,182,0,1,50,3374,3480,30274,3500,0,40000,0x07
2026-09-06T17:38:44.427-03:00,183,0,1,54,3374,3537,30032,3500,0,40000,0x07
2026-09-06T17:38:44.448-03:00,184,0,1,54,3374,3537,30032,3500,0,40000,0x07
2026-09-06T17:38:44.466-03:00,185,0,1,54,3374,3537,30032,3500,0,40000,0x07
2026-09-06T17:38:44.506-03:00,186,0,1,50,3374,3420,30530,3500,0,40000,0x07
2026-09-06T17:38:44.506-03:00,187,0,1,50,3374,3420,30530,3500,0,40000,0x07
2026-09-06T17:38:44.527-03:00,188,0,1,50,3374,3420,30530,3500,0,40000,0x07
2026-09-06T17:38:44.546-03:00,189,0,1,52,3374,3481,30271,3500,0,40000,0x07
2026-09-06T17:38:44.568-03:00,190,0,1,52,3374,3481,30271,3500,0,40000,0x07
2026-09-06T17:38:44.609-03:00,191,0,1,50,3374,3540,30020,3500,0,40000,0x07
2026-09-06T17:38:44.609-03:00,192,0,1,50,3374,3540,30020,3500,0,40000,0x07
2026-09-06T17:38:44.627-03:00,193,0,1,64,3374,3469,30322,3500,0,40000,0x07
2026-09-06T17:38:44.648-03:00,194,0,1,64,3374,3469,30322,3500,0,40000,0x07
2026-09-06T17:38:44.666-03:00,195,0,1,64,3374,3469,30322,3500,0,40000,0x07
2026-09-06T17:38:44.689-03:00,196,0,1,64,3374,3469,30322,3500,0,40000,0x07
2026-09-06T17:38:44.706-03:00,197,0,1,51,3374,3529,30064,3500,0,40000,0x07
2026-09-06T17:38:44.727-03:00,198,0,1,51,3374,3529,30064,3500,0,40000,0x07
2026-09-06T17:38:44.767-03:00,199,0,1,56,3374,3482,30265,3500,0,40000,0x07
2026-09-06T17:38:44.767-03:00,200,0,1,56,3374,3482,30265,3500,0,40000,0x07
2026-09-06T17:38:44.809-03:00,201,0,1,56,3374,3482,30265,3500,0,40000,0x07
2026-09-06T17:38:44.827-03:00,202,0,1,56,3374,3482,30265,3500,0,40000,0x07
2026-09-06T17:38:44.850-03:00,203,0,1,56,3374,3482,30265,3500,0,40000,0x07
2026-09-06T17:38:44.867-03:00,204,0,1,51,3374,3490,30231,3500,0,40000,0x07
2026-09-06T17:38:44.890-03:00,205,0,1,51,3374,3490,30231,3500,0,40000,0x07
2026-09-06T17:38:44.910-03:00,206,0,1,52,3374,3519,30108,3500,0,40000,0x07
2026-09-06T17:38:44.929-03:00,207,0,1,52,3374,3519,30108,3500,0,40000,0x07
2026-09-06T17:38:44.947-03:00,208,0,1,52,3374,3519,30108,3500,0,40000,0x07
2026-09-06T17:38:44.968-03:00,209,0,1,50,3374,3460,30360,3500,0,40000,0x07
2026-09-06T17:38:44.986-03:00,210,0,1,50,3374,3460,30360,3500,0,40000,0x07
2026-09-06T17:38:45.010-03:00,211,0,1,50,3374,3460,30360,3500,0,40000,0x07
2026-09-06T17:38:45.048-03:00,212,0,1,50,3374,3500,30190,3500,0,40000,0x07
2026-09-06T17:38:45.049-03:00,213,0,1,50,3374,3500,30190,3500,0,40000,0x07
2026-09-06T17:38:45.068-03:00,214,0,1,50,3374,3500,30190,3500,0,40000,0x07
2026-09-06T17:38:45.086-03:00,215,0,1,50,3374,3500,30190,3500,0,40000,0x07
2026-09-06T17:38:45.109-03:00,216,0,1,50,3374,3500,30190,3500,0,40000,0x07
2026-09-06T17:38:45.129-03:00,217,0,1,52,3374,3462,30353,3500,0,40000,0x07
2026-09-06T17:38:45.148-03:00,218,0,1,52,3374,3462,30353,3500,0,40000,0x07
2026-09-06T17:38:45.186-03:00,219,0,1,56,3374,3518,30114,3500,0,40000,0x07
2026-09-06T17:38:45.186-03:00,220,0,1,56,3374,3518,30114,3500,0,40000,0x07
2026-09-06T17:38:45.210-03:00,221,0,1,56,3374,3518,30114,3500,0,40000,0x07
2026-09-06T17:38:45.230-03:00,222,0,1,57,3374,3474,30301,3500,18,40000,0x07
2026-09-06T17:38:45.267-03:00,223,0,1,57,3374,3474,30301,3500,18,40000,0x07
2026-09-06T17:38:45.267-03:00,224,0,1,57,3374,3474,30301,3500,18,40000,0x07
2026-09-06T17:38:45.287-03:00,225,0,1,51,3374,3490,30231,3500,39,40000,0x07
2026-09-06T17:38:45.310-03:00,226,0,1,51,3374,3490,30231,3500,39,40000,0x07
2026-09-06T17:38:45.328-03:00,227,0,1,50,3374,3480,30274,3500,60,40000,0x07
2026-09-06T17:38:45.350-03:00,228,0,1,50,3374,3480,30274,3500,60,40000,0x07
2026-09-06T17:38:45.371-03:00,229,0,1,50,3374,3480,30274,3500,60,40000,0x07
2026-09-06T17:38:45.388-03:00,230,0,1,50,3374,3500,30190,3500,0,40000,0x07
2026-09-06T17:38:45.410-03:00,231,0,1,50,3374,3500,30190,3500,0,40000,0x07
2026-09-06T17:38:45.429-03:00,232,0,1,54,3374,3481,30268,3500,0,40000,0x07
2026-09-06T17:38:45.447-03:00,233,0,1,54,3374,3481,30268,3500,0,40000,0x07
2026-09-06T17:38:45.468-03:00,234,0,1,54,3374,3481,30268,3500,0,40000,0x07
2026-09-06T17:38:45.486-03:00,235,0,1,51,3374,3471,30314,3500,0,40000,0x07
2026-09-06T17:38:45.507-03:00,236,0,1,51,3374,3471,30314,3500,0,40000,0x07
2026-09-06T17:38:45.529-03:00,237,0,1,51,3374,3471,30314,3500,0,40000,0x07
2026-09-06T17:38:45.547-03:00,238,0,1,50,3374,3480,30274,3500,0,40000,0x07
2026-09-06T17:38:45.567-03:00,239,0,1,50,3374,3480,30274,3500,0,40000,0x07
2026-09-06T17:38:45.591-03:00,240,0,1,58,3374,3500,30190,3500,586,40000,0x07
2026-09-06T17:38:45.631-03:00,241,0,1,58,3374,3500,30190,3500,586,40000,0x07
2026-09-06T17:38:45.631-03:00,242,0,1,58,3374,3500,30190,3500,586,40000,0x07
2026-09-06T17:38:45.671-03:00,243,0,1,50,3374,3460,30360,3500,540,40000,0x07
2026-09-06T17:38:45.671-03:00,244,0,1,50,3374,3460,30360,3500,540,40000,0x07
2026-09-06T17:38:45.689-03:00,245,0,1,50,3374,3540,30020,3500,120,40000,0x07
2026-09-06T17:38:45.709-03:00,246,0,1,50,3374,3540,30020,3500,120,40000,0x07
2026-09-06T17:38:45.728-03:00,247,0,1,50,3374,3540,30020,3500,120,40000,0x07
2026-09-06T17:38:45.748-03:00,248,0,1,51,3374,3431,30481,3500,0,40000,0x07
2026-09-06T17:38:45.768-03:00,249,0,1,51,3374,3431,30481,3500,0,40000,0x07
2026-09-06T17:38:45.789-03:00,250,0,1,51,3374,3431,30481,3500,0,40000,0x07
2026-09-06T17:38:45.807-03:00,251,0,1,52,3374,3442,30435,3500,0,40000,0x07
2026-09-06T17:38:45.828-03:00,252,0,1,52,3374,3442,30435,3500,0,40000,0x07
2026-09-06T17:38:45.850-03:00,253,0,1,54,3374,3574,29875,3500,0,40000,0x07
2026-09-06T17:38:45.868-03:00,254,0,1,54,3374,3574,29875,3500,0,40000,0x07
2026-09-06T17:38:45.887-03:00,255,0,1,54,3374,3574,29875,3500,0,40000,0x07
2026-09-06T17:38:45.909-03:00,256,0,1,51,3374,3451,30398,3500,0,40000,0x07
2026-09-06T17:38:45.930-03:00,257,0,1,51,3374,3451,30398,3500,0,40000,0x07
2026-09-06T17:38:45.946-03:00,258,0,1,50,3374,3480,30274,3500,0,40000,0x07
2026-09-06T17:38:45.969-03:00,259,0,1,50,3374,3480,30274,3500,0,40000,0x07
2026-09-06T17:38:45.988-03:00,260,0,1,50,3374,3480,30274,3500,0,40000,0x07
2026-09-06T17:38:46.009-03:00,261,0,1,56,3374,3518,30114,3500,0,40000,0x07
2026-09-06T17:38:46.026-03:00,262,0,1,56,3374,3518,30114,3500,0,40000,0x07
2026-09-06T17:38:46.066-03:00,263,0,1,56,3374,3518,30114,3500,0,40000,0x07
2026-09-06T17:38:46.066-03:00,264,0,1,52,3374,3462,30353,3500,0,40000,0x07
2026-09-06T17:38:46.089-03:00,265,0,1,52,3374,3462,30353,3500,0,40000,0x07
2026-09-06T17:38:46.107-03:00,266,0,1,50,3374,3520,30104,3500,0,40000,0x07
2026-09-06T17:38:46.149-03:00,267,0,1,50,3374,3520,30104,3500,0,40000,0x07
2026-09-06T17:38:46.149-03:00,268,0,1,50,3374,3520,30104,3500,0,40000,0x07
2026-09-06T17:38:46.169-03:00,269,0,1,51,3374,3471,30314,3500,20,40000,0x07
2026-09-06T17:38:46.187-03:00,270,0,1,51,3374,3471,30314,3500,20,40000,0x07
2026-09-06T17:38:46.209-03:00,271,0,1,52,3374,3519,30108,3500,0,40000,0x07
2026-09-06T17:38:46.228-03:00,272,0,1,52,3374,3519,30108,3500,0,40000,0x07
2026-09-06T17:38:46.247-03:00,273,0,1,52,3374,3519,30108,3500,0,40000,0x07
2026-09-06T17:38:46.271-03:00,274,0,1,51,3374,3471,30314,3500,0,40000,0x07
2026-09-06T17:38:46.288-03:00,275,0,1,51,3374,3471,30314,3500,0,40000,0x07
2026-09-06T17:38:46.308-03:00,276,0,1,51,3374,3471,30314,3500,0,40000,0x07
2026-09-06T17:38:46.327-03:00,277,0,1,52,3374,3500,30190,3500,0,40000,0x07
2026-09-06T17:38:46.351-03:00,278,0,1,52,3374,3500,30190,3500,0,40000,0x07
2026-09-06T17:38:46.368-03:00,279,0,1,55,3374,3509,30151,3500,0,40000,0x07
2026-09-06T17:38:46.390-03:00,280,0,1,55,3374,3509,30151,3500,0,40000,0x07
2026-09-06T17:38:46.408-03:00,281,0,1,55,3374,3509,30151,3500,0,40000,0x07
2026-09-06T17:38:46.427-03:00,282,0,1,51,3374,3490,30231,3500,0,40000,0x07
2026-09-06T17:38:46.447-03:00,283,0,1,51,3374,3490,30231,3500,0,40000,0x07
2026-09-06T17:38:46.489-03:00,284,0,1,52,3374,3519,30108,3500,0,40000,0x07
2026-09-06T17:38:46.489-03:00,285,0,1,52,3374,3519,30108,3500,0,40000,0x07
2026-09-06T17:38:46.507-03:00,286,0,1,52,3374,3519,30108,3500,0,40000,0x07
2026-09-06T17:38:46.530-03:00,287,0,1,50,3374,3480,30274,3500,0,40000,0x07
2026-09-06T17:38:46.571-03:00,288,0,1,50,3374,3480,30274,3500,0,40000,0x07
2026-09-06T17:38:46.571-03:00,289,0,1,50,3374,3480,30274,3500,0,40000,0x07
2026-09-06T17:38:46.586-03:00,290,0,1,52,3374,3481,30271,3500,19,40000,0x07
2026-09-06T17:38:46.608-03:00,291,0,1,52,3374,3481,30271,3500,19,40000,0x07
2026-09-06T17:38:46.631-03:00,292,0,1,50,3374,3500,30190,3500,0,40000,0x07
2026-09-06T17:38:46.649-03:00,293,0,1,50,3374,3500,30190,3500,0,40000,0x07
2026-09-06T17:38:46.667-03:00,294,0,1,50,3374,3520,30104,3500,20,40000,0x07
2026-09-06T17:38:46.687-03:00,295,0,1,50,3374,3520,30104,3500,20,40000,0x07
2026-09-06T17:38:46.706-03:00,296,0,1,50,3374,3520,30104,3500,20,40000,0x07
2026-09-06T17:38:46.730-03:00,297,0,1,56,3374,3429,30493,3500,196,40000,0x07
2026-09-06T17:38:46.749-03:00,298,0,1,56,3374,3429,30493,3500,196,40000,0x07
2026-09-06T17:38:46.769-03:00,299,0,1,56,3374,3429,30493,3500,196,40000,0x07
2026-09-06T17:38:46.790-03:00,300,0,1,51,3374,3529,30064,3500,176,40000,0x07
2026-09-06T17:38:46.808-03:00,301,0,1,51,3374,3529,30064,3500,176,40000,0x07
2026-09-06T17:38:46.826-03:00,302,0,1,50,3374,3540,30020,3500,260,40000,0x07
2026-09-06T17:38:46.850-03:00,303,0,1,50,3374,3540,30020,3500,260,40000,0x07
2026-09-06T17:38:46.870-03:00,304,0,1,50,3374,3540,30020,3500,260,40000,0x07
2026-09-06T17:38:46.889-03:00,305,0,1,56,3374,3482,30265,3500,143,40000,0x07
2026-09-06T17:38:46.909-03:00,306,0,1,56,3374,3482,30265,3500,143,40000,0x07
2026-09-06T17:38:46.926-03:00,307,0,1,56,3374,3482,30265,3500,143,40000,0x07
2026-09-06T17:38:46.950-03:00,308,0,1,50,3374,3440,30444,3500,0,40000,0x07
2026-09-06T17:38:46.988-03:00,309,0,1,50,3374,3440,30444,3500,0,40000,0x07
2026-09-06T17:38:46.988-03:00,310,0,1,50,3374,3560,29934,3500,0,40000,0x07
2026-09-06T17:38:47.006-03:00,311,0,1,50,3374,3560,29934,3500,0,40000,0x07
2026-09-06T17:38:47.031-03:00,312,0,1,50,3374,3560,29934,3500,0,40000,0x07
2026-09-06T17:38:47.049-03:00,313,0,1,50,3374,3480,30274,3500,0,40000,0x07
2026-09-06T17:38:47.066-03:00,314,0,1,50,3374,3480,30274,3500,0,40000,0x07
2026-09-06T17:38:47.089-03:00,315,0,1,54,3374,3500,30190,3500,0,40000,0x07
2026-09-06T17:38:47.110-03:00,316,0,1,54,3374,3500,30190,3500,0,40000,0x07
2026-09-06T17:38:47.131-03:00,317,0,1,54,3374,3500,30190,3500,0,40000,0x07
2026-09-06T17:38:47.146-03:00,318,0,1,51,3374,3471,30314,3500,0,40000,0x07
2026-09-06T17:38:47.167-03:00,319,0,1,51,3374,3471,30314,3500,0,40000,0x07
2026-09-06T17:38:47.189-03:00,320,0,1,50,3374,3540,30020,3500,180,40000,0x07
2026-09-06T17:38:47.208-03:00,321,0,1,50,3374,3540,30020,3500,180,40000,0x07
2026-09-06T17:38:47.226-03:00,322,0,1,50,3374,3540,30020,3500,180,40000,0x07
2026-09-06T17:38:47.248-03:00,323,0,1,50,3374,3480,30274,3500,340,40000,0x07
2026-09-06T17:38:47.267-03:00,324,0,1,50,3374,3480,30274,3500,340,40000,0x07
2026-09-06T17:38:47.287-03:00,325,0,1,50,3374,3480,30274,3500,340,40000,0x07
2026-09-06T17:38:47.310-03:00,326,0,1,52,3374,3462,30353,3500,38,40000,0x07
2026-09-06T17:38:47.329-03:00,327,0,1,52,3374,3462,30353,3500,38,40000,0x07
2026-09-06T17:38:47.349-03:00,328,0,1,54,3374,3537,30032,3500,0,40000,0x07
2026-09-06T17:38:47.368-03:00,329,0,1,54,3374,3537,30032,3500,0,40000,0x07
2026-09-06T17:38:47.390-03:00,330,0,1,54,3374,3537,30032,3500,0,40000,0x07
2026-09-06T17:38:47.410-03:00,331,0,1,50,3374,3460,30360,3500,0,40000,0x07
2026-09-06T17:38:47.430-03:00,332,0,1,50,3374,3460,30360,3500,0,40000,0x07
2026-09-06T17:38:47.451-03:00,333,0,1,50,3374,3500,30190,3500,20,40000,0x07
2026-09-06T17:38:47.469-03:00,334,0,1,50,3374,3500,30190,3500,20,40000,0x07
2026-09-06T17:38:47.489-03:00,335,0,1,50,3374,3500,30190,3500,20,40000,0x07
2026-09-06T17:38:47.530-03:00,336,0,1,50,3374,3500,30190,3500,0,40000,0x07
2026-09-06T17:38:47.530-03:00,337,0,1,50,3374,3500,30190,3500,0,40000,0x07
2026-09-06T17:38:47.550-03:00,338,0,1,52,3374,3538,30026,3500,38,40000,0x07
2026-09-06T17:38:47.588-03:00,339,0,1,52,3374,3538,30026,3500,38,40000,0x07
2026-09-06T17:38:47.588-03:00,340,0,1,52,3374,3538,30026,3500,38,40000,0x07
2026-09-06T17:38:47.607-03:00,341,0,1,54,3374,3444,30426,3500,37,40000,0x07
2026-09-06T17:38:47.626-03:00,342,0,1,54,3374,3444,30426,3500,37,40000,0x07
2026-09-06T17:38:47.648-03:00,343,0,1,54,3374,3444,30426,3500,37,40000,0x07
2026-09-06T17:38:47.667-03:00,344,0,1,52,3374,3519,30108,3500,0,40000,0x07
2026-09-06T17:38:47.689-03:00,345,0,1,52,3374,3519,30108,3500,0,40000,0x07
2026-09-06T17:38:47.709-03:00,346,0,1,56,3374,3554,29962,3500,36,40000,0x07
2026-09-06T17:38:47.729-03:00,347,0,1,56,3374,3554,29962,3500,36,40000,0x07
2026-09-06T17:38:47.750-03:00,348,0,1,56,3374,3554,29962,3500,36,40000,0x07
2026-09-06T17:38:47.771-03:00,349,0,1,51,3374,3451,30398,3500,0,40000,0x07
2026-09-06T17:38:47.786-03:00,350,0,1,51,3374,3451,30398,3500,0,40000,0x07
2026-09-06T17:38:47.810-03:00,351,0,1,60,3374,3500,30190,3500,0,40000,0x07
2026-09-06T17:38:47.828-03:00,352,0,1,60,3374,3500,30190,3500,0,40000,0x07
2026-09-06T17:38:47.851-03:00,353,0,1,60,3374,3500,30190,3500,0,40000,0x07
2026-09-06T17:38:47.866-03:00,354,0,1,60,3374,3500,30190,3500,0,40000,0x07
2026-09-06T17:38:47.890-03:00,355,0,1,53,3374,3491,30230,3500,0,40000,0x07
2026-09-06T17:38:47.908-03:00,356,0,1,53,3374,3491,30230,3500,0,40000,0x07
2026-09-06T17:38:47.946-03:00,357,0,1,52,3374,3519,30108,3500,58,40000,0x07
2026-09-06T17:38:47.946-03:00,358,0,1,52,3374,3519,30108,3500,58,40000,0x07
2026-09-06T17:38:47.971-03:00,359,0,1,52,3374,3519,30108,3500,58,40000,0x07
2026-09-06T17:38:47.986-03:00,360,0,1,50,3374,3500,30190,3500,340,40000,0x07
2026-09-06T17:38:48.006-03:00,361,0,1,50,3374,3500,30190,3500,340,40000,0x07
2026-09-06T17:38:48.030-03:00,362,0,1,56,3374,3482,30265,3500,0,40000,0x07
2026-09-06T17:38:48.048-03:00,363,0,1,56,3374,3482,30265,3500,0,40000,0x07
2026-09-06T17:38:48.067-03:00,364,0,1,56,3374,3482,30265,3500,0,40000,0x07
2026-09-06T17:38:48.090-03:00,365,0,1,58,3374,3466,30336,3500,1121,40000,0x07
2026-09-06T17:38:48.126-03:00,366,0,1,58,3374,3466,30336,3500,1121,40000,0x07
2026-09-06T17:38:48.126-03:00,367,0,1,58,3374,3466,30336,3500,1121,40000,0x07
2026-09-06T17:38:48.151-03:00,368,0,1,51,3374,3569,29898,3500,882,40000,0x07
2026-09-06T17:38:48.166-03:00,369,0,1,51,3374,3569,29898,3500,882,40000,0x07
2026-09-06T17:38:48.186-03:00,370,0,1,51,3374,3569,29898,3500,882,40000,0x07
2026-09-06T17:38:48.207-03:00,371,0,1,50,3374,3420,30530,3500,80,40000,0x07
2026-09-06T17:38:48.231-03:00,372,0,1,50,3374,3420,30530,3500,80,40000,0x07
2026-09-06T17:38:48.246-03:00,373,0,1,56,3374,3518,30114,3500,0,40000,0x07
2026-09-06T17:38:48.267-03:00,374,0,1,56,3374,3518,30114,3500,0,40000,0x07
2026-09-06T17:38:48.291-03:00,375,0,1,56,3374,3518,30114,3500,0,40000,0x07
2026-09-06T17:38:48.309-03:00,376,0,1,51,3374,3471,30314,3500,0,40000,0x07
2026-09-06T17:38:48.329-03:00,377,0,1,51,3374,3471,30314,3500,0,40000,0x07
2026-09-06T17:38:48.347-03:00,378,0,1,52,3374,3538,30026,3500,0,40000,0x07
2026-09-06T17:38:48.370-03:00,379,0,1,52,3374,3538,30026,3500,0,40000,0x07
2026-09-06T17:38:48.387-03:00,380,0,1,52,3374,3538,30026,3500,0,40000,0x07
2026-09-06T17:38:48.406-03:00,381,0,1,56,3374,3500,30190,3500,0,40000,0x07
2026-09-06T17:38:48.426-03:00,382,0,1,56,3374,3500,30190,3500,0,40000,0x07
2026-09-06T17:38:48.450-03:00,383,0,1,56,3374,3500,30190,3500,0,40000,0x07
2026-09-06T17:38:48.470-03:00,384,0,1,50,3374,3480,30274,3500,20,40000,0x07
2026-09-06T17:38:48.489-03:00,385,0,1,50,3374,3480,30274,3500,20,40000,0x07
2026-09-06T17:38:48.509-03:00,386,0,1,56,3374,3500,30190,3500,0,40000,0x07
2026-09-06T17:38:48.528-03:00,387,0,1,56,3374,3500,30190,3500,0,40000,0x07
2026-09-06T17:38:48.546-03:00,388,0,1,56,3374,3500,30190,3500,0,40000,0x07
2026-09-06T17:38:48.586-03:00,389,0,1,57,3374,3491,30227,3500,0,40000,0x07
2026-09-06T17:38:48.586-03:00,390,0,1,57,3374,3491,30227,3500,0,40000,0x07
2026-09-06T17:38:48.609-03:00,391,0,1,57,3374,3491,30227,3500,0,40000,0x07
2026-09-06T17:38:48.628-03:00,392,0,1,59,3374,3475,30298,3500,17,40000,0x07
2026-09-06T17:38:48.646-03:00,393,0,1,59,3374,3475,30298,3500,17,40000,0x07
2026-09-06T17:38:48.670-03:00,394,0,1,59,3374,3475,30298,3500,17,40000,0x07
2026-09-06T17:38:48.688-03:00,395,0,1,50,3374,3520,30104,3500,360,40000,0x07
2026-09-06T17:38:48.706-03:00,396,0,1,50,3374,3520,30104,3500,360,40000,0x07
2026-09-06T17:38:48.731-03:00,397,0,1,57,3374,3474,30301,3500,667,40000,0x07
2026-09-06T17:38:48.746-03:00,398,0,1,57,3374,3474,30301,3500,667,40000,0x07
2026-09-06T17:38:48.769-03:00,399,0,1,57,3374,3474,30301,3500,667,40000,0x07
2026-09-06T17:38:48.789-03:00,400,0,1,58,3374,3500,30190,3500,1431,39891,0x07
2026-09-06T17:38:48.808-03:00,401,0,1,58,3374,3500,30190,3500,1431,39891,0x07
2026-09-06T17:38:48.826-03:00,402,0,1,58,3374,3500,30190,3500,1431,39891,0x07
2026-09-06T17:38:48.850-03:00,403,0,1,55,3374,3509,30151,3500,1618,39096,0x07
2026-09-06T17:38:48.867-03:00,404,0,1,55,3374,3509,30151,3500,1618,39096,0x07
2026-09-06T17:38:48.887-03:00,405,0,1,55,3374,3509,30151,3500,1618,39096,0x07
2026-09-06T17:38:48.908-03:00,406,0,1,50,3374,3500,30190,3500,1040,40000,0x07
2026-09-06T17:38:48.928-03:00,407,0,1,50,3374,3500,30190,3500,1040,40000,0x07
2026-09-06T17:38:48.970-03:00,408,0,1,50,3374,3500,30190,3500,700,40000,0x07
2026-09-06T17:38:48.971-03:00,409,0,1,50,3374,3500,30190,3500,700,40000,0x07
2026-09-06T17:38:49.010-03:00,410,0,1,50,3374,3500,30190,3500,700,40000,0x07
2026-09-06T17:38:49.010-03:00,411,0,1,52,3374,3500,30190,3500,19,40000,0x07
2026-09-06T17:38:49.030-03:00,412,0,1,52,3374,3500,30190,3500,19,40000,0x07
2026-09-06T17:38:49.070-03:00,413,0,1,52,3374,3538,30026,3500,404,40000,0x07
2026-09-06T17:38:49.070-03:00,414,0,1,52,3374,3538,30026,3500,404,40000,0x07
2026-09-06T17:38:49.089-03:00,415,0,1,52,3374,3538,30026,3500,404,40000,0x07
2026-09-06T17:38:49.109-03:00,416,0,1,59,3374,3424,30514,3500,475,40000,0x07
2026-09-06T17:38:49.127-03:00,417,0,1,59,3374,3424,30514,3500,475,40000,0x07
2026-09-06T17:38:49.147-03:00,418,0,1,59,3374,3424,30514,3500,475,40000,0x07
2026-09-06T17:38:49.170-03:00,419,0,1,50,3374,3560,29934,3500,660,40000,0x07
2026-09-06T17:38:49.189-03:00,420,0,1,50,3374,3560,29934,3500,660,40000,0x07
2026-09-06T17:38:49.207-03:00,421,0,1,50,3374,3560,29934,3500,660,40000,0x07
2026-09-06T17:38:49.228-03:00,422,0,1,51,3374,3529,30064,3500,824,40000,0x07
2026-09-06T17:38:49.250-03:00,423,0,1,51,3374,3529,30064,3500,824,40000,0x07
2026-09-06T17:38:49.268-03:00,424,0,1,56,3374,3411,30569,3500,1286,40000,0x07
2026-09-06T17:38:49.306-03:00,425,0,1,56,3374,3411,30569,3500,1286,40000,0x07
2026-09-06T17:38:49.306-03:00,426,0,1,56,3374,3411,30569,3500,1286,40000,0x07
2026-09-06T17:38:49.329-03:00,427,0,1,52,3374,3538,30026,3500,481,40000,0x07
2026-09-06T17:38:49.348-03:00,428,0,1,52,3374,3538,30026,3500,481,40000,0x07
2026-09-06T17:38:49.369-03:00,429,0,1,52,3374,3538,30026,3500,481,40000,0x07
2026-09-06T17:38:49.386-03:00,430,0,1,52,3374,3500,30190,3500,58,40000,0x07
2026-09-06T17:38:49.407-03:00,431,0,1,52,3374,3500,30190,3500,58,40000,0x07
2026-09-06T17:38:49.447-03:00,432,0,1,50,3374,3500,30190,3500,360,40000,0x07
2026-09-06T17:38:49.447-03:00,433,0,1,50,3374,3500,30190,3500,360,40000,0x07
2026-09-06T17:38:49.471-03:00,434,0,1,52,3374,3481,30271,3500,1154,40000,0x07
2026-09-06T17:38:49.491-03:00,435,0,1,52,3374,3481,30271,3500,1154,40000,0x07
2026-09-06T17:38:49.527-03:00,436,0,1,52,3374,3481,30271,3500,1154,40000,0x07
2026-09-06T17:38:49.527-03:00,437,0,1,51,3374,3529,30064,3500,1098,40000,0x07
2026-09-06T17:38:49.551-03:00,438,0,1,51,3374,3529,30064,3500,1098,40000,0x07
2026-09-06T17:38:49.569-03:00,439,0,1,50,3374,3460,30360,3500,840,40000,0x07
2026-09-06T17:38:49.587-03:00,440,0,1,50,3374,3460,30360,3500,840,40000,0x07
2026-09-06T17:38:49.606-03:00,441,0,1,50,3374,3460,30360,3500,840,40000,0x07
2026-09-06T17:38:49.628-03:00,442,0,1,54,3374,3500,30190,3500,685,40000,0x07
2026-09-06T17:38:49.667-03:00,443,0,1,54,3374,3500,30190,3500,685,40000,0x07
2026-09-06T17:38:49.667-03:00,444,0,1,54,3374,3500,30190,3500,685,40000,0x07
2026-09-06T17:38:49.691-03:00,445,0,1,51,3374,3549,29981,3500,157,40000,0x07
2026-09-06T17:38:49.709-03:00,446,0,1,51,3374,3549,29981,3500,157,40000,0x07
2026-09-06T17:38:49.728-03:00,447,0,1,51,3374,3549,29981,3500,157,40000,0x07
2026-09-06T17:38:49.750-03:00,448,0,1,52,3374,3442,30435,3500,115,40000,0x07
2026-09-06T17:38:49.769-03:00,449,0,1,52,3374,3442,30435,3500,115,40000,0x07
2026-09-06T17:38:49.787-03:00,450,0,1,50,3374,3560,29934,3500,0,40000,0x07
2026-09-06T17:38:49.809-03:00,451,0,1,50,3374,3560,29934,3500,0,40000,0x07
2026-09-06T17:38:49.828-03:00,452,0,1,50,3374,3560,29934,3500,0,40000,0x07
2026-09-06T17:38:49.847-03:00,453,0,1,52,3374,3481,30271,3500,250,40000,0x07
2026-09-06T17:38:49.868-03:00,454,0,1,52,3374,3481,30271,3500,250,40000,0x07
2026-09-06T17:38:49.888-03:00,455,0,1,50,3374,3500,30190,3500,200,40000,0x07
2026-09-06T17:38:49.910-03:00,456,0,1,50,3374,3500,30190,3500,200,40000,0x07
2026-09-06T17:38:49.930-03:00,457,0,1,50,3374,3500,30190,3500,200,40000,0x07
2026-09-06T17:38:49.947-03:00,458,0,1,50,3374,3480,30274,3500,0,40000,0x07
2026-09-06T17:38:49.969-03:00,459,0,1,50,3374,3480,30274,3500,0,40000,0x07
2026-09-06T17:38:49.987-03:00,460,0,1,50,3374,3520,30104,3500,220,40000,0x07
2026-09-06T17:38:50.008-03:00,461,0,1,50,3374,3520,30104,3500,220,40000,0x07
2026-09-06T17:38:50.026-03:00,462,0,1,50,3374,3520,30104,3500,220,40000,0x07
2026-09-06T17:38:50.050-03:00,463,0,1,51,3374,3471,30314,3500,1235,40000,0x07
2026-09-06T17:38:50.069-03:00,464,0,1,51,3374,3471,30314,3500,1235,40000,0x07
2026-09-06T17:38:50.090-03:00,465,0,1,58,3374,3483,30263,3500,1724,38645,0x07
2026-09-06T17:38:50.107-03:00,466,0,1,58,3374,3483,30263,3500,1724,38645,0x07
2026-09-06T17:38:50.126-03:00,467,0,1,58,3374,3483,30263,3500,1724,38645,0x07
2026-09-06T17:38:50.148-03:00,468,0,1,51,3374,3549,29981,3500,745,40000,0x07
2026-09-06T17:38:50.166-03:00,469,0,1,51,3374,3549,29981,3500,745,40000,0x07
2026-09-06T17:38:50.187-03:00,470,0,1,51,3374,3549,29981,3500,745,40000,0x07
2026-09-06T17:38:50.206-03:00,471,0,1,50,3374,3500,30190,3500,200,40000,0x07
2026-09-06T17:38:50.226-03:00,472,0,1,50,3374,3500,30190,3500,200,40000,0x07
2026-09-06T17:38:50.248-03:00,473,0,1,54,3374,3444,30426,3500,667,40000,0x07
2026-09-06T17:38:50.270-03:00,474,0,1,54,3374,3444,30426,3500,667,40000,0x07
2026-09-06T17:38:50.288-03:00,475,0,1,54,3374,3444,30426,3500,667,40000,0x07
2026-09-06T17:38:50.310-03:00,476,0,1,50,3374,3560,29934,3500,1400,40000,0x07
2026-09-06T17:38:50.331-03:00,477,0,1,50,3374,3560,29934,3500,1400,40000,0x07
2026-09-06T17:38:50.346-03:00,478,0,1,50,3374,3480,30274,3500,1320,40000,0x07
2026-09-06T17:38:50.370-03:00,479,0,1,50,3374,3480,30274,3500,1320,40000,0x07
2026-09-06T17:38:50.391-03:00,480,0,1,50,3374,3480,30274,3500,1320,40000,0x07
2026-09-06T17:38:50.406-03:00,481,0,1,58,3374,3448,30409,3500,810,40000,0x07
2026-09-06T17:38:50.426-03:00,482,0,1,58,3374,3448,30409,3500,810,40000,0x07
2026-09-06T17:38:50.450-03:00,483,0,1,58,3374,3448,30409,3500,810,40000,0x07
2026-09-06T17:38:50.471-03:00,484,0,1,52,3374,3538,30026,3500,808,40000,0x07
2026-09-06T17:38:50.509-03:00,485,0,1,52,3374,3538,30026,3500,808,40000,0x07
2026-09-06T17:38:50.509-03:00,486,0,1,52,3374,3500,30190,3500,904,40000,0x07
2026-09-06T17:38:50.527-03:00,487,0,1,52,3374,3500,30190,3500,904,40000,0x07
2026-09-06T17:38:50.546-03:00,488,0,1,52,3374,3500,30190,3500,904,40000,0x07
2026-09-06T17:38:50.569-03:00,489,0,1,51,3374,3510,30148,3500,647,40000,0x07
2026-09-06T17:38:50.587-03:00,490,0,1,51,3374,3510,30148,3500,647,40000,0x07
2026-09-06T17:38:50.607-03:00,491,0,1,51,3374,3510,30148,3500,647,40000,0x07
2026-09-06T17:38:50.629-03:00,492,0,1,50,3374,3500,30190,3500,180,40000,0x07
2026-09-06T17:38:50.649-03:00,493,0,1,50,3374,3500,30190,3500,180,40000,0x07
2026-09-06T17:38:50.667-03:00,494,0,1,50,3374,3500,30190,3500,80,40000,0x07
2026-09-06T17:38:50.689-03:00,495,0,1,50,3374,3500,30190,3500,80,40000,0x07
2026-09-06T17:38:50.707-03:00,496,0,1,53,3374,3453,30390,3500,774,40000,0x07
2026-09-06T17:38:50.730-03:00,497,0,1,53,3374,3453,30390,3500,774,40000,0x07
2026-09-06T17:38:50.775-03:00,498,0,1,53,3374,3453,30390,3500,774,40000,0x07
2026-09-06T17:38:50.820-03:00,499,0,1,58,3374,3534,30043,3500,1138,40000,0x07
2026-09-06T17:38:50.865-03:00,500,0,1,58,3374,3534,30043,3500,1138,40000,0x07
2026-09-06T17:38:50.907-03:00,501,0,1,51,0,0,0,0,0,0,0x03
2026-09-06T17:38:50.952-03:00,502,0,1,56,0,0,0,0,0,0,0x03
