timestamp,sequence,team,robot_id,interval_ms,left_target_eps,left_measured_eps,left_duty,right_target_eps,right_measured_eps,right_duty,flags
2026-09-06T21:24:02.535,65535,0,2,51,0,0,0,0,0,0,0x0b
2026-09-06T21:24:02.600,65535,0,2,51,0,0,0,0,0,0,0x0b
2026-09-06T21:24:02.665,65535,0,2,51,0,0,0,0,0,0,0x0b
2026-09-06T21:24:02.730,65535,0,2,50,0,0,0,0,0,0,0x0b
2026-09-06T21:24:02.795,65535,0,2,50,0,0,0,0,0,0,0x0b
2026-09-06T21:24:02.860,65535,0,2,52,0,0,0,0,0,0,0x0b
2026-09-06T21:24:02.925,65535,0,2,51,0,0,0,0,0,0,0x0b
2026-09-06T21:24:03.007,65535,0,2,50,0,0,0,0,0,0,0x0b
2026-09-06T21:24:03.072,65535,0,2,51,0,0,0,0,0,0,0x0b
2026-09-06T21:24:03.137,65535,0,2,51,0,0,0,0,0,0,0x0b
2026-09-06T21:24:03.202,65535,0,2,52,0,0,0,0,0,0,0x0b
2026-09-06T21:24:03.267,65535,0,2,50,0,0,0,0,0,0,0x0b
2026-09-06T21:24:03.332,65535,0,2,51,0,0,0,0,0,0,0x0b
2026-09-06T21:24:03.397,65535,0,2,50,0,0,0,0,0,0,0x0b
2026-09-06T21:24:03.462,65535,0,2,52,0,0,0,0,0,0,0x0b
2026-09-06T21:24:03.543,65535,0,2,50,0,0,0,0,0,0,0x0b
2026-09-06T21:24:03.608,65535,0,2,51,0,0,0,0,0,0,0x0b
2026-09-06T21:24:03.673,65535,0,2,52,0,0,0,0,0,0,0x0b
2026-09-06T21:24:03.738,65535,0,2,52,0,0,0,0,0,0,0x0b
2026-09-06T21:24:03.803,65535,0,2,50,0,0,0,0,0,0,0x0b
2026-09-06T21:24:03.868,65535,0,2,51,0,0,0,0,0,0,0x0b
2026-09-06T21:24:03.933,65535,0,2,51,0,0,0,0,0,0,0x0b
2026-09-06T21:24:03.999,65535,0,2,52,0,0,0,0,0,0,0x0b
2026-09-06T21:24:04.064,65535,0,2,51,0,0,0,0,0,0,0x0b
2026-09-06T21:24:04.129,65535,0,2,52,0,0,0,0,0,0,0x0b
2026-09-06T21:24:04.211,65535,0,2,52,0,0,0,0,0,0,0x0b
2026-09-06T21:24:04.276,65535,0,2,53,0,0,0,0,0,0,0x0b
2026-09-06T21:24:04.341,65535,0,2,51,0,0,0,0,0,0,0x0b
2026-09-06T21:24:04.407,65535,0,2,52,0,0,0,0,0,0,0x0b
2026-09-06T21:24:04.472,65535,0,2,50,0,0,0,0,0,0,0x0b
2026-09-06T21:24:04.537,65535,0,2,52,0,0,0,0,0,0,0x0b
2026-09-06T21:24:04.602,65535,0,2,51,0,0,0,0,0,0,0x0b
2026-09-06T21:24:04.667,65535,0,2,52,0,0,0,0,0,0,0x0b
2026-09-06T21:24:04.749,65535,0,2,51,0,0,0,0,0,0,0x0b
2026-09-06T21:24:04.814,65535,0,2,52,0,0,0,0,0,0,0x0b
2026-09-06T21:24:04.880,65535,0,2,50,0,0,0,0,0,0,0x0b
2026-09-06T21:24:04.945,65535,0,2,52,0,0,0,0,0,0,0x0b
2026-09-06T21:24:05.009,65535,0,2,50,0,0,0,0,0,0,0x0b
2026-09-06T21:24:05.075,65535,0,2,50,0,0,0,0,0,0,0x0b
2026-09-06T21:24:05.139,65535,0,2,50,0,0,0,0,0,0,0x0b
2026-09-06T21:24:05.204,65535,0,2,50,0,0,0,0,0,0,0x0b
2026-09-06T21:24:05.285,65535,0,2,51,0,0,0,0,0,0,0x0b
2026-09-06T21:24:05.350,65535,0,2,51,0,0,0,0,0,0,0x0b
2026-09-06T21:24:05.415,65535,0,2,51,0,0,0,0,0,0,0x0b
2026-09-06T21:24:05.481,65535,0,2,50,0,0,0,0,0,0,0x0b
2026-09-06T21:24:05.545,65535,0,2,51,0,0,0,0,0,0,0x0b
2026-09-06T21:24:05.611,65535,0,2,51,0,0,0,0,0,0,0x0b
2026-09-06T21:24:05.676,65535,0,2,51,0,0,0,0,0,0,0x0b
2026-09-06T21:24:05.741,65535,0,2,50,0,0,0,0,0,0,0x0b
2026-09-06T21:24:05.806,65535,0,2,52,0,0,0,0,0,0,0x0b
2026-09-06T21:24:05.872,65535,0,2,51,0,0,0,0,0,0,0x0b
2026-09-06T21:24:05.952,65535,0,2,50,0,0,0,0,0,0,0x0b
2026-09-06T21:24:06.017,65535,0,2,51,0,0,0,0,0,0,0x0b
2026-09-06T21:24:06.083,65535,0,2,50,0,0,0,0,0,0,0x0b
2026-09-06T21:24:06.148,65535,0,2,50,0,0,0,0,0,0,0x0b
2026-09-06T21:24:06.213,65535,0,2,50,0,0,0,0,0,0,0x0b
2026-09-06T21:24:06.278,65535,0,2,51,0,0,0,0,0,0,0x0b
2026-09-06T21:24:06.344,65535,0,2,51,0,0,0,0,0,0,0x0b
2026-09-06T21:24:06.409,65535,0,2,51,0,0,0,0,0,0,0x0b
2026-09-06T21:24:06.474,65535,0,2,51,0,0,0,0,0,0,0x0b
2026-09-06T21:24:06.555,65535,0,2,52,0,0,0,0,0,0,0x0b
2026-09-06T21:24:06.621,65535,0,2,51,0,0,0,0,0,0,0x0b
2026-09-06T21:24:06.686,65535,0,2,52,0,0,0,0,0,0,0x0b
2026-09-06T21:24:06.751,65535,0,2,51,0,0,0,0,0,0,0x0b
2026-09-06T21:24:06.815,65535,0,2,50,0,0,0,0,0,0,0x0b
2026-09-06T21:24:06.880,65535,0,2,50,0,0,0,0,0,0,0x0b
2026-09-06T21:24:06.945,65535,0,2,52,0,0,0,0,0,0,0x0b
2026-09-06T21:24:07.011,65535,0,2,52,0,0,0,0,0,0,0x0b
2026-09-06T21:24:07.092,65535,0,2,51,0,0,0,0,0,0,0x0b
2026-09-06T21:24:07.157,65535,0,2,50,0,0,0,0,0,0,0x0b
2026-09-06T21:24:07.222,65535,0,2,50,0,0,0,0,0,0,0x0b
2026-09-06T21:24:07.288,65535,0,2,50,0,0,0,0,0,0,0x0b
2026-09-06T21:24:07.352,65535,0,2,51,0,0,0,0,0,0,0x0b
2026-09-06T21:24:07.418,65535,0,2,51,0,0,0,0,0,0,0x0b
2026-09-06T21:24:07.483,65535,0,2,51,0,0,0,0,0,0,0x0b
2026-09-06T21:24:07.548,65535,0,2,50,0,0,0,0,0,0,0x0b
2026-09-06T21:24:07.630,65535,0,2,52,0,0,0,0,0,0,0x0b
2026-09-06T21:24:07.679,65535,0,2,52,0,0,0,0,0,0,0x0b
2026-09-06T21:24:07.760,65535,0,2,52,0,0,0,0,0,0,0x0b
2026-09-06T21:24:07.825,65535,0,2,51,0,0,0,0,0,0,0x0b
2026-09-06T21:24:07.890,65535,0,2,50,0,0,0,0,0,0,0x0b
2026-09-06T21:24:07.956,65535,0,2,51,0,0,0,0,0,0,0x0b
2026-09-06T21:24:08.021,65535,0,2,50,0,0,0,0,0,0,0x0b
2026-09-06T21:24:08.086,65535,0,2,52,0,0,0,0,0,0,0x0b
2026-09-06T21:24:08.150,65535,0,2,52,0,0,0,0,0,0,0x0b
2026-09-06T21:24:08.215,65535,0,2,51,0,0,0,0,0,0,0x0b
2026-09-06T21:24:08.297,65535,0,2,51,0,0,0,0,0,0,0x0b
2026-09-06T21:24:08.362,65535,0,2,50,0,0,0,0,0,0,0x0b
2026-09-06T21:24:08.427,65535,0,2,50,0,0,0,0,0,0,0x0b
2026-09-06T21:24:08.493,65535,0,2,50,0,0,0,0,0,0,0x0b
2026-09-06T21:24:08.558,65535,0,2,50,0,0,0,0,0,0,0x0b
2026-09-06T21:24:08.623,65535,0,2,51,0,0,0,0,0,0,0x0b
2026-09-06T21:24:08.688,65535,0,2,50,0,0,0,0,0,0,0x0b
2026-09-06T21:24:08.754,65535,0,2,51,0,0,0,0,0,0,0x0b
2026-09-06T21:24:08.818,65535,0,2,52,0,0,0,0,0,0,0x0b
2026-09-06T21:24:08.900,65535,0,2,51,0,0,0,0,0,0,0x0b
2026-09-06T21:24:08.965,65535,0,2,52,0,0,0,0,0,0,0x0b
2026-09-06T21:24:09.029,65535,0,2,51,0,0,0,0,0,0,0x0b
2026-09-06T21:24:09.095,65535,0,2,52,0,0,0,0,0,0,0x0b
2026-09-06T21:24:09.160,65535,0,2,50,0,0,0,0,0,0,0x0b
2026-09-06T21:24:09.225,65535,0,2,51,0,0,0,0,0,0,0x0b
2026-09-06T21:24:09.291,65535,0,2,50,0,0,0,0,0,0,0x0b
2026-09-06T21:24:09.356,65535,0,2,52,0,0,0,0,0,0,0x0b
2026-09-06T21:24:09.437,65535,0,2,51,0,0,0,0,0,0,0x0b
2026-09-06T21:24:09.486,65535,0,2,51,0,0,0,0,0,0,0x0b
2026-09-06T21:24:09.567,65535,0,2,52,0,0,0,0,0,0,0x0b
2026-09-06T21:24:09.633,65535,0,2,52,0,0,0,0,0,0,0x0b
2026-09-06T21:24:09.698,65535,0,2,50,0,0,0,0,0,0,0x0b
2026-09-06T21:24:09.763,65535,0,2,52,0,0,0,0,0,0,0x0b
2026-09-06T21:24:09.828,65535,0,2,51,0,0,0,0,0,0,0x0b
2026-09-06T21:24:09.894,65535,0,2,51,0,0,0,0,0,0,0x0b
2026-09-06T21:24:09.958,65535,0,2,50,0,0,0,0,0,0,0x0b
2026-09-06T21:24:10.024,65535,0,2,52,0,0,0,0,0,0,0x0b
2026-09-06T21:24:10.105,65535,0,2,51,0,0,0,0,0,0,0x0b
2026-09-06T21:24:10.170,65535,0,2,50,0,0,0,0,0,0,0x0b
2026-09-06T21:24:10.235,65535,0,2,51,0,0,0,0,0,0,0x0b
2026-09-06T21:24:10.301,65535,0,2,50,0,0,0,0,0,0,0x0b
2026-09-06T21:24:10.365,65535,0,2,50,0,0,0,0,0,0,0x0b
2026-09-06T21:24:10.431,65535,0,2,52,0,0,0,0,0,0,0x0b
2026-09-06T21:24:10.496,65535,0,2,51,0,0,0,0,0,0,0x0b
2026-09-06T21:24:10.561,65535,0,2,50,0,0,0,0,0,0,0x0b
2026-09-06T21:24:10.626,65535,0,2,52,0,0,0,0,0,0,0x0b
2026-09-06T21:24:10.707,65535,0,2,53,0,0,0,0,0,0,0x0b
2026-09-06T21:24:10.773,65535,0,2,50,0,0,0,0,0,0,0x0b
2026-09-06T21:24:10.838,65535,0,2,50,0,0,0,0,0,0,0x0b
2026-09-06T21:24:10.903,65535,0,2,50,0,0,0,0,0,0,0x0b
2026-09-06T21:24:10.969,65535,0,2,51,0,0,0,0,0,0,0x0b
2026-09-06T21:24:11.034,65535,0,2,51,0,0,0,0,0,0,0x0b
2026-09-06T21:24:11.098,65535,0,2,54,0,0,0,0,0,0,0x0b
2026-09-06T21:24:11.163,65535,0,2,51,0,0,0,0,0,0,0x0b
2026-09-06T21:24:11.244,65535,0,2,51,0,0,0,0,0,0,0x0b
2026-09-06T21:24:11.293,65535,0,2,50,0,0,0,0,0,0,0x0b
2026-09-06T21:24:11.375,65535,0,2,50,0,0,0,0,0,0,0x0b
2026-09-06T21:24:11.440,65535,0,2,52,0,0,0,0,0,0,0x0b
2026-09-06T21:24:11.505,65535,0,2,50,0,0,0,0,0,0,0x0b
2026-09-06T21:24:11.571,65535,0,2,52,0,0,0,0,0,0,0x0b
2026-09-06T21:24:11.635,65535,0,2,50,0,0,0,0,0,0,0x0b
2026-09-06T21:24:11.700,65535,0,2,51,0,0,0,0,0,0,0x0b
2026-09-06T21:24:11.782,65535,0,2,51,0,0,0,0,0,0,0x0b
2026-09-06T21:24:11.831,65535,0,2,51,0,0,0,0,0,0,0x0b
2026-09-06T21:24:11.913,65535,0,2,50,0,0,0,0,0,0,0x0b
2026-09-06T21:24:11.977,65535,0,2,50,0,0,0,0,0,0,0x0b
2026-09-06T21:24:12.042,65535,0,2,52,0,0,0,0,0,0,0x0b
2026-09-06T21:24:12.107,65535,0,2,52,0,0,0,0,0,0,0x0b
2026-09-06T21:24:12.172,65535,0,2,52,0,0,0,0,0,0,0x0b
2026-09-06T21:24:12.237,65535,0,2,52,0,0,0,0,0,0,0x0b
2026-09-06T21:24:12.302,65535,0,2,50,0,0,0,0,0,0,0x0b
2026-09-06T21:24:12.368,65535,0,2,51,0,0,0,0,0,0,0x0b
2026-09-06T21:24:12.433,65535,0,2,51,0,0,0,0,0,0,0x0b
2026-09-06T21:24:12.515,65535,0,2,51,0,0,0,0,0,0,0x0b
2026-09-06T21:24:12.580,65535,0,2,51,0,0,0,0,0,0,0x0b
2026-09-06T21:24:12.645,65535,0,2,53,0,0,0,0,0,0,0x0b
2026-09-06T21:24:12.709,65535,0,2,50,0,0,0,0,0,0,0x0b
2026-09-06T21:24:12.775,65535,0,2,51,0,0,0,0,0,0,0x0b
2026-09-06T21:24:12.840,65535,0,2,51,0,0,0,0,0,0,0x0b
2026-09-06T21:24:12.906,65535,0,2,51,0,0,0,0,0,0,0x0b
2026-09-06T21:24:12.971,65535,0,2,51,0,0,0,0,0,0,0x0b
2026-09-06T21:24:13.052,65535,0,2,51,0,0,0,0,0,0,0x0b
2026-09-06T21:24:13.101,65535,0,2,50,0,0,0,0,0,0,0x0b
2026-09-06T21:24:13.183,65535,0,2,52,0,0,0,0,0,0,0x0b
2026-09-06T21:24:13.248,65535,0,2,51,0,0,0,0,0,0,0x0b
2026-09-06T21:24:13.314,65535,0,2,52,0,0,0,0,0,0,0x0b
2026-09-06T21:24:13.379,65535,0,2,51,0,0,0,0,0,0,0x0b
2026-09-06T21:24:13.443,65535,0,2,52,0,0,0,0,0,0,0x0b
2026-09-06T21:24:13.509,65535,0,2,50,0,0,0,0,0,0,0x0b
2026-09-06T21:24:13.574,65535,0,2,50,0,0,0,0,0,0,0x0b
2026-09-06T21:24:13.639,65535,0,2,52,0,0,0,0,0,0,0x0b
2026-09-06T21:24:13.721,65535,0,2,50,0,0,0,0,0,0,0x0b
2026-09-06T21:24:13.786,65535,0,2,51,0,0,0,0,0,0,0x0b
2026-09-06T21:24:13.851,65535,0,2,51,0,0,0,0,0,0,0x0b
2026-09-06T21:24:13.916,65535,0,2,50,0,0,0,0,0,0,0x0b
2026-09-06T21:24:13.982,65535,0,2,50,0,0,0,0,0,0,0x0b
2026-09-06T21:24:14.047,65535,0,2,51,0,0,0,0,0,0,0x0b
2026-09-06T21:24:14.111,65535,0,2,50,0,0,0,0,0,0,0x0b
2026-09-06T21:24:14.177,65535,0,2,50,0,0,0,0,0,0,0x0b
2026-09-06T21:24:14.241,65535,0,2,50,0,0,0,0,0,0,0x0b
2026-09-06T21:24:14.323,65535,0,2,51,0,0,0,0,0,0,0x0b
2026-09-06T21:24:14.387,65535,0,2,50,0,0,0,0,0,0,0x0b
2026-09-06T21:24:14.451,65535,0,2,50,0,0,0,0,0,0,0x0b
2026-09-06T21:24:14.517,65535,0,2,50,0,0,0,0,0,0,0x0b
2026-09-06T21:24:14.582,65535,0,2,51,0,0,0,0,0,0,0x0b
2026-09-06T21:24:14.647,65535,0,2,51,0,0,0,0,0,0,0x0b
2026-09-06T21:24:14.713,65535,0,2,52,0,0,0,0,0,0,0x0b
2026-09-06T21:24:14.777,65535,0,2,51,0,0,0,0,0,0,0x0b
2026-09-06T21:24:14.859,65535,0,2,51,0,0,0,0,0,0,0x0b
