timestamp,sequence,team,robot_id,interval_ms,left_target_eps,left_measured_eps,left_duty,right_target_eps,right_measured_eps,right_duty,flags
2026-09-06T20:51:36.838,518,0,1,51,0,0,0,0,0,0,0x03
2026-09-06T20:51:36.874,521,0,2,51,-1208,-118,16529,-1897,-392,24301,0x07
2026-09-06T20:51:36.874,520,0,1,52,0,0,0,0,0,0,0x03
2026-09-06T20:51:36.939,523,0,2,52,-1786,-327,22649,-2269,-1000,26408,0x07
2026-09-06T20:51:36.939,522,0,1,52,0,0,0,0,0,0,0x03
2026-09-06T20:51:37.021,525,0,2,51,0,0,0,0,0,0,0x03
2026-09-06T20:51:37.021,524,0,1,51,0,0,0,0,0,0,0x03
2026-09-06T20:51:37.086,1,0,2,55,0,0,0,0,0,0,0x03
2026-09-06T20:51:37.086,0,0,1,51,0,0,0,0,0,0,0x03
2026-09-06T20:51:37.151,3,0,2,52,0,0,0,0,0,0,0x03
2026-09-06T20:51:37.151,2,0,1,51,0,0,0,0,0,0,0x03
2026-09-06T20:51:37.216,5,0,2,52,0,0,0,0,0,0,0x03
2026-09-06T20:51:37.216,4,0,1,51,0,0,0,0,0,0,0x03
2026-09-06T20:51:37.281,7,0,2,50,0,0,0,0,0,0,0x03
2026-09-06T20:51:37.281,6,0,1,51,0,0,0,0,0,0,0x03
2026-09-06T20:51:37.346,9,0,2,50,0,0,0,0,0,0,0x03
2026-09-06T20:51:37.346,8,0,1,51,0,0,0,0,0,0,0x03
2026-09-06T20:51:37.411,11,0,2,50,0,0,0,0,0,0,0x03
2026-09-06T20:51:37.411,10,0,1,51,0,0,0,0,0,0,0x03
2026-09-06T20:51:37.475,13,0,2,52,0,0,0,0,0,0,0x03
2026-09-06T20:51:37.475,12,0,1,50,0,0,0,0,0,0,0x03
2026-09-06T20:51:37.556,15,0,2,50,0,0,0,0,0,0,0x03
2026-09-06T20:51:37.556,14,0,1,51,0,0,0,0,0,0,0x03
2026-09-06T20:51:37.621,17,0,2,51,0,0,0,0,0,0,0x03
2026-09-06T20:51:37.621,16,0,1,50,0,0,0,0,0,0,0x03
2026-09-06T20:51:37.686,19,0,2,50,0,0,0,0,0,0,0x03
2026-09-06T20:51:37.686,18,0,1,51,0,0,0,0,0,0,0x03
2026-09-06T20:51:37.751,21,0,2,51,0,0,0,0,0,0,0x03
2026-09-06T20:51:37.751,20,0,1,52,0,0,0,0,0,0,0x03
2026-09-06T20:51:37.816,23,0,2,50,0,0,0,0,0,0,0x03
2026-09-06T20:51:37.816,22,0,1,55,0,0,0,0,0,0,0x03
2026-09-06T20:51:37.880,25,0,2,53,0,0,0,0,0,0,0x03
2026-09-06T20:51:37.880,24,0,1,52,0,0,0,0,0,0,0x03
2026-09-06T20:51:37.945,27,0,2,51,0,0,0,0,0,0,0x03
2026-09-06T20:51:37.945,26,0,1,50,0,0,0,0,0,0,0x03
2026-09-06T20:51:38.027,29,0,2,50,0,0,0,0,0,0,0x03
2026-09-06T20:51:38.027,28,0,1,51,0,0,0,0,0,0,0x03
2026-09-06T20:51:38.092,31,0,2,50,0,0,0,0,0,0,0x03
2026-09-06T20:51:38.092,30,0,1,55,0,0,0,0,0,0,0x03
2026-09-06T20:51:38.157,33,0,2,51,0,0,0,0,0,0,0x03
2026-09-06T20:51:38.157,32,0,1,50,0,0,0,0,0,0,0x03
2026-09-06T20:51:38.221,35,0,2,51,0,0,0,0,0,0,0x03
2026-09-06T20:51:38.221,34,0,1,50,0,0,0,0,0,0,0x03
2026-09-06T20:51:38.286,37,0,2,51,0,0,0,0,0,0,0x03
2026-09-06T20:51:38.286,36,0,1,51,0,0,0,0,0,0,0x03
2026-09-06T20:51:38.352,39,0,2,51,0,0,0,0,0,0,0x03
2026-09-06T20:51:38.352,38,0,1,52,0,0,0,0,0,0,0x03
2026-09-06T20:51:38.417,41,0,2,51,0,0,0,0,0,0,0x03
2026-09-06T20:51:38.417,40,0,1,50,0,0,0,0,0,0,0x03
2026-09-06T20:51:38.482,43,0,2,51,0,0,0,0,0,0,0x03
2026-09-06T20:51:38.482,42,0,1,51,0,0,0,0,0,0,0x03
2026-09-06T20:51:38.547,45,0,2,53,0,0,0,0,0,0,0x03
2026-09-06T20:51:38.547,44,0,1,51,0,0,0,0,0,0,0x03
2026-09-06T20:51:38.612,47,0,2,52,0,0,0,0,0,0,0x03
2026-09-06T20:51:38.612,46,0,1,50,0,0,0,0,0,0,0x03
2026-09-06T20:51:38.692,49,0,2,51,0,0,0,0,0,0,0x03
2026-09-06T20:51:38.693,48,0,1,52,0,0,0,0,0,0,0x03
2026-09-06T20:51:38.758,51,0,2,51,0,0,0,0,0,0,0x03
2026-09-06T20:51:38.758,50,0,1,52,0,0,0,0,0,0,0x03
2026-09-06T20:51:38.823,53,0,2,50,0,0,0,0,0,0,0x03
2026-09-06T20:51:38.823,52,0,1,51,0,0,0,0,0,0,0x03
2026-09-06T20:51:38.888,55,0,2,52,0,0,0,0,0,0,0x03
2026-09-06T20:51:38.888,54,0,1,51,0,0,0,0,0,0,0x03
2026-09-06T20:51:38.953,57,0,2,51,0,0,0,0,0,0,0x03
2026-09-06T20:51:38.953,56,0,1,51,0,0,0,0,0,0,0x03
2026-09-06T20:51:39.019,59,0,2,51,0,0,0,0,0,0,0x03
2026-09-06T20:51:39.019,58,0,1,51,0,0,0,0,0,0,0x03
2026-09-06T20:51:39.083,61,0,2,52,0,0,0,0,0,0,0x03
2026-09-06T20:51:39.083,60,0,1,50,0,0,0,0,0,0,0x03
2026-09-06T20:51:39.148,63,0,2,52,0,0,0,0,0,0,0x03
2026-09-06T20:51:39.148,62,0,1,52,0,0,0,0,0,0,0x03
2026-09-06T20:51:39.230,65,0,2,51,0,0,0,0,0,0,0x03
2026-09-06T20:51:39.230,64,0,1,52,0,0,0,0,0,0,0x03
2026-09-06T20:51:39.294,67,0,2,50,0,0,0,0,0,0,0x03
2026-09-06T20:51:39.294,66,0,1,50,0,0,0,0,0,0,0x03
2026-09-06T20:51:39.359,69,0,2,51,0,0,0,0,0,0,0x03
2026-09-06T20:51:39.359,68,0,1,51,0,0,0,0,0,0,0x03
2026-09-06T20:51:39.424,71,0,2,50,0,0,0,0,0,0,0x03
2026-09-06T20:51:39.424,70,0,1,50,0,0,0,0,0,0,0x03
2026-09-06T20:51:39.489,73,0,2,50,0,0,0,0,0,0,0x03
2026-09-06T20:51:39.489,72,0,1,51,0,0,0,0,0,0,0x03
2026-09-06T20:51:39.553,75,0,2,51,0,0,0,0,0,0,0x03
2026-09-06T20:51:39.553,74,0,1,52,0,0,0,0,0,0,0x03
2026-09-06T20:51:39.618,76,0,1,50,0,0,0,0,0,0,0x03
2026-09-06T20:51:39.683,79,0,2,51,0,0,0,0,0,0,0x03
2026-09-06T20:51:39.683,78,0,1,51,0,0,0,0,0,0,0x03
2026-09-06T20:51:39.764,81,0,2,50,0,0,0,0,0,0,0x03
2026-09-06T20:51:39.764,78,0,1,50,0,0,0,0,0,0,0x03
2026-09-06T20:51:39.829,81,0,2,50,0,0,0,0,0,0,0x03
2026-09-06T20:51:39.829,78,0,1,50,0,0,0,0,0,0,0x03
2026-09-06T20:51:39.894,85,0,2,50,0,0,0,0,0,0,0x03
2026-09-06T20:51:39.894,84,0,1,50,0,0,0,0,0,0,0x03
2026-09-06T20:51:39.959,87,0,2,50,0,0,0,0,0,0,0x03
2026-09-06T20:51:39.959,86,0,1,50,0,0,0,0,0,0,0x03
2026-09-06T20:51:40.024,89,0,2,52,0,0,0,0,0,0,0x03
2026-09-06T20:51:40.024,88,0,1,51,0,0,0,0,0,0,0x03
2026-09-06T20:51:40.089,91,0,2,50,0,0,0,0,0,0,0x03
2026-09-06T20:51:40.089,90,0,1,51,0,0,0,0,0,0,0x03
2026-09-06T20:51:40.170,93,0,2,50,0,0,0,0,0,0,0x03
2026-09-06T20:51:40.170,92,0,1,50,0,0,0,0,0,0,0x03
2026-09-06T20:51:40.218,95,0,2,50,0,0,0,0,0,0,0x03
2026-09-06T20:51:40.218,94,0,1,51,0,0,0,0,0,0,0x03
2026-09-06T20:51:40.300,97,0,2,51,0,0,0,0,0,0,0x03
2026-09-06T20:51:40.300,96,0,1,52,0,0,0,0,0,0,0x03
2026-09-06T20:51:40.364,99,0,2,50,0,0,0,0,0,0,0x03
2026-09-06T20:51:40.364,98,0,1,50,0,0,0,0,0,0,0x03
2026-09-06T20:51:40.429,101,0,2,50,0,0,0,0,0,0,0x03
2026-09-06T20:51:40.430,100,0,1,50,0,0,0,0,0,0,0x03
2026-09-06T20:51:40.494,103,0,2,51,0,0,0,0,0,0,0x03
2026-09-06T20:51:40.494,102,0,1,51,0,0,0,0,0,0,0x03
2026-09-06T20:51:40.559,105,0,2,50,0,0,0,0,0,0,0x03
2026-09-06T20:51:40.559,104,0,1,50,0,0,0,0,0,0,0x03
2026-09-06T20:51:40.625,107,0,2,52,0,0,0,0,0,0,0x03
2026-09-06T20:51:40.625,106,0,1,55,0,0,0,0,0,0,0x03
2026-09-06T20:51:40.690,109,0,2,50,0,0,0,0,0,0,0x03
2026-09-06T20:51:40.690,108,0,1,50,0,0,0,0,0,0,0x03
2026-09-06T20:51:40.755,111,0,2,51,0,0,0,0,0,0,0x03
2026-09-06T20:51:40.755,110,0,1,52,0,0,0,0,0,0,0x03
2026-09-06T20:51:40.836,113,0,2,50,0,0,0,0,0,0,0x03
2026-09-06T20:51:40.836,112,0,1,50,0,0,0,0,0,0,0x03
2026-09-06T20:51:40.901,115,0,2,52,0,0,0,0,0,0,0x03
2026-09-06T20:51:40.901,114,0,1,55,0,0,0,0,0,0,0x03
2026-09-06T20:51:40.966,117,0,2,50,0,0,0,0,0,0,0x03
2026-09-06T20:51:40.966,116,0,1,51,0,0,0,0,0,0,0x03
2026-09-06T20:51:41.031,119,0,2,51,0,0,0,0,0,0,0x03
2026-09-06T20:51:41.031,118,0,1,51,0,0,0,0,0,0,0x03
2026-09-06T20:51:41.096,121,0,2,51,0,0,0,0,0,0,0x03
2026-09-06T20:51:41.096,120,0,1,50,0,0,0,0,0,0,0x03
2026-09-06T20:51:41.161,123,0,2,51,0,0,0,0,0,0,0x03
2026-09-06T20:51:41.161,122,0,1,50,0,0,0,0,0,0,0x03
2026-09-06T20:51:41.226,125,0,2,51,0,0,0,0,0,0,0x03
2026-09-06T20:51:41.226,124,0,1,50,0,0,0,0,0,0,0x03
2026-09-06T20:51:41.307,127,0,2,52,0,0,0,0,0,0,0x03
2026-09-06T20:51:41.307,126,0,1,54,0,0,0,0,0,0,0x03
2026-09-06T20:51:41.371,129,0,2,51,0,0,0,0,0,0,0x03
2026-09-06T20:51:41.372,128,0,1,51,0,0,0,0,0,0,0x03
2026-09-06T20:51:41.436,131,0,2,50,0,0,0,0,0,0,0x03
2026-09-06T20:51:41.436,130,0,1,50,0,0,0,0,0,0,0x03
2026-09-06T20:51:41.501,133,0,2,50,0,0,0,0,0,0,0x03
2026-09-06T20:51:41.501,132,0,1,51,0,0,0,0,0,0,0x03
2026-09-06T20:51:41.566,135,0,2,50,0,0,19335,0,0,23865,0x07
2026-09-06T20:51:41.566,134,0,1,50,0,0,28526,0,0,29090,0x07
2026-09-06T20:51:41.631,137,0,2,52,-2153,-462,26523,-2610,-481,32913,0x07
2026-09-06T20:51:41.631,136,0,1,50,3374,600,40000,3278,280,40000,0x07
2026-09-06T20:51:41.696,139,0,2,51,-2173,-1294,23231,-2622,-2078,26281,0x07
2026-09-06T20:51:41.696,138,0,1,53,3345,1925,34339,3370,1981,35750,0x07
2026-09-06T20:51:41.761,141,0,2,52,-2180,-885,25049,-2631,-1173,30235,0x07
2026-09-06T20:51:41.761,140,0,1,51,3345,1412,36518,3370,2412,33920,0x07
2026-09-06T20:51:41.842,143,0,2,50,-2187,-1180,23883,-2637,-1280,29861,0x07
2026-09-06T20:51:41.842,142,0,1,51,3345,1529,36018,3372,2294,34441,0x07
2026-09-06T20:51:41.907,145,0,2,50,-2075,-1500,21165,-2569,-1320,28838,0x07
2026-09-06T20:51:41.907,144,0,1,50,3346,2380,32414,3375,1520,37776,0x07
2026-09-06T20:51:41.972,147,0,2,53,-1342,-1547,12078,-2011,-1717,20106,0x07
2026-09-06T20:51:41.972,146,0,1,57,3272,2035,32989,3108,2053,32165,0x07
2026-09-06T20:51:42.037,149,0,2,51,-1342,-1353,12903,-2011,-1804,19737,0x07
2026-09-06T20:51:42.037,148,0,1,50,3272,2180,32373,3108,2120,31879,0x07
2026-09-06T20:51:42.103,151,0,2,50,-1021,-1380,8898,-1689,-1720,16034,0x07
2026-09-06T20:51:42.103,150,0,1,50,3160,2240,30773,2999,2260,29926,0x07
2026-09-06T20:51:42.168,153,0,2,51,-939,-1039,9344,-1561,-1588,14972,0x07
2026-09-06T20:51:42.168,152,0,1,50,3102,2580,28639,2968,2520,28431,0x07
2026-09-06T20:51:42.233,155,0,2,50,-863,-1020,8508,-1486,-1540,14227,0x07
2026-09-06T20:51:42.233,154,0,1,50,3092,2540,28684,2981,2580,28334,0x07
2026-09-06T20:51:42.298,157,0,2,52,-934,-1212,8559,-1519,-1308,15635,0x07
2026-09-06T20:51:42.298,156,0,1,50,3082,2540,28566,2957,2440,28630,0x07
2026-09-06T20:51:42.364,159,0,2,51,-1346,-1059,14199,-1854,-1059,20924,0x07
2026-09-06T20:51:42.364,158,0,1,50,3057,2700,27586,2913,2440,28087,0x07
2026-09-06T20:51:42.445,161,0,2,50,-1346,-760,15469,-1854,-1020,21089,0x07
2026-09-06T20:51:42.445,160,0,1,51,3059,2490,28498,2944,2608,27760,0x07
2026-09-06T20:51:42.510,163,0,2,50,-1518,-420,19000,-2012,-300,26137,0x07
2026-09-06T20:51:42.510,162,0,1,50,3083,1880,31383,2988,1840,31566,0x07
2026-09-06T20:51:42.575,165,0,2,51,-1766,-196,22959,-2213,-294,28706,0x07
2026-09-06T20:51:42.575,164,0,1,51,3089,784,36105,2973,1275,33785,0x07
2026-09-06T20:51:42.640,167,0,2,50,-1804,-60,24004,-2291,-40,30762,0x07
2026-09-06T20:51:42.640,166,0,1,50,3185,0,40000,3236,1020,38166,0x07
2026-09-06T20:51:42.705,169,0,2,52,-1614,-58,21709,-2180,0,29532,0x07
2026-09-06T20:51:42.705,168,0,1,52,3321,0,40000,3500,596,40000,0x07
2026-09-06T20:51:42.964,171,0,2,51,-1351,-157,18089,-1966,0,26838,0x07
2026-09-06T20:51:42.964,170,0,1,50,3321,0,40000,3500,900,40000,0x07
2026-09-06T20:51:43.240,173,0,2,50,-1243,-140,16860,-1838,0,25220,0x07
2026-09-06T20:51:43.240,172,0,1,51,3315,0,40000,3500,922,40000,0x07
2026-09-06T20:51:43.305,175,0,2,51,-1001,-196,13683,-1645,0,22782,0x07
2026-09-06T20:51:43.305,174,0,1,52,3308,0,40000,3500,654,40000,0x07
2026-09-06T20:51:43.369,177,0,2,50,0,0,7204,0,0,12883,0x07
2026-09-06T20:51:43.369,176,0,1,52,0,0,28040,0,0,30919,0x07
2026-09-06T20:51:43.450,179,0,2,52,0,0,0,0,0,0,0x03
2026-09-06T20:51:43.450,178,0,1,52,0,0,0,0,0,0,0x03
2026-09-06T20:51:43.710,181,0,2,50,0,0,0,0,0,0,0x03
2026-09-06T20:51:43.710,180,0,1,51,0,0,19095,0,0,27166,0x07
2026-09-06T20:51:43.985,183,0,2,51,0,0,0,0,0,0,0x03
2026-09-06T20:51:43.985,182,0,1,50,2159,0,28269,3045,80,39769,0x07
2026-09-06T20:51:44.034,185,0,2,50,0,0,0,0,0,0,0x03
2026-09-06T20:51:44.034,184,0,1,50,2405,0,31232,2820,40,37122,0x07
2026-09-06T20:51:44.115,187,0,2,50,0,0,0,0,0,0,0x03
2026-09-06T20:51:44.115,186,0,1,51,0,0,21056,0,0,25362,0x07
2026-09-06T20:51:44.180,189,0,2,50,0,0,0,0,0,0,0x03
2026-09-06T20:51:44.180,188,0,1,50,0,0,0,0,0,0,0x03
2026-09-06T20:51:44.245,191,0,2,51,0,0,0,0,0,0,0x03
2026-09-06T20:51:44.245,190,0,1,50,0,0,20837,0,0,25248,0x07
2026-09-06T20:51:44.310,193,0,2,50,0,0,0,0,0,0,0x03
2026-09-06T20:51:44.310,192,0,1,51,2383,0,30965,2813,78,36871,0x07
2026-09-06T20:51:44.375,195,0,2,51,0,0,0,0,0,0,0x03
2026-09-06T20:51:44.375,194,0,1,50,2385,0,30989,2809,0,37148,0x07
2026-09-06T20:51:44.440,197,0,2,52,0,0,0,0,0,0,0x03
2026-09-06T20:51:44.440,196,0,1,50,2399,0,31159,2816,0,37245,0x07
2026-09-06T20:51:44.522,199,0,2,50,0,0,0,0,0,0,0x03
2026-09-06T20:51:44.522,198,0,1,52,2399,0,31159,2816,0,37245,0x07
2026-09-06T20:51:44.571,201,0,2,50,0,0,0,0,0,0,0x03
2026-09-06T20:51:44.571,200,0,1,50,0,0,15435,2815,0,37231,0x07
2026-09-06T20:51:44.652,203,0,2,51,0,0,0,0,0,0,0x03
2026-09-06T20:51:44.652,202,0,1,52,-1687,-58,22360,1750,0,23898,0x07
2026-09-06T20:51:44.717,205,0,2,51,0,0,0,0,0,0,0x03
2026-09-06T20:51:44.717,204,0,1,50,-1687,-300,21330,1750,0,23898,0x07
2026-09-06T20:51:44.783,207,0,2,52,0,0,0,0,0,0,0x03
2026-09-06T20:51:44.783,206,0,1,50,-1687,-200,21755,1750,0,23898,0x07
2026-09-06T20:51:44.848,209,0,2,51,0,0,0,0,0,0,0x03
2026-09-06T20:51:44.848,208,0,1,54,-1687,-93,22211,1750,315,22561,0x07
2026-09-06T20:51:44.913,211,0,2,52,0,0,0,0,0,0,0x03
2026-09-06T20:51:44.913,210,0,1,51,-1687,-78,22271,1750,275,22732,0x07
2026-09-06T20:51:44.978,213,0,2,51,0,0,0,0,0,0,0x03
2026-09-06T20:51:44.978,212,0,1,50,0,0,0,0,0,0,0x03
2026-09-06T20:51:45.043,215,0,2,50,0,0,0,0,0,0,0x03
2026-09-06T20:51:45.043,214,0,1,50,0,0,16176,0,0,22139,0x07
2026-09-06T20:51:45.109,217,0,2,50,0,0,0,0,0,0,0x03
2026-09-06T20:51:45.109,216,0,1,51,1782,1020,19418,2437,98,32080,0x07
2026-09-06T20:51:45.190,219,0,2,51,0,0,0,0,0,0,0x03
2026-09-06T20:51:45.190,218,0,1,52,1745,308,21994,2281,231,29558,0x07
2026-09-06T20:51:45.256,221,0,2,50,0,0,0,0,0,0,0x03
2026-09-06T20:51:45.256,220,0,1,51,1703,157,22133,2230,20,29815,0x07
2026-09-06T20:51:45.320,223,0,2,50,0,0,0,0,0,0,0x03
2026-09-06T20:51:45.320,222,0,1,52,1810,19,24001,2286,0,30604,0x07
2026-09-06T20:51:45.385,225,0,2,51,0,0,0,0,0,0,0x03
2026-09-06T20:51:45.385,224,0,1,50,1810,0,24083,2286,0,30604,0x07
2026-09-06T20:51:45.451,227,0,2,51,0,0,0,0,0,0,0x03
2026-09-06T20:51:45.451,226,0,1,52,1993,0,26280,2426,0,32360,0x07
2026-09-06T20:51:45.516,229,0,2,52,0,0,0,0,0,0,0x03
2026-09-06T20:51:45.516,228,0,1,55,2161,0,28293,2598,0,34515,0x07
2026-09-06T20:51:45.581,231,0,2,50,0,0,0,0,0,0,0x03
2026-09-06T20:51:45.647,233,0,2,52,0,0,0,0,0,0,0x03
2026-09-06T20:51:45.647,232,0,1,50,2193,0,28683,2634,0,34962,0x07
2026-09-06T20:51:45.712,235,0,2,50,0,0,0,0,0,0,0x03
2026-09-06T20:51:45.712,234,0,1,52,2205,0,28825,2650,0,35163,0x07
2026-09-06T20:51:45.792,235,0,2,50,0,0,0,0,0,0,0x03
2026-09-06T20:51:45.792,234,0,1,54,2205,0,28829,2654,0,35216,0x07
2026-09-06T20:51:45.858,235,0,2,50,0,0,0,0,0,0,0x03
2026-09-06T20:51:45.858,238,0,1,52,2205,0,28829,2654,0,35216,0x07
2026-09-06T20:51:45.923,241,0,2,50,0,0,0,0,0,0,0x03
2026-09-06T20:51:45.923,240,0,1,51,2192,0,28667,2645,0,35103,0x07
2026-09-06T20:51:45.988,243,0,2,51,0,0,0,0,0,0,0x03
2026-09-06T20:51:45.989,242,0,1,52,2184,0,28573,2639,0,35019,0x07
2026-09-06T20:51:46.053,245,0,2,52,0,0,0,0,0,0,0x03
2026-09-06T20:51:46.053,244,0,1,51,0,0,15435,2633,0,34944,0x07
2026-09-06T20:51:46.118,247,0,2,55,0,0,0,0,0,0,0x03
2026-09-06T20:51:46.118,246,0,1,52,-1687,-250,21542,1750,0,23898,0x07
2026-09-06T20:51:46.182,249,0,2,52,0,0,0,0,0,0,0x03
2026-09-06T20:51:46.182,248,0,1,52,-1687,-692,19662,1750,19,23817,0x07
2026-09-06T20:51:46.247,251,0,2,52,0,0,0,0,0,0,0x03
2026-09-06T20:51:46.247,250,0,1,50,-1687,-540,20310,1750,580,21434,0x07
2026-09-06T20:51:46.328,253,0,2,50,0,0,0,0,0,0,0x03
2026-09-06T20:51:46.329,252,0,1,52,-1687,-788,19254,1750,654,21120,0x07
2026-09-06T20:51:46.393,255,0,2,53,0,0,0,0,0,0,0x03
2026-09-06T20:51:46.393,254,0,1,50,-1687,-880,18865,1750,820,20414,0x07
2026-09-06T20:51:46.458,257,0,2,51,0,0,0,0,0,0,0x03
2026-09-06T20:51:46.458,256,0,1,55,0,0,0,0,0,0,0x03
2026-09-06T20:51:46.523,259,0,2,51,0,0,0,0,0,0,0x03
2026-09-06T20:51:46.523,258,0,1,50,0,0,19291,0,0,23788,0x07
2026-09-06T20:51:46.588,261,0,2,50,0,0,0,0,0,0,0x03
2026-09-06T20:51:46.588,260,0,1,52,-2184,-308,27265,-2637,-385,33359,0x07
2026-09-06T20:51:46.653,263,0,2,52,0,0,0,0,0,0,0x03
2026-09-06T20:51:46.653,262,0,1,54,0,0,0,0,0,0,0x03
2026-09-06T20:51:46.718,265,0,2,51,0,0,0,0,0,0,0x03
2026-09-06T20:51:46.718,264,0,1,52,0,0,0,0,0,0,0x03
2026-09-06T20:51:46.783,267,0,2,52,0,0,0,0,0,0,0x03
2026-09-06T20:51:46.783,266,0,1,51,0,0,28526,0,0,25897,0x07
2026-09-06T20:51:46.864,269,0,2,51,0,0,0,0,0,0,0x03
2026-09-06T20:51:46.864,268,0,1,50,-3374,-500,40000,-2892,0,38187,0x07
2026-09-06T20:51:46.929,271,0,2,51,0,0,0,0,0,0,0x03
2026-09-06T20:51:46.929,270,0,1,50,-2537,-1200,27713,-1809,0,24638,0x07
2026-09-06T20:51:46.994,273,0,2,51,0,0,0,0,0,0,0x03
2026-09-06T20:51:46.994,272,0,1,51,-1333,-1078,13770,-424,0,7296,0x07
2026-09-06T20:51:47.059,275,0,2,51,0,0,0,0,0,0,0x03
2026-09-06T20:51:47.059,274,0,1,51,-1315,-1137,13297,-387,-20,6753,0x07
2026-09-06T20:51:47.125,277,0,2,51,0,0,0,0,0,0,0x03
2026-09-06T20:51:47.125,276,0,1,51,0,0,14961,0,0,11488,0x07
2026-09-06T20:51:47.190,279,0,2,51,0,0,0,0,0,0,0x03
2026-09-06T20:51:47.190,278,0,1,50,1626,280,20681,1148,140,15773,0x07
2026-09-06T20:51:47.254,281,0,2,50,0,0,0,0,0,0,0x03
2026-09-06T20:51:47.254,280,0,1,51,2378,333,29482,2372,667,28853,0x07
2026-09-06T20:51:47.320,283,0,2,50,0,0,0,0,0,0,0x03
2026-09-06T20:51:47.320,282,0,1,52,3039,577,36391,3302,1500,36941,0x07
2026-09-06T20:51:47.385,285,0,2,52,0,0,0,0,0,0,0x03
2026-09-06T20:51:47.385,284,0,1,50,3228,960,37027,3500,2160,36619,0x07
2026-09-06T20:51:47.466,287,0,2,50,0,0,0,0,0,0,0x03
2026-09-06T20:51:47.466,286,0,1,51,3138,1275,34621,3500,2255,36216,0x07
2026-09-06T20:51:47.531,289,0,2,52,0,0,0,0,0,0,0x03
2026-09-06T20:51:47.531,288,0,1,50,3061,1580,32390,3355,1340,38290,0x07
2026-09-06T20:51:47.596,291,0,2,50,0,0,0,0,0,0,0x03
2026-09-06T20:51:47.596,290,0,1,50,3061,2080,30265,3355,1160,39055,0x07
2026-09-06T20:51:47.661,293,0,2,50,0,0,0,0,0,0,0x03
2026-09-06T20:51:47.661,292,0,1,51,3040,1686,31692,3343,804,40000,0x07
2026-09-06T20:51:47.726,295,0,2,50,0,0,0,0,0,0,0x03
2026-09-06T20:51:47.726,294,0,1,50,2883,180,36204,3273,920,39051,0x07
2026-09-06T20:51:47.791,297,0,2,50,0,0,0,0,0,0,0x03
2026-09-06T20:51:47.791,296,0,1,50,2814,0,36143,3194,1000,37721,0x07
2026-09-06T20:51:47.856,299,0,2,50,0,0,0,0,0,0,0x03
2026-09-06T20:51:47.856,298,0,1,51,2784,0,35775,3152,804,38029,0x07
2026-09-06T20:51:47.921,301,0,2,51,0,0,0,0,0,0,0x03
2026-09-06T20:51:47.921,300,0,1,51,2795,0,35916,3143,902,37493,0x07
2026-09-06T20:51:48.002,303,0,2,51,0,0,0,0,0,0,0x03
2026-09-06T20:51:48.002,302,0,1,51,2795,0,35916,3143,980,37160,0x07
2026-09-06T20:51:48.067,305,0,2,52,0,0,0,0,0,0,0x03
2026-09-06T20:51:48.067,304,0,1,52,2817,0,36176,3156,846,37897,0x07
2026-09-06T20:51:48.132,307,0,2,54,0,0,0,0,0,0,0x03
2026-09-06T20:51:48.132,306,0,1,51,2838,0,36430,3172,431,39862,0x07
2026-09-06T20:51:48.198,309,0,2,52,0,0,0,0,0,0,0x03
2026-09-06T20:51:48.198,308,0,1,51,2854,0,36622,3186,784,38537,0x07
2026-09-06T20:51:48.263,311,0,2,51,0,0,0,0,0,0,0x03
2026-09-06T20:51:48.263,310,0,1,52,2869,0,36796,3198,1038,37605,0x07
2026-09-06T20:51:48.327,313,0,2,52,0,0,0,0,0,0,0x03
2026-09-06T20:51:48.327,312,0,1,50,2883,180,36209,3212,780,38883,0x07
2026-09-06T20:51:48.392,315,0,2,50,0,0,0,0,0,0,0x03
2026-09-06T20:51:48.392,314,0,1,51,2883,98,36557,3212,941,38198,0x07
2026-09-06T20:51:48.458,317,0,2,50,0,0,0,0,0,0,0x03
2026-09-06T20:51:48.458,316,0,1,50,2886,0,37007,3216,1060,37742,0x07
2026-09-06T20:51:48.538,319,0,2,51,0,0,0,0,0,0,0x03
2026-09-06T20:51:48.539,318,0,1,50,2887,0,37023,3218,980,38104,0x07
2026-09-06T20:51:48.603,321,0,2,52,0,0,0,0,0,0,0x03
2026-09-06T20:51:48.603,320,0,1,50,2888,0,37027,3219,1000,38027,0x07
2026-09-06T20:51:48.669,323,0,2,50,0,0,0,0,0,0,0x03
2026-09-06T20:51:48.669,322,0,1,50,2887,0,37023,3219,1000,38027,0x07
2026-09-06T20:51:48.734,325,0,2,51,0,0,0,0,0,0,0x03
2026-09-06T20:51:48.734,324,0,1,55,2885,0,36998,3218,618,39637,0x07
2026-09-06T20:51:48.800,327,0,2,51,0,0,0,0,0,0,0x03
2026-09-06T20:51:48.800,326,0,1,52,0,0,15435,3218,654,39486,0x07
2026-09-06T20:51:48.865,329,0,2,50,0,0,0,0,0,0,0x03
2026-09-06T20:51:48.865,328,0,1,51,-1687,-510,20438,1750,922,19982,0x07
2026-09-06T20:51:48.930,331,0,2,51,0,0,0,0,0,0,0x03
2026-09-06T20:51:48.930,330,0,1,52,-1687,-385,20970,1750,423,22100,0x07
2026-09-06T20:51:48.995,333,0,2,50,0,0,0,0,0,0,0x03
2026-09-06T20:51:48.995,332,0,1,52,-1687,-173,21869,1750,0,23898,0x07
2026-09-06T20:51:49.060,335,0,2,50,0,0,0,0,0,0,0x03
2026-09-06T20:51:49.060,334,0,1,50,-1687,-440,20735,1750,0,23898,0x07
2026-09-06T20:51:49.142,337,0,2,50,0,0,0,0,0,0,0x03
2026-09-06T20:51:49.142,336,0,1,50,-1687,-520,20395,1750,40,23728,0x07
2026-09-06T20:51:49.207,339,0,2,52,0,0,0,0,0,0,0x03
2026-09-06T20:51:49.207,338,0,1,50,0,0,0,0,0,0,0x03
2026-09-06T20:51:49.271,341,0,2,50,0,0,0,0,0,0,0x03
2026-09-06T20:51:49.271,340,0,1,50,0,0,17862,0,0,24546,0x07
2026-09-06T20:51:49.337,343,0,2,53,0,0,0,0,0,0,0x03
2026-09-06T20:51:49.337,342,0,1,50,2000,100,25936,2728,560,33761,0x07
2026-09-06T20:51:49.401,345,0,2,51,0,0,0,0,0,0,0x03
2026-09-06T20:51:49.401,344,0,1,56,363,607,4118,1374,786,15850,0x07
2026-09-06T20:51:49.466,347,0,2,52,0,0,0,0,0,0,0x03
2026-09-06T20:51:49.466,346,0,1,51,363,294,5448,1374,824,15689,0x07
2026-09-06T20:51:49.531,349,0,2,51,0,0,0,0,0,0,0x03
2026-09-06T20:51:49.531,348,0,1,51,0,0,12879,0,0,17791,0x07
2026-09-06T20:51:49.596,351,0,2,52,0,0,0,0,0,0,0x03
2026-09-06T20:51:49.596,350,0,1,52,-1358,-173,17914,-1911,-308,24605,0x07
2026-09-06T20:51:49.677,353,0,2,52,0,0,0,0,0,0,0x03
2026-09-06T20:51:49.677,352,0,1,53,-2585,-604,30825,-2840,-377,35930,0x07
2026-09-06T20:51:49.742,355,0,2,51,0,0,0,0,0,0,0x03
2026-09-06T20:51:49.742,354,0,1,50,-2585,-860,29736,-2840,-200,36684,0x07
2026-09-06T20:51:49.807,357,0,2,51,0,0,0,0,0,0,0x03
2026-09-06T20:51:49.807,356,0,1,50,-2944,-1180,32689,-3137,-40,40000,0x07
2026-09-06T20:51:49.872,359,0,2,50,0,0,0,0,0,0,0x03
2026-09-06T20:51:49.872,358,0,1,50,-3262,-1280,36080,-3345,-20,40000,0x07
2026-09-06T20:51:49.937,361,0,2,50,0,0,0,0,0,0,0x03
2026-09-06T20:51:49.938,360,0,1,51,-3374,-1843,35032,-3419,-20,40000,0x07
2026-09-06T20:51:50.003,363,0,2,51,0,0,0,0,0,0,0x03
2026-09-06T20:51:50.003,362,0,1,51,-3374,-1843,35032,-3372,-137,40000,0x07
2026-09-06T20:51:50.068,365,0,2,51,0,0,0,0,0,0,0x03
2026-09-06T20:51:50.068,364,0,1,53,-3162,-925,36396,-2955,0,38974,0x07
2026-09-06T20:51:50.133,367,0,2,52,0,0,0,0,0,0,0x03
2026-09-06T20:51:50.133,366,0,1,51,-3162,-980,36159,-2955,0,38974,0x07
2026-09-06T20:51:50.214,369,0,2,50,0,0,0,0,0,0,0x03
2026-09-06T20:51:50.214,368,0,1,51,-3012,-1216,33348,-2782,0,36819,0x07
2026-09-06T20:51:50.263,371,0,2,51,0,0,0,0,0,0,0x03
2026-09-06T20:51:50.263,370,0,1,52,-2919,-1077,32819,-2706,0,35861,0x07
2026-09-06T20:51:50.345,373,0,2,51,0,0,0,0,0,0,0x03
2026-09-06T20:51:50.345,372,0,1,56,-2925,-500,35351,-2753,0,36446,0x07
2026-09-06T20:51:50.410,375,0,2,52,0,0,0,0,0,0,0x03
2026-09-06T20:51:50.410,374,0,1,50,-2925,-580,35011,-2753,0,36446,0x07
2026-09-06T20:51:50.475,377,0,2,51,0,0,0,0,0,0,0x03
2026-09-06T20:51:50.475,376,0,1,51,-2971,-608,35448,-2854,0,37709,0x07
2026-09-06T20:51:50.540,379,0,2,52,0,0,0,0,0,0,0x03
2026-09-06T20:51:50.540,378,0,1,50,-3025,-620,36041,-2921,0,38559,0x07
2026-09-06T20:51:50.605,381,0,2,52,0,0,0,0,0,0,0x03
2026-09-06T20:51:50.605,380,0,1,51,-3033,-843,35182,-2894,0,38216,0x07
2026-09-06T20:51:50.671,383,0,2,51,0,0,0,0,0,0,0x03
2026-09-06T20:51:50.671,382,0,1,51,-3061,-922,35193,-2966,0,39119,0x07
2026-09-06T20:51:50.736,385,0,2,50,0,0,0,0,0,0,0x03
2026-09-06T20:51:50.736,384,0,1,54,-3047,-1130,34143,-2911,0,38431,0x07
2026-09-06T20:51:50.801,387,0,2,52,0,0,0,0,0,0,0x03
2026-09-06T20:51:50.801,386,0,1,51,-3047,-784,35610,-2911,0,38431,0x07
2026-09-06T20:51:50.882,389,0,2,51,0,0,0,0,0,0,0x03
2026-09-06T20:51:50.882,388,0,1,50,-3038,-640,36110,-2901,0,38305,0x07
2026-09-06T20:51:50.947,391,0,2,52,0,0,0,0,0,0,0x03
2026-09-06T20:51:50.947,390,0,1,51,-3032,-1216,33594,-2896,0,38234,0x07
2026-09-06T20:51:51.012,393,0,2,50,0,0,0,0,0,0,0x03
2026-09-06T20:51:51.013,392,0,1,50,-3063,-840,35560,-2970,0,39162,0x07
2026-09-06T20:51:51.078,395,0,2,54,0,0,0,0,0,0,0x03
2026-09-06T20:51:51.078,394,0,1,50,-3095,-700,36543,-3005,0,39606,0x07
2026-09-06T20:51:51.142,397,0,2,50,0,0,0,0,0,0,0x03
2026-09-06T20:51:51.143,396,0,1,53,-1687,-830,19076,1750,0,23898,0x07
2026-09-06T20:51:51.207,399,0,2,50,0,0,0,0,0,0,0x03
2026-09-06T20:51:51.207,398,0,1,52,-1687,-308,21297,1750,288,22673,0x07
2026-09-06T20:51:51.273,401,0,2,50,0,0,0,0,0,0,0x03
2026-09-06T20:51:51.273,400,0,1,51,-1687,-20,22521,1750,353,22398,0x07
2026-09-06T20:51:51.337,403,0,2,51,0,0,0,0,0,0,0x03
2026-09-06T20:51:51.337,402,0,1,51,-1687,-20,22521,1750,451,21982,0x07
2026-09-06T20:51:51.419,405,0,2,50,0,0,0,0,0,0,0x03
2026-09-06T20:51:51.419,404,0,1,53,-1687,-396,20921,1750,811,20450,0x07
2026-09-06T20:51:51.484,407,0,2,51,0,0,0,0,0,0,0x03
2026-09-06T20:51:51.484,406,0,1,51,-1687,-667,19771,1750,863,20232,0x07
2026-09-06T20:51:51.549,409,0,2,51,0,0,0,0,0,0,0x03
2026-09-06T20:51:51.550,408,0,1,52,0,0,0,0,0,0,0x03
2026-09-06T20:51:51.614,411,0,2,50,0,0,0,0,0,0,0x03
2026-09-06T20:51:51.614,410,0,1,51,0,0,0,0,0,0,0x03
2026-09-06T20:51:51.679,413,0,2,52,0,0,0,0,0,0,0x03
2026-09-06T20:51:51.679,412,0,1,50,0,0,17490,0,0,14733,0x07
2026-09-06T20:51:51.744,415,0,2,54,0,0,0,0,0,0,0x03
2026-09-06T20:51:51.745,414,0,1,51,1952,39,25619,1541,490,19199,0x07
2026-09-06T20:51:51.809,417,0,2,51,0,0,0,0,0,0,0x03
2026-09-06T20:51:51.809,416,0,1,55,3157,564,37865,3500,818,40000,0x07
2026-09-06T20:51:51.874,419,0,2,52,0,0,0,0,0,0,0x03
2026-09-06T20:51:51.874,418,0,1,51,3157,1078,35677,3500,1412,39799,0x07
2026-09-06T20:51:51.956,421,0,2,51,0,0,0,0,0,0,0x03
2026-09-06T20:51:51.956,420,0,1,50,2841,1160,31533,3423,1400,38889,0x07
2026-09-06T20:51:52.004,423,0,2,50,0,0,0,0,0,0,0x03
2026-09-06T20:51:52.004,422,0,1,50,2634,620,31340,3126,1020,36786,0x07
2026-09-06T20:51:52.086,425,0,2,52,0,0,0,0,0,0,0x03
2026-09-06T20:51:52.086,424,0,1,50,2619,20,33711,3025,440,37990,0x07
2026-09-06T20:51:52.151,427,0,2,50,0,0,0,0,0,0,0x03
2026-09-06T20:51:52.151,426,0,1,51,2683,0,34571,3041,627,37385,0x07
2026-09-06T20:51:52.216,429,0,2,50,0,0,0,0,0,0,0x03
2026-09-06T20:51:52.216,428,0,1,52,2738,19,35146,3082,885,36805,0x07
2026-09-06T20:51:52.281,431,0,2,50,0,0,0,0,0,0,0x03
2026-09-06T20:51:52.281,430,0,1,52,2791,596,33334,3124,692,38148,0x07
2026-09-06T20:51:52.346,433,0,2,51,0,0,0,0,0,0,0x03
2026-09-06T20:51:52.346,432,0,1,51,2836,706,33407,3161,706,38559,0x07
2026-09-06T20:51:52.411,435,0,2,51,0,0,0,0,0,0,0x03
2026-09-06T20:51:52.412,434,0,1,51,2870,1412,30816,3191,843,38353,0x07
2026-09-06T20:51:52.477,437,0,2,51,0,0,0,0,0,0,0x03
2026-09-06T20:51:52.477,436,0,1,56,2908,1143,32412,3228,964,38297,0x07
2026-09-06T20:51:52.542,439,0,2,52,0,0,0,0,0,0,0x03
2026-09-06T20:51:52.542,438,0,1,50,2908,80,36929,3228,1040,37975,0x07
2026-09-06T20:51:52.608,441,0,2,51,0,0,0,0,0,0,0x03
2026-09-06T20:51:52.608,440,0,1,50,2916,0,37363,3236,1060,37996,0x07
2026-09-06T20:51:52.689,443,0,2,51,0,0,0,0,0,0,0x03
2026-09-06T20:51:52.689,442,0,1,51,2920,0,37408,3241,1118,37813,0x07
2026-09-06T20:51:52.754,445,0,2,50,0,0,0,0,0,0,0x03
2026-09-06T20:51:52.754,444,0,1,50,2920,0,37416,3243,440,40000,0x07
2026-09-06T20:51:52.819,447,0,2,50,0,0,0,0,0,0,0x03
2026-09-06T20:51:52.819,446,0,1,50,2919,0,37404,3243,220,40000,0x07
2026-09-06T20:51:52.885,449,0,2,52,0,0,0,0,0,0,0x03
2026-09-06T20:51:52.885,448,0,1,50,2917,0,37382,3242,1040,38155,0x07
2026-09-06T20:51:52.950,451,0,2,51,0,0,0,0,0,0,0x03
2026-09-06T20:51:52.950,450,0,1,50,2915,0,37359,3241,1000,38307,0x07
2026-09-06T20:51:53.015,453,0,2,53,0,0,0,0,0,0,0x03
2026-09-06T20:51:53.015,452,0,1,50,2914,20,37258,3240,740,39395,0x07
2026-09-06T20:51:53.080,455,0,2,52,0,0,0,0,0,0,0x03
2026-09-06T20:51:53.080,454,0,1,51,2913,0,37326,3239,745,39360,0x07
2026-09-06T20:51:53.145,457,0,2,50,0,0,0,0,0,0,0x03
2026-09-06T20:51:53.146,456,0,1,51,0,0,15435,3238,882,38768,0x07
2026-09-06T20:51:53.226,459,0,2,50,0,0,0,0,0,0,0x03
2026-09-06T20:51:53.226,458,0,1,50,-1687,-500,20480,1750,800,20498,0x07
2026-09-06T20:51:53.290,461,0,2,50,0,0,0,0,0,0,0x03
2026-09-06T20:51:53.290,460,0,1,50,-1687,-440,20735,1750,280,22708,0x07
2026-09-06T20:51:53.355,463,0,2,50,0,0,0,0,0,0,0x03
2026-09-06T20:51:53.355,462,0,1,52,-1687,-462,20643,1750,0,23898,0x07
2026-09-06T20:51:53.421,465,0,2,52,0,0,0,0,0,0,0x03
2026-09-06T20:51:53.421,464,0,1,50,-1687,-620,19970,1750,100,23474,0x07
2026-09-06T20:51:53.486,467,0,2,51,0,0,0,0,0,0,0x03
2026-09-06T20:51:53.486,466,0,1,51,-1687,-706,19605,1750,255,22815,0x07
2026-09-06T20:51:53.551,469,0,2,51,0,0,0,0,0,0,0x03
2026-09-06T20:51:53.551,468,0,1,51,0,0,0,0,0,0,0x03
2026-09-06T20:51:53.616,471,0,2,50,0,0,0,0,0,0,0x03
2026-09-06T20:51:53.616,470,0,1,50,0,0,9726,0,0,18925,0x07
2026-09-06T20:51:53.681,473,0,2,51,0,0,0,0,0,0,0x03
2026-09-06T20:51:53.681,472,0,1,51,951,78,13436,2048,333,26213,0x07
2026-09-06T20:51:53.762,475,0,2,51,0,0,0,0,0,0,0x03
2026-09-06T20:51:53.762,474,0,1,52,0,0,15752,0,0,20501,0x07
2026-09-06T20:51:53.811,477,0,2,51,0,0,0,0,0,0,0x03
2026-09-06T20:51:53.811,476,0,1,50,-1728,-440,21225,-2239,-140,29422,0x07
2026-09-06T20:51:53.893,479,0,2,51,0,0,0,0,0,0,0x03
2026-09-06T20:51:53.893,478,0,1,51,-3080,-510,37174,-3025,-78,39521,0x07
2026-09-06T20:51:53.957,481,0,2,52,0,0,0,0,0,0,0x03
2026-09-06T20:51:53.957,480,0,1,50,-3374,-900,39040,-3363,0,40000,0x07
2026-09-06T20:51:54.022,483,0,2,51,0,0,0,0,0,0,0x03
2026-09-06T20:51:54.023,482,0,1,51,-3374,-1294,37366,-3406,-59,40000,0x07
2026-09-06T20:51:54.088,485,0,2,54,0,0,0,0,0,0,0x03
2026-09-06T20:51:54.088,484,0,1,51,-3374,-1922,34699,-3355,-39,40000,0x07
2026-09-06T20:51:54.153,487,0,2,51,0,0,0,0,0,0,0x03
2026-09-06T20:51:54.153,486,0,1,53,-3142,-1208,34946,-2883,-38,37912,0x07
2026-09-06T20:51:54.218,489,0,2,50,0,0,0,0,0,0,0x03
2026-09-06T20:51:54.218,488,0,1,52,-3142,-577,37626,-2883,0,38072,0x07
2026-09-06T20:51:54.300,491,0,2,50,0,0,0,0,0,0,0x03
2026-09-06T20:51:54.300,490,0,1,52,-2953,-712,34789,-2696,0,35743,0x07
2026-09-06T20:51:54.348,493,0,2,50,0,0,0,0,0,0,0x03
2026-09-06T20:51:54.349,492,0,1,50,-2835,-660,33586,-2586,0,34367,0x07
2026-09-06T20:51:54.429,495,0,2,50,0,0,0,0,0,0,0x03
2026-09-06T20:51:54.429,494,0,1,50,-2778,-680,32819,-2544,0,33832,0x07
2026-09-06T20:51:54.494,497,0,2,53,0,0,0,0,0,0,0x03
2026-09-06T20:51:54.494,496,0,1,52,-2766,-481,33521,-2547,0,33876,0x07
2026-09-06T20:51:54.559,499,0,2,53,0,0,0,0,0,0,0x03
2026-09-06T20:51:54.559,498,0,1,51,-2780,-647,32984,-2576,0,34239,0x07
2026-09-06T20:51:54.625,501,0,2,51,0,0,0,0,0,0,0x03
2026-09-06T20:51:54.625,500,0,1,51,-2806,-922,32133,-2615,0,34726,0x07
2026-09-06T20:51:54.690,503,0,2,50,0,0,0,0,0,0,0x03
2026-09-06T20:51:54.690,502,0,1,51,-2791,-471,33864,-2568,0,34134,0x07
2026-09-06T20:51:54.756,505,0,2,50,0,0,0,0,0,0,0x03
2026-09-06T20:51:54.756,504,0,1,50,-2820,-680,33326,-2641,0,35054,0x07
2026-09-06T20:51:54.885,507,0,2,50,0,0,0,0,0,0,0x03
2026-09-06T20:51:54.885,506,0,1,55,0,0,0,0,0,0,0x03
2026-09-06T20:51:54.966,509,0,2,50,0,0,0,0,0,0,0x03
2026-09-06T20:51:54.966,508,0,1,51,0,0,0,0,0,0,0x03
2026-09-06T20:51:55.031,511,0,2,51,0,0,0,0,0,0,0x03
2026-09-06T20:51:55.031,510,0,1,50,0,0,23950,0,0,23218,0x07
2026-09-06T20:51:55.095,513,0,2,50,0,0,0,0,0,0,0x03
2026-09-06T20:51:55.095,512,0,1,50,-2784,0,35783,-2568,0,34130,0x07
2026-09-06T20:51:55.289,515,0,2,51,0,0,0,0,0,0,0x03
2026-09-06T20:51:55.289,514,0,1,52,-2782,0,35755,-2570,0,34156,0x07
2026-09-06T20:51:55.355,517,0,2,51,0,0,0,0,0,0,0x03
2026-09-06T20:51:55.355,516,0,1,53,-2826,0,36289,-2659,0,35277,0x07
2026-09-06T20:51:55.420,519,0,2,50,0,0,0,0,0,0,0x03
2026-09-06T20:51:55.420,518,0,1,50,-2826,0,36289,0,0,16461,0x07
2026-09-06T20:51:55.501,521,0,2,50,0,0,0,0,0,0,0x03
2026-09-06T20:51:55.501,520,0,1,57,-1687,0,22605,1750,0,23898,0x07
2026-09-06T20:51:55.566,523,0,2,50,0,0,0,0,0,0,0x03
2026-09-06T20:51:55.566,522,0,1,51,-1687,-333,21188,1750,627,21232,0x07
2026-09-06T20:51:55.631,525,0,2,51,0,0,0,0,0,0,0x03
2026-09-06T20:51:55.631,524,0,1,50,-1687,-500,20480,1750,660,21094,0x07
2026-09-06T20:51:55.696,527,0,2,52,0,0,0,0,0,0,0x03
2026-09-06T20:51:55.696,526,0,1,50,0,0,0,0,0,0,0x03
2026-09-06T20:51:55.761,529,0,2,51,0,0,0,0,0,0,0x03
2026-09-06T20:51:55.761,528,0,1,50,0,0,14050,0,0,3527,0x07
2026-09-06T20:51:55.825,531,0,2,50,0,0,0,0,0,0,0x03
2026-09-06T20:51:55.825,530,0,1,52,0,0,15070,0,0,11626,0x07
2026-09-06T20:51:55.891,533,0,2,50,0,0,0,0,0,0,0x03
2026-09-06T20:51:55.891,532,0,1,50,2793,460,33929,3162,660,38759,0x07
2026-09-06T20:51:55.956,535,0,2,50,0,0,0,0,0,0,0x03
2026-09-06T20:51:55.956,534,0,1,51,2793,824,32384,3162,1529,35064,0x07
2026-09-06T20:51:56.038,537,0,2,53,0,0,0,0,0,0,0x03
2026-09-06T20:51:56.038,536,0,1,50,3193,900,36865,3500,1960,37469,0x07
2026-09-06T20:51:56.103,539,0,2,50,0,0,0,0,0,0,0x03
2026-09-06T20:51:56.103,538,0,1,51,2980,1314,32550,3500,1471,39549,0x07
2026-09-06T20:51:56.168,541,0,2,52,0,0,0,0,0,0,0x03
2026-09-06T20:51:56.168,540,0,1,50,2677,1280,29054,3211,960,38100,0x07
2026-09-06T20:51:56.234,543,0,2,52,0,0,0,0,0,0,0x03
2026-09-06T20:51:56.234,542,0,1,51,2539,647,30083,3003,1118,34834,0x07
2026-09-06T20:51:56.298,545,0,2,50,0,0,0,0,0,0,0x03
2026-09-06T20:51:56.298,544,0,1,54,2626,0,33878,2984,537,37065,0x07
2026-09-06T20:51:56.363,547,0,2,51,0,0,0,0,0,0,0x03
2026-09-06T20:51:56.363,546,0,1,50,2626,0,33878,2984,560,36967,0x07
2026-09-06T20:51:56.428,549,0,2,50,0,0,0,0,0,0,0x03
2026-09-06T20:51:56.428,548,0,1,52,2638,0,34028,3012,577,37237,0x07
2026-09-06T20:51:56.493,551,0,2,51,0,0,0,0,0,0,0x03
2026-09-06T20:51:56.493,550,0,1,50,2736,0,35207,3069,560,38027,0x07
2026-09-06T20:51:56.640,553,0,2,50,0,0,0,0,0,0,0x03
2026-09-06T20:51:56.640,552,0,1,56,2865,0,36755,3180,696,38840,0x07
2026-09-06T20:51:56.704,555,0,2,52,0,0,0,0,0,0,0x03
2026-09-06T20:51:56.704,554,0,1,50,2865,0,36755,3180,800,38400,0x07
2026-09-06T20:51:56.770,557,0,2,50,0,0,0,0,0,0,0x03
2026-09-06T20:51:56.770,556,0,1,50,2816,0,36160,3174,860,38070,0x07
2026-09-06T20:51:57.029,559,0,2,52,0,0,0,0,0,0,0x03
2026-09-06T20:51:57.029,558,0,1,51,2797,0,35936,3156,686,38572,0x07
2026-09-06T20:51:57.902,561,0,2,50,0,0,0,0,0,0,0x03
2026-09-06T20:51:57.902,560,0,1,51,2783,0,35763,3142,784,37985,0x07
2026-09-06T20:51:57.967,563,0,2,50,0,0,0,0,0,0,0x03
2026-09-06T20:51:57.967,562,0,1,55,2898,0,37152,3219,745,39118,0x07
2026-09-06T20:51:58.033,565,0,2,50,0,0,0,0,0,0,0x03
2026-09-06T20:51:58.033,564,0,1,56,2907,0,37261,3229,0,40000,0x07
2026-09-06T20:51:58.114,567,0,2,50,0,0,0,0,0,0,0x03
2026-09-06T20:51:58.114,566,0,1,52,0,0,0,0,0,0,0x03
2026-09-06T20:51:58.179,569,0,2,51,0,0,0,0,0,0,0x03
2026-09-06T20:51:58.179,568,0,1,51,0,0,15435,0,0,16461,0x07
2026-09-06T20:51:58.245,571,0,2,50,0,0,0,0,0,0,0x03
2026-09-06T20:51:58.245,570,0,1,51,-1687,-216,21688,1750,20,23815,0x07
2026-09-06T20:51:58.309,573,0,2,55,0,0,0,0,0,0,0x03
2026-09-06T20:51:58.309,572,0,1,50,-1687,-140,22010,1750,20,23814,0x07
2026-09-06T20:51:58.375,575,0,2,51,0,0,0,0,0,0,0x03
2026-09-06T20:51:58.375,574,0,1,50,-1687,-180,21840,1750,0,23898,0x07
2026-09-06T20:51:58.440,577,0,2,50,0,0,0,0,0,0,0x03
2026-09-06T20:51:58.440,576,0,1,50,-1687,-400,20905,1750,20,23814,0x07
2026-09-06T20:51:58.505,579,0,2,50,0,0,0,0,0,0,0x03
2026-09-06T20:51:58.505,578,0,1,52,-1687,-577,20153,1750,77,23572,0x07
2026-09-06T20:51:58.570,581,0,2,51,0,0,0,0,0,0,0x03
2026-09-06T20:51:58.571,580,0,1,51,0,0,0,0,0,0,0x03
2026-09-06T20:51:58.635,583,0,2,51,0,0,0,0,0,0,0x03
2026-09-06T20:51:58.636,582,0,1,50,0,0,19286,0,0,25529,0x07
2026-09-06T20:51:58.700,585,0,2,50,0,0,0,0,0,0,0x03
2026-09-06T20:51:58.700,584,0,1,57,1461,491,17806,2199,1386,23631,0x07
2026-09-06T20:51:58.782,587,0,2,54,0,0,0,0,0,0,0x03
2026-09-06T20:51:58.782,586,0,1,50,1461,960,15813,2199,760,26291,0x07
2026-09-06T20:51:58.847,589,0,2,50,0,0,0,0,0,0,0x03
2026-09-06T20:51:58.847,588,0,1,51,0,0,12939,0,0,17846,0x07
2026-09-06T20:51:58.912,591,0,2,50,0,0,0,0,0,0,0x03
2026-09-06T20:51:58.912,590,0,1,50,-1365,-100,18317,-1918,-360,24466,0x07
2026-09-06T20:51:58.978,593,0,2,50,0,0,0,0,0,0,0x03
2026-09-06T20:51:58.978,592,0,1,50,-2284,-960,25697,-2516,-460,31535,0x07
2026-09-06T20:51:59.042,595,0,2,51,0,0,0,0,0,0,0x03
2026-09-06T20:51:59.042,594,0,1,50,-2786,-880,32063,-2978,-280,38078,0x07
2026-09-06T20:51:59.107,597,0,2,50,0,0,0,0,0,0,0x03
2026-09-06T20:51:59.107,596,0,1,50,-3166,-1140,35525,-3272,0,40000,0x07
2026-09-06T20:51:59.173,599,0,2,54,0,0,0,0,0,0,0x03
2026-09-06T20:51:59.173,598,0,1,50,-3374,-1080,38276,-3409,0,40000,0x07
2026-09-06T20:51:59.238,601,0,2,51,0,0,0,0,0,0,0x03
2026-09-06T20:51:59.238,600,0,1,50,-3374,-1160,37936,-3410,0,40000,0x07
2026-09-06T20:51:59.303,603,0,2,51,0,0,0,0,0,0,0x03
2026-09-06T20:51:59.303,602,0,1,50,-3374,-1260,37510,-3233,0,40000,0x07
2026-09-06T20:51:59.385,605,0,2,50,0,0,0,0,0,0,0x03
2026-09-06T20:51:59.385,604,0,1,51,-3008,-1314,32890,-3500,0,40000,0x07
2026-09-06T20:51:59.450,607,0,2,56,0,0,0,0,0,0,0x03
2026-09-06T20:51:59.450,606,0,1,51,-3374,-1196,37782,-3411,0,40000,0x07
2026-09-06T20:51:59.515,609,0,2,51,0,0,0,0,0,0,0x03
2026-09-06T20:51:59.515,608,0,1,51,-3374,-922,38949,-3351,0,40000,0x07
2026-09-06T20:51:59.580,611,0,2,50,0,0,0,0,0,0,0x03
2026-09-06T20:51:59.580,610,0,1,51,-3368,-902,38964,-3336,0,40000,0x07
2026-09-06T20:51:59.645,613,0,2,50,0,0,0,0,0,0,0x03
2026-09-06T20:51:59.645,612,0,1,51,-3338,-980,38270,-3331,0,40000,0x07
2026-09-06T20:51:59.710,615,0,2,50,0,0,0,0,0,0,0x03
2026-09-06T20:51:59.710,614,0,1,51,-3331,-1000,38097,-3353,0,40000,0x07
2026-09-06T20:51:59.775,617,0,2,50,0,0,0,0,0,0,0x03
2026-09-06T20:51:59.775,616,0,1,50,-3334,-1180,37364,-3344,0,40000,0x07
2026-09-06T20:51:59.840,619,0,2,54,0,0,0,0,0,0,0x03
2026-09-06T20:51:59.840,618,0,1,51,-3335,-980,38226,-3366,0,40000,0x07
2026-09-06T20:51:59.921,621,0,2,51,0,0,0,0,0,0,0x03
2026-09-06T20:51:59.921,620,0,1,50,-3341,-620,39837,-3375,0,40000,0x07
2026-09-06T20:51:59.986,623,0,2,51,0,0,0,0,0,0,0x03
2026-09-06T20:51:59.986,622,0,1,51,-3349,-1588,35816,-3468,0,40000,0x07
2026-09-06T20:52:00.051,625,0,2,50,0,0,0,0,0,0,0x03
2026-09-06T20:52:00.051,624,0,1,50,-3349,-1460,36361,-3468,0,40000,0x07
2026-09-06T20:52:00.117,627,0,2,51,0,0,0,0,0,0,0x03
2026-09-06T20:52:00.117,626,0,1,50,-3374,-980,38700,-3441,0,40000,0x07
2026-09-06T20:52:00.181,629,0,2,52,0,0,0,0,0,0,0x03
2026-09-06T20:52:00.182,628,0,1,51,-3368,-980,38622,-3474,0,40000,0x07
2026-09-06T20:52:00.247,631,0,2,51,0,0,0,0,0,0,0x03
2026-09-06T20:52:00.247,630,0,1,51,-3374,-1059,38366,-3452,0,40000,0x07
2026-09-06T20:52:00.312,633,0,2,52,0,0,0,0,0,0,0x03
2026-09-06T20:52:00.312,632,0,1,50,-3374,-1140,38020,-3449,0,40000,0x07
2026-09-06T20:52:00.522,635,0,2,50,0,0,0,0,0,0,0x03
2026-09-06T20:52:00.523,634,0,1,50,-3368,-840,39223,-3435,0,40000,0x07
2026-09-06T20:52:00.587,637,0,2,51,0,0,0,0,0,0,0x03
2026-09-06T20:52:00.587,636,0,1,51,-3368,-941,38793,-3435,0,40000,0x07
2026-09-06T20:52:00.653,639,0,2,53,0,0,0,0,0,0,0x03
2026-09-06T20:52:00.653,638,0,1,50,-3370,-1500,36447,-3441,0,40000,0x07
2026-09-06T20:52:00.718,641,0,2,51,0,0,0,0,0,0,0x03
2026-09-06T20:52:00.718,640,0,1,51,0,0,28514,0,0,30777,0x07
2026-09-06T20:52:00.783,643,0,2,51,0,0,0,0,0,0,0x03
2026-09-06T20:52:00.783,642,0,1,52,-3374,-692,39923,-3328,0,40000,0x07
2026-09-06T20:52:00.849,645,0,2,51,0,0,0,0,0,0,0x03
2026-09-06T20:52:00.849,644,0,1,51,-3374,-1216,37699,-3328,0,40000,0x07
2026-09-06T20:52:00.914,647,0,2,50,0,0,0,0,0,0,0x03
2026-09-06T20:52:00.914,646,0,1,50,-3341,-1360,36689,0,0,16461,0x07
2026-09-06T20:52:00.979,649,0,2,51,0,0,0,0,0,0,0x03
2026-09-06T20:52:00.979,648,0,1,50,-1687,-1160,17675,1750,60,23644,0x07
2026-09-06T20:52:01.044,651,0,2,51,0,0,0,0,0,0,0x03
2026-09-06T20:52:01.044,650,0,1,57,-1687,0,22605,1750,421,22109,0x07
2026-09-06T20:52:01.125,653,0,2,51,0,0,0,0,0,0,0x03
2026-09-06T20:52:01.126,652,0,1,52,-1687,-58,22360,1750,500,21774,0x07
2026-09-06T20:52:01.191,655,0,2,50,0,0,0,0,0,0,0x03
2026-09-06T20:52:01.191,654,0,1,51,-1687,-118,22105,1750,784,20565,0x07
2026-09-06T20:52:01.256,657,0,2,50,0,0,0,0,0,0,0x03
2026-09-06T20:52:01.256,656,0,1,50,-1687,-440,20735,1750,880,20158,0x07
2026-09-06T20:52:01.321,659,0,2,53,0,0,0,0,0,0,0x03
2026-09-06T20:52:01.321,658,0,1,50,0,0,0,0,0,0,0x03
2026-09-06T20:52:01.386,661,0,2,52,0,0,0,0,0,0,0x03
2026-09-06T20:52:01.386,660,0,1,51,0,0,0,0,0,0,0x03
2026-09-06T20:52:01.450,663,0,2,50,0,0,0,0,0,0,0x03
2026-09-06T20:52:01.450,662,0,1,52,1418,38,19215,900,38,13090,0x07
2026-09-06T20:52:01.516,665,0,2,50,0,0,0,0,0,0,0x03
2026-09-06T20:52:01.516,664,0,1,50,1418,80,19038,900,740,10109,0x07
2026-09-06T20:52:01.580,667,0,2,51,0,0,26694,0,0,30205,0x07
2026-09-06T20:52:01.580,666,0,1,52,2804,346,34550,3289,558,40000,0x07
2026-09-06T20:52:01.661,669,0,2,51,0,0,0,0,0,0,0x03
2026-09-06T20:52:01.662,668,0,1,50,3103,740,36463,3500,620,40000,0x07
2026-09-06T20:52:01.726,671,0,2,51,0,0,0,0,0,0,0x03
2026-09-06T20:52:01.726,670,0,1,52,2659,731,31170,3176,1212,36589,0x07
2026-09-06T20:52:01.791,673,0,2,50,0,0,0,0,0,0,0x03
2026-09-06T20:52:01.791,672,0,1,51,2659,0,34276,3176,1000,37488,0x07
2026-09-06T20:52:01.857,675,0,2,52,0,0,26070,0,0,29977,0x07
2026-09-06T20:52:01.857,674,0,1,51,2671,0,34417,3065,941,36350,0x07
2026-09-06T20:52:01.922,677,0,2,51,3008,490,36770,3340,451,40000,0x07
2026-09-06T20:52:01.922,676,0,1,51,3374,0,40000,3320,627,40000,0x07
2026-09-06T20:52:01.987,679,0,2,55,2996,1236,33459,3309,2364,33741,0x07
2026-09-06T20:52:01.987,678,0,1,51,3374,0,40000,3396,882,40000,0x07
2026-09-06T20:52:02.052,681,0,2,50,2996,1180,33699,3309,2480,33246,0x07
2026-09-06T20:52:02.052,680,0,1,50,3374,0,40000,3225,1140,37511,0x07
2026-09-06T20:52:02.118,683,0,2,50,2870,1540,30635,3250,2680,31649,0x07
2026-09-06T20:52:02.118,682,0,1,50,3269,0,40000,3133,680,38318,0x07
2026-09-06T20:52:02.198,685,0,2,51,2802,1863,28437,3182,2451,31758,0x07
2026-09-06T20:52:02.198,684,0,1,51,3224,0,40000,3161,392,39888,0x07
2026-09-06T20:52:02.264,687,0,2,50,2653,2020,25968,3082,2380,30804,0x07
2026-09-06T20:52:02.264,686,0,1,50,3218,0,40000,3157,120,40000,0x07
2026-09-06T20:52:02.328,689,0,2,51,2112,2294,18241,2729,2039,27791,0x07
2026-09-06T20:52:02.328,688,0,1,51,3216,0,40000,3158,0,40000,0x07
2026-09-06T20:52:02.393,691,0,2,52,301,1288,551,1438,1673,13056,0x07
2026-09-06T20:52:02.393,690,0,1,51,3219,0,40000,3165,0,40000,0x07
2026-09-06T20:52:02.458,693,0,2,51,0,0,15250,0,0,20075,0x07
2026-09-06T20:52:02.458,692,0,1,51,3224,0,40000,3176,0,40000,0x07
2026-09-06T20:52:02.523,695,0,2,51,-1634,-176,21446,-2157,-490,27158,0x07
2026-09-06T20:52:02.523,694,0,1,52,3231,0,40000,3188,0,40000,0x07
2026-09-06T20:52:02.588,697,0,2,50,-2975,-80,38116,-2958,-1320,33741,0x07
2026-09-06T20:52:02.588,696,0,1,51,3240,0,40000,3204,0,40000,0x07
2026-09-06T20:52:02.653,699,0,2,57,-3374,-1421,37252,-3408,-2000,36536,0x07
2026-09-06T20:52:02.653,698,0,1,51,3249,0,40000,3218,0,40000,0x07
2026-09-06T20:52:02.719,701,0,2,50,-3374,-1320,37682,-3408,-2460,34581,0x07
2026-09-06T20:52:02.719,700,0,1,52,3258,0,40000,3232,0,40000,0x07
2026-09-06T20:52:02.800,703,0,2,50,-3374,-1720,35982,-3482,-2640,34748,0x07
2026-09-06T20:52:02.801,702,0,1,53,3276,0,40000,3262,0,40000,0x07
2026-09-06T20:52:02.866,705,0,2,50,-3338,-2300,33084,-3500,-2260,36588,0x07
2026-09-06T20:52:02.866,704,0,1,50,3276,0,40000,3262,0,40000,0x07
2026-09-06T20:52:02.930,707,0,2,50,-3240,-2280,31982,-3500,-2700,34718,0x07
2026-09-06T20:52:02.930,706,0,1,50,3285,0,40000,3276,0,40000,0x07
2026-09-06T20:52:02.995,709,0,2,50,-2876,-2560,26377,-3395,-2500,34248,0x07
2026-09-06T20:52:02.995,708,0,1,51,0,0,15435,3290,0,40000,0x07
2026-09-06T20:52:03.059,711,0,2,55,-1045,-1709,7784,-1911,-2218,16717,0x07
2026-09-06T20:52:03.059,710,0,1,51,-1687,-451,20688,1750,0,23898,0x07
2026-09-06T20:52:03.125,713,0,2,50,-1045,-700,12073,-1911,-720,23084,0x07
2026-09-06T20:52:03.125,712,0,1,50,-1687,-400,20905,1750,0,23898,0x07
2026-09-06T20:52:03.190,715,0,2,51,0,0,11153,0,0,16192,0x07
2026-09-06T20:52:03.190,714,0,1,50,-1687,0,22605,1750,0,23898,0x07
2026-09-06T20:52:03.256,717,0,2,50,1114,140,15293,1693,160,22707,0x07
2026-09-06T20:52:03.256,716,0,1,50,-1687,0,22605,1750,0,23898,0x07
2026-09-06T20:52:03.337,719,0,2,50,2238,880,25776,2437,980,28618,0x07
2026-09-06T20:52:03.337,718,0,1,52,-1687,0,22605,1750,0,23898,0x07
2026-09-06T20:52:03.402,721,0,2,52,0,0,0,0,0,0,0x03
2026-09-06T20:52:03.402,720,0,1,51,0,0,0,0,0,0,0x03
2026-09-06T20:52:03.468,723,0,2,50,0,0,0,0,0,0,0x03
2026-09-06T20:52:03.468,722,0,1,50,0,0,14956,0,0,26778,0x07
2026-09-06T20:52:03.533,725,0,2,51,0,0,19458,0,0,24319,0x07
2026-09-06T20:52:03.533,724,0,1,50,1625,540,19568,2998,20,39436,0x07
2026-09-06T20:52:03.598,727,0,2,50,2168,960,24594,2664,840,32070,0x07
2026-09-06T20:52:03.598,726,0,1,54,3355,556,40000,3401,241,40000,0x07
2026-09-06T20:52:03.663,729,0,2,52,1706,808,19628,2290,1692,23736,0x07
2026-09-06T20:52:03.663,728,0,1,51,3355,294,40000,3401,667,40000,0x07
2026-09-06T20:52:03.728,731,0,2,51,1706,1098,18394,2290,1059,26428,0x07
2026-09-06T20:52:03.728,730,0,1,50,3358,80,40000,3412,920,40000,0x07
2026-09-06T20:52:03.792,733,0,2,51,1535,1255,15660,2115,1098,24044,0x07
2026-09-06T20:52:03.792,732,0,1,50,3362,0,40000,3422,960,40000,0x07
2026-09-06T20:52:03.857,735,0,2,51,1343,1314,13074,1944,1314,20971,0x07
2026-09-06T20:52:03.857,734,0,1,57,3368,0,40000,3438,1053,40000,0x07
2026-09-06T20:52:03.923,737,0,2,52,467,1038,3632,1265,1308,12433,0x07
2026-09-06T20:52:03.923,736,0,1,50,3368,0,40000,3438,1100,40000,0x07
2026-09-06T20:52:04.004,739,0,2,51,0,0,21434,0,0,25773,0x07
2026-09-06T20:52:04.004,738,0,1,51,3371,0,40000,3446,902,40000,0x07
2026-09-06T20:52:04.069,741,0,2,50,-2419,-80,31377,-2837,-680,34942,0x07
2026-09-06T20:52:04.069,740,0,1,53,3374,0,40000,3460,1113,40000,0x07
2026-09-06T20:52:04.134,743,0,2,51,-2827,-1588,29907,-3058,-1667,33526,0x07
2026-09-06T20:52:04.134,742,0,1,50,3374,0,40000,3460,1060,40000,0x07
2026-09-06T20:52:04.199,745,0,2,51,-2903,-784,34243,-3187,-1667,35162,0x07
2026-09-06T20:52:04.199,744,0,1,50,3374,0,40000,3467,1060,40000,0x07
2026-09-06T20:52:04.264,747,0,2,50,-2813,-980,32323,-3182,-1980,33759,0x07
2026-09-06T20:52:04.264,746,0,1,54,3374,0,40000,3454,667,40000,0x07
2026-09-06T20:52:04.329,749,0,2,52,-2100,-1712,20565,-2698,-1577,29367,0x07
2026-09-06T20:52:04.329,748,0,1,51,3374,0,40000,3454,1020,40000,0x07
2026-09-06T20:52:04.394,751,0,2,52,-2100,-1712,20565,-2698,-1635,29122,0x07
2026-09-06T20:52:04.394,750,0,1,51,3374,0,40000,3448,1059,40000,0x07
2026-09-06T20:52:04.475,753,0,2,51,-1680,-1961,14416,-2312,-1765,23701,0x07
2026-09-06T20:52:04.475,752,0,1,50,0,0,15435,3445,1000,40000,0x07
2026-09-06T20:52:04.540,755,0,2,50,-784,-1800,4232,-1599,-1780,14639,0x07
2026-09-06T20:52:04.540,754,0,1,54,-1687,-815,19142,1750,611,21301,0x07
2026-09-06T20:52:04.605,757,0,2,56,-349,-643,3876,-1388,-1304,14000,0x07
2026-09-06T20:52:04.605,756,0,1,51,-1687,-333,21188,1750,0,23898,0x07
2026-09-06T20:52:04.671,759,0,2,50,0,0,11070,0,0,16113,0x07
2026-09-06T20:52:04.671,758,0,1,50,-1687,-340,21160,1750,0,23898,0x07
2026-09-06T20:52:04.736,761,0,2,51,1104,196,14927,1684,216,22351,0x07
2026-09-06T20:52:04.736,760,0,1,50,-1687,-740,19460,1750,220,22964,0x07
2026-09-06T20:52:04.801,763,0,2,57,2115,193,27206,2494,1228,28284,0x07
2026-09-06T20:52:04.801,762,0,1,51,-1687,-804,19188,1750,588,21398,0x07
2026-09-06T20:52:04.866,765,0,2,50,2115,580,25561,2494,1140,28658,0x07
2026-09-06T20:52:04.866,764,0,1,51,0,0,0,0,0,0,0x03
2026-09-06T20:52:04.932,767,0,2,50,2051,960,23169,2527,1360,28129,0x07
2026-09-06T20:52:04.932,766,0,1,52,2334,38,30217,3305,19,40000,0x07
2026-09-06T20:52:04.997,769,0,2,51,1845,1157,19829,2391,1314,26612,0x07
2026-09-06T20:52:04.997,768,0,1,51,2334,412,28630,3305,1510,36946,0x07
2026-09-06T20:52:05.077,771,0,2,50,1674,1340,16984,2236,1340,24549,0x07
2026-09-06T20:52:05.077,770,0,1,51,600,1118,4798,1703,1627,16395,0x07
2026-09-06T20:52:05.143,773,0,2,50,1251,1440,11434,1912,1640,19188,0x07
2026-09-06T20:52:05.143,772,0,1,50,0,0,17412,0,0,22052,0x07
2026-09-06T20:52:05.207,775,0,2,51,875,1314,7407,1566,1725,14455,0x07
2026-09-06T20:52:05.207,774,0,1,50,-1942,-280,24474,-2427,-620,29730,0x07
2026-09-06T20:52:05.272,777,0,2,50,457,620,5286,1276,1420,12088,0x07
2026-09-06T20:52:05.272,776,0,1,51,-2702,-784,31464,-2881,-471,36055,0x07
2026-09-06T20:52:05.337,779,0,2,51,443,784,4420,1290,1412,12303,0x07
2026-09-06T20:52:05.337,778,0,1,51,0,0,0,0,0,0,0x03
2026-09-06T20:52:05.402,781,0,2,55,455,691,4957,1278,1182,13131,0x07
2026-09-06T20:52:05.402,780,0,1,52,0,0,0,0,0,0,0x03
2026-09-06T20:52:05.467,783,0,2,57,454,526,5648,1279,1246,12868,0x07
2026-09-06T20:52:05.467,782,0,1,52,0,0,0,0,0,0,0x03
2026-09-06T20:52:05.533,785,0,2,50,454,520,5675,1279,1280,12722,0x07
2026-09-06T20:52:05.533,784,0,1,50,0,0,0,0,0,0,0x03
2026-09-06T20:52:05.613,787,0,2,51,518,490,6574,1213,1196,12248,0x07
2026-09-06T20:52:05.613,786,0,1,53,-3374,0,40000,-3260,0,40000,0x07
2026-09-06T20:52:05.678,789,0,2,51,585,431,7643,1143,1078,11860,0x07
2026-09-06T20:52:05.678,788,0,1,51,-3374,-1353,37116,-3260,0,40000,0x07
2026-09-06T20:52:05.743,791,0,2,51,814,686,9334,1295,1000,14110,0x07
2026-09-06T20:52:05.743,790,0,1,52,0,0,0,0,0,0,0x03
2026-09-06T20:52:05.807,793,0,2,50,1524,880,17118,1900,1000,21748,0x07
2026-09-06T20:52:05.807,792,0,1,56,-2716,-36,34817,-2271,0,30420,0x07
2026-09-06T20:52:05.872,795,0,2,55,2830,1036,32292,2974,1273,34150,0x07
2026-09-06T20:52:05.872,794,0,1,50,-2716,-1660,27914,-2271,0,30420,0x07
2026-09-06T20:52:05.937,797,0,2,50,2830,1320,31087,2974,1520,33099,0x07
2026-09-06T20:52:05.937,796,0,1,51,-2180,-1451,22363,-1618,0,22242,0x07
2026-09-06T20:52:06.003,799,0,2,51,3197,1490,34811,3288,1882,35517,0x07
2026-09-06T20:52:06.003,798,0,1,50,0,0,0,0,0,0,0x03
2026-09-06T20:52:06.068,801,0,2,51,3374,1922,35125,3410,2137,35975,0x07
2026-09-06T20:52:06.068,800,0,1,51,0,0,13311,0,0,4343,0x07
2026-09-06T20:52:06.149,803,0,2,58,3355,2414,32800,3228,2379,32649,0x07
2026-09-06T20:52:06.149,802,0,1,50,0,0,18705,0,0,16304,0x07
2026-09-06T20:52:06.214,805,0,2,50,0,0,0,0,0,0,0x03
2026-09-06T20:52:06.214,804,0,1,51,2108,275,26499,1731,137,23078,0x07
2026-09-06T20:52:06.279,807,0,2,51,0,0,22442,0,0,21320,0x07
2026-09-06T20:52:06.279,806,0,1,56,3374,339,40000,3003,1679,32440,0x07
2026-09-06T20:52:06.345,809,0,2,50,2547,2880,21028,2305,2500,20493,0x07
2026-09-06T20:52:06.345,808,0,1,50,3374,860,39210,3003,2100,30649,0x07
2026-09-06T20:52:06.410,811,0,2,50,1491,2980,7789,1154,2260,6980,0x07
2026-09-06T20:52:06.410,810,0,1,51,3267,1765,34082,3500,1706,38549,0x07
2026-09-06T20:52:06.474,813,0,2,50,1760,1880,15733,782,1600,5090,0x07
2026-09-06T20:52:06.474,812,0,1,54,3122,1870,31886,3446,1426,39068,0x07
2026-09-06T20:52:06.539,815,0,2,54,1540,2037,12390,1048,1241,9970,0x07
2026-09-06T20:52:06.539,814,0,1,51,3122,1608,33002,3446,1843,37295,0x07
2026-09-06T20:52:06.605,817,0,2,50,1540,1740,13652,1048,1420,9208,0x07
2026-09-06T20:52:06.605,816,0,1,51,3170,2176,31161,3416,1980,36336,0x07
2026-09-06T20:52:06.686,819,0,2,51,1526,1725,13546,1023,1255,9600,0x07
2026-09-06T20:52:06.686,818,0,1,50,3184,2280,30899,3424,2360,34823,0x07
2026-09-06T20:52:06.735,821,0,2,51,1388,1627,12294,817,1196,7248,0x07
2026-09-06T20:52:06.735,820,0,1,54,3255,1444,35293,3418,1222,39579,0x07
2026-09-06T20:52:06.816,823,0,2,57,1538,1386,15137,1105,930,12019,0x07
2026-09-06T20:52:06.816,822,0,1,51,3255,1471,35182,3418,1216,39607,0x07
2026-09-06T20:52:06.881,825,0,2,51,1538,1510,14610,1105,1078,11387,0x07
2026-09-06T20:52:06.881,824,0,1,51,3374,922,38949,3444,1216,39931,0x07
2026-09-06T20:52:06.946,827,0,2,51,0,0,27757,0,0,28527,0x07
2026-09-06T20:52:06.946,826,0,1,51,3374,549,40000,3389,1137,39573,0x07
2026-09-06T20:52:07.011,829,0,2,51,-3222,-1569,34785,-3166,-1569,35318,0x07
2026-09-06T20:52:07.011,828,0,1,51,3374,804,39449,3233,1157,37545,0x07
2026-09-06T20:52:07.076,831,0,2,50,-3096,-2440,29555,-2846,-2020,29357,0x07
2026-09-06T20:52:07.076,830,0,1,51,3278,922,37795,3172,1059,37195,0x07
2026-09-06T20:52:07.141,833,0,2,51,-2904,-1275,32176,-2627,-1784,27594,0x07
2026-09-06T20:52:07.141,832,0,1,51,3202,1392,34883,3127,1196,36050,0x07
2026-09-06T20:52:07.206,835,0,2,55,-2570,-1345,27821,-2230,-1055,25682,0x07
2026-09-06T20:52:07.206,834,0,1,50,3202,1720,33489,3127,1180,36119,0x07
2026-09-06T20:52:07.287,837,0,2,51,-2570,-1588,26789,-2230,-1118,25414,0x07
2026-09-06T20:52:07.287,836,0,1,50,3200,1340,35081,3136,940,37245,0x07
2026-09-06T20:52:07.351,839,0,2,50,-2462,-1660,25178,-2129,-1500,22512,0x07
2026-09-06T20:52:07.351,838,0,1,50,3161,760,37075,3026,560,37492,0x07
2026-09-06T20:52:07.416,841,0,2,51,-2540,-1745,25762,-2310,-1588,24424,0x07
2026-09-06T20:52:07.416,840,0,1,55,3152,91,39817,3074,800,37068,0x07
2026-09-06T20:52:07.480,843,0,2,51,-2665,-2000,26197,-2477,-1843,25453,0x07
2026-09-06T20:52:07.480,842,0,1,51,3152,0,40000,3074,745,37301,0x07
2026-09-06T20:52:07.545,845,0,2,50,-2754,-2160,26593,-2571,-1880,26480,0x07
2026-09-06T20:52:07.545,844,0,1,52,3186,0,40000,3154,596,38938,0x07
2026-09-06T20:52:07.610,847,0,2,51,-2430,-2490,21265,-2192,-1843,21857,0x07
2026-09-06T20:52:07.611,846,0,1,50,3201,0,40000,3134,860,37567,0x07
2026-09-06T20:52:07.692,849,0,2,50,-1747,-1880,15573,-1278,-1600,11344,0x07
2026-09-06T20:52:07.692,848,0,1,51,3200,0,40000,3133,824,37708,0x07
2026-09-06T20:52:07.741,851,0,2,51,-1325,-1824,10695,-376,-1196,1678,0x07
2026-09-06T20:52:07.741,850,0,1,50,3199,0,40000,3132,680,38305,0x07
2026-09-06T20:52:07.822,853,0,2,51,-1213,-1549,10499,-492,-745,5066,0x07
2026-09-06T20:52:07.822,852,0,1,53,3190,0,40000,3159,377,39934,0x07
2026-09-06T20:52:07.888,855,0,2,51,-1270,-1294,12282,-432,-922,3560,0x07
2026-09-06T20:52:07.888,854,0,1,51,3190,0,40000,3159,588,39038,0x07
2026-09-06T20:52:07.952,857,0,2,50,0,0,0,0,0,0,0x03
2026-09-06T20:52:07.952,856,0,1,51,3205,0,40000,3140,922,37370,0x07
2026-09-06T20:52:08.017,859,0,2,51,0,0,15610,0,0,12176,0x07
2026-09-06T20:52:08.018,858,0,1,51,2499,0,32358,3500,1059,40000,0x07
2026-09-06T20:52:08.082,861,0,2,51,1680,451,20833,1213,255,16248,0x07
2026-09-06T20:52:08.082,860,0,1,50,3374,0,40000,2766,680,33724,0x07
2026-09-06T20:52:08.147,863,0,2,51,1967,196,25398,1668,471,21074,0x07
2026-09-06T20:52:08.147,862,0,1,51,3198,0,40000,3129,588,38655,0x07
2026-09-06T20:52:08.213,865,0,2,51,2190,569,26519,1903,431,24205,0x07
2026-09-06T20:52:08.213,864,0,1,50,3170,0,40000,3056,900,36415,0x07
2026-09-06T20:52:08.278,867,0,2,52,1890,1173,20317,1415,712,16861,0x07
2026-09-06T20:52:08.278,866,0,1,51,3170,0,40000,0,0,16461,0x07
2026-09-06T20:52:08.359,869,0,2,51,1890,1294,19802,1415,922,15969,0x07
2026-09-06T20:52:08.359,868,0,1,52,1687,0,22605,-1750,-96,23490,0x07
2026-09-06T20:52:08.424,871,0,2,51,1951,1333,20364,1572,1020,17523,0x07
2026-09-06T20:52:08.424,870,0,1,51,1687,0,22605,-1750,0,23898,0x07
2026-09-06T20:52:08.490,873,0,2,51,2076,1353,21802,1736,1000,19685,0x07
2026-09-06T20:52:08.490,872,0,1,52,1687,0,22605,-1750,0,23898,0x07
2026-09-06T20:52:08.555,875,0,2,50,2316,1560,23835,2080,1360,22497,0x07
2026-09-06T20:52:08.555,874,0,1,50,1687,0,22605,-1750,0,23898,0x07
2026-09-06T20:52:08.620,877,0,2,50,2435,1700,24681,2169,1500,23020,0x07
2026-09-06T20:52:08.620,876,0,1,51,1687,0,22605,-1750,0,23898,0x07
2026-09-06T20:52:08.685,879,0,2,55,2398,2055,22723,2030,1636,20682,0x07
2026-09-06T20:52:08.685,878,0,1,50,0,0,0,0,0,0,0x03
2026-09-06T20:52:08.751,881,0,2,50,2398,2020,22870,2030,1740,20242,0x07
2026-09-06T20:52:08.751,880,0,1,52,0,0,25829,0,0,30924,0x07
2026-09-06T20:52:08.816,883,0,2,51,2285,2098,21165,1908,1784,18517,0x07
2026-09-06T20:52:08.816,882,0,1,52,3026,96,38283,3500,115,40000,0x07
2026-09-06T20:52:08.881,885,0,2,51,2400,2137,22401,2150,1647,22157,0x07
2026-09-06T20:52:08.881,884,0,1,53,3042,57,38638,3411,943,40000,0x07
2026-09-06T20:52:08.962,887,0,2,51,2490,2275,22902,2231,1941,21927,0x07
2026-09-06T20:52:08.962,886,0,1,52,3042,0,38878,3411,923,40000,0x07
2026-09-06T20:52:09.028,889,0,2,51,2538,2314,23320,2278,1961,22440,0x07
2026-09-06T20:52:09.028,888,0,1,50,3013,0,38535,3341,780,40000,0x07
2026-09-06T20:52:09.092,891,0,2,51,2578,2235,24145,2328,1941,23155,0x07
2026-09-06T20:52:09.092,890,0,1,50,3050,0,38971,3333,740,40000,0x07
2026-09-06T20:52:09.157,893,0,2,50,2514,2200,23513,2211,1920,21761,0x07
2026-09-06T20:52:09.157,892,0,1,50,2966,0,37967,3308,900,39565,0x07
2026-09-06T20:52:09.222,895,0,2,51,1973,2059,17558,1569,2078,12996,0x07
2026-09-06T20:52:09.222,894,0,1,50,3030,0,38737,3309,1060,38907,0x07
2026-09-06T20:52:09.287,897,0,2,51,1391,1745,11834,820,1863,4455,0x07
2026-09-06T20:52:09.288,896,0,1,53,3049,0,38964,3323,472,40000,0x07
2026-09-06T20:52:09.353,899,0,2,51,8,686,5795,2424,1922,24453,0x07
2026-09-06T20:52:09.353,898,0,1,51,3049,0,38964,3323,627,40000,0x07
2026-09-06T20:52:09.418,901,0,2,50,434,960,3559,1300,2360,8397,0x07
2026-09-06T20:52:09.418,900,0,1,50,2962,0,37914,3304,980,39177,0x07
2026-09-06T20:52:09.483,903,0,2,57,2245,930,25646,2255,1421,24447,0x07
2026-09-06T20:52:09.483,902,0,1,51,3010,0,38489,3300,1098,38626,0x07
2026-09-06T20:52:09.548,905,0,2,51,2011,1745,19346,2488,1961,25090,0x07
2026-09-06T20:52:09.548,904,0,1,50,3096,0,39522,3339,980,39623,0x07
2026-09-06T20:52:09.629,907,0,2,50,2212,1320,23595,2613,1660,27940,0x07
2026-09-06T20:52:09.629,906,0,1,50,3086,0,39405,3362,1100,39402,0x07
2026-09-06T20:52:09.694,909,0,2,50,2688,1560,28340,2929,1780,31424,0x07
2026-09-06T20:52:09.694,908,0,1,50,3093,0,39494,3368,840,40000,0x07
2026-09-06T20:52:09.758,911,0,2,50,3204,1800,33576,3264,1980,34801,0x07
2026-09-06T20:52:09.758,910,0,1,51,3165,0,40000,3391,1020,40000,0x07
2026-09-06T20:52:09.824,913,0,2,50,3374,2340,33346,3409,2400,34849,0x07
2026-09-06T20:52:09.824,912,0,1,51,3145,0,40000,0,0,16461,0x07
2026-09-06T20:52:09.889,915,0,2,51,3374,2510,32625,3346,2510,33588,0x07
2026-09-06T20:52:09.889,914,0,1,54,1687,0,22605,-1750,-19,23820,0x07
2026-09-06T20:52:09.954,917,0,2,52,3309,2865,30320,3212,2692,31115,0x07
2026-09-06T20:52:09.954,916,0,1,50,1687,0,22605,-1750,0,23898,0x07
2026-09-06T20:52:10.019,919,0,2,51,3309,2922,30082,3212,2745,30891,0x07
2026-09-06T20:52:10.019,918,0,1,50,1687,0,22605,-1750,0,23898,0x07
2026-09-06T20:52:10.084,921,0,2,50,3266,2900,29662,3216,2940,30121,0x07
2026-09-06T20:52:10.084,920,0,1,50,1687,0,22605,-1750,0,23898,0x07
2026-09-06T20:52:10.165,923,0,2,50,3251,3100,28624,3193,2880,30084,0x07
2026-09-06T20:52:10.165,922,0,1,55,1687,0,22605,-1750,0,23898,0x07
2026-09-06T20:52:10.230,925,0,2,57,3199,3070,28125,3133,2947,29038,0x07
2026-09-06T20:52:10.230,924,0,1,50,0,0,0,0,0,0,0x03
2026-09-06T20:52:10.295,927,0,2,50,0,0,12737,0,0,14903,0x07
2026-09-06T20:52:10.295,926,0,1,52,0,0,27637,0,0,30337,0x07
2026-09-06T20:52:10.361,929,0,2,51,-1315,-1000,14077,-1539,-765,18194,0x07
2026-09-06T20:52:10.361,928,0,1,52,3259,19,40000,3429,0,40000,0x07
2026-09-06T20:52:10.425,931,0,2,56,-3374,-804,39876,-3447,-679,40000,0x07
2026-09-06T20:52:10.425,930,0,1,51,3237,0,40000,3460,0,40000,0x07
2026-09-06T20:52:10.491,933,0,2,51,-3374,-2765,31542,-3447,-1118,40000,0x07
2026-09-06T20:52:10.491,932,0,1,50,3374,0,40000,3269,0,40000,0x07
2026-09-06T20:52:10.556,935,0,2,50,-3374,-2540,32496,-3474,-1960,37532,0x07
2026-09-06T20:52:10.556,934,0,1,56,3364,0,40000,3448,0,40000,0x07
2026-09-06T20:52:10.621,937,0,2,51,-1830,-1137,19741,-338,-2961,11857,0x07
2026-09-06T20:52:10.621,936,0,1,52,3364,0,40000,3448,0,40000,0x07
2026-09-06T20:52:10.702,939,0,2,52,-1583,-731,18468,-1175,-462,14889,0x07
2026-09-06T20:52:10.702,938,0,1,51,3374,0,40000,3420,0,40000,0x07
2026-09-06T20:52:10.767,941,0,2,51,-1620,-863,18350,-1141,-490,14343,0x07
2026-09-06T20:52:10.768,940,0,1,52,3367,0,40000,3450,0,40000,0x07
2026-09-06T20:52:10.832,943,0,2,52,-1550,-942,17164,-1032,-596,12510,0x07
2026-09-06T20:52:10.832,942,0,1,50,3374,0,40000,3422,0,40000,0x07
2026-09-06T20:52:10.897,945,0,2,50,-1352,-1080,14186,-757,-700,8597,0x07
2026-09-06T20:52:10.897,944,0,1,50,3373,0,40000,3414,0,40000,0x07
2026-09-06T20:52:10.962,947,0,2,50,-1182,-1100,12034,-570,-640,6494,0x07
2026-09-06T20:52:10.962,946,0,1,51,3364,0,40000,3447,0,40000,0x07
2026-09-06T20:52:11.027,949,0,2,51,-1193,-1157,11928,-512,-549,6155,0x07
2026-09-06T20:52:11.027,948,0,1,54,3367,0,40000,3451,0,40000,0x07
2026-09-06T20:52:11.092,951,0,2,51,-1251,-941,13549,-452,-353,6229,0x07
2026-09-06T20:52:11.092,950,0,1,52,3367,0,40000,3451,0,40000,0x07
2026-09-06T20:52:11.157,953,0,2,51,-2602,-922,30014,-3500,-373,40000,0x07
2026-09-06T20:52:11.157,952,0,1,51,3374,0,40000,3423,0,40000,0x07
2026-09-06T20:52:11.238,955,0,2,51,-2647,-1196,29392,-2899,-2059,29863,0x07
2026-09-06T20:52:11.238,954,0,1,50,3373,0,40000,3418,0,40000,0x07
2026-09-06T20:52:11.304,957,0,2,50,-1699,-1420,16951,-1771,-1400,18423,0x07
2026-09-06T20:52:11.304,956,0,1,50,3369,0,40000,0,0,16461,0x07
2026-09-06T20:52:11.369,959,0,2,51,-1699,-1510,16569,-1771,-1294,18873,0x07
2026-09-06T20:52:11.369,958,0,1,50,1687,0,22605,-1750,-20,23814,0x07
2026-09-06T20:52:11.435,961,0,2,50,-1411,-1640,12514,-1424,-1340,14296,0x07
2026-09-06T20:52:11.435,960,0,1,54,1687,0,22605,-1750,0,23898,0x07
2026-09-06T20:52:11.500,963,0,2,51,-3374,-1843,35458,-2949,-1745,31825,0x07
2026-09-06T20:52:11.500,962,0,1,51,1687,0,22605,-1750,0,23898,0x07
2026-09-06T20:52:11.565,965,0,2,51,-3140,-1980,32032,-2971,-2275,29853,0x07
2026-09-06T20:52:11.565,964,0,1,51,1687,0,22605,-1750,0,23898,0x07
2026-09-06T20:52:11.630,967,0,2,50,-3019,-2220,29554,-2801,-1880,29382,0x07
2026-09-06T20:52:11.630,966,0,1,52,1687,0,22605,-1750,0,23898,0x07
2026-09-06T20:52:11.696,969,0,2,51,-2895,-2588,26487,-2651,-2157,26315,0x07
2026-09-06T20:52:11.696,968,0,1,51,0,0,0,0,0,0,0x03
2026-09-06T20:52:11.954,971,0,2,51,-2722,-2471,24892,-2406,-2294,22635,0x07
2026-09-06T20:52:11.954,970,0,1,52,0,0,28401,0,0,30721,0x07
2026-09-06T20:52:12.230,973,0,2,51,-2427,-2569,20895,-1995,-2412,16950,0x07
2026-09-06T20:52:12.230,972,0,1,50,3358,40,40000,3476,20,40000,0x07
