timestamp,sequence,team,robot_id,interval_ms,left_target_eps,left_measured_eps,left_duty,right_target_eps,right_measured_eps,right_duty,flags
2026-09-06T13:06:59.593-03:00,253,0,2,50,0,0,0,0,0,0,0x03
2026-09-06T13:06:59.611-03:00,254,0,2,51,0,0,0,0,0,0,0x03
2026-09-06T13:06:59.631-03:00,255,0,2,50,0,0,0,0,0,0,0x03
2026-09-06T13:06:59.649-03:00,255,0,2,50,0,0,0,0,0,0,0x03
2026-09-06T13:06:59.672-03:00,255,0,2,50,0,0,0,0,0,0,0x03
2026-09-06T13:06:59.689-03:00,255,0,2,52,0,0,0,0,0,0,0x03
2026-09-06T13:06:59.713-03:00,255,0,2,52,0,0,0,0,0,0,0x03
2026-09-06T13:06:59.751-03:00,255,0,2,50,0,0,0,0,0,0,0x03
2026-09-06T13:06:59.751-03:00,255,0,2,50,0,0,0,0,0,0,0x03
2026-09-06T13:06:59.769-03:00,255,0,2,50,0,0,0,0,0,0,0x03
2026-09-06T13:06:59.791-03:00,8,0,2,53,0,0,15220,0,0,15234,0x07
2026-09-06T13:06:59.809-03:00,9,0,2,53,0,0,15220,0,0,15234,0x07
2026-09-06T13:06:59.832-03:00,10,0,2,54,1687,481,21496,1750,222,22742,0x07
2026-09-06T13:06:59.850-03:00,11,0,2,54,1687,481,21496,1750,222,22742,0x07
2026-09-06T13:06:59.873-03:00,12,0,2,54,1687,481,21496,1750,222,22742,0x07
2026-09-06T13:06:59.891-03:00,13,0,2,50,1687,1560,17024,1750,1080,19508,0x07
2026-09-06T13:06:59.911-03:00,14,0,2,50,1687,1560,17024,1750,1080,19508,0x07
2026-09-06T13:06:59.929-03:00,15,0,2,56,1687,1964,15031,1750,1625,17278,0x07
2026-09-06T13:06:59.952-03:00,16,0,2,56,1687,1964,15031,1750,1625,17278,0x07
2026-09-06T13:06:59.971-03:00,17,0,2,56,1687,1964,15031,1750,1625,17278,0x07
2026-09-06T13:06:59.989-03:00,18,0,2,56,1687,1750,15880,1750,1536,17805,0x07
2026-09-06T13:07:00.009-03:00,19,0,2,56,1687,1750,15880,1750,1536,17805,0x07
2026-09-06T13:07:00.032-03:00,20,0,2,56,1687,1750,15880,1750,1536,17805,0x07
2026-09-06T13:07:00.049-03:00,21,0,2,51,1687,1627,16454,1750,1431,18449,0x07
2026-09-06T13:07:00.072-03:00,22,0,2,51,1687,1627,16454,1750,1431,18449,0x07
2026-09-06T13:07:00.090-03:00,23,0,2,51,1687,1667,16306,1750,1333,19127,0x07
2026-09-06T13:07:00.108-03:00,24,0,2,51,1687,1667,16306,1750,1333,19127,0x07
2026-09-06T13:07:00.129-03:00,25,0,2,51,1687,1667,16306,1750,1333,19127,0x07
2026-09-06T13:07:00.152-03:00,26,0,2,50,1687,1740,15947,1750,1460,18767,0x07
2026-09-06T13:07:00.169-03:00,27,0,2,50,1687,1740,15947,1750,1460,18767,0x07
2026-09-06T13:07:00.192-03:00,28,0,2,50,1687,1740,15947,1750,1460,18767,0x07
2026-09-06T13:07:00.210-03:00,29,0,2,51,1687,1706,16075,1750,1431,19088,0x07
2026-09-06T13:07:00.233-03:00,30,0,2,51,1687,1706,16075,1750,1431,19088,0x07
2026-09-06T13:07:00.251-03:00,31,0,2,50,1687,1720,15986,1750,1500,18950,0x07
2026-09-06T13:07:00.269-03:00,32,0,2,50,1687,1720,15986,1750,1500,18950,0x07
2026-09-06T13:07:00.289-03:00,33,0,2,50,1687,1700,16060,1750,1520,19007,0x07
2026-09-06T13:07:00.312-03:00,34,0,2,50,1687,1700,16060,1750,1520,19007,0x07
2026-09-06T13:07:00.330-03:00,35,0,2,50,1687,1700,16060,1750,1520,19007,0x07
2026-09-06T13:07:00.352-03:00,36,0,2,56,1687,1661,16253,1750,1518,19176,0x07
2026-09-06T13:07:00.371-03:00,37,0,2,56,1687,1661,16253,1750,1518,19176,0x07
2026-09-06T13:07:00.393-03:00,38,0,2,56,1687,1661,16253,1750,1518,19176,0x07
2026-09-06T13:07:00.411-03:00,39,0,2,51,1687,1706,16044,1750,1490,19456,0x07
2026-09-06T13:07:00.429-03:00,40,0,2,51,1687,1706,16044,1750,1490,19456,0x07
2026-09-06T13:07:00.452-03:00,41,0,2,54,1687,1704,16037,1750,1500,19581,0x07
2026-09-06T13:07:00.470-03:00,42,0,2,54,1687,1704,16037,1750,1500,19581,0x07
2026-09-06T13:07:00.488-03:00,43,0,2,54,1687,1704,16037,1750,1500,19581,0x07
2026-09-06T13:07:00.512-03:00,44,0,2,51,1687,1667,16213,1750,1510,19690,0x07
2026-09-06T13:07:00.530-03:00,45,0,2,51,1687,1667,16213,1750,1510,19690,0x07
2026-09-06T13:07:00.553-03:00,46,0,2,51,1687,1667,16213,1750,1510,19690,0x07
2026-09-06T13:07:00.571-03:00,47,0,2,50,1687,1680,16162,1750,1500,19885,0x07
2026-09-06T13:07:00.589-03:00,48,0,2,50,1687,1680,16162,1750,1500,19885,0x07
2026-09-06T13:07:00.612-03:00,49,0,2,50,1687,1680,16168,1750,1500,20039,0x07
2026-09-06T13:07:00.630-03:00,50,0,2,50,1687,1680,16168,1750,1500,20039,0x07
2026-09-06T13:07:00.650-03:00,51,0,2,50,1687,1680,16168,1750,1500,20039,0x07
2026-09-06T13:07:00.668-03:00,52,0,2,51,1687,1647,16344,1750,1549,19957,0x07
2026-09-06T13:07:00.691-03:00,53,0,2,51,1687,1647,16344,1750,1549,19957,0x07
2026-09-06T13:07:00.712-03:00,54,0,2,55,1687,1636,16439,1750,1545,20110,0x07
2026-09-06T13:07:00.732-03:00,55,0,2,55,1687,1636,16439,1750,1545,20110,0x07
2026-09-06T13:07:00.750-03:00,56,0,2,55,1687,1636,16439,1750,1545,20110,0x07
2026-09-06T13:07:00.773-03:00,57,0,2,50,1687,1700,16157,1750,1580,20068,0x07
2026-09-06T13:07:00.791-03:00,58,0,2,50,1687,1700,16157,1750,1580,20068,0x07
2026-09-06T13:07:00.809-03:00,59,0,2,50,1687,1700,16157,1750,1580,20068,0x07
2026-09-06T13:07:00.829-03:00,60,0,2,54,1687,1722,16029,1750,1519,20483,0x07
2026-09-06T13:07:00.849-03:00,61,0,2,54,1687,1722,16029,1750,1519,20483,0x07
2026-09-06T13:07:00.872-03:00,62,0,2,55,1687,1655,16348,1750,1491,20775,0x07
2026-09-06T13:07:00.890-03:00,63,0,2,55,1687,1655,16348,1750,1491,20775,0x07
2026-09-06T13:07:00.913-03:00,64,0,2,55,1687,1655,16348,1750,1491,20775,0x07
2026-09-06T13:07:00.931-03:00,65,0,2,51,1687,1706,16113,1750,1569,20559,0x07
2026-09-06T13:07:00.949-03:00,66,0,2,51,1687,1706,16113,1750,1569,20559,0x07
2026-09-06T13:07:00.969-03:00,67,0,2,52,1687,1673,16265,1750,1596,20540,0x07
2026-09-06T13:07:00.993-03:00,68,0,2,52,1687,1673,16265,1750,1596,20540,0x07
2026-09-06T13:07:01.011-03:00,69,0,2,52,1687,1673,16265,1750,1596,20540,0x07
2026-09-06T13:07:01.031-03:00,70,0,2,50,1687,1660,16345,1750,1620,20519,0x07
2026-09-06T13:07:01.049-03:00,71,0,2,50,1687,1660,16345,1750,1620,20519,0x07
2026-09-06T13:07:01.072-03:00,72,0,2,50,1687,1660,16345,1750,1620,20519,0x07
2026-09-06T13:07:01.090-03:00,73,0,2,54,1687,1667,16336,1750,1611,20649,0x07
2026-09-06T13:07:01.110-03:00,74,0,2,54,1687,1667,16336,1750,1611,20649,0x07
2026-09-06T13:07:01.130-03:00,75,0,2,56,1687,1696,16200,1750,1589,20852,0x07
2026-09-06T13:07:01.153-03:00,76,0,2,56,1687,1696,16200,1750,1589,20852,0x07
2026-09-06T13:07:01.171-03:00,77,0,2,56,1687,1696,16200,1750,1589,20852,0x07
2026-09-06T13:07:01.189-03:00,78,0,2,50,1687,1700,16173,1750,1600,20899,0x07
2026-09-06T13:07:01.212-03:00,79,0,2,50,1687,1700,16173,1750,1600,20899,0x07
2026-09-06T13:07:01.230-03:00,80,0,2,50,1687,1700,16173,1750,1600,20899,0x07
2026-09-06T13:07:01.253-03:00,81,0,2,54,1687,1704,16142,1750,1537,21308,0x07
2026-09-06T13:07:01.271-03:00,82,0,2,54,1687,1704,16142,1750,1537,21308,0x07
2026-09-06T13:07:01.290-03:00,83,0,2,53,1687,1717,16057,1750,1585,21212,0x07
2026-09-06T13:07:01.313-03:00,84,0,2,53,1687,1717,16057,1750,1585,21212,0x07
2026-09-06T13:07:01.333-03:00,85,0,2,53,1687,1717,16057,1750,1585,21212,0x07
2026-09-06T13:07:01.353-03:00,86,0,2,51,1687,1706,16087,1750,1627,21108,0x07
2026-09-06T13:07:01.371-03:00,87,0,2,51,1687,1706,16087,1750,1627,21108,0x07
2026-09-06T13:07:01.390-03:00,88,0,2,53,1687,1660,16306,1750,1660,21027,0x07
2026-09-06T13:07:01.413-03:00,89,0,2,53,1687,1660,16306,1750,1660,21027,0x07
2026-09-06T13:07:01.431-03:00,90,0,2,53,1687,1660,16306,1750,1660,21027,0x07
2026-09-06T13:07:01.448-03:00,91,0,2,50,1687,1720,16023,1750,1660,21084,0x07
2026-09-06T13:07:01.470-03:00,92,0,2,50,1687,1720,16023,1750,1660,21084,0x07
2026-09-06T13:07:01.488-03:00,93,0,2,50,1687,1720,16023,1750,1660,21084,0x07
2026-09-06T13:07:01.508-03:00,94,0,2,53,1687,1717,16016,1750,1623,21364,0x07
2026-09-06T13:07:01.532-03:00,95,0,2,53,1687,1717,16016,1750,1623,21364,0x07
2026-09-06T13:07:01.549-03:00,96,0,2,53,1687,1660,16281,1750,1623,21484,0x07
2026-09-06T13:07:01.569-03:00,97,0,2,53,1687,1660,16281,1750,1623,21484,0x07
2026-09-06T13:07:01.592-03:00,98,0,2,53,1687,1660,16281,1750,1623,21484,0x07
2026-09-06T13:07:01.610-03:00,99,0,2,51,1687,1745,15869,1750,1627,21577,0x07
2026-09-06T13:07:01.633-03:00,100,0,2,51,1687,1745,15869,1750,1627,21577,0x07
2026-09-06T13:07:01.651-03:00,101,0,2,52,1687,1673,16188,1750,1596,21809,0x07
2026-09-06T13:07:01.669-03:00,102,0,2,52,1687,1673,16188,1750,1596,21809,0x07
2026-09-06T13:07:01.692-03:00,103,0,2,52,1687,1673,16188,1750,1596,21809,0x07
2026-09-06T13:07:01.710-03:00,104,0,2,50,1687,1700,16062,1750,1700,21398,0x07
2026-09-06T13:07:01.733-03:00,105,0,2,50,1687,1700,16062,1750,1700,21398,0x07
2026-09-06T13:07:01.751-03:00,106,0,2,50,1687,1660,16256,1750,1680,21526,0x07
2026-09-06T13:07:01.769-03:00,107,0,2,50,1687,1660,16256,1750,1680,21526,0x07
2026-09-06T13:07:01.791-03:00,108,0,2,50,1687,1660,16256,1750,1680,21526,0x07
2026-09-06T13:07:01.811-03:00,109,0,2,50,1687,1720,15971,1750,1700,21472,0x07
2026-09-06T13:07:01.833-03:00,110,0,2,50,1687,1720,15971,1750,1700,21472,0x07
2026-09-06T13:07:01.854-03:00,111,0,2,50,1687,1720,15971,1750,1700,21472,0x07
2026-09-06T13:07:01.871-03:00,112,0,2,54,1687,1704,16025,1750,1630,21851,0x07
2026-09-06T13:07:01.889-03:00,113,0,2,54,1687,1704,16025,1750,1630,21851,0x07
2026-09-06T13:07:01.911-03:00,114,0,2,58,1687,1672,16173,1750,1621,21981,0x07
2026-09-06T13:07:01.929-03:00,115,0,2,58,1687,1672,16173,1750,1621,21981,0x07
2026-09-06T13:07:01.952-03:00,116,0,2,58,1687,1672,16173,1750,1621,21981,0x07
2026-09-06T13:07:01.970-03:00,117,0,2,57,1687,1702,16033,1750,1649,21931,0x07
2026-09-06T13:07:01.993-03:00,118,0,2,57,1687,1702,16033,1750,1649,21931,0x07
2026-09-06T13:07:02.011-03:00,119,0,2,57,1687,1702,16033,1750,1649,21931,0x07
2026-09-06T13:07:02.029-03:00,120,0,2,51,1687,1706,15998,1750,1667,21909,0x07
2026-09-06T13:07:02.052-03:00,121,0,2,51,1687,1706,15998,1750,1667,21909,0x07
2026-09-06T13:07:02.070-03:00,122,0,2,51,1687,1706,15998,1750,1667,21909,0x07
2026-09-06T13:07:02.091-03:00,123,0,2,55,1687,1636,16343,1750,1709,21756,0x07
2026-09-06T13:07:02.109-03:00,124,0,2,55,1687,1636,16343,1750,1709,21756,0x07
2026-09-06T13:07:02.132-03:00,125,0,2,54,1687,1667,16234,1750,1741,21628,0x07
2026-09-06T13:07:02.150-03:00,126,0,2,54,1687,1667,16234,1750,1741,21628,0x07
2026-09-06T13:07:02.170-03:00,127,0,2,54,1687,1667,16234,1750,1741,21628,0x07
2026-09-06T13:07:02.189-03:00,128,0,2,51,1687,1686,16151,1750,1686,21899,0x07
2026-09-06T13:07:02.208-03:00,129,0,2,51,1687,1686,16151,1750,1686,21899,0x07
2026-09-06T13:07:02.232-03:00,130,0,2,51,1687,1686,16151,1750,1686,21899,0x07
2026-09-06T13:07:02.250-03:00,131,0,2,54,1687,1667,16254,1750,1667,22038,0x07
2026-09-06T13:07:02.273-03:00,132,0,2,54,1687,1667,16254,1750,1667,22038,0x07
2026-09-06T13:07:02.291-03:00,133,0,2,57,1687,1702,16090,1750,1649,22183,0x07
2026-09-06T13:07:02.311-03:00,134,0,2,57,1687,1702,16090,1750,1649,22183,0x07
2026-09-06T13:07:02.329-03:00,135,0,2,57,1687,1702,16090,1750,1649,22183,0x07
2026-09-06T13:07:02.352-03:00,136,0,2,51,1687,1706,16055,1750,1686,22065,0x07
2026-09-06T13:07:02.370-03:00,137,0,2,51,1687,1706,16055,1750,1686,22065,0x07
2026-09-06T13:07:02.389-03:00,138,0,2,51,1687,1706,16055,1750,1686,22065,0x07
2026-09-06T13:07:02.412-03:00,139,0,2,50,1687,1640,16377,1750,1700,22038,0x07
2026-09-06T13:07:02.430-03:00,140,0,2,50,1687,1640,16377,1750,1700,22038,0x07
2026-09-06T13:07:02.448-03:00,141,0,2,56,1687,1661,16315,1750,1750,21825,0x07
2026-09-06T13:07:02.471-03:00,142,0,2,56,1687,1661,16315,1750,1750,21825,0x07
2026-09-06T13:07:02.490-03:00,143,0,2,56,1687,1661,16315,1750,1750,21825,0x07
2026-09-06T13:07:02.513-03:00,144,0,2,51,1687,1706,16106,1750,1706,22040,0x07
2026-09-06T13:07:02.533-03:00,145,0,2,51,1687,1706,16106,1750,1706,22040,0x07
2026-09-06T13:07:02.551-03:00,146,0,2,50,1687,1660,16325,1750,1700,22096,0x07
2026-09-06T13:07:02.569-03:00,147,0,2,50,1687,1660,16325,1750,1700,22096,0x07
2026-09-06T13:07:02.610-03:00,148,0,2,50,1687,1660,16325,1750,1700,22096,0x07
2026-09-06T13:07:02.651-03:00,149,0,2,50,1687,1700,16143,1750,1660,22321,0x07
2026-09-06T13:07:02.694-03:00,150,0,2,50,1687,1700,16143,1750,1660,22321,0x07
2026-09-06T13:07:02.738-03:00,151,0,2,51,0,0,0,0,0,0,0x03
2026-09-06T13:07:02.781-03:00,152,0,2,51,0,0,0,0,0,0,0x03
