timestamp,sequence,team,robot_id,interval_ms,left_target_eps,left_measured_eps,left_duty,right_target_eps,right_measured_eps,right_duty,flags
2026-09-06T11:20:50.899-03:00,27,0,0,51,3374,0,40000,3500,0,40000,0x07
2026-09-06T11:20:50.917-03:00,28,0,0,50,0,0,28094,0,0,28548,0x07
2026-09-06T11:20:50.937-03:00,31,0,0,55,3374,0,40000,3500,0,40000,0x07
2026-09-06T11:20:50.960-03:00,31,0,0,55,3374,0,40000,3500,0,40000,0x07
2026-09-06T11:20:50.978-03:00,31,0,0,55,3374,0,40000,3500,0,40000,0x07
2026-09-06T11:20:50.999-03:00,31,0,0,52,3374,0,40000,3500,0,40000,0x07
2026-09-06T11:20:51.017-03:00,31,0,0,52,3374,0,40000,3500,0,40000,0x07
2026-09-06T11:20:51.040-03:00,31,0,0,52,3374,0,40000,3500,0,40000,0x07
2026-09-06T11:20:51.058-03:00,31,0,0,50,3374,0,40000,3500,0,40000,0x07
2026-09-06T11:20:51.076-03:00,31,0,0,50,3374,0,40000,3500,0,40000,0x07
2026-09-06T11:20:51.096-03:00,8,0,0,51,0,0,28094,0,0,28548,0x07
2026-09-06T11:20:51.119-03:00,9,0,0,51,0,0,28094,0,0,28548,0x07
2026-09-06T11:20:51.138-03:00,10,0,0,51,0,0,28094,0,0,28548,0x07
2026-09-06T11:20:51.160-03:00,11,0,0,52,3374,0,40000,3500,0,40000,0x07
2026-09-06T11:20:51.178-03:00,12,0,0,52,3374,0,40000,3500,0,40000,0x07
2026-09-06T11:20:51.196-03:00,13,0,0,56,3374,0,40000,3500,0,40000,0x07
2026-09-06T11:20:51.216-03:00,14,0,0,56,3374,0,40000,3500,0,40000,0x07
2026-09-06T11:20:51.240-03:00,15,0,0,56,3374,0,40000,3500,0,40000,0x07
2026-09-06T11:20:51.260-03:00,16,0,0,50,3374,0,40000,3500,0,40000,0x07
2026-09-06T11:20:51.278-03:00,17,0,0,50,3374,0,40000,3500,0,40000,0x07
2026-09-06T11:20:51.298-03:00,18,0,0,52,3374,0,40000,3500,0,40000,0x07
2026-09-06T11:20:51.318-03:00,19,0,0,52,3374,0,40000,3500,0,40000,0x07
2026-09-06T11:20:51.338-03:00,20,0,0,52,3374,0,40000,3500,0,40000,0x07
2026-09-06T11:20:51.356-03:00,21,0,0,57,3374,0,40000,3500,0,40000,0x07
2026-09-06T11:20:51.379-03:00,22,0,0,57,3374,0,40000,3500,0,40000,0x07
2026-09-06T11:20:51.397-03:00,23,0,0,57,3374,0,40000,3500,0,40000,0x07
2026-09-06T11:20:51.420-03:00,24,0,0,51,3374,0,40000,3500,0,40000,0x07
2026-09-06T11:20:51.438-03:00,25,0,0,51,3374,0,40000,3500,0,40000,0x07
2026-09-06T11:20:51.458-03:00,26,0,0,51,3374,0,40000,3500,0,40000,0x07
2026-09-06T11:20:51.480-03:00,27,0,0,51,3374,0,40000,3500,0,40000,0x07
2026-09-06T11:20:51.499-03:00,28,0,0,51,3374,0,40000,3500,0,40000,0x07
2026-09-06T11:20:51.516-03:00,29,0,0,52,3374,0,40000,3500,0,40000,0x07
2026-09-06T11:20:51.540-03:00,30,0,0,52,3374,0,40000,3500,0,40000,0x07
2026-09-06T11:20:51.560-03:00,31,0,0,52,3374,0,40000,3500,0,40000,0x07
2026-09-06T11:20:51.578-03:00,32,0,0,51,3374,0,40000,3500,0,40000,0x07
2026-09-06T11:20:51.597-03:00,33,0,0,51,3374,0,40000,3500,0,40000,0x07
2026-09-06T11:20:51.616-03:00,34,0,0,54,3374,0,40000,3500,0,40000,0x07
2026-09-06T11:20:51.639-03:00,35,0,0,54,3374,0,40000,3500,0,40000,0x07
2026-09-06T11:20:51.657-03:00,36,0,0,54,3374,0,40000,3500,0,40000,0x07
2026-09-06T11:20:51.680-03:00,37,0,0,51,3374,0,40000,3500,0,40000,0x07
2026-09-06T11:20:51.699-03:00,38,0,0,51,3374,0,40000,3500,0,40000,0x07
2026-09-06T11:20:51.716-03:00,39,0,0,52,3374,0,40000,3500,0,40000,0x07
2026-09-06T11:20:51.737-03:00,40,0,0,52,3374,0,40000,3500,0,40000,0x07
2026-09-06T11:20:51.760-03:00,41,0,0,52,3374,0,40000,3500,0,40000,0x07
2026-09-06T11:20:51.778-03:00,42,0,0,56,3374,0,40000,3500,0,40000,0x07
2026-09-06T11:20:51.799-03:00,43,0,0,56,3374,0,40000,3500,0,40000,0x07
2026-09-06T11:20:51.819-03:00,44,0,0,56,3374,0,40000,3500,0,40000,0x07
2026-09-06T11:20:51.837-03:00,45,0,0,50,3374,0,40000,3500,0,40000,0x07
2026-09-06T11:20:51.860-03:00,46,0,0,50,3374,0,40000,3500,0,40000,0x07
2026-09-06T11:20:51.880-03:00,47,0,0,50,3374,0,40000,3500,0,40000,0x07
2026-09-06T11:20:51.898-03:00,48,0,0,50,3374,0,40000,3500,0,40000,0x07
2026-09-06T11:20:51.916-03:00,49,0,0,50,3374,0,40000,3500,0,40000,0x07
2026-09-06T11:20:51.936-03:00,50,0,0,52,3374,0,40000,3500,0,40000,0x07
2026-09-06T11:20:51.959-03:00,51,0,0,52,3374,0,40000,3500,0,40000,0x07
2026-09-06T11:20:51.977-03:00,52,0,0,52,3374,0,40000,3500,0,40000,0x07
2026-09-06T11:20:51.996-03:00,53,0,0,51,3374,0,40000,3500,0,40000,0x07
2026-09-06T11:20:52.018-03:00,54,0,0,51,3374,0,40000,3500,0,40000,0x07
2026-09-06T11:20:52.037-03:00,55,0,0,51,3374,0,40000,3500,0,40000,0x07
2026-09-06T11:20:52.079-03:00,56,0,0,51,3374,0,40000,3500,0,40000,0x07
2026-09-06T11:20:52.079-03:00,57,0,0,51,3374,0,40000,3500,0,40000,0x07
2026-09-06T11:20:52.097-03:00,58,0,0,51,3374,0,40000,3500,0,40000,0x07
2026-09-06T11:20:52.117-03:00,59,0,0,51,3374,0,40000,3500,0,40000,0x07
2026-09-06T11:20:52.137-03:00,60,0,0,55,3374,0,40000,3500,0,40000,0x07
2026-09-06T11:20:52.161-03:00,61,0,0,55,3374,0,40000,3500,0,40000,0x07
2026-09-06T11:20:52.179-03:00,62,0,0,55,3374,0,40000,3500,0,40000,0x07
2026-09-06T11:20:52.196-03:00,63,0,0,50,3374,0,40000,3500,0,40000,0x07
2026-09-06T11:20:52.220-03:00,64,0,0,50,3374,0,40000,3500,0,40000,0x07
2026-09-06T11:20:52.238-03:00,65,0,0,50,3374,0,40000,3500,0,40000,0x07
2026-09-06T11:20:52.255-03:00,66,0,0,53,3374,0,40000,3500,0,40000,0x07
2026-09-06T11:20:52.279-03:00,67,0,0,53,3374,0,40000,3500,0,40000,0x07
2026-09-06T11:20:52.297-03:00,68,0,0,50,3374,0,40000,3500,0,40000,0x07
2026-09-06T11:20:52.320-03:00,69,0,0,50,3374,0,40000,3500,0,40000,0x07
2026-09-06T11:20:52.339-03:00,70,0,0,50,3374,0,40000,3500,0,40000,0x07
2026-09-06T11:20:52.356-03:00,71,0,0,53,3374,0,40000,3500,0,40000,0x07
2026-09-06T11:20:52.379-03:00,72,0,0,53,3374,0,40000,3500,0,40000,0x07
2026-09-06T11:20:52.398-03:00,73,0,0,54,3374,0,40000,3500,0,40000,0x07
2026-09-06T11:20:52.416-03:00,74,0,0,54,3374,0,40000,3500,0,40000,0x07
2026-09-06T11:20:52.439-03:00,75,0,0,54,3374,0,40000,3500,0,40000,0x07
2026-09-06T11:20:52.459-03:00,76,0,0,50,3374,0,40000,3500,0,40000,0x07
2026-09-06T11:20:52.479-03:00,77,0,0,50,3374,0,40000,3500,0,40000,0x07
2026-09-06T11:20:52.497-03:00,78,0,0,53,3374,0,40000,3500,0,40000,0x07
2026-09-06T11:20:52.520-03:00,79,0,0,53,3374,0,40000,3500,0,40000,0x07
2026-09-06T11:20:52.540-03:00,80,0,0,53,3374,0,40000,3500,0,40000,0x07
2026-09-06T11:20:52.560-03:00,81,0,0,51,3374,0,40000,3500,0,40000,0x07
2026-09-06T11:20:52.578-03:00,82,0,0,51,3374,0,40000,3500,0,40000,0x07
2026-09-06T11:20:52.596-03:00,83,0,0,50,3374,0,40000,3500,0,40000,0x07
2026-09-06T11:20:52.619-03:00,84,0,0,50,3374,0,40000,3500,0,40000,0x07
2026-09-06T11:20:52.637-03:00,85,0,0,50,3374,0,40000,3500,0,40000,0x07
2026-09-06T11:20:52.660-03:00,86,0,0,52,3374,0,40000,3500,0,40000,0x07
2026-09-06T11:20:52.678-03:00,87,0,0,52,3374,0,40000,3500,0,40000,0x07
2026-09-06T11:20:52.697-03:00,88,0,0,52,3374,0,40000,3500,0,40000,0x07
2026-09-06T11:20:52.720-03:00,89,0,0,52,3374,0,40000,3500,0,40000,0x07
2026-09-06T11:20:52.738-03:00,90,0,0,52,3374,0,40000,3500,0,40000,0x07
2026-09-06T11:20:52.756-03:00,91,0,0,56,3374,0,40000,3500,0,40000,0x07
2026-09-06T11:20:52.779-03:00,92,0,0,56,3374,0,40000,3500,0,40000,0x07
2026-09-06T11:20:52.799-03:00,93,0,0,56,3374,0,40000,3500,0,40000,0x07
2026-09-06T11:20:52.817-03:00,94,0,0,50,3374,0,40000,3500,0,40000,0x07
2026-09-06T11:20:52.840-03:00,95,0,0,50,3374,0,40000,3500,0,40000,0x07
2026-09-06T11:20:52.858-03:00,96,0,0,50,3374,0,40000,3500,0,40000,0x07
2026-09-06T11:20:52.876-03:00,97,0,0,50,3374,0,40000,3500,0,40000,0x07
2026-09-06T11:20:52.895-03:00,98,0,0,50,3374,0,40000,3500,0,40000,0x07
2026-09-06T11:20:52.919-03:00,99,0,0,55,3374,0,40000,3500,0,40000,0x07
2026-09-06T11:20:52.936-03:00,100,0,0,55,3374,0,40000,3500,0,40000,0x07
2026-09-06T11:20:52.960-03:00,101,0,0,55,3374,0,40000,3500,0,40000,0x07
2026-09-06T11:20:52.980-03:00,102,0,0,52,3374,0,40000,3500,0,40000,0x07
2026-09-06T11:20:52.996-03:00,103,0,0,52,3374,0,40000,3500,0,40000,0x07
2026-09-06T11:20:53.019-03:00,104,0,0,51,3374,0,40000,3500,0,40000,0x07
2026-09-06T11:20:53.037-03:00,105,0,0,51,3374,0,40000,3500,0,40000,0x07
2026-09-06T11:20:53.055-03:00,106,0,0,51,3374,0,40000,3500,0,40000,0x07
2026-09-06T11:20:53.077-03:00,107,0,0,50,3374,0,40000,3500,0,40000,0x07
2026-09-06T11:20:53.096-03:00,108,0,0,50,3374,0,40000,3500,0,40000,0x07
2026-09-06T11:20:53.119-03:00,109,0,0,50,3374,0,40000,3500,0,40000,0x07
2026-09-06T11:20:53.137-03:00,110,0,0,54,3374,0,40000,3500,0,40000,0x07
2026-09-06T11:20:53.160-03:00,111,0,0,54,3374,0,40000,3500,0,40000,0x07
2026-09-06T11:20:53.178-03:00,112,0,0,61,3374,0,40000,3500,0,40000,0x07
2026-09-06T11:20:53.198-03:00,113,0,0,61,3374,0,40000,3500,0,40000,0x07
2026-09-06T11:20:53.216-03:00,114,0,0,61,3374,0,40000,3500,0,40000,0x07
2026-09-06T11:20:53.239-03:00,115,0,0,55,3374,0,40000,3500,0,40000,0x07
2026-09-06T11:20:53.257-03:00,116,0,0,55,3374,0,40000,3500,0,40000,0x07
2026-09-06T11:20:53.280-03:00,117,0,0,55,3374,0,40000,3500,0,40000,0x07
2026-09-06T11:20:53.298-03:00,118,0,0,50,3374,0,40000,3500,0,40000,0x07
2026-09-06T11:20:53.320-03:00,119,0,0,50,3374,0,40000,3500,0,40000,0x07
2026-09-06T11:20:53.340-03:00,120,0,0,50,3374,0,40000,3500,0,40000,0x07
2026-09-06T11:20:53.358-03:00,121,0,0,50,3374,0,40000,3500,0,40000,0x07
2026-09-06T11:20:53.376-03:00,122,0,0,50,3374,0,40000,3500,0,40000,0x07
2026-09-06T11:20:53.399-03:00,123,0,0,50,3374,0,40000,3500,0,40000,0x07
2026-09-06T11:20:53.418-03:00,124,0,0,50,3374,0,40000,3500,0,40000,0x07
2026-09-06T11:20:53.459-03:00,125,0,0,50,3374,0,40000,3500,0,40000,0x07
2026-09-06T11:20:53.459-03:00,126,0,0,50,3374,0,40000,3500,0,40000,0x07
2026-09-06T11:20:53.476-03:00,127,0,0,50,3374,0,40000,3500,0,40000,0x07
2026-09-06T11:20:53.499-03:00,128,0,0,51,3374,0,40000,3500,0,40000,0x07
2026-09-06T11:20:53.517-03:00,129,0,0,51,3374,0,40000,3500,0,40000,0x07
2026-09-06T11:20:53.540-03:00,130,0,0,51,3374,0,40000,3500,0,40000,0x07
2026-09-06T11:20:53.558-03:00,131,0,0,53,3374,0,40000,3500,0,40000,0x07
2026-09-06T11:20:53.578-03:00,132,0,0,53,3374,0,40000,3500,0,40000,0x07
2026-09-06T11:20:53.597-03:00,133,0,0,55,3374,0,40000,3500,0,40000,0x07
2026-09-06T11:20:53.619-03:00,134,0,0,55,3374,0,40000,3500,0,40000,0x07
2026-09-06T11:20:53.637-03:00,135,0,0,55,3374,0,40000,3500,0,40000,0x07
2026-09-06T11:20:53.660-03:00,136,0,0,51,3374,0,40000,3500,0,40000,0x07
2026-09-06T11:20:53.679-03:00,137,0,0,51,3374,0,40000,3500,0,40000,0x07
2026-09-06T11:20:53.695-03:00,138,0,0,51,3374,0,40000,3500,0,40000,0x07
2026-09-06T11:20:53.718-03:00,139,0,0,51,3374,0,40000,3500,0,40000,0x07
2026-09-06T11:20:53.740-03:00,140,0,0,51,3374,0,40000,3500,0,40000,0x07
2026-09-06T11:20:53.758-03:00,141,0,0,51,3374,0,40000,3500,0,40000,0x07
2026-09-06T11:20:53.778-03:00,142,0,0,51,3374,0,40000,3500,0,40000,0x07
2026-09-06T11:20:53.796-03:00,143,0,0,51,3374,0,40000,3500,0,40000,0x07
2026-09-06T11:20:53.819-03:00,144,0,0,51,3374,0,40000,3500,0,40000,0x07
2026-09-06T11:20:53.838-03:00,145,0,0,51,3374,0,40000,3500,0,40000,0x07
2026-09-06T11:20:53.857-03:00,146,0,0,50,3374,0,40000,3500,0,40000,0x07
2026-09-06T11:20:53.880-03:00,147,0,0,50,3374,0,40000,3500,0,40000,0x07
2026-09-06T11:20:53.898-03:00,148,0,0,50,3374,0,40000,3500,0,40000,0x07
2026-09-06T11:20:53.918-03:00,149,0,0,50,3374,0,40000,3500,0,40000,0x07
2026-09-06T11:20:53.956-03:00,150,0,0,50,3374,0,40000,3500,0,40000,0x07
2026-09-06T11:20:53.976-03:00,151,0,0,50,3374,0,40000,3500,0,40000,0x07
2026-09-06T11:20:53.996-03:00,152,0,0,50,3374,0,40000,3500,0,40000,0x07
2026-09-06T11:20:54.020-03:00,153,0,0,52,3374,0,40000,3500,0,40000,0x07
2026-09-06T11:20:54.038-03:00,155,0,0,52,3374,0,40000,3500,0,40000,0x07
2026-09-06T11:20:54.056-03:00,156,0,0,55,3374,0,40000,3500,0,40000,0x07
2026-09-06T11:20:54.078-03:00,157,0,0,55,3374,0,40000,3500,0,40000,0x07
2026-09-06T11:20:54.096-03:00,158,0,0,55,3374,0,40000,3500,0,40000,0x07
2026-09-06T11:20:54.119-03:00,159,0,0,50,3374,0,40000,3500,0,40000,0x07
2026-09-06T11:20:54.136-03:00,160,0,0,50,3374,0,40000,3500,0,40000,0x07
2026-09-06T11:20:54.159-03:00,161,0,0,50,3374,0,40000,3500,0,40000,0x07
2026-09-06T11:20:54.176-03:00,162,0,0,50,3374,0,40000,3500,0,40000,0x07
2026-09-06T11:20:54.200-03:00,163,0,0,50,3374,0,40000,3500,0,40000,0x07
2026-09-06T11:20:54.218-03:00,164,0,0,51,3374,0,40000,3500,0,40000,0x07
2026-09-06T11:20:54.240-03:00,165,0,0,51,3374,0,40000,3500,0,40000,0x07
2026-09-06T11:20:54.260-03:00,166,0,0,51,3374,0,40000,3500,0,40000,0x07
2026-09-06T11:20:54.280-03:00,167,0,0,54,3374,0,40000,3500,0,40000,0x07
2026-09-06T11:20:54.298-03:00,168,0,0,54,3374,0,40000,3500,0,40000,0x07
2026-09-06T11:20:54.339-03:00,169,0,0,56,3374,0,40000,3500,0,40000,0x07
2026-09-06T11:20:54.356-03:00,170,0,0,56,3374,0,40000,3500,0,40000,0x07
2026-09-06T11:20:54.379-03:00,171,0,0,51,3374,0,40000,3500,0,40000,0x07
2026-09-06T11:20:54.416-03:00,172,0,0,51,3374,0,40000,3500,0,40000,0x07
2026-09-06T11:20:54.439-03:00,174,0,0,51,3374,0,40000,3500,0,40000,0x07
2026-09-06T11:20:54.459-03:00,175,0,0,52,3374,0,40000,3500,0,40000,0x07
2026-09-06T11:20:54.480-03:00,176,0,0,50,3374,0,40000,3500,0,40000,0x07
2026-09-06T11:20:54.498-03:00,178,0,0,50,3374,0,40000,3500,0,40000,0x07
2026-09-06T11:20:54.518-03:00,179,0,0,50,3374,0,40000,3500,0,40000,0x07
2026-09-06T11:20:54.540-03:00,180,0,0,50,3374,0,40000,3500,0,40000,0x07
2026-09-06T11:20:54.558-03:00,181,0,0,50,3374,0,40000,3500,0,40000,0x07
2026-09-06T11:20:54.577-03:00,182,0,0,51,3374,0,40000,3500,0,40000,0x07
2026-09-06T11:20:54.600-03:00,183,0,0,51,3374,0,40000,3500,0,40000,0x07
2026-09-06T11:20:54.618-03:00,184,0,0,51,3374,0,40000,3500,0,40000,0x07
2026-09-06T11:20:54.637-03:00,185,0,0,51,3374,0,40000,3500,0,40000,0x07
2026-09-06T11:20:54.660-03:00,186,0,0,51,3374,0,40000,3500,0,40000,0x07
2026-09-06T11:20:54.680-03:00,187,0,0,53,3374,0,40000,3500,0,40000,0x07
2026-09-06T11:20:54.697-03:00,188,0,0,53,3374,0,40000,3500,0,40000,0x07
2026-09-06T11:20:54.720-03:00,189,0,0,53,3374,0,40000,3500,0,40000,0x07
2026-09-06T11:20:54.737-03:00,190,0,0,52,3374,0,40000,3500,0,40000,0x07
2026-09-06T11:20:54.760-03:00,191,0,0,52,3374,0,40000,3500,0,40000,0x07
2026-09-06T11:20:54.797-03:00,192,0,0,52,3374,0,40000,3500,0,40000,0x07
2026-09-06T11:20:54.818-03:00,193,0,0,51,3374,0,40000,3500,0,40000,0x07
2026-09-06T11:20:54.838-03:00,194,0,0,55,3374,0,40000,3500,0,40000,0x07
2026-09-06T11:20:54.856-03:00,195,0,0,55,3374,0,40000,3500,0,40000,0x07
2026-09-06T11:20:54.879-03:00,197,0,0,55,3374,0,40000,3500,0,40000,0x07
2026-09-06T11:20:54.897-03:00,198,0,0,50,3374,0,40000,3500,0,40000,0x07
2026-09-06T11:20:54.916-03:00,199,0,0,50,3374,0,40000,3500,0,40000,0x07
2026-09-06T11:20:54.939-03:00,200,0,0,52,3374,0,40000,3500,0,40000,0x07
2026-09-06T11:20:54.975-03:00,201,0,0,52,3374,0,40000,3500,0,40000,0x07
2026-09-06T11:20:54.976-03:00,202,0,0,52,3374,0,40000,3500,0,40000,0x07
2026-09-06T11:20:54.999-03:00,203,0,0,52,3374,0,40000,3500,0,40000,0x07
2026-09-06T11:20:55.017-03:00,204,0,0,52,3374,0,40000,3500,0,40000,0x07
2026-09-06T11:20:55.040-03:00,205,0,0,52,3374,0,40000,3500,0,40000,0x07
2026-09-06T11:20:55.058-03:00,206,0,0,53,3374,0,40000,3500,0,40000,0x07
2026-09-06T11:20:55.076-03:00,207,0,0,53,3374,0,40000,3500,0,40000,0x07
2026-09-06T11:20:55.095-03:00,208,0,0,56,3374,0,40000,3500,0,40000,0x07
2026-09-06T11:20:55.118-03:00,209,0,0,56,3374,0,40000,3500,0,40000,0x07
2026-09-06T11:20:55.139-03:00,210,0,0,56,3374,0,40000,3500,0,40000,0x07
2026-09-06T11:20:55.157-03:00,211,0,0,51,3374,0,40000,3500,0,40000,0x07
2026-09-06T11:20:55.180-03:00,212,0,0,51,3374,0,40000,3500,0,40000,0x07
2026-09-06T11:20:55.198-03:00,213,0,0,51,3374,0,40000,3500,0,40000,0x07
2026-09-06T11:20:55.216-03:00,214,0,0,50,3374,0,40000,3500,0,40000,0x07
2026-09-06T11:20:55.240-03:00,215,0,0,50,3374,0,40000,3500,0,40000,0x07
2026-09-06T11:20:55.260-03:00,216,0,0,51,3374,0,40000,3500,0,40000,0x07
2026-09-06T11:20:55.278-03:00,217,0,0,51,3374,0,40000,3500,0,40000,0x07
2026-09-06T11:20:55.296-03:00,218,0,0,51,3374,0,40000,3500,0,40000,0x07
2026-09-06T11:20:55.318-03:00,219,0,0,53,3374,0,40000,3500,0,40000,0x07
2026-09-06T11:20:55.340-03:00,220,0,0,53,3374,0,40000,3500,0,40000,0x07
2026-09-06T11:20:55.358-03:00,221,0,0,53,3374,0,40000,3500,0,40000,0x07
2026-09-06T11:20:55.380-03:00,222,0,0,53,3374,0,40000,3500,0,40000,0x07
2026-09-06T11:20:55.398-03:00,223,0,0,53,3374,0,40000,3500,0,40000,0x07
2026-09-06T11:20:55.418-03:00,224,0,0,50,3374,0,40000,3500,0,40000,0x07
2026-09-06T11:20:55.436-03:00,225,0,0,50,3374,0,40000,3500,0,40000,0x07
2026-09-06T11:20:55.459-03:00,226,0,0,51,3374,0,40000,3500,0,40000,0x07
2026-09-06T11:20:55.477-03:00,227,0,0,51,3374,0,40000,3500,0,40000,0x07
2026-09-06T11:20:55.500-03:00,228,0,0,51,3374,0,40000,3500,0,40000,0x07
2026-09-06T11:20:55.518-03:00,229,0,0,51,3374,0,40000,3500,0,40000,0x07
2026-09-06T11:20:55.536-03:00,230,0,0,51,3374,0,40000,3500,0,40000,0x07
2026-09-06T11:20:55.558-03:00,231,0,0,51,3374,0,40000,3500,0,40000,0x07
2026-09-06T11:20:55.576-03:00,232,0,0,53,3374,0,40000,3500,0,40000,0x07
2026-09-06T11:20:55.596-03:00,233,0,0,53,3374,0,40000,3500,0,40000,0x07
2026-09-06T11:20:55.619-03:00,234,0,0,53,3374,0,40000,3500,0,40000,0x07
2026-09-06T11:20:55.638-03:00,235,0,0,53,3374,0,40000,3500,0,40000,0x07
2026-09-06T11:20:55.656-03:00,236,0,0,53,3374,0,40000,3500,0,40000,0x07
2026-09-06T11:20:55.676-03:00,237,0,0,51,3374,0,40000,3500,0,40000,0x07
2026-09-06T11:20:55.700-03:00,238,0,0,51,3374,0,40000,3500,0,40000,0x07
2026-09-06T11:20:55.718-03:00,239,0,0,50,3374,0,40000,3500,0,40000,0x07
2026-09-06T11:20:55.736-03:00,240,0,0,50,3374,0,40000,3500,0,40000,0x07
2026-09-06T11:20:55.759-03:00,241,0,0,50,3374,0,40000,3500,0,40000,0x07
2026-09-06T11:20:55.777-03:00,242,0,0,50,3374,0,40000,3500,0,40000,0x07
2026-09-06T11:20:55.799-03:00,243,0,0,50,3374,0,40000,3500,0,40000,0x07
2026-09-06T11:20:55.818-03:00,244,0,0,52,3374,0,40000,3500,0,40000,0x07
2026-09-06T11:20:55.839-03:00,245,0,0,52,3374,0,40000,3500,0,40000,0x07
2026-09-06T11:20:55.858-03:00,246,0,0,52,3374,0,40000,3500,0,40000,0x07
2026-09-06T11:20:55.876-03:00,247,0,0,50,3374,0,40000,3500,0,40000,0x07
2026-09-06T11:20:55.896-03:00,248,0,0,50,3374,0,40000,3500,0,40000,0x07
2026-09-06T11:20:55.919-03:00,249,0,0,50,3374,0,40000,3500,0,40000,0x07
2026-09-06T11:20:55.936-03:00,250,0,0,52,3374,0,40000,3500,0,40000,0x07
2026-09-06T11:20:55.959-03:00,251,0,0,52,3374,0,40000,3500,0,40000,0x07
2026-09-06T11:20:55.977-03:00,252,0,0,50,3374,0,40000,3500,0,40000,0x07
2026-09-06T11:20:56.000-03:00,253,0,0,50,3374,0,40000,3500,0,40000,0x07
2026-09-06T11:20:56.017-03:00,254,0,0,50,3374,0,40000,3500,0,40000,0x07
2026-09-06T11:20:56.040-03:00,255,0,0,51,3374,0,40000,3500,0,40000,0x07
2026-09-06T11:20:56.059-03:00,256,0,0,51,3374,0,40000,3500,0,40000,0x07
2026-09-06T11:20:56.079-03:00,257,0,0,50,3374,0,40000,3500,0,40000,0x07
2026-09-06T11:20:56.099-03:00,258,0,0,50,3374,0,40000,3500,0,40000,0x07
2026-09-06T11:20:56.117-03:00,259,0,0,50,3374,0,40000,3500,0,40000,0x07
2026-09-06T11:20:56.140-03:00,260,0,0,53,3374,0,40000,3500,0,40000,0x07
2026-09-06T11:20:56.157-03:00,261,0,0,53,3374,0,40000,3500,0,40000,0x07
2026-09-06T11:20:56.180-03:00,262,0,0,57,3374,0,40000,3500,0,40000,0x07
2026-09-06T11:20:56.197-03:00,263,0,0,57,3374,0,40000,3500,0,40000,0x07
2026-09-06T11:20:56.217-03:00,264,0,0,57,3374,0,40000,3500,0,40000,0x07
2026-09-06T11:20:56.240-03:00,265,0,0,56,3374,0,40000,3500,0,40000,0x07
2026-09-06T11:20:56.258-03:00,266,0,0,56,3374,0,40000,3500,0,40000,0x07
2026-09-06T11:20:56.280-03:00,267,0,0,56,3374,0,40000,3500,0,40000,0x07
2026-09-06T11:20:56.298-03:00,268,0,0,51,3374,0,40000,3500,0,40000,0x07
2026-09-06T11:20:56.318-03:00,269,0,0,51,3374,0,40000,3500,0,40000,0x07
2026-09-06T11:20:56.340-03:00,270,0,0,50,3374,0,40000,3500,0,40000,0x07
2026-09-06T11:20:56.358-03:00,271,0,0,50,3374,0,40000,3500,0,40000,0x07
2026-09-06T11:20:56.376-03:00,272,0,0,50,3374,0,40000,3500,0,40000,0x07
2026-09-06T11:20:56.399-03:00,273,0,0,50,3374,0,40000,3500,0,40000,0x07
2026-09-06T11:20:56.418-03:00,274,0,0,50,3374,0,40000,3500,0,40000,0x07
2026-09-06T11:20:56.436-03:00,275,0,0,51,3374,0,40000,3500,0,40000,0x07
2026-09-06T11:20:56.459-03:00,276,0,0,51,3374,0,40000,3500,0,40000,0x07
2026-09-06T11:20:56.478-03:00,277,0,0,51,3374,0,40000,3500,0,40000,0x07
2026-09-06T11:20:56.496-03:00,278,0,0,51,3374,0,40000,3500,0,40000,0x07
2026-09-06T11:20:56.519-03:00,279,0,0,51,3374,0,40000,3500,0,40000,0x07
2026-09-06T11:20:56.538-03:00,280,0,0,51,3374,0,40000,3500,0,40000,0x07
2026-09-06T11:20:56.556-03:00,281,0,0,52,3374,0,40000,3500,0,40000,0x07
2026-09-06T11:20:56.579-03:00,282,0,0,52,3374,0,40000,3500,0,40000,0x07
2026-09-06T11:20:56.597-03:00,283,0,0,55,3374,0,40000,3500,0,40000,0x07
2026-09-06T11:20:56.617-03:00,284,0,0,55,3374,0,40000,3500,0,40000,0x07
2026-09-06T11:20:56.637-03:00,285,0,0,55,3374,0,40000,3500,0,40000,0x07
2026-09-06T11:20:56.655-03:00,286,0,0,50,3374,0,40000,3500,0,40000,0x07
2026-09-06T11:20:56.679-03:00,287,0,0,50,3374,0,40000,3500,0,40000,0x07
2026-09-06T11:20:56.697-03:00,288,0,0,50,3374,0,40000,3500,0,40000,0x07
2026-09-06T11:20:56.720-03:00,289,0,0,52,3374,0,40000,3500,0,40000,0x07
2026-09-06T11:20:56.738-03:00,290,0,0,52,3374,0,40000,3500,0,40000,0x07
2026-09-06T11:20:56.756-03:00,291,0,0,51,3374,0,40000,3500,0,40000,0x07
2026-09-06T11:20:56.779-03:00,292,0,0,51,3374,0,40000,3500,0,40000,0x07
2026-09-06T11:20:56.797-03:00,293,0,0,51,3374,0,40000,3500,0,40000,0x07
2026-09-06T11:20:56.820-03:00,294,0,0,51,3374,0,40000,3500,0,40000,0x07
2026-09-06T11:20:56.838-03:00,295,0,0,51,3374,0,40000,3500,0,40000,0x07
2026-09-06T11:20:56.856-03:00,296,0,0,51,3374,0,40000,3500,0,40000,0x07
2026-09-06T11:20:56.879-03:00,297,0,0,51,3374,0,40000,3500,0,40000,0x07
2026-09-06T11:20:56.897-03:00,298,0,0,51,3374,0,40000,3500,0,40000,0x07
2026-09-06T11:20:56.916-03:00,299,0,0,52,3374,0,40000,3500,0,40000,0x07
2026-09-06T11:20:56.940-03:00,300,0,0,52,3374,0,40000,3500,0,40000,0x07
2026-09-06T11:20:56.958-03:00,301,0,0,52,3374,0,40000,3500,0,40000,0x07
2026-09-06T11:20:56.980-03:00,302,0,0,52,3374,0,40000,3500,0,40000,0x07
2026-09-06T11:20:56.998-03:00,303,0,0,52,3374,0,40000,3500,0,40000,0x07
2026-09-06T11:20:57.016-03:00,304,0,0,51,3374,0,40000,3500,0,40000,0x07
2026-09-06T11:20:57.039-03:00,305,0,0,51,3374,0,40000,3500,0,40000,0x07
2026-09-06T11:20:57.057-03:00,306,0,0,51,3374,0,40000,3500,0,40000,0x07
2026-09-06T11:20:57.077-03:00,307,0,0,53,3374,0,40000,3500,0,40000,0x07
2026-09-06T11:20:57.100-03:00,308,0,0,53,3374,0,40000,3500,0,40000,0x07
2026-09-06T11:20:57.118-03:00,309,0,0,56,3374,0,40000,3500,0,40000,0x07
2026-09-06T11:20:57.136-03:00,310,0,0,56,3374,0,40000,3500,0,40000,0x07
2026-09-06T11:20:57.156-03:00,311,0,0,56,3374,0,40000,3500,0,40000,0x07
2026-09-06T11:20:57.180-03:00,312,0,0,50,3374,0,40000,3500,0,40000,0x07
2026-09-06T11:20:57.198-03:00,313,0,0,50,3374,0,40000,3500,0,40000,0x07
2026-09-06T11:20:57.216-03:00,314,0,0,54,3374,0,40000,3500,0,40000,0x07
2026-09-06T11:20:57.238-03:00,315,0,0,54,3374,0,40000,3500,0,40000,0x07
2026-09-06T11:20:57.256-03:00,316,0,0,54,3374,0,40000,3500,0,40000,0x07
2026-09-06T11:20:57.279-03:00,317,0,0,52,3374,0,40000,3500,0,40000,0x07
2026-09-06T11:20:57.299-03:00,318,0,0,52,3374,0,40000,3500,0,40000,0x07
2026-09-06T11:20:57.317-03:00,319,0,0,54,3374,0,40000,3500,0,40000,0x07
2026-09-06T11:20:57.338-03:00,320,0,0,54,3374,0,40000,3500,0,40000,0x07
2026-09-06T11:20:57.356-03:00,321,0,0,54,3374,0,40000,3500,0,40000,0x07
2026-09-06T11:20:57.379-03:00,322,0,0,51,3374,0,40000,3500,0,40000,0x07
2026-09-06T11:20:57.399-03:00,323,0,0,51,3374,0,40000,3500,0,40000,0x07
2026-09-06T11:20:57.417-03:00,324,0,0,51,3374,0,40000,3500,0,40000,0x07
2026-09-06T11:20:57.439-03:00,325,0,0,51,3374,0,40000,3500,0,40000,0x07
2026-09-06T11:20:57.458-03:00,326,0,0,51,3374,0,40000,3500,0,40000,0x07
2026-09-06T11:20:57.476-03:00,327,0,0,51,3374,0,40000,3500,0,40000,0x07
2026-09-06T11:20:57.499-03:00,328,0,0,51,3374,0,40000,3500,0,40000,0x07
2026-09-06T11:20:57.517-03:00,329,0,0,51,3374,0,40000,3500,0,40000,0x07
2026-09-06T11:20:57.540-03:00,330,0,0,52,3374,0,40000,3500,0,40000,0x07
2026-09-06T11:20:57.558-03:00,331,0,0,52,3374,0,40000,3500,0,40000,0x07
2026-09-06T11:20:57.575-03:00,332,0,0,50,3374,0,40000,3500,0,40000,0x07
2026-09-06T11:20:57.598-03:00,333,0,0,50,3374,0,40000,3500,0,40000,0x07
2026-09-06T11:20:57.616-03:00,334,0,0,50,3374,0,40000,3500,0,40000,0x07
2026-09-06T11:20:57.639-03:00,335,0,0,50,3374,0,40000,3500,0,40000,0x07
2026-09-06T11:20:57.657-03:00,336,0,0,50,3374,0,40000,3500,0,40000,0x07
2026-09-06T11:20:57.680-03:00,337,0,0,50,3374,0,40000,3500,0,40000,0x07
2026-09-06T11:20:57.698-03:00,338,0,0,52,3374,0,40000,3500,0,40000,0x07
2026-09-06T11:20:57.720-03:00,339,0,0,52,3374,0,40000,3500,0,40000,0x07
2026-09-06T11:20:57.738-03:00,340,0,0,55,3374,0,40000,3500,0,40000,0x07
2026-09-06T11:20:57.756-03:00,341,0,0,55,3374,0,40000,3500,0,40000,0x07
2026-09-06T11:20:57.779-03:00,342,0,0,55,3374,0,40000,3500,0,40000,0x07
2026-09-06T11:20:57.797-03:00,343,0,0,51,3374,0,40000,3500,0,40000,0x07
2026-09-06T11:20:57.817-03:00,344,0,0,51,3374,0,40000,3500,0,40000,0x07
2026-09-06T11:20:57.840-03:00,345,0,0,51,3374,0,40000,3500,0,40000,0x07
2026-09-06T11:20:57.857-03:00,346,0,0,52,3374,0,40000,3500,0,40000,0x07
2026-09-06T11:20:57.876-03:00,347,0,0,52,3374,0,40000,3500,0,40000,0x07
2026-09-06T11:20:57.896-03:00,348,0,0,56,3374,0,40000,3500,0,40000,0x07
2026-09-06T11:20:57.919-03:00,349,0,0,56,3374,0,40000,3500,0,40000,0x07
2026-09-06T11:20:57.937-03:00,350,0,0,56,3374,0,40000,3500,0,40000,0x07
2026-09-06T11:20:57.960-03:00,351,0,0,51,3374,0,40000,3500,0,40000,0x07
2026-09-06T11:20:57.978-03:00,352,0,0,51,3374,0,40000,3500,0,40000,0x07
2026-09-06T11:20:57.996-03:00,353,0,0,53,3374,0,40000,3500,0,40000,0x07
2026-09-06T11:20:58.019-03:00,354,0,0,53,3374,0,40000,3500,0,40000,0x07
2026-09-06T11:20:58.037-03:00,355,0,0,53,3374,0,40000,3500,0,40000,0x07
2026-09-06T11:20:58.060-03:00,356,0,0,50,3374,0,40000,3500,0,40000,0x07
2026-09-06T11:20:58.077-03:00,357,0,0,50,3374,0,40000,3500,0,40000,0x07
2026-09-06T11:20:58.096-03:00,358,0,0,50,3374,0,40000,3500,0,40000,0x07
2026-09-06T11:20:58.116-03:00,359,0,0,52,3374,0,40000,3500,0,40000,0x07
2026-09-06T11:20:58.139-03:00,360,0,0,52,3374,0,40000,3500,0,40000,0x07
2026-09-06T11:20:58.157-03:00,361,0,0,54,3374,0,40000,3500,0,40000,0x07
2026-09-06T11:20:58.180-03:00,362,0,0,54,3374,0,40000,3500,0,40000,0x07
2026-09-06T11:20:58.200-03:00,363,0,0,54,3374,0,40000,3500,0,40000,0x07
2026-09-06T11:20:58.218-03:00,364,0,0,52,3374,0,40000,3500,0,40000,0x07
2026-09-06T11:20:58.236-03:00,365,0,0,52,3374,0,40000,3500,0,40000,0x07
2026-09-06T11:20:58.256-03:00,366,0,0,50,3374,0,40000,3500,0,40000,0x07
2026-09-06T11:20:58.279-03:00,367,0,0,50,3374,0,40000,3500,0,40000,0x07
2026-09-06T11:20:58.297-03:00,368,0,0,50,3374,0,40000,3500,0,40000,0x07
2026-09-06T11:20:58.320-03:00,369,0,0,51,3374,0,40000,3500,0,40000,0x07
2026-09-06T11:20:58.359-03:00,370,0,0,51,3374,0,40000,3500,0,40000,0x07
2026-09-06T11:20:58.359-03:00,371,0,0,51,3374,0,40000,3500,0,40000,0x07
2026-09-06T11:20:58.379-03:00,372,0,0,51,3374,0,40000,3500,0,40000,0x07
2026-09-06T11:20:58.397-03:00,373,0,0,51,3374,0,40000,3500,0,40000,0x07
2026-09-06T11:20:58.417-03:00,374,0,0,50,3374,0,40000,3500,0,40000,0x07
2026-09-06T11:20:58.437-03:00,375,0,0,50,3374,0,40000,3500,0,40000,0x07
2026-09-06T11:20:58.459-03:00,376,0,0,50,3374,0,40000,3500,0,40000,0x07
2026-09-06T11:20:58.477-03:00,377,0,0,50,3374,0,40000,3500,0,40000,0x07
2026-09-06T11:20:58.499-03:00,378,0,0,50,3374,0,40000,3500,0,40000,0x07
2026-09-06T11:20:58.516-03:00,379,0,0,55,3374,0,40000,3500,0,40000,0x07
2026-09-06T11:20:58.539-03:00,380,0,0,55,3374,0,40000,3500,0,40000,0x07
2026-09-06T11:20:58.557-03:00,381,0,0,55,3374,0,40000,3500,0,40000,0x07
2026-09-06T11:20:58.580-03:00,382,0,0,52,3374,0,40000,3500,0,40000,0x07
2026-09-06T11:20:58.598-03:00,383,0,0,52,3374,0,40000,3500,0,40000,0x07
2026-09-06T11:20:58.618-03:00,384,0,0,52,3374,0,40000,3500,0,40000,0x07
2026-09-06T11:20:58.640-03:00,385,0,0,52,3374,0,40000,3500,0,40000,0x07
2026-09-06T11:20:58.660-03:00,386,0,0,52,3374,0,40000,3500,0,40000,0x07
2026-09-06T11:20:58.678-03:00,387,0,0,50,3374,0,40000,3500,0,40000,0x07
2026-09-06T11:20:58.696-03:00,388,0,0,50,3374,0,40000,3500,0,40000,0x07
2026-09-06T11:20:58.719-03:00,389,0,0,50,3374,0,40000,3500,0,40000,0x07
2026-09-06T11:20:58.737-03:00,390,0,0,51,3374,0,40000,3500,0,40000,0x07
2026-09-06T11:20:58.760-03:00,391,0,0,51,3374,0,40000,3500,0,40000,0x07
2026-09-06T11:20:58.778-03:00,392,0,0,55,3374,0,40000,3500,0,40000,0x07
2026-09-06T11:20:58.798-03:00,393,0,0,55,3374,0,40000,3500,0,40000,0x07
2026-09-06T11:20:58.816-03:00,394,0,0,55,3374,0,40000,3500,0,40000,0x07
2026-09-06T11:20:58.839-03:00,395,0,0,51,3374,0,40000,3500,0,40000,0x07
2026-09-06T11:20:58.858-03:00,396,0,0,51,3374,0,40000,3500,0,40000,0x07
2026-09-06T11:20:58.876-03:00,397,0,0,51,3374,0,40000,3500,0,40000,0x07
2026-09-06T11:20:58.899-03:00,398,0,0,51,3374,0,40000,3500,0,40000,0x07
2026-09-06T11:20:58.920-03:00,399,0,0,51,3374,0,40000,3500,0,40000,0x07
2026-09-06T11:20:58.939-03:00,400,0,0,50,3374,0,40000,3500,0,40000,0x07
2026-09-06T11:20:58.958-03:00,401,0,0,50,3374,0,40000,3500,0,40000,0x07
2026-09-06T11:20:58.976-03:00,402,0,0,50,3374,0,40000,3500,0,40000,0x07
2026-09-06T11:20:58.998-03:00,403,0,0,50,3374,0,40000,3500,0,40000,0x07
2026-09-06T11:20:59.016-03:00,404,0,0,50,3374,0,40000,3500,0,40000,0x07
2026-09-06T11:20:59.039-03:00,405,0,0,51,3374,0,40000,3500,0,40000,0x07
2026-09-06T11:20:59.059-03:00,406,0,0,51,3374,0,40000,3500,0,40000,0x07
2026-09-06T11:20:59.077-03:00,407,0,0,50,3374,0,40000,3500,0,40000,0x07
2026-09-06T11:20:59.100-03:00,408,0,0,50,3374,0,40000,3500,0,40000,0x07
2026-09-06T11:20:59.118-03:00,409,0,0,50,3374,0,40000,3500,0,40000,0x07
2026-09-06T11:20:59.135-03:00,410,0,0,52,3374,0,40000,3500,0,40000,0x07
2026-09-06T11:20:59.155-03:00,411,0,0,52,3374,0,40000,3500,0,40000,0x07
2026-09-06T11:20:59.179-03:00,412,0,0,52,3374,0,40000,3500,0,40000,0x07
2026-09-06T11:20:59.199-03:00,413,0,0,51,3374,0,40000,3500,0,40000,0x07
2026-09-06T11:20:59.217-03:00,414,0,0,51,3374,0,40000,3500,0,40000,0x07
2026-09-06T11:20:59.240-03:00,415,0,0,56,3374,0,40000,3500,0,40000,0x07
2026-09-06T11:20:59.259-03:00,416,0,0,56,3374,0,40000,3500,0,40000,0x07
2026-09-06T11:20:59.277-03:00,417,0,0,56,3374,0,40000,3500,0,40000,0x07
2026-09-06T11:20:59.300-03:00,418,0,0,50,3374,0,40000,3500,0,40000,0x07
2026-09-06T11:20:59.317-03:00,419,0,0,50,3374,0,40000,3500,0,40000,0x07
2026-09-06T11:20:59.337-03:00,420,0,0,52,3374,0,40000,3500,0,40000,0x07
2026-09-06T11:20:59.357-03:00,421,0,0,52,3374,0,40000,3500,0,40000,0x07
2026-09-06T11:20:59.380-03:00,422,0,0,52,3374,0,40000,3500,0,40000,0x07
2026-09-06T11:20:59.398-03:00,423,0,0,56,3374,0,40000,3500,0,40000,0x07
2026-09-06T11:20:59.417-03:00,424,0,0,56,3374,0,40000,3500,0,40000,0x07
2026-09-06T11:20:59.440-03:00,425,0,0,56,3374,0,40000,3500,0,40000,0x07
2026-09-06T11:20:59.458-03:00,426,0,0,50,3374,0,40000,3500,0,40000,0x07
2026-09-06T11:20:59.476-03:00,427,0,0,50,3374,0,40000,3500,0,40000,0x07
2026-09-06T11:20:59.500-03:00,428,0,0,53,3374,0,40000,3500,0,40000,0x07
2026-09-06T11:20:59.518-03:00,429,0,0,53,3374,0,40000,3500,0,40000,0x07
2026-09-06T11:20:59.536-03:00,430,0,0,53,3374,0,40000,3500,0,40000,0x07
2026-09-06T11:20:59.556-03:00,431,0,0,50,3374,0,40000,3500,0,40000,0x07
2026-09-06T11:20:59.580-03:00,432,0,0,50,3374,0,40000,3500,0,40000,0x07
2026-09-06T11:20:59.598-03:00,433,0,0,50,3374,0,40000,3500,0,40000,0x07
2026-09-06T11:20:59.616-03:00,434,0,0,53,3374,0,40000,3500,0,40000,0x07
2026-09-06T11:20:59.639-03:00,435,0,0,53,3374,0,40000,3500,0,40000,0x07
2026-09-06T11:20:59.657-03:00,436,0,0,55,3374,0,40000,3500,0,40000,0x07
2026-09-06T11:20:59.680-03:00,437,0,0,55,3374,0,40000,3500,0,40000,0x07
2026-09-06T11:20:59.698-03:00,438,0,0,55,3374,0,40000,3500,0,40000,0x07
2026-09-06T11:20:59.716-03:00,439,0,0,52,3374,0,40000,3500,0,40000,0x07
2026-09-06T11:20:59.736-03:00,440,0,0,52,3374,0,40000,3500,0,40000,0x07
2026-09-06T11:20:59.759-03:00,441,0,0,52,3374,0,40000,3500,0,40000,0x07
2026-09-06T11:20:59.777-03:00,442,0,0,50,3374,0,40000,3500,0,40000,0x07
2026-09-06T11:20:59.800-03:00,443,0,0,50,3374,0,40000,3500,0,40000,0x07
2026-09-06T11:20:59.818-03:00,444,0,0,51,3374,0,40000,3500,0,40000,0x07
2026-09-06T11:20:59.836-03:00,445,0,0,51,3374,0,40000,3500,0,40000,0x07
2026-09-06T11:20:59.860-03:00,446,0,0,51,3374,0,40000,3500,0,40000,0x07
2026-09-06T11:20:59.878-03:00,447,0,0,51,3374,0,40000,3500,0,40000,0x07
2026-09-06T11:20:59.896-03:00,448,0,0,51,3374,0,40000,3500,0,40000,0x07
2026-09-06T11:20:59.920-03:00,449,0,0,50,3374,0,40000,3500,0,40000,0x07
2026-09-06T11:20:59.937-03:00,450,0,0,50,3374,0,40000,3500,0,40000,0x07
2026-09-06T11:20:59.960-03:00,451,0,0,50,3374,0,40000,3500,0,40000,0x07
2026-09-06T11:20:59.978-03:00,452,0,0,53,3374,0,40000,3500,0,40000,0x07
2026-09-06T11:20:59.998-03:00,453,0,0,53,3374,0,40000,3500,0,40000,0x07
2026-09-06T11:21:00.016-03:00,454,0,0,54,3374,0,40000,3500,0,40000,0x07
2026-09-06T11:21:00.039-03:00,455,0,0,54,3374,0,40000,3500,0,40000,0x07
2026-09-06T11:21:00.057-03:00,456,0,0,54,3374,0,40000,3500,0,40000,0x07
2026-09-06T11:21:00.080-03:00,457,0,0,51,3374,0,40000,3500,0,40000,0x07
2026-09-06T11:21:00.097-03:00,458,0,0,51,3374,0,40000,3500,0,40000,0x07
2026-09-06T11:21:00.116-03:00,459,0,0,51,3374,0,40000,3500,0,40000,0x07
2026-09-06T11:21:00.136-03:00,460,0,0,51,3374,0,40000,3500,0,40000,0x07
2026-09-06T11:21:00.159-03:00,461,0,0,51,3374,0,40000,3500,0,40000,0x07
2026-09-06T11:21:00.177-03:00,462,0,0,50,3374,0,40000,3500,0,40000,0x07
2026-09-06T11:21:00.197-03:00,463,0,0,50,3374,0,40000,3500,0,40000,0x07
2026-09-06T11:21:00.220-03:00,464,0,0,50,3374,0,40000,3500,0,40000,0x07
2026-09-06T11:21:00.238-03:00,465,0,0,52,3374,0,40000,3500,0,40000,0x07
2026-09-06T11:21:00.256-03:00,466,0,0,52,3374,0,40000,3500,0,40000,0x07
2026-09-06T11:21:00.280-03:00,467,0,0,55,3374,0,40000,3500,0,40000,0x07
2026-09-06T11:21:00.297-03:00,468,0,0,55,3374,0,40000,3500,0,40000,0x07
2026-09-06T11:21:00.320-03:00,469,0,0,55,3374,0,40000,3500,0,40000,0x07
2026-09-06T11:21:00.338-03:00,470,0,0,51,3374,0,40000,3500,0,40000,0x07
2026-09-06T11:21:00.356-03:00,471,0,0,51,3374,0,40000,3500,0,40000,0x07
2026-09-06T11:21:00.379-03:00,472,0,0,51,3374,0,40000,3500,0,40000,0x07
2026-09-06T11:21:00.397-03:00,473,0,0,54,3374,0,40000,3500,0,40000,0x07
2026-09-06T11:21:00.421-03:00,474,0,0,54,3374,0,40000,3500,0,40000,0x07
2026-09-06T11:21:00.436-03:00,475,0,0,56,3374,0,40000,3500,0,40000,0x07
2026-09-06T11:21:00.459-03:00,476,0,0,56,3374,0,40000,3500,0,40000,0x07
2026-09-06T11:21:00.477-03:00,477,0,0,56,3374,0,40000,3500,0,40000,0x07
2026-09-06T11:21:00.497-03:00,478,0,0,52,3374,0,40000,3500,0,40000,0x07
2026-09-06T11:21:00.517-03:00,479,0,0,52,3374,0,40000,3500,0,40000,0x07
2026-09-06T11:21:00.539-03:00,480,0,0,52,3374,0,40000,3500,0,40000,0x07
2026-09-06T11:21:00.559-03:00,481,0,0,52,3374,0,40000,3500,0,40000,0x07
2026-09-06T11:21:00.578-03:00,482,0,0,52,3374,0,40000,3500,0,40000,0x07
2026-09-06T11:21:00.600-03:00,483,0,0,51,3374,0,40000,3500,0,40000,0x07
2026-09-06T11:21:00.618-03:00,484,0,0,51,3374,0,40000,3500,0,40000,0x07
2026-09-06T11:21:00.636-03:00,485,0,0,51,3374,0,40000,3500,0,40000,0x07
2026-09-06T11:21:00.656-03:00,486,0,0,51,3374,0,40000,3500,0,40000,0x07
2026-09-06T11:21:00.679-03:00,487,0,0,51,3374,0,40000,3500,0,40000,0x07
2026-09-06T11:21:00.700-03:00,488,0,0,53,3374,0,40000,3500,0,40000,0x07
2026-09-06T11:21:00.718-03:00,489,0,0,53,3374,0,40000,3500,0,40000,0x07
2026-09-06T11:21:00.736-03:00,490,0,0,53,3374,0,40000,3500,0,40000,0x07
2026-09-06T11:21:00.759-03:00,491,0,0,52,3374,0,40000,3500,0,40000,0x07
2026-09-06T11:21:00.778-03:00,492,0,0,52,3374,0,40000,3500,0,40000,0x07
2026-09-06T11:21:00.796-03:00,493,0,0,50,3374,0,40000,3500,0,40000,0x07
2026-09-06T11:21:00.819-03:00,494,0,0,50,3374,0,40000,3500,0,40000,0x07
2026-09-06T11:21:00.838-03:00,495,0,0,50,3374,0,40000,3500,0,40000,0x07
2026-09-06T11:21:00.856-03:00,496,0,0,52,3374,0,40000,3500,0,40000,0x07
2026-09-06T11:21:00.879-03:00,497,0,0,52,3374,0,40000,3500,0,40000,0x07
2026-09-06T11:21:00.923-03:00,498,0,0,52,3374,0,40000,3500,0,40000,0x07
2026-09-06T11:21:00.968-03:00,499,0,0,51,3374,0,40000,3500,0,40000,0x07
2026-09-06T11:21:01.008-03:00,500,0,0,51,3374,0,40000,3500,0,40000,0x07
2026-09-06T11:21:01.053-03:00,501,0,0,52,0,0,0,0,0,0,0x03
2026-09-06T11:21:01.097-03:00,502,0,0,52,0,0,0,0,0,0,0x03
