timestamp,sequence,team,robot_id,interval_ms,left_target_eps,left_measured_eps,left_duty,right_target_eps,right_measured_eps,right_duty,flags
2026-09-06T20:42:28.467,633,0,2,50,0,0,0,0,0,0,0x03
2026-09-06T20:42:28.488,635,0,2,53,0,0,0,0,0,0,0x03
2026-09-06T20:42:28.488,634,0,1,50,0,0,0,0,0,0,0x03
2026-09-06T20:42:28.553,1,0,2,51,0,0,0,0,0,0,0x03
2026-09-06T20:42:28.553,0,0,1,53,0,0,0,0,0,0,0x03
2026-09-06T20:42:28.618,65535,0,2,50,0,0,0,0,0,0,0x0b
2026-09-06T20:42:28.618,65535,0,1,51,0,0,0,0,0,0,0x0b
2026-09-06T20:42:28.683,65535,0,2,51,0,0,0,0,0,0,0x0b
2026-09-06T20:42:28.683,0,0,1,51,0,0,0,0,0,0,0x03
2026-09-06T20:42:28.748,3,0,2,50,0,0,0,0,0,0,0x03
2026-09-06T20:42:28.748,2,0,1,51,0,0,0,0,0,0,0x03
2026-09-06T20:42:28.813,5,0,2,51,0,0,0,0,0,0,0x03
2026-09-06T20:42:28.813,4,0,1,50,0,0,0,0,0,0,0x03
2026-09-06T20:42:28.878,7,0,2,55,0,0,0,0,0,0,0x03
2026-09-06T20:42:28.878,6,0,1,50,0,0,0,0,0,0,0x03
2026-09-06T20:42:28.959,9,0,2,52,0,0,0,0,0,0,0x03
2026-09-06T20:42:28.959,8,0,1,50,0,0,0,0,0,0,0x03
2026-09-06T20:42:29.024,11,0,2,50,0,0,0,0,0,0,0x03
2026-09-06T20:42:29.024,10,0,1,50,0,0,0,0,0,0,0x03
2026-09-06T20:42:29.089,13,0,2,52,0,0,0,0,0,0,0x03
2026-09-06T20:42:29.089,12,0,1,52,0,0,0,0,0,0,0x03
2026-09-06T20:42:29.153,15,0,2,51,0,0,0,0,0,0,0x03
2026-09-06T20:42:29.153,14,0,1,50,0,0,0,0,0,0,0x03
2026-09-06T20:42:29.218,17,0,2,51,0,0,0,0,0,0,0x03
2026-09-06T20:42:29.218,16,0,1,51,0,0,0,0,0,0,0x03
2026-09-06T20:42:29.283,19,0,2,50,0,0,0,0,0,0,0x03
2026-09-06T20:42:29.283,18,0,1,50,0,0,0,0,0,0,0x03
2026-09-06T20:42:29.348,21,0,2,52,0,0,0,0,0,0,0x03
2026-09-06T20:42:29.348,20,0,1,50,0,0,0,0,0,0,0x03
2026-09-06T20:42:29.430,23,0,2,50,0,0,0,0,0,0,0x03
2026-09-06T20:42:29.430,22,0,1,52,0,0,0,0,0,0,0x03
2026-09-06T20:42:29.495,25,0,2,52,0,0,0,0,0,0,0x03
2026-09-06T20:42:29.495,24,0,1,50,0,0,0,0,0,0,0x03
2026-09-06T20:42:29.560,27,0,2,52,0,0,0,0,0,0,0x03
2026-09-06T20:42:29.560,26,0,1,52,0,0,0,0,0,0,0x03
2026-09-06T20:42:29.625,29,0,2,50,0,0,0,0,0,0,0x03
2026-09-06T20:42:29.625,28,0,1,52,0,0,0,0,0,0,0x03
2026-09-06T20:42:29.689,31,0,2,50,0,0,0,0,0,0,0x03
2026-09-06T20:42:29.689,30,0,1,50,0,0,0,0,0,0,0x03
2026-09-06T20:42:29.754,33,0,2,52,0,0,0,0,0,0,0x03
2026-09-06T20:42:29.754,32,0,1,51,0,0,0,0,0,0,0x03
2026-09-06T20:42:29.819,35,0,2,50,0,0,0,0,0,0,0x03
2026-09-06T20:42:29.819,34,0,1,54,0,0,0,0,0,0,0x03
2026-09-06T20:42:29.884,37,0,2,50,0,0,0,0,0,0,0x03
2026-09-06T20:42:29.884,36,0,1,52,0,0,0,0,0,0,0x03
2026-09-06T20:42:29.965,39,0,2,52,0,0,0,0,0,0,0x03
2026-09-06T20:42:29.965,38,0,1,50,0,0,0,0,0,0,0x03
2026-09-06T20:42:30.030,41,0,2,51,0,0,0,0,0,0,0x03
2026-09-06T20:42:30.030,40,0,1,52,0,0,0,0,0,0,0x03
2026-09-06T20:42:30.095,43,0,2,51,0,0,0,0,0,0,0x03
2026-09-06T20:42:30.095,42,0,1,54,0,0,0,0,0,0,0x03
2026-09-06T20:42:30.160,45,0,2,51,0,0,0,0,0,0,0x03
2026-09-06T20:42:30.160,44,0,1,51,0,0,0,0,0,0,0x03
2026-09-06T20:42:30.225,47,0,2,50,0,0,0,0,0,0,0x03
2026-09-06T20:42:30.225,46,0,1,52,0,0,0,0,0,0,0x03
2026-09-06T20:42:30.290,49,0,2,51,0,0,0,0,0,0,0x03
2026-09-06T20:42:30.290,48,0,1,52,0,0,0,0,0,0,0x03
2026-09-06T20:42:30.355,51,0,2,52,0,0,0,0,0,0,0x03
2026-09-06T20:42:30.355,50,0,1,51,0,0,0,0,0,0,0x03
2026-09-06T20:42:30.420,53,0,2,51,0,0,0,0,0,0,0x03
2026-09-06T20:42:30.420,52,0,1,52,0,0,0,0,0,0,0x03
2026-09-06T20:42:30.501,55,0,2,52,0,0,0,0,0,0,0x03
2026-09-06T20:42:30.501,54,0,1,50,0,0,0,0,0,0,0x03
2026-09-06T20:42:30.566,57,0,2,52,0,0,0,0,0,0,0x03
2026-09-06T20:42:30.566,56,0,1,52,0,0,0,0,0,0,0x03
2026-09-06T20:42:30.631,59,0,2,52,0,0,0,0,0,0,0x03
2026-09-06T20:42:30.631,58,0,1,51,0,0,0,0,0,0,0x03
2026-09-06T20:42:30.696,61,0,2,51,0,0,0,0,0,0,0x03
2026-09-06T20:42:30.696,60,0,1,54,0,0,0,0,0,0,0x03
2026-09-06T20:42:30.762,63,0,2,51,0,0,0,0,0,0,0x03
2026-09-06T20:42:30.762,62,0,1,51,0,0,0,0,0,0,0x03
2026-09-06T20:42:30.826,65,0,2,51,0,0,0,0,0,0,0x03
2026-09-06T20:42:30.826,64,0,1,51,0,0,0,0,0,0,0x03
2026-09-06T20:42:30.891,67,0,2,51,0,0,0,0,0,0,0x03
2026-09-06T20:42:30.891,66,0,1,51,0,0,0,0,0,0,0x03
2026-09-06T20:42:30.956,69,0,2,51,0,0,0,0,0,0,0x03
2026-09-06T20:42:30.956,68,0,1,52,0,0,0,0,0,0,0x03
2026-09-06T20:42:31.037,71,0,2,51,0,0,0,0,0,0,0x03
2026-09-06T20:42:31.038,70,0,1,52,0,0,0,0,0,0,0x03
2026-09-06T20:42:31.102,73,0,2,51,0,0,0,0,0,0,0x03
2026-09-06T20:42:31.102,72,0,1,50,0,0,0,0,0,0,0x03
2026-09-06T20:42:31.167,75,0,2,50,0,0,0,0,0,0,0x03
2026-09-06T20:42:31.167,74,0,1,51,0,0,0,0,0,0,0x03
2026-09-06T20:42:31.232,77,0,2,50,0,0,0,0,0,0,0x03
2026-09-06T20:42:31.232,76,0,1,51,0,0,0,0,0,0,0x03
2026-09-06T20:42:31.297,79,0,2,51,0,0,0,0,0,0,0x03
2026-09-06T20:42:31.297,78,0,1,50,0,0,0,0,0,0,0x03
2026-09-06T20:42:31.362,81,0,2,52,0,0,0,0,0,0,0x03
2026-09-06T20:42:31.362,80,0,1,50,0,0,0,0,0,0,0x03
2026-09-06T20:42:31.427,83,0,2,50,0,0,0,0,0,0,0x03
2026-09-06T20:42:31.427,82,0,1,50,0,0,0,0,0,0,0x03
2026-09-06T20:42:31.492,85,0,2,51,0,0,0,0,0,0,0x03
2026-09-06T20:42:31.492,84,0,1,52,0,0,0,0,0,0,0x03
2026-09-06T20:42:31.573,87,0,2,52,0,0,0,0,0,0,0x03
2026-09-06T20:42:31.573,86,0,1,52,0,0,0,0,0,0,0x03
2026-09-06T20:42:31.622,89,0,2,50,0,0,0,0,0,0,0x03
2026-09-06T20:42:31.622,88,0,1,52,0,0,0,0,0,0,0x03
2026-09-06T20:42:31.704,91,0,2,52,0,0,0,0,0,0,0x03
2026-09-06T20:42:31.704,90,0,1,50,0,0,0,0,0,0,0x03
2026-09-06T20:42:31.768,93,0,2,51,0,0,0,0,0,0,0x03
2026-09-06T20:42:31.768,92,0,1,50,0,0,0,0,0,0,0x03
2026-09-06T20:42:31.833,95,0,2,50,0,0,0,0,0,0,0x03
2026-09-06T20:42:31.833,94,0,1,51,0,0,0,0,0,0,0x03
2026-09-06T20:42:31.899,97,0,2,50,0,0,0,0,0,0,0x03
2026-09-06T20:42:31.899,96,0,1,50,0,0,0,0,0,0,0x03
2026-09-06T20:42:31.964,99,0,2,51,0,0,0,0,0,0,0x03
2026-09-06T20:42:31.964,98,0,1,51,0,0,0,0,0,0,0x03
2026-09-06T20:42:32.029,101,0,2,50,0,0,0,0,0,0,0x03
2026-09-06T20:42:32.029,100,0,1,50,0,0,0,0,0,0,0x03
2026-09-06T20:42:32.095,103,0,2,51,0,0,0,0,0,0,0x03
2026-09-06T20:42:32.095,102,0,1,52,0,0,0,0,0,0,0x03
2026-09-06T20:42:32.160,105,0,2,51,0,0,0,0,0,0,0x03
2026-09-06T20:42:32.160,104,0,1,51,0,0,0,0,0,0,0x03
2026-09-06T20:42:32.242,107,0,2,50,0,0,0,0,0,0,0x03
2026-09-06T20:42:32.242,106,0,1,55,0,0,0,0,0,0,0x03
2026-09-06T20:42:32.307,109,0,2,52,0,0,0,0,0,0,0x03
2026-09-06T20:42:32.307,108,0,1,52,0,0,0,0,0,0,0x03
2026-09-06T20:42:32.372,111,0,2,52,0,0,0,0,0,0,0x03
2026-09-06T20:42:32.372,110,0,1,50,0,0,0,0,0,0,0x03
2026-09-06T20:42:32.437,113,0,2,52,0,0,0,0,0,0,0x03
2026-09-06T20:42:32.437,112,0,1,50,0,0,0,0,0,0,0x03
2026-09-06T20:42:32.503,115,0,2,52,0,0,0,0,0,0,0x03
2026-09-06T20:42:32.503,114,0,1,50,0,0,0,0,0,0,0x03
2026-09-06T20:42:32.568,117,0,2,50,0,0,0,0,0,0,0x03
2026-09-06T20:42:32.568,116,0,1,52,0,0,0,0,0,0,0x03
2026-09-06T20:42:32.633,119,0,2,50,0,0,0,0,0,0,0x03
2026-09-06T20:42:32.633,118,0,1,50,0,0,0,0,0,0,0x03
2026-09-06T20:42:32.699,121,0,2,52,0,0,0,0,0,0,0x03
2026-09-06T20:42:32.699,120,0,1,51,0,0,0,0,0,0,0x03
2026-09-06T20:42:32.764,123,0,2,55,0,0,0,0,0,0,0x03
2026-09-06T20:42:32.764,122,0,1,52,0,0,0,0,0,0,0x03
2026-09-06T20:42:32.845,125,0,2,52,0,0,0,0,0,0,0x03
2026-09-06T20:42:32.845,124,0,1,52,0,0,0,0,0,0,0x03
2026-09-06T20:42:32.910,127,0,2,52,0,0,0,0,0,0,0x03
2026-09-06T20:42:32.910,126,0,1,50,0,0,0,0,0,0,0x03
2026-09-06T20:42:32.975,129,0,2,51,0,0,27875,0,0,30238,0x07
2026-09-06T20:42:32.975,128,0,1,51,0,0,0,0,0,0,0x03
2026-09-06T20:42:33.040,131,0,2,50,3337,1080,37465,3500,1300,39588,0x07
2026-09-06T20:42:33.040,130,0,1,52,0,0,0,0,0,0,0x03
2026-09-06T20:42:33.106,133,0,2,51,3355,1196,37189,3500,2353,35113,0x07
2026-09-06T20:42:33.106,132,0,1,50,0,0,0,0,0,0,0x03
2026-09-06T20:42:33.171,135,0,2,53,3340,1604,35276,3500,2358,35089,0x07
2026-09-06T20:42:33.171,134,0,1,52,0,0,0,0,0,0,0x03
2026-09-06T20:42:33.237,137,0,2,50,3340,2060,33337,3500,2440,34743,0x07
2026-09-06T20:42:33.237,136,0,1,50,0,0,0,0,0,0,0x03
2026-09-06T20:42:33.301,139,0,2,50,3275,2120,32318,3500,2480,34573,0x07
2026-09-06T20:42:33.301,138,0,1,50,0,0,0,0,0,0,0x03
2026-09-06T20:42:33.367,141,0,2,51,2982,2255,28244,3442,2882,32151,0x07
2026-09-06T20:42:33.367,140,0,1,51,0,0,0,0,0,0,0x03
2026-09-06T20:42:33.448,143,0,2,50,2455,2260,21945,3068,2240,30267,0x07
2026-09-06T20:42:33.448,142,0,1,51,0,0,0,0,0,0,0x03
2026-09-06T20:42:33.512,145,0,2,51,1520,2471,9918,2314,2020,21898,0x07
2026-09-06T20:42:33.512,144,0,1,54,0,0,0,0,0,0,0x03
2026-09-06T20:42:33.577,147,0,2,52,375,1885,4826,1361,2019,10152,0x07
2026-09-06T20:42:33.578,146,0,1,51,0,0,0,0,0,0,0x03
2026-09-06T20:42:33.643,149,0,2,50,0,0,10925,0,0,15710,0x07
2026-09-06T20:42:33.643,148,0,1,50,0,0,0,0,0,0,0x03
2026-09-06T20:42:33.708,151,0,2,51,-1124,-510,13536,-1702,-392,21279,0x07
2026-09-06T20:42:33.708,150,0,1,51,0,0,0,0,0,0,0x03
2026-09-06T20:42:33.773,153,0,2,50,-1656,-160,21361,-2064,-860,23744,0x07
2026-09-06T20:42:33.773,152,0,1,51,0,0,0,0,0,0,0x03
2026-09-06T20:42:33.838,155,0,2,50,-1850,-380,22733,-2290,-940,26202,0x07
2026-09-06T20:42:33.838,154,0,1,51,0,0,0,0,0,0,0x03
2026-09-06T20:42:33.903,157,0,2,51,-1778,-765,20247,-2293,-1078,25648,0x07
2026-09-06T20:42:33.903,156,0,1,50,0,0,0,0,0,0,0x03
2026-09-06T20:42:33.968,159,0,2,50,-1406,-1040,14640,-2037,-1040,22651,0x07
2026-09-06T20:42:33.968,158,0,1,51,0,0,0,0,0,0,0x03
2026-09-06T20:42:34.049,161,0,2,54,-513,-1074,3860,-1255,-1241,12156,0x07
2026-09-06T20:42:34.050,160,0,1,50,0,0,0,0,0,0,0x03
2026-09-06T20:42:34.115,163,0,2,50,-513,-740,5280,-1255,-1080,12839,0x07
2026-09-06T20:42:34.115,162,0,1,52,0,0,0,0,0,0,0x03
2026-09-06T20:42:34.180,165,0,2,51,-465,-510,5688,-1267,-1078,12998,0x07
2026-09-06T20:42:34.180,164,0,1,52,0,0,0,0,0,0,0x03
2026-09-06T20:42:34.245,167,0,2,50,-438,-700,4551,-1296,-1040,13520,0x07
2026-09-06T20:42:34.245,166,0,1,51,0,0,0,0,0,0,0x03
2026-09-06T20:42:34.310,169,0,2,51,-468,-510,5724,-1264,-1000,13292,0x07
2026-09-06T20:42:34.310,168,0,1,52,0,0,0,0,0,0,0x03
2026-09-06T20:42:34.376,171,0,2,51,-486,-471,6096,-1246,-980,13155,0x07
2026-09-06T20:42:34.376,170,0,1,50,0,0,0,0,0,0,0x03
2026-09-06T20:42:34.441,173,0,2,52,-609,-442,7691,-1118,-962,11652,0x07
2026-09-06T20:42:34.441,172,0,1,51,0,0,0,0,0,0,0x03
2026-09-06T20:42:34.506,175,0,2,51,-609,-549,7237,-1118,-863,12071,0x07
2026-09-06T20:42:34.506,174,0,1,51,0,0,0,0,0,0,0x03
2026-09-06T20:42:34.571,177,0,2,50,-1188,-580,13995,-1625,-780,18681,0x07
2026-09-06T20:42:34.571,176,0,1,53,0,0,0,0,0,0,0x03
2026-09-06T20:42:34.652,179,0,2,53,-1886,-604,22213,-2214,-887,25483,0x07
2026-09-06T20:42:34.652,178,0,1,51,0,0,0,0,0,0,0x03
2026-09-06T20:42:34.717,181,0,2,57,-2718,-912,30808,-2981,-1228,33494,0x07
2026-09-06T20:42:34.717,180,0,1,50,0,0,0,0,0,0,0x03
2026-09-06T20:42:34.782,183,0,2,50,-2718,-1360,28905,-2981,-1540,32168,0x07
2026-09-06T20:42:34.782,182,0,1,51,0,0,0,0,0,0,0x03
2026-09-06T20:42:34.848,185,0,2,51,-3044,-1686,31409,-3219,-1667,34560,0x07
2026-09-06T20:42:34.848,184,0,1,50,0,0,0,0,0,0,0x03
2026-09-06T20:42:34.913,187,0,2,50,-3198,-2300,30626,-3361,-2140,34300,0x07
2026-09-06T20:42:34.913,186,0,1,50,0,0,0,0,0,0,0x03
2026-09-06T20:42:34.977,189,0,2,50,-3232,-2360,30784,-3427,-2380,34096,0x07
2026-09-06T20:42:34.978,188,0,1,51,0,0,0,0,0,0,0x03
2026-09-06T20:42:35.043,191,0,2,51,-3198,-2451,29987,-3446,-2529,33702,0x07
2026-09-06T20:42:35.043,190,0,1,51,0,0,0,0,0,0,0x03
2026-09-06T20:42:35.108,193,0,2,52,-2991,-2750,26249,-3348,-2865,31057,0x07
2026-09-06T20:42:35.108,192,0,1,50,0,0,0,0,0,0,0x03
2026-09-06T20:42:35.189,195,0,2,50,-2991,-2860,25782,-3348,-2880,30995,0x07
2026-09-06T20:42:35.189,194,0,1,52,0,0,0,0,0,0,0x03
2026-09-06T20:42:35.254,197,0,2,52,-2867,-2750,24775,-3256,-3058,29106,0x07
2026-09-06T20:42:35.254,196,0,1,51,0,0,0,0,0,0,0x03
2026-09-06T20:42:35.319,199,0,2,51,-2673,-2863,21984,-3118,-3059,27403,0x07
2026-09-06T20:42:35.319,198,0,1,52,0,0,0,0,0,0,0x03
2026-09-06T20:42:35.384,201,0,2,51,-2591,-2667,21838,-3015,-2882,26885,0x07
2026-09-06T20:42:35.384,200,0,1,50,0,0,0,0,0,0,0x03
2026-09-06T20:42:35.449,203,0,2,50,-2553,-2660,21423,-2965,-3060,25512,0x07
2026-09-06T20:42:35.449,202,0,1,51,0,0,0,0,0,0,0x03
2026-09-06T20:42:35.514,205,0,2,51,-2390,-2647,19537,-2860,-2863,25048,0x07
2026-09-06T20:42:35.514,204,0,1,52,0,0,0,0,0,0,0x03
2026-09-06T20:42:35.579,207,0,2,51,-1972,-2216,16387,-2564,-2549,22743,0x07
2026-09-06T20:42:35.579,206,0,1,52,0,0,0,0,0,0,0x03
2026-09-06T20:42:35.645,209,0,2,50,-2185,-1960,20009,-2600,-2580,23052,0x07
2026-09-06T20:42:35.645,208,0,1,53,0,0,0,0,0,0,0x03
2026-09-06T20:42:35.726,211,0,2,50,-1834,-2160,14976,-2411,-2480,21145,0x07
2026-09-06T20:42:35.726,210,0,1,51,0,0,0,0,0,0,0x03
2026-09-06T20:42:35.775,213,0,2,52,-714,-1865,2893,-1489,-2135,11236,0x07
2026-09-06T20:42:35.775,212,0,1,50,0,0,0,0,0,0,0x03
2026-09-06T20:42:35.856,215,0,2,50,-714,-1400,4871,-1489,-1680,13168,0x07
2026-09-06T20:42:35.856,214,0,1,51,0,0,0,0,0,0,0x03
2026-09-06T20:42:35.921,217,0,2,50,0,0,7046,0,0,12025,0x07
2026-09-06T20:42:35.921,216,0,1,51,0,0,0,0,0,0,0x03
2026-09-06T20:42:35.987,219,0,2,54,618,93,9278,1246,167,16614,0x07
2026-09-06T20:42:35.987,218,0,1,51,0,0,0,0,0,0,0x03
2026-09-06T20:42:36.052,221,0,2,51,1810,118,23374,362,353,4915,0x07
2026-09-06T20:42:36.052,220,0,1,54,0,0,0,0,0,0,0x03
2026-09-06T20:42:36.117,223,0,2,50,1917,360,23618,2174,60,28508,0x07
2026-09-06T20:42:36.117,222,0,1,51,0,0,0,0,0,0,0x03
2026-09-06T20:42:36.182,225,0,2,52,2796,923,31691,3186,1327,35606,0x07
2026-09-06T20:42:36.182,224,0,1,50,0,0,0,0,0,0,0x03
2026-09-06T20:42:36.248,227,0,2,50,2796,1380,29749,3186,1600,34445,0x07
2026-09-06T20:42:36.248,226,0,1,51,0,0,0,0,0,0,0x03
2026-09-06T20:42:36.312,229,0,2,50,2651,1600,27090,3086,1500,33628,0x07
2026-09-06T20:42:36.313,228,0,1,52,0,0,0,0,0,0,0x03
2026-09-06T20:42:36.394,231,0,2,51,2123,1706,20354,2633,1686,27255,0x07
2026-09-06T20:42:36.394,230,0,1,50,0,0,0,0,0,0,0x03
2026-09-06T20:42:36.459,233,0,2,50,1481,1740,12557,2031,1860,19088,0x07
2026-09-06T20:42:36.459,232,0,1,50,0,0,0,0,0,0,0x03
2026-09-06T20:42:36.524,235,0,2,50,0,0,3886,1345,1780,10974,0x07
2026-09-06T20:42:36.524,234,0,1,51,0,0,0,0,0,0,0x03
2026-09-06T20:42:36.589,237,0,2,55,-2746,-345,33559,-3107,-55,40000,0x07
2026-09-06T20:42:36.589,236,0,1,51,0,0,0,0,0,0,0x03
2026-09-06T20:42:36.654,239,0,2,51,-2746,-902,31194,-3107,-1392,34354,0x07
2026-09-06T20:42:36.654,238,0,1,50,0,0,0,0,0,0,0x03
2026-09-06T20:42:36.719,241,0,2,50,-3042,-1780,30987,-3241,-1880,33929,0x07
2026-09-06T20:42:36.719,240,0,1,51,0,0,0,0,0,0,0x03
2026-09-06T20:42:36.785,243,0,2,51,-3109,-667,36510,-3339,-2235,33628,0x07
2026-09-06T20:42:36.785,242,0,1,50,0,0,0,0,0,0,0x03
2026-09-06T20:42:36.850,245,0,2,53,-2800,-1415,29647,-3240,-2396,31723,0x07
2026-09-06T20:42:36.850,244,0,1,52,0,0,0,0,0,0,0x03
2026-09-06T20:42:36.915,247,0,2,51,-2800,-1725,28328,-3240,-1686,34740,0x07
2026-09-06T20:42:36.915,246,0,1,51,0,0,0,0,0,0,0x03
2026-09-06T20:42:36.997,249,0,2,51,-2543,-1882,24604,-3033,-1804,31692,0x07
2026-09-06T20:42:36.997,248,0,1,51,0,0,0,0,0,0,0x03
2026-09-06T20:42:37.061,251,0,2,50,-2008,-2060,17471,-2637,-1860,26568,0x07
2026-09-06T20:42:37.061,250,0,1,52,0,0,0,0,0,0,0x03
2026-09-06T20:42:37.127,253,0,2,56,-383,-1482,575,-1353,-1946,10361,0x07
2026-09-06T20:42:37.127,252,0,1,50,0,0,0,0,0,0,0x03
2026-09-06T20:42:37.192,255,0,2,51,-383,-784,3541,-1353,-1490,12300,0x07
2026-09-06T20:42:37.192,254,0,1,52,0,0,0,0,0,0,0x03
2026-09-06T20:42:37.256,257,0,2,50,0,0,16700,0,0,21113,0x07
2026-09-06T20:42:37.256,256,0,1,50,0,0,0,0,0,0,0x03
2026-09-06T20:42:37.321,259,0,2,51,1878,78,24348,2371,1373,25356,0x07
2026-09-06T20:42:37.321,258,0,1,52,0,0,0,0,0,0,0x03
2026-09-06T20:42:37.386,261,0,2,51,2702,216,33576,2867,1294,31805,0x07
2026-09-06T20:42:37.386,260,0,1,51,0,0,0,0,0,0,0x03
2026-09-06T20:42:37.451,263,0,2,50,2769,480,33260,3074,1120,35101,0x07
2026-09-06T20:42:37.451,262,0,1,51,0,0,0,0,0,0,0x03
2026-09-06T20:42:37.532,265,0,2,52,2441,1346,25673,2932,1846,30262,0x07
2026-09-06T20:42:37.533,264,0,1,50,0,0,0,0,0,0,0x03
2026-09-06T20:42:37.598,267,0,2,50,2441,1480,25104,2932,1620,31223,0x07
2026-09-06T20:42:37.598,266,0,1,50,0,0,0,0,0,0,0x03
2026-09-06T20:42:37.663,269,0,2,51,2130,1608,20851,2681,1706,27768,0x07
2026-09-06T20:42:37.663,268,0,1,51,0,0,0,0,0,0,0x03
2026-09-06T20:42:37.728,271,0,2,51,1536,1706,13353,2219,1647,22311,0x07
2026-09-06T20:42:37.728,270,0,1,50,0,0,0,0,0,0,0x03
2026-09-06T20:42:37.793,273,0,2,50,781,1540,5067,1568,1720,13983,0x07
2026-09-06T20:42:37.793,272,0,1,52,0,0,0,0,0,0,0x03
2026-09-06T20:42:37.858,275,0,2,50,377,1080,2216,1359,1680,11567,0x07
2026-09-06T20:42:37.858,274,0,1,52,0,0,0,0,0,0,0x03
2026-09-06T20:42:37.923,277,0,2,53,-1406,-75,18743,-1954,-94,25648,0x07
2026-09-06T20:42:37.923,276,0,1,50,0,0,0,0,0,0,0x03
2026-09-06T20:42:37.988,279,0,2,50,-1406,-100,18639,-1954,-1080,21459,0x07
2026-09-06T20:42:37.988,278,0,1,52,0,0,0,0,0,0,0x03
2026-09-06T20:42:38.053,281,0,2,51,-1978,-39,25701,-2332,-1373,24877,0x07
2026-09-06T20:42:38.053,280,0,1,50,0,0,0,0,0,0,0x03
2026-09-06T20:42:38.118,283,0,2,50,-2152,-460,25994,-2552,-740,30280,0x07
2026-09-06T20:42:38.118,282,0,1,50,0,0,0,0,0,0,0x03
2026-09-06T20:42:38.200,285,0,2,56,-1284,-1071,13058,-2004,-1000,22415,0x07
2026-09-06T20:42:38.200,284,0,1,52,0,0,0,0,0,0,0x03
2026-09-06T20:42:38.265,287,0,2,50,-1284,-1080,13022,-2004,-1100,21990,0x07
2026-09-06T20:42:38.265,286,0,1,51,0,0,0,0,0,0,0x03
2026-09-06T20:42:38.330,289,0,2,51,-605,-1216,4348,-1391,-1353,13354,0x07
2026-09-06T20:42:38.330,288,0,1,51,0,0,0,0,0,0,0x03
2026-09-06T20:42:38.395,291,0,2,52,-433,-462,5508,-1301,-1096,13336,0x07
2026-09-06T20:42:38.395,290,0,1,52,0,0,0,0,0,0,0x03
2026-09-06T20:42:38.460,293,0,2,52,-426,-827,3879,-1308,-1250,12765,0x07
2026-09-06T20:42:38.460,292,0,1,51,0,0,0,0,0,0,0x03
2026-09-06T20:42:38.525,295,0,2,51,0,0,7919,0,0,12857,0x07
2026-09-06T20:42:38.525,294,0,1,51,0,0,0,0,0,0,0x03
2026-09-06T20:42:38.590,297,0,2,51,824,0,12131,1414,980,15226,0x07
2026-09-06T20:42:38.590,296,0,1,52,0,0,0,0,0,0,0x03
2026-09-06T20:42:38.655,299,0,2,50,824,100,11706,1414,420,17608,0x07
2026-09-06T20:42:38.655,298,0,1,51,0,0,0,0,0,0,0x03
2026-09-06T20:42:38.737,301,0,2,50,620,240,8680,1287,220,16892,0x07
2026-09-06T20:42:38.737,300,0,1,50,0,0,0,0,0,0,0x03
2026-09-06T20:42:38.801,303,0,2,51,467,275,6703,1266,373,15980,0x07
2026-09-06T20:42:38.801,302,0,1,50,0,0,0,0,0,0,0x03
2026-09-06T20:42:38.865,305,0,2,52,424,365,5811,1310,615,15492,0x07
2026-09-06T20:42:38.865,304,0,1,52,0,0,0,0,0,0,0x03
2026-09-06T20:42:38.930,307,0,2,51,460,412,6044,1273,686,14729,0x07
2026-09-06T20:42:38.930,306,0,1,50,0,0,0,0,0,0,0x03
2026-09-06T20:42:38.995,309,0,2,52,453,385,6080,1280,788,14380,0x07
2026-09-06T20:42:38.995,308,0,1,52,0,0,0,0,0,0,0x03
2026-09-06T20:42:39.060,311,0,2,52,453,346,6243,1280,788,14380,0x07
2026-09-06T20:42:39.060,310,0,1,51,0,0,0,0,0,0,0x03
2026-09-06T20:42:39.126,313,0,2,52,505,308,7017,1226,846,13479,0x07
2026-09-06T20:42:39.126,312,0,1,50,0,0,0,0,0,0,0x03
2026-09-06T20:42:39.191,315,0,2,51,533,392,6999,1197,902,12875,0x07
2026-09-06T20:42:39.191,314,0,1,50,0,0,0,0,0,0,0x03
2026-09-06T20:42:39.272,317,0,2,55,585,400,7581,1143,927,12107,0x07
2026-09-06T20:42:39.272,316,0,1,50,0,0,0,0,0,0,0x03
2026-09-06T20:42:39.337,319,0,2,50,585,400,7581,1143,880,12308,0x07
2026-09-06T20:42:39.337,318,0,1,52,0,0,0,0,0,0,0x03
2026-09-06T20:42:39.402,321,0,2,51,979,412,12222,1460,824,16455,0x07
2026-09-06T20:42:39.402,320,0,1,51,0,0,0,0,0,0,0x03
2026-09-06T20:42:39.467,323,0,2,51,1607,706,18455,1990,941,22489,0x07
2026-09-06T20:42:39.467,322,0,1,53,0,0,0,0,0,0,0x03
2026-09-06T20:42:39.533,325,0,2,50,2126,900,23807,2452,1060,27690,0x07
2026-09-06T20:42:39.533,324,0,1,50,0,0,0,0,0,0,0x03
2026-09-06T20:42:39.598,327,0,2,50,2307,1200,24693,2680,1340,29310,0x07
2026-09-06T20:42:39.598,326,0,1,50,0,0,0,0,0,0,0x03
2026-09-06T20:42:39.663,329,0,2,53,2690,1547,27776,3017,1623,32261,0x07
2026-09-06T20:42:39.663,328,0,1,52,0,0,0,0,0,0,0x03
2026-09-06T20:42:39.729,331,0,2,51,2690,1843,26518,3017,1902,31074,0x07
2026-09-06T20:42:39.729,330,0,1,50,0,0,0,0,0,0,0x03
2026-09-06T20:42:39.794,333,0,2,51,2678,2078,25378,3048,2059,30791,0x07
2026-09-06T20:42:39.794,332,0,1,50,0,0,0,0,0,0,0x03
2026-09-06T20:42:39.859,335,0,2,51,2549,2078,23842,2982,2118,29729,0x07
2026-09-06T20:42:39.859,334,0,1,50,0,0,0,0,0,0,0x03
2026-09-06T20:42:39.940,337,0,2,57,2072,2211,17598,2620,2228,24793,0x07
2026-09-06T20:42:39.940,336,0,1,51,0,0,0,0,0,0,0x03
2026-09-06T20:42:40.006,339,0,2,51,2072,2078,18160,2620,2235,24762,0x07
2026-09-06T20:42:40.006,338,0,1,50,0,0,0,0,0,0,0x03
2026-09-06T20:42:40.070,341,0,2,50,1737,2160,13826,2336,2400,20558,0x07
2026-09-06T20:42:40.070,340,0,1,51,0,0,0,0,0,0,0x03
2026-09-06T20:42:40.135,343,0,2,51,1051,1314,9244,1794,1980,15665,0x07
2026-09-06T20:42:40.135,342,0,1,51,0,0,0,0,0,0,0x03
2026-09-06T20:42:40.200,345,0,2,50,469,1520,1443,1263,1860,9624,0x07
2026-09-06T20:42:40.200,344,0,1,52,0,0,0,0,0,0,0x03
2026-09-06T20:42:40.265,347,0,2,50,435,1300,1968,1299,1560,11339,0x07
2026-09-06T20:42:40.265,346,0,1,51,0,0,0,0,0,0,0x03
2026-09-06T20:42:40.330,349,0,2,52,389,692,4004,1346,1096,13897,0x07
2026-09-06T20:42:40.331,348,0,1,57,0,0,0,0,0,0,0x03
2026-09-06T20:42:40.396,351,0,2,50,0,0,6919,0,0,11905,0x07
2026-09-06T20:42:40.396,350,0,1,51,0,0,0,0,0,0,0x03
2026-09-06T20:42:40.477,353,0,2,51,-601,-78,9141,-1232,-196,16306,0x07
2026-09-06T20:42:40.477,352,0,1,51,0,0,0,0,0,0,0x03
2026-09-06T20:42:40.542,355,0,2,51,-524,-78,8221,-1206,-882,13079,0x07
2026-09-06T20:42:40.607,357,0,2,51,-502,-20,8206,-1230,-157,16447,0x07
2026-09-06T20:42:40.607,356,0,1,53,0,0,0,0,0,0,0x03
2026-09-06T20:42:40.672,359,0,2,52,-463,-173,7091,-1270,-423,15814,0x07
2026-09-06T20:42:40.672,358,0,1,51,0,0,0,0,0,0,0x03
2026-09-06T20:42:40.738,359,0,2,51,-379,-157,6155,-1357,-549,16356,0x07
2026-09-06T20:42:40.738,358,0,1,51,0,0,0,0,0,0,0x03
2026-09-06T20:42:40.803,359,0,2,51,-379,-275,5655,-1357,-863,15023,0x07
2026-09-06T20:42:40.803,362,0,1,55,0,0,0,0,0,0,0x03
2026-09-06T20:42:40.868,365,0,2,51,0,0,6431,0,0,11589,0x07
2026-09-06T20:42:40.868,364,0,1,52,0,0,0,0,0,0,0x03
2026-09-06T20:42:40.933,367,0,2,50,537,40,8545,1192,120,16147,0x07
2026-09-06T20:42:40.933,366,0,1,51,0,0,0,0,0,0,0x03
2026-09-06T20:42:40.998,369,0,2,55,395,236,6018,1340,473,16465,0x07
2026-09-06T20:42:40.998,368,0,1,50,0,0,0,0,0,0,0x03
2026-09-06T20:42:41.080,371,0,2,50,395,60,6768,1340,140,17879,0x07
2026-09-06T20:42:41.080,370,0,1,52,0,0,0,0,0,0,0x03
2026-09-06T20:42:41.145,373,0,2,51,0,0,9065,0,0,13945,0x07
2026-09-06T20:42:41.145,372,0,1,52,0,0,0,0,0,0,0x03
2026-09-06T20:42:41.210,375,0,2,50,-881,-60,12555,-1484,-120,19742,0x07
2026-09-06T20:42:41.210,374,0,1,50,0,0,0,0,0,0,0x03
2026-09-06T20:42:41.276,377,0,2,52,-1190,-269,15343,-1699,-1231,17667,0x07
2026-09-06T20:42:41.276,376,0,1,52,0,0,0,0,0,0,0x03
2026-09-06T20:42:41.340,379,0,2,50,-1096,-240,14342,-1689,-360,21252,0x07
2026-09-06T20:42:41.341,378,0,1,51,0,0,0,0,0,0,0x03
2026-09-06T20:42:41.404,381,0,2,56,-960,-589,11238,-1570,-696,18359,0x07
2026-09-06T20:42:41.404,380,0,1,52,0,0,0,0,0,0,0x03
2026-09-06T20:42:41.469,383,0,2,51,-960,-686,10825,-1570,-804,17902,0x07
2026-09-06T20:42:41.470,382,0,1,51,0,0,0,0,0,0,0x03
2026-09-06T20:42:41.535,385,0,2,50,-983,-740,10875,-1572,-900,17515,0x07
2026-09-06T20:42:41.535,384,0,1,52,0,0,0,0,0,0,0x03
2026-09-06T20:42:41.616,387,0,2,51,-925,-882,9587,-1535,-1020,16549,0x07
2026-09-06T20:42:41.616,386,0,1,52,0,0,0,0,0,0,0x03
2026-09-06T20:42:41.681,389,0,2,56,-540,-768,5475,-1209,-1071,12306,0x07
2026-09-06T20:42:41.681,388,0,1,50,0,0,0,0,0,0,0x03
2026-09-06T20:42:41.747,391,0,2,50,-540,-660,5934,-1209,-1060,12355,0x07
2026-09-06T20:42:41.747,390,0,1,50,0,0,0,0,0,0,0x03
2026-09-06T20:42:41.812,393,0,2,50,-530,-600,6080,-1200,-960,12667,0x07
2026-09-06T20:42:41.812,392,0,1,51,0,0,0,0,0,0,0x03
2026-09-06T20:42:41.877,395,0,2,52,-540,-635,6042,-1190,-904,12790,0x07
2026-09-06T20:42:41.877,394,0,1,52,0,0,0,0,0,0,0x03
2026-09-06T20:42:41.943,397,0,2,50,-543,-620,6149,-1186,-820,13099,0x07
2026-09-06T20:42:41.943,396,0,1,51,0,0,0,0,0,0,0x03
2026-09-06T20:42:42.008,399,0,2,52,-527,-577,6133,-1204,-750,13608,0x07
2026-09-06T20:42:42.008,398,0,1,52,0,0,0,0,0,0,0x03
2026-09-06T20:42:42.074,401,0,2,51,-556,-412,7186,-1173,-765,13170,0x07
2026-09-06T20:42:42.074,400,0,1,50,0,0,0,0,0,0,0x03
2026-09-06T20:42:42.138,403,0,2,51,-556,-392,7269,-1173,-804,13003,0x07
2026-09-06T20:42:42.138,402,0,1,52,0,0,0,0,0,0,0x03
2026-09-06T20:42:42.203,405,0,2,51,-554,-431,7078,-1175,-843,12863,0x07
2026-09-06T20:42:42.203,404,0,1,50,0,0,0,0,0,0,0x03
2026-09-06T20:42:42.284,407,0,2,50,-791,-480,9697,-1353,-920,14723,0x07
2026-09-06T20:42:42.284,406,0,1,52,0,0,0,0,0,0,0x03
2026-09-06T20:42:42.349,409,0,2,51,-1176,-471,14318,-1665,-1078,17904,0x07
2026-09-06T20:42:42.349,408,0,1,51,0,0,0,0,0,0,0x03
2026-09-06T20:42:42.414,411,0,2,51,-1617,-549,19243,-2039,-1078,22514,0x07
2026-09-06T20:42:42.414,410,0,1,50,0,0,0,0,0,0,0x03
2026-09-06T20:42:42.478,413,0,2,53,-2569,-981,28747,-2821,-1283,31286,0x07
2026-09-06T20:42:42.478,412,0,1,52,0,0,0,0,0,0,0x03
2026-09-06T20:42:42.543,415,0,2,51,-2569,-1353,27167,-2821,-1529,30239,0x07
2026-09-06T20:42:42.543,414,0,1,50,0,0,0,0,0,0,0x03
2026-09-06T20:42:42.608,417,0,2,50,-2929,-1640,30228,-3125,-1680,33345,0x07
2026-09-06T20:42:42.608,416,0,1,50,0,0,0,0,0,0,0x03
2026-09-06T20:42:42.689,419,0,2,50,-3173,-1820,32367,-3318,-1840,35053,0x07
2026-09-06T20:42:42.689,418,0,1,50,0,0,0,0,0,0,0x03
2026-09-06T20:42:42.755,421,0,2,56,-3063,-2357,28782,-3357,-2321,33485,0x07
2026-09-06T20:42:42.755,420,0,1,50,0,0,0,0,0,0,0x03
2026-09-06T20:42:42.819,423,0,2,52,-3063,-2385,28665,-3357,-2442,32971,0x07
2026-09-06T20:42:42.819,422,0,1,51,0,0,0,0,0,0,0x03
2026-09-06T20:42:42.885,425,0,2,50,-2167,-2480,17591,-2575,-2220,24271,0x07
2026-09-06T20:42:42.885,424,0,1,52,0,0,0,0,0,0,0x03
2026-09-06T20:42:42.950,427,0,2,51,-842,-1392,6423,-1639,-1824,14414,0x07
2026-09-06T20:42:42.950,426,0,1,55,0,0,0,0,0,0,0x03
2026-09-06T20:42:43.016,429,0,2,50,-3077,-1420,32935,-1361,-1520,12273,0x07
2026-09-06T20:42:43.016,428,0,1,51,0,0,0,0,0,0,0x03
2026-09-06T20:42:43.080,431,0,2,50,-2422,-2620,20025,-2132,-1400,22291,0x07
2026-09-06T20:42:43.080,430,0,1,50,0,0,0,0,0,0,0x03
2026-09-06T20:42:43.145,433,0,2,55,-2599,-1909,25157,-2381,-2000,22810,0x07
2026-09-06T20:42:43.145,432,0,1,51,0,0,0,0,0,0,0x03
2026-09-06T20:42:43.210,435,0,2,51,-2599,-2039,24604,-2381,-1608,24477,0x07
2026-09-06T20:42:43.210,434,0,1,52,0,0,0,0,0,0,0x03
2026-09-06T20:42:43.275,437,0,2,51,-2550,-2118,23692,-2242,-1745,22181,0x07
2026-09-06T20:42:43.275,436,0,1,51,0,0,0,0,0,0,0x03
2026-09-06T20:42:43.356,439,0,2,50,-2467,-2040,23025,-2138,-1860,20419,0x07
2026-09-06T20:42:43.356,438,0,1,52,0,0,0,0,0,0,0x03
2026-09-06T20:42:43.421,441,0,2,57,-2092,-2000,18734,-1602,-1895,13659,0x07
2026-09-06T20:42:43.421,440,0,1,50,0,0,0,0,0,0,0x03
2026-09-06T20:42:43.486,443,0,2,50,-2092,-1840,19414,-1602,-1580,14997,0x07
2026-09-06T20:42:43.486,442,0,1,50,0,0,0,0,0,0,0x03
2026-09-06T20:42:43.551,445,0,2,51,-1772,-1961,15090,-1222,-1510,10599,0x07
2026-09-06T20:42:43.551,444,0,1,52,0,0,0,0,0,0,0x03
2026-09-06T20:42:43.617,447,0,2,58,1762,103,22856,1311,17,18050,0x07
2026-09-06T20:42:43.617,446,0,1,53,0,0,0,0,0,0,0x03
2026-09-06T20:42:43.682,449,0,2,51,1762,529,21046,1311,588,15624,0x07
2026-09-06T20:42:43.682,448,0,1,50,0,0,0,0,0,0,0x03
2026-09-06T20:42:43.747,451,0,2,51,2314,78,29546,2211,1039,24796,0x07
2026-09-06T20:42:43.747,450,0,1,50,0,0,0,0,0,0,0x03
2026-09-06T20:42:43.813,453,0,2,50,2677,0,34195,2572,1580,26957,0x07
2026-09-06T20:42:43.813,452,0,1,52,0,0,0,0,0,0,0x03
2026-09-06T20:42:43.893,455,0,2,51,2788,784,32192,2610,1373,28299,0x07
2026-09-06T20:42:43.893,454,0,1,50,0,0,0,0,0,0,0x03
2026-09-06T20:42:43.958,457,0,2,51,2759,1235,29922,2514,1588,26201,0x07
2026-09-06T20:42:43.958,456,0,1,52,0,0,0,0,0,0,0x03
2026-09-06T20:42:44.023,459,0,2,51,2765,1569,28582,2558,1314,27919,0x07
2026-09-06T20:42:44.023,458,0,1,51,0,0,0,0,0,0,0x03
2026-09-06T20:42:44.089,461,0,2,50,2456,1820,23827,1996,1460,20362,0x07
2026-09-06T20:42:44.089,460,0,1,50,0,0,0,0,0,0,0x03
2026-09-06T20:42:44.154,463,0,2,51,2396,1902,22768,2089,1510,21298,0x07
2026-09-06T20:42:44.154,462,0,1,50,0,0,0,0,0,0,0x03
2026-09-06T20:42:44.219,465,0,2,51,2879,2078,27777,2983,1569,32072,0x07
2026-09-06T20:42:44.219,464,0,1,52,0,0,0,0,0,0,0x03
2026-09-06T20:42:44.285,467,0,2,51,3051,2137,29568,2967,2000,30044,0x07
2026-09-06T20:42:44.285,466,0,1,52,0,0,0,0,0,0,0x03
2026-09-06T20:42:44.350,469,0,2,50,0,0,6699,2999,2180,29668,0x07
2026-09-06T20:42:44.350,468,0,1,50,0,0,0,0,0,0,0x03
2026-09-06T20:42:44.415,471,0,2,51,-573,-667,6299,0,0,18245,0x07
2026-09-06T20:42:44.415,470,0,1,50,0,0,0,0,0,0,0x03
2026-09-06T20:42:44.497,473,0,2,53,-3049,-340,37193,-3039,-792,36066,0x07
2026-09-06T20:42:44.497,472,0,1,52,0,0,0,0,0,0,0x03
2026-09-06T20:42:44.562,475,0,2,50,-3049,-1340,32941,-3039,-1220,34248,0x07
2026-09-06T20:42:44.562,474,0,1,50,0,0,0,0,0,0,0x03
2026-09-06T20:42:44.627,477,0,2,51,-3350,-1255,36888,-3360,-2294,33640,0x07
2026-09-06T20:42:44.627,476,0,1,50,0,0,0,0,0,0,0x03
2026-09-06T20:42:44.692,479,0,2,51,-3344,-922,38233,-3466,-2314,34866,0x07
2026-09-06T20:42:44.692,478,0,1,50,0,0,0,0,0,0,0x03
2026-09-06T20:42:44.757,481,0,2,51,-3281,-1980,32972,-3500,-1314,39530,0x07
2026-09-06T20:42:44.757,480,0,1,50,0,0,0,0,0,0,0x03
2026-09-06T20:42:44.822,483,0,2,60,-3247,-1833,33200,-3492,-1567,38351,0x07
2026-09-06T20:42:44.822,482,0,1,52,0,0,0,0,0,0,0x03
2026-09-06T20:42:44.887,485,0,2,50,-3009,-1820,30422,-3423,-2240,34647,0x07
2026-09-06T20:42:44.887,484,0,1,54,0,0,0,0,0,0,0x03
2026-09-06T20:42:44.952,487,0,2,51,-2135,-1471,21498,-2887,-2020,28968,0x07
2026-09-06T20:42:44.952,486,0,1,51,0,0,0,0,0,0,0x03
2026-09-06T20:42:45.017,489,0,2,50,-579,-1580,2494,0,0,10149,0x07
2026-09-06T20:42:45.017,488,0,1,51,0,0,0,0,0,0,0x03
2026-09-06T20:42:45.082,491,0,2,51,0,0,16755,1014,314,13126,0x07
2026-09-06T20:42:45.082,490,0,1,50,0,0,0,0,0,0,0x03
2026-09-06T20:42:45.163,493,0,2,53,1639,642,19111,3066,283,38554,0x07
2026-09-06T20:42:45.163,492,0,1,53,0,0,0,0,0,0,0x03
2026-09-06T20:42:45.229,495,0,2,50,1639,540,19542,0,0,2721,0x07
2026-09-06T20:42:45.229,494,0,1,50,0,0,0,0,0,0,0x03
2026-09-06T20:42:45.294,497,0,2,50,1963,480,23659,0,0,17682,0x07
2026-09-06T20:42:45.294,496,0,1,51,0,0,0,0,0,0,0x03
2026-09-06T20:42:45.359,499,0,2,51,1910,784,21727,1946,863,22287,0x07
2026-09-06T20:42:45.359,498,0,1,52,0,0,0,0,0,0,0x03
2026-09-06T20:42:45.424,501,0,2,51,2044,980,22497,1969,784,22906,0x07
2026-09-06T20:42:45.424,500,0,1,50,0,0,0,0,0,0,0x03
2026-09-06T20:42:45.489,503,0,2,50,1535,1180,15580,1261,900,13682,0x07
2026-09-06T20:42:45.489,502,0,1,50,0,0,0,0,0,0,0x03
2026-09-06T20:42:45.555,505,0,2,51,1342,1118,13541,1164,627,13641,0x07
2026-09-06T20:42:45.555,504,0,1,51,0,0,0,0,0,0,0x03
2026-09-06T20:42:45.620,507,0,2,50,1342,1260,12936,1164,860,12652,0x07
2026-09-06T20:42:45.620,506,0,1,52,0,0,0,0,0,0,0x03
2026-09-06T20:42:45.701,509,0,2,50,1500,1400,14227,1215,820,13448,0x07
2026-09-06T20:42:45.701,508,0,1,52,0,0,0,0,0,0,0x03
2026-09-06T20:42:45.766,511,0,2,50,1627,1120,16928,1383,800,15605,0x07
2026-09-06T20:42:45.766,510,0,1,50,0,0,0,0,0,0,0x03
2026-09-06T20:42:45.831,513,0,2,50,1615,1340,15856,1434,1080,15045,0x07
2026-09-06T20:42:45.831,512,0,1,50,0,0,0,0,0,0,0x03
2026-09-06T20:42:45.895,515,0,2,50,1653,1280,16557,1560,1080,16595,0x07
2026-09-06T20:42:45.895,514,0,1,50,0,0,0,0,0,0,0x03
2026-09-06T20:42:45.961,517,0,2,55,1337,1236,12985,1337,1145,13568,0x07
2026-09-06T20:42:45.961,516,0,1,52,0,0,0,0,0,0,0x03
2026-09-06T20:42:46.025,519,0,2,51,1337,1235,12990,1337,1255,13102,0x07
2026-09-06T20:42:46.025,518,0,1,50,0,0,0,0,0,0,0x03
2026-09-06T20:42:46.090,521,0,2,50,966,1400,7864,0,0,9352,0x07
2026-09-06T20:42:46.090,520,0,1,52,0,0,0,0,0,0,0x03
2026-09-06T20:42:46.156,523,0,2,50,0,0,0,0,0,0,0x03
2026-09-06T20:42:46.156,522,0,1,52,0,0,0,0,0,0,0x03
2026-09-06T20:42:46.237,525,0,2,58,-2173,-52,27975,-2627,-34,34203,0x07
2026-09-06T20:42:46.237,524,0,1,50,0,0,0,0,0,0,0x03
2026-09-06T20:42:46.301,527,0,2,51,-2173,-1098,23528,-2627,-510,32183,0x07
2026-09-06T20:42:46.301,526,0,1,52,0,0,0,0,0,0,0x03
2026-09-06T20:42:46.366,529,0,2,51,-2076,-1333,21370,-2567,-1196,28522,0x07
2026-09-06T20:42:46.366,528,0,1,52,0,0,0,0,0,0,0x03
2026-09-06T20:42:46.431,531,0,2,51,-2175,-706,25219,-2608,-1176,29111,0x07
2026-09-06T20:42:46.431,530,0,1,50,0,0,0,0,0,0,0x03
2026-09-06T20:42:46.495,533,0,2,50,-2230,-1080,24284,-2660,-1040,30330,0x07
2026-09-06T20:42:46.496,532,0,1,50,0,0,0,0,0,0,0x03
2026-09-06T20:42:46.560,535,0,2,51,-3374,-1392,36585,-2621,-1235,29025,0x07
2026-09-06T20:42:46.561,534,0,1,50,0,0,0,0,0,0,0x03
2026-09-06T20:42:46.625,537,0,2,50,-3180,-1780,32630,-3500,-1720,37803,0x07
2026-09-06T20:42:46.625,536,0,1,54,0,0,0,0,0,0,0x03
2026-09-06T20:42:46.707,539,0,2,50,0,0,0,0,0,0,0x03
2026-09-06T20:42:46.707,538,0,1,52,0,0,0,0,0,0,0x03
2026-09-06T20:42:46.771,541,0,2,50,0,0,25691,0,0,29947,0x07
2026-09-06T20:42:46.771,540,0,1,50,0,0,0,0,0,0,0x03
2026-09-06T20:42:46.836,543,0,2,51,0,0,0,0,0,0,0x03
2026-09-06T20:42:46.836,542,0,1,50,0,0,0,0,0,0,0x03
2026-09-06T20:42:46.901,545,0,2,50,0,0,10177,0,0,17088,0x07
2026-09-06T20:42:46.901,544,0,1,51,0,0,0,0,0,0,0x03
2026-09-06T20:42:46.966,547,0,2,51,0,0,4675,0,0,9255,0x07
2026-09-06T20:42:46.966,546,0,1,51,0,0,0,0,0,0,0x03
2026-09-06T20:42:47.031,549,0,2,53,2484,679,29010,2404,358,30080,0x07
2026-09-06T20:42:47.031,548,0,1,52,0,0,0,0,0,0,0x03
2026-09-06T20:42:47.096,551,0,2,51,2484,255,30813,2404,882,27853,0x07
2026-09-06T20:42:47.096,550,0,1,50,0,0,0,0,0,0,0x03
2026-09-06T20:42:47.161,553,0,2,52,2641,962,29686,2986,808,35340,0x07
2026-09-06T20:42:47.161,552,0,1,51,0,0,0,0,0,0,0x03
2026-09-06T20:42:47.242,555,0,2,52,2766,885,31496,3081,981,35775,0x07
2026-09-06T20:42:47.242,554,0,1,50,0,0,0,0,0,0,0x03
2026-09-06T20:42:47.307,557,0,2,52,2590,1404,27196,3022,1885,31207,0x07
2026-09-06T20:42:47.307,556,0,1,50,0,0,0,0,0,0,0x03
2026-09-06T20:42:47.372,559,0,2,50,2590,1580,26447,3022,1440,33097,0x07
2026-09-06T20:42:47.372,558,0,1,51,0,0,0,0,0,0,0x03
2026-09-06T20:42:47.436,561,0,2,50,2371,1740,23159,2863,1600,30453,0x07
2026-09-06T20:42:47.436,560,0,1,52,0,0,0,0,0,0,0x03
2026-09-06T20:42:47.500,563,0,2,50,2548,1980,24245,2907,1900,29723,0x07
2026-09-06T20:42:47.501,562,0,1,50,0,0,0,0,0,0,0x03
2026-09-06T20:42:47.566,565,0,2,50,1833,2200,14798,2508,2100,23952,0x07
2026-09-06T20:42:47.566,564,0,1,51,0,0,0,0,0,0,0x03
2026-09-06T20:42:47.631,567,0,2,51,966,1882,5814,1769,2157,14599,0x07
2026-09-06T20:42:47.631,566,0,1,52,0,0,0,0,0,0,0x03
2026-09-06T20:42:47.696,569,0,2,54,-1171,-74,15943,-1744,-93,23066,0x07
2026-09-06T20:42:47.696,568,0,1,54,0,0,0,0,0,0,0x03
2026-09-06T20:42:47.778,571,0,2,51,-1171,-176,15508,0,0,8817,0x07
2026-09-06T20:42:47.778,570,0,1,52,0,0,0,0,0,0,0x03
2026-09-06T20:42:47.842,573,0,2,50,-2104,-80,27035,0,0,12941,0x07
2026-09-06T20:42:47.842,572,0,1,50,0,0,0,0,0,0,0x03
2026-09-06T20:42:47.907,575,0,2,51,-1404,-176,18282,-1360,-157,18053,0x07
2026-09-06T20:42:47.907,574,0,1,51,0,0,0,0,0,0,0x03
2026-09-06T20:42:47.972,577,0,2,50,-2482,-760,28651,-2519,-860,29356,0x07
2026-09-06T20:42:47.972,576,0,1,50,0,0,0,0,0,0,0x03
2026-09-06T20:42:48.037,579,0,2,51,-3020,-1039,33870,-3174,-1451,34932,0x07
2026-09-06T20:42:48.037,578,0,1,51,0,0,0,0,0,0,0x03
2026-09-06T20:42:48.102,581,0,2,52,-3272,-2019,32707,-3500,-1596,38329,0x07
2026-09-06T20:42:48.102,580,0,1,55,0,0,0,0,0,0,0x03
2026-09-06T20:42:48.167,583,0,2,50,-3272,-2100,32363,-3500,-1940,36868,0x07
2026-09-06T20:42:48.167,582,0,1,51,0,0,0,0,0,0,0x03
2026-09-06T20:42:48.232,585,0,2,50,-3128,-2100,30648,-3500,-2300,35338,0x07
2026-09-06T20:42:48.232,584,0,1,51,0,0,0,0,0,0,0x03
2026-09-06T20:42:48.313,587,0,2,51,-1860,-2392,14298,-2459,-2314,22439,0x07
2026-09-06T20:42:48.313,586,0,1,50,0,0,0,0,0,0,0x03
2026-09-06T20:42:48.378,589,0,2,58,519,69,8200,1050,52,14676,0x07
2026-09-06T20:42:48.378,588,0,1,54,0,0,0,0,0,0,0x03
2026-09-06T20:42:48.443,591,0,2,51,519,333,7077,1050,294,13646,0x07
2026-09-06T20:42:48.443,590,0,1,50,0,0,0,0,0,0,0x03
2026-09-06T20:42:48.508,593,0,2,51,2598,20,33175,2412,314,30366,0x07
2026-09-06T20:42:48.508,592,0,1,51,0,0,0,0,0,0,0x03
2026-09-06T20:42:48.573,595,0,2,55,0,0,0,0,0,0,0x03
2026-09-06T20:42:48.573,594,0,1,52,0,0,0,0,0,0,0x03
2026-09-06T20:42:48.638,597,0,2,52,0,0,26025,0,0,29500,0x07
2026-09-06T20:42:48.638,596,0,1,50,0,0,0,0,0,0,0x03
2026-09-06T20:42:48.703,599,0,2,50,3095,940,35184,3409,660,40000,0x07
2026-09-06T20:42:48.703,598,0,1,52,0,0,0,0,0,0,0x03
2026-09-06T20:42:48.768,601,0,2,50,2875,1460,30349,3298,1980,34212,0x07
2026-09-06T20:42:48.768,600,0,1,50,0,0,0,0,0,0,0x03
2026-09-06T20:42:48.849,603,0,2,51,2613,1471,27189,3097,2078,31312,0x07
2026-09-06T20:42:48.849,602,0,1,52,0,0,0,0,0,0,0x03
2026-09-06T20:42:48.898,605,0,2,51,2376,1765,23115,2882,1843,29653,0x07
2026-09-06T20:42:48.898,604,0,1,52,0,0,0,0,0,0,0x03
2026-09-06T20:42:48.979,607,0,2,50,1784,1900,15486,2445,1560,25479,0x07
2026-09-06T20:42:48.979,606,0,1,51,0,0,0,0,0,0,0x03
2026-09-06T20:42:49.044,609,0,2,52,567,923,5141,1476,1442,14027,0x07
2026-09-06T20:42:49.044,608,0,1,50,0,0,0,0,0,0,0x03
2026-09-06T20:42:49.109,611,0,2,51,400,392,5416,1335,608,15830,0x07
2026-09-06T20:42:49.109,610,0,1,51,0,0,0,0,0,0,0x03
2026-09-06T20:42:49.174,613,0,2,52,0,0,11647,0,0,16389,0x07
2026-09-06T20:42:49.174,612,0,1,50,0,0,0,0,0,0,0x03
2026-09-06T20:42:49.239,615,0,2,51,-1218,-431,14992,-1786,-1333,18315,0x07
2026-09-06T20:42:49.239,614,0,1,51,0,0,0,0,0,0,0x03
2026-09-06T20:42:49.304,617,0,2,50,-2202,-140,27941,-2436,-1380,26123,0x07
2026-09-06T20:42:49.304,616,0,1,50,0,0,0,0,0,0,0x03
2026-09-06T20:42:49.386,619,0,2,50,-2727,-500,32668,-2927,-620,35412,0x07
2026-09-06T20:42:49.386,618,0,1,50,0,0,0,0,0,0,0x03
2026-09-06T20:42:49.450,621,0,2,52,-3115,-1385,33531,-3318,-1750,35428,0x07
2026-09-06T20:42:49.450,620,0,1,52,0,0,0,0,0,0,0x03
2026-09-06T20:42:49.515,623,0,2,51,-3115,-1843,31582,-3318,-1667,35782,0x07
2026-09-06T20:42:49.515,622,0,1,52,0,0,0,0,0,0,0x03
2026-09-06T20:42:49.580,625,0,2,52,-3063,-2000,30300,-3355,-1788,35721,0x07
2026-09-06T20:42:49.580,624,0,1,51,0,0,0,0,0,0,0x03
2026-09-06T20:42:49.645,627,0,2,58,-2557,-2259,23173,-3060,-2241,30158,0x07
2026-09-06T20:42:49.645,626,0,1,51,0,0,0,0,0,0,0x03
2026-09-06T20:42:49.710,629,0,2,51,-2557,-2294,23022,-3060,-2412,29434,0x07
2026-09-06T20:42:49.710,628,0,1,50,0,0,0,0,0,0,0x03
2026-09-06T20:42:49.775,631,0,2,51,0,0,6454,-2571,-2451,23246,0x07
2026-09-06T20:42:49.775,630,0,1,52,0,0,0,0,0,0,0x03
2026-09-06T20:42:49.840,633,0,2,50,541,580,6286,0,0,14899,0x07
2026-09-06T20:42:49.840,632,0,1,51,0,0,0,0,0,0,0x03
2026-09-06T20:42:49.905,635,0,2,54,3123,56,39280,3184,759,37984,0x07
2026-09-06T20:42:49.905,634,0,1,50,0,0,0,0,0,0,0x03
2026-09-06T20:42:49.970,637,0,2,51,0,0,3228,3184,2353,31211,0x07
2026-09-06T20:42:49.970,636,0,1,50,0,0,0,0,0,0,0x03
2026-09-06T20:42:50.052,639,0,2,50,0,0,6720,1874,2700,13586,0x07
2026-09-06T20:42:50.052,638,0,1,50,0,0,0,0,0,0,0x03
2026-09-06T20:42:50.117,641,0,2,52,575,96,8756,1153,558,13803,0x07
2026-09-06T20:42:50.117,640,0,1,50,0,0,0,0,0,0,0x03
2026-09-06T20:42:50.182,643,0,2,56,461,214,6895,1272,518,15431,0x07
2026-09-06T20:42:50.182,642,0,1,51,0,0,0,0,0,0,0x03
2026-09-06T20:42:50.248,645,0,2,50,461,240,6786,1272,640,14912,0x07
2026-09-06T20:42:50.248,644,0,1,54,0,0,0,0,0,0,0x03
2026-09-06T20:42:50.313,647,0,2,50,481,340,6595,1251,780,14067,0x07
2026-09-06T20:42:50.313,646,0,1,51,0,0,0,0,0,0,0x03
2026-09-06T20:42:50.378,649,0,2,51,474,373,6375,1258,902,13634,0x07
2026-09-06T20:42:50.378,648,0,1,51,0,0,0,0,0,0,0x03
2026-09-06T20:42:50.444,651,0,2,51,489,412,6390,1242,941,13274,0x07
2026-09-06T20:42:50.444,650,0,1,50,0,0,0,0,0,0,0x03
2026-09-06T20:42:50.508,653,0,2,50,559,380,7353,1170,880,12645,0x07
2026-09-06T20:42:50.508,652,0,1,51,0,0,0,0,0,0,0x03
2026-09-06T20:42:50.589,655,0,2,55,3374,382,40000,2699,891,31451,0x07
2026-09-06T20:42:50.589,654,0,1,50,0,0,0,0,0,0,0x03
2026-09-06T20:42:50.654,657,0,2,51,3374,941,38502,2699,1373,29404,0x07
2026-09-06T20:42:50.654,656,0,1,50,0,0,0,0,0,0,0x03
2026-09-06T20:42:50.719,659,0,2,51,3221,1353,34931,2936,1667,31080,0x07
2026-09-06T20:42:50.719,658,0,1,53,0,0,0,0,0,0,0x03
2026-09-06T20:42:50.785,661,0,2,51,2892,1980,28346,2526,1569,26439,0x07
2026-09-06T20:42:50.785,660,0,1,51,0,0,0,0,0,0,0x03
2026-09-06T20:42:50.850,663,0,2,51,2560,1980,24383,2150,1824,20716,0x07
2026-09-06T20:42:50.850,662,0,1,51,0,0,0,0,0,0,0x03
2026-09-06T20:42:50.915,665,0,2,51,2229,2137,19783,1758,1784,16044,0x07
2026-09-06T20:42:50.915,664,0,1,56,0,0,0,0,0,0,0x03
2026-09-06T20:42:50.980,667,0,2,50,1281,1940,9328,654,1520,3559,0x07
2026-09-06T20:42:50.980,666,0,1,51,0,0,0,0,0,0,0x03
2026-09-06T20:42:51.045,669,0,2,51,1281,1471,11323,654,1059,5519,0x07
2026-09-06T20:42:51.045,668,0,1,50,0,0,0,0,0,0,0x03
2026-09-06T20:42:51.110,671,0,2,50,0,0,10034,0,0,5581,0x07
2026-09-06T20:42:51.110,670,0,1,51,0,0,0,0,0,0,0x03
2026-09-06T20:42:51.192,673,0,2,50,-1008,-480,12277,-449,-140,6894,0x07
2026-09-06T20:42:51.192,672,0,1,50,0,0,0,0,0,0,0x03
2026-09-06T20:42:51.256,675,0,2,52,-1754,-58,22957,-1561,-154,20547,0x07
2026-09-06T20:42:51.256,674,0,1,52,0,0,0,0,0,0,0x03
2026-09-06T20:42:51.321,677,0,2,50,-3022,-220,37379,-3500,-260,40000,0x07
2026-09-06T20:42:51.321,676,0,1,52,0,0,0,0,0,0,0x03
2026-09-06T20:42:51.387,679,0,2,51,-3229,-1118,36027,-3126,-1941,32245,0x07
2026-09-06T20:42:51.387,678,0,1,50,0,0,0,0,0,0,0x03
2026-09-06T20:42:51.451,681,0,2,51,-3229,-1627,33861,-3126,-2039,31829,0x07
2026-09-06T20:42:51.451,680,0,1,50,0,0,0,0,0,0,0x03
2026-09-06T20:42:51.516,683,0,2,50,-3182,-1980,31797,-3071,-1740,32422,0x07
2026-09-06T20:42:51.516,682,0,1,50,0,0,0,0,0,0,0x03
2026-09-06T20:42:51.581,685,0,2,51,-3218,-2137,31562,-3239,-1961,33560,0x07
2026-09-06T20:42:51.581,684,0,1,52,0,0,0,0,0,0,0x03
2026-09-06T20:42:51.646,687,0,2,57,-3316,-2491,31228,-3500,-2175,35867,0x07
2026-09-06T20:42:51.646,686,0,1,50,0,0,0,0,0,0,0x03
2026-09-06T20:42:51.711,689,0,2,51,-3316,-2569,30899,-3500,-2412,34863,0x07
2026-09-06T20:42:51.711,688,0,1,52,0,0,0,0,0,0,0x03
2026-09-06T20:42:51.793,691,0,2,51,-2217,-2686,17305,-1179,-2451,6077,0x07
2026-09-06T20:42:51.793,690,0,1,50,0,0,0,0,0,0,0x03
2026-09-06T20:42:51.858,693,0,2,50,-1122,-2360,5645,0,0,2575,0x07
2026-09-06T20:42:51.858,692,0,1,51,0,0,0,0,0,0,0x03
2026-09-06T20:42:51.923,695,0,2,51,0,0,17468,77,39,2736,0x07
2026-09-06T20:42:51.923,694,0,1,52,0,0,0,0,0,0,0x03
2026-09-06T20:42:51.989,697,0,2,50,1978,440,24005,1615,20,21777,0x07
2026-09-06T20:42:51.989,696,0,1,52,0,0,0,0,0,0,0x03
2026-09-06T20:42:52.054,699,0,2,54,2513,0,32246,2688,2074,26281,0x07
2026-09-06T20:42:52.054,698,0,1,52,0,0,0,0,0,0,0x03
2026-09-06T20:42:52.119,701,0,2,50,2513,560,29866,2688,1240,29826,0x07
2026-09-06T20:42:52.119,700,0,1,52,0,0,0,0,0,0,0x03
2026-09-06T20:42:52.184,703,0,2,52,2835,808,32651,3055,1250,34310,0x07
2026-09-06T20:42:52.184,702,0,1,51,0,0,0,0,0,0,0x03
2026-09-06T20:42:52.249,705,0,2,50,2996,1180,32985,3228,1740,34369,0x07
2026-09-06T20:42:52.249,704,0,1,51,0,0,0,0,0,0,0x03
2026-09-06T20:42:52.314,707,0,2,51,3011,1902,30094,3293,1510,36141,0x07
2026-09-06T20:42:52.314,706,0,1,52,0,0,0,0,0,0,0x03
2026-09-06T20:42:52.395,709,0,2,50,2772,1880,27342,3205,1980,33060,0x07
2026-09-06T20:42:52.395,708,0,1,50,0,0,0,0,0,0,0x03
2026-09-06T20:42:52.461,711,0,2,50,2387,2080,21911,2935,2140,29052,0x07
2026-09-06T20:42:52.461,710,0,1,52,0,0,0,0,0,0,0x03
2026-09-06T20:42:52.526,713,0,2,51,851,1863,4527,1674,2196,13258,0x07
2026-09-06T20:42:52.526,712,0,1,51,0,0,0,0,0,0,0x03
2026-09-06T20:42:52.591,715,0,2,51,851,1157,7527,1674,1922,14425,0x07
2026-09-06T20:42:52.591,714,0,1,52,0,0,0,0,0,0,0x03
2026-09-06T20:42:52.656,717,0,2,51,3374,1255,37168,2315,1804,22828,0x07
2026-09-06T20:42:52.656,716,0,1,55,0,0,0,0,0,0,0x03
2026-09-06T20:42:52.722,719,0,2,50,1526,1700,13266,0,0,9137,0x07
2026-09-06T20:42:52.722,718,0,1,50,0,0,0,0,0,0,0x03
2026-09-06T20:42:52.787,721,0,2,51,0,0,13521,-889,-353,11415,0x07
2026-09-06T20:42:52.787,720,0,1,51,0,0,0,0,0,0,0x03
2026-09-06T20:42:52.852,723,0,2,50,-1463,-280,18549,-1414,-320,18025,0x07
2026-09-06T20:42:52.852,722,0,1,51,0,0,0,0,0,0,0x03
2026-09-06T20:42:52.933,725,0,2,53,-1923,0,25221,-2292,-1113,25487,0x07
2026-09-06T20:42:52.933,724,0,1,52,0,0,0,0,0,0,0x03
2026-09-06T20:42:52.982,727,0,2,51,-1923,-176,24471,-2292,-1392,24301,0x07
2026-09-06T20:42:52.982,726,0,1,50,0,0,0,0,0,0,0x03
2026-09-06T20:42:53.064,729,0,2,52,-2290,-673,26733,-2626,-712,31307,0x07
2026-09-06T20:42:53.064,728,0,1,52,0,0,0,0,0,0,0x03
2026-09-06T20:42:53.129,731,0,2,56,-2493,-1393,26093,-2898,-1375,31841,0x07
2026-09-06T20:42:53.129,730,0,1,52,0,0,0,0,0,0,0x03
2026-09-06T20:42:53.194,733,0,2,56,-2493,-1393,26093,-2898,-1375,31841,0x07
2026-09-06T20:42:53.194,732,0,1,50,0,0,0,0,0,0,0x03
2026-09-06T20:42:53.259,735,0,2,50,-2376,-1800,22968,-2832,-1620,29988,0x07
2026-09-06T20:42:53.259,734,0,1,52,0,0,0,0,0,0,0x03
2026-09-06T20:42:53.323,737,0,2,51,-1889,-1941,16561,-2506,-1882,24851,0x07
2026-09-06T20:42:53.323,736,0,1,53,0,0,0,0,0,0,0x03
2026-09-06T20:42:53.388,739,0,2,55,-410,-1345,1477,-1325,-1764,10793,0x07
2026-09-06T20:42:53.389,738,0,1,52,0,0,0,0,0,0,0x03
2026-09-06T20:42:53.469,741,0,2,50,-410,-780,3880,-1325,-1360,12508,0x07
2026-09-06T20:42:53.469,740,0,1,51,0,0,0,0,0,0,0x03
2026-09-06T20:42:53.534,743,0,2,50,0,0,3786,0,0,7983,0x07
2026-09-06T20:42:53.534,742,0,1,51,0,0,0,0,0,0,0x03
2026-09-06T20:42:53.599,745,0,2,50,192,340,3158,746,160,10474,0x07
2026-09-06T20:42:53.599,744,0,1,55,0,0,0,0,0,0,0x03
2026-09-06T20:42:53.664,747,0,2,51,1715,59,22491,1633,275,20925,0x07
2026-09-06T20:42:53.665,746,0,1,51,0,0,0,0,0,0,0x03
2026-09-06T20:42:53.729,749,0,2,50,2575,340,31540,2789,220,35412,0x07
2026-09-06T20:42:53.729,748,0,1,51,0,0,0,0,0,0,0x03
2026-09-06T20:42:53.794,751,0,2,53,159,1094,0,1585,2000,13000,0x07
2026-09-06T20:42:53.794,750,0,1,55,0,0,0,0,0,0,0x03
2026-09-06T20:42:53.859,753,0,2,50,159,520,2000,1585,1320,15890,0x07
2026-09-06T20:42:53.859,752,0,1,51,0,0,0,0,0,0,0x03
2026-09-06T20:42:53.924,755,0,2,51,487,451,6200,1245,941,13300,0x07
2026-09-06T20:42:53.924,754,0,1,50,0,0,0,0,0,0,0x03
2026-09-06T20:42:53.989,757,0,2,52,2621,769,30258,2461,865,28625,0x07
2026-09-06T20:42:53.990,756,0,1,50,0,0,0,0,0,0,0x03
2026-09-06T20:42:54.054,759,0,2,56,395,1125,2241,1252,1179,12382,0x07
2026-09-06T20:42:54.054,758,0,1,50,0,0,0,0,0,0,0x03
2026-09-06T20:42:54.135,761,0,2,50,395,520,4813,1252,1140,12546,0x07
2026-09-06T20:42:54.135,760,0,1,52,0,0,0,0,0,0,0x03
2026-09-06T20:42:54.200,763,0,2,50,269,340,4075,1237,1120,12446,0x07
2026-09-06T20:42:54.200,762,0,1,52,0,0,0,0,0,0,0x03
2026-09-06T20:42:54.265,765,0,2,51,0,0,9160,0,0,13934,0x07
2026-09-06T20:42:54.265,764,0,1,53,0,0,0,0,0,0,0x03
2026-09-06T20:42:54.330,767,0,2,51,-894,-20,12875,-1483,-863,16568,0x07
2026-09-06T20:42:54.330,766,0,1,51,0,0,0,0,0,0,0x03
2026-09-06T20:42:54.395,769,0,2,50,-1810,-80,23539,-2138,-420,26530,0x07
2026-09-06T20:42:54.395,768,0,1,50,0,0,0,0,0,0,0x03
2026-09-06T20:42:54.460,771,0,2,51,-772,-588,9004,-1490,-549,17996,0x07
2026-09-06T20:42:54.460,770,0,1,51,0,0,0,0,0,0,0x03
2026-09-06T20:42:54.541,773,0,2,50,-772,-520,9294,-1490,-700,17355,0x07
2026-09-06T20:42:54.541,772,0,1,52,0,0,0,0,0,0,0x03
2026-09-06T20:42:54.589,775,0,2,51,-463,-706,4831,-1269,-902,13773,0x07
2026-09-06T20:42:54.589,774,0,1,51,0,0,0,0,0,0,0x03
2026-09-06T20:42:54.670,777,0,2,51,-457,-471,5750,-1276,-922,13776,0x07
2026-09-06T20:42:54.671,776,0,1,50,0,0,0,0,0,0,0x03
2026-09-06T20:42:54.736,779,0,2,50,-475,-500,5842,-1258,-960,13380,0x07
2026-09-06T20:42:54.736,778,0,1,51,0,0,0,0,0,0,0x03
2026-09-06T20:42:54.801,781,0,2,50,-498,-480,6205,-1233,-900,13337,0x07
2026-09-06T20:42:54.801,780,0,1,51,0,0,0,0,0,0,0x03
2026-09-06T20:42:54.866,783,0,2,51,-552,-314,7558,-1177,-824,12967,0x07
2026-09-06T20:42:54.866,782,0,1,50,0,0,0,0,0,0,0x03
2026-09-06T20:42:54.931,785,0,2,50,-552,-400,7191,-1177,-880,12727,0x07
2026-09-06T20:42:54.931,784,0,1,51,0,0,0,0,0,0,0x03
2026-09-06T20:42:54.964,787,0,2,50,-414,-420,5458,-1321,-880,14497,0x07
2026-09-06T20:42:54.964,786,0,1,52,0,0,0,0,0,0,0x03
