timestamp,sequence,team,robot_id,interval_ms,left_target_eps,left_measured_eps,left_duty,right_target_eps,right_measured_eps,right_duty,flags
2026-09-06T16:51:00.263,2080,0,0,50,0,0,0,0,0,0,0x03
2026-09-06T16:51:00.263,2083,0,2,50,0,0,0,0,0,0,0x03
2026-09-06T16:51:00.299,2082,0,0,50,0,0,0,0,0,0,0x03
2026-09-06T16:51:00.299,2085,0,2,55,0,0,0,0,0,0,0x03
2026-09-06T16:51:00.364,2084,0,0,50,0,0,0,0,0,0,0x03
2026-09-06T16:51:00.364,2087,0,2,51,0,0,0,0,0,0,0x03
2026-09-06T16:51:00.429,2086,0,0,50,0,0,0,0,0,0,0x03
2026-09-06T16:51:00.429,1,0,2,51,0,0,0,0,0,0,0x03
2026-09-06T16:51:00.511,0,0,0,53,0,0,0,0,0,0,0x03
2026-09-06T16:51:00.511,3,0,2,50,0,0,0,0,0,0,0x03
2026-09-06T16:51:00.576,2,0,0,52,0,0,0,0,0,0,0x03
2026-09-06T16:51:00.576,5,0,2,52,0,0,0,0,0,0,0x03
2026-09-06T16:51:00.641,4,0,0,50,0,0,0,0,0,0,0x03
2026-09-06T16:51:00.706,6,0,0,50,0,0,0,0,0,0,0x03
2026-09-06T16:51:00.706,9,0,2,50,0,0,0,0,0,0,0x03
2026-09-06T16:51:00.772,8,0,0,50,0,0,0,0,0,0,0x03
2026-09-06T16:51:00.772,9,0,2,52,0,0,0,0,0,0,0x03
2026-09-06T16:51:00.837,8,0,0,52,0,0,0,0,0,0,0x03
2026-09-06T16:51:00.837,13,0,2,51,0,0,0,0,0,0,0x03
2026-09-06T16:51:00.902,8,0,0,50,0,0,0,0,0,0,0x03
2026-09-06T16:51:00.903,15,0,2,50,0,0,0,0,0,0,0x03
2026-09-06T16:51:00.968,14,0,0,51,0,0,0,0,0,0,0x03
2026-09-06T16:51:00.968,17,0,2,51,0,0,0,0,0,0,0x03
2026-09-06T16:51:01.033,16,0,0,51,0,0,0,0,0,0,0x03
2026-09-06T16:51:01.033,19,0,2,52,0,0,0,0,0,0,0x03
2026-09-06T16:51:01.114,18,0,0,51,0,0,0,0,0,0,0x03
2026-09-06T16:51:01.114,21,0,2,50,0,0,0,0,0,0,0x03
2026-09-06T16:51:01.179,20,0,0,51,0,0,0,0,0,0,0x03
2026-09-06T16:51:01.179,23,0,2,53,0,0,0,0,0,0,0x03
2026-09-06T16:51:01.245,22,0,0,50,0,0,0,0,0,0,0x03
2026-09-06T16:51:01.245,25,0,2,52,0,0,0,0,0,0,0x03
2026-09-06T16:51:01.309,24,0,0,53,0,0,0,0,0,0,0x03
2026-09-06T16:51:01.309,27,0,2,51,0,0,0,0,0,0,0x03
2026-09-06T16:51:01.374,26,0,0,50,0,0,0,0,0,0,0x03
2026-09-06T16:51:01.374,29,0,2,50,0,0,0,0,0,0,0x03
2026-09-06T16:51:01.439,28,0,0,50,0,0,0,0,0,0,0x03
2026-09-06T16:51:01.439,31,0,2,52,0,0,0,0,0,0,0x03
2026-09-06T16:51:01.504,30,0,0,51,0,0,0,0,0,0,0x03
2026-09-06T16:51:01.504,33,0,2,51,0,0,0,0,0,0,0x03
2026-09-06T16:51:01.569,32,0,0,51,0,0,0,0,0,0,0x03
2026-09-06T16:51:01.569,35,0,2,51,0,0,0,0,0,0,0x03
2026-09-06T16:51:01.650,34,0,0,51,0,0,0,0,0,0,0x03
2026-09-06T16:51:01.650,37,0,2,51,0,0,0,0,0,0,0x03
2026-09-06T16:51:01.715,36,0,0,51,0,0,0,0,0,0,0x03
2026-09-06T16:51:01.715,39,0,2,50,0,0,0,0,0,0,0x03
2026-09-06T16:51:01.780,38,0,0,51,0,0,0,0,0,0,0x03
2026-09-06T16:51:01.780,41,0,2,50,0,0,0,0,0,0,0x03
2026-09-06T16:51:01.845,40,0,0,51,0,0,0,0,0,0,0x03
2026-09-06T16:51:01.845,43,0,2,52,0,0,0,0,0,0,0x03
2026-09-06T16:51:01.910,42,0,0,50,0,0,0,0,0,0,0x03
2026-09-06T16:51:01.910,45,0,2,52,0,0,0,0,0,0,0x03
2026-09-06T16:51:01.975,44,0,0,52,0,0,0,0,0,0,0x03
2026-09-06T16:51:01.975,47,0,2,51,0,0,0,0,0,0,0x03
2026-09-06T16:51:02.040,46,0,0,50,0,0,0,0,0,0,0x03
2026-09-06T16:51:02.040,49,0,2,51,0,0,0,0,0,0,0x03
2026-09-06T16:51:02.105,48,0,0,50,0,0,0,0,0,0,0x03
2026-09-06T16:51:02.105,51,0,2,50,0,0,0,0,0,0,0x03
2026-09-06T16:51:02.186,50,0,0,50,0,0,0,0,0,0,0x03
2026-09-06T16:51:02.186,53,0,2,52,0,0,0,0,0,0,0x03
2026-09-06T16:51:02.251,52,0,0,52,0,0,0,0,0,0,0x03
2026-09-06T16:51:02.251,55,0,2,52,0,0,0,0,0,0,0x03
2026-09-06T16:51:02.316,54,0,0,52,0,0,0,0,0,0,0x03
2026-09-06T16:51:02.316,57,0,2,51,0,0,0,0,0,0,0x03
2026-09-06T16:51:02.381,56,0,0,52,0,0,0,0,0,0,0x03
2026-09-06T16:51:02.381,59,0,2,51,0,0,0,0,0,0,0x03
2026-09-06T16:51:02.446,58,0,0,52,0,0,0,0,0,0,0x03
2026-09-06T16:51:02.446,61,0,2,54,0,0,0,0,0,0,0x03
2026-09-06T16:51:02.511,60,0,0,52,0,0,0,0,0,0,0x03
2026-09-06T16:51:02.511,63,0,2,50,0,0,0,0,0,0,0x03
2026-09-06T16:51:02.576,62,0,0,51,0,0,0,0,0,0,0x03
2026-09-06T16:51:02.576,65,0,2,51,0,0,0,0,0,0,0x03
2026-09-06T16:51:02.641,64,0,0,51,0,0,0,0,0,0,0x03
2026-09-06T16:51:02.641,67,0,2,51,0,0,0,0,0,0,0x03
2026-09-06T16:51:02.722,66,0,0,50,0,0,0,0,0,0,0x03
2026-09-06T16:51:02.722,69,0,2,50,0,0,0,0,0,0,0x03
2026-09-06T16:51:02.788,68,0,0,52,0,0,0,0,0,0,0x03
2026-09-06T16:51:02.788,71,0,2,52,0,0,0,0,0,0,0x03
2026-09-06T16:51:02.853,70,0,0,51,0,0,0,0,0,0,0x03
2026-09-06T16:51:02.853,73,0,2,52,0,0,0,0,0,0,0x03
2026-09-06T16:51:02.918,72,0,0,50,0,0,0,0,0,0,0x03
2026-09-06T16:51:02.918,75,0,2,51,0,0,0,0,0,0,0x03
2026-09-06T16:51:02.982,74,0,0,51,0,0,0,0,0,0,0x03
2026-09-06T16:51:02.982,77,0,2,50,0,0,0,0,0,0,0x03
2026-09-06T16:51:03.047,76,0,0,50,0,0,0,0,0,0,0x03
2026-09-06T16:51:03.047,79,0,2,51,0,0,0,0,0,0,0x03
2026-09-06T16:51:03.112,78,0,0,50,0,0,0,0,0,0,0x03
2026-09-06T16:51:03.112,81,0,2,55,0,0,0,0,0,0,0x03
2026-09-06T16:51:03.177,80,0,0,51,0,0,0,0,0,0,0x03
2026-09-06T16:51:03.177,83,0,2,50,0,0,0,0,0,0,0x03
2026-09-06T16:51:03.258,82,0,0,52,0,0,0,0,0,0,0x03
2026-09-06T16:51:03.259,85,0,2,50,0,0,0,0,0,0,0x03
2026-09-06T16:51:03.308,84,0,0,52,0,0,0,0,0,0,0x03
2026-09-06T16:51:03.308,87,0,2,50,0,0,0,0,0,0,0x03
2026-09-06T16:51:03.388,86,0,0,52,0,0,0,0,0,0,0x03
2026-09-06T16:51:03.388,89,0,2,50,0,0,0,0,0,0,0x03
2026-09-06T16:51:03.453,88,0,0,52,0,0,0,0,0,0,0x03
2026-09-06T16:51:03.453,91,0,2,50,0,0,0,0,0,0,0x03
2026-09-06T16:51:03.518,90,0,0,55,0,0,0,0,0,0,0x03
2026-09-06T16:51:03.518,93,0,2,55,0,0,0,0,0,0,0x03
2026-09-06T16:51:03.584,92,0,0,51,0,0,0,0,0,0,0x03
2026-09-06T16:51:03.584,95,0,2,52,0,0,0,0,0,0,0x03
2026-09-06T16:51:03.649,94,0,0,51,0,0,0,0,0,0,0x03
2026-09-06T16:51:03.649,97,0,2,50,0,0,0,0,0,0,0x03
2026-09-06T16:51:03.714,96,0,0,52,0,0,0,0,0,0,0x03
2026-09-06T16:51:03.714,99,0,2,52,0,0,0,0,0,0,0x03
2026-09-06T16:51:03.779,98,0,0,52,0,0,0,0,0,0,0x03
2026-09-06T16:51:03.779,101,0,2,52,0,0,0,0,0,0,0x03
2026-09-06T16:51:03.844,100,0,0,52,0,0,0,0,0,0,0x03
2026-09-06T16:51:03.844,103,0,2,50,0,0,0,0,0,0,0x03
2026-09-06T16:51:03.926,102,0,0,52,0,0,0,0,0,0,0x03
2026-09-06T16:51:03.926,105,0,2,51,0,0,0,0,0,0,0x03
2026-09-06T16:51:03.990,104,0,0,50,0,0,0,0,0,0,0x03
2026-09-06T16:51:03.990,107,0,2,50,0,0,0,0,0,0,0x03
2026-09-06T16:51:04.056,106,0,0,51,0,0,0,0,0,0,0x03
2026-09-06T16:51:04.056,109,0,2,50,0,0,0,0,0,0,0x03
2026-09-06T16:51:04.121,108,0,0,52,0,0,0,0,0,0,0x03
2026-09-06T16:51:04.121,111,0,2,51,0,0,0,0,0,0,0x03
2026-09-06T16:51:04.186,110,0,0,50,0,0,0,0,0,0,0x03
2026-09-06T16:51:04.186,113,0,2,54,0,0,0,0,0,0,0x03
2026-09-06T16:51:04.252,112,0,0,51,0,0,0,0,0,0,0x03
2026-09-06T16:51:04.252,115,0,2,51,0,0,0,0,0,0,0x03
2026-09-06T16:51:04.317,114,0,0,52,0,0,0,0,0,0,0x03
2026-09-06T16:51:04.317,117,0,2,50,0,0,0,0,0,0,0x03
2026-09-06T16:51:04.382,116,0,0,50,0,0,0,0,0,0,0x03
2026-09-06T16:51:04.382,119,0,2,50,0,0,0,0,0,0,0x03
2026-09-06T16:51:04.463,118,0,0,52,0,0,0,0,0,0,0x03
2026-09-06T16:51:04.463,121,0,2,50,0,0,0,0,0,0,0x03
2026-09-06T16:51:04.528,120,0,0,52,0,0,0,0,0,0,0x03
2026-09-06T16:51:04.529,123,0,2,51,0,0,0,0,0,0,0x03
2026-09-06T16:51:04.594,122,0,0,52,0,0,0,0,0,0,0x03
2026-09-06T16:51:04.594,125,0,2,55,0,0,0,0,0,0,0x03
2026-09-06T16:51:04.660,124,0,0,50,0,0,0,0,0,0,0x03
2026-09-06T16:51:04.660,127,0,2,54,0,0,0,0,0,0,0x03
2026-09-06T16:51:04.724,126,0,0,52,0,0,0,0,0,0,0x03
2026-09-06T16:51:04.724,129,0,2,50,0,0,0,0,0,0,0x03
2026-09-06T16:51:04.790,128,0,0,51,0,0,0,0,0,0,0x03
2026-09-06T16:51:04.790,131,0,2,50,0,0,0,0,0,0,0x03
2026-09-06T16:51:04.855,130,0,0,50,0,0,0,0,0,0,0x03
2026-09-06T16:51:04.855,133,0,2,54,0,0,0,0,0,0,0x03
2026-09-06T16:51:04.920,132,0,0,52,0,0,0,0,0,0,0x03
2026-09-06T16:51:04.920,135,0,2,50,0,0,0,0,0,0,0x03
2026-09-06T16:51:04.986,134,0,0,51,0,0,0,0,0,0,0x03
2026-09-06T16:51:04.986,137,0,2,50,0,0,0,0,0,0,0x03
2026-09-06T16:51:05.066,136,0,0,51,0,0,0,0,0,0,0x03
2026-09-06T16:51:05.067,139,0,2,52,0,0,0,0,0,0,0x03
2026-09-06T16:51:05.132,138,0,0,51,0,0,0,0,0,0,0x03
2026-09-06T16:51:05.132,141,0,2,51,0,0,0,0,0,0,0x03
2026-09-06T16:51:05.196,140,0,0,50,0,0,0,0,0,0,0x03
2026-09-06T16:51:05.197,143,0,2,50,0,0,0,0,0,0,0x03
2026-09-06T16:51:05.262,142,0,0,50,0,0,0,0,0,0,0x03
2026-09-06T16:51:05.262,145,0,2,56,0,0,0,0,0,0,0x03
2026-09-06T16:51:05.327,144,0,0,51,0,0,0,0,0,0,0x03
2026-09-06T16:51:05.327,147,0,2,50,0,0,0,0,0,0,0x03
2026-09-06T16:51:05.392,146,0,0,50,0,0,0,0,0,0,0x03
2026-09-06T16:51:05.392,149,0,2,51,0,0,0,0,0,0,0x03
2026-09-06T16:51:05.457,148,0,0,52,0,0,0,0,0,0,0x03
2026-09-06T16:51:05.457,151,0,2,50,0,0,0,0,0,0,0x03
2026-09-06T16:51:05.521,150,0,0,52,0,0,0,0,0,0,0x03
2026-09-06T16:51:05.521,153,0,2,56,1903,0,24938,385,0,6788,0x07
2026-09-06T16:51:05.587,152,0,0,50,0,0,19507,0,0,4487,0x07
2026-09-06T16:51:05.587,155,0,2,52,1903,827,21424,385,173,6053,0x07
2026-09-06T16:51:05.652,154,0,0,53,1167,660,16066,461,0,8523,0x07
2026-09-06T16:51:05.652,157,0,2,51,1419,510,17014,902,157,12569,0x07
2026-09-06T16:51:05.733,156,0,0,50,1167,260,17768,461,0,8523,0x07
2026-09-06T16:51:05.733,159,0,2,51,1405,667,16178,878,333,11521,0x07
2026-09-06T16:51:05.798,158,0,0,50,1165,320,17490,463,0,8544,0x07
2026-09-06T16:51:05.798,161,0,2,50,1453,580,17121,959,560,11563,0x07
2026-09-06T16:51:05.864,160,0,0,50,1114,440,16322,491,0,8897,0x07
2026-09-06T16:51:05.864,163,0,2,50,1680,720,19230,1293,560,15732,0x07
2026-09-06T16:51:05.930,162,0,0,50,1114,400,16492,491,0,8897,0x07
2026-09-06T16:51:05.930,165,0,2,53,2083,943,23068,1745,736,20629,0x07
2026-09-06T16:51:05.994,164,0,0,50,1088,500,15730,522,0,9275,0x07
2026-09-06T16:51:05.994,167,0,2,50,2083,1020,22743,1745,940,19761,0x07
2026-09-06T16:51:06.060,166,0,0,55,1534,491,21544,1192,0,17606,0x07
2026-09-06T16:51:06.060,169,0,2,50,2189,1260,22986,1867,1180,20252,0x07
2026-09-06T16:51:06.125,168,0,0,51,1534,549,21297,1192,0,17606,0x07
2026-09-06T16:51:06.125,171,0,2,50,2327,1260,24624,2053,1240,22318,0x07
2026-09-06T16:51:06.190,170,0,0,50,1972,640,26572,1735,0,24352,0x07
2026-09-06T16:51:06.190,173,0,2,51,2461,1627,24663,2219,1431,23574,0x07
2026-09-06T16:51:06.272,172,0,0,51,2926,1020,37300,2990,0,39944,0x07
2026-09-06T16:51:06.272,175,0,2,51,2525,1725,25004,2265,1529,23738,0x07
2026-09-06T16:51:06.337,174,0,0,50,2926,1160,36703,2990,100,39519,0x07
2026-09-06T16:51:06.337,177,0,2,50,2602,1700,26028,2377,1720,24321,0x07
2026-09-06T16:51:06.402,176,0,0,51,3207,1333,39604,3420,0,40000,0x07
2026-09-06T16:51:06.402,179,0,2,51,2622,2059,24736,2368,1980,23106,0x07
2026-09-06T16:51:06.467,178,0,0,53,2965,1679,35003,3500,0,40000,0x07
2026-09-06T16:51:06.467,181,0,2,50,2690,2000,25800,2491,1980,24634,0x07
2026-09-06T16:51:06.533,180,0,0,51,2965,1686,34973,3500,1118,40000,0x07
2026-09-06T16:51:06.533,183,0,2,51,2743,2118,25934,2542,2039,25030,0x07
2026-09-06T16:51:06.597,182,0,0,50,2121,1600,24421,2893,1400,32785,0x07
2026-09-06T16:51:06.597,185,0,2,50,2727,2180,25472,2484,2240,23442,0x07
2026-09-06T16:51:06.662,184,0,0,53,288,1019,3171,1451,1208,15697,0x07
2026-09-06T16:51:06.662,187,0,2,51,0,0,0,0,0,0,0x03
2026-09-06T16:51:06.727,186,0,0,57,105,912,1262,1641,1175,18186,0x07
2026-09-06T16:51:06.727,189,0,2,51,0,0,9210,0,0,16476,0x07
2026-09-06T16:51:06.792,188,0,0,51,0,0,4944,1641,1235,17931,0x07
2026-09-06T16:51:06.792,191,0,2,55,3374,0,40000,1523,2182,11706,0x07
2026-09-06T16:51:06.873,190,0,0,50,0,0,33092,0,0,18651,0x07
2026-09-06T16:51:06.873,193,0,2,51,3374,2667,31100,1523,1706,13729,0x07
2026-09-06T16:51:06.937,192,0,0,50,3374,420,40000,-1940,-280,25705,0x07
2026-09-06T16:51:06.937,195,0,2,50,3037,2180,29160,3160,1660,34350,0x07
2026-09-06T16:51:07.003,194,0,0,50,0,0,25499,0,0,29061,0x07
2026-09-06T16:51:07.003,197,0,2,53,2205,2094,19629,1729,1792,15938,0x07
2026-09-06T16:51:07.068,196,0,0,50,0,0,33092,3213,820,39233,0x07
2026-09-06T16:51:07.068,199,0,2,52,2205,2058,19785,1729,1788,15955,0x07
2026-09-06T16:51:07.133,198,0,0,54,969,1426,10250,-494,0,8936,0x07
2026-09-06T16:51:07.133,201,0,2,50,3034,2240,28866,3500,1800,37989,0x07
2026-09-06T16:51:07.198,200,0,0,51,969,235,15310,-494,0,8936,0x07
2026-09-06T16:51:07.198,203,0,2,51,3309,2176,32413,3325,2176,34211,0x07
2026-09-06T16:51:07.264,202,0,0,51,532,176,9916,-61,0,3553,0x07
2026-09-06T16:51:07.264,205,0,2,58,3334,2621,30814,3400,2500,33762,0x07
2026-09-06T16:51:07.329,204,0,0,51,559,59,10765,-122,0,4319,0x07
2026-09-06T16:51:07.329,207,0,2,51,3334,2765,30202,3400,2725,32804,0x07
2026-09-06T16:51:07.393,206,0,0,50,519,0,10486,-104,0,4084,0x07
2026-09-06T16:51:07.394,209,0,2,50,3336,2900,29655,3500,2760,33909,0x07
2026-09-06T16:51:07.475,208,0,0,52,506,0,10326,-109,0,4153,0x07
2026-09-06T16:51:07.475,211,0,2,51,3349,2922,29724,3500,2922,33222,0x07
2026-09-06T16:51:07.540,210,0,0,52,484,0,10042,-101,0,4048,0x07
2026-09-06T16:51:07.540,213,0,2,54,3301,3111,28345,3500,3111,32417,0x07
2026-09-06T16:51:07.606,212,0,0,51,474,0,9915,-102,0,4061,0x07
2026-09-06T16:51:07.606,215,0,2,51,3301,3059,28567,3500,3176,32139,0x07
2026-09-06T16:51:07.670,214,0,0,51,473,0,9897,-98,0,4014,0x07
2026-09-06T16:51:07.670,217,0,2,50,3283,3240,27580,3500,3240,31869,0x07
2026-09-06T16:51:07.735,216,0,0,52,483,0,10033,-86,0,3870,0x07
2026-09-06T16:51:07.735,219,0,2,51,0,0,0,0,0,0,0x03
2026-09-06T16:51:07.801,218,0,0,54,494,0,10172,-79,0,3784,0x07
2026-09-06T16:51:07.801,221,0,2,50,0,0,27365,0,0,30635,0x07
2026-09-06T16:51:07.866,220,0,0,50,494,0,10172,-79,0,3784,0x07
2026-09-06T16:51:07.866,223,0,2,51,3279,1804,33632,3484,1843,37610,0x07
2026-09-06T16:51:07.931,222,0,0,52,496,0,10199,-80,0,3793,0x07
2026-09-06T16:51:07.931,225,0,2,58,2207,3138,15218,-936,-224,12711,0x07
2026-09-06T16:51:07.997,224,0,0,50,497,0,10207,-82,0,3814,0x07
2026-09-06T16:51:07.997,227,0,2,50,0,0,0,0,0,0,0x03
2026-09-06T16:51:08.078,226,0,0,51,497,0,10203,-84,0,3840,0x07
2026-09-06T16:51:08.078,229,0,2,50,0,0,14700,0,0,2544,0x07
2026-09-06T16:51:08.143,228,0,0,51,496,0,10194,-86,0,3866,0x07
2026-09-06T16:51:08.143,231,0,2,50,0,0,14783,68,840,30298,0x07
2026-09-06T16:51:08.209,230,0,0,50,495,0,10182,-88,0,3883,0x07
2026-09-06T16:51:08.209,233,0,2,50,0,0,0,0,0,0,0x03
2026-09-06T16:51:08.274,232,0,0,51,494,0,10172,-89,0,3896,0x07
2026-09-06T16:51:08.274,235,0,2,51,0,0,4932,0,0,13446,0x07
2026-09-06T16:51:08.340,234,0,0,52,494,0,10168,-89,0,3904,0x07
2026-09-06T16:51:08.340,237,0,2,55,185,509,2342,1558,1473,15161,0x07
2026-09-06T16:51:08.404,236,0,0,52,494,0,10164,-90,0,3909,0x07
2026-09-06T16:51:08.404,239,0,2,51,185,314,3172,1558,1176,16420,0x07
2026-09-06T16:51:08.469,238,0,0,51,493,0,10159,-90,0,3913,0x07
2026-09-06T16:51:08.469,241,0,2,51,234,255,4012,1507,1098,16113,0x07
2026-09-06T16:51:08.535,240,0,0,52,493,0,10156,-90,0,3913,0x07
2026-09-06T16:51:08.535,243,0,2,50,283,280,4488,1456,1220,14961,0x07
2026-09-06T16:51:08.600,242,0,0,50,493,0,10156,-90,0,3913,0x07
2026-09-06T16:51:08.601,245,0,2,55,482,273,6882,1250,1145,12706,0x07
2026-09-06T16:51:08.682,244,0,0,50,493,0,10156,-90,0,3913,0x07
2026-09-06T16:51:08.682,247,0,2,51,482,451,6124,1250,569,15157,0x07
2026-09-06T16:51:08.747,246,0,0,51,493,0,10156,-90,0,3913,0x07
2026-09-06T16:51:08.747,249,0,2,52,562,500,6867,1167,231,15559,0x07
2026-09-06T16:51:08.812,248,0,0,50,493,0,10156,-90,0,3913,0x07
2026-09-06T16:51:08.812,251,0,2,56,629,179,9024,1107,429,13968,0x07
2026-09-06T16:51:08.877,250,0,0,51,493,0,10156,-90,0,3909,0x07
2026-09-06T16:51:08.877,253,0,2,50,629,240,8762,1107,580,13324,0x07
2026-09-06T16:51:08.943,252,0,0,52,493,0,10156,-90,0,3909,0x07
2026-09-06T16:51:08.943,255,0,2,51,753,216,10350,1328,686,15636,0x07
2026-09-06T16:51:09.008,254,0,0,52,493,0,10156,-90,0,3909,0x07
2026-09-06T16:51:09.008,257,0,2,50,0,0,3640,1615,780,18813,0x07
2026-09-06T16:51:09.074,256,0,0,50,493,0,10156,-90,0,3909,0x07
2026-09-06T16:51:09.074,259,0,2,50,0,0,5118,1931,840,22504,0x07
2026-09-06T16:51:09.139,258,0,0,51,493,0,10156,-90,0,3909,0x07
2026-09-06T16:51:09.139,261,0,2,50,368,180,5916,1368,840,15485,0x07
2026-09-06T16:51:09.204,260,0,0,50,493,0,10156,-90,0,3909,0x07
2026-09-06T16:51:09.204,263,0,2,51,801,471,9838,919,902,9611,0x07
2026-09-06T16:51:09.269,262,0,0,52,493,0,10156,-90,0,3909,0x07
2026-09-06T16:51:09.269,265,0,2,54,2686,1648,27251,2991,1352,33542,0x07
2026-09-06T16:51:09.350,264,0,0,56,493,0,10156,-90,0,3909,0x07
2026-09-06T16:51:09.350,267,0,2,50,2686,1120,29496,2991,1920,31128,0x07
2026-09-06T16:51:09.415,266,0,0,51,493,0,10156,-90,0,3909,0x07
2026-09-06T16:51:09.415,269,0,2,50,304,1560,7810,1511,1780,13262,0x07
2026-09-06T16:51:09.480,268,0,0,50,493,0,10156,-90,0,3909,0x07
2026-09-06T16:51:09.480,271,0,2,50,720,880,7130,1312,1420,12312,0x07
2026-09-06T16:51:09.545,270,0,0,51,493,0,10156,-90,0,3909,0x07
2026-09-06T16:51:09.545,273,0,2,51,756,1098,6628,1361,1275,13546,0x07
2026-09-06T16:51:09.609,272,0,0,52,493,0,10156,-90,0,3909,0x07
2026-09-06T16:51:09.609,275,0,2,51,296,941,1822,1443,1333,14322,0x07
2026-09-06T16:51:09.673,274,0,0,50,493,0,10156,-90,0,3909,0x07
2026-09-06T16:51:09.673,277,0,2,53,480,717,4970,1252,1113,12870,0x07
2026-09-06T16:51:09.739,276,0,0,53,522,0,10530,-58,0,3513,0x07
2026-09-06T16:51:09.739,279,0,2,51,480,588,5518,1252,1196,12517,0x07
2026-09-06T16:51:09.803,278,0,0,52,522,0,10530,-58,0,3513,0x07
2026-09-06T16:51:09.804,281,0,2,51,531,392,6956,1199,1137,12108,0x07
2026-09-06T16:51:09.886,280,0,0,52,511,0,10395,-72,0,3692,0x07
2026-09-06T16:51:09.886,283,0,2,52,648,500,7891,1186,1000,12535,0x07
2026-09-06T16:51:09.951,282,0,0,52,503,0,10290,-82,0,3814,0x07
2026-09-06T16:51:09.951,285,0,2,51,2509,255,31058,157,373,2363,0x07
2026-09-06T16:51:10.016,284,0,0,52,498,0,10221,-88,0,3887,0x07
2026-09-06T16:51:10.016,287,0,2,51,2509,490,30058,157,39,3779,0x07
2026-09-06T16:51:10.081,286,0,0,52,494,0,10172,-91,0,3931,0x07
2026-09-06T16:51:10.081,289,0,2,51,1952,1294,20020,0,0,7192,0x07
2026-09-06T16:51:10.146,288,0,0,50,492,0,10146,-93,0,3949,0x07
2026-09-06T16:51:10.146,291,0,2,51,2297,1235,24380,0,0,4576,0x07
2026-09-06T16:51:10.211,290,0,0,51,508,0,10347,-16,0,3001,0x07
2026-09-06T16:51:10.211,293,0,2,51,1383,235,17759,315,78,5581,0x07
2026-09-06T16:51:10.276,292,0,0,50,520,0,10508,0,0,2816,0x07
2026-09-06T16:51:10.276,295,0,2,50,2367,0,30452,0,0,6810,0x07
2026-09-06T16:51:10.340,294,0,0,52,527,0,10600,0,0,3216,0x07
2026-09-06T16:51:10.341,297,0,2,51,1297,0,17736,404,20,6945,0x07
2026-09-06T16:51:10.421,296,0,0,50,531,0,10652,-51,0,3435,0x07
2026-09-06T16:51:10.421,299,0,2,50,1297,0,17736,404,160,6348,0x07
2026-09-06T16:51:10.487,298,0,0,51,515,0,10443,-71,0,3683,0x07
2026-09-06T16:51:10.487,301,0,2,52,1283,0,17572,419,0,7207,0x07
2026-09-06T16:51:10.551,300,0,0,50,504,0,10298,-84,0,3840,0x07
2026-09-06T16:51:10.551,303,0,2,50,1296,0,17720,406,0,7045,0x07
2026-09-06T16:51:10.616,302,0,0,55,493,0,10151,-95,0,3975,0x07
2026-09-06T16:51:10.616,305,0,2,52,1270,0,17410,433,0,7382,0x07
2026-09-06T16:51:10.681,304,0,0,51,493,0,10151,-95,0,3975,0x07
2026-09-06T16:51:10.681,307,0,2,52,1266,0,17367,436,0,7430,0x07
2026-09-06T16:51:10.747,306,0,0,51,491,0,10124,-96,0,3988,0x07
2026-09-06T16:51:10.747,309,0,2,53,1288,0,17628,414,0,7146,0x07
2026-09-06T16:51:10.796,308,0,0,50,490,0,10111,-96,0,3983,0x07
2026-09-06T16:51:10.796,311,0,2,51,1288,0,17628,414,0,7146,0x07
