timestamp,sequence,team,robot_id,interval_ms,left_target_eps,left_measured_eps,left_duty,right_target_eps,right_measured_eps,right_duty,flags
2026-09-06T20:50:15.381,378,0,1,51,0,0,0,0,0,0,0x03
2026-09-06T20:50:15.451,381,0,2,53,-1466,-19,20079,-1495,0,20783,0x07
2026-09-06T20:50:15.451,380,0,1,52,0,0,0,0,0,0,0x03
2026-09-06T20:50:15.515,383,0,2,53,-1466,-19,20079,-1495,0,20783,0x07
2026-09-06T20:50:15.516,382,0,1,52,0,0,0,0,0,0,0x03
2026-09-06T20:50:15.596,385,0,2,50,0,0,0,0,0,0,0x03
2026-09-06T20:50:15.597,384,0,1,51,0,0,0,0,0,0,0x03
2026-09-06T20:50:15.662,1,0,2,53,0,0,0,0,0,0,0x03
2026-09-06T20:50:15.662,0,0,1,51,0,0,0,0,0,0,0x03
2026-09-06T20:50:15.727,3,0,2,51,0,0,0,0,0,0,0x03
2026-09-06T20:50:15.727,2,0,1,50,0,0,0,0,0,0,0x03
2026-09-06T20:50:15.792,5,0,2,50,0,0,0,0,0,0,0x03
2026-09-06T20:50:15.792,4,0,1,52,0,0,0,0,0,0,0x03
2026-09-06T20:50:15.857,7,0,2,51,0,0,0,0,0,0,0x03
2026-09-06T20:50:15.857,6,0,1,51,0,0,0,0,0,0,0x03
2026-09-06T20:50:15.922,9,0,2,52,0,0,0,0,0,0,0x03
2026-09-06T20:50:15.922,8,0,1,52,0,0,0,0,0,0,0x03
2026-09-06T20:50:15.987,11,0,2,51,0,0,0,0,0,0,0x03
2026-09-06T20:50:15.987,10,0,1,50,0,0,0,0,0,0,0x03
2026-09-06T20:50:16.052,13,0,2,53,0,0,0,0,0,0,0x03
2026-09-06T20:50:16.052,12,0,1,51,0,0,0,0,0,0,0x03
2026-09-06T20:50:16.133,15,0,2,51,0,0,0,0,0,0,0x03
2026-09-06T20:50:16.133,14,0,1,51,0,0,0,0,0,0,0x03
2026-09-06T20:50:16.198,17,0,2,52,0,0,0,0,0,0,0x03
2026-09-06T20:50:16.198,16,0,1,50,0,0,0,0,0,0,0x03
2026-09-06T20:50:16.263,19,0,2,51,0,0,0,0,0,0,0x03
2026-09-06T20:50:16.263,18,0,1,51,0,0,0,0,0,0,0x03
2026-09-06T20:50:16.328,21,0,2,50,0,0,0,0,0,0,0x03
2026-09-06T20:50:16.328,20,0,1,50,0,0,0,0,0,0,0x03
2026-09-06T20:50:16.393,23,0,2,51,0,0,0,0,0,0,0x03
2026-09-06T20:50:16.393,22,0,1,50,0,0,0,0,0,0,0x03
2026-09-06T20:50:16.458,25,0,2,50,0,0,0,0,0,0,0x03
2026-09-06T20:50:16.458,24,0,1,52,0,0,0,0,0,0,0x03
2026-09-06T20:50:16.523,27,0,2,52,0,0,0,0,0,0,0x03
2026-09-06T20:50:16.523,26,0,1,51,0,0,0,0,0,0,0x03
2026-09-06T20:50:16.669,29,0,2,51,0,0,0,0,0,0,0x03
2026-09-06T20:50:16.669,28,0,1,50,0,0,0,0,0,0,0x03
2026-09-06T20:50:16.718,31,0,2,51,0,0,0,0,0,0,0x03
2026-09-06T20:50:16.718,30,0,1,52,0,0,0,0,0,0,0x03
2026-09-06T20:50:16.799,33,0,2,51,0,0,0,0,0,0,0x03
2026-09-06T20:50:16.799,32,0,1,51,0,0,0,0,0,0,0x03
2026-09-06T20:50:16.929,35,0,2,52,0,0,0,0,0,0,0x03
2026-09-06T20:50:16.929,34,0,1,52,0,0,0,0,0,0,0x03
2026-09-06T20:50:16.994,37,0,2,52,0,0,0,0,0,0,0x03
2026-09-06T20:50:16.994,36,0,1,50,0,0,0,0,0,0,0x03
2026-09-06T20:50:17.059,39,0,2,51,0,0,0,0,0,0,0x03
2026-09-06T20:50:17.059,38,0,1,52,0,0,0,0,0,0,0x03
2026-09-06T20:50:17.125,41,0,2,52,0,0,0,0,0,0,0x03
2026-09-06T20:50:17.125,40,0,1,51,0,0,0,0,0,0,0x03
2026-09-06T20:50:17.190,43,0,2,50,0,0,0,0,0,0,0x03
2026-09-06T20:50:17.190,42,0,1,50,0,0,0,0,0,0,0x03
2026-09-06T20:50:17.255,45,0,2,51,0,0,0,0,0,0,0x03
2026-09-06T20:50:17.255,44,0,1,51,0,0,0,0,0,0,0x03
2026-09-06T20:50:17.335,47,0,2,52,0,0,0,0,0,0,0x03
2026-09-06T20:50:17.335,46,0,1,50,0,0,0,0,0,0,0x03
2026-09-06T20:50:17.401,49,0,2,51,0,0,0,0,0,0,0x03
2026-09-06T20:50:17.401,48,0,1,50,0,0,0,0,0,0,0x03
2026-09-06T20:50:17.465,51,0,2,50,0,0,0,0,0,0,0x03
2026-09-06T20:50:17.465,50,0,1,56,0,0,0,0,0,0,0x03
2026-09-06T20:50:17.530,53,0,2,50,0,0,0,0,0,0,0x03
2026-09-06T20:50:17.530,52,0,1,50,0,0,0,0,0,0,0x03
2026-09-06T20:50:17.595,55,0,2,51,0,0,0,0,0,0,0x03
2026-09-06T20:50:17.595,54,0,1,51,0,0,0,0,0,0,0x03
2026-09-06T20:50:17.660,57,0,2,52,0,0,0,0,0,0,0x03
2026-09-06T20:50:17.660,56,0,1,50,0,0,0,0,0,0,0x03
2026-09-06T20:50:17.741,59,0,2,50,0,0,0,0,0,0,0x03
2026-09-06T20:50:17.741,58,0,1,50,0,0,0,0,0,0,0x03
2026-09-06T20:50:17.790,61,0,2,52,0,0,0,0,0,0,0x03
2026-09-06T20:50:17.790,60,0,1,52,0,0,0,0,0,0,0x03
2026-09-06T20:50:17.871,63,0,2,50,0,0,0,0,0,0,0x03
2026-09-06T20:50:17.871,62,0,1,52,0,0,0,0,0,0,0x03
2026-09-06T20:50:17.937,65,0,2,52,0,0,0,0,0,0,0x03
2026-09-06T20:50:17.937,64,0,1,50,0,0,0,0,0,0,0x03
2026-09-06T20:50:18.001,67,0,2,51,0,0,0,0,0,0,0x03
2026-09-06T20:50:18.001,66,0,1,51,0,0,0,0,0,0,0x03
2026-09-06T20:50:18.066,69,0,2,51,0,0,0,0,0,0,0x03
2026-09-06T20:50:18.066,68,0,1,50,0,0,0,0,0,0,0x03
2026-09-06T20:50:18.131,71,0,2,50,0,0,0,0,0,0,0x03
2026-09-06T20:50:18.131,70,0,1,50,0,0,0,0,0,0,0x03
2026-09-06T20:50:18.196,73,0,2,51,0,0,0,0,0,0,0x03
2026-09-06T20:50:18.196,72,0,1,50,0,0,0,0,0,0,0x03
2026-09-06T20:50:18.261,75,0,2,51,0,0,0,0,0,0,0x03
2026-09-06T20:50:18.261,74,0,1,52,0,0,0,0,0,0,0x03
2026-09-06T20:50:18.326,77,0,2,50,0,0,0,0,0,0,0x03
2026-09-06T20:50:18.326,76,0,1,51,0,0,0,0,0,0,0x03
2026-09-06T20:50:18.407,79,0,2,51,0,0,0,0,0,0,0x03
2026-09-06T20:50:18.407,78,0,1,50,0,0,0,0,0,0,0x03
2026-09-06T20:50:18.472,81,0,2,52,0,0,0,0,0,0,0x03
2026-09-06T20:50:18.472,80,0,1,52,0,0,0,0,0,0,0x03
2026-09-06T20:50:18.537,83,0,2,50,0,0,0,0,0,0,0x03
2026-09-06T20:50:18.537,82,0,1,50,0,0,0,0,0,0,0x03
2026-09-06T20:50:18.602,85,0,2,50,0,0,0,0,0,0,0x03
2026-09-06T20:50:18.602,84,0,1,52,0,0,0,0,0,0,0x03
2026-09-06T20:50:18.667,87,0,2,52,0,0,0,0,0,0,0x03
2026-09-06T20:50:18.667,86,0,1,51,0,0,0,0,0,0,0x03
2026-09-06T20:50:18.732,89,0,2,50,0,0,0,0,0,0,0x03
2026-09-06T20:50:18.732,88,0,1,51,0,0,0,0,0,0,0x03
2026-09-06T20:50:18.797,91,0,2,50,0,0,0,0,0,0,0x03
2026-09-06T20:50:18.797,90,0,1,51,0,0,0,0,0,0,0x03
2026-09-06T20:50:18.862,93,0,2,50,0,0,0,0,0,0,0x03
2026-09-06T20:50:18.862,92,0,1,51,0,0,0,0,0,0,0x03
2026-09-06T20:50:18.943,95,0,2,50,0,0,0,0,0,0,0x03
2026-09-06T20:50:18.943,94,0,1,52,0,0,0,0,0,0,0x03
2026-09-06T20:50:19.009,97,0,2,50,0,0,0,0,0,0,0x03
2026-09-06T20:50:19.009,96,0,1,50,0,0,0,0,0,0,0x03
2026-09-06T20:50:19.074,99,0,2,50,0,0,0,0,0,0,0x03
2026-09-06T20:50:19.074,98,0,1,52,0,0,0,0,0,0,0x03
2026-09-06T20:50:19.139,101,0,2,50,0,0,0,0,0,0,0x03
2026-09-06T20:50:19.139,100,0,1,51,0,0,0,0,0,0,0x03
2026-09-06T20:50:19.204,103,0,2,50,0,0,0,0,0,0,0x03
2026-09-06T20:50:19.204,102,0,1,52,0,0,0,0,0,0,0x03
2026-09-06T20:50:19.270,105,0,2,50,0,0,0,0,0,0,0x03
2026-09-06T20:50:19.270,104,0,1,50,0,0,0,0,0,0,0x03
2026-09-06T20:50:19.335,107,0,2,51,0,0,0,0,0,0,0x03
2026-09-06T20:50:19.335,106,0,1,51,0,0,0,0,0,0,0x03
2026-09-06T20:50:19.400,109,0,2,50,0,0,0,0,0,0,0x03
2026-09-06T20:50:19.400,108,0,1,50,0,0,0,0,0,0,0x03
2026-09-06T20:50:19.481,111,0,2,52,0,0,0,0,0,0,0x03
2026-09-06T20:50:19.481,110,0,1,50,0,0,0,0,0,0,0x03
2026-09-06T20:50:19.546,113,0,2,51,0,0,0,0,0,0,0x03
2026-09-06T20:50:19.546,112,0,1,51,0,0,0,0,0,0,0x03
2026-09-06T20:50:19.611,115,0,2,51,0,0,0,0,0,0,0x03
2026-09-06T20:50:19.611,114,0,1,50,0,0,0,0,0,0,0x03
2026-09-06T20:50:19.676,117,0,2,52,0,0,0,0,0,0,0x03
2026-09-06T20:50:19.676,116,0,1,51,0,0,0,0,0,0,0x03
2026-09-06T20:50:19.741,119,0,2,52,0,0,0,0,0,0,0x03
2026-09-06T20:50:19.741,118,0,1,50,0,0,0,0,0,0,0x03
2026-09-06T20:50:19.806,121,0,2,51,0,0,0,0,0,0,0x03
2026-09-06T20:50:19.806,120,0,1,52,0,0,0,0,0,0,0x03
2026-09-06T20:50:19.872,123,0,2,50,0,0,0,0,0,0,0x03
2026-09-06T20:50:19.872,122,0,1,50,0,0,0,0,0,0,0x03
2026-09-06T20:50:19.937,125,0,2,52,0,0,0,0,0,0,0x03
2026-09-06T20:50:19.937,124,0,1,52,0,0,0,0,0,0,0x03
2026-09-06T20:50:20.002,127,0,2,50,0,0,0,0,0,0,0x03
2026-09-06T20:50:20.002,126,0,1,51,0,0,0,0,0,0,0x03
2026-09-06T20:50:20.067,129,0,2,51,0,0,0,0,0,0,0x03
2026-09-06T20:50:20.067,128,0,1,51,0,0,0,0,0,0,0x03
2026-09-06T20:50:20.148,131,0,2,51,0,0,0,0,0,0,0x03
2026-09-06T20:50:20.148,130,0,1,51,0,0,0,0,0,0,0x03
2026-09-06T20:50:20.213,133,0,2,50,0,0,0,0,0,0,0x03
2026-09-06T20:50:20.213,132,0,1,52,0,0,0,0,0,0,0x03
2026-09-06T20:50:20.278,135,0,2,51,0,0,0,0,0,0,0x03
2026-09-06T20:50:20.279,134,0,1,51,0,0,0,0,0,0,0x03
2026-09-06T20:50:20.344,137,0,2,52,0,0,0,0,0,0,0x03
2026-09-06T20:50:20.344,136,0,1,51,0,0,0,0,0,0,0x03
2026-09-06T20:50:20.409,139,0,2,50,0,0,0,0,0,0,0x03
2026-09-06T20:50:20.409,138,0,1,50,0,0,0,0,0,0,0x03
2026-09-06T20:50:20.474,141,0,2,52,0,0,0,0,0,0,0x03
2026-09-06T20:50:20.474,140,0,1,50,0,0,0,0,0,0,0x03
2026-09-06T20:50:20.538,143,0,2,50,0,0,0,0,0,0,0x03
2026-09-06T20:50:20.539,142,0,1,52,0,0,0,0,0,0,0x03
2026-09-06T20:50:20.603,145,0,2,51,0,0,0,0,0,0,0x03
2026-09-06T20:50:20.603,144,0,1,53,0,0,0,0,0,0,0x03
2026-09-06T20:50:20.684,147,0,2,50,0,0,0,0,0,0,0x03
2026-09-06T20:50:20.685,146,0,1,50,0,0,0,0,0,0,0x03
2026-09-06T20:50:20.750,149,0,2,51,0,0,0,0,0,0,0x03
2026-09-06T20:50:20.750,148,0,1,50,0,0,0,0,0,0,0x03
2026-09-06T20:50:20.815,151,0,2,50,0,0,0,0,0,0,0x03
2026-09-06T20:50:20.815,150,0,1,50,0,0,0,0,0,0,0x03
2026-09-06T20:50:20.880,153,0,2,51,0,0,0,0,0,0,0x03
2026-09-06T20:50:20.880,152,0,1,52,0,0,0,0,0,0,0x03
2026-09-06T20:50:20.945,155,0,2,52,0,0,0,0,0,0,0x03
2026-09-06T20:50:20.945,154,0,1,50,0,0,0,0,0,0,0x03
2026-09-06T20:50:21.010,157,0,2,52,0,0,0,0,0,0,0x03
2026-09-06T20:50:21.010,156,0,1,53,0,0,0,0,0,0,0x03
2026-09-06T20:50:21.076,159,0,2,51,0,0,0,0,0,0,0x03
2026-09-06T20:50:21.076,158,0,1,50,0,0,0,0,0,0,0x03
2026-09-06T20:50:21.141,161,0,2,50,0,0,0,0,0,0,0x03
2026-09-06T20:50:21.141,160,0,1,50,0,0,0,0,0,0,0x03
2026-09-06T20:50:21.207,163,0,2,50,0,0,0,0,0,0,0x03
2026-09-06T20:50:21.207,162,0,1,52,0,0,0,0,0,0,0x03
2026-09-06T20:50:21.289,165,0,2,50,0,0,0,0,0,0,0x03
2026-09-06T20:50:21.289,164,0,1,51,0,0,0,0,0,0,0x03
2026-09-06T20:50:21.353,167,0,2,50,0,0,0,0,0,0,0x03
2026-09-06T20:50:21.353,166,0,1,51,0,0,0,0,0,0,0x03
2026-09-06T20:50:21.418,169,0,2,54,0,0,0,0,0,0,0x03
2026-09-06T20:50:21.418,168,0,1,51,0,0,0,0,0,0,0x03
2026-09-06T20:50:21.483,171,0,2,52,0,0,0,0,0,0,0x03
2026-09-06T20:50:21.483,170,0,1,52,0,0,0,0,0,0,0x03
2026-09-06T20:50:21.548,173,0,2,51,0,0,0,0,0,0,0x03
2026-09-06T20:50:21.548,172,0,1,51,0,0,0,0,0,0,0x03
2026-09-06T20:50:21.613,175,0,2,51,0,0,0,0,0,0,0x03
2026-09-06T20:50:21.613,174,0,1,50,0,0,0,0,0,0,0x03
2026-09-06T20:50:21.678,177,0,2,51,0,0,0,0,0,0,0x03
2026-09-06T20:50:21.678,176,0,1,52,0,0,0,0,0,0,0x03
2026-09-06T20:50:21.744,179,0,2,50,0,0,0,0,0,0,0x03
2026-09-06T20:50:21.744,178,0,1,51,0,0,0,0,0,0,0x03
2026-09-06T20:50:21.825,181,0,2,52,0,0,0,0,0,0,0x03
2026-09-06T20:50:21.825,180,0,1,51,0,0,0,0,0,0,0x03
2026-09-06T20:50:21.874,183,0,2,51,0,0,0,0,0,0,0x03
2026-09-06T20:50:21.874,182,0,1,52,0,0,0,0,0,0,0x03
2026-09-06T20:50:21.956,185,0,2,50,0,0,0,0,0,0,0x03
2026-09-06T20:50:21.956,184,0,1,50,0,0,0,0,0,0,0x03
2026-09-06T20:50:22.020,187,0,2,55,0,0,0,0,0,0,0x03
2026-09-06T20:50:22.020,186,0,1,52,0,0,0,0,0,0,0x03
2026-09-06T20:50:22.084,189,0,2,51,0,0,0,0,0,0,0x03
2026-09-06T20:50:22.084,188,0,1,50,0,0,0,0,0,0,0x03
2026-09-06T20:50:22.150,191,0,2,51,0,0,0,0,0,0,0x03
2026-09-06T20:50:22.150,190,0,1,51,0,0,0,0,0,0,0x03
2026-09-06T20:50:22.942,193,0,2,50,0,0,0,0,0,0,0x03
2026-09-06T20:50:22.942,192,0,1,50,0,0,0,0,0,0,0x03
2026-09-06T20:50:25.436,195,0,2,52,0,0,0,0,0,0,0x03
2026-09-06T20:50:25.436,194,0,1,52,0,0,0,0,0,0,0x03
2026-09-06T20:50:25.501,197,0,2,51,0,0,0,0,0,0,0x03
2026-09-06T20:50:25.501,196,0,1,51,0,0,0,0,0,0,0x03
2026-09-06T20:50:25.566,199,0,2,53,0,0,0,0,0,0,0x03
2026-09-06T20:50:25.566,198,0,1,51,0,0,0,0,0,0,0x03
2026-09-06T20:50:25.632,201,0,2,51,0,0,0,0,0,0,0x03
2026-09-06T20:50:25.632,200,0,1,51,0,0,0,0,0,0,0x03
2026-09-06T20:50:25.892,203,0,2,51,0,0,28952,0,0,30745,0x07
2026-09-06T20:50:25.892,202,0,1,52,0,0,0,0,0,0,0x03
2026-09-06T20:50:25.906,205,0,2,51,3374,157,40000,3458,255,40000,0x07
2026-09-06T20:50:25.906,204,0,1,51,0,0,0,0,0,0,0x03
2026-09-06T20:50:25.974,207,0,2,50,3374,1160,38362,3022,2720,28399,0x07
2026-09-06T20:50:25.974,206,0,1,52,0,0,0,0,0,0,0x03
2026-09-06T20:50:26.039,209,0,2,50,0,0,28698,0,0,26640,0x07
2026-09-06T20:50:26.039,208,0,1,50,0,0,0,0,0,0,0x03
2026-09-06T20:50:26.169,211,0,2,50,0,0,0,0,0,0,0x03
2026-09-06T20:50:26.169,210,0,1,51,0,0,0,0,0,0,0x03
2026-09-06T20:50:26.234,213,0,2,51,0,0,20823,0,0,31093,0x07
2026-09-06T20:50:26.234,212,0,1,51,0,0,0,0,0,0,0x03
2026-09-06T20:50:26.299,215,0,2,55,1806,2236,14779,3043,2200,30873,0x07
2026-09-06T20:50:26.299,214,0,1,52,0,0,0,0,0,0,0x03
2026-09-06T20:50:26.365,217,0,2,51,1806,1647,17283,3043,1765,32723,0x07
2026-09-06T20:50:26.365,216,0,1,50,0,0,0,0,0,0,0x03
2026-09-06T20:50:26.430,219,0,2,51,0,0,4815,2398,2078,23293,0x07
2026-09-06T20:50:26.430,218,0,1,50,0,0,0,0,0,0,0x03
2026-09-06T20:50:26.511,221,0,2,55,-200,-164,4108,1958,1927,18408,0x07
2026-09-06T20:50:26.511,220,0,1,50,0,0,0,0,0,0,0x03
2026-09-06T20:50:26.576,223,0,2,50,-200,-140,4208,1958,1840,18779,0x07
2026-09-06T20:50:26.576,222,0,1,51,0,0,0,0,0,0,0x03
2026-09-06T20:50:26.642,225,0,2,51,-161,-20,4246,1917,1647,19084,0x07
2026-09-06T20:50:26.642,224,0,1,52,0,0,0,0,0,0,0x03
2026-09-06T20:50:26.706,227,0,2,50,0,0,3820,1804,1560,18030,0x07
2026-09-06T20:50:26.707,226,0,1,54,0,0,0,0,0,0,0x03
2026-09-06T20:50:26.771,229,0,2,50,183,40,4429,1560,1380,15736,0x07
2026-09-06T20:50:26.771,228,0,1,50,0,0,0,0,0,0,0x03
2026-09-06T20:50:26.836,231,0,2,50,1600,0,21783,2417,1280,26927,0x07
2026-09-06T20:50:26.836,230,0,1,51,0,0,0,0,0,0,0x03
2026-09-06T20:50:26.900,233,0,2,56,3374,768,40000,3275,1732,35780,0x07
2026-09-06T20:50:26.901,232,0,1,50,0,0,0,0,0,0,0x03
2026-09-06T20:50:26.966,235,0,2,50,3374,1540,36746,3275,1660,36087,0x07
2026-09-06T20:50:26.966,234,0,1,50,0,0,0,0,0,0,0x03
2026-09-06T20:50:27.031,237,0,2,51,3374,1725,35958,2650,2039,26623,0x07
2026-09-06T20:50:27.031,236,0,1,50,0,0,0,0,0,0,0x03
2026-09-06T20:50:27.112,239,0,2,51,2788,2039,27523,1520,1922,12933,0x07
2026-09-06T20:50:27.112,238,0,1,51,0,0,0,0,0,0,0x03
2026-09-06T20:50:27.177,241,0,2,56,1676,2143,13597,78,1107,0,0x07
2026-09-06T20:50:27.177,240,0,1,50,0,0,0,0,0,0,0x03
2026-09-06T20:50:27.242,243,0,2,50,1676,1920,14544,78,240,1963,0x07
2026-09-06T20:50:27.242,242,0,1,51,0,0,0,0,0,0,0x03
2026-09-06T20:50:27.307,245,0,2,51,1717,1745,15778,346,373,4772,0x07
2026-09-06T20:50:27.307,244,0,1,51,0,0,0,0,0,0,0x03
2026-09-06T20:50:27.373,247,0,2,50,1896,1960,17033,638,660,7212,0x07
2026-09-06T20:50:27.373,246,0,1,52,0,0,0,0,0,0,0x03
2026-09-06T20:50:27.437,249,0,2,51,2349,1941,22609,1465,647,17655,0x07
2026-09-06T20:50:27.437,248,0,1,50,0,0,0,0,0,0,0x03
2026-09-06T20:50:27.502,251,0,2,50,1968,1540,19702,448,1080,3041,0x07
2026-09-06T20:50:27.502,250,0,1,52,0,0,0,0,0,0,0x03
2026-09-06T20:50:27.567,253,0,2,54,3047,1667,32240,2838,1111,32928,0x07
2026-09-06T20:50:27.567,252,0,1,51,0,0,0,0,0,0,0x03
2026-09-06T20:50:27.649,255,0,2,50,3047,1700,32099,2838,2060,28896,0x07
2026-09-06T20:50:27.649,254,0,1,51,0,0,0,0,0,0,0x03
2026-09-06T20:50:27.714,257,0,2,51,3287,1980,33820,3440,2078,36383,0x07
2026-09-06T20:50:27.714,256,0,1,50,0,0,0,0,0,0,0x03
2026-09-06T20:50:27.779,259,0,2,50,3161,2200,31361,3500,2100,37043,0x07
2026-09-06T20:50:27.779,258,0,1,50,0,0,0,0,0,0,0x03
2026-09-06T20:50:27.844,261,0,2,50,2571,2320,23699,3500,2540,35173,0x07
2026-09-06T20:50:27.844,260,0,1,50,0,0,0,0,0,0,0x03
2026-09-06T20:50:27.909,263,0,2,51,0,0,3276,2792,2745,25409,0x07
2026-09-06T20:50:27.909,262,0,1,52,0,0,0,0,0,0,0x03
2026-09-06T20:50:27.974,265,0,2,50,-351,-640,3912,2114,1760,21080,0x07
2026-09-06T20:50:27.974,264,0,1,54,0,0,0,0,0,0,0x03
2026-09-06T20:50:28.040,267,0,2,51,-351,-255,5549,0,0,23572,0x07
2026-09-06T20:50:28.040,266,0,1,50,0,0,0,0,0,0,0x03
2026-09-06T20:50:28.105,269,0,2,52,-1436,-154,19134,-2595,-404,32884,0x07
2026-09-06T20:50:28.105,268,0,1,50,0,0,0,0,0,0,0x03
2026-09-06T20:50:28.170,271,0,2,51,-2397,-725,28364,-3029,-1235,34797,0x07
2026-09-06T20:50:28.170,270,0,1,51,0,0,0,0,0,0,0x03
2026-09-06T20:50:28.252,273,0,2,57,-2112,-1053,23517,-3120,-1211,36045,0x07
2026-09-06T20:50:28.252,272,0,1,55,0,0,0,0,0,0,0x03
2026-09-06T20:50:28.316,275,0,2,51,-2112,-745,24824,-3120,-1863,33273,0x07
2026-09-06T20:50:28.316,274,0,1,52,0,0,0,0,0,0,0x03
2026-09-06T20:50:28.381,277,0,2,50,-1531,-1180,15926,-2785,-1640,30022,0x07
2026-09-06T20:50:28.381,276,0,1,50,0,0,0,0,0,0,0x03
2026-09-06T20:50:28.446,279,0,2,50,0,0,2468,-2175,-1420,23294,0x07
2026-09-06T20:50:28.446,278,0,1,51,0,0,0,0,0,0,0x03
2026-09-06T20:50:28.511,281,0,2,51,11,118,2017,-1762,-1588,17387,0x07
2026-09-06T20:50:28.511,280,0,1,52,0,0,0,0,0,0,0x03
2026-09-06T20:50:28.577,283,0,2,51,72,275,2086,-1825,-1431,18845,0x07
2026-09-06T20:50:28.577,282,0,1,51,0,0,0,0,0,0,0x03
2026-09-06T20:50:28.642,285,0,2,53,121,170,3125,-1876,-1302,20032,0x07
2026-09-06T20:50:28.642,284,0,1,51,0,0,0,0,0,0,0x03
2026-09-06T20:50:28.708,287,0,2,50,0,0,2718,-1876,-1320,19956,0x07
2026-09-06T20:50:28.708,286,0,1,51,0,0,0,0,0,0,0x03
2026-09-06T20:50:28.789,289,0,2,50,-43,0,2902,-1705,-1300,17900,0x07
2026-09-06T20:50:28.789,288,0,1,50,0,0,0,0,0,0,0x03
2026-09-06T20:50:28.838,291,0,2,50,-345,0,6567,-1646,-1400,16728,0x07
2026-09-06T20:50:28.838,290,0,1,51,0,0,0,0,0,0,0x03
2026-09-06T20:50:28.919,293,0,2,52,-1566,-1288,15886,-2459,-1615,26024,0x07
2026-09-06T20:50:28.919,292,0,1,51,0,0,0,0,0,0,0x03
2026-09-06T20:50:28.985,295,0,2,51,-2870,-824,33680,-3184,-1569,35332,0x07
2026-09-06T20:50:28.985,294,0,1,50,0,0,0,0,0,0,0x03
2026-09-06T20:50:29.049,297,0,2,50,-3374,-1580,36576,-3319,-1680,36551,0x07
2026-09-06T20:50:29.049,296,0,1,50,0,0,0,0,0,0,0x03
2026-09-06T20:50:29.114,299,0,2,51,-3374,-1608,36458,-2811,-1941,29067,0x07
2026-09-06T20:50:29.114,298,0,1,51,0,0,0,0,0,0,0x03
2026-09-06T20:50:29.179,301,0,2,51,-2836,-2098,27846,0,0,2644,0x07
2026-09-06T20:50:29.179,300,0,1,50,0,0,0,0,0,0,0x03
2026-09-06T20:50:29.244,303,0,2,52,-1761,-2212,14332,77,404,1253,0x07
2026-09-06T20:50:29.244,302,0,1,52,0,0,0,0,0,0,0x03
2026-09-06T20:50:29.326,305,0,2,50,0,0,17403,254,100,4777,0x07
2026-09-06T20:50:29.326,304,0,1,55,0,0,0,0,0,0,0x03
2026-09-06T20:50:29.374,307,0,2,51,1908,510,23344,583,0,9336,0x07
2026-09-06T20:50:29.374,306,0,1,51,0,0,0,0,0,0,0x03
2026-09-06T20:50:29.455,309,0,2,50,2169,260,27580,1103,260,14755,0x07
2026-09-06T20:50:29.455,308,0,1,50,0,0,0,0,0,0,0x03
2026-09-06T20:50:29.521,311,0,2,51,2240,137,28958,1095,1020,11425,0x07
2026-09-06T20:50:29.521,310,0,1,52,0,0,0,0,0,0,0x03
2026-09-06T20:50:29.585,313,0,2,50,2010,700,23776,624,360,8312,0x07
2026-09-06T20:50:29.585,312,0,1,50,0,0,0,0,0,0,0x03
2026-09-06T20:50:29.650,315,0,2,50,1655,980,18282,33,400,725,0x07
2026-09-06T20:50:29.650,314,0,1,52,0,0,0,0,0,0,0x03
2026-09-06T20:50:29.715,317,0,2,50,1685,1300,17290,2,80,1688,0x07
2026-09-06T20:50:29.715,316,0,1,55,0,0,0,0,0,0,0x03
2026-09-06T20:50:29.781,319,0,2,51,1616,1216,16809,74,98,2514,0x07
2026-09-06T20:50:29.781,318,0,1,50,0,0,0,0,0,0,0x03
2026-09-06T20:50:29.861,321,0,2,51,1607,1255,16536,240,59,4773,0x07
2026-09-06T20:50:29.861,320,0,1,50,0,0,0,0,0,0,0x03
2026-09-06T20:50:29.910,323,0,2,53,2796,1340,30590,2368,472,29751,0x07
2026-09-06T20:50:29.910,322,0,1,50,0,0,0,0,0,0,0x03
2026-09-06T20:50:29.991,325,0,2,51,2796,1471,30033,2368,1176,26756,0x07
2026-09-06T20:50:29.991,324,0,1,50,0,0,0,0,0,0,0x03
2026-09-06T20:50:30.056,327,0,2,50,3217,1640,34416,3193,1840,34288,0x07
2026-09-06T20:50:30.057,326,0,1,50,0,0,0,0,0,0,0x03
2026-09-06T20:50:30.121,329,0,2,51,3250,1902,33707,3500,1902,37885,0x07
2026-09-06T20:50:30.121,328,0,1,50,0,0,0,0,0,0,0x03
2026-09-06T20:50:30.187,331,0,2,51,2874,2098,28308,3500,2569,35051,0x07
2026-09-06T20:50:30.187,330,0,1,51,0,0,0,0,0,0,0x03
2026-09-06T20:50:30.251,333,0,2,51,2127,2333,18250,3272,2608,32019,0x07
2026-09-06T20:50:30.251,332,0,1,50,0,0,0,0,0,0,0x03
2026-09-06T20:50:30.316,335,0,2,50,-88,-80,3101,1841,2140,16036,0x07
2026-09-06T20:50:30.316,334,0,1,51,0,0,0,0,0,0,0x03
2026-09-06T20:50:30.381,337,0,2,51,-88,-745,274,1841,1843,17298,0x07
2026-09-06T20:50:30.381,336,0,1,51,0,0,0,0,0,0,0x03
2026-09-06T20:50:30.446,339,0,2,50,-321,-400,4568,0,0,22339,0x07
2026-09-06T20:50:30.446,338,0,1,58,0,0,0,0,0,0,0x03
2026-09-06T20:50:30.527,341,0,2,51,-1421,-549,17281,-2446,-353,31237,0x07
2026-09-06T20:50:30.527,340,0,1,52,0,0,0,0,0,0,0x03
2026-09-06T20:50:30.592,343,0,2,50,-2525,-420,31217,-3115,-2320,31273,0x07
2026-09-06T20:50:30.592,342,0,1,51,0,0,0,0,0,0,0x03
2026-09-06T20:50:30.658,345,0,2,50,-2654,-1040,30145,-3308,-1600,36760,0x07
2026-09-06T20:50:30.658,344,0,1,50,0,0,0,0,0,0,0x03
2026-09-06T20:50:30.722,347,0,2,57,-1561,-1070,16761,-2831,-1649,30554,0x07
2026-09-06T20:50:30.722,346,0,1,51,0,0,0,0,0,0,0x03
2026-09-06T20:50:30.787,349,0,2,51,-1561,-1039,16892,-2831,-1569,30896,0x07
2026-09-06T20:50:30.787,348,0,1,52,0,0,0,0,0,0,0x03
2026-09-06T20:50:30.852,351,0,2,50,-1067,-1300,9790,-2446,-1740,25336,0x07
2026-09-06T20:50:30.852,350,0,1,52,0,0,0,0,0,0,0x03
2026-09-06T20:50:30.917,353,0,2,50,-692,-1180,5758,-2149,-1860,21090,0x07
2026-09-06T20:50:30.917,352,0,1,50,0,0,0,0,0,0,0x03
2026-09-06T20:50:30.982,355,0,2,56,-546,-589,6489,-1965,-1768,19178,0x07
2026-09-06T20:50:30.982,354,0,1,51,0,0,0,0,0,0,0x03
2026-09-06T20:50:31.063,357,0,2,51,-546,-941,4994,-1965,-1804,19025,0x07
2026-09-06T20:50:31.063,356,0,1,54,0,0,0,0,0,0,0x03
2026-09-06T20:50:31.128,359,0,2,50,-707,-900,7120,-2055,-1700,20597,0x07
2026-09-06T20:50:31.128,358,0,1,51,0,0,0,0,0,0,0x03
2026-09-06T20:50:31.193,361,0,2,51,-645,-804,6780,-2046,-1588,20957,0x07
2026-09-06T20:50:31.193,360,0,1,50,0,0,0,0,0,0,0x03
2026-09-06T20:50:31.258,363,0,2,51,-1195,-1020,12537,-2335,-1843,23501,0x07
2026-09-06T20:50:31.258,362,0,1,51,0,0,0,0,0,0,0x03
2026-09-06T20:50:31.323,365,0,2,51,-1858,-1294,19413,-2748,-1824,28766,0x07
2026-09-06T20:50:31.323,364,0,1,50,0,0,0,0,0,0,0x03
2026-09-06T20:50:31.388,367,0,2,51,-3096,-1039,35504,-3387,-1902,36470,0x07
2026-09-06T20:50:31.388,366,0,1,52,0,0,0,0,0,0,0x03
2026-09-06T20:50:31.452,369,0,2,51,-3096,-1667,32838,-3387,-2137,35470,0x07
2026-09-06T20:50:31.452,368,0,1,52,0,0,0,0,0,0,0x03
2026-09-06T20:50:31.533,371,0,2,51,-3374,-1941,35042,-3324,-2255,34178,0x07
2026-09-06T20:50:31.533,370,0,1,50,0,0,0,0,0,0,0x03
2026-09-06T20:50:31.598,373,0,2,51,-3374,-2275,33625,-2872,-2412,27837,0x07
2026-09-06T20:50:31.598,372,0,1,50,0,0,0,0,0,0,0x03
2026-09-06T20:50:31.663,375,0,2,56,-2232,-2518,18746,-697,-2250,1197,0x07
2026-09-06T20:50:31.663,374,0,1,50,0,0,0,0,0,0,0x03
2026-09-06T20:50:31.728,377,0,2,50,0,0,11713,0,0,7086,0x07
2026-09-06T20:50:31.728,376,0,1,50,0,0,0,0,0,0,0x03
2026-09-06T20:50:31.793,379,0,2,52,1185,635,14053,611,250,8621,0x07
2026-09-06T20:50:31.793,378,0,1,52,0,0,0,0,0,0,0x03
2026-09-06T20:50:31.858,381,0,2,51,0,0,5877,0,0,14334,0x07
2026-09-06T20:50:31.858,380,0,1,54,0,0,0,0,0,0,0x03
2026-09-06T20:50:31.923,383,0,2,50,0,0,10762,-1483,-480,18598,0x07
2026-09-06T20:50:31.923,382,0,1,51,0,0,0,0,0,0,0x03
2026-09-06T20:50:31.988,385,0,2,51,1064,78,14953,0,0,15195,0x07
2026-09-06T20:50:31.988,384,0,1,51,0,0,0,0,0,0,0x03
2026-09-06T20:50:32.069,387,0,2,52,1730,173,22618,1856,1365,19517,0x07
2026-09-06T20:50:32.069,386,0,1,50,0,0,0,0,0,0,0x03
2026-09-06T20:50:32.134,389,0,2,51,1730,353,21854,1856,1078,20737,0x07
2026-09-06T20:50:32.134,388,0,1,54,0,0,0,0,0,0,0x03
2026-09-06T20:50:32.199,391,0,2,50,1956,600,23546,2150,460,27058,0x07
2026-09-06T20:50:32.199,390,0,1,51,0,0,0,0,0,0,0x03
2026-09-06T20:50:32.264,393,0,2,57,1781,1088,19353,2205,1053,25234,0x07
2026-09-06T20:50:32.264,392,0,1,50,0,0,0,0,0,0,0x03
2026-09-06T20:50:32.327,395,0,2,50,1781,1340,18281,2205,1160,24778,0x07
2026-09-06T20:50:32.328,394,0,1,50,0,0,0,0,0,0,0x03
2026-09-06T20:50:32.393,397,0,2,51,1260,1431,11568,2042,1275,22233,0x07
2026-09-06T20:50:32.393,396,0,1,52,0,0,0,0,0,0,0x03
2026-09-06T20:50:32.458,399,0,2,50,0,0,4838,1712,1280,18073,0x07
2026-09-06T20:50:32.458,398,0,1,52,0,0,0,0,0,0,0x03
2026-09-06T20:50:32.523,401,0,2,50,-312,-140,5571,1360,1440,12966,0x07
2026-09-06T20:50:32.523,400,0,1,51,0,0,0,0,0,0,0x03
2026-09-06T20:50:32.604,403,0,2,50,-941,-140,13198,0,0,14255,0x07
2026-09-06T20:50:32.604,402,0,1,50,0,0,0,0,0,0,0x03
2026-09-06T20:50:32.669,405,0,2,50,-505,-20,8417,-1474,-260,19414,0x07
2026-09-06T20:50:32.669,404,0,1,51,0,0,0,0,0,0,0x03
2026-09-06T20:50:32.734,407,0,2,52,-1453,-385,18365,-2333,-173,30577,0x07
2026-09-06T20:50:32.734,406,0,1,52,0,0,0,0,0,0,0x03
2026-09-06T20:50:32.799,409,0,2,52,-1453,-288,18774,-2333,-212,30414,0x07
2026-09-06T20:50:32.799,408,0,1,51,0,0,0,0,0,0,0x03
2026-09-06T20:50:32.865,411,0,2,51,0,0,14854,0,0,8747,0x07
2026-09-06T20:50:32.865,410,0,1,52,0,0,0,0,0,0,0x03
2026-09-06T20:50:32.929,413,0,2,50,1584,1020,17251,811,560,9814,0x07
2026-09-06T20:50:32.929,412,0,1,50,0,0,0,0,0,0,0x03
2026-09-06T20:50:32.994,415,0,2,50,1538,280,19833,429,660,4587,0x07
2026-09-06T20:50:32.994,414,0,1,50,0,0,0,0,0,0,0x03
2026-09-06T20:50:33.060,417,0,2,52,0,0,13558,455,96,7310,0x07
2026-09-06T20:50:33.060,416,0,1,52,0,0,0,0,0,0,0x03
2026-09-06T20:50:33.141,419,0,2,54,-401,-870,3543,1736,1111,19094,0x07
2026-09-06T20:50:33.141,418,0,1,50,0,0,0,0,0,0,0x03
2026-09-06T20:50:33.206,421,0,2,51,-401,-39,7075,0,0,14805,0x07
2026-09-06T20:50:33.206,420,0,1,52,0,0,0,0,0,0,0x03
2026-09-06T20:50:33.271,423,0,2,51,-76,0,3298,-1540,-412,19600,0x07
2026-09-06T20:50:33.272,422,0,1,51,0,0,0,0,0,0,0x03
2026-09-06T20:50:33.337,425,0,2,57,-350,-193,5800,-1741,-158,23203,0x07
2026-09-06T20:50:33.337,424,0,1,51,0,0,0,0,0,0,0x03
2026-09-06T20:50:33.402,427,0,2,50,0,0,3800,-1741,-420,22089,0x07
2026-09-06T20:50:33.402,426,0,1,50,0,0,0,0,0,0,0x03
2026-09-06T20:50:33.467,429,0,2,50,181,80,4227,-1505,-640,18190,0x07
2026-09-06T20:50:33.467,428,0,1,51,0,0,0,0,0,0,0x03
2026-09-06T20:50:33.533,431,0,2,51,264,118,5081,-1616,-804,18888,0x07
2026-09-06T20:50:33.533,430,0,1,51,0,0,0,0,0,0,0x03
2026-09-06T20:50:33.597,433,0,2,50,239,60,5019,-1594,-1060,17518,0x07
2026-09-06T20:50:33.597,432,0,1,54,0,0,0,0,0,0,0x03
2026-09-06T20:50:33.662,435,0,2,51,0,0,2640,-1501,-1157,15941,0x07
2026-09-06T20:50:33.662,434,0,1,51,0,0,0,0,0,0,0x03
2026-09-06T20:50:33.727,437,0,2,50,-33,-40,2612,-1399,-1060,15078,0x07
2026-09-06T20:50:33.727,436,0,1,51,0,0,0,0,0,0,0x03
2026-09-06T20:50:33.809,439,0,2,55,-1528,-400,19207,-2084,-1236,22927,0x07
2026-09-06T20:50:33.809,438,0,1,51,0,0,0,0,0,0,0x03
2026-09-06T20:50:33.874,441,0,2,50,-1528,-440,19037,-2084,-1440,22062,0x07
2026-09-06T20:50:33.874,440,0,1,54,0,0,0,0,0,0,0x03
2026-09-06T20:50:33.939,443,0,2,52,-1857,-596,22363,-2061,-1288,22415,0x07
2026-09-06T20:50:33.939,442,0,1,52,0,0,0,0,0,0,0x03
2026-09-06T20:50:34.004,445,0,2,57,-1818,-1228,19207,-1140,-1404,10364,0x07
2026-09-06T20:50:34.004,444,0,1,51,0,0,0,0,0,0,0x03
2026-09-06T20:50:34.070,447,0,2,51,-1818,-1373,18593,-1140,-1176,11329,0x07
2026-09-06T20:50:34.070,446,0,1,51,0,0,0,0,0,0,0x03
2026-09-06T20:50:34.134,449,0,2,50,0,0,11087,-256,-1020,891,0x07
2026-09-06T20:50:34.134,448,0,1,52,0,0,0,0,0,0,0x03
2026-09-06T20:50:34.199,451,0,2,52,1106,250,14724,-2858,-404,36186,0x07
2026-09-06T20:50:34.199,450,0,1,51,0,0,0,0,0,0,0x03
2026-09-06T20:50:34.264,453,0,2,52,163,173,3622,0,0,16530,0x07
2026-09-06T20:50:34.264,452,0,1,53,0,0,0,0,0,0,0x03
2026-09-06T20:50:34.344,455,0,2,51,244,59,5081,1748,471,21957,0x07
2026-09-06T20:50:34.345,454,0,1,51,0,0,0,0,0,0,0x03
2026-09-06T20:50:34.409,457,0,2,51,1054,0,15155,2193,863,25886,0x07
2026-09-06T20:50:34.409,456,0,1,51,0,0,0,0,0,0,0x03
2026-09-06T20:50:34.474,459,0,2,50,1222,60,16942,2404,180,31440,0x07
2026-09-06T20:50:34.474,458,0,1,51,0,0,0,0,0,0,0x03
2026-09-06T20:50:34.540,461,0,2,52,820,500,10194,2230,769,26750,0x07
2026-09-06T20:50:34.540,460,0,1,51,0,0,0,0,0,0,0x03
2026-09-06T20:50:34.605,463,0,2,50,373,600,4353,1925,1000,21932,0x07
2026-09-06T20:50:34.605,462,0,1,50,0,0,0,0,0,0,0x03
2026-09-06T20:50:34.670,465,0,2,55,85,182,2631,1662,1127,18093,0x07
2026-09-06T20:50:34.670,464,0,1,50,0,0,0,0,0,0,0x03
2026-09-06T20:50:34.736,467,0,2,50,85,80,3064,1662,1120,18124,0x07
2026-09-06T20:50:34.736,466,0,1,52,0,0,0,0,0,0,0x03
2026-09-06T20:50:34.801,469,0,2,50,192,440,2831,1678,1260,17727,0x07
2026-09-06T20:50:34.801,468,0,1,51,0,0,0,0,0,0,0x03
2026-09-06T20:50:34.881,471,0,2,50,397,300,5922,1822,1380,19029,0x07
2026-09-06T20:50:34.881,470,0,1,50,0,0,0,0,0,0,0x03
2026-09-06T20:50:34.946,473,0,2,50,919,780,10208,2143,1400,22970,0x07
2026-09-06T20:50:34.946,472,0,1,50,0,0,0,0,0,0,0x03
2026-09-06T20:50:35.011,475,0,2,50,1629,800,18736,2591,1440,28435,0x07
2026-09-06T20:50:35.011,474,0,1,50,0,0,0,0,0,0,0x03
2026-09-06T20:50:35.076,477,0,2,56,2901,929,33614,3292,1750,35923,0x07
2026-09-06T20:50:35.076,476,0,1,51,0,0,0,0,0,0,0x03
2026-09-06T20:50:35.140,479,0,2,51,2901,1275,32144,3292,2059,34611,0x07
2026-09-06T20:50:35.140,478,0,1,50,0,0,0,0,0,0,0x03
2026-09-06T20:50:35.205,481,0,2,51,3142,1627,33557,2952,2157,29918,0x07
2026-09-06T20:50:35.205,480,0,1,50,0,0,0,0,0,0,0x03
2026-09-06T20:50:35.270,483,0,2,50,2747,2100,26762,2190,2200,20163,0x07
2026-09-06T20:50:35.270,482,0,1,50,0,0,0,0,0,0,0x03
2026-09-06T20:50:35.335,485,0,2,57,1496,2175,11270,-175,-70,3912,0x07
2026-09-06T20:50:35.335,484,0,1,55,0,0,0,0,0,0,0x03
2026-09-06T20:50:35.368,487,0,2,51,1496,1843,12682,-175,-333,2794,0x07
2026-09-06T20:50:35.368,486,0,1,51,0,0,0,0,0,0,0x03
