timestamp,sequence,team,robot_id,interval_ms,left_target_eps,left_measured_eps,left_duty,right_target_eps,right_measured_eps,right_duty,flags
2026-09-06T14:37:30.718-03:00,502,0,0,52,0,0,0,0,0,0,0x03
2026-09-06T14:37:30.739-03:00,503,0,0,51,0,0,0,0,0,0,0x03
2026-09-06T14:37:30.759-03:00,504,0,0,51,0,0,0,0,0,0,0x03
2026-09-06T14:37:30.777-03:00,505,0,0,51,0,0,0,0,0,0,0x03
2026-09-06T14:37:30.794-03:00,505,0,0,51,0,0,0,0,0,0,0x03
2026-09-06T14:37:30.817-03:00,505,0,0,50,0,0,0,0,0,0,0x03
2026-09-06T14:37:30.835-03:00,505,0,0,50,0,0,0,0,0,0,0x03
2026-09-06T14:37:30.855-03:00,505,0,0,50,0,0,0,0,0,0,0x03
2026-09-06T14:37:30.875-03:00,505,0,0,50,0,0,0,0,0,0,0x03
2026-09-06T14:37:30.899-03:00,505,0,0,50,0,0,0,0,0,0,0x03
2026-09-06T14:37:30.917-03:00,505,0,0,52,0,0,0,0,0,0,0x03
2026-09-06T14:37:30.935-03:00,8,0,0,52,0,0,30102,0,0,28548,0x07
2026-09-06T14:37:30.959-03:00,9,0,0,53,3374,0,40000,3500,0,40000,0x07
2026-09-06T14:37:30.977-03:00,10,0,0,53,3374,0,40000,3500,0,40000,0x07
2026-09-06T14:37:30.997-03:00,11,0,0,53,3374,0,40000,3500,0,40000,0x07
2026-09-06T14:37:31.017-03:00,12,0,0,52,3374,0,40000,3500,0,40000,0x07
2026-09-06T14:37:31.035-03:00,13,0,0,52,3374,0,40000,3500,0,40000,0x07
2026-09-06T14:37:31.056-03:00,14,0,0,52,3374,0,40000,3500,0,40000,0x07
2026-09-06T14:37:31.079-03:00,15,0,0,51,3374,0,40000,3500,0,40000,0x07
2026-09-06T14:37:31.097-03:00,16,0,0,51,3374,0,40000,3500,0,40000,0x07
2026-09-06T14:37:31.115-03:00,17,0,0,54,3374,0,40000,3500,0,40000,0x07
2026-09-06T14:37:31.139-03:00,18,0,0,54,3374,0,40000,3500,0,40000,0x07
2026-09-06T14:37:31.158-03:00,19,0,0,54,3374,0,40000,3500,0,40000,0x07
2026-09-06T14:37:31.176-03:00,20,0,0,50,3374,0,40000,3500,0,40000,0x07
2026-09-06T14:37:31.199-03:00,21,0,0,50,3374,0,40000,3500,0,40000,0x07
2026-09-06T14:37:31.218-03:00,22,0,0,52,3374,0,40000,3500,0,40000,0x07
2026-09-06T14:37:31.236-03:00,23,0,0,52,3374,0,40000,3500,0,40000,0x07
2026-09-06T14:37:31.256-03:00,24,0,0,52,3374,0,40000,3500,0,40000,0x07
2026-09-06T14:37:31.279-03:00,25,0,0,51,3374,0,40000,3500,0,40000,0x07
2026-09-06T14:37:31.297-03:00,26,0,0,51,3374,0,40000,3500,0,40000,0x07
2026-09-06T14:37:31.315-03:00,27,0,0,51,3374,0,40000,3500,0,40000,0x07
2026-09-06T14:37:31.338-03:00,28,0,0,52,3374,0,40000,3500,0,40000,0x07
2026-09-06T14:37:31.357-03:00,29,0,0,52,3374,0,40000,3500,0,40000,0x07
2026-09-06T14:37:31.375-03:00,30,0,0,55,3374,0,40000,3500,0,40000,0x07
2026-09-06T14:37:31.395-03:00,31,0,0,55,3374,0,40000,3500,0,40000,0x07
2026-09-06T14:37:31.415-03:00,32,0,0,55,3374,0,40000,3500,0,40000,0x07
2026-09-06T14:37:31.439-03:00,33,0,0,51,3374,0,40000,3500,0,40000,0x07
2026-09-06T14:37:31.459-03:00,34,0,0,51,3374,0,40000,3500,0,40000,0x07
2026-09-06T14:37:31.477-03:00,35,0,0,51,3374,0,40000,3500,0,40000,0x07
2026-09-06T14:37:31.495-03:00,36,0,0,54,3374,0,40000,3500,0,40000,0x07
2026-09-06T14:37:31.518-03:00,37,0,0,54,3374,0,40000,3500,0,40000,0x07
2026-09-06T14:37:31.536-03:00,38,0,0,56,3374,0,40000,3500,0,40000,0x07
2026-09-06T14:37:31.555-03:00,39,0,0,56,3374,0,40000,3500,0,40000,0x07
2026-09-06T14:37:31.578-03:00,40,0,0,56,3374,0,40000,3500,0,40000,0x07
2026-09-06T14:37:31.598-03:00,41,0,0,51,3374,0,40000,3500,0,40000,0x07
2026-09-06T14:37:31.616-03:00,42,0,0,51,3374,0,40000,3500,0,40000,0x07
2026-09-06T14:37:31.634-03:00,43,0,0,51,3374,0,40000,3500,0,40000,0x07
2026-09-06T14:37:31.676-03:00,44,0,0,51,3374,0,40000,3500,0,40000,0x07
2026-09-06T14:37:31.694-03:00,45,0,0,51,3374,0,40000,3500,0,40000,0x07
2026-09-06T14:37:31.718-03:00,46,0,0,50,3374,0,40000,3500,0,40000,0x07
2026-09-06T14:37:31.738-03:00,47,0,0,50,3374,0,40000,3500,0,40000,0x07
2026-09-06T14:37:31.758-03:00,48,0,0,52,3374,0,40000,3500,0,40000,0x07
2026-09-06T14:37:31.779-03:00,50,0,0,52,3374,0,40000,3500,0,40000,0x07
2026-09-06T14:37:31.797-03:00,51,0,0,50,3374,0,40000,3500,0,40000,0x07
2026-09-06T14:37:31.815-03:00,52,0,0,50,3374,0,40000,3500,0,40000,0x07
2026-09-06T14:37:31.837-03:00,53,0,0,50,3374,0,40000,3500,0,40000,0x07
2026-09-06T14:37:31.856-03:00,54,0,0,52,3374,0,40000,3500,0,40000,0x07
2026-09-06T14:37:31.899-03:00,55,0,0,52,3374,0,40000,3500,0,40000,0x07
2026-09-06T14:37:31.899-03:00,56,0,0,54,3374,0,40000,3500,0,40000,0x07
2026-09-06T14:37:31.938-03:00,57,0,0,54,3374,0,40000,3500,0,40000,0x07
2026-09-06T14:37:31.938-03:00,58,0,0,54,3374,0,40000,3500,0,40000,0x07
2026-09-06T14:37:31.957-03:00,59,0,0,51,3374,0,40000,3500,0,40000,0x07
2026-09-06T14:37:31.975-03:00,60,0,0,51,3374,0,40000,3500,0,40000,0x07
2026-09-06T14:37:31.995-03:00,61,0,0,51,3374,0,40000,3500,0,40000,0x07
2026-09-06T14:37:32.019-03:00,62,0,0,51,3374,0,40000,3500,0,40000,0x07
2026-09-06T14:37:32.037-03:00,63,0,0,51,3374,0,40000,3500,0,40000,0x07
2026-09-06T14:37:32.055-03:00,64,0,0,51,3374,0,40000,3500,0,40000,0x07
2026-09-06T14:37:32.078-03:00,65,0,0,51,3374,0,40000,3500,0,40000,0x07
2026-09-06T14:37:32.096-03:00,66,0,0,51,3374,0,40000,3500,0,40000,0x07
2026-09-06T14:37:32.117-03:00,67,0,0,52,3374,0,40000,3500,0,40000,0x07
2026-09-06T14:37:32.135-03:00,68,0,0,52,3374,0,40000,3500,0,40000,0x07
2026-09-06T14:37:32.158-03:00,69,0,0,54,3374,0,40000,3500,0,40000,0x07
2026-09-06T14:37:32.175-03:00,70,0,0,54,3374,0,40000,3500,0,40000,0x07
2026-09-06T14:37:32.195-03:00,71,0,0,54,3374,0,40000,3500,0,40000,0x07
2026-09-06T14:37:32.219-03:00,72,0,0,50,3374,0,40000,3500,0,40000,0x07
2026-09-06T14:37:32.237-03:00,73,0,0,50,3374,0,40000,3500,0,40000,0x07
2026-09-06T14:37:32.255-03:00,74,0,0,50,3374,0,40000,3500,0,40000,0x07
2026-09-06T14:37:32.275-03:00,75,0,0,50,3374,0,40000,3500,0,40000,0x07
2026-09-06T14:37:32.298-03:00,76,0,0,50,3374,0,40000,3500,0,40000,0x07
2026-09-06T14:37:32.316-03:00,77,0,0,51,3374,0,40000,3500,0,40000,0x07
2026-09-06T14:37:32.334-03:00,78,0,0,51,3374,0,40000,3500,0,40000,0x07
2026-09-06T14:37:32.357-03:00,79,0,0,52,3374,0,40000,3500,0,40000,0x07
2026-09-06T14:37:32.375-03:00,80,0,0,52,3374,0,40000,3500,0,40000,0x07
2026-09-06T14:37:32.399-03:00,81,0,0,52,3374,0,40000,3500,0,40000,0x07
2026-09-06T14:37:32.419-03:00,82,0,0,52,3374,0,40000,3500,0,40000,0x07
2026-09-06T14:37:32.438-03:00,83,0,0,52,3374,0,40000,3500,0,40000,0x07
2026-09-06T14:37:32.456-03:00,84,0,0,52,3374,0,40000,3500,0,40000,0x07
2026-09-06T14:37:32.479-03:00,85,0,0,53,3374,0,40000,3500,0,40000,0x07
2026-09-06T14:37:32.498-03:00,86,0,0,53,3374,0,40000,3500,0,40000,0x07
2026-09-06T14:37:32.516-03:00,87,0,0,53,3374,0,40000,3500,0,40000,0x07
2026-09-06T14:37:32.534-03:00,88,0,0,53,3374,0,40000,3500,0,40000,0x07
2026-09-06T14:37:32.558-03:00,89,0,0,53,3374,0,40000,3500,0,40000,0x07
2026-09-06T14:37:32.578-03:00,90,0,0,50,3374,0,40000,3500,0,40000,0x07
2026-09-06T14:37:32.596-03:00,91,0,0,50,3374,0,40000,3500,0,40000,0x07
2026-09-06T14:37:32.615-03:00,92,0,0,52,3374,0,40000,3500,0,40000,0x07
2026-09-06T14:37:32.635-03:00,93,0,0,52,3374,0,40000,3500,0,40000,0x07
2026-09-06T14:37:32.659-03:00,94,0,0,52,3374,0,40000,3500,0,40000,0x07
2026-09-06T14:37:32.678-03:00,95,0,0,50,3374,0,40000,3500,0,40000,0x07
2026-09-06T14:37:32.699-03:00,96,0,0,50,3374,0,40000,3500,0,40000,0x07
2026-09-06T14:37:32.716-03:00,97,0,0,51,3374,0,40000,3500,0,40000,0x07
2026-09-06T14:37:32.734-03:00,98,0,0,51,3374,0,40000,3500,0,40000,0x07
2026-09-06T14:37:32.758-03:00,99,0,0,51,3374,0,40000,3500,0,40000,0x07
2026-09-06T14:37:32.776-03:00,100,0,0,50,3374,0,40000,3500,0,40000,0x07
2026-09-06T14:37:32.794-03:00,101,0,0,50,3374,0,40000,3500,0,40000,0x07
2026-09-06T14:37:32.818-03:00,102,0,0,50,3374,0,40000,3500,0,40000,0x07
2026-09-06T14:37:32.836-03:00,103,0,0,53,3374,0,40000,3500,0,40000,0x07
2026-09-06T14:37:32.856-03:00,104,0,0,53,3374,0,40000,3500,0,40000,0x07
2026-09-06T14:37:32.879-03:00,105,0,0,56,3374,0,40000,3500,0,40000,0x07
2026-09-06T14:37:32.894-03:00,106,0,0,56,3374,0,40000,3500,0,40000,0x07
2026-09-06T14:37:32.919-03:00,107,0,0,56,3374,0,40000,3500,0,40000,0x07
2026-09-06T14:37:32.937-03:00,108,0,0,52,3374,0,40000,3500,0,40000,0x07
2026-09-06T14:37:32.955-03:00,109,0,0,52,3374,0,40000,3500,0,40000,0x07
2026-09-06T14:37:32.975-03:00,110,0,0,52,3374,0,40000,3500,0,40000,0x07
2026-09-06T14:37:32.996-03:00,111,0,0,54,3374,0,40000,3500,0,40000,0x07
2026-09-06T14:37:33.019-03:00,112,0,0,54,3374,0,40000,3500,0,40000,0x07
2026-09-06T14:37:33.037-03:00,113,0,0,51,3374,0,40000,3500,0,40000,0x07
2026-09-06T14:37:33.055-03:00,114,0,0,51,3374,0,40000,3500,0,40000,0x07
2026-09-06T14:37:33.079-03:00,115,0,0,51,3374,0,40000,3500,0,40000,0x07
2026-09-06T14:37:33.097-03:00,116,0,0,51,3374,0,40000,3500,0,40000,0x07
2026-09-06T14:37:33.115-03:00,117,0,0,51,3374,0,40000,3500,0,40000,0x07
2026-09-06T14:37:33.135-03:00,118,0,0,52,3374,0,40000,3500,0,40000,0x07
2026-09-06T14:37:33.159-03:00,119,0,0,52,3374,0,40000,3500,0,40000,0x07
2026-09-06T14:37:33.179-03:00,120,0,0,52,3374,0,40000,3500,0,40000,0x07
2026-09-06T14:37:33.194-03:00,121,0,0,56,3374,0,40000,3500,0,40000,0x07
2026-09-06T14:37:33.218-03:00,122,0,0,56,3374,0,40000,3500,0,40000,0x07
2026-09-06T14:37:33.236-03:00,123,0,0,56,3374,0,40000,3500,0,40000,0x07
2026-09-06T14:37:33.259-03:00,124,0,0,51,3374,0,40000,3500,0,40000,0x07
2026-09-06T14:37:33.278-03:00,125,0,0,51,3374,0,40000,3500,0,40000,0x07
2026-09-06T14:37:33.296-03:00,126,0,0,50,3374,0,40000,3500,0,40000,0x07
2026-09-06T14:37:33.319-03:00,127,0,0,50,3374,0,40000,3500,0,40000,0x07
2026-09-06T14:37:33.337-03:00,128,0,0,50,3374,0,40000,3500,0,40000,0x07
2026-09-06T14:37:33.357-03:00,129,0,0,51,3374,0,40000,3500,0,40000,0x07
2026-09-06T14:37:33.377-03:00,130,0,0,51,3374,0,40000,3500,0,40000,0x07
2026-09-06T14:37:33.395-03:00,131,0,0,50,3374,0,40000,3500,0,40000,0x07
2026-09-06T14:37:33.419-03:00,132,0,0,50,3374,0,40000,3500,0,40000,0x07
2026-09-06T14:37:33.437-03:00,133,0,0,50,3374,0,40000,3500,0,40000,0x07
2026-09-06T14:37:33.455-03:00,134,0,0,51,3374,0,40000,3500,0,40000,0x07
2026-09-06T14:37:33.478-03:00,135,0,0,51,3374,0,40000,3500,0,40000,0x07
2026-09-06T14:37:33.496-03:00,136,0,0,50,3374,0,40000,3500,0,40000,0x07
2026-09-06T14:37:33.517-03:00,137,0,0,50,3374,0,40000,3500,0,40000,0x07
2026-09-06T14:37:33.535-03:00,138,0,0,50,3374,0,40000,3500,0,40000,0x07
2026-09-06T14:37:33.559-03:00,139,0,0,51,3374,0,40000,3500,0,40000,0x07
2026-09-06T14:37:33.574-03:00,140,0,0,51,3374,0,40000,3500,0,40000,0x07
2026-09-06T14:37:33.598-03:00,141,0,0,51,3374,0,40000,3500,0,40000,0x07
2026-09-06T14:37:33.617-03:00,142,0,0,51,3374,0,40000,3500,0,40000,0x07
2026-09-06T14:37:33.635-03:00,143,0,0,51,3374,0,40000,3500,0,40000,0x07
2026-09-06T14:37:33.659-03:00,144,0,0,50,3374,0,40000,3500,0,40000,0x07
2026-09-06T14:37:33.676-03:00,145,0,0,50,3374,0,40000,3500,0,40000,0x07
2026-09-06T14:37:33.697-03:00,146,0,0,50,3374,0,40000,3500,0,40000,0x07
2026-09-06T14:37:33.715-03:00,147,0,0,51,3374,0,40000,3500,0,40000,0x07
2026-09-06T14:37:33.739-03:00,148,0,0,51,3374,0,40000,3500,0,40000,0x07
2026-09-06T14:37:33.757-03:00,149,0,0,50,3374,0,40000,3500,0,40000,0x07
2026-09-06T14:37:33.775-03:00,150,0,0,50,3374,0,40000,3500,0,40000,0x07
2026-09-06T14:37:33.799-03:00,151,0,0,50,3374,0,40000,3500,0,40000,0x07
2026-09-06T14:37:33.817-03:00,152,0,0,50,3374,0,40000,3500,0,40000,0x07
2026-09-06T14:37:33.836-03:00,153,0,0,50,3374,0,40000,3500,0,40000,0x07
2026-09-06T14:37:33.855-03:00,154,0,0,51,3374,0,40000,3500,0,40000,0x07
2026-09-06T14:37:33.875-03:00,155,0,0,51,3374,0,40000,3500,0,40000,0x07
2026-09-06T14:37:33.899-03:00,156,0,0,51,3374,0,40000,3500,0,40000,0x07
2026-09-06T14:37:33.917-03:00,157,0,0,50,3374,0,40000,3500,0,40000,0x07
2026-09-06T14:37:33.935-03:00,158,0,0,50,3374,0,40000,3500,0,40000,0x07
2026-09-06T14:37:33.959-03:00,159,0,0,50,3374,0,40000,3500,0,40000,0x07
2026-09-06T14:37:33.977-03:00,160,0,0,50,3374,0,40000,3500,0,40000,0x07
2026-09-06T14:37:33.995-03:00,161,0,0,50,3374,0,40000,3500,0,40000,0x07
2026-09-06T14:37:34.019-03:00,162,0,0,52,3374,0,40000,3500,0,40000,0x07
2026-09-06T14:37:34.037-03:00,163,0,0,52,3374,0,40000,3500,0,40000,0x07
2026-09-06T14:37:34.057-03:00,164,0,0,52,3374,0,40000,3500,0,40000,0x07
2026-09-06T14:37:34.075-03:00,165,0,0,52,3374,0,40000,3500,0,40000,0x07
2026-09-06T14:37:34.095-03:00,166,0,0,52,3374,0,40000,3500,0,40000,0x07
2026-09-06T14:37:34.115-03:00,167,0,0,50,3374,0,40000,3500,0,40000,0x07
2026-09-06T14:37:34.139-03:00,168,0,0,50,3374,0,40000,3500,0,40000,0x07
2026-09-06T14:37:34.157-03:00,169,0,0,51,3374,0,40000,3500,0,40000,0x07
2026-09-06T14:37:34.199-03:00,170,0,0,51,3374,0,40000,3500,0,40000,0x07
2026-09-06T14:37:34.217-03:00,171,0,0,51,3374,0,40000,3500,0,40000,0x07
2026-09-06T14:37:34.235-03:00,172,0,0,51,3374,0,40000,3500,0,40000,0x07
2026-09-06T14:37:34.255-03:00,173,0,0,51,3374,0,40000,3500,0,40000,0x07
2026-09-06T14:37:34.275-03:00,174,0,0,51,3374,0,40000,3500,0,40000,0x07
2026-09-06T14:37:34.296-03:00,176,0,0,51,3374,0,40000,3500,0,40000,0x07
2026-09-06T14:37:34.316-03:00,177,0,0,51,3374,0,40000,3500,0,40000,0x07
2026-09-06T14:37:34.339-03:00,178,0,0,51,3374,0,40000,3500,0,40000,0x07
2026-09-06T14:37:34.357-03:00,179,0,0,51,3374,0,40000,3500,0,40000,0x07
2026-09-06T14:37:34.377-03:00,180,0,0,52,3374,0,40000,3500,0,40000,0x07
2026-09-06T14:37:34.397-03:00,181,0,0,52,3374,0,40000,3500,0,40000,0x07
2026-09-06T14:37:34.415-03:00,182,0,0,56,3374,0,40000,3500,0,40000,0x07
2026-09-06T14:37:34.435-03:00,183,0,0,56,3374,0,40000,3500,0,40000,0x07
2026-09-06T14:37:34.455-03:00,184,0,0,56,3374,0,40000,3500,0,40000,0x07
2026-09-06T14:37:34.478-03:00,185,0,0,50,3374,0,40000,3500,0,40000,0x07
2026-09-06T14:37:34.499-03:00,186,0,0,50,3374,0,40000,3500,0,40000,0x07
2026-09-06T14:37:34.517-03:00,187,0,0,50,3374,0,40000,3500,0,40000,0x07
2026-09-06T14:37:34.535-03:00,188,0,0,51,3374,0,40000,3500,0,40000,0x07
2026-09-06T14:37:34.559-03:00,189,0,0,51,3374,0,40000,3500,0,40000,0x07
2026-09-06T14:37:34.577-03:00,190,0,0,52,3374,0,40000,3500,0,40000,0x07
2026-09-06T14:37:34.594-03:00,191,0,0,52,3374,0,40000,3500,0,40000,0x07
2026-09-06T14:37:34.618-03:00,192,0,0,52,3374,0,40000,3500,0,40000,0x07
2026-09-06T14:37:34.636-03:00,193,0,0,52,3374,0,40000,3500,0,40000,0x07
2026-09-06T14:37:34.654-03:00,194,0,0,52,3374,0,40000,3500,0,40000,0x07
2026-09-06T14:37:34.677-03:00,195,0,0,54,3374,0,40000,3500,0,40000,0x07
2026-09-06T14:37:34.698-03:00,196,0,0,54,3374,0,40000,3500,0,40000,0x07
2026-09-06T14:37:34.715-03:00,197,0,0,54,3374,0,40000,3500,0,40000,0x07
2026-09-06T14:37:34.739-03:00,198,0,0,51,3374,0,40000,3500,0,40000,0x07
2026-09-06T14:37:34.759-03:00,199,0,0,51,3374,0,40000,3500,0,40000,0x07
2026-09-06T14:37:34.777-03:00,200,0,0,51,3374,0,40000,3500,0,40000,0x07
2026-09-06T14:37:34.795-03:00,201,0,0,51,3374,0,40000,3500,0,40000,0x07
2026-09-06T14:37:34.818-03:00,202,0,0,51,3374,0,40000,3500,0,40000,0x07
2026-09-06T14:37:34.836-03:00,203,0,0,51,3374,0,40000,3500,0,40000,0x07
2026-09-06T14:37:34.856-03:00,204,0,0,51,3374,0,40000,3500,0,40000,0x07
2026-09-06T14:37:34.876-03:00,205,0,0,51,3374,0,40000,3500,0,40000,0x07
2026-09-06T14:37:34.899-03:00,206,0,0,54,3374,0,40000,3500,0,40000,0x07
2026-09-06T14:37:34.917-03:00,207,0,0,54,3374,0,40000,3500,0,40000,0x07
2026-09-06T14:37:34.937-03:00,208,0,0,53,3374,0,40000,3500,0,40000,0x07
2026-09-06T14:37:34.956-03:00,209,0,0,53,3374,0,40000,3500,0,40000,0x07
2026-09-06T14:37:34.979-03:00,210,0,0,53,3374,0,40000,3500,0,40000,0x07
2026-09-06T14:37:34.997-03:00,211,0,0,51,3374,0,40000,3500,0,40000,0x07
2026-09-06T14:37:35.015-03:00,212,0,0,51,3374,0,40000,3500,0,40000,0x07
2026-09-06T14:37:35.038-03:00,213,0,0,52,3374,0,40000,3500,0,40000,0x07
2026-09-06T14:37:35.056-03:00,214,0,0,52,3374,0,40000,3500,0,40000,0x07
2026-09-06T14:37:35.074-03:00,215,0,0,52,3374,0,40000,3500,0,40000,0x07
2026-09-06T14:37:35.098-03:00,216,0,0,51,3374,0,40000,3500,0,40000,0x07
2026-09-06T14:37:35.115-03:00,217,0,0,51,3374,0,40000,3500,0,40000,0x07
2026-09-06T14:37:35.138-03:00,218,0,0,51,3374,0,40000,3500,0,40000,0x07
2026-09-06T14:37:35.156-03:00,219,0,0,52,3374,0,40000,3500,0,40000,0x07
2026-09-06T14:37:35.174-03:00,220,0,0,52,3374,0,40000,3500,0,40000,0x07
2026-09-06T14:37:35.198-03:00,221,0,0,56,3374,0,40000,3500,0,40000,0x07
2026-09-06T14:37:35.216-03:00,222,0,0,56,3374,0,40000,3500,0,40000,0x07
2026-09-06T14:37:35.235-03:00,223,0,0,56,3374,0,40000,3500,0,40000,0x07
2026-09-06T14:37:35.258-03:00,224,0,0,50,3374,0,40000,3500,0,40000,0x07
2026-09-06T14:37:35.276-03:00,225,0,0,50,3374,0,40000,3500,0,40000,0x07
2026-09-06T14:37:35.294-03:00,226,0,0,50,3374,0,40000,3500,0,40000,0x07
2026-09-06T14:37:35.318-03:00,227,0,0,51,3374,0,40000,3500,0,40000,0x07
2026-09-06T14:37:35.336-03:00,228,0,0,51,3374,0,40000,3500,0,40000,0x07
2026-09-06T14:37:35.359-03:00,229,0,0,55,3374,0,40000,3500,0,40000,0x07
2026-09-06T14:37:35.377-03:00,230,0,0,55,3374,0,40000,3500,0,40000,0x07
2026-09-06T14:37:35.395-03:00,231,0,0,55,3374,0,40000,3500,0,40000,0x07
2026-09-06T14:37:35.419-03:00,232,0,0,51,3374,0,40000,3500,0,40000,0x07
2026-09-06T14:37:35.437-03:00,233,0,0,51,3374,0,40000,3500,0,40000,0x07
2026-09-06T14:37:35.455-03:00,234,0,0,51,3374,0,40000,3500,0,40000,0x07
2026-09-06T14:37:35.478-03:00,235,0,0,54,3374,0,40000,3500,0,40000,0x07
2026-09-06T14:37:35.497-03:00,236,0,0,54,3374,0,40000,3500,0,40000,0x07
2026-09-06T14:37:35.515-03:00,237,0,0,56,3374,0,40000,3500,0,40000,0x07
2026-09-06T14:37:35.539-03:00,238,0,0,56,3374,0,40000,3500,0,40000,0x07
2026-09-06T14:37:35.557-03:00,239,0,0,56,3374,0,40000,3500,0,40000,0x07
2026-09-06T14:37:35.578-03:00,240,0,0,50,3374,0,40000,3500,0,40000,0x07
2026-09-06T14:37:35.596-03:00,241,0,0,50,3374,0,40000,3500,0,40000,0x07
2026-09-06T14:37:35.616-03:00,242,0,0,52,3374,0,40000,3500,0,40000,0x07
2026-09-06T14:37:35.639-03:00,243,0,0,52,3374,0,40000,3500,0,40000,0x07
2026-09-06T14:37:35.657-03:00,244,0,0,52,3374,0,40000,3500,0,40000,0x07
2026-09-06T14:37:35.678-03:00,245,0,0,52,3374,0,40000,3500,0,40000,0x07
2026-09-06T14:37:35.698-03:00,246,0,0,52,3374,0,40000,3500,0,40000,0x07
2026-09-06T14:37:35.716-03:00,247,0,0,52,3374,0,40000,3500,0,40000,0x07
2026-09-06T14:37:35.758-03:00,248,0,0,52,3374,0,40000,3500,0,40000,0x07
2026-09-06T14:37:35.758-03:00,249,0,0,52,3374,0,40000,3500,0,40000,0x07
2026-09-06T14:37:35.777-03:00,250,0,0,54,3374,0,40000,3500,0,40000,0x07
2026-09-06T14:37:35.795-03:00,251,0,0,54,3374,0,40000,3500,0,40000,0x07
2026-09-06T14:37:35.818-03:00,252,0,0,54,3374,0,40000,3500,0,40000,0x07
2026-09-06T14:37:35.836-03:00,253,0,0,51,3374,0,40000,3500,0,40000,0x07
2026-09-06T14:37:35.859-03:00,254,0,0,51,3374,0,40000,3500,0,40000,0x07
2026-09-06T14:37:35.874-03:00,255,0,0,52,3374,0,40000,3500,0,40000,0x07
2026-09-06T14:37:35.898-03:00,256,0,0,52,3374,0,40000,3500,0,40000,0x07
2026-09-06T14:37:35.916-03:00,257,0,0,52,3374,0,40000,3500,0,40000,0x07
2026-09-06T14:37:35.936-03:00,258,0,0,50,3374,0,40000,3500,0,40000,0x07
2026-09-06T14:37:35.955-03:00,259,0,0,50,3374,0,40000,3500,0,40000,0x07
2026-09-06T14:37:35.978-03:00,260,0,0,50,3374,0,40000,3500,0,40000,0x07
2026-09-06T14:37:35.996-03:00,261,0,0,53,3374,0,40000,3500,0,40000,0x07
2026-09-06T14:37:36.015-03:00,262,0,0,53,3374,0,40000,3500,0,40000,0x07
2026-09-06T14:37:36.039-03:00,263,0,0,51,3374,0,40000,3500,0,40000,0x07
2026-09-06T14:37:36.059-03:00,264,0,0,51,3374,0,40000,3500,0,40000,0x07
2026-09-06T14:37:36.077-03:00,265,0,0,51,3374,0,40000,3500,0,40000,0x07
2026-09-06T14:37:36.095-03:00,266,0,0,50,3374,0,40000,3500,0,40000,0x07
2026-09-06T14:37:36.118-03:00,267,0,0,50,3374,0,40000,3500,0,40000,0x07
2026-09-06T14:37:36.137-03:00,268,0,0,55,3374,0,40000,3500,0,40000,0x07
2026-09-06T14:37:36.155-03:00,269,0,0,55,3374,0,40000,3500,0,40000,0x07
2026-09-06T14:37:36.178-03:00,270,0,0,55,3374,0,40000,3500,0,40000,0x07
2026-09-06T14:37:36.197-03:00,271,0,0,52,3374,0,40000,3500,0,40000,0x07
2026-09-06T14:37:36.215-03:00,272,0,0,52,3374,0,40000,3500,0,40000,0x07
2026-09-06T14:37:36.235-03:00,273,0,0,52,3374,0,40000,3500,0,40000,0x07
2026-09-06T14:37:36.256-03:00,274,0,0,54,3374,0,40000,3500,0,40000,0x07
2026-09-06T14:37:36.279-03:00,275,0,0,54,3374,0,40000,3500,0,40000,0x07
2026-09-06T14:37:36.297-03:00,276,0,0,53,3374,0,40000,3500,0,40000,0x07
2026-09-06T14:37:36.317-03:00,277,0,0,53,3374,0,40000,3500,0,40000,0x07
2026-09-06T14:37:36.336-03:00,278,0,0,50,3374,0,40000,3500,0,40000,0x07
2026-09-06T14:37:36.359-03:00,279,0,0,50,3374,0,40000,3500,0,40000,0x07
2026-09-06T14:37:36.377-03:00,280,0,0,50,3374,0,40000,3500,0,40000,0x07
2026-09-06T14:37:36.397-03:00,281,0,0,50,3374,0,40000,3500,0,40000,0x07
2026-09-06T14:37:36.415-03:00,282,0,0,53,3374,0,40000,3500,0,40000,0x07
2026-09-06T14:37:36.438-03:00,283,0,0,53,3374,0,40000,3500,0,40000,0x07
2026-09-06T14:37:36.458-03:00,284,0,0,51,3374,0,40000,3500,0,40000,0x07
2026-09-06T14:37:36.476-03:00,285,0,0,51,3374,0,40000,3500,0,40000,0x07
2026-09-06T14:37:36.499-03:00,286,0,0,51,3374,0,40000,3500,0,40000,0x07
2026-09-06T14:37:36.517-03:00,287,0,0,51,3374,0,40000,3500,0,40000,0x07
2026-09-06T14:37:36.536-03:00,288,0,0,51,3374,0,40000,3500,0,40000,0x07
2026-09-06T14:37:36.558-03:00,289,0,0,50,3374,0,40000,3500,0,40000,0x07
2026-09-06T14:37:36.576-03:00,290,0,0,50,3374,0,40000,3500,0,40000,0x07
2026-09-06T14:37:36.599-03:00,291,0,0,50,3374,0,40000,3500,0,40000,0x07
2026-09-06T14:37:36.619-03:00,292,0,0,51,3374,0,40000,3500,0,40000,0x07
2026-09-06T14:37:36.637-03:00,293,0,0,51,3374,0,40000,3500,0,40000,0x07
2026-09-06T14:37:36.656-03:00,294,0,0,51,3374,0,40000,3500,0,40000,0x07
2026-09-06T14:37:36.674-03:00,295,0,0,51,3374,0,40000,3500,0,40000,0x07
2026-09-06T14:37:36.698-03:00,296,0,0,51,3374,0,40000,3500,0,40000,0x07
2026-09-06T14:37:36.718-03:00,297,0,0,50,3374,0,40000,3500,0,40000,0x07
2026-09-06T14:37:36.738-03:00,298,0,0,50,3374,0,40000,3500,0,40000,0x07
2026-09-06T14:37:36.757-03:00,299,0,0,54,3374,0,40000,3500,0,40000,0x07
2026-09-06T14:37:36.775-03:00,300,0,0,54,3374,0,40000,3500,0,40000,0x07
2026-09-06T14:37:36.798-03:00,301,0,0,54,3374,0,40000,3500,0,40000,0x07
2026-09-06T14:37:36.819-03:00,302,0,0,52,3374,0,40000,3500,0,40000,0x07
2026-09-06T14:37:36.839-03:00,303,0,0,52,3374,0,40000,3500,0,40000,0x07
2026-09-06T14:37:36.856-03:00,304,0,0,50,3374,0,40000,3500,0,40000,0x07
2026-09-06T14:37:36.879-03:00,305,0,0,50,3374,0,40000,3500,0,40000,0x07
2026-09-06T14:37:36.898-03:00,306,0,0,50,3374,0,40000,3500,0,40000,0x07
2026-09-06T14:37:36.916-03:00,307,0,0,56,3374,0,40000,3500,0,40000,0x07
2026-09-06T14:37:36.939-03:00,308,0,0,56,3374,0,40000,3500,0,40000,0x07
2026-09-06T14:37:36.954-03:00,309,0,0,56,3374,0,40000,3500,0,40000,0x07
2026-09-06T14:37:36.978-03:00,310,0,0,50,3374,0,40000,3500,0,40000,0x07
2026-09-06T14:37:36.996-03:00,311,0,0,50,3374,0,40000,3500,0,40000,0x07
2026-09-06T14:37:37.015-03:00,312,0,0,50,3374,0,40000,3500,0,40000,0x07
2026-09-06T14:37:37.038-03:00,313,0,0,53,3374,0,40000,3500,0,40000,0x07
2026-09-06T14:37:37.057-03:00,314,0,0,53,3374,0,40000,3500,0,40000,0x07
2026-09-06T14:37:37.075-03:00,315,0,0,55,3374,0,40000,3500,0,40000,0x07
2026-09-06T14:37:37.098-03:00,316,0,0,55,3374,0,40000,3500,0,40000,0x07
2026-09-06T14:37:37.115-03:00,317,0,0,55,3374,0,40000,3500,0,40000,0x07
2026-09-06T14:37:37.138-03:00,318,0,0,50,3374,0,40000,3500,0,40000,0x07
2026-09-06T14:37:37.155-03:00,319,0,0,50,3374,0,40000,3500,0,40000,0x07
2026-09-06T14:37:37.178-03:00,320,0,0,53,3374,0,40000,3500,0,40000,0x07
2026-09-06T14:37:37.196-03:00,321,0,0,53,3374,0,40000,3500,0,40000,0x07
2026-09-06T14:37:37.214-03:00,322,0,0,53,3374,0,40000,3500,0,40000,0x07
2026-09-06T14:37:37.238-03:00,323,0,0,50,3374,0,40000,3500,0,40000,0x07
2026-09-06T14:37:37.258-03:00,324,0,0,50,3374,0,40000,3500,0,40000,0x07
2026-09-06T14:37:37.276-03:00,325,0,0,50,3374,0,40000,3500,0,40000,0x07
2026-09-06T14:37:37.294-03:00,326,0,0,53,3374,0,40000,3500,0,40000,0x07
2026-09-06T14:37:37.317-03:00,327,0,0,53,3374,0,40000,3500,0,40000,0x07
2026-09-06T14:37:37.336-03:00,328,0,0,51,3374,0,40000,3500,0,40000,0x07
2026-09-06T14:37:37.359-03:00,329,0,0,51,3374,0,40000,3500,0,40000,0x07
2026-09-06T14:37:37.377-03:00,330,0,0,51,3374,0,40000,3500,0,40000,0x07
2026-09-06T14:37:37.396-03:00,331,0,0,50,3374,0,40000,3500,0,40000,0x07
2026-09-06T14:37:37.419-03:00,332,0,0,50,3374,0,40000,3500,0,40000,0x07
2026-09-06T14:37:37.439-03:00,333,0,0,51,3374,0,40000,3500,0,40000,0x07
2026-09-06T14:37:37.458-03:00,334,0,0,51,3374,0,40000,3500,0,40000,0x07
2026-09-06T14:37:37.478-03:00,335,0,0,51,3374,0,40000,3500,0,40000,0x07
2026-09-06T14:37:37.497-03:00,336,0,0,52,3374,0,40000,3500,0,40000,0x07
2026-09-06T14:37:37.514-03:00,337,0,0,52,3374,0,40000,3500,0,40000,0x07
2026-09-06T14:37:37.538-03:00,338,0,0,54,3374,0,40000,3500,0,40000,0x07
2026-09-06T14:37:37.556-03:00,339,0,0,54,3374,0,40000,3500,0,40000,0x07
2026-09-06T14:37:37.579-03:00,340,0,0,54,3374,0,40000,3500,0,40000,0x07
2026-09-06T14:37:37.598-03:00,341,0,0,51,3374,0,40000,3500,0,40000,0x07
2026-09-06T14:37:37.616-03:00,342,0,0,51,3374,0,40000,3500,0,40000,0x07
2026-09-06T14:37:37.638-03:00,343,0,0,50,3374,0,40000,3500,0,40000,0x07
2026-09-06T14:37:37.679-03:00,344,0,0,50,3374,0,40000,3500,0,40000,0x07
2026-09-06T14:37:37.679-03:00,345,0,0,50,3374,0,40000,3500,0,40000,0x07
2026-09-06T14:37:37.697-03:00,346,0,0,51,3374,0,40000,3500,0,40000,0x07
2026-09-06T14:37:37.715-03:00,347,0,0,51,3374,0,40000,3500,0,40000,0x07
2026-09-06T14:37:37.738-03:00,348,0,0,50,3374,0,40000,3500,0,40000,0x07
2026-09-06T14:37:37.756-03:00,349,0,0,50,3374,0,40000,3500,0,40000,0x07
2026-09-06T14:37:37.779-03:00,350,0,0,50,3374,0,40000,3500,0,40000,0x07
2026-09-06T14:37:37.797-03:00,351,0,0,51,3374,0,40000,3500,0,40000,0x07
2026-09-06T14:37:37.815-03:00,352,0,0,51,3374,0,40000,3500,0,40000,0x07
2026-09-06T14:37:37.838-03:00,353,0,0,51,3374,0,40000,3500,0,40000,0x07
2026-09-06T14:37:37.858-03:00,354,0,0,52,3374,0,40000,3500,0,40000,0x07
2026-09-06T14:37:37.875-03:00,355,0,0,52,3374,0,40000,3500,0,40000,0x07
2026-09-06T14:37:37.898-03:00,356,0,0,54,3374,0,40000,3500,0,40000,0x07
2026-09-06T14:37:37.918-03:00,357,0,0,54,3374,0,40000,3500,0,40000,0x07
2026-09-06T14:37:37.938-03:00,358,0,0,54,3374,0,40000,3500,0,40000,0x07
2026-09-06T14:37:37.955-03:00,359,0,0,51,3374,0,40000,3500,0,40000,0x07
2026-09-06T14:37:37.978-03:00,360,0,0,51,3374,0,40000,3500,0,40000,0x07
2026-09-06T14:37:37.996-03:00,361,0,0,50,3374,0,40000,3500,0,40000,0x07
2026-09-06T14:37:38.019-03:00,362,0,0,50,3374,0,40000,3500,0,40000,0x07
2026-09-06T14:37:38.037-03:00,363,0,0,50,3374,0,40000,3500,0,40000,0x07
2026-09-06T14:37:38.055-03:00,364,0,0,51,3374,0,40000,3500,0,40000,0x07
2026-09-06T14:37:38.078-03:00,365,0,0,51,3374,0,40000,3500,0,40000,0x07
2026-09-06T14:37:38.096-03:00,366,0,0,51,3374,0,40000,3500,0,40000,0x07
2026-09-06T14:37:38.119-03:00,367,0,0,54,3374,0,40000,3500,0,40000,0x07
2026-09-06T14:37:38.137-03:00,368,0,0,54,3374,0,40000,3500,0,40000,0x07
2026-09-06T14:37:38.155-03:00,369,0,0,54,3374,0,40000,3500,0,40000,0x07
2026-09-06T14:37:38.178-03:00,370,0,0,54,3374,0,40000,3500,0,40000,0x07
2026-09-06T14:37:38.197-03:00,371,0,0,54,3374,0,40000,3500,0,40000,0x07
2026-09-06T14:37:38.215-03:00,372,0,0,51,3374,0,40000,3500,0,40000,0x07
2026-09-06T14:37:38.235-03:00,373,0,0,51,3374,0,40000,3500,0,40000,0x07
2026-09-06T14:37:38.258-03:00,374,0,0,50,3374,0,40000,3500,0,40000,0x07
2026-09-06T14:37:38.276-03:00,375,0,0,50,3374,0,40000,3500,0,40000,0x07
2026-09-06T14:37:38.295-03:00,376,0,0,50,3374,0,40000,3500,0,40000,0x07
2026-09-06T14:37:38.318-03:00,377,0,0,51,3374,0,40000,3500,0,40000,0x07
2026-09-06T14:37:38.337-03:00,378,0,0,51,3374,0,40000,3500,0,40000,0x07
2026-09-06T14:37:38.355-03:00,379,0,0,51,3374,0,40000,3500,0,40000,0x07
2026-09-06T14:37:38.375-03:00,380,0,0,52,3374,0,40000,3500,0,40000,0x07
2026-09-06T14:37:38.398-03:00,381,0,0,52,3374,0,40000,3500,0,40000,0x07
2026-09-06T14:37:38.416-03:00,382,0,0,55,3374,0,40000,3500,0,40000,0x07
2026-09-06T14:37:38.439-03:00,383,0,0,55,3374,0,40000,3500,0,40000,0x07
2026-09-06T14:37:38.457-03:00,384,0,0,55,3374,0,40000,3500,0,40000,0x07
2026-09-06T14:37:38.475-03:00,385,0,0,50,3374,0,40000,3500,0,40000,0x07
2026-09-06T14:37:38.499-03:00,386,0,0,50,3374,0,40000,3500,0,40000,0x07
2026-09-06T14:37:38.517-03:00,387,0,0,52,3374,0,40000,3500,0,40000,0x07
2026-09-06T14:37:38.535-03:00,388,0,0,52,3374,0,40000,3500,0,40000,0x07
2026-09-06T14:37:38.559-03:00,389,0,0,52,3374,0,40000,3500,0,40000,0x07
2026-09-06T14:37:38.577-03:00,390,0,0,51,3374,0,40000,3500,0,40000,0x07
2026-09-06T14:37:38.595-03:00,391,0,0,51,3374,0,40000,3500,0,40000,0x07
2026-09-06T14:37:38.618-03:00,392,0,0,51,3374,0,40000,3500,0,40000,0x07
2026-09-06T14:37:38.636-03:00,393,0,0,51,3374,0,40000,3500,0,40000,0x07
2026-09-06T14:37:38.657-03:00,394,0,0,51,3374,0,40000,3500,0,40000,0x07
2026-09-06T14:37:38.675-03:00,395,0,0,52,3374,0,40000,3500,0,40000,0x07
2026-09-06T14:37:38.698-03:00,396,0,0,52,3374,0,40000,3500,0,40000,0x07
2026-09-06T14:37:38.716-03:00,397,0,0,52,3374,0,40000,3500,0,40000,0x07
2026-09-06T14:37:38.738-03:00,398,0,0,51,3374,0,40000,3500,0,40000,0x07
2026-09-06T14:37:38.757-03:00,399,0,0,51,3374,0,40000,3500,0,40000,0x07
2026-09-06T14:37:38.775-03:00,400,0,0,54,3374,0,40000,3500,0,40000,0x07
2026-09-06T14:37:38.798-03:00,401,0,0,54,3374,0,40000,3500,0,40000,0x07
2026-09-06T14:37:38.816-03:00,402,0,0,54,3374,0,40000,3500,0,40000,0x07
2026-09-06T14:37:38.836-03:00,403,0,0,51,3374,0,40000,3500,0,40000,0x07
2026-09-06T14:37:38.855-03:00,404,0,0,51,3374,0,40000,3500,0,40000,0x07
2026-09-06T14:37:38.875-03:00,405,0,0,50,3374,0,40000,3500,0,40000,0x07
2026-09-06T14:37:38.899-03:00,406,0,0,50,3374,0,40000,3500,0,40000,0x07
2026-09-06T14:37:38.917-03:00,407,0,0,50,3374,0,40000,3500,0,40000,0x07
2026-09-06T14:37:38.935-03:00,408,0,0,57,3374,0,40000,3500,0,40000,0x07
2026-09-06T14:37:38.955-03:00,409,0,0,57,3374,0,40000,3500,0,40000,0x07
2026-09-06T14:37:38.979-03:00,410,0,0,57,3374,0,40000,3500,0,40000,0x07
2026-09-06T14:37:38.996-03:00,411,0,0,51,3374,0,40000,3500,0,40000,0x07
2026-09-06T14:37:39.015-03:00,412,0,0,51,3374,0,40000,3500,0,40000,0x07
2026-09-06T14:37:39.038-03:00,413,0,0,52,3374,0,40000,3500,0,40000,0x07
2026-09-06T14:37:39.057-03:00,414,0,0,52,3374,0,40000,3500,0,40000,0x07
2026-09-06T14:37:39.075-03:00,415,0,0,52,3374,0,40000,3500,0,40000,0x07
2026-09-06T14:37:39.095-03:00,416,0,0,51,3374,0,40000,3500,0,40000,0x07
2026-09-06T14:37:39.118-03:00,417,0,0,51,3374,0,40000,3500,0,40000,0x07
2026-09-06T14:37:39.137-03:00,418,0,0,51,3374,0,40000,3500,0,40000,0x07
2026-09-06T14:37:39.155-03:00,419,0,0,50,3374,0,40000,3500,0,40000,0x07
2026-09-06T14:37:39.178-03:00,420,0,0,50,3374,0,40000,3500,0,40000,0x07
2026-09-06T14:37:39.195-03:00,421,0,0,50,3374,0,40000,3500,0,40000,0x07
2026-09-06T14:37:39.218-03:00,422,0,0,50,3374,0,40000,3500,0,40000,0x07
2026-09-06T14:37:39.237-03:00,423,0,0,50,3374,0,40000,3500,0,40000,0x07
2026-09-06T14:37:39.255-03:00,424,0,0,54,3374,0,40000,3500,0,40000,0x07
2026-09-06T14:37:39.278-03:00,425,0,0,54,3374,0,40000,3500,0,40000,0x07
2026-09-06T14:37:39.296-03:00,426,0,0,54,3374,0,40000,3500,0,40000,0x07
2026-09-06T14:37:39.319-03:00,427,0,0,54,3374,0,40000,3500,0,40000,0x07
2026-09-06T14:37:39.339-03:00,428,0,0,54,3374,0,40000,3500,0,40000,0x07
2026-09-06T14:37:39.357-03:00,429,0,0,51,3374,0,40000,3500,0,40000,0x07
2026-09-06T14:37:39.379-03:00,430,0,0,51,3374,0,40000,3500,0,40000,0x07
2026-09-06T14:37:39.397-03:00,431,0,0,53,3374,0,40000,3500,0,40000,0x07
2026-09-06T14:37:39.416-03:00,432,0,0,53,3374,0,40000,3500,0,40000,0x07
2026-09-06T14:37:39.436-03:00,433,0,0,53,3374,0,40000,3500,0,40000,0x07
2026-09-06T14:37:39.456-03:00,434,0,0,50,3374,0,40000,3500,0,40000,0x07
2026-09-06T14:37:39.475-03:00,435,0,0,50,3374,0,40000,3500,0,40000,0x07
2026-09-06T14:37:39.499-03:00,436,0,0,50,3374,0,40000,3500,0,40000,0x07
2026-09-06T14:37:39.517-03:00,437,0,0,50,3374,0,40000,3500,0,40000,0x07
2026-09-06T14:37:39.536-03:00,438,0,0,50,3374,0,40000,3500,0,40000,0x07
2026-09-06T14:37:39.559-03:00,439,0,0,50,3374,0,40000,3500,0,40000,0x07
2026-09-06T14:37:39.576-03:00,440,0,0,50,3374,0,40000,3500,0,40000,0x07
2026-09-06T14:37:39.595-03:00,441,0,0,50,3374,0,40000,3500,0,40000,0x07
2026-09-06T14:37:39.618-03:00,442,0,0,51,3374,0,40000,3500,0,40000,0x07
2026-09-06T14:37:39.637-03:00,443,0,0,51,3374,0,40000,3500,0,40000,0x07
2026-09-06T14:37:39.655-03:00,444,0,0,54,3374,0,40000,3500,0,40000,0x07
2026-09-06T14:37:39.679-03:00,445,0,0,54,3374,0,40000,3500,0,40000,0x07
2026-09-06T14:37:39.697-03:00,446,0,0,54,3374,0,40000,3500,0,40000,0x07
2026-09-06T14:37:39.715-03:00,447,0,0,50,3374,0,40000,3500,0,40000,0x07
2026-09-06T14:37:39.739-03:00,448,0,0,50,3374,0,40000,3500,0,40000,0x07
2026-09-06T14:37:39.758-03:00,449,0,0,52,3374,0,40000,3500,0,40000,0x07
2026-09-06T14:37:39.776-03:00,450,0,0,52,3374,0,40000,3500,0,40000,0x07
2026-09-06T14:37:39.799-03:00,451,0,0,52,3374,0,40000,3500,0,40000,0x07
2026-09-06T14:37:39.818-03:00,452,0,0,51,3374,0,40000,3500,0,40000,0x07
2026-09-06T14:37:39.836-03:00,453,0,0,51,3374,0,40000,3500,0,40000,0x07
2026-09-06T14:37:39.855-03:00,454,0,0,51,3374,0,40000,3500,0,40000,0x07
2026-09-06T14:37:39.878-03:00,455,0,0,51,3374,0,40000,3500,0,40000,0x07
2026-09-06T14:37:39.896-03:00,456,0,0,51,3374,0,40000,3500,0,40000,0x07
2026-09-06T14:37:39.915-03:00,457,0,0,55,3374,0,40000,3500,0,40000,0x07
2026-09-06T14:37:39.938-03:00,458,0,0,55,3374,0,40000,3500,0,40000,0x07
2026-09-06T14:37:39.956-03:00,459,0,0,55,3374,0,40000,3500,0,40000,0x07
2026-09-06T14:37:39.979-03:00,460,0,0,52,3374,0,40000,3500,0,40000,0x07
2026-09-06T14:37:39.997-03:00,461,0,0,52,3374,0,40000,3500,0,40000,0x07
2026-09-06T14:37:40.017-03:00,462,0,0,50,3374,0,40000,3500,0,40000,0x07
2026-09-06T14:37:40.037-03:00,463,0,0,50,3374,0,40000,3500,0,40000,0x07
2026-09-06T14:37:40.055-03:00,464,0,0,50,3374,0,40000,3500,0,40000,0x07
2026-09-06T14:37:40.079-03:00,465,0,0,51,3374,0,40000,3500,0,40000,0x07
2026-09-06T14:37:40.097-03:00,466,0,0,51,3374,0,40000,3500,0,40000,0x07
2026-09-06T14:37:40.115-03:00,467,0,0,51,3374,0,40000,3500,0,40000,0x07
2026-09-06T14:37:40.138-03:00,468,0,0,51,3374,0,40000,3500,0,40000,0x07
2026-09-06T14:37:40.156-03:00,469,0,0,51,3374,0,40000,3500,0,40000,0x07
2026-09-06T14:37:40.179-03:00,470,0,0,55,3374,0,40000,3500,0,40000,0x07
2026-09-06T14:37:40.219-03:00,471,0,0,55,3374,0,40000,3500,0,40000,0x07
2026-09-06T14:37:40.239-03:00,472,0,0,55,3374,0,40000,3500,0,40000,0x07
2026-09-06T14:37:40.256-03:00,473,0,0,51,3374,0,40000,3500,0,40000,0x07
2026-09-06T14:37:40.279-03:00,474,0,0,55,3374,0,40000,3500,0,40000,0x07
2026-09-06T14:37:40.298-03:00,475,0,0,55,3374,0,40000,3500,0,40000,0x07
2026-09-06T14:37:40.316-03:00,477,0,0,55,3374,0,40000,3500,0,40000,0x07
2026-09-06T14:37:40.337-03:00,478,0,0,51,3374,0,40000,3500,0,40000,0x07
2026-09-06T14:37:40.355-03:00,479,0,0,51,3374,0,40000,3500,0,40000,0x07
2026-09-06T14:37:40.379-03:00,480,0,0,51,3374,0,40000,3500,0,40000,0x07
2026-09-06T14:37:40.396-03:00,481,0,0,51,3374,0,40000,3500,0,40000,0x07
2026-09-06T14:37:40.414-03:00,482,0,0,51,3374,0,40000,3500,0,40000,0x07
2026-09-06T14:37:40.438-03:00,483,0,0,51,3374,0,40000,3500,0,40000,0x07
2026-09-06T14:37:40.459-03:00,484,0,0,51,3374,0,40000,3500,0,40000,0x07
2026-09-06T14:37:40.479-03:00,485,0,0,51,3374,0,40000,3500,0,40000,0x07
2026-09-06T14:37:40.498-03:00,486,0,0,50,3374,0,40000,3500,0,40000,0x07
2026-09-06T14:37:40.538-03:00,487,0,0,50,3374,0,40000,3500,0,40000,0x07
2026-09-06T14:37:40.538-03:00,488,0,0,50,3374,0,40000,3500,0,40000,0x07
2026-09-06T14:37:40.559-03:00,489,0,0,50,3374,0,40000,3500,0,40000,0x07
2026-09-06T14:37:40.577-03:00,490,0,0,50,3374,0,40000,3500,0,40000,0x07
2026-09-06T14:37:40.595-03:00,491,0,0,52,3374,0,40000,3500,0,40000,0x07
2026-09-06T14:37:40.618-03:00,492,0,0,52,3374,0,40000,3500,0,40000,0x07
2026-09-06T14:37:40.636-03:00,493,0,0,52,3374,0,40000,3500,0,40000,0x07
2026-09-06T14:37:40.655-03:00,494,0,0,52,3374,0,40000,3500,0,40000,0x07
2026-09-06T14:37:40.679-03:00,495,0,0,52,3374,0,40000,3500,0,40000,0x07
2026-09-06T14:37:40.697-03:00,496,0,0,50,3374,0,40000,3500,0,40000,0x07
2026-09-06T14:37:40.741-03:00,497,0,0,50,3374,0,40000,3500,0,40000,0x07
2026-09-06T14:37:40.785-03:00,498,0,0,53,3374,0,40000,3500,0,40000,0x07
2026-09-06T14:37:40.830-03:00,499,0,0,53,3374,0,40000,3500,0,40000,0x07
2026-09-06T14:37:40.871-03:00,500,0,0,51,3374,0,40000,3500,0,40000,0x07
2026-09-06T14:37:40.915-03:00,501,0,0,55,0,0,0,0,0,0,0x03
