timestamp,sequence,team,robot_id,interval_ms,left_target_eps,left_measured_eps,left_duty,right_target_eps,right_measured_eps,right_duty,flags
2026-09-06T10:31:32.225-03:00,28,0,2,51,0,0,0,0,0,0,0x03
2026-09-06T10:31:32.269-03:00,29,0,2,50,0,0,0,0,0,0,0x03
2026-09-06T10:31:32.314-03:00,30,0,2,50,0,0,0,0,0,0,0x03
2026-09-06T10:31:32.358-03:00,1,0,2,50,0,0,0,0,0,0,0x03
2026-09-06T10:31:32.401-03:00,2,0,2,50,0,0,0,0,0,0,0x03
2026-09-06T10:31:32.446-03:00,3,0,2,50,0,0,0,0,0,0,0x03
2026-09-06T10:31:32.490-03:00,4,0,2,52,0,0,0,0,0,0,0x03
2026-09-06T10:31:32.534-03:00,5,0,2,51,0,0,0,0,0,0,0x03
2026-09-06T10:31:32.578-03:00,6,0,2,50,0,0,0,0,0,0,0x03
2026-09-06T10:31:32.622-03:00,7,0,2,50,0,0,0,0,0,0,0x03
2026-09-06T10:31:32.665-03:00,8,0,2,50,0,0,0,0,0,0,0x03
2026-09-06T10:31:32.699-03:00,9,0,2,50,0,0,0,0,0,0,0x03
2026-09-06T10:31:32.706-03:00,10,0,2,50,0,0,0,0,0,0,0x03
2026-09-06T10:31:32.729-03:00,11,0,2,52,2024,0,26383,2800,0,35107,0x07
2026-09-06T10:31:32.747-03:00,12,0,2,52,2024,0,26383,2800,0,35107,0x07
2026-09-06T10:31:32.772-03:00,13,0,2,52,2024,0,26383,2800,0,35107,0x07
2026-09-06T10:31:32.797-03:00,14,0,2,51,2024,1333,20716,2800,1843,27274,0x07
2026-09-06T10:31:32.811-03:00,15,0,2,51,2024,1333,20716,2800,1843,27274,0x07
2026-09-06T10:31:32.831-03:00,16,0,2,54,2024,2259,16781,2800,3204,21491,0x07
2026-09-06T10:31:32.851-03:00,17,0,2,54,2024,2259,16781,2800,3204,21491,0x07
2026-09-06T10:31:32.869-03:00,18,0,2,54,2024,2259,16781,2800,3204,21491,0x07
2026-09-06T10:31:32.907-03:00,19,0,2,50,2024,2240,16863,2800,3120,21847,0x07
2026-09-06T10:31:32.930-03:00,20,0,2,50,2024,2240,16863,2800,3120,21847,0x07
2026-09-06T10:31:32.952-03:00,21,0,2,50,2024,2240,16863,2800,3120,21847,0x07
2026-09-06T10:31:32.970-03:00,22,0,2,52,2024,2000,17883,2800,2692,23665,0x07
2026-09-06T10:31:32.988-03:00,23,0,2,52,2024,2000,17883,2800,2692,23665,0x07
2026-09-06T10:31:33.006-03:00,24,0,2,50,2024,2000,17883,2800,2680,23717,0x07
2026-09-06T10:31:33.031-03:00,25,0,2,50,2024,2000,17883,2800,2680,23717,0x07
2026-09-06T10:31:33.049-03:00,26,0,2,50,2024,2000,17883,2800,2680,23717,0x07
2026-09-06T10:31:33.067-03:00,27,0,2,50,2024,2020,17798,2800,2780,23292,0x07
2026-09-06T10:31:33.089-03:00,28,0,2,50,2024,2020,17798,2800,2780,23292,0x07
2026-09-06T10:31:33.107-03:00,29,0,2,55,2024,2036,17728,2800,2855,22975,0x07
2026-09-06T10:31:33.132-03:00,30,0,2,55,2024,2036,17728,2800,2855,22975,0x07
2026-09-06T10:31:33.150-03:00,31,0,2,55,2024,2036,17728,2800,2855,22975,0x07
2026-09-06T10:31:33.168-03:00,32,0,2,51,2024,2000,17883,2800,2745,23440,0x07
2026-09-06T10:31:33.188-03:00,33,0,2,51,2024,2000,17883,2800,2745,23440,0x07
2026-09-06T10:31:33.206-03:00,34,0,2,50,2024,2020,17798,2800,2780,23292,0x07
2026-09-06T10:31:33.229-03:00,35,0,2,50,2024,2020,17798,2800,2780,23292,0x07
2026-09-06T10:31:33.247-03:00,36,0,2,50,2024,2020,17798,2800,2780,23292,0x07
2026-09-06T10:31:33.270-03:00,37,0,2,50,2024,2040,17713,2800,2780,23292,0x07
2026-09-06T10:31:33.297-03:00,38,0,2,50,2024,2040,17713,2800,2780,23292,0x07
2026-09-06T10:31:33.310-03:00,39,0,2,52,2024,2000,17883,2800,2827,23093,0x07
2026-09-06T10:31:33.334-03:00,40,0,2,52,2024,2000,17883,2800,2827,23093,0x07
2026-09-06T10:31:33.347-03:00,41,0,2,52,2024,2000,17883,2800,2827,23093,0x07
2026-09-06T10:31:33.370-03:00,42,0,2,57,2024,2000,17883,2800,2772,23326,0x07
2026-09-06T10:31:33.388-03:00,43,0,2,57,2024,2000,17883,2800,2772,23326,0x07
2026-09-06T10:31:33.416-03:00,44,0,2,57,2024,2000,17883,2800,2772,23326,0x07
2026-09-06T10:31:33.429-03:00,45,0,2,51,2024,1980,17966,2800,2725,23524,0x07
2026-09-06T10:31:33.447-03:00,46,0,2,51,2024,1980,17966,2800,2725,23524,0x07
2026-09-06T10:31:33.471-03:00,47,0,2,50,2024,2000,17883,2800,2820,23122,0x07
2026-09-06T10:31:33.498-03:00,48,0,2,50,2024,2000,17883,2800,2820,23122,0x07
2026-09-06T10:31:33.513-03:00,49,0,2,50,2024,2000,17883,2800,2820,23122,0x07
2026-09-06T10:31:33.539-03:00,50,0,2,50,2024,2020,17798,2800,2800,23207,0x07
2026-09-06T10:31:33.552-03:00,51,0,2,50,2024,2020,17798,2800,2800,23207,0x07
2026-09-06T10:31:33.575-03:00,52,0,2,53,2699,2057,25668,2100,2792,14923,0x07
2026-09-06T10:31:33.593-03:00,53,0,2,53,2699,2057,25668,2100,2792,14923,0x07
2026-09-06T10:31:33.611-03:00,54,0,2,53,2699,2057,25668,2100,2792,14923,0x07
2026-09-06T10:31:33.634-03:00,55,0,2,51,2699,2373,24325,2100,2373,16708,0x07
2026-09-06T10:31:33.652-03:00,56,0,2,51,2699,2373,24325,2100,2373,16708,0x07
2026-09-06T10:31:33.676-03:00,57,0,2,62,2699,2790,22550,2100,1968,18428,0x07
2026-09-06T10:31:33.694-03:00,58,0,2,62,2699,2790,22550,2100,1968,18428,0x07
2026-09-06T10:31:33.712-03:00,59,0,2,62,2699,2790,22550,2100,1968,18428,0x07
2026-09-06T10:31:33.738-03:00,60,0,2,50,2699,2700,22934,2100,2020,18206,0x07
2026-09-06T10:31:33.758-03:00,61,0,2,50,2699,2700,22934,2100,2020,18206,0x07
2026-09-06T10:31:33.771-03:00,62,0,2,50,2699,2700,22934,2100,2020,18206,0x07
2026-09-06T10:31:33.793-03:00,63,0,2,50,2699,2780,22594,2100,2160,17611,0x07
2026-09-06T10:31:33.813-03:00,64,0,2,50,2699,2780,22594,2100,2160,17611,0x07
2026-09-06T10:31:33.837-03:00,65,0,2,50,2699,2780,22594,2100,2160,17611,0x07
2026-09-06T10:31:33.855-03:00,66,0,2,54,2699,2648,23154,2100,2093,17897,0x07
2026-09-06T10:31:33.873-03:00,67,0,2,54,2699,2648,23154,2100,2093,17897,0x07
2026-09-06T10:31:33.890-03:00,68,0,2,56,2699,2696,22949,2100,2000,18291,0x07
2026-09-06T10:31:33.913-03:00,69,0,2,56,2699,2696,22949,2100,2000,18291,0x07
2026-09-06T10:31:33.931-03:00,70,0,2,56,2699,2696,22949,2100,2000,18291,0x07
2026-09-06T10:31:33.954-03:00,71,0,2,51,2699,2667,23075,2100,2059,18041,0x07
2026-09-06T10:31:33.972-03:00,72,0,2,51,2699,2667,23075,2100,2059,18041,0x07
2026-09-06T10:31:33.995-03:00,73,0,2,51,2699,2667,23075,2100,2059,18041,0x07
2026-09-06T10:31:34.015-03:00,74,0,2,54,2699,2741,22760,2100,2130,17740,0x07
2026-09-06T10:31:34.036-03:00,75,0,2,54,2699,2741,22760,2100,2130,17740,0x07
2026-09-06T10:31:34.053-03:00,76,0,2,54,2699,2685,22997,2100,2167,17583,0x07
2026-09-06T10:31:34.072-03:00,77,0,2,54,2699,2685,22997,2100,2167,17583,0x07
2026-09-06T10:31:34.095-03:00,78,0,2,54,2699,2685,22997,2100,2167,17583,0x07
2026-09-06T10:31:34.113-03:00,79,0,2,57,2699,2684,23001,2100,2070,17993,0x07
2026-09-06T10:31:34.131-03:00,80,0,2,57,2699,2684,23001,2100,2070,17993,0x07
2026-09-06T10:31:34.154-03:00,81,0,2,57,2699,2684,23001,2100,2070,17993,0x07
2026-09-06T10:31:34.173-03:00,82,0,2,51,2699,2686,22992,2100,2000,18291,0x07
2026-09-06T10:31:34.193-03:00,83,0,2,51,2699,2686,22992,2100,2000,18291,0x07
2026-09-06T10:31:34.214-03:00,84,0,2,51,2699,2686,22992,2100,2000,18291,0x07
2026-09-06T10:31:34.233-03:00,85,0,2,55,2699,2727,22818,2100,2073,17982,0x07
2026-09-06T10:31:34.252-03:00,86,0,2,55,2699,2727,22818,2100,2073,17982,0x07
2026-09-06T10:31:34.275-03:00,87,0,2,54,2699,2685,22997,2100,2148,17661,0x07
2026-09-06T10:31:34.298-03:00,88,0,2,54,2699,2685,22997,2100,2148,17661,0x07
2026-09-06T10:31:34.316-03:00,89,0,2,54,2699,2685,22997,2100,2148,17661,0x07
2026-09-06T10:31:34.339-03:00,90,0,2,51,2699,2706,22909,2100,2098,17874,0x07
2026-09-06T10:31:34.357-03:00,91,0,2,51,2699,2706,22909,2100,2098,17874,0x07
2026-09-06T10:31:34.377-03:00,92,0,2,56,3374,2696,30974,1400,2089,9596,0x07
2026-09-06T10:31:34.397-03:00,93,0,2,56,3374,2696,30974,1400,2089,9596,0x07
2026-09-06T10:31:34.420-03:00,94,0,2,56,3374,2696,30974,1400,2089,9596,0x07
2026-09-06T10:31:34.438-03:00,95,0,2,56,3374,3107,29228,1400,1625,11569,0x07
2026-09-06T10:31:34.456-03:00,96,0,2,56,3374,3107,29228,1400,1625,11569,0x07
2026-09-06T10:31:34.479-03:00,97,0,2,56,3374,3107,29228,1400,1625,11569,0x07
2026-09-06T10:31:34.497-03:00,98,0,2,50,3374,3480,27644,1400,1240,13205,0x07
2026-09-06T10:31:34.519-03:00,99,0,2,50,3374,3480,27644,1400,1240,13205,0x07
2026-09-06T10:31:34.537-03:00,100,0,2,53,3374,3434,27837,1400,1340,12782,0x07
2026-09-06T10:31:34.555-03:00,101,0,2,53,3374,3434,27837,1400,1340,12782,0x07
2026-09-06T10:31:34.578-03:00,102,0,2,53,3374,3434,27837,1400,1340,12782,0x07
2026-09-06T10:31:34.600-03:00,103,0,2,51,3374,3353,28180,1400,1431,12395,0x07
2026-09-06T10:31:34.620-03:00,104,0,2,51,3374,3353,28180,1400,1431,12395,0x07
2026-09-06T10:31:34.638-03:00,105,0,2,51,3374,3353,28180,1400,1431,12395,0x07
2026-09-06T10:31:34.658-03:00,106,0,2,54,3374,3315,28343,1400,1444,12341,0x07
2026-09-06T10:31:34.678-03:00,107,0,2,54,3374,3315,28343,1400,1444,12341,0x07
2026-09-06T10:31:34.698-03:00,108,0,2,54,3374,3407,27949,1400,1426,12422,0x07
2026-09-06T10:31:34.716-03:00,109,0,2,54,3374,3407,27949,1400,1426,12422,0x07
2026-09-06T10:31:34.739-03:00,110,0,2,54,3374,3407,27949,1400,1426,12422,0x07
2026-09-06T10:31:34.759-03:00,111,0,2,51,3374,3373,28096,1400,1373,12651,0x07
2026-09-06T10:31:34.778-03:00,112,0,2,51,3374,3373,28096,1400,1373,12651,0x07
2026-09-06T10:31:34.797-03:00,113,0,2,52,3374,3346,28208,1400,1404,12520,0x07
2026-09-06T10:31:34.825-03:00,114,0,2,52,3374,3346,28208,1400,1404,12520,0x07
2026-09-06T10:31:34.838-03:00,115,0,2,52,3374,3346,28208,1400,1404,12520,0x07
2026-09-06T10:31:34.856-03:00,116,0,2,51,3374,3373,28096,1400,1294,12989,0x07
2026-09-06T10:31:34.881-03:00,117,0,2,51,3374,3373,28096,1400,1294,12989,0x07
2026-09-06T10:31:34.903-03:00,118,0,2,51,3374,3373,28096,1400,1294,12989,0x07
2026-09-06T10:31:34.916-03:00,119,0,2,52,3374,3385,28045,1400,1385,12606,0x07
2026-09-06T10:31:34.940-03:00,120,0,2,52,3374,3385,28045,1400,1385,12606,0x07
2026-09-06T10:31:34.958-03:00,121,0,2,54,3374,3370,28105,1400,1444,12354,0x07
2026-09-06T10:31:34.980-03:00,122,0,2,54,3374,3370,28105,1400,1444,12354,0x07
2026-09-06T10:31:34.998-03:00,123,0,2,54,3374,3370,28105,1400,1444,12354,0x07
2026-09-06T10:31:35.016-03:00,124,0,2,51,3374,3373,28096,1400,1392,12578,0x07
2026-09-06T10:31:35.041-03:00,125,0,2,51,3374,3373,28096,1400,1392,12578,0x07
2026-09-06T10:31:35.059-03:00,126,0,2,51,3374,3373,28096,1400,1392,12578,0x07
2026-09-06T10:31:35.077-03:00,127,0,2,54,3374,3370,28104,1400,1444,12357,0x07
2026-09-06T10:31:35.101-03:00,128,0,2,54,3374,3370,28104,1400,1444,12357,0x07
2026-09-06T10:31:35.118-03:00,129,0,2,56,3374,3375,28085,1400,1393,12578,0x07
2026-09-06T10:31:35.142-03:00,130,0,2,56,3374,3375,28085,1400,1393,12578,0x07
2026-09-06T10:31:35.161-03:00,131,0,2,56,3374,3375,28085,1400,1393,12578,0x07
2026-09-06T10:31:35.179-03:00,132,0,2,51,1350,3353,4106,3500,1373,37642,0x07
2026-09-06T10:31:35.197-03:00,133,0,2,51,1350,3353,4106,3500,1373,37642,0x07
2026-09-06T10:31:35.221-03:00,134,0,2,51,1350,2098,9432,3500,2549,32649,0x07
2026-09-06T10:31:35.239-03:00,135,0,2,51,1350,2098,9432,3500,2549,32649,0x07
2026-09-06T10:31:35.264-03:00,136,0,2,51,1350,2098,9432,3500,2549,32649,0x07
2026-09-06T10:31:35.283-03:00,137,0,2,51,1350,1039,13933,3500,3804,27308,0x07
2026-09-06T10:31:35.301-03:00,138,0,2,51,1350,1039,13933,3500,3804,27308,0x07
2026-09-06T10:31:35.325-03:00,139,0,2,52,1350,1173,13367,3500,3788,27365,0x07
2026-09-06T10:31:35.342-03:00,140,0,2,52,1350,1173,13367,3500,3788,27365,0x07
2026-09-06T10:31:35.362-03:00,141,0,2,52,1350,1173,13367,3500,3788,27365,0x07
2026-09-06T10:31:35.380-03:00,142,0,2,56,1350,1339,12663,3500,3446,28813,0x07
2026-09-06T10:31:35.398-03:00,143,0,2,56,1350,1339,12663,3500,3446,28813,0x07
2026-09-06T10:31:35.421-03:00,144,0,2,56,1350,1339,12663,3500,3446,28813,0x07
2026-09-06T10:31:35.441-03:00,145,0,2,50,1350,1400,12407,3500,3380,29092,0x07
2026-09-06T10:31:35.459-03:00,146,0,2,50,1350,1400,12407,3500,3380,29092,0x07
2026-09-06T10:31:35.482-03:00,147,0,2,51,1350,1333,12691,3500,3549,28370,0x07
2026-09-06T10:31:35.500-03:00,148,0,2,51,1350,1333,12691,3500,3549,28370,0x07
2026-09-06T10:31:35.518-03:00,149,0,2,51,1350,1333,12691,3500,3549,28370,0x07
2026-09-06T10:31:35.541-03:00,150,0,2,50,1350,1240,13090,3500,3480,28660,0x07
2026-09-06T10:31:35.559-03:00,151,0,2,50,1350,1240,13090,3500,3480,28660,0x07
2026-09-06T10:31:35.582-03:00,152,0,2,52,1350,1308,12805,3500,3462,28735,0x07
2026-09-06T10:31:35.600-03:00,153,0,2,52,1350,1308,12805,3500,3462,28735,0x07
2026-09-06T10:31:35.626-03:00,154,0,2,52,1350,1308,12805,3500,3462,28735,0x07
2026-09-06T10:31:35.639-03:00,155,0,2,50,1350,1320,12755,3500,3460,28740,0x07
2026-09-06T10:31:35.662-03:00,156,0,2,50,1350,1320,12755,3500,3460,28740,0x07
2026-09-06T10:31:35.681-03:00,157,0,2,50,1350,1320,12755,3500,3460,28740,0x07
2026-09-06T10:31:35.698-03:00,158,0,2,55,1350,1364,12571,3500,3509,28529,0x07
2026-09-06T10:31:35.730-03:00,159,0,2,55,1350,1364,12571,3500,3509,28529,0x07
2026-09-06T10:31:35.737-03:00,160,0,2,53,1350,1358,12595,3500,3491,28607,0x07
2026-09-06T10:31:35.761-03:00,161,0,2,53,1350,1358,12595,3500,3491,28607,0x07
2026-09-06T10:31:35.779-03:00,162,0,2,53,1350,1358,12595,3500,3491,28607,0x07
2026-09-06T10:31:35.802-03:00,163,0,2,50,1350,1320,12761,3500,3460,28735,0x07
2026-09-06T10:31:35.820-03:00,164,0,2,50,1350,1320,12761,3500,3460,28735,0x07
2026-09-06T10:31:35.840-03:00,165,0,2,54,1350,1352,12627,3500,3519,28485,0x07
2026-09-06T10:31:35.858-03:00,166,0,2,54,1350,1352,12627,3500,3519,28485,0x07
2026-09-06T10:31:35.881-03:00,167,0,2,54,1350,1352,12627,3500,3519,28485,0x07
2026-09-06T10:31:35.904-03:00,168,0,2,56,1350,1304,12835,3500,3411,28942,0x07
2026-09-06T10:31:35.922-03:00,169,0,2,56,1350,1304,12835,3500,3411,28942,0x07
2026-09-06T10:31:35.945-03:00,170,0,2,56,1350,1304,12835,3500,3411,28942,0x07
2026-09-06T10:31:35.963-03:00,171,0,2,52,1350,1327,12737,3500,3519,28480,0x07
2026-09-06T10:31:35.983-03:00,172,0,2,52,1350,1327,12737,3500,3519,28480,0x07
2026-09-06T10:31:36.001-03:00,173,0,2,54,2024,1278,20979,2800,3463,20401,0x07
2026-09-06T10:31:36.024-03:00,174,0,2,54,2024,1278,20979,2800,3463,20401,0x07
2026-09-06T10:31:36.042-03:00,175,0,2,54,2024,1278,20979,2800,3463,20401,0x07
2026-09-06T10:31:36.065-03:00,176,0,2,51,2024,1725,19077,2800,3098,21952,0x07
2026-09-06T10:31:36.083-03:00,177,0,2,51,2024,1725,19077,2800,3098,21952,0x07
2026-09-06T10:31:36.106-03:00,178,0,2,51,2024,1725,19077,2800,3098,21952,0x07
2026-09-06T10:31:36.124-03:00,179,0,2,54,2024,2148,17281,2800,2648,23865,0x07
2026-09-06T10:31:36.142-03:00,180,0,2,54,2024,2148,17281,2800,2648,23865,0x07
2026-09-06T10:31:36.165-03:00,181,0,2,56,2024,2071,17607,2800,2696,23661,0x07
2026-09-06T10:31:36.208-03:00,182,0,2,56,2024,2071,17607,2800,2696,23661,0x07
2026-09-06T10:31:36.222-03:00,183,0,2,56,2024,2071,17607,2800,2696,23661,0x07
2026-09-06T10:31:36.251-03:00,184,0,2,57,2024,2018,17836,2800,2860,22968,0x07
2026-09-06T10:31:36.264-03:00,185,0,2,57,2024,2018,17836,2800,2860,22968,0x07
2026-09-06T10:31:36.284-03:00,186,0,2,50,2024,2000,17912,2800,2740,23478,0x07
2026-09-06T10:31:36.302-03:00,188,0,2,50,2024,2000,17912,2800,2740,23478,0x07
2026-09-06T10:31:36.325-03:00,189,0,2,50,2024,2000,17912,2800,2740,23478,0x07
2026-09-06T10:31:36.345-03:00,190,0,2,55,2024,1982,17989,2800,2764,23379,0x07
2026-09-06T10:31:36.368-03:00,191,0,2,55,2024,1982,17989,2800,2764,23379,0x07
2026-09-06T10:31:36.385-03:00,192,0,2,57,2024,1982,17987,2800,2807,23195,0x07
2026-09-06T10:31:36.403-03:00,193,0,2,57,2024,1982,17987,2800,2807,23195,0x07
2026-09-06T10:31:36.421-03:00,194,0,2,57,2024,1982,17987,2800,2807,23195,0x07
2026-09-06T10:31:36.449-03:00,195,0,2,51,2024,2078,17579,2800,2824,23126,0x07
2026-09-06T10:31:36.461-03:00,196,0,2,51,2024,2078,17579,2800,2824,23126,0x07
2026-09-06T10:31:36.485-03:00,197,0,2,51,2024,2078,17579,2800,2824,23126,0x07
2026-09-06T10:31:36.503-03:00,198,0,2,54,2024,2037,17755,2800,2778,23321,0x07
2026-09-06T10:31:36.521-03:00,199,0,2,54,2024,2037,17755,2800,2778,23321,0x07
2026-09-06T10:31:36.544-03:00,200,0,2,53,2024,2000,17913,2800,2755,23420,0x07
2026-09-06T10:31:36.562-03:00,201,0,2,53,2024,2000,17913,2800,2755,23420,0x07
2026-09-06T10:31:36.590-03:00,202,0,2,53,2024,2000,17913,2800,2755,23420,0x07
2026-09-06T10:31:36.603-03:00,203,0,2,51,2024,2000,17914,2800,2804,23212,0x07
2026-09-06T10:31:36.634-03:00,204,0,2,51,2024,2000,17914,2800,2804,23212,0x07
2026-09-06T10:31:36.646-03:00,205,0,2,51,2024,2000,17914,2800,2804,23212,0x07
2026-09-06T10:31:36.666-03:00,206,0,2,54,2024,2019,17835,2800,2796,23246,0x07
2026-09-06T10:31:36.696-03:00,207,0,2,54,2024,2019,17835,2800,2796,23246,0x07
2026-09-06T10:31:36.706-03:00,208,0,2,56,2024,2018,17838,2800,2750,23444,0x07
2026-09-06T10:31:36.729-03:00,209,0,2,56,2024,2018,17838,2800,2750,23444,0x07
2026-09-06T10:31:36.747-03:00,210,0,2,56,2024,2018,17838,2800,2750,23444,0x07
2026-09-06T10:31:36.765-03:00,211,0,2,51,2024,2078,17581,2800,2804,23215,0x07
2026-09-06T10:31:36.788-03:00,212,0,2,51,2024,2078,17581,2800,2804,23215,0x07
2026-09-06T10:31:36.808-03:00,213,0,2,50,2699,2020,25865,2100,2860,14655,0x07
2026-09-06T10:31:36.826-03:00,214,0,2,50,2699,2020,25865,2100,2860,14655,0x07
2026-09-06T10:31:36.853-03:00,215,0,2,50,2699,2020,25865,2100,2860,14655,0x07
2026-09-06T10:31:36.866-03:00,216,0,2,51,2699,2392,24282,2100,2333,16895,0x07
2026-09-06T10:31:36.886-03:00,217,0,2,51,2699,2392,24282,2100,2333,16895,0x07
2026-09-06T10:31:36.909-03:00,218,0,2,50,2699,2800,22548,2100,1920,18655,0x07
2026-09-06T10:31:36.927-03:00,219,0,2,50,2699,2800,22548,2100,1920,18655,0x07
2026-09-06T10:31:36.945-03:00,220,0,2,50,2699,2800,22548,2100,1920,18655,0x07
2026-09-06T10:31:36.968-03:00,221,0,2,50,2699,2800,22546,2100,2020,18232,0x07
2026-09-06T10:31:36.990-03:00,222,0,2,50,2699,2800,22546,2100,2020,18232,0x07
2026-09-06T10:31:37.008-03:00,223,0,2,52,2699,2673,23084,2100,2135,17748,0x07
2026-09-06T10:31:37.026-03:00,224,0,2,52,2699,2673,23084,2100,2135,17748,0x07
2026-09-06T10:31:37.049-03:00,225,0,2,52,2699,2673,23084,2100,2135,17748,0x07
2026-09-06T10:31:37.069-03:00,226,0,2,57,2699,2702,22961,2100,2140,17726,0x07
2026-09-06T10:31:37.086-03:00,227,0,2,57,2699,2702,22961,2100,2140,17726,0x07
2026-09-06T10:31:37.106-03:00,228,0,2,57,2699,2702,22961,2100,2140,17726,0x07
2026-09-06T10:31:37.124-03:00,229,0,2,51,2699,2667,23109,2100,2078,17991,0x07
2026-09-06T10:31:37.147-03:00,230,0,2,51,2699,2667,23109,2100,2078,17991,0x07
2026-09-06T10:31:37.165-03:00,231,0,2,51,2699,2667,23109,2100,2078,17991,0x07
2026-09-06T10:31:37.188-03:00,232,0,2,54,2699,2685,23030,2100,2056,18091,0x07
2026-09-06T10:31:37.206-03:00,233,0,2,54,2699,2685,23030,2100,2056,18091,0x07
2026-09-06T10:31:37.224-03:00,234,0,2,57,2699,2702,22957,2100,2105,17882,0x07
2026-09-06T10:31:37.247-03:00,235,0,2,57,2699,2702,22957,2100,2105,17882,0x07
2026-09-06T10:31:37.265-03:00,236,0,2,57,2699,2702,22957,2100,2105,17882,0x07
2026-09-06T10:31:37.289-03:00,237,0,2,51,2699,2667,23106,2100,2098,17914,0x07
2026-09-06T10:31:37.309-03:00,238,0,2,51,2699,2667,23106,2100,2098,17914,0x07
2026-09-06T10:31:37.329-03:00,239,0,2,50,2699,2700,22964,2100,2160,17653,0x07
2026-09-06T10:31:37.346-03:00,240,0,2,50,2699,2700,22964,2100,2160,17653,0x07
2026-09-06T10:31:37.365-03:00,241,0,2,50,2699,2700,22964,2100,2160,17653,0x07
2026-09-06T10:31:37.388-03:00,242,0,2,51,2699,2667,23104,2100,2059,18085,0x07
2026-09-06T10:31:37.405-03:00,243,0,2,51,2699,2667,23104,2100,2059,18085,0x07
2026-09-06T10:31:37.428-03:00,244,0,2,51,2699,2667,23104,2100,2059,18085,0x07
2026-09-06T10:31:37.446-03:00,245,0,2,54,2699,2685,23025,2100,2056,18101,0x07
2026-09-06T10:31:37.466-03:00,246,0,2,54,2699,2685,23025,2100,2056,18101,0x07
2026-09-06T10:31:37.485-03:00,247,0,2,54,2699,2648,23181,2100,2074,18024,0x07
2026-09-06T10:31:37.510-03:00,248,0,2,54,2699,2648,23181,2100,2074,18024,0x07
2026-09-06T10:31:37.528-03:00,249,0,2,54,2699,2648,23181,2100,2074,18024,0x07
2026-09-06T10:31:37.546-03:00,250,0,2,50,2699,2700,22961,2100,2100,17916,0x07
2026-09-06T10:31:37.569-03:00,251,0,2,50,2699,2700,22961,2100,2100,17916,0x07
2026-09-06T10:31:37.587-03:00,252,0,2,50,2699,2700,22961,2100,2100,17916,0x07
2026-09-06T10:31:37.605-03:00,253,0,2,54,3374,2741,30818,1400,2130,9459,0x07
2026-09-06T10:31:37.628-03:00,254,0,2,54,3374,2741,30818,1400,2130,9459,0x07
2026-09-06T10:31:37.650-03:00,255,0,2,54,3374,3074,29401,1400,1685,11351,0x07
2026-09-06T10:31:37.667-03:00,256,0,2,54,3374,3074,29401,1400,1685,11351,0x07
2026-09-06T10:31:37.687-03:00,257,0,2,54,3374,3074,29401,1400,1685,11351,0x07
2026-09-06T10:31:37.705-03:00,258,0,2,50,3374,3460,27758,1400,1180,13503,0x07
2026-09-06T10:31:37.728-03:00,259,0,2,50,3374,3460,27758,1400,1180,13503,0x07
2026-09-06T10:31:37.748-03:00,260,0,2,50,3374,3440,27842,1400,1200,13423,0x07
2026-09-06T10:31:37.766-03:00,261,0,2,50,3374,3440,27842,1400,1200,13423,0x07
2026-09-06T10:31:37.789-03:00,262,0,2,50,3374,3440,27842,1400,1200,13423,0x07
2026-09-06T10:31:37.807-03:00,263,0,2,50,3374,3380,28094,1400,1360,12748,0x07
2026-09-06T10:31:37.825-03:00,264,0,2,50,3374,3380,28094,1400,1360,12748,0x07
2026-09-06T10:31:37.848-03:00,265,0,2,52,3374,3346,28236,1400,1442,12402,0x07
2026-09-06T10:31:37.866-03:00,266,0,2,52,3374,3346,28236,1400,1442,12402,0x07
2026-09-06T10:31:37.893-03:00,267,0,2,52,3374,3346,28236,1400,1442,12402,0x07
2026-09-06T10:31:37.906-03:00,268,0,2,50,3374,3380,28090,1400,1420,12501,0x07
2026-09-06T10:31:37.931-03:00,269,0,2,50,3374,3380,28090,1400,1420,12501,0x07
2026-09-06T10:31:37.951-03:00,270,0,2,50,3374,3380,28090,1400,1420,12501,0x07
2026-09-06T10:31:37.969-03:00,271,0,2,54,3374,3370,28129,1400,1426,12480,0x07
2026-09-06T10:31:37.987-03:00,272,0,2,54,3374,3370,28129,1400,1426,12480,0x07
2026-09-06T10:31:38.005-03:00,273,0,2,57,3374,3404,27987,1400,1421,12505,0x07
2026-09-06T10:31:38.028-03:00,274,0,2,57,3374,3404,27987,1400,1421,12505,0x07
2026-09-06T10:31:38.046-03:00,275,0,2,57,3374,3404,27987,1400,1421,12505,0x07
2026-09-06T10:31:38.066-03:00,276,0,2,51,3374,3353,28200,1400,1392,12630,0x07
2026-09-06T10:31:38.085-03:00,277,0,2,51,3374,3353,28200,1400,1392,12630,0x07
2026-09-06T10:31:38.108-03:00,278,0,2,51,3374,3353,28200,1400,1392,12630,0x07
2026-09-06T10:31:38.129-03:00,279,0,2,52,3374,3365,28146,1400,1404,12584,0x07
2026-09-06T10:31:38.151-03:00,280,0,2,52,3374,3365,28146,1400,1404,12584,0x07
2026-09-06T10:31:38.173-03:00,281,0,2,55,3374,3364,28152,1400,1364,12759,0x07
2026-09-06T10:31:38.185-03:00,282,0,2,55,3374,3364,28152,1400,1364,12759,0x07
2026-09-06T10:31:38.208-03:00,283,0,2,55,3374,3364,28152,1400,1364,12759,0x07
2026-09-06T10:31:38.229-03:00,284,0,2,50,3374,3400,27996,1400,1380,12692,0x07
2026-09-06T10:31:38.247-03:00,285,0,2,50,3374,3400,27996,1400,1380,12692,0x07
2026-09-06T10:31:38.267-03:00,286,0,2,51,3374,3275,28529,1400,1373,12727,0x07
2026-09-06T10:31:38.285-03:00,287,0,2,51,3374,3275,28529,1400,1373,12727,0x07
2026-09-06T10:31:38.308-03:00,288,0,2,51,3374,3275,28529,1400,1373,12727,0x07
2026-09-06T10:31:38.326-03:00,289,0,2,51,3374,3412,27944,1400,1431,12480,0x07
2026-09-06T10:31:38.350-03:00,290,0,2,51,3374,3412,27944,1400,1431,12480,0x07
2026-09-06T10:31:38.370-03:00,291,0,2,51,3374,3412,27944,1400,1431,12480,0x07
2026-09-06T10:31:38.387-03:00,292,0,2,54,1350,3389,3960,3500,1463,37406,0x07
2026-09-06T10:31:38.407-03:00,293,0,2,54,1350,3389,3960,3500,1463,37406,0x07
2026-09-06T10:31:38.425-03:00,294,0,2,56,1350,1982,9940,3500,2643,32391,0x07
2026-09-06T10:31:38.451-03:00,295,0,2,56,1350,1982,9940,3500,2643,32391,0x07
2026-09-06T10:31:38.473-03:00,296,0,2,56,1350,1982,9940,3500,2643,32391,0x07
2026-09-06T10:31:38.487-03:00,297,0,2,50,1350,1000,14119,3500,3820,27384,0x07
2026-09-06T10:31:38.505-03:00,298,0,2,50,1350,1000,14119,3500,3820,27384,0x07
2026-09-06T10:31:38.529-03:00,299,0,2,50,1350,1000,14119,3500,3820,27384,0x07
2026-09-06T10:31:38.551-03:00,300,0,2,54,1350,1130,13573,3500,3741,27715,0x07
2026-09-06T10:31:38.569-03:00,301,0,2,54,1350,1130,13573,3500,3741,27715,0x07
2026-09-06T10:31:38.589-03:00,302,0,2,55,1350,1364,12582,3500,3491,28773,0x07
2026-09-06T10:31:38.607-03:00,303,0,2,55,1350,1364,12582,3500,3491,28773,0x07
2026-09-06T10:31:38.634-03:00,304,0,2,55,1350,1364,12582,3500,3491,28773,0x07
2026-09-06T10:31:38.651-03:00,305,0,2,50,1350,1380,12517,3500,3400,29156,0x07
2026-09-06T10:31:38.671-03:00,306,0,2,50,1350,1380,12517,3500,3400,29156,0x07
2026-09-06T10:31:38.689-03:00,307,0,2,51,1350,1353,12635,3500,3471,28853,0x07
2026-09-06T10:31:38.707-03:00,308,0,2,51,1350,1353,12635,3500,3471,28853,0x07
2026-09-06T10:31:38.738-03:00,309,0,2,51,1350,1353,12635,3500,3471,28853,0x07
2026-09-06T10:31:38.745-03:00,310,0,2,50,1350,1320,12779,3500,3520,28639,0x07
2026-09-06T10:31:38.771-03:00,311,0,2,50,1350,1320,12779,3500,3520,28639,0x07
2026-09-06T10:31:38.793-03:00,312,0,2,50,1350,1320,12779,3500,3520,28639,0x07
2026-09-06T10:31:38.806-03:00,313,0,2,54,1350,1296,12884,3500,3481,28800,0x07
2026-09-06T10:31:38.833-03:00,314,0,2,54,1350,1296,12884,3500,3481,28800,0x07
2026-09-06T10:31:38.848-03:00,315,0,2,55,1350,1309,12833,3500,3436,28989,0x07
2026-09-06T10:31:38.866-03:00,316,0,2,55,1350,1309,12833,3500,3436,28989,0x07
2026-09-06T10:31:38.893-03:00,317,0,2,55,1350,1309,12833,3500,3436,28989,0x07
2026-09-06T10:31:38.908-03:00,318,0,2,51,1350,1392,12483,3500,3569,28424,0x07
2026-09-06T10:31:38.935-03:00,319,0,2,51,1350,1392,12483,3500,3569,28424,0x07
2026-09-06T10:31:38.951-03:00,320,0,2,51,1350,1392,12483,3500,3569,28424,0x07
2026-09-06T10:31:38.973-03:00,321,0,2,54,1350,1389,12500,3500,3463,28871,0x07
2026-09-06T10:31:38.986-03:00,322,0,2,54,1350,1389,12500,3500,3463,28871,0x07
2026-09-06T10:31:39.013-03:00,323,0,2,50,1350,1360,12626,3500,3400,29137,0x07
2026-09-06T10:31:39.027-03:00,324,0,2,50,1350,1360,12626,3500,3400,29137,0x07
2026-09-06T10:31:39.056-03:00,325,0,2,50,1350,1360,12626,3500,3400,29137,0x07
2026-09-06T10:31:39.070-03:00,326,0,2,54,1350,1370,12585,3500,3537,28553,0x07
2026-09-06T10:31:39.090-03:00,327,0,2,54,1350,1370,12585,3500,3537,28553,0x07
2026-09-06T10:31:39.110-03:00,328,0,2,53,1350,1321,12799,3500,3453,28908,0x07
2026-09-06T10:31:39.128-03:00,329,0,2,53,1350,1321,12799,3500,3453,28908,0x07
2026-09-06T10:31:39.151-03:00,330,0,2,53,1350,1321,12799,3500,3453,28908,0x07
2026-09-06T10:31:39.171-03:00,331,0,2,50,1350,1340,12720,3500,3540,28536,0x07
2026-09-06T10:31:39.195-03:00,332,0,2,50,1350,1340,12720,3500,3540,28536,0x07
2026-09-06T10:31:39.210-03:00,333,0,2,52,2024,1327,20823,2800,3462,20524,0x07
2026-09-06T10:31:39.233-03:00,334,0,2,52,2024,1327,20823,2800,3462,20524,0x07
2026-09-06T10:31:39.251-03:00,335,0,2,52,2024,1327,20823,2800,3462,20524,0x07
2026-09-06T10:31:39.269-03:00,336,0,2,50,2024,1740,19069,2800,3160,21805,0x07
2026-09-06T10:31:39.292-03:00,337,0,2,50,2024,1740,19069,2800,3160,21805,0x07
2026-09-06T10:31:39.310-03:00,338,0,2,50,2024,1740,19069,2800,3160,21805,0x07
2026-09-06T10:31:39.328-03:00,339,0,2,54,2024,2167,17256,2800,2648,23980,0x07
2026-09-06T10:31:39.352-03:00,340,0,2,54,2024,2167,17256,2800,2648,23980,0x07
2026-09-06T10:31:39.370-03:00,341,0,2,53,2024,2132,17403,2800,2698,23768,0x07
2026-09-06T10:31:39.393-03:00,342,0,2,53,2024,2132,17403,2800,2698,23768,0x07
2026-09-06T10:31:39.411-03:00,343,0,2,53,2024,2132,17403,2800,2698,23768,0x07
2026-09-06T10:31:39.429-03:00,344,0,2,50,2024,2000,17966,2800,2800,23335,0x07
2026-09-06T10:31:39.452-03:00,345,0,2,50,2024,2000,17966,2800,2800,23335,0x07
2026-09-06T10:31:39.476-03:00,346,0,2,54,2024,2000,17966,2800,2833,23193,0x07
2026-09-06T10:31:39.491-03:00,347,0,2,54,2024,2000,17966,2800,2833,23193,0x07
2026-09-06T10:31:39.509-03:00,348,0,2,54,2024,2000,17966,2800,2833,23193,0x07
2026-09-06T10:31:39.533-03:00,349,0,2,57,2024,2018,17892,2800,2754,23530,0x07
2026-09-06T10:31:39.551-03:00,350,0,2,57,2024,2018,17892,2800,2754,23530,0x07
2026-09-06T10:31:39.571-03:00,351,0,2,57,2024,2018,17892,2800,2754,23530,0x07
2026-09-06T10:31:39.595-03:00,352,0,2,50,2024,2020,17883,2800,2800,23336,0x07
2026-09-06T10:31:39.613-03:00,353,0,2,50,2024,2020,17883,2800,2800,23336,0x07
2026-09-06T10:31:39.637-03:00,354,0,2,51,2024,2000,17968,2800,2784,23403,0x07
2026-09-06T10:31:39.650-03:00,355,0,2,51,2024,2000,17968,2800,2784,23403,0x07
2026-09-06T10:31:39.673-03:00,356,0,2,51,2024,2000,17968,2800,2784,23403,0x07
2026-09-06T10:31:39.693-03:00,357,0,2,50,2024,2080,17629,2800,2840,23166,0x07
2026-09-06T10:31:39.715-03:00,358,0,2,50,2024,2080,17629,2800,2840,23166,0x07
2026-09-06T10:31:39.733-03:00,359,0,2,52,2024,1962,18133,2800,2750,23548,0x07
2026-09-06T10:31:39.753-03:00,360,0,2,52,2024,1962,18133,2800,2750,23548,0x07
2026-09-06T10:31:39.771-03:00,361,0,2,52,2024,1962,18133,2800,2750,23548,0x07
2026-09-06T10:31:39.791-03:00,362,0,2,50,2024,2020,17885,2800,2800,23336,0x07
2026-09-06T10:31:39.808-03:00,363,0,2,50,2024,2020,17885,2800,2800,23336,0x07
2026-09-06T10:31:39.832-03:00,364,0,2,50,2024,2020,17885,2800,2800,23336,0x07
2026-09-06T10:31:39.852-03:00,365,0,2,52,2024,2019,17889,2800,2846,23141,0x07
2026-09-06T10:31:39.874-03:00,366,0,2,52,2024,2019,17889,2800,2846,23141,0x07
2026-09-06T10:31:39.898-03:00,367,0,2,55,2024,2018,17894,2800,2782,23414,0x07
2026-09-06T10:31:39.916-03:00,368,0,2,55,2024,2018,17894,2800,2782,23414,0x07
2026-09-06T10:31:39.938-03:00,369,0,2,55,2024,2018,17894,2800,2782,23414,0x07
2026-09-06T10:31:39.956-03:00,370,0,2,52,2024,2038,17808,2800,2769,23468,0x07
2026-09-06T10:31:39.974-03:00,371,0,2,52,2024,2038,17808,2800,2769,23468,0x07
2026-09-06T10:31:39.992-03:00,372,0,2,55,2699,2018,25946,2100,2800,14991,0x07
2026-09-06T10:31:40.017-03:00,373,0,2,55,2699,2018,25946,2100,2800,14991,0x07
2026-09-06T10:31:40.035-03:00,374,0,2,55,2699,2018,25946,2100,2800,14991,0x07
2026-09-06T10:31:40.055-03:00,375,0,2,50,2699,2360,24493,2100,2420,16608,0x07
2026-09-06T10:31:40.075-03:00,376,0,2,50,2699,2360,24493,2100,2420,16608,0x07
2026-09-06T10:31:40.097-03:00,377,0,2,50,2699,2360,24493,2100,2420,16608,0x07
2026-09-06T10:31:40.115-03:00,378,0,2,54,2699,2796,22637,2100,1981,18474,0x07
2026-09-06T10:31:40.135-03:00,379,0,2,54,2699,2796,22637,2100,1981,18474,0x07
2026-09-06T10:31:40.153-03:00,380,0,2,56,2699,2750,22833,2100,1964,18549,0x07
2026-09-06T10:31:40.191-03:00,381,0,2,56,2699,2750,22833,2100,1964,18549,0x07
2026-09-06T10:31:40.200-03:00,382,0,2,56,2699,2750,22833,2100,1964,18549,0x07
2026-09-06T10:31:40.215-03:00,383,0,2,51,2699,2745,22853,2100,2118,17899,0x07
2026-09-06T10:31:40.233-03:00,384,0,2,51,2699,2745,22853,2100,2118,17899,0x07
2026-09-06T10:31:40.262-03:00,385,0,2,51,2699,2745,22853,2100,2118,17899,0x07
2026-09-06T10:31:40.285-03:00,386,0,2,54,2699,2685,23106,2100,2093,18007,0x07
2026-09-06T10:31:40.293-03:00,387,0,2,54,2699,2685,23106,2100,2093,18007,0x07
2026-09-06T10:31:40.319-03:00,388,0,2,54,2699,2741,22868,2100,2185,17615,0x07
2026-09-06T10:31:40.336-03:00,389,0,2,54,2699,2741,22868,2100,2185,17615,0x07
2026-09-06T10:31:40.354-03:00,390,0,2,54,2699,2741,22868,2100,2185,17615,0x07
2026-09-06T10:31:40.374-03:00,391,0,2,50,2699,2700,23041,2100,2100,17979,0x07
2026-09-06T10:31:40.392-03:00,392,0,2,50,2699,2700,23041,2100,2100,17979,0x07
2026-09-06T10:31:40.415-03:00,393,0,2,50,2699,2700,23041,2100,2100,17979,0x07
2026-09-06T10:31:40.435-03:00,394,0,2,54,2699,2704,23024,2100,2093,18012,0x07
2026-09-06T10:31:40.453-03:00,395,0,2,54,2699,2704,23024,2100,2093,18012,0x07
2026-09-06T10:31:40.477-03:00,396,0,2,55,2699,2727,22923,2100,2109,17944,0x07
2026-09-06T10:31:40.495-03:00,397,0,2,55,2699,2727,22923,2100,2109,17944,0x07
2026-09-06T10:31:40.515-03:00,398,0,2,55,2699,2727,22923,2100,2109,17944,0x07
2026-09-06T10:31:40.533-03:00,399,0,2,52,2699,2692,23070,2100,2058,18164,0x07
2026-09-06T10:31:40.556-03:00,400,0,2,52,2699,2692,23070,2100,2058,18164,0x07
2026-09-06T10:31:40.574-03:00,401,0,2,52,2699,2692,23070,2100,2058,18164,0x07
2026-09-06T10:31:40.592-03:00,402,0,2,52,2699,2731,22906,2100,2173,17675,0x07
2026-09-06T10:31:40.616-03:00,403,0,2,52,2699,2731,22906,2100,2173,17675,0x07
2026-09-06T10:31:40.647-03:00,404,0,2,54,2699,2685,23099,2100,2111,17940,0x07
2026-09-06T10:31:40.654-03:00,405,0,2,54,2699,2685,23099,2100,2111,17940,0x07
2026-09-06T10:31:40.672-03:00,406,0,2,50,2699,2680,23120,2100,2040,18244,0x07
2026-09-06T10:31:40.696-03:00,407,0,2,50,2699,2680,23120,2100,2040,18244,0x07
2026-09-06T10:31:40.719-03:00,408,0,2,50,2699,2680,23120,2100,2040,18244,0x07
2026-09-06T10:31:40.737-03:00,409,0,2,54,2699,2722,22938,2100,2148,17785,0x07
2026-09-06T10:31:40.760-03:00,410,0,2,54,2699,2722,22938,2100,2148,17785,0x07
2026-09-06T10:31:40.781-03:00,411,0,2,54,2699,2722,22938,2100,2148,17785,0x07
2026-09-06T10:31:40.799-03:00,412,0,2,50,3374,2680,31166,1400,2060,9807,0x07
2026-09-06T10:31:40.819-03:00,413,0,2,50,3374,2680,31166,1400,2060,9807,0x07
2026-09-06T10:31:40.837-03:00,414,0,2,53,3374,3057,29563,1400,1660,11508,0x07
2026-09-06T10:31:40.862-03:00,415,0,2,53,3374,3057,29563,1400,1660,11508,0x07
2026-09-06T10:31:40.879-03:00,416,0,2,53,3374,3057,29563,1400,1660,11508,0x07
2026-09-06T10:31:40.897-03:00,417,0,2,50,3374,3540,27504,1400,1320,12958,0x07
2026-09-06T10:31:40.923-03:00,418,0,2,50,3374,3540,27504,1400,1320,12958,0x07
2026-09-06T10:31:40.942-03:00,419,0,2,54,3374,3463,27829,1400,1333,12905,0x07
2026-09-06T10:31:40.962-03:00,420,0,2,54,3374,3463,27829,1400,1333,12905,0x07
2026-09-06T10:31:40.985-03:00,421,0,2,54,3374,3463,27829,1400,1333,12905,0x07
2026-09-06T10:31:41.003-03:00,422,0,2,50,3374,3400,28094,1400,1400,12625,0x07
2026-09-06T10:31:41.018-03:00,423,0,2,50,3374,3400,28094,1400,1400,12625,0x07
2026-09-06T10:31:41.038-03:00,424,0,2,50,3374,3400,28094,1400,1400,12625,0x07
2026-09-06T10:31:41.058-03:00,425,0,2,52,3374,3346,28319,1400,1423,12530,0x07
2026-09-06T10:31:41.078-03:00,426,0,2,52,3374,3346,28319,1400,1423,12530,0x07
2026-09-06T10:31:41.097-03:00,427,0,2,54,3374,3352,28292,1400,1389,12678,0x07
2026-09-06T10:31:41.119-03:00,428,0,2,54,3374,3352,28292,1400,1389,12678,0x07
2026-09-06T10:31:41.141-03:00,429,0,2,54,3374,3352,28292,1400,1389,12678,0x07
2026-09-06T10:31:41.159-03:00,430,0,2,51,3374,3392,28118,1400,1373,12751,0x07
2026-09-06T10:31:41.177-03:00,431,0,2,51,3374,3392,28118,1400,1373,12751,0x07
2026-09-06T10:31:41.204-03:00,432,0,2,51,3374,3392,28118,1400,1373,12751,0x07
2026-09-06T10:31:41.216-03:00,433,0,2,54,3374,3370,28208,1400,1407,12606,0x07
2026-09-06T10:31:41.240-03:00,434,0,2,54,3374,3370,28208,1400,1407,12606,0x07
2026-09-06T10:31:41.258-03:00,435,0,2,54,3374,3333,28363,1400,1426,12529,0x07
2026-09-06T10:31:41.282-03:00,436,0,2,54,3374,3333,28363,1400,1426,12529,0x07
2026-09-06T10:31:41.302-03:00,437,0,2,54,3374,3333,28363,1400,1426,12529,0x07
2026-09-06T10:31:41.324-03:00,438,0,2,58,3374,3397,28092,1400,1431,12510,0x07
2026-09-06T10:31:41.337-03:00,439,0,2,58,3374,3397,28092,1400,1431,12510,0x07
2026-09-06T10:31:41.360-03:00,440,0,2,58,3374,3397,28092,1400,1431,12510,0x07
2026-09-06T10:31:41.378-03:00,441,0,2,51,3374,3392,28109,1400,1412,12594,0x07
2026-09-06T10:31:41.397-03:00,442,0,2,51,3374,3392,28109,1400,1412,12594,0x07
2026-09-06T10:31:41.422-03:00,443,0,2,51,3374,3431,27939,1400,1412,12596,0x07
2026-09-06T10:31:41.444-03:00,444,0,2,51,3374,3431,27939,1400,1412,12596,0x07
2026-09-06T10:31:41.457-03:00,445,0,2,51,3374,3431,27939,1400,1412,12596,0x07
2026-09-06T10:31:41.480-03:00,446,0,2,51,3374,3333,28354,1400,1333,12932,0x07
2026-09-06T10:31:41.506-03:00,447,0,2,51,3374,3333,28354,1400,1333,12932,0x07
2026-09-06T10:31:41.519-03:00,448,0,2,50,3374,3380,28154,1400,1380,12736,0x07
2026-09-06T10:31:41.553-03:00,449,0,2,50,3374,3380,28154,1400,1380,12736,0x07
2026-09-06T10:31:41.560-03:00,450,0,2,50,3374,3380,28154,1400,1380,12736,0x07
2026-09-06T10:31:41.583-03:00,451,0,2,50,3374,3380,28152,1400,1420,12568,0x07
2026-09-06T10:31:41.605-03:00,452,0,2,50,3374,3380,28152,1400,1420,12568,0x07
2026-09-06T10:31:41.623-03:00,453,0,2,54,1350,3407,3913,3500,1426,37656,0x07
2026-09-06T10:31:41.641-03:00,454,0,2,54,1350,3407,3913,3500,1426,37656,0x07
2026-09-06T10:31:41.659-03:00,455,0,2,54,1350,3407,3913,3500,1426,37656,0x07
2026-09-06T10:31:41.684-03:00,456,0,2,58,1350,1931,10190,3500,2638,32502,0x07
2026-09-06T10:31:41.706-03:00,457,0,2,58,1350,1931,10190,3500,2638,32502,0x07
2026-09-06T10:31:41.719-03:00,458,0,2,58,1350,1931,10190,3500,2638,32502,0x07
2026-09-06T10:31:41.744-03:00,459,0,2,50,1350,980,14237,3500,3920,27049,0x07
2026-09-06T10:31:41.764-03:00,460,0,2,50,1350,980,14237,3500,3920,27049,0x07
2026-09-06T10:31:41.782-03:00,461,0,2,51,1350,1098,13740,3500,3686,28037,0x07
2026-09-06T10:31:41.802-03:00,462,0,2,51,1350,1098,13740,3500,3686,28037,0x07
2026-09-06T10:31:41.820-03:00,463,0,2,51,1350,1098,13740,3500,3686,28037,0x07
2026-09-06T10:31:41.838-03:00,464,0,2,50,1350,1400,12461,3500,3520,28739,0x07
2026-09-06T10:31:41.862-03:00,465,0,2,50,1350,1400,12461,3500,3520,28739,0x07
2026-09-06T10:31:41.884-03:00,466,0,2,50,1350,1400,12461,3500,3520,28739,0x07
2026-09-06T10:31:41.904-03:00,467,0,2,52,1350,1404,12448,3500,3462,28983,0x07
2026-09-06T10:31:41.922-03:00,468,0,2,52,1350,1404,12448,3500,3462,28983,0x07
2026-09-06T10:31:41.939-03:00,469,0,2,57,1350,1316,12827,3500,3491,28853,0x07
2026-09-06T10:31:41.963-03:00,470,0,2,57,1350,1316,12827,3500,3491,28853,0x07
2026-09-06T10:31:41.982-03:00,471,0,2,57,1350,1316,12827,3500,3491,28853,0x07
2026-09-06T10:31:42.000-03:00,472,0,2,50,1350,1320,12812,3500,3480,28898,0x07
2026-09-06T10:31:42.018-03:00,473,0,2,50,1350,1320,12812,3500,3480,28898,0x07
2026-09-06T10:31:42.041-03:00,474,0,2,50,1350,1360,12646,3500,3560,28554,0x07
2026-09-06T10:31:42.059-03:00,475,0,2,50,1350,1360,12646,3500,3560,28554,0x07
2026-09-06T10:31:42.082-03:00,476,0,2,50,1350,1360,12646,3500,3560,28554,0x07
2026-09-06T10:31:42.103-03:00,477,0,2,58,1350,1345,12714,3500,3431,29098,0x07
2026-09-06T10:31:42.121-03:00,478,0,2,58,1350,1345,12714,3500,3431,29098,0x07
2026-09-06T10:31:42.141-03:00,479,0,2,58,1350,1345,12714,3500,3431,29098,0x07
2026-09-06T10:31:42.159-03:00,480,0,2,51,1350,1353,12683,3500,3529,28677,0x07
2026-09-06T10:31:42.186-03:00,481,0,2,51,1350,1353,12683,3500,3529,28677,0x07
2026-09-06T10:31:42.201-03:00,482,0,2,51,1350,1353,12683,3500,3529,28677,0x07
2026-09-06T10:31:42.221-03:00,483,0,2,54,1350,1333,12769,3500,3537,28641,0x07
2026-09-06T10:31:42.239-03:00,484,0,2,54,1350,1333,12769,3500,3537,28641,0x07
2026-09-06T10:31:42.264-03:00,485,0,2,54,1350,1352,12694,3500,3481,28874,0x07
2026-09-06T10:31:42.282-03:00,486,0,2,54,1350,1352,12694,3500,3481,28874,0x07
2026-09-06T10:31:42.302-03:00,487,0,2,54,1350,1352,12694,3500,3481,28874,0x07
2026-09-06T10:31:42.340-03:00,488,0,2,51,1350,1333,12776,3500,3490,28834,0x07
2026-09-06T10:31:42.388-03:00,489,0,2,51,1350,1333,12776,3500,3490,28834,0x07
2026-09-06T10:31:42.427-03:00,490,0,2,50,1350,1320,12836,3500,3500,28789,0x07
2026-09-06T10:31:42.471-03:00,491,0,2,50,0,0,0,0,0,0,0x03
2026-09-06T10:31:42.514-03:00,492,0,2,50,0,0,0,0,0,0,0x03
2026-09-06T10:31:42.558-03:00,493,0,2,50,0,0,0,0,0,0,0x03
2026-09-06T10:31:42.602-03:00,494,0,2,55,0,0,0,0,0,0,0x03
