timestamp,sequence,team,robot_id,interval_ms,left_target_eps,left_measured_eps,left_duty,right_target_eps,right_measured_eps,right_duty,flags
2026-09-06T11:36:28.106-03:00,65535,255,0,0,0,0,0,0,0,0,0x03
2026-09-06T11:36:28.126-03:00,504,0,0,51,0,0,0,0,0,0,0x03
2026-09-06T11:36:28.144-03:00,505,0,0,52,0,0,0,0,0,0,0x03
2026-09-06T11:36:28.167-03:00,505,0,0,52,0,0,0,0,0,0,0x03
2026-09-06T11:36:28.185-03:00,505,0,0,52,0,0,0,0,0,0,0x03
2026-09-06T11:36:28.203-03:00,505,0,0,51,0,0,0,0,0,0,0x03
2026-09-06T11:36:28.222-03:00,505,0,0,51,0,0,0,0,0,0,0x03
2026-09-06T11:36:28.245-03:00,505,0,0,52,0,0,0,0,0,0,0x03
2026-09-06T11:36:28.263-03:00,505,0,0,52,0,0,0,0,0,0,0x03
2026-09-06T11:36:28.282-03:00,505,0,0,52,0,0,0,0,0,0,0x03
2026-09-06T11:36:28.307-03:00,8,0,0,51,0,0,17125,0,0,0,0x07
2026-09-06T11:36:28.325-03:00,9,0,0,51,0,0,17125,0,0,0,0x07
2026-09-06T11:36:28.343-03:00,10,0,0,50,1687,400,22595,0,0,0,0x07
2026-09-06T11:36:28.365-03:00,11,0,0,50,1687,400,22595,0,0,0,0x07
2026-09-06T11:36:28.383-03:00,12,0,0,50,1687,400,22595,0,0,0,0x07
2026-09-06T11:36:28.407-03:00,13,0,0,53,1687,1245,19002,0,0,0,0x07
2026-09-06T11:36:28.425-03:00,14,0,0,53,1687,1245,19002,0,0,0,0x07
2026-09-06T11:36:28.444-03:00,15,0,0,50,1687,1720,16985,0,0,0,0x07
2026-09-06T11:36:28.465-03:00,16,0,0,50,1687,1720,16985,0,0,0,0x07
2026-09-06T11:36:28.485-03:00,17,0,0,50,1687,1720,16985,0,0,0,0x07
2026-09-06T11:36:28.502-03:00,18,0,0,52,1687,1385,18410,0,0,0,0x07
2026-09-06T11:36:28.526-03:00,19,0,0,52,1687,1385,18410,0,0,0,0x07
2026-09-06T11:36:28.544-03:00,20,0,0,52,1687,1500,17920,0,0,0,0x07
2026-09-06T11:36:28.567-03:00,21,0,0,52,1687,1500,17920,0,0,0,0x07
2026-09-06T11:36:28.585-03:00,22,0,0,52,1687,1500,17920,0,0,0,0x07
2026-09-06T11:36:28.603-03:00,23,0,0,51,1687,1588,17545,0,0,0,0x07
2026-09-06T11:36:28.626-03:00,24,0,0,51,1687,1588,17545,0,0,0,0x07
2026-09-06T11:36:28.644-03:00,25,0,0,50,1687,1500,17920,0,0,0,0x07
2026-09-06T11:36:28.667-03:00,26,0,0,50,1687,1500,17920,0,0,0,0x07
2026-09-06T11:36:28.684-03:00,27,0,0,50,1687,1500,17920,0,0,0,0x07
2026-09-06T11:36:28.704-03:00,28,0,0,51,1687,1569,17628,0,0,0,0x07
2026-09-06T11:36:28.744-03:00,29,0,0,51,1687,1569,17628,0,0,0,0x07
2026-09-06T11:36:28.744-03:00,30,0,0,51,1687,1569,17628,0,0,0,0x07
2026-09-06T11:36:28.764-03:00,31,0,0,55,1687,1436,18190,0,0,0,0x07
2026-09-06T11:36:28.787-03:00,32,0,0,55,1687,1436,18190,0,0,0,0x07
2026-09-06T11:36:28.806-03:00,33,0,0,54,1687,1537,17762,0,0,0,0x07
2026-09-06T11:36:28.824-03:00,34,0,0,54,1687,1537,17762,0,0,0,0x07
2026-09-06T11:36:28.847-03:00,35,0,0,54,1687,1537,17762,0,0,0,0x07
2026-09-06T11:36:28.865-03:00,36,0,0,51,1687,1588,17545,0,0,0,0x07
2026-09-06T11:36:28.884-03:00,37,0,0,51,1687,1588,17545,0,0,0,0x07
2026-09-06T11:36:28.904-03:00,38,0,0,51,1687,1471,18045,0,0,0,0x07
2026-09-06T11:36:28.926-03:00,39,0,0,51,1687,1471,18045,0,0,0,0x07
2026-09-06T11:36:28.947-03:00,40,0,0,51,1687,1471,18045,0,0,0,0x07
2026-09-06T11:36:28.965-03:00,41,0,0,51,1687,1588,17545,0,0,0,0x07
2026-09-06T11:36:28.987-03:00,42,0,0,51,1687,1588,17545,0,0,0,0x07
2026-09-06T11:36:29.005-03:00,43,0,0,52,1687,1519,17838,0,0,0,0x07
2026-09-06T11:36:29.023-03:00,44,0,0,52,1687,1519,17838,0,0,0,0x07
2026-09-06T11:36:29.045-03:00,45,0,0,52,1687,1519,17838,0,0,0,0x07
2026-09-06T11:36:29.063-03:00,46,0,0,56,1687,1464,18072,0,0,0,0x07
2026-09-06T11:36:29.087-03:00,47,0,0,56,1687,1464,18072,0,0,0,0x07
2026-09-06T11:36:29.131-03:00,48,0,0,56,1687,1464,18072,0,0,0,0x07
2026-09-06T11:36:29.172-03:00,49,0,0,50,1687,1560,17665,0,0,0,0x07
2026-09-06T11:36:29.212-03:00,50,0,0,51,1687,1667,17211,0,0,0,0x07
2026-09-06T11:36:29.256-03:00,51,0,0,51,0,0,0,0,0,0,0x03
2026-09-06T11:36:29.297-03:00,52,0,0,50,0,0,0,0,0,0,0x03
