timestamp,sequence,team,robot_id,interval_ms,left_target_eps,left_measured_eps,left_duty,right_target_eps,right_measured_eps,right_duty,flags
2026-09-06T10:23:54.377-03:00,28,0,2,50,0,0,0,0,0,0,0x03
2026-09-06T10:23:54.421-03:00,29,0,2,51,0,0,0,0,0,0,0x03
2026-09-06T10:23:54.464-03:00,30,0,2,51,0,0,0,0,0,0,0x03
2026-09-06T10:23:54.507-03:00,1,0,2,50,0,0,0,0,0,0,0x03
2026-09-06T10:23:54.550-03:00,2,0,2,50,0,0,0,0,0,0,0x03
2026-09-06T10:23:54.594-03:00,3,0,2,50,0,0,0,0,0,0,0x03
2026-09-06T10:23:54.638-03:00,4,0,2,50,0,0,0,0,0,0,0x03
2026-09-06T10:23:54.685-03:00,5,0,2,61,0,0,0,0,0,0,0x03
2026-09-06T10:23:54.724-03:00,6,0,2,61,0,0,0,0,0,0,0x03
2026-09-06T10:23:54.767-03:00,7,0,2,50,0,0,0,0,0,0,0x03
2026-09-06T10:23:54.811-03:00,8,0,2,51,0,0,0,0,0,0,0x03
2026-09-06T10:23:54.838-03:00,9,0,2,51,0,0,0,0,0,0,0x03
2026-09-06T10:23:54.856-03:00,10,0,2,51,0,0,0,0,0,0,0x03
2026-09-06T10:23:54.873-03:00,11,0,2,51,0,0,17779,0,0,23207,0x07
2026-09-06T10:23:54.891-03:00,12,0,2,51,0,0,17779,0,0,23207,0x07
2026-09-06T10:23:54.914-03:00,13,0,2,50,2024,640,23663,2800,840,31537,0x07
2026-09-06T10:23:54.937-03:00,14,0,2,50,2024,640,23663,2800,840,31537,0x07
2026-09-06T10:23:55.012-03:00,15,0,2,53,2024,1774,18845,2800,2547,24282,0x07
2026-09-06T10:23:55.047-03:00,16,0,2,56,2024,2321,16517,2800,3268,21219,0x07
2026-09-06T10:23:55.110-03:00,17,0,2,56,2024,2321,16517,2800,3268,21219,0x07
2026-09-06T10:23:55.118-03:00,18,0,2,71,2024,2127,17344,2800,2887,22836,0x07
2026-09-06T10:23:55.136-03:00,19,0,2,71,2024,2127,17344,2800,2887,22836,0x07
2026-09-06T10:23:55.177-03:00,20,0,2,61,2024,1934,18161,2800,2656,23820,0x07
2026-09-06T10:23:55.196-03:00,21,0,2,61,2024,1934,18161,2800,2656,23820,0x07
2026-09-06T10:23:55.237-03:00,22,0,2,64,2024,1953,18082,2800,2750,23420,0x07
2026-09-06T10:23:55.262-03:00,23,0,2,64,2024,1953,18082,2800,2750,23420,0x07
2026-09-06T10:23:55.302-03:00,26,0,2,65,2024,2031,17752,2800,2831,23076,0x07
2026-09-06T10:23:55.327-03:00,27,0,2,65,2024,2031,17752,2800,2831,23076,0x07
2026-09-06T10:23:55.393-03:00,28,0,2,66,2024,2030,17754,2800,2773,23323,0x07
2026-09-06T10:23:55.434-03:00,30,0,2,66,2024,2030,17754,2800,2773,23323,0x07
2026-09-06T10:23:55.441-03:00,31,0,2,66,2024,2000,17883,2800,2773,23323,0x07
2026-09-06T10:23:55.501-03:00,33,0,2,66,2024,2000,17883,2800,2773,23323,0x07
2026-09-06T10:23:55.514-03:00,34,0,2,65,2024,1969,18013,2800,2723,23534,0x07
2026-09-06T10:23:55.532-03:00,36,0,2,65,2024,1969,18013,2800,2723,23534,0x07
2026-09-06T10:23:55.565-03:00,37,0,2,65,2024,2015,17817,2800,2769,23338,0x07
2026-09-06T10:23:55.589-03:00,40,0,2,65,2024,2015,17817,2800,2769,23338,0x07
2026-09-06T10:23:55.633-03:00,42,0,2,67,2024,2045,17692,2800,2821,23118,0x07
2026-09-06T10:23:55.700-03:00,43,0,2,67,2024,2045,17692,2800,2821,23118,0x07
2026-09-06T10:23:55.720-03:00,46,0,2,66,2024,2030,17754,2800,2742,23452,0x07
2026-09-06T10:23:55.727-03:00,47,0,2,66,2024,2030,17754,2800,2742,23452,0x07
2026-09-06T10:23:55.762-03:00,48,0,2,64,2024,2016,17816,2800,2781,23287,0x07
2026-09-06T10:23:55.788-03:00,49,0,2,64,2024,2016,17816,2800,2781,23287,0x07
2026-09-06T10:23:55.827-03:00,50,0,2,66,2024,2015,17818,2800,2788,23259,0x07
2026-09-06T10:23:55.886-03:00,52,0,2,66,2024,2015,17818,2800,2788,23259,0x07
2026-09-06T10:23:55.910-03:00,55,0,2,66,2699,2000,25909,2100,2758,15071,0x07
2026-09-06T10:23:55.917-03:00,56,0,2,66,2699,2000,25909,2100,2758,15071,0x07
2026-09-06T10:23:55.952-03:00,57,0,2,58,2699,2397,24223,2100,2397,16606,0x07
2026-09-06T10:23:55.975-03:00,59,0,2,58,2699,2397,24223,2100,2397,16606,0x07
2026-09-06T10:23:56.019-03:00,60,0,2,66,2699,2818,22431,2100,1939,18549,0x07
2026-09-06T10:23:56.043-03:00,62,0,2,66,2699,2818,22431,2100,1939,18549,0x07
2026-09-06T10:23:56.085-03:00,65,0,2,67,2699,2806,22483,2100,2045,18101,0x07
2026-09-06T10:23:56.108-03:00,66,0,2,67,2699,2806,22483,2100,2045,18101,0x07
2026-09-06T10:23:56.173-03:00,67,0,2,65,2699,2662,23097,2100,2108,17833,0x07
2026-09-06T10:23:56.180-03:00,68,0,2,65,2699,2662,23097,2100,2108,17833,0x07
2026-09-06T10:23:56.242-03:00,69,0,2,64,2699,2656,23120,2100,2078,17959,0x07
2026-09-06T10:23:56.255-03:00,71,0,2,64,2699,2656,23120,2100,2078,17959,0x07
2026-09-06T10:23:56.279-03:00,72,0,2,65,2699,2677,23032,2100,2046,18095,0x07
2026-09-06T10:23:56.303-03:00,75,0,2,65,2699,2677,23032,2100,2046,18095,0x07
2026-09-06T10:23:56.344-03:00,76,0,2,65,2699,2692,22966,2100,2123,17768,0x07
2026-09-06T10:23:56.369-03:00,79,0,2,65,2699,2692,22966,2100,2123,17768,0x07
2026-09-06T10:23:56.431-03:00,80,0,2,66,2699,2682,23011,2100,2076,17969,0x07
2026-09-06T10:23:56.438-03:00,83,0,2,66,2699,2682,23011,2100,2076,17969,0x07
2026-09-06T10:23:56.494-03:00,84,0,2,62,2699,2710,22892,2100,1887,18771,0x07
2026-09-06T10:23:56.502-03:00,85,0,2,62,2699,2710,22892,2100,1887,18771,0x07
2026-09-06T10:23:56.538-03:00,86,0,2,64,2699,2672,23053,2100,2016,18225,0x07
2026-09-06T10:23:56.561-03:00,88,0,2,64,2699,2672,23053,2100,2016,18225,0x07
2026-09-06T10:23:56.605-03:00,89,0,2,67,2699,2701,22927,2100,2179,17530,0x07
2026-09-06T10:23:56.667-03:00,92,0,2,67,2699,2701,22927,2100,2179,17530,0x07
2026-09-06T10:23:56.675-03:00,93,0,2,66,3374,2697,30971,1400,2121,9460,0x07
2026-09-06T10:23:56.698-03:00,95,0,2,66,3374,2697,30971,1400,2121,9460,0x07
2026-09-06T10:23:56.726-03:00,96,0,2,57,3374,3035,29534,1400,1667,11392,0x07
2026-09-06T10:23:56.749-03:00,98,0,2,57,3374,3035,29534,1400,1667,11392,0x07
2026-09-06T10:23:56.791-03:00,99,0,2,65,3374,3508,27526,1400,1154,13571,0x07
2026-09-06T10:23:56.814-03:00,101,0,2,65,3374,3508,27526,1400,1154,13571,0x07
2026-09-06T10:23:56.858-03:00,104,0,2,65,3374,3446,27787,1400,1292,12983,0x07
2026-09-06T10:23:56.923-03:00,105,0,2,65,3374,3446,27787,1400,1292,12983,0x07
2026-09-06T10:23:56.931-03:00,106,0,2,67,3374,3388,28034,1400,1478,12195,0x07
2026-09-06T10:23:56.946-03:00,107,0,2,67,3374,3388,28034,1400,1478,12195,0x07
2026-09-06T10:23:56.989-03:00,108,0,2,65,3374,3354,28180,1400,1446,12329,0x07
2026-09-06T10:23:57.072-03:00,110,0,2,65,3374,3354,28180,1400,1446,12329,0x07
2026-09-06T10:23:57.119-03:00,111,0,2,66,3374,3364,28138,1400,1379,12615,0x07
2026-09-06T10:23:57.141-03:00,113,0,2,60,3374,3367,28125,1400,1367,12668,0x07
2026-09-06T10:23:57.149-03:00,116,0,2,60,3374,3367,28125,1400,1367,12668,0x07
2026-09-06T10:23:57.188-03:00,117,0,2,69,3374,3362,28144,1400,1362,12687,0x07
2026-09-06T10:23:57.212-03:00,118,0,2,69,3374,3362,28144,1400,1362,12687,0x07
2026-09-06T10:23:57.258-03:00,120,0,2,71,3374,3380,28067,1400,1408,12492,0x07
2026-09-06T10:23:57.289-03:00,124,0,2,71,3374,3380,28067,1400,1408,12492,0x07
2026-09-06T10:23:57.329-03:00,126,0,2,70,3374,3371,28105,1400,1400,12529,0x07
2026-09-06T10:23:57.352-03:00,127,0,2,70,3374,3371,28105,1400,1400,12529,0x07
2026-09-06T10:23:57.423-03:00,128,0,2,70,3374,3371,28105,1400,1429,12408,0x07
2026-09-06T10:23:57.430-03:00,130,0,2,70,3374,3371,28105,1400,1429,12408,0x07
2026-09-06T10:23:57.461-03:00,131,0,2,70,1350,3343,4151,3500,1400,37482,0x07
2026-09-06T10:23:57.479-03:00,133,0,2,70,1350,3343,4151,3500,1400,37482,0x07
2026-09-06T10:23:57.549-03:00,135,0,2,56,1350,2179,9090,3500,2393,33267,0x07
2026-09-06T10:23:57.562-03:00,137,0,2,56,1350,2179,9090,3500,2393,33267,0x07
2026-09-06T10:23:57.627-03:00,138,0,2,70,1350,900,14526,3500,3943,26673,0x07
2026-09-06T10:23:57.666-03:00,141,0,2,70,1350,900,14526,3500,3943,26673,0x07
2026-09-06T10:23:57.679-03:00,142,0,2,71,1350,958,14286,3500,3831,27137,0x07
2026-09-06T10:23:57.737-03:00,144,0,2,71,1350,958,14286,3500,3831,27137,0x07
2026-09-06T10:23:57.744-03:00,145,0,2,70,1350,1443,12227,3500,3357,29146,0x07
2026-09-06T10:23:57.761-03:00,148,0,2,70,1350,1443,12227,3500,3357,29146,0x07
2026-09-06T10:23:57.807-03:00,149,0,2,71,1350,1465,12134,3500,3408,28924,0x07
2026-09-06T10:23:57.832-03:00,152,0,2,71,1350,1465,12134,3500,3408,28924,0x07
2026-09-06T10:23:57.878-03:00,154,0,2,71,1350,1338,12675,3500,3479,28622,0x07
2026-09-06T10:23:57.902-03:00,155,0,2,71,1350,1338,12675,3500,3479,28622,0x07
2026-09-06T10:23:57.949-03:00,157,0,2,71,1350,1282,12917,3500,3465,28680,0x07
2026-09-06T10:23:57.972-03:00,158,0,2,71,1350,1282,12917,3500,3465,28680,0x07
2026-09-06T10:23:58.019-03:00,159,0,2,71,1350,1352,12619,3500,3493,28557,0x07
2026-09-06T10:23:58.043-03:00,161,0,2,71,1350,1352,12619,3500,3493,28557,0x07
2026-09-06T10:23:58.089-03:00,162,0,2,70,1350,1357,12599,3500,3500,28525,0x07
2026-09-06T10:23:58.120-03:00,164,0,2,70,1350,1357,12599,3500,3500,28525,0x07
2026-09-06T10:23:58.158-03:00,165,0,2,70,1350,1314,12783,3500,3486,28584,0x07
2026-09-06T10:23:58.181-03:00,168,0,2,70,1350,1314,12783,3500,3486,28584,0x07
2026-09-06T10:23:58.229-03:00,169,0,2,69,1350,1333,12704,3500,3290,29417,0x07
2026-09-06T10:23:58.289-03:00,171,0,2,69,1350,1333,12704,3500,3290,29417,0x07
2026-09-06T10:23:58.301-03:00,172,0,2,71,2024,1394,20475,2800,3535,20062,0x07
2026-09-06T10:23:58.360-03:00,174,0,2,71,2024,1394,20475,2800,3535,20062,0x07
2026-09-06T10:23:58.382-03:00,176,0,2,60,2024,1700,19177,2800,3117,21841,0x07
2026-09-06T10:23:58.390-03:00,178,0,2,60,2024,1700,19177,2800,3117,21841,0x07
2026-09-06T10:23:58.428-03:00,179,0,2,69,2024,2174,17163,2800,2609,24002,0x07
2026-09-06T10:23:58.454-03:00,181,0,2,69,2024,2174,17163,2800,2609,24002,0x07
2026-09-06T10:23:58.523-03:00,185,0,2,71,2024,2127,17363,2800,2718,23537,0x07
2026-09-06T10:23:58.530-03:00,186,0,2,71,2024,2127,17363,2800,2718,23537,0x07
2026-09-06T10:23:58.569-03:00,188,0,2,70,2024,1986,17962,2800,2800,23191,0x07
2026-09-06T10:23:58.640-03:00,189,0,2,70,2024,1986,17962,2800,2800,23191,0x07
2026-09-06T10:23:58.647-03:00,190,0,2,70,2024,1986,17962,2800,2786,23254,0x07
2026-09-06T10:23:58.665-03:00,192,0,2,70,2024,1986,17962,2800,2786,23254,0x07
2026-09-06T10:23:58.711-03:00,193,0,2,71,2024,2056,17662,2800,2859,22943,0x07
2026-09-06T10:23:58.779-03:00,196,0,2,71,2024,2056,17662,2800,2859,22943,0x07
2026-09-06T10:23:58.786-03:00,197,0,2,70,2024,1986,17963,2800,2700,23620,0x07
2026-09-06T10:23:58.804-03:00,199,0,2,70,2024,1986,17963,2800,2700,23620,0x07
2026-09-06T10:23:58.850-03:00,202,0,2,69,2024,2029,17780,2800,2754,23394,0x07
2026-09-06T10:23:58.873-03:00,203,0,2,69,2024,2029,17780,2800,2754,23394,0x07
2026-09-06T10:23:58.946-03:00,204,0,2,71,2024,2014,17843,2800,2831,23066,0x07
2026-09-06T10:23:58.953-03:00,206,0,2,71,2024,2014,17843,2800,2831,23066,0x07
2026-09-06T10:23:58.989-03:00,209,0,2,69,2024,2000,17903,2800,2768,23335,0x07
2026-09-06T10:23:59.011-03:00,210,0,2,69,2024,2000,17903,2800,2768,23335,0x07
2026-09-06T10:23:59.075-03:00,211,0,2,69,2699,1971,26058,2100,2754,15082,0x07
2026-09-06T10:23:59.119-03:00,213,0,2,69,2699,1971,26058,2100,2754,15082,0x07
2026-09-06T10:23:59.126-03:00,214,0,2,58,2699,2397,24249,2100,2448,16381,0x07
2026-09-06T10:23:59.145-03:00,217,0,2,58,2699,2397,24249,2100,2448,16381,0x07
2026-09-06T10:23:59.186-03:00,218,0,2,70,2699,2843,22350,2100,1929,18591,0x07
2026-09-06T10:23:59.210-03:00,220,0,2,70,2699,2843,22350,2100,1929,18591,0x07
2026-09-06T10:23:59.256-03:00,221,0,2,70,2699,2800,22532,2100,1971,18410,0x07
2026-09-06T10:23:59.279-03:00,224,0,2,70,2699,2800,22532,2100,1971,18410,0x07
2026-09-06T10:23:59.327-03:00,226,0,2,70,2699,2629,23258,2100,2100,17866,0x07
2026-09-06T10:23:59.351-03:00,227,0,2,70,2699,2629,23258,2100,2100,17866,0x07
2026-09-06T10:23:59.417-03:00,228,0,2,89,2699,2685,23016,2100,2169,17576,0x07
2026-09-06T10:23:59.441-03:00,230,0,2,89,2699,2685,23016,2100,2169,17576,0x07
2026-09-06T10:23:59.510-03:00,231,0,2,71,2699,2718,22875,2100,2085,17935,0x07
2026-09-06T10:23:59.517-03:00,233,0,2,71,2699,2718,22875,2100,2085,17935,0x07
2026-09-06T10:23:59.557-03:00,234,0,2,71,2699,2662,23113,2100,2028,18175,0x07
2026-09-06T10:23:59.581-03:00,236,0,2,71,2699,2662,23113,2100,2028,18175,0x07
2026-09-06T10:23:59.629-03:00,237,0,2,69,2699,2710,22907,2100,2116,17804,0x07
2026-09-06T10:23:59.700-03:00,241,0,2,69,2699,2710,22907,2100,2116,17804,0x07
2026-09-06T10:23:59.722-03:00,242,0,2,72,2699,2681,23032,2100,2111,17826,0x07
2026-09-06T10:23:59.729-03:00,245,0,2,72,2699,2681,23032,2100,2111,17826,0x07
2026-09-06T10:23:59.771-03:00,246,0,2,68,2699,2721,22861,2100,2059,18050,0x07
2026-09-06T10:23:59.789-03:00,248,0,2,68,2699,2721,22861,2100,2059,18050,0x07
2026-09-06T10:23:59.837-03:00,249,0,2,70,2699,2657,23130,2100,2029,18180,0x07
2026-09-06T10:23:59.860-03:00,251,0,2,70,2699,2657,23130,2100,2029,18180,0x07
2026-09-06T10:23:59.895-03:00,255,0,2,70,3374,2743,30794,1400,2129,9436,0x07
2026-09-06T10:23:59.918-03:00,256,0,2,70,3374,2743,30794,1400,2129,9436,0x07
2026-09-06T10:23:59.990-03:00,257,0,2,58,3374,3034,29554,1400,1759,11009,0x07
2026-09-06T10:23:59.997-03:00,259,0,2,58,3374,3034,29554,1400,1759,11009,0x07
2026-09-06T10:24:00.034-03:00,260,0,2,69,3374,3478,27666,1400,1188,13435,0x07
2026-09-06T10:24:00.102-03:00,262,0,2,69,3374,3478,27666,1400,1188,13435,0x07
2026-09-06T10:24:00.110-03:00,263,0,2,68,3374,3515,27508,1400,1221,13302,0x07
2026-09-06T10:24:00.128-03:00,265,0,2,68,3374,3515,27508,1400,1221,13302,0x07
2026-09-06T10:24:00.170-03:00,266,0,2,69,3374,3333,28277,1400,1406,12518,0x07
2026-09-06T10:24:00.194-03:00,269,0,2,69,3374,3333,28277,1400,1406,12518,0x07
2026-09-06T10:24:00.239-03:00,270,0,2,69,3374,3319,28336,1400,1435,12398,0x07
2026-09-06T10:24:00.263-03:00,272,0,2,69,3374,3319,28336,1400,1435,12398,0x07
2026-09-06T10:24:00.332-03:00,275,0,2,69,3374,3377,28088,1400,1420,12462,0x07
2026-09-06T10:24:00.339-03:00,276,0,2,69,3374,3377,28088,1400,1420,12462,0x07
2026-09-06T10:24:00.377-03:00,277,0,2,70,3374,3329,28292,1400,1400,12551,0x07
2026-09-06T10:24:00.402-03:00,279,0,2,70,3374,3329,28292,1400,1400,12551,0x07
2026-09-06T10:24:00.447-03:00,280,0,2,69,3374,3377,28085,1400,1377,12652,0x07
2026-09-06T10:24:00.517-03:00,282,0,2,69,3374,3377,28085,1400,1377,12652,0x07
2026-09-06T10:24:00.541-03:00,283,0,2,69,3374,3406,27961,1400,1377,12655,0x07
2026-09-06T10:24:00.551-03:00,286,0,2,69,3374,3406,27961,1400,1377,12655,0x07
2026-09-06T10:24:00.586-03:00,287,0,2,69,3374,3377,28082,1400,1391,12595,0x07
2026-09-06T10:24:00.609-03:00,289,0,2,69,3374,3377,28082,1400,1391,12595,0x07
2026-09-06T10:24:00.655-03:00,290,0,2,69,3374,3377,28081,1400,1391,12597,0x07
2026-09-06T10:24:00.679-03:00,292,0,2,69,3374,3377,28081,1400,1391,12597,0x07
2026-09-06T10:24:00.736-03:00,295,0,2,70,1350,3314,4272,3500,1414,37492,0x07
2026-09-06T10:24:00.749-03:00,297,0,2,70,1350,3314,4272,3500,1414,37492,0x07
2026-09-06T10:24:00.781-03:00,298,0,2,56,1350,2232,8871,3500,2446,33108,0x07
2026-09-06T10:24:00.805-03:00,299,0,2,56,1350,2232,8871,3500,2446,33108,0x07
2026-09-06T10:24:00.887-03:00,300,0,2,72,1350,917,14466,3500,3917,26856,0x07
2026-09-06T10:24:00.910-03:00,302,0,2,72,1350,917,14466,3500,3917,26856,0x07
2026-09-06T10:24:00.928-03:00,304,0,2,74,1350,1108,13657,3500,3811,27302,0x07
2026-09-06T10:24:00.950-03:00,307,0,2,74,1350,1108,13657,3500,3811,27302,0x07
2026-09-06T10:24:00.996-03:00,308,0,2,70,1350,1443,12239,3500,3371,29166,0x07
2026-09-06T10:24:01.021-03:00,309,0,2,70,1350,1443,12239,3500,3371,29166,0x07
2026-09-06T10:24:01.091-03:00,310,0,2,70,1350,1400,12424,3500,3400,29044,0x07
2026-09-06T10:24:01.138-03:00,315,0,2,70,1350,1400,12424,3500,3400,29044,0x07
2026-09-06T10:24:01.162-03:00,316,0,2,71,1350,1310,12811,3500,3549,28407,0x07
2026-09-06T10:24:01.210-03:00,317,0,2,71,1350,1310,12811,3500,3549,28407,0x07
2026-09-06T10:24:01.234-03:00,318,0,2,71,1350,1296,12874,3500,3451,28825,0x07
2026-09-06T10:24:01.242-03:00,320,0,2,71,1350,1296,12874,3500,3451,28825,0x07
2026-09-06T10:24:01.309-03:00,321,0,2,71,1350,1352,12637,3500,3521,28524,0x07
2026-09-06T10:24:01.316-03:00,324,0,2,71,1350,1352,12637,3500,3521,28524,0x07
2026-09-06T10:24:01.352-03:00,327,0,2,72,1350,1389,12484,3500,3514,28553,0x07
2026-09-06T10:24:01.376-03:00,328,0,2,72,1350,1389,12484,3500,3514,28553,0x07
2026-09-06T10:24:01.424-03:00,330,0,2,71,1350,1366,12583,3500,3507,28580,0x07
2026-09-06T10:24:01.446-03:00,331,0,2,71,1350,1366,12583,3500,3507,28580,0x07
2026-09-06T10:24:01.481-03:00,332,0,2,70,2024,1300,20903,2800,3457,20465,0x07
2026-09-06T10:24:01.505-03:00,335,0,2,70,2024,1300,20903,2800,3457,20465,0x07
2026-09-06T10:24:01.551-03:00,336,0,2,59,2024,1644,19442,2800,3051,22192,0x07
2026-09-06T10:24:01.575-03:00,338,0,2,59,2024,1644,19442,2800,3051,22192,0x07
2026-09-06T10:24:01.621-03:00,339,0,2,69,2024,2159,17252,2800,2696,23701,0x07
2026-09-06T10:24:01.710-03:00,341,0,2,69,2024,2159,17252,2800,2696,23701,0x07
2026-09-06T10:24:01.717-03:00,342,0,2,71,2024,2127,17392,2800,2718,23605,0x07
2026-09-06T10:24:01.758-03:00,344,0,2,66,2024,1985,17996,2800,2803,23246,0x07
2026-09-06T10:24:01.783-03:00,345,0,2,66,2024,1985,17996,2800,2803,23246,0x07
2026-09-06T10:24:01.829-03:00,347,0,2,71,2024,2014,17872,2800,2845,23067,0x07
2026-09-06T10:24:01.860-03:00,348,0,2,71,2024,2014,17872,2800,2845,23067,0x07
2026-09-06T10:24:01.899-03:00,351,0,2,71,2024,1986,17993,2800,2732,23546,0x07
2026-09-06T10:24:01.924-03:00,355,0,2,71,2024,1986,17993,2800,2732,23546,0x07
2026-09-06T10:24:01.972-03:00,356,0,2,70,2024,2057,17691,2800,2786,23321,0x07
2026-09-06T10:24:01.996-03:00,358,0,2,70,2024,2057,17691,2800,2786,23321,0x07
2026-09-06T10:24:02.068-03:00,359,0,2,73,2024,2027,17817,2800,2795,23283,0x07
2026-09-06T10:24:02.111-03:00,361,0,2,73,2024,2027,17817,2800,2795,23283,0x07
2026-09-06T10:24:02.119-03:00,363,0,2,70,2024,2014,17874,2800,2800,23261,0x07
2026-09-06T10:24:02.135-03:00,365,0,2,70,2024,2014,17874,2800,2800,23261,0x07
2026-09-06T10:24:02.183-03:00,366,0,2,70,2024,2029,17813,2800,2786,23322,0x07
2026-09-06T10:24:02.207-03:00,368,0,2,70,2024,2029,17813,2800,2786,23322,0x07
2026-09-06T10:24:02.255-03:00,369,0,2,71,2024,2014,17876,2800,2803,23249,0x07
2026-09-06T10:24:02.279-03:00,373,0,2,71,2024,2014,17876,2800,2803,23249,0x07
2026-09-06T10:24:02.312-03:00,375,0,2,71,2699,2056,25737,2100,2817,14861,0x07
2026-09-06T10:24:02.336-03:00,376,0,2,71,2699,2056,25737,2100,2817,14861,0x07
2026-09-06T10:24:02.384-03:00,377,0,2,59,2699,2356,24464,2100,2390,16677,0x07
2026-09-06T10:24:02.454-03:00,379,0,2,59,2699,2356,24464,2100,2390,16677,0x07
2026-09-06T10:24:02.461-03:00,380,0,2,70,2699,2886,22210,2100,1957,18519,0x07
2026-09-06T10:24:02.478-03:00,382,0,2,70,2699,2886,22210,2100,1957,18519,0x07
2026-09-06T10:24:02.523-03:00,383,0,2,70,2699,2814,22513,2100,1986,18400,0x07
2026-09-06T10:24:02.547-03:00,386,0,2,70,2699,2814,22513,2100,1986,18400,0x07
2026-09-06T10:24:02.616-03:00,387,0,2,69,2699,2652,23200,2100,2145,17725,0x07
2026-09-06T10:24:02.664-03:00,389,0,2,69,2699,2652,23200,2100,2145,17725,0x07
2026-09-06T10:24:02.674-03:00,392,0,2,71,2699,2634,23277,2100,2085,17984,0x07
2026-09-06T10:24:02.692-03:00,393,0,2,71,2699,2634,23277,2100,2085,17984,0x07
2026-09-06T10:24:02.733-03:00,394,0,2,71,2699,2704,22977,2100,2113,17865,0x07
2026-09-06T10:24:02.803-03:00,396,0,2,71,2699,2704,22977,2100,2113,17865,0x07
2026-09-06T10:24:02.827-03:00,397,0,2,69,2699,2681,23074,2100,2116,17853,0x07
2026-09-06T10:24:02.834-03:00,400,0,2,69,2699,2681,23074,2100,2116,17853,0x07
2026-09-06T10:24:02.899-03:00,403,0,2,69,2699,2681,23073,2100,2043,18163,0x07
2026-09-06T10:24:02.912-03:00,404,0,2,69,2699,2681,23073,2100,2043,18163,0x07
2026-09-06T10:24:02.942-03:00,405,0,2,69,2699,2725,22887,2100,2130,17796,0x07
2026-09-06T10:24:02.967-03:00,407,0,2,69,2699,2725,22887,2100,2130,17796,0x07
2026-09-06T10:24:03.048-03:00,410,0,2,71,2699,2634,23272,2100,2113,17873,0x07
2026-09-06T10:24:03.069-03:00,411,0,2,71,2699,2634,23272,2100,2113,17873,0x07
2026-09-06T10:24:03.081-03:00,412,0,2,69,3374,2696,31047,1400,2072,9710,0x07
2026-09-06T10:24:03.093-03:00,415,0,2,69,3374,2696,31047,1400,2072,9710,0x07
2026-09-06T10:24:03.163-03:00,416,0,2,57,3374,3070,29453,1400,1684,11362,0x07
2026-09-06T10:24:03.208-03:00,417,0,2,57,3374,3070,29453,1400,1684,11362,0x07
2026-09-06T10:24:03.231-03:00,418,0,2,69,3374,3493,27654,1400,1232,13288,0x07
2026-09-06T10:24:03.239-03:00,422,0,2,69,3374,3493,27654,1400,1232,13288,0x07
2026-09-06T10:24:03.279-03:00,423,0,2,71,3374,3493,27650,1400,1310,12961,0x07
2026-09-06T10:24:03.350-03:00,424,0,2,71,3374,3493,27650,1400,1310,12961,0x07
2026-09-06T10:24:03.357-03:00,425,0,2,70,3374,3371,28164,1400,1486,12217,0x07
2026-09-06T10:24:03.423-03:00,428,0,2,70,3374,3371,28164,1400,1486,12217,0x07
2026-09-06T10:24:03.435-03:00,430,0,2,70,3374,3343,28282,1400,1443,12402,0x07
2026-09-06T10:24:03.454-03:00,431,0,2,70,3374,3343,28282,1400,1443,12402,0x07
2026-09-06T10:24:03.486-03:00,432,0,2,69,3374,3348,28259,1400,1333,12870,0x07
2026-09-06T10:24:03.510-03:00,434,0,2,69,3374,3348,28259,1400,1333,12870,0x07
2026-09-06T10:24:03.579-03:00,437,0,2,68,3374,3382,28110,1400,1353,12790,0x07
2026-09-06T10:24:03.628-03:00,438,0,2,68,3374,3382,28110,1400,1353,12790,0x07
2026-09-06T10:24:03.652-03:00,441,0,2,70,3374,3429,27911,1400,1400,12593,0x07
2026-09-06T10:24:03.659-03:00,442,0,2,70,3374,3429,27911,1400,1400,12593,0x07
2026-09-06T10:24:03.725-03:00,443,0,2,71,3374,3310,28413,1400,1437,12440,0x07
2026-09-06T10:24:03.767-03:00,444,0,2,71,3374,3310,28413,1400,1437,12440,0x07
2026-09-06T10:24:03.775-03:00,445,0,2,71,3374,3394,28051,1400,1408,12563,0x07
2026-09-06T10:24:03.823-03:00,448,0,2,71,3374,3394,28051,1400,1408,12563,0x07
2026-09-06T10:24:03.839-03:00,451,0,2,69,1350,3391,3965,3500,1420,37555,0x07
2026-09-06T10:24:03.857-03:00,452,0,2,69,1350,3391,3965,3500,1420,37555,0x07
2026-09-06T10:24:03.914-03:00,453,0,2,54,1350,2148,9250,3500,2407,33359,0x07
2026-09-06T10:24:03.921-03:00,456,0,2,54,1350,2148,9250,3500,2407,33359,0x07
2026-09-06T10:24:03.963-03:00,458,0,2,70,1350,814,14924,3500,3871,27132,0x07
2026-09-06T10:24:03.986-03:00,459,0,2,70,1350,814,14924,3500,3871,27132,0x07
2026-09-06T10:24:04.055-03:00,461,0,2,72,1350,1097,13728,3500,3875,27112,0x07
2026-09-06T10:24:04.100-03:00,462,0,2,68,1350,1485,12082,3500,3353,29328,0x07
2026-09-06T10:24:04.132-03:00,463,0,2,68,1350,1485,12082,3500,3353,29328,0x07
2026-09-06T10:24:04.173-03:00,465,0,2,71,1350,1465,12173,3500,3451,28910,0x07
2026-09-06T10:24:04.197-03:00,466,0,2,71,1350,1465,12173,3500,3451,28910,0x07
2026-09-06T10:24:04.280-03:00,468,0,2,72,1350,1278,12972,3500,3444,28933,0x07
2026-09-06T10:24:04.315-03:00,469,0,2,72,1350,1278,12972,3500,3444,28933,0x07
2026-09-06T10:24:04.346-03:00,472,0,2,71,1350,1296,12900,3500,3549,28484,0x07
2026-09-06T10:24:04.358-03:00,474,0,2,71,1350,1296,12900,3500,3549,28484,0x07
2026-09-06T10:24:04.387-03:00,476,0,2,71,1350,1366,12603,3500,3521,28601,0x07
2026-09-06T10:24:04.457-03:00,478,0,2,71,1350,1366,12603,3500,3521,28601,0x07
2026-09-06T10:24:04.485-03:00,479,0,2,71,1350,1338,12727,3500,3437,28957,0x07
2026-09-06T10:24:04.523-03:00,484,0,2,71,1350,1338,12727,3500,3437,28957,0x07
2026-09-06T10:24:04.567-03:00,485,0,2,71,1350,1338,12730,3500,3451,28896,0x07
2026-09-06T10:24:04.610-03:00,487,0,2,71,1350,1338,12730,3500,3451,28896,0x07
2026-09-06T10:24:04.654-03:00,492,0,2,68,0,0,0,0,0,0,0x03
2026-09-06T10:24:04.698-03:00,493,0,2,68,0,0,0,0,0,0,0x03
2026-09-06T10:24:04.741-03:00,494,0,2,68,0,0,0,0,0,0,0x03
