timestamp,sequence,team,robot_id,interval_ms,left_target_eps,left_measured_eps,left_duty,right_target_eps,right_measured_eps,right_duty,flags
2026-09-06T08:28:45.694,925,0,2,50,1687,0,24295,-1750,-100,23946,0x07
2026-09-06T08:28:45.745,927,0,2,50,0,0,17125,0,0,16934,0x07
2026-09-06T08:28:45.809,929,0,2,51,0,0,0,0,0,0,0x03
2026-09-06T08:28:45.890,65535,0,2,51,0,0,0,0,0,0,0x0b
2026-09-06T08:28:45.955,931,0,2,50,0,0,0,0,0,0,0x03
2026-09-06T08:28:46.020,0,0,2,51,0,0,0,0,0,0,0x03
2026-09-06T08:28:46.085,1,0,2,51,0,0,0,0,0,0,0x03
2026-09-06T08:28:46.150,2,0,2,50,0,0,0,0,0,0,0x03
2026-09-06T08:28:46.214,3,0,2,52,0,0,0,0,0,0,0x03
2026-09-06T08:28:46.295,4,0,2,51,0,0,0,0,0,0,0x03
2026-09-06T08:28:46.343,5,0,2,50,0,0,0,0,0,0,0x03
2026-09-06T08:28:46.425,6,0,2,50,0,0,0,0,0,0,0x03
2026-09-06T08:28:46.489,7,0,2,50,0,0,0,0,0,0,0x03
2026-09-06T08:28:46.554,8,0,2,51,0,0,0,0,0,0,0x03
2026-09-06T08:28:46.618,9,0,2,50,0,0,0,0,0,0,0x03
2026-09-06T08:28:46.683,10,0,2,50,0,0,0,0,0,0,0x03
2026-09-06T08:28:46.748,11,0,2,50,0,0,0,0,0,0,0x03
2026-09-06T08:28:46.828,12,0,2,52,0,0,0,0,0,0,0x03
2026-09-06T08:28:46.893,13,0,2,51,0,0,0,0,0,0,0x03
2026-09-06T08:28:46.958,14,0,2,60,0,0,0,0,0,0,0x03
2026-09-06T08:28:47.023,15,0,2,51,0,0,0,0,0,0,0x03
2026-09-06T08:28:47.087,16,0,2,51,0,0,0,0,0,0,0x03
2026-09-06T08:28:47.152,17,0,2,51,0,0,0,0,0,0,0x03
2026-09-06T08:28:47.217,18,0,2,51,0,0,0,0,0,0,0x03
2026-09-06T08:28:47.298,19,0,2,50,0,0,0,0,0,0,0x03
2026-09-06T08:28:47.363,20,0,2,51,0,0,0,0,0,0,0x03
2026-09-06T08:28:47.428,21,0,2,50,0,0,0,0,0,0,0x03
2026-09-06T08:28:47.492,22,0,2,50,0,0,0,0,0,0,0x03
2026-09-06T08:28:47.557,23,0,2,51,0,0,0,0,0,0,0x03
2026-09-06T08:28:47.622,24,0,2,52,0,0,0,0,0,0,0x03
2026-09-06T08:28:47.687,25,0,2,52,0,0,0,0,0,0,0x03
2026-09-06T08:28:47.752,26,0,2,50,0,0,0,0,0,0,0x03
2026-09-06T08:28:47.832,27,0,2,50,0,0,0,0,0,0,0x03
2026-09-06T08:28:47.897,28,0,2,52,0,0,0,0,0,0,0x03
2026-09-06T08:28:47.962,29,0,2,51,0,0,0,0,0,0,0x03
2026-09-06T08:28:48.026,30,0,2,51,0,0,0,0,0,0,0x03
2026-09-06T08:28:48.091,31,0,2,50,0,0,0,0,0,0,0x03
2026-09-06T08:28:48.156,32,0,2,52,0,0,0,0,0,0,0x03
2026-09-06T08:28:48.221,33,0,2,52,0,0,30741,0,0,30789,0x07
2026-09-06T08:28:48.302,34,0,2,50,3374,740,40000,3462,840,40000,0x07
2026-09-06T08:28:48.367,35,0,2,51,3374,510,40000,3462,1686,38335,0x07
2026-09-06T08:28:48.432,36,0,2,54,3374,1222,39886,3480,2074,36916,0x07
2026-09-06T08:28:48.497,37,0,2,51,3374,1588,38330,3480,2020,37147,0x07
2026-09-06T08:28:48.562,38,0,2,50,3374,1660,38026,3491,1660,38810,0x07
2026-09-06T08:28:48.627,39,0,2,54,3318,1870,36445,3500,1630,39047,0x07
2026-09-06T08:28:48.692,40,0,2,52,3318,1404,38428,3500,1846,38127,0x07
2026-09-06T08:28:48.757,41,0,2,51,3100,1824,33951,3376,2039,35772,0x07
2026-09-06T08:28:48.838,42,0,2,51,2528,1784,27079,2928,2157,29751,0x07
2026-09-06T08:28:48.887,43,0,2,56,1150,1732,10315,1725,1714,16778,0x07
2026-09-06T08:28:48.968,44,0,2,56,387,1143,3420,1349,1375,13572,0x07
2026-09-06T08:28:49.033,45,0,2,51,387,1176,3277,1349,1353,13665,0x07
2026-09-06T08:28:49.098,46,0,2,51,271,1176,1843,1469,1314,15323,0x07
2026-09-06T08:28:49.163,47,0,2,56,1524,643,19551,169,1143,3,0x07
2026-09-06T08:28:49.228,48,0,2,50,1524,1380,16418,169,540,2565,0x07
2026-09-06T08:28:49.292,49,0,2,52,1487,904,17984,208,115,4845,0x07
2026-09-06T08:28:49.373,50,0,2,51,1479,608,19150,216,373,3847,0x07
2026-09-06T08:28:49.438,51,0,2,50,1490,940,17871,204,480,3252,0x07
2026-09-06T08:28:49.503,52,0,2,50,1529,960,18265,164,420,3014,0x07
2026-09-06T08:28:49.568,53,0,2,53,185,509,3618,1559,1151,17116,0x07
2026-09-06T08:28:49.632,54,0,2,50,185,240,4763,1559,1320,16398,0x07
2026-09-06T08:28:49.698,55,0,2,51,185,706,2787,1558,412,20253,0x07
2026-09-06T08:28:49.763,56,0,2,51,159,549,3134,1585,686,19419,0x07
2026-09-06T08:28:49.827,57,0,2,55,1472,1255,16315,223,418,3744,0x07
2026-09-06T08:28:49.908,58,0,2,51,1472,471,19646,223,392,3855,0x07
2026-09-06T08:28:49.973,59,0,2,51,1446,667,18497,250,392,4183,0x07
2026-09-06T08:28:50.038,60,0,2,52,1453,750,18227,243,327,4373,0x07
2026-09-06T08:28:50.103,61,0,2,50,1470,940,17631,225,240,4523,0x07
2026-09-06T08:28:50.168,62,0,2,51,1484,1000,17546,210,216,4449,0x07
2026-09-06T08:28:50.233,63,0,2,51,1447,961,17251,249,216,4928,0x07
2026-09-06T08:28:50.509,64,0,2,52,1447,962,17248,249,192,5028,0x07
2026-09-06T08:28:50.574,65,0,2,50,1403,980,16625,295,200,5561,0x07
2026-09-06T08:28:50.639,66,0,2,51,1294,1059,14951,408,255,6719,0x07
2026-09-06T08:28:50.704,67,0,2,51,0,0,13400,0,0,6644,0x07
2026-09-06T08:28:50.769,68,0,2,50,1225,480,16568,479,200,7829,0x07
2026-09-06T08:28:50.834,72,0,2,50,1167,1060,13383,539,580,6961,0x07
2026-09-06T08:28:50.964,73,0,2,59,3169,763,39311,3089,1576,34197,0x07
2026-09-06T08:28:51.045,74,0,2,53,3169,1057,38062,3089,2038,32236,0x07
2026-09-06T08:28:51.110,75,0,2,51,3263,1294,38213,3229,1667,35545,0x07
2026-09-06T08:28:51.174,76,0,2,56,3374,1964,36732,3455,1804,37754,0x07
2026-09-06T08:28:51.239,77,0,2,50,3374,1660,38026,3455,1560,38790,0x07
2026-09-06T08:28:51.304,79,0,2,50,3358,1600,38089,3500,1800,38323,0x07
2026-09-06T08:28:51.370,80,0,2,54,2245,2093,22281,2689,2056,27231,0x07
2026-09-06T08:28:51.450,81,0,2,64,1444,1922,13129,1987,1828,19530,0x07
2026-09-06T08:28:51.499,82,0,2,61,539,1787,2554,1191,1918,9319,0x07
2026-09-06T08:28:51.581,83,0,2,50,539,1200,5048,1191,1640,10501,0x07
2026-09-06T08:28:51.645,84,0,2,50,469,1200,4192,1263,1320,12751,0x07
2026-09-06T08:28:51.711,85,0,2,52,408,1288,3063,1326,1269,13749,0x07
2026-09-06T08:28:51.776,86,0,2,50,359,780,4621,1377,1600,12969,0x07
2026-09-06T08:28:51.841,87,0,2,50,333,600,5062,1405,1420,14071,0x07
2026-09-06T08:28:51.906,88,0,2,51,329,451,5650,1409,1471,13908,0x07
2026-09-06T08:28:52.035,89,0,2,51,352,392,6175,1385,1118,15120,0x07
2026-09-06T08:28:52.117,90,0,2,50,404,480,6445,1331,1000,14950,0x07
2026-09-06T08:28:52.247,91,0,2,51,471,490,7229,1261,902,14507,0x07
2026-09-06T08:28:52.312,92,0,2,50,527,360,8476,1203,920,13709,0x07
2026-09-06T08:28:52.377,93,0,2,50,1094,460,15031,1675,840,19876,0x07
2026-09-06T08:28:52.442,95,0,2,50,1751,1000,20839,2260,1080,26076,0x07
2026-09-06T08:28:52.506,96,0,2,50,2796,1020,33629,3147,1120,36858,0x07
2026-09-06T08:28:52.571,98,0,2,52,3057,1596,34384,3345,1577,37362,0x07
2026-09-06T08:28:52.653,99,0,2,50,3329,1540,37982,3500,1580,39258,0x07
2026-09-06T08:28:52.718,100,0,2,50,3360,1620,38020,3500,1860,38068,0x07
2026-09-06T08:28:52.783,101,0,2,51,3374,1804,37414,3495,1647,38909,0x07
2026-09-06T08:28:52.848,102,0,2,51,3374,1686,37914,3495,1569,39242,0x07
2026-09-06T08:28:52.913,103,0,2,50,3374,1960,36746,3500,1960,37643,0x07
2026-09-06T08:28:52.978,104,0,2,53,3252,1736,36198,3472,1755,38166,0x07
2026-09-06T08:28:53.044,105,0,2,75,3022,2067,31961,3320,2213,34350,0x07
2026-09-06T08:28:53.109,106,0,2,50,2539,1740,27396,2938,1800,31381,0x07
2026-09-06T08:28:53.191,107,0,2,50,2539,1900,26716,2938,1740,31636,0x07
2026-09-06T08:28:53.450,108,0,2,52,1818,1750,18466,1379,1942,11532,0x07
2026-09-06T08:28:54.389,109,0,2,53,0,0,0,0,0,0,0x03
2026-09-06T08:28:54.453,110,0,2,51,0,0,7142,0,0,9642,0x07
2026-09-06T08:28:54.518,111,0,2,51,0,0,4625,0,0,10911,0x07
2026-09-06T08:28:54.795,112,0,2,51,0,0,6676,0,0,12259,0x07
2026-09-06T08:28:54.860,113,0,2,50,0,0,0,0,0,0,0x03
2026-09-06T08:28:54.924,114,0,2,51,0,0,26863,0,0,28860,0x07
2026-09-06T08:28:54.989,115,0,2,50,0,0,26792,0,0,28803,0x07
2026-09-06T08:28:55.054,116,0,2,62,2871,1806,31204,3206,1516,35896,0x07
2026-09-06T08:28:55.118,120,0,2,50,2871,1060,34376,3206,1320,36730,0x07
2026-09-06T08:28:55.183,121,0,2,52,2986,1365,34497,3294,1404,37458,0x07
2026-09-06T08:28:55.264,122,0,2,50,2773,1340,31985,3129,1800,33739,0x07
2026-09-06T08:28:55.329,123,0,2,55,2501,1855,26444,2906,1582,31919,0x07
2026-09-06T08:28:55.394,124,0,2,51,2501,1902,26243,2906,1706,31392,0x07
2026-09-06T08:28:55.459,125,0,2,52,2106,1673,22352,2570,1577,27787,0x07
2026-09-06T08:28:55.524,126,0,2,53,545,1585,3491,1184,1755,9932,0x07
2026-09-06T08:28:55.589,127,0,2,52,545,942,6222,1184,942,13385,0x07
2026-09-06T08:28:55.654,128,0,2,50,489,500,7408,1243,780,14796,0x07
2026-09-06T08:28:55.719,129,0,2,50,436,420,7099,1297,80,18445,0x07
2026-09-06T08:28:55.800,130,0,2,51,0,0,0,0,0,0,0x03
2026-09-06T08:28:55.865,131,0,2,51,0,0,5987,0,0,14356,0x07
2026-09-06T08:28:55.930,132,0,2,51,307,118,6792,1432,373,18857,0x07
2026-09-06T08:28:56.060,133,0,2,52,232,77,6046,1509,442,19518,0x07
2026-09-06T08:28:56.125,134,0,2,52,191,58,5613,1552,288,20704,0x07
2026-09-06T08:28:56.190,135,0,2,50,163,0,5513,1581,0,22289,0x07
2026-09-06T08:28:56.255,136,0,2,51,163,0,5513,1581,0,22289,0x07
2026-09-06T08:28:56.336,137,0,2,52,188,0,5829,1555,0,21960,0x07
2026-09-06T08:28:56.385,139,0,2,52,209,0,6083,1534,0,21701,0x07
