timestamp,sequence,team,robot_id,interval_ms,left_target_eps,left_measured_eps,left_duty,right_target_eps,right_measured_eps,right_duty,flags
2026-09-06T21:11:30.659,957,0,2,50,-1552,-520,19724,-2057,-600,26885,0x07
2026-09-06T21:11:30.659,958,0,1,50,0,0,0,0,0,0,0x03
2026-09-06T21:11:30.712,959,0,2,50,-1628,-840,19305,-2165,-740,27728,0x07
2026-09-06T21:11:30.712,960,0,1,51,0,0,0,0,0,0,0x03
2026-09-06T21:11:30.777,961,0,2,50,-1378,-1060,15249,-1986,-980,24328,0x07
2026-09-06T21:11:30.777,962,0,1,50,0,0,0,0,0,0,0x03
2026-09-06T21:11:30.841,963,0,2,50,0,0,0,0,0,0,0x03
2026-09-06T21:11:30.841,0,0,1,50,0,0,0,0,0,0,0x03
2026-09-06T21:11:30.906,1,0,2,50,0,0,0,0,0,0,0x03
2026-09-06T21:11:30.906,2,0,1,50,0,0,0,0,0,0,0x03
2026-09-06T21:11:30.987,3,0,2,51,0,0,0,0,0,0,0x03
2026-09-06T21:11:30.987,4,0,1,51,0,0,0,0,0,0,0x03
2026-09-06T21:11:31.051,5,0,2,50,0,0,0,0,0,0,0x03
2026-09-06T21:11:31.051,6,0,1,51,0,0,0,0,0,0,0x03
2026-09-06T21:11:31.117,7,0,2,51,0,0,0,0,0,0,0x03
2026-09-06T21:11:31.117,8,0,1,50,0,0,0,0,0,0,0x03
2026-09-06T21:11:31.182,9,0,2,51,0,0,0,0,0,0,0x03
2026-09-06T21:11:31.182,10,0,1,50,0,0,0,0,0,0,0x03
2026-09-06T21:11:31.247,11,0,2,50,0,0,0,0,0,0,0x03
2026-09-06T21:11:31.247,12,0,1,50,0,0,0,0,0,0,0x03
2026-09-06T21:11:31.312,13,0,2,51,0,0,0,0,0,0,0x03
2026-09-06T21:11:31.312,14,0,1,50,0,0,0,0,0,0,0x03
2026-09-06T21:11:31.378,15,0,2,52,0,0,0,0,0,0,0x03
2026-09-06T21:11:31.378,16,0,1,51,0,0,0,0,0,0,0x03
2026-09-06T21:11:31.443,17,0,2,51,0,0,0,0,0,0,0x03
2026-09-06T21:11:31.443,18,0,1,54,0,0,0,0,0,0,0x03
2026-09-06T21:11:31.509,19,0,2,50,0,0,0,0,0,0,0x03
2026-09-06T21:11:31.509,20,0,1,50,0,0,0,0,0,0,0x03
2026-09-06T21:11:31.574,21,0,2,52,0,0,0,0,0,0,0x03
2026-09-06T21:11:31.574,22,0,1,50,0,0,0,0,0,0,0x03
2026-09-06T21:11:31.656,23,0,2,50,0,0,0,0,0,0,0x03
2026-09-06T21:11:31.656,24,0,1,52,0,0,0,0,0,0,0x03
2026-09-06T21:11:31.721,25,0,2,52,0,0,0,0,0,0,0x03
2026-09-06T21:11:31.721,26,0,1,51,0,0,0,0,0,0,0x03
2026-09-06T21:11:31.786,27,0,2,50,0,0,0,0,0,0,0x03
2026-09-06T21:11:31.786,28,0,1,50,0,0,0,0,0,0,0x03
2026-09-06T21:11:31.851,29,0,2,50,0,0,0,0,0,0,0x03
2026-09-06T21:11:31.851,30,0,1,52,0,0,0,0,0,0,0x03
2026-09-06T21:11:31.915,31,0,2,51,0,0,0,0,0,0,0x03
2026-09-06T21:11:31.915,32,0,1,51,0,0,0,0,0,0,0x03
2026-09-06T21:11:31.980,33,0,2,50,0,0,0,0,0,0,0x03
2026-09-06T21:11:31.980,34,0,1,52,0,0,0,0,0,0,0x03
2026-09-06T21:11:32.046,35,0,2,51,0,0,0,0,0,0,0x03
2026-09-06T21:11:32.046,36,0,1,50,0,0,0,0,0,0,0x03
2026-09-06T21:11:32.111,37,0,2,51,0,0,0,0,0,0,0x03
2026-09-06T21:11:32.111,38,0,1,50,0,0,0,0,0,0,0x03
2026-09-06T21:11:32.192,39,0,2,51,0,0,0,0,0,0,0x03
2026-09-06T21:11:32.192,40,0,1,50,0,0,0,0,0,0,0x03
2026-09-06T21:11:32.258,41,0,2,50,0,0,0,0,0,0,0x03
2026-09-06T21:11:32.258,42,0,1,51,0,0,0,0,0,0,0x03
2026-09-06T21:11:32.323,43,0,2,51,0,0,0,0,0,0,0x03
2026-09-06T21:11:32.323,44,0,1,51,0,0,0,0,0,0,0x03
2026-09-06T21:11:32.388,45,0,2,51,0,0,0,0,0,0,0x03
2026-09-06T21:11:32.388,46,0,1,51,0,0,0,0,0,0,0x03
2026-09-06T21:11:32.453,47,0,2,50,0,0,0,0,0,0,0x03
2026-09-06T21:11:32.453,48,0,1,50,0,0,0,0,0,0,0x03
2026-09-06T21:11:32.518,49,0,2,54,0,0,0,0,0,0,0x03
2026-09-06T21:11:32.518,50,0,1,51,0,0,0,0,0,0,0x03
2026-09-06T21:11:32.583,51,0,2,51,0,0,0,0,0,0,0x03
2026-09-06T21:11:32.583,52,0,1,50,0,0,0,0,0,0,0x03
2026-09-06T21:11:32.648,53,0,2,51,0,0,0,0,0,0,0x03
2026-09-06T21:11:32.648,54,0,1,50,0,0,0,0,0,0,0x03
2026-09-06T21:11:32.713,55,0,2,51,0,0,0,0,0,0,0x03
2026-09-06T21:11:32.713,56,0,1,55,0,0,0,0,0,0,0x03
2026-09-06T21:11:32.795,57,0,2,51,0,0,0,0,0,0,0x03
2026-09-06T21:11:32.795,58,0,1,50,0,0,0,0,0,0,0x03
2026-09-06T21:11:32.859,59,0,2,50,0,0,0,0,0,0,0x03
2026-09-06T21:11:32.859,60,0,1,50,0,0,0,0,0,0,0x03
2026-09-06T21:11:32.924,61,0,2,51,0,0,0,0,0,0,0x03
2026-09-06T21:11:32.924,62,0,1,50,0,0,0,0,0,0,0x03
2026-09-06T21:11:32.990,63,0,2,50,0,0,0,0,0,0,0x03
2026-09-06T21:11:32.990,64,0,1,50,0,0,0,0,0,0,0x03
2026-09-06T21:11:33.055,65,0,2,51,0,0,0,0,0,0,0x03
2026-09-06T21:11:33.055,66,0,1,50,0,0,0,0,0,0,0x03
2026-09-06T21:11:33.120,67,0,2,52,0,0,0,0,0,0,0x03
2026-09-06T21:11:33.120,68,0,1,50,0,0,0,0,0,0,0x03
2026-09-06T21:11:33.185,69,0,2,51,0,0,0,0,0,0,0x03
2026-09-06T21:11:33.185,70,0,1,51,0,0,0,0,0,0,0x03
2026-09-06T21:11:33.250,71,0,2,51,0,0,0,0,0,0,0x03
2026-09-06T21:11:33.250,72,0,1,52,0,0,0,0,0,0,0x03
2026-09-06T21:11:33.332,73,0,2,51,0,0,0,0,0,0,0x03
2026-09-06T21:11:33.332,74,0,1,51,0,0,0,0,0,0,0x03
2026-09-06T21:11:33.381,75,0,2,50,0,0,0,0,0,0,0x03
2026-09-06T21:11:33.381,76,0,1,51,0,0,0,0,0,0,0x03
2026-09-06T21:11:33.461,77,0,2,51,0,0,0,0,0,0,0x03
2026-09-06T21:11:33.461,78,0,1,51,0,0,0,0,0,0,0x03
2026-09-06T21:11:33.527,79,0,2,51,0,0,0,0,0,0,0x03
2026-09-06T21:11:33.527,80,0,1,50,0,0,0,0,0,0,0x03
2026-09-06T21:11:33.592,81,0,2,51,0,0,0,0,0,0,0x03
2026-09-06T21:11:33.592,82,0,1,52,0,0,0,0,0,0,0x03
2026-09-06T21:11:33.658,83,0,2,51,0,0,0,0,0,0,0x03
2026-09-06T21:11:33.658,84,0,1,50,0,0,0,0,0,0,0x03
2026-09-06T21:11:33.723,85,0,2,50,0,0,0,0,0,0,0x03
2026-09-06T21:11:33.723,86,0,1,51,0,0,0,0,0,0,0x03
2026-09-06T21:11:33.789,87,0,2,52,0,0,0,0,0,0,0x03
2026-09-06T21:11:33.789,88,0,1,50,0,0,0,0,0,0,0x03
2026-09-06T21:11:33.853,89,0,2,51,0,0,0,0,0,0,0x03
2026-09-06T21:11:33.853,90,0,1,52,0,0,0,0,0,0,0x03
2026-09-06T21:11:33.917,91,0,2,50,0,0,0,0,0,0,0x03
2026-09-06T21:11:33.917,92,0,1,52,0,0,0,0,0,0,0x03
2026-09-06T21:11:33.998,93,0,2,50,0,0,0,0,0,0,0x03
2026-09-06T21:11:33.999,94,0,1,50,0,0,0,0,0,0,0x03
2026-09-06T21:11:34.063,95,0,2,50,0,0,0,0,0,0,0x03
2026-09-06T21:11:34.063,96,0,1,51,0,0,0,0,0,0,0x03
2026-09-06T21:11:34.128,97,0,2,51,0,0,0,0,0,0,0x03
2026-09-06T21:11:34.128,98,0,1,51,0,0,0,0,0,0,0x03
2026-09-06T21:11:34.192,99,0,2,50,0,0,0,0,0,0,0x03
2026-09-06T21:11:34.192,100,0,1,50,0,0,0,0,0,0,0x03
2026-09-06T21:11:34.257,101,0,2,52,0,0,0,0,0,0,0x03
2026-09-06T21:11:34.257,102,0,1,50,0,0,0,0,0,0,0x03
2026-09-06T21:11:34.322,103,0,2,50,0,0,0,0,0,0,0x03
2026-09-06T21:11:34.322,104,0,1,50,0,0,0,0,0,0,0x03
2026-09-06T21:11:34.387,105,0,2,50,0,0,0,0,0,0,0x03
2026-09-06T21:11:34.387,106,0,1,51,0,0,0,0,0,0,0x03
2026-09-06T21:11:34.452,107,0,2,50,0,0,0,0,0,0,0x03
2026-09-06T21:11:34.452,108,0,1,52,0,0,0,0,0,0,0x03
2026-09-06T21:11:34.533,109,0,2,51,0,0,0,0,0,0,0x03
2026-09-06T21:11:34.533,110,0,1,51,0,0,0,0,0,0,0x03
2026-09-06T21:11:34.599,111,0,2,51,0,0,0,0,0,0,0x03
2026-09-06T21:11:34.599,112,0,1,52,0,0,0,0,0,0,0x03
2026-09-06T21:11:34.664,113,0,2,52,0,0,0,0,0,0,0x03
2026-09-06T21:11:34.664,114,0,1,51,0,0,0,0,0,0,0x03
2026-09-06T21:11:34.729,115,0,2,51,0,0,0,0,0,0,0x03
2026-09-06T21:11:34.729,116,0,1,50,0,0,0,0,0,0,0x03
2026-09-06T21:11:34.795,117,0,2,50,0,0,0,0,0,0,0x03
2026-09-06T21:11:34.795,118,0,1,51,0,0,0,0,0,0,0x03
2026-09-06T21:11:34.860,119,0,2,51,0,0,0,0,0,0,0x03
2026-09-06T21:11:34.860,120,0,1,52,0,0,0,0,0,0,0x03
2026-09-06T21:11:34.925,121,0,2,51,0,0,0,0,0,0,0x03
2026-09-06T21:11:34.925,122,0,1,51,0,0,0,0,0,0,0x03
2026-09-06T21:11:34.991,123,0,2,50,0,0,0,0,0,0,0x03
2026-09-06T21:11:34.991,124,0,1,52,0,0,0,0,0,0,0x03
2026-09-06T21:11:35.072,125,0,2,52,0,0,0,0,0,0,0x03
2026-09-06T21:11:35.072,126,0,1,51,0,0,0,0,0,0,0x03
2026-09-06T21:11:35.138,127,0,2,50,0,0,0,0,0,0,0x03
2026-09-06T21:11:35.138,128,0,1,52,0,0,0,0,0,0,0x03
2026-09-06T21:11:35.203,129,0,2,50,0,0,0,0,0,0,0x03
2026-09-06T21:11:35.203,130,0,1,50,0,0,0,0,0,0,0x03
2026-09-06T21:11:35.268,131,0,2,51,0,0,0,0,0,0,0x03
2026-09-06T21:11:35.268,132,0,1,51,0,0,0,0,0,0,0x03
2026-09-06T21:11:35.334,133,0,2,51,0,0,0,0,0,0,0x03
2026-09-06T21:11:35.334,134,0,1,50,0,0,0,0,0,0,0x03
2026-09-06T21:11:35.398,135,0,2,50,0,0,0,0,0,0,0x03
2026-09-06T21:11:35.398,136,0,1,50,0,0,0,0,0,0,0x03
2026-09-06T21:11:35.464,137,0,2,50,0,0,0,0,0,0,0x03
2026-09-06T21:11:35.464,138,0,1,53,0,0,0,0,0,0,0x03
2026-09-06T21:11:35.529,139,0,2,52,0,0,0,0,0,0,0x03
2026-09-06T21:11:35.529,140,0,1,51,0,0,0,0,0,0,0x03
2026-09-06T21:11:35.594,141,0,2,50,0,0,0,0,0,0,0x03
2026-09-06T21:11:35.594,142,0,1,50,0,0,0,0,0,0,0x03
2026-09-06T21:11:35.660,143,0,2,51,0,0,0,0,0,0,0x03
2026-09-06T21:11:35.660,144,0,1,52,0,0,0,0,0,0,0x03
2026-09-06T21:11:35.725,145,0,2,50,0,0,0,0,0,0,0x03
2026-09-06T21:11:35.725,146,0,1,51,0,0,0,0,0,0,0x03
2026-09-06T21:11:35.806,147,0,2,50,0,0,0,0,0,0,0x03
2026-09-06T21:11:35.806,148,0,1,51,0,0,0,0,0,0,0x03
2026-09-06T21:11:35.872,149,0,2,51,0,0,0,0,0,0,0x03
2026-09-06T21:11:35.872,150,0,1,52,0,0,0,0,0,0,0x03
2026-09-06T21:11:35.937,151,0,2,50,0,0,0,0,0,0,0x03
2026-09-06T21:11:35.937,152,0,1,52,0,0,0,0,0,0,0x03
2026-09-06T21:11:36.003,153,0,2,52,0,0,0,0,0,0,0x03
2026-09-06T21:11:36.003,154,0,1,50,0,0,0,0,0,0,0x03
2026-09-06T21:11:36.067,155,0,2,50,0,0,0,0,0,0,0x03
2026-09-06T21:11:36.067,156,0,1,51,0,0,0,0,0,0,0x03
2026-09-06T21:11:36.133,157,0,2,50,0,0,0,0,0,0,0x03
2026-09-06T21:11:36.133,158,0,1,51,0,0,0,0,0,0,0x03
2026-09-06T21:11:36.197,159,0,2,51,0,0,0,0,0,0,0x03
2026-09-06T21:11:36.197,160,0,1,51,0,0,0,0,0,0,0x03
2026-09-06T21:11:36.263,161,0,2,50,0,0,0,0,0,0,0x03
2026-09-06T21:11:36.263,162,0,1,52,0,0,0,0,0,0,0x03
2026-09-06T21:11:36.344,163,0,2,55,0,0,0,0,0,0,0x03
2026-09-06T21:11:36.345,164,0,1,50,0,0,0,0,0,0,0x03
2026-09-06T21:11:36.410,165,0,2,51,0,0,0,0,0,0,0x03
2026-09-06T21:11:36.410,166,0,1,51,0,0,0,0,0,0,0x03
2026-09-06T21:11:36.475,167,0,2,50,0,0,0,0,0,0,0x03
2026-09-06T21:11:36.475,168,0,1,50,0,0,0,0,0,0,0x03
2026-09-06T21:11:36.539,169,0,2,50,0,0,0,0,0,0,0x03
2026-09-06T21:11:36.539,170,0,1,52,0,0,0,0,0,0,0x03
2026-09-06T21:11:36.604,171,0,2,50,0,0,0,0,0,0,0x03
2026-09-06T21:11:36.604,172,0,1,50,0,0,0,0,0,0,0x03
2026-09-06T21:11:36.669,173,0,2,51,0,0,0,0,0,0,0x03
2026-09-06T21:11:36.669,174,0,1,51,0,0,0,0,0,0,0x03
2026-09-06T21:11:36.734,175,0,2,52,0,0,0,0,0,0,0x03
2026-09-06T21:11:36.734,176,0,1,52,0,0,0,0,0,0,0x03
2026-09-06T21:11:36.799,177,0,2,51,0,0,0,0,0,0,0x03
2026-09-06T21:11:36.799,178,0,1,51,0,0,0,0,0,0,0x03
2026-09-06T21:11:36.864,179,0,2,52,0,0,0,0,0,0,0x03
2026-09-06T21:11:36.864,180,0,1,52,0,0,0,0,0,0,0x03
2026-09-06T21:11:36.945,181,0,2,50,0,0,0,0,0,0,0x03
2026-09-06T21:11:36.945,182,0,1,51,0,0,0,0,0,0,0x03
2026-09-06T21:11:37.010,183,0,2,55,0,0,0,0,0,0,0x03
2026-09-06T21:11:37.010,184,0,1,50,0,0,0,0,0,0,0x03
2026-09-06T21:11:37.076,185,0,2,52,0,0,0,0,0,0,0x03
2026-09-06T21:11:37.076,186,0,1,51,0,0,0,0,0,0,0x03
2026-09-06T21:11:37.141,187,0,2,51,0,0,0,0,0,0,0x03
2026-09-06T21:11:37.141,188,0,1,51,0,0,0,0,0,0,0x03
2026-09-06T21:11:37.205,189,0,2,52,0,0,0,0,0,0,0x03
2026-09-06T21:11:37.205,190,0,1,52,0,0,0,0,0,0,0x03
2026-09-06T21:11:37.271,191,0,2,50,0,0,0,0,0,0,0x03
2026-09-06T21:11:37.271,192,0,1,51,0,0,0,0,0,0,0x03
2026-09-06T21:11:37.336,193,0,2,52,0,0,0,0,0,0,0x03
2026-09-06T21:11:37.336,194,0,1,52,0,0,0,0,0,0,0x03
2026-09-06T21:11:37.401,195,0,2,51,0,0,0,0,0,0,0x03
2026-09-06T21:11:37.401,196,0,1,52,0,0,0,0,0,0,0x03
2026-09-06T21:11:37.466,197,0,2,50,0,0,0,0,0,0,0x03
2026-09-06T21:11:37.466,198,0,1,50,0,0,0,0,0,0,0x03
2026-09-06T21:11:37.532,199,0,2,50,0,0,0,0,0,0,0x03
2026-09-06T21:11:37.532,200,0,1,51,0,0,0,0,0,0,0x03
2026-09-06T21:11:37.614,201,0,2,51,0,0,0,0,0,0,0x03
2026-09-06T21:11:37.614,202,0,1,51,0,0,0,0,0,0,0x03
2026-09-06T21:11:37.678,203,0,2,51,0,0,0,0,0,0,0x03
2026-09-06T21:11:37.678,204,0,1,54,0,0,0,0,0,0,0x03
2026-09-06T21:11:37.743,205,0,2,51,0,0,0,0,0,0,0x03
2026-09-06T21:11:37.743,206,0,1,50,0,0,0,0,0,0,0x03
2026-09-06T21:11:37.808,207,0,2,50,0,0,0,0,0,0,0x03
2026-09-06T21:11:37.808,208,0,1,51,0,0,0,0,0,0,0x03
2026-09-06T21:11:37.873,209,0,2,51,0,0,0,0,0,0,0x03
2026-09-06T21:11:37.873,210,0,1,52,0,0,0,0,0,0,0x03
2026-09-06T21:11:37.938,211,0,2,50,0,0,0,0,0,0,0x03
2026-09-06T21:11:37.938,212,0,1,51,0,0,0,0,0,0,0x03
2026-09-06T21:11:38.004,213,0,2,52,0,0,0,0,0,0,0x03
2026-09-06T21:11:38.004,214,0,1,52,0,0,3222,0,0,17337,0x07
2026-09-06T21:11:38.069,215,0,2,50,0,0,30246,0,0,33691,0x07
2026-09-06T21:11:38.069,216,0,1,52,507,0,8910,1201,0,17309,0x07
2026-09-06T21:11:38.150,217,0,2,50,3355,1200,39405,3500,860,40000,0x07
2026-09-06T21:11:38.150,218,0,1,52,507,58,8665,1201,0,17309,0x07
2026-09-06T21:11:38.216,219,0,2,50,3366,1380,38780,3500,2200,39216,0x07
2026-09-06T21:11:38.216,220,0,1,52,492,0,8714,1210,0,17420,0x07
2026-09-06T21:11:38.281,221,0,2,56,3368,1554,38063,3500,3071,35512,0x07
2026-09-06T21:11:38.281,222,0,1,50,494,0,8749,1211,0,17443,0x07
2026-09-06T21:11:38.346,223,0,2,50,3368,1880,36676,3500,2980,35901,0x07
2026-09-06T21:11:38.346,224,0,1,51,500,0,8821,1200,0,17295,0x07
2026-09-06T21:11:38.411,225,0,2,50,3305,2140,34781,3500,2960,35986,0x07
2026-09-06T21:11:38.411,226,0,1,51,498,0,8792,1201,0,17313,0x07
2026-09-06T21:11:38.477,227,0,2,50,3171,2420,31909,3500,3220,34881,0x07
2026-09-06T21:11:38.477,228,0,1,50,498,0,8792,1204,0,17345,0x07
2026-09-06T21:11:38.542,229,0,2,51,2739,2471,26295,3292,3608,30477,0x07
2026-09-06T21:11:38.542,230,0,1,50,498,0,8792,1204,0,17345,0x07
2026-09-06T21:11:38.607,231,0,2,52,1773,2538,13908,2570,2981,23571,0x07
2026-09-06T21:11:38.607,232,0,1,51,496,0,8770,1206,0,17376,0x07
2026-09-06T21:11:38.672,233,0,2,52,-763,-77,11726,-1378,-58,20190,0x07
2026-09-06T21:11:38.672,234,0,1,50,496,0,8770,1206,0,17376,0x07
2026-09-06T21:11:38.753,235,0,2,51,-763,-510,9886,-1378,-706,17435,0x07
2026-09-06T21:11:38.753,236,0,1,50,497,0,8782,1207,0,17389,0x07
2026-09-06T21:11:38.817,237,0,2,50,-2401,-200,31705,-2470,-1120,30153,0x07
2026-09-06T21:11:38.817,238,0,1,52,498,0,8800,1204,0,17350,0x07
2026-09-06T21:11:38.882,239,0,2,50,-3310,-600,40000,-3207,-860,40000,0x07
2026-09-06T21:11:38.882,240,0,1,50,498,0,8792,1203,0,17340,0x07
2026-09-06T21:11:38.947,241,0,2,51,-3374,-1784,37158,-3361,-1529,40000,0x07
2026-09-06T21:11:38.947,242,0,1,52,498,0,8792,1203,0,17340,0x07
2026-09-06T21:11:39.012,243,0,2,50,-3374,-1700,37516,-3268,-1600,38686,0x07
2026-09-06T21:11:39.012,244,0,1,50,497,0,8787,1203,0,17340,0x07
2026-09-06T21:11:39.077,245,0,2,51,-3209,-2118,33672,-3059,-2157,33549,0x07
2026-09-06T21:11:39.077,246,0,1,52,499,0,8803,1198,0,17278,0x07
2026-09-06T21:11:39.141,247,0,2,50,-3209,-2320,32812,-3059,-2180,33450,0x07
2026-09-06T21:11:39.141,248,0,1,51,495,0,8758,1206,0,17371,0x07
2026-09-06T21:11:39.223,249,0,2,51,-3160,-2725,30484,-3060,-2412,32484,0x07
2026-09-06T21:11:39.223,250,0,1,50,498,0,8800,1199,0,17282,0x07
2026-09-06T21:11:39.272,251,0,2,51,-3130,-2667,30353,-3007,-2627,30862,0x07
2026-09-06T21:11:39.272,252,0,1,51,494,0,8749,1205,0,17362,0x07
2026-09-06T21:11:39.353,253,0,2,50,-3125,-2840,29550,-3032,-2820,30379,0x07
2026-09-06T21:11:39.353,254,0,1,51,494,0,8741,1211,0,17443,0x07
2026-09-06T21:11:39.418,255,0,2,51,-3103,-3039,28437,-2972,-2843,29479,0x07
2026-09-06T21:11:39.418,256,0,1,50,496,0,8774,1210,0,17420,0x07
2026-09-06T21:11:39.483,257,0,2,51,-3061,-2882,28575,-2908,-2902,28388,0x07
2026-09-06T21:11:39.483,258,0,1,50,498,0,8796,1205,0,17358,0x07
2026-09-06T21:11:39.549,259,0,2,51,-2718,-2765,24783,-2372,-2706,22115,0x07
2026-09-06T21:11:39.549,260,0,1,51,498,0,8800,1202,0,17327,0x07
2026-09-06T21:11:39.614,261,0,2,50,0,0,0,0,0,0,0x03
2026-09-06T21:11:39.614,262,0,1,50,3374,0,40000,2950,0,39550,0x07
2026-09-06T21:11:39.679,263,0,2,51,0,0,4508,0,0,11838,0x07
2026-09-06T21:11:39.679,264,0,1,51,11,510,490,1708,0,23751,0x07
2026-09-06T21:11:39.744,265,0,2,51,243,196,4709,0,0,17385,0x07
2026-09-06T21:11:39.744,266,0,1,51,3374,275,40000,2949,0,39536,0x07
2026-09-06T21:11:39.810,267,0,2,52,0,0,0,0,0,0,0x03
2026-09-06T21:11:39.810,268,0,1,51,0,0,2958,2949,0,39536,0x07
2026-09-06T21:11:39.891,269,0,2,52,0,0,28234,0,0,25333,0x07
2026-09-06T21:11:39.891,270,0,1,52,0,0,5997,1768,0,24517,0x07
2026-09-06T21:11:39.956,271,0,2,50,3112,260,40000,2572,180,35498,0x07
2026-09-06T21:11:39.956,272,0,1,51,0,0,7296,0,0,12214,0x07
