timestamp,sequence,team,robot_id,interval_ms,left_target_eps,left_measured_eps,left_duty,right_target_eps,right_measured_eps,right_duty,flags
2026-09-06T14:00:13.689-03:00,8,0,2,55,0,0,0,0,0,0,0x03
2026-09-06T14:00:13.789-03:00,9,0,2,50,0,0,0,0,0,0,0x03
2026-09-06T14:00:13.894-03:00,10,0,2,50,0,0,0,0,0,0,0x03
2026-09-06T14:00:13.994-03:00,10,0,2,50,0,0,0,0,0,0,0x03
2026-09-06T14:00:14.094-03:00,2,0,2,50,0,0,10043,0,0,9854,0x07
2026-09-06T14:00:14.194-03:00,3,0,2,51,1012,745,12298,1050,765,12543,0x07
2026-09-06T14:00:14.294-03:00,4,0,2,50,1012,1080,10666,1050,1100,10855,0x07
2026-09-06T14:00:14.393-03:00,5,0,2,51,1012,1020,10909,1050,922,11967,0x07
2026-09-06T14:00:14.494-03:00,6,0,2,50,1012,1040,10756,1050,1080,11251,0x07
2026-09-06T14:00:14.593-03:00,7,0,2,50,1012,1020,10845,1050,1080,11164,0x07
2026-09-06T14:00:14.693-03:00,8,0,2,50,1012,1020,10849,1050,1100,10970,0x07
2026-09-06T14:00:14.790-03:00,9,0,2,50,1012,960,11161,1050,1040,11248,0x07
2026-09-06T14:00:14.889-03:00,10,0,2,50,1012,1040,10790,1050,840,12342,0x07
2026-09-06T14:00:14.991-03:00,11,0,2,50,1012,1040,10723,1050,1080,11411,0x07
2026-09-06T14:00:15.091-03:00,12,0,2,50,1012,960,11138,1050,1100,11217,0x07
2026-09-06T14:00:15.135-03:00,13,0,2,50,1012,1020,10887,1050,1100,11108,0x07
2026-09-06T14:00:15.178-03:00,14,0,2,50,1012,1060,10651,1050,1060,11213,0x07
2026-09-06T14:00:15.218-03:00,15,0,2,51,1012,1000,10917,1050,1039,11313,0x07
2026-09-06T14:00:15.259-03:00,16,0,2,51,0,0,0,0,0,0,0x03
2026-09-06T14:00:15.302-03:00,17,0,2,51,0,0,0,0,0,0,0x03
