timestamp,sequence,team,robot_id,interval_ms,left_target_eps,left_measured_eps,left_duty,right_target_eps,right_measured_eps,right_duty,flags
2026-09-06T11:25:14.928-03:00,65535,255,0,0,0,0,0,0,0,0,0x03
2026-09-06T11:25:14.946-03:00,504,0,0,50,0,0,0,0,0,0,0x03
2026-09-06T11:25:14.969-03:00,505,0,0,52,0,0,0,0,0,0,0x03
2026-09-06T11:25:14.989-03:00,505,0,0,52,0,0,0,0,0,0,0x03
2026-09-06T11:25:15.009-03:00,505,0,0,51,0,0,0,0,0,0,0x03
2026-09-06T11:25:15.027-03:00,505,0,0,51,0,0,0,0,0,0,0x03
2026-09-06T11:25:15.050-03:00,505,0,0,51,0,0,0,0,0,0,0x03
2026-09-06T11:25:15.070-03:00,505,0,0,51,0,0,0,0,0,0,0x03
2026-09-06T11:25:15.090-03:00,505,0,0,51,0,0,0,0,0,0,0x03
2026-09-06T11:25:15.107-03:00,505,0,0,52,0,0,0,0,0,0,0x03
2026-09-06T11:25:15.130-03:00,8,0,0,52,0,0,28094,0,0,28548,0x07
2026-09-06T11:25:15.147-03:00,9,0,0,52,0,0,28094,0,0,28548,0x07
2026-09-06T11:25:15.167-03:00,10,0,0,51,3374,0,40000,3500,0,40000,0x07
2026-09-06T11:25:15.187-03:00,11,0,0,51,3374,0,40000,3500,0,40000,0x07
2026-09-06T11:25:15.209-03:00,12,0,0,51,3374,0,40000,3500,0,40000,0x07
2026-09-06T11:25:15.227-03:00,13,0,0,51,3374,0,40000,3500,0,40000,0x07
2026-09-06T11:25:15.251-03:00,14,0,0,51,3374,0,40000,3500,0,40000,0x07
2026-09-06T11:25:15.271-03:00,15,0,0,51,3374,0,40000,3500,0,40000,0x07
2026-09-06T11:25:15.288-03:00,16,0,0,51,3374,0,40000,3500,0,40000,0x07
2026-09-06T11:25:15.308-03:00,17,0,0,52,3374,0,40000,3500,0,40000,0x07
2026-09-06T11:25:15.328-03:00,18,0,0,52,3374,0,40000,3500,0,40000,0x07
2026-09-06T11:25:15.351-03:00,19,0,0,52,3374,0,40000,3500,0,40000,0x07
2026-09-06T11:25:15.368-03:00,20,0,0,50,3374,0,40000,3500,0,40000,0x07
2026-09-06T11:25:15.388-03:00,21,0,0,50,3374,0,40000,3500,0,40000,0x07
2026-09-06T11:25:15.411-03:00,22,0,0,50,3374,0,40000,3500,0,40000,0x07
2026-09-06T11:25:15.430-03:00,23,0,0,52,3374,0,40000,3500,0,40000,0x07
2026-09-06T11:25:15.447-03:00,24,0,0,52,3374,0,40000,3500,0,40000,0x07
2026-09-06T11:25:15.467-03:00,25,0,0,52,3374,0,40000,3500,0,40000,0x07
2026-09-06T11:25:15.507-03:00,26,0,0,52,3374,0,40000,3500,0,40000,0x07
2026-09-06T11:25:15.528-03:00,27,0,0,55,3374,0,40000,3500,0,40000,0x07
2026-09-06T11:25:15.551-03:00,28,0,0,55,3374,0,40000,3500,0,40000,0x07
2026-09-06T11:25:15.569-03:00,29,0,0,55,3374,0,40000,3500,0,40000,0x07
2026-09-06T11:25:15.589-03:00,30,0,0,55,3374,0,40000,3500,0,40000,0x07
2026-09-06T11:25:15.607-03:00,31,0,0,53,3374,0,40000,3500,0,40000,0x07
2026-09-06T11:25:15.627-03:00,32,0,0,53,3374,0,40000,3500,0,40000,0x07
2026-09-06T11:25:15.648-03:00,33,0,0,56,3374,0,40000,3500,0,40000,0x07
2026-09-06T11:25:15.666-03:00,34,0,0,56,3374,0,40000,3500,0,40000,0x07
2026-09-06T11:25:15.689-03:00,35,0,0,56,3374,0,40000,3500,0,40000,0x07
2026-09-06T11:25:15.708-03:00,36,0,0,51,3374,0,40000,3500,0,40000,0x07
2026-09-06T11:25:15.731-03:00,37,0,0,51,3374,0,40000,3500,0,40000,0x07
2026-09-06T11:25:15.770-03:00,38,0,0,51,3374,0,40000,3500,0,40000,0x07
2026-09-06T11:25:15.770-03:00,39,0,0,53,3374,0,40000,3500,0,40000,0x07
2026-09-06T11:25:15.788-03:00,40,0,0,53,3374,0,40000,3500,0,40000,0x07
2026-09-06T11:25:15.808-03:00,41,0,0,53,3374,0,40000,3500,0,40000,0x07
2026-09-06T11:25:15.831-03:00,42,0,0,53,3374,0,40000,3500,0,40000,0x07
2026-09-06T11:25:15.849-03:00,43,0,0,53,3374,0,40000,3500,0,40000,0x07
2026-09-06T11:25:15.867-03:00,44,0,0,51,3374,0,40000,3500,0,40000,0x07
2026-09-06T11:25:15.890-03:00,45,0,0,51,3374,0,40000,3500,0,40000,0x07
2026-09-06T11:25:15.908-03:00,46,0,0,53,3374,0,40000,3500,0,40000,0x07
2026-09-06T11:25:15.926-03:00,47,0,0,53,3374,0,40000,3500,0,40000,0x07
2026-09-06T11:25:15.949-03:00,48,0,0,53,3374,0,40000,3500,0,40000,0x07
2026-09-06T11:25:15.967-03:00,49,0,0,50,3374,0,40000,3500,0,40000,0x07
2026-09-06T11:25:15.987-03:00,50,0,0,50,3374,0,40000,3500,0,40000,0x07
2026-09-06T11:25:16.009-03:00,51,0,0,50,3374,0,40000,3500,0,40000,0x07
2026-09-06T11:25:16.031-03:00,52,0,0,54,3374,0,40000,3500,0,40000,0x07
2026-09-06T11:25:16.049-03:00,53,0,0,54,3374,0,40000,3500,0,40000,0x07
2026-09-06T11:25:16.067-03:00,54,0,0,56,3374,0,40000,3500,0,40000,0x07
2026-09-06T11:25:16.090-03:00,55,0,0,56,3374,0,40000,3500,0,40000,0x07
2026-09-06T11:25:16.130-03:00,56,0,0,56,3374,0,40000,3500,0,40000,0x07
2026-09-06T11:25:16.130-03:00,57,0,0,57,3374,0,40000,3500,0,40000,0x07
2026-09-06T11:25:16.148-03:00,58,0,0,57,3374,0,40000,3500,0,40000,0x07
2026-09-06T11:25:16.168-03:00,59,0,0,57,3374,0,40000,3500,0,40000,0x07
2026-09-06T11:25:16.188-03:00,60,0,0,51,3374,0,40000,3500,0,40000,0x07
2026-09-06T11:25:16.208-03:00,61,0,0,51,3374,0,40000,3500,0,40000,0x07
2026-09-06T11:25:16.231-03:00,62,0,0,50,3374,0,40000,3500,0,40000,0x07
2026-09-06T11:25:16.249-03:00,63,0,0,50,3374,0,40000,3500,0,40000,0x07
2026-09-06T11:25:16.269-03:00,64,0,0,50,3374,0,40000,3500,0,40000,0x07
2026-09-06T11:25:16.288-03:00,65,0,0,51,3374,0,40000,3500,0,40000,0x07
2026-09-06T11:25:16.309-03:00,66,0,0,51,3374,0,40000,3500,0,40000,0x07
2026-09-06T11:25:16.370-03:00,67,0,0,51,3374,0,40000,3500,0,40000,0x07
2026-09-06T11:25:16.370-03:00,68,0,0,53,3374,0,40000,3500,0,40000,0x07
2026-09-06T11:25:16.388-03:00,69,0,0,53,3374,0,40000,3500,0,40000,0x07
2026-09-06T11:25:16.411-03:00,70,0,0,50,3374,0,40000,3500,0,40000,0x07
2026-09-06T11:25:16.431-03:00,71,0,0,50,3374,0,40000,3500,0,40000,0x07
2026-09-06T11:25:16.449-03:00,73,0,0,52,3374,0,40000,3500,0,40000,0x07
2026-09-06T11:25:16.468-03:00,74,0,0,52,3374,0,40000,3500,0,40000,0x07
2026-09-06T11:25:16.488-03:00,75,0,0,56,3374,0,40000,3500,0,40000,0x07
2026-09-06T11:25:16.508-03:00,76,0,0,56,3374,0,40000,3500,0,40000,0x07
2026-09-06T11:25:16.531-03:00,77,0,0,56,3374,0,40000,3500,0,40000,0x07
2026-09-06T11:25:16.568-03:00,78,0,0,51,3374,0,40000,3500,0,40000,0x07
2026-09-06T11:25:16.591-03:00,79,0,0,51,3374,0,40000,3500,0,40000,0x07
2026-09-06T11:25:16.591-03:00,80,0,0,52,3374,0,40000,3500,0,40000,0x07
2026-09-06T11:25:16.610-03:00,81,0,0,52,3374,0,40000,3500,0,40000,0x07
2026-09-06T11:25:16.630-03:00,82,0,0,52,3374,0,40000,3500,0,40000,0x07
2026-09-06T11:25:16.647-03:00,83,0,0,51,3374,0,40000,3500,0,40000,0x07
2026-09-06T11:25:16.670-03:00,84,0,0,51,3374,0,40000,3500,0,40000,0x07
2026-09-06T11:25:16.688-03:00,85,0,0,51,3374,0,40000,3500,0,40000,0x07
2026-09-06T11:25:16.711-03:00,86,0,0,52,3374,0,40000,3500,0,40000,0x07
2026-09-06T11:25:16.728-03:00,87,0,0,52,3374,0,40000,3500,0,40000,0x07
2026-09-06T11:25:16.750-03:00,88,0,0,51,3374,0,40000,3500,0,40000,0x07
2026-09-06T11:25:16.768-03:00,89,0,0,51,3374,0,40000,3500,0,40000,0x07
2026-09-06T11:25:16.791-03:00,90,0,0,51,3374,0,40000,3500,0,40000,0x07
2026-09-06T11:25:16.807-03:00,91,0,0,51,3374,0,40000,3500,0,40000,0x07
2026-09-06T11:25:16.826-03:00,92,0,0,51,3374,0,40000,3500,0,40000,0x07
2026-09-06T11:25:16.846-03:00,93,0,0,55,3374,0,40000,3500,0,40000,0x07
2026-09-06T11:25:16.866-03:00,94,0,0,55,3374,0,40000,3500,0,40000,0x07
2026-09-06T11:25:16.889-03:00,95,0,0,55,3374,0,40000,3500,0,40000,0x07
2026-09-06T11:25:16.907-03:00,96,0,0,56,3374,0,40000,3500,0,40000,0x07
2026-09-06T11:25:16.930-03:00,97,0,0,56,3374,0,40000,3500,0,40000,0x07
2026-09-06T11:25:16.948-03:00,98,0,0,56,3374,0,40000,3500,0,40000,0x07
2026-09-06T11:25:16.968-03:00,99,0,0,51,3374,0,40000,3500,0,40000,0x07
2026-09-06T11:25:16.986-03:00,100,0,0,51,3374,0,40000,3500,0,40000,0x07
2026-09-06T11:25:17.006-03:00,101,0,0,55,3374,0,40000,3500,0,40000,0x07
2026-09-06T11:25:17.031-03:00,102,0,0,55,3374,0,40000,3500,0,40000,0x07
2026-09-06T11:25:17.049-03:00,103,0,0,55,3374,0,40000,3500,0,40000,0x07
2026-09-06T11:25:17.071-03:00,104,0,0,52,3374,0,40000,3500,0,40000,0x07
2026-09-06T11:25:17.088-03:00,105,0,0,52,3374,0,40000,3500,0,40000,0x07
2026-09-06T11:25:17.111-03:00,106,0,0,52,3374,0,40000,3500,0,40000,0x07
2026-09-06T11:25:17.129-03:00,107,0,0,51,3374,0,40000,3500,0,40000,0x07
2026-09-06T11:25:17.151-03:00,108,0,0,51,3374,0,40000,3500,0,40000,0x07
2026-09-06T11:25:17.171-03:00,109,0,0,53,3374,0,40000,3500,0,40000,0x07
2026-09-06T11:25:17.189-03:00,110,0,0,53,3374,0,40000,3500,0,40000,0x07
2026-09-06T11:25:17.210-03:00,111,0,0,53,3374,0,40000,3500,0,40000,0x07
2026-09-06T11:25:17.229-03:00,112,0,0,51,3374,0,40000,3500,0,40000,0x07
2026-09-06T11:25:17.246-03:00,113,0,0,51,3374,0,40000,3500,0,40000,0x07
2026-09-06T11:25:17.270-03:00,114,0,0,51,3374,0,40000,3500,0,40000,0x07
2026-09-06T11:25:17.290-03:00,115,0,0,51,3374,0,40000,3500,0,40000,0x07
2026-09-06T11:25:17.308-03:00,116,0,0,51,3374,0,40000,3500,0,40000,0x07
2026-09-06T11:25:17.328-03:00,117,0,0,51,3374,0,40000,3500,0,40000,0x07
2026-09-06T11:25:17.346-03:00,118,0,0,51,3374,0,40000,3500,0,40000,0x07
2026-09-06T11:25:17.369-03:00,119,0,0,51,3374,0,40000,3500,0,40000,0x07
2026-09-06T11:25:17.386-03:00,120,0,0,50,3374,0,40000,3500,0,40000,0x07
2026-09-06T11:25:17.406-03:00,121,0,0,50,3374,0,40000,3500,0,40000,0x07
2026-09-06T11:25:17.426-03:00,122,0,0,56,3374,0,40000,3500,0,40000,0x07
2026-09-06T11:25:17.449-03:00,123,0,0,56,3374,0,40000,3500,0,40000,0x07
2026-09-06T11:25:17.469-03:00,124,0,0,56,3374,0,40000,3500,0,40000,0x07
2026-09-06T11:25:17.487-03:00,125,0,0,55,3374,0,40000,3500,0,40000,0x07
2026-09-06T11:25:17.510-03:00,126,0,0,55,3374,0,40000,3500,0,40000,0x07
2026-09-06T11:25:17.528-03:00,127,0,0,55,3374,0,40000,3500,0,40000,0x07
2026-09-06T11:25:17.551-03:00,128,0,0,52,3374,0,40000,3500,0,40000,0x07
2026-09-06T11:25:17.571-03:00,129,0,0,52,3374,0,40000,3500,0,40000,0x07
2026-09-06T11:25:17.589-03:00,130,0,0,51,3374,0,40000,3500,0,40000,0x07
2026-09-06T11:25:17.607-03:00,131,0,0,51,3374,0,40000,3500,0,40000,0x07
2026-09-06T11:25:17.630-03:00,132,0,0,51,3374,0,40000,3500,0,40000,0x07
2026-09-06T11:25:17.648-03:00,133,0,0,51,3374,0,40000,3500,0,40000,0x07
2026-09-06T11:25:17.668-03:00,134,0,0,51,3374,0,40000,3500,0,40000,0x07
2026-09-06T11:25:17.686-03:00,135,0,0,51,3374,0,40000,3500,0,40000,0x07
2026-09-06T11:25:17.708-03:00,136,0,0,51,3374,0,40000,3500,0,40000,0x07
2026-09-06T11:25:17.731-03:00,137,0,0,51,3374,0,40000,3500,0,40000,0x07
2026-09-06T11:25:17.749-03:00,138,0,0,56,3374,0,40000,3500,0,40000,0x07
2026-09-06T11:25:17.769-03:00,139,0,0,56,3374,0,40000,3500,0,40000,0x07
2026-09-06T11:25:17.787-03:00,140,0,0,56,3374,0,40000,3500,0,40000,0x07
2026-09-06T11:25:17.811-03:00,141,0,0,52,3374,0,40000,3500,0,40000,0x07
2026-09-06T11:25:17.829-03:00,142,0,0,52,3374,0,40000,3500,0,40000,0x07
2026-09-06T11:25:17.847-03:00,143,0,0,52,3374,0,40000,3500,0,40000,0x07
2026-09-06T11:25:17.871-03:00,144,0,0,54,3374,0,40000,3500,0,40000,0x07
2026-09-06T11:25:17.889-03:00,145,0,0,54,3374,0,40000,3500,0,40000,0x07
2026-09-06T11:25:17.907-03:00,146,0,0,54,3374,0,40000,3500,0,40000,0x07
2026-09-06T11:25:17.930-03:00,147,0,0,54,3374,0,40000,3500,0,40000,0x07
2026-09-06T11:25:17.967-03:00,148,0,0,54,3374,0,40000,3500,0,40000,0x07
2026-09-06T11:25:17.967-03:00,149,0,0,50,3374,0,40000,3500,0,40000,0x07
2026-09-06T11:25:17.990-03:00,150,0,0,50,3374,0,40000,3500,0,40000,0x07
2026-09-06T11:25:18.010-03:00,151,0,0,55,3374,0,40000,3500,0,40000,0x07
2026-09-06T11:25:18.027-03:00,152,0,0,55,3374,0,40000,3500,0,40000,0x07
2026-09-06T11:25:18.047-03:00,153,0,0,55,3374,0,40000,3500,0,40000,0x07
2026-09-06T11:25:18.066-03:00,154,0,0,50,3374,0,40000,3500,0,40000,0x07
2026-09-06T11:25:18.089-03:00,155,0,0,50,3374,0,40000,3500,0,40000,0x07
2026-09-06T11:25:18.107-03:00,156,0,0,50,3374,0,40000,3500,0,40000,0x07
2026-09-06T11:25:18.130-03:00,157,0,0,50,3374,0,40000,3500,0,40000,0x07
2026-09-06T11:25:18.150-03:00,158,0,0,50,3374,0,40000,3500,0,40000,0x07
2026-09-06T11:25:18.170-03:00,159,0,0,55,3374,0,40000,3500,0,40000,0x07
2026-09-06T11:25:18.190-03:00,160,0,0,55,3374,0,40000,3500,0,40000,0x07
2026-09-06T11:25:18.208-03:00,161,0,0,55,3374,0,40000,3500,0,40000,0x07
2026-09-06T11:25:18.231-03:00,162,0,0,50,3374,0,40000,3500,0,40000,0x07
2026-09-06T11:25:18.249-03:00,163,0,0,50,3374,0,40000,3500,0,40000,0x07
2026-09-06T11:25:18.267-03:00,164,0,0,51,3374,0,40000,3500,0,40000,0x07
2026-09-06T11:25:18.290-03:00,165,0,0,51,3374,0,40000,3500,0,40000,0x07
2026-09-06T11:25:18.310-03:00,166,0,0,51,3374,0,40000,3500,0,40000,0x07
2026-09-06T11:25:18.328-03:00,167,0,0,52,3374,0,40000,3500,0,40000,0x07
2026-09-06T11:25:18.351-03:00,168,0,0,52,3374,0,40000,3500,0,40000,0x07
2026-09-06T11:25:18.369-03:00,169,0,0,50,3374,0,40000,3500,0,40000,0x07
2026-09-06T11:25:18.387-03:00,170,0,0,50,3374,0,40000,3500,0,40000,0x07
2026-09-06T11:25:18.410-03:00,171,0,0,50,3374,0,40000,3500,0,40000,0x07
2026-09-06T11:25:18.430-03:00,172,0,0,52,3374,0,40000,3500,0,40000,0x07
2026-09-06T11:25:18.448-03:00,173,0,0,52,3374,0,40000,3500,0,40000,0x07
2026-09-06T11:25:18.467-03:00,174,0,0,51,3374,0,40000,3500,0,40000,0x07
2026-09-06T11:25:18.490-03:00,175,0,0,51,3374,0,40000,3500,0,40000,0x07
2026-09-06T11:25:18.508-03:00,176,0,0,51,3374,0,40000,3500,0,40000,0x07
2026-09-06T11:25:18.531-03:00,177,0,0,54,3374,0,40000,3500,0,40000,0x07
2026-09-06T11:25:18.551-03:00,178,0,0,54,3374,0,40000,3500,0,40000,0x07
2026-09-06T11:25:18.571-03:00,179,0,0,54,3374,0,40000,3500,0,40000,0x07
2026-09-06T11:25:18.589-03:00,180,0,0,52,3374,0,40000,3500,0,40000,0x07
2026-09-06T11:25:18.607-03:00,181,0,0,52,3374,0,40000,3500,0,40000,0x07
2026-09-06T11:25:18.630-03:00,182,0,0,52,3374,0,40000,3500,0,40000,0x07
2026-09-06T11:25:18.648-03:00,183,0,0,52,3374,0,40000,3500,0,40000,0x07
2026-09-06T11:25:18.671-03:00,184,0,0,52,3374,0,40000,3500,0,40000,0x07
2026-09-06T11:25:18.689-03:00,185,0,0,50,3374,0,40000,3500,0,40000,0x07
2026-09-06T11:25:18.708-03:00,186,0,0,50,3374,0,40000,3500,0,40000,0x07
2026-09-06T11:25:18.731-03:00,187,0,0,50,3374,0,40000,3500,0,40000,0x07
2026-09-06T11:25:18.746-03:00,188,0,0,50,3374,0,40000,3500,0,40000,0x07
2026-09-06T11:25:18.766-03:00,189,0,0,50,3374,0,40000,3500,0,40000,0x07
2026-09-06T11:25:18.791-03:00,190,0,0,51,3374,0,40000,3500,0,40000,0x07
2026-09-06T11:25:18.808-03:00,191,0,0,51,3374,0,40000,3500,0,40000,0x07
2026-09-06T11:25:18.831-03:00,192,0,0,51,3374,0,40000,3500,0,40000,0x07
2026-09-06T11:25:18.849-03:00,193,0,0,50,3374,0,40000,3500,0,40000,0x07
2026-09-06T11:25:18.867-03:00,194,0,0,50,3374,0,40000,3500,0,40000,0x07
2026-09-06T11:25:18.887-03:00,195,0,0,50,3374,0,40000,3500,0,40000,0x07
2026-09-06T11:25:18.907-03:00,196,0,0,50,3374,0,40000,3500,0,40000,0x07
2026-09-06T11:25:18.929-03:00,197,0,0,50,3374,0,40000,3500,0,40000,0x07
2026-09-06T11:25:18.947-03:00,198,0,0,51,3374,0,40000,3500,0,40000,0x07
2026-09-06T11:25:18.971-03:00,199,0,0,51,3374,0,40000,3500,0,40000,0x07
2026-09-06T11:25:18.989-03:00,200,0,0,56,3374,0,40000,3500,0,40000,0x07
2026-09-06T11:25:19.007-03:00,201,0,0,56,3374,0,40000,3500,0,40000,0x07
2026-09-06T11:25:19.029-03:00,202,0,0,56,3374,0,40000,3500,0,40000,0x07
2026-09-06T11:25:19.050-03:00,203,0,0,50,3374,0,40000,3500,0,40000,0x07
2026-09-06T11:25:19.071-03:00,204,0,0,50,3374,0,40000,3500,0,40000,0x07
2026-09-06T11:25:19.089-03:00,205,0,0,51,3374,0,40000,3500,0,40000,0x07
2026-09-06T11:25:19.106-03:00,206,0,0,51,3374,0,40000,3500,0,40000,0x07
2026-09-06T11:25:19.129-03:00,207,0,0,51,3374,0,40000,3500,0,40000,0x07
2026-09-06T11:25:19.147-03:00,208,0,0,52,3374,0,40000,3500,0,40000,0x07
2026-09-06T11:25:19.167-03:00,209,0,0,52,3374,0,40000,3500,0,40000,0x07
2026-09-06T11:25:19.190-03:00,210,0,0,52,3374,0,40000,3500,0,40000,0x07
2026-09-06T11:25:19.208-03:00,211,0,0,52,3374,0,40000,3500,0,40000,0x07
2026-09-06T11:25:19.231-03:00,212,0,0,52,3374,0,40000,3500,0,40000,0x07
2026-09-06T11:25:19.251-03:00,213,0,0,50,3374,0,40000,3500,0,40000,0x07
2026-09-06T11:25:19.271-03:00,214,0,0,50,3374,0,40000,3500,0,40000,0x07
2026-09-06T11:25:19.289-03:00,215,0,0,50,3374,0,40000,3500,0,40000,0x07
2026-09-06T11:25:19.307-03:00,216,0,0,52,3374,0,40000,3500,0,40000,0x07
2026-09-06T11:25:19.327-03:00,217,0,0,52,3374,0,40000,3500,0,40000,0x07
2026-09-06T11:25:19.350-03:00,218,0,0,53,3374,0,40000,3500,0,40000,0x07
2026-09-06T11:25:19.368-03:00,219,0,0,53,3374,0,40000,3500,0,40000,0x07
2026-09-06T11:25:19.391-03:00,220,0,0,53,3374,0,40000,3500,0,40000,0x07
2026-09-06T11:25:19.411-03:00,221,0,0,51,3374,0,40000,3500,0,40000,0x07
2026-09-06T11:25:19.429-03:00,222,0,0,51,3374,0,40000,3500,0,40000,0x07
2026-09-06T11:25:19.447-03:00,223,0,0,54,3374,0,40000,3500,0,40000,0x07
2026-09-06T11:25:19.469-03:00,224,0,0,54,3374,0,40000,3500,0,40000,0x07
2026-09-06T11:25:19.489-03:00,225,0,0,54,3374,0,40000,3500,0,40000,0x07
2026-09-06T11:25:19.507-03:00,226,0,0,57,3374,0,40000,3500,0,40000,0x07
2026-09-06T11:25:19.527-03:00,227,0,0,57,3374,0,40000,3500,0,40000,0x07
2026-09-06T11:25:19.547-03:00,228,0,0,57,3374,0,40000,3500,0,40000,0x07
2026-09-06T11:25:19.570-03:00,229,0,0,52,3374,0,40000,3500,0,40000,0x07
2026-09-06T11:25:19.588-03:00,230,0,0,52,3374,0,40000,3500,0,40000,0x07
2026-09-06T11:25:19.609-03:00,231,0,0,52,3374,0,40000,3500,0,40000,0x07
2026-09-06T11:25:19.631-03:00,232,0,0,52,3374,0,40000,3500,0,40000,0x07
2026-09-06T11:25:19.651-03:00,233,0,0,52,3374,0,40000,3500,0,40000,0x07
2026-09-06T11:25:19.670-03:00,234,0,0,54,3374,0,40000,3500,0,40000,0x07
2026-09-06T11:25:19.689-03:00,235,0,0,54,3374,0,40000,3500,0,40000,0x07
2026-09-06T11:25:19.707-03:00,236,0,0,54,3374,0,40000,3500,0,40000,0x07
2026-09-06T11:25:19.730-03:00,237,0,0,51,3374,0,40000,3500,0,40000,0x07
2026-09-06T11:25:19.747-03:00,238,0,0,51,3374,0,40000,3500,0,40000,0x07
2026-09-06T11:25:19.767-03:00,239,0,0,51,3374,0,40000,3500,0,40000,0x07
2026-09-06T11:25:19.791-03:00,240,0,0,51,3374,0,40000,3500,0,40000,0x07
2026-09-06T11:25:19.809-03:00,241,0,0,51,3374,0,40000,3500,0,40000,0x07
2026-09-06T11:25:19.827-03:00,242,0,0,50,3374,0,40000,3500,0,40000,0x07
2026-09-06T11:25:19.847-03:00,243,0,0,50,3374,0,40000,3500,0,40000,0x07
2026-09-06T11:25:19.869-03:00,244,0,0,50,3374,0,40000,3500,0,40000,0x07
2026-09-06T11:25:19.889-03:00,245,0,0,53,3374,0,40000,3500,0,40000,0x07
2026-09-06T11:25:19.909-03:00,246,0,0,53,3374,0,40000,3500,0,40000,0x07
2026-09-06T11:25:19.927-03:00,247,0,0,55,3374,0,40000,3500,0,40000,0x07
2026-09-06T11:25:19.947-03:00,248,0,0,55,3374,0,40000,3500,0,40000,0x07
2026-09-06T11:25:19.970-03:00,249,0,0,55,3374,0,40000,3500,0,40000,0x07
2026-09-06T11:25:19.990-03:00,250,0,0,52,3374,0,40000,3500,0,40000,0x07
2026-09-06T11:25:20.007-03:00,251,0,0,52,3374,0,40000,3500,0,40000,0x07
2026-09-06T11:25:20.027-03:00,252,0,0,50,3374,0,40000,3500,0,40000,0x07
2026-09-06T11:25:20.050-03:00,253,0,0,50,3374,0,40000,3500,0,40000,0x07
2026-09-06T11:25:20.070-03:00,254,0,0,50,3374,0,40000,3500,0,40000,0x07
2026-09-06T11:25:20.088-03:00,255,0,0,56,3374,0,40000,3500,0,40000,0x07
2026-09-06T11:25:20.111-03:00,256,0,0,56,3374,0,40000,3500,0,40000,0x07
2026-09-06T11:25:20.129-03:00,257,0,0,56,3374,0,40000,3500,0,40000,0x07
2026-09-06T11:25:20.149-03:00,258,0,0,52,3374,0,40000,3500,0,40000,0x07
2026-09-06T11:25:20.166-03:00,259,0,0,52,3374,0,40000,3500,0,40000,0x07
2026-09-06T11:25:20.190-03:00,260,0,0,52,3374,0,40000,3500,0,40000,0x07
2026-09-06T11:25:20.208-03:00,261,0,0,54,3374,0,40000,3500,0,40000,0x07
2026-09-06T11:25:20.231-03:00,262,0,0,54,3374,0,40000,3500,0,40000,0x07
2026-09-06T11:25:20.249-03:00,263,0,0,50,3374,0,40000,3500,0,40000,0x07
2026-09-06T11:25:20.266-03:00,264,0,0,50,3374,0,40000,3500,0,40000,0x07
2026-09-06T11:25:20.290-03:00,265,0,0,50,3374,0,40000,3500,0,40000,0x07
2026-09-06T11:25:20.389-03:00,266,0,0,53,3374,0,40000,3500,0,40000,0x07
2026-09-06T11:25:20.407-03:00,267,0,0,53,3374,0,40000,3500,0,40000,0x07
2026-09-06T11:25:20.407-03:00,268,0,0,56,3374,0,40000,3500,0,40000,0x07
2026-09-06T11:25:20.431-03:00,269,0,0,50,3374,0,40000,3500,0,40000,0x07
2026-09-06T11:25:20.449-03:00,270,0,0,53,3374,0,40000,3500,0,40000,0x07
2026-09-06T11:25:20.467-03:00,274,0,0,53,3374,0,40000,3500,0,40000,0x07
2026-09-06T11:25:20.490-03:00,275,0,0,53,3374,0,40000,3500,0,40000,0x07
2026-09-06T11:25:20.508-03:00,276,0,0,54,3374,0,40000,3500,0,40000,0x07
2026-09-06T11:25:20.531-03:00,277,0,0,54,3374,0,40000,3500,0,40000,0x07
2026-09-06T11:25:20.549-03:00,278,0,0,54,3374,0,40000,3500,0,40000,0x07
2026-09-06T11:25:20.569-03:00,279,0,0,52,3374,0,40000,3500,0,40000,0x07
2026-09-06T11:25:20.587-03:00,280,0,0,52,3374,0,40000,3500,0,40000,0x07
2026-09-06T11:25:20.607-03:00,281,0,0,52,3374,0,40000,3500,0,40000,0x07
2026-09-06T11:25:20.631-03:00,282,0,0,53,3374,0,40000,3500,0,40000,0x07
2026-09-06T11:25:20.649-03:00,283,0,0,53,3374,0,40000,3500,0,40000,0x07
2026-09-06T11:25:20.667-03:00,284,0,0,54,3374,0,40000,3500,0,40000,0x07
2026-09-06T11:25:20.691-03:00,285,0,0,54,3374,0,40000,3500,0,40000,0x07
2026-09-06T11:25:20.709-03:00,286,0,0,54,3374,0,40000,3500,0,40000,0x07
2026-09-06T11:25:20.730-03:00,287,0,0,50,3374,0,40000,3500,0,40000,0x07
2026-09-06T11:25:20.750-03:00,288,0,0,50,3374,0,40000,3500,0,40000,0x07
2026-09-06T11:25:20.770-03:00,289,0,0,52,3374,0,40000,3500,0,40000,0x07
2026-09-06T11:25:20.788-03:00,290,0,0,52,3374,0,40000,3500,0,40000,0x07
2026-09-06T11:25:20.809-03:00,291,0,0,52,3374,0,40000,3500,0,40000,0x07
2026-09-06T11:25:20.827-03:00,292,0,0,50,3374,0,40000,3500,0,40000,0x07
2026-09-06T11:25:20.850-03:00,293,0,0,50,3374,0,40000,3500,0,40000,0x07
2026-09-06T11:25:20.868-03:00,294,0,0,50,3374,0,40000,3500,0,40000,0x07
2026-09-06T11:25:20.888-03:00,295,0,0,53,3374,0,40000,3500,0,40000,0x07
2026-09-06T11:25:20.911-03:00,296,0,0,53,3374,0,40000,3500,0,40000,0x07
2026-09-06T11:25:20.930-03:00,297,0,0,55,3374,0,40000,3500,0,40000,0x07
2026-09-06T11:25:20.948-03:00,298,0,0,55,3374,0,40000,3500,0,40000,0x07
2026-09-06T11:25:20.970-03:00,299,0,0,55,3374,0,40000,3500,0,40000,0x07
2026-09-06T11:25:20.988-03:00,300,0,0,51,3374,0,40000,3500,0,40000,0x07
2026-09-06T11:25:21.008-03:00,301,0,0,51,3374,0,40000,3500,0,40000,0x07
2026-09-06T11:25:21.031-03:00,302,0,0,52,3374,0,40000,3500,0,40000,0x07
2026-09-06T11:25:21.050-03:00,303,0,0,52,3374,0,40000,3500,0,40000,0x07
2026-09-06T11:25:21.068-03:00,304,0,0,52,3374,0,40000,3500,0,40000,0x07
2026-09-06T11:25:21.090-03:00,305,0,0,50,3374,0,40000,3500,0,40000,0x07
2026-09-06T11:25:21.110-03:00,306,0,0,50,3374,0,40000,3500,0,40000,0x07
2026-09-06T11:25:21.130-03:00,307,0,0,50,3374,0,40000,3500,0,40000,0x07
2026-09-06T11:25:21.148-03:00,308,0,0,51,3374,0,40000,3500,0,40000,0x07
2026-09-06T11:25:21.171-03:00,309,0,0,51,3374,0,40000,3500,0,40000,0x07
2026-09-06T11:25:21.190-03:00,310,0,0,51,3374,0,40000,3500,0,40000,0x07
2026-09-06T11:25:21.207-03:00,311,0,0,51,3374,0,40000,3500,0,40000,0x07
2026-09-06T11:25:21.227-03:00,312,0,0,51,3374,0,40000,3500,0,40000,0x07
2026-09-06T11:25:21.247-03:00,313,0,0,52,3374,0,40000,3500,0,40000,0x07
2026-09-06T11:25:21.268-03:00,314,0,0,52,3374,0,40000,3500,0,40000,0x07
2026-09-06T11:25:21.291-03:00,315,0,0,53,3374,0,40000,3500,0,40000,0x07
2026-09-06T11:25:21.309-03:00,316,0,0,53,3374,0,40000,3500,0,40000,0x07
2026-09-06T11:25:21.327-03:00,317,0,0,53,3374,0,40000,3500,0,40000,0x07
2026-09-06T11:25:21.350-03:00,318,0,0,50,3374,0,40000,3500,0,40000,0x07
2026-09-06T11:25:21.369-03:00,319,0,0,50,3374,0,40000,3500,0,40000,0x07
2026-09-06T11:25:21.387-03:00,320,0,0,50,3374,0,40000,3500,0,40000,0x07
2026-09-06T11:25:21.410-03:00,321,0,0,50,3374,0,40000,3500,0,40000,0x07
2026-09-06T11:25:21.428-03:00,322,0,0,50,3374,0,40000,3500,0,40000,0x07
2026-09-06T11:25:21.446-03:00,323,0,0,50,3374,0,40000,3500,0,40000,0x07
2026-09-06T11:25:21.470-03:00,324,0,0,50,3374,0,40000,3500,0,40000,0x07
2026-09-06T11:25:21.491-03:00,325,0,0,51,3374,0,40000,3500,0,40000,0x07
2026-09-06T11:25:21.509-03:00,326,0,0,51,3374,0,40000,3500,0,40000,0x07
2026-09-06T11:25:21.527-03:00,327,0,0,51,3374,0,40000,3500,0,40000,0x07
2026-09-06T11:25:21.550-03:00,328,0,0,50,3374,0,40000,3500,0,40000,0x07
2026-09-06T11:25:21.568-03:00,329,0,0,50,3374,0,40000,3500,0,40000,0x07
2026-09-06T11:25:21.591-03:00,330,0,0,50,3374,0,40000,3500,0,40000,0x07
2026-09-06T11:25:21.609-03:00,331,0,0,52,3374,0,40000,3500,0,40000,0x07
2026-09-06T11:25:21.629-03:00,332,0,0,52,3374,0,40000,3500,0,40000,0x07
2026-09-06T11:25:21.649-03:00,333,0,0,51,3374,0,40000,3500,0,40000,0x07
2026-09-06T11:25:21.667-03:00,334,0,0,51,3374,0,40000,3500,0,40000,0x07
2026-09-06T11:25:21.690-03:00,335,0,0,51,3374,0,40000,3500,0,40000,0x07
2026-09-06T11:25:21.709-03:00,336,0,0,52,3374,0,40000,3500,0,40000,0x07
2026-09-06T11:25:21.727-03:00,337,0,0,52,3374,0,40000,3500,0,40000,0x07
2026-09-06T11:25:21.750-03:00,338,0,0,50,3374,0,40000,3500,0,40000,0x07
2026-09-06T11:25:21.768-03:00,339,0,0,50,3374,0,40000,3500,0,40000,0x07
2026-09-06T11:25:21.791-03:00,340,0,0,50,3374,0,40000,3500,0,40000,0x07
2026-09-06T11:25:21.809-03:00,341,0,0,50,3374,0,40000,3500,0,40000,0x07
2026-09-06T11:25:21.831-03:00,342,0,0,50,3374,0,40000,3500,0,40000,0x07
2026-09-06T11:25:21.846-03:00,343,0,0,50,3374,0,40000,3500,0,40000,0x07
2026-09-06T11:25:21.868-03:00,344,0,0,50,3374,0,40000,3500,0,40000,0x07
2026-09-06T11:25:21.886-03:00,345,0,0,50,3374,0,40000,3500,0,40000,0x07
2026-09-06T11:25:21.910-03:00,346,0,0,52,3374,0,40000,3500,0,40000,0x07
2026-09-06T11:25:21.929-03:00,347,0,0,52,3374,0,40000,3500,0,40000,0x07
2026-09-06T11:25:21.951-03:00,348,0,0,52,3374,0,40000,3500,0,40000,0x07
2026-09-06T11:25:21.969-03:00,349,0,0,52,3374,0,40000,3500,0,40000,0x07
2026-09-06T11:25:21.987-03:00,350,0,0,52,3374,0,40000,3500,0,40000,0x07
2026-09-06T11:25:22.010-03:00,351,0,0,52,3374,0,40000,3500,0,40000,0x07
2026-09-06T11:25:22.030-03:00,352,0,0,52,3374,0,40000,3500,0,40000,0x07
2026-09-06T11:25:22.051-03:00,353,0,0,52,3374,0,40000,3500,0,40000,0x07
2026-09-06T11:25:22.071-03:00,354,0,0,52,3374,0,40000,3500,0,40000,0x07
2026-09-06T11:25:22.091-03:00,355,0,0,52,3374,0,40000,3500,0,40000,0x07
2026-09-06T11:25:22.110-03:00,356,0,0,50,3374,0,40000,3500,0,40000,0x07
2026-09-06T11:25:22.128-03:00,357,0,0,50,3374,0,40000,3500,0,40000,0x07
2026-09-06T11:25:22.151-03:00,358,0,0,50,3374,0,40000,3500,0,40000,0x07
2026-09-06T11:25:22.169-03:00,359,0,0,53,3374,0,40000,3500,0,40000,0x07
2026-09-06T11:25:22.189-03:00,360,0,0,53,3374,0,40000,3500,0,40000,0x07
2026-09-06T11:25:22.207-03:00,361,0,0,55,3374,0,40000,3500,0,40000,0x07
2026-09-06T11:25:22.227-03:00,362,0,0,55,3374,0,40000,3500,0,40000,0x07
2026-09-06T11:25:22.249-03:00,363,0,0,55,3374,0,40000,3500,0,40000,0x07
2026-09-06T11:25:22.269-03:00,364,0,0,51,3374,0,40000,3500,0,40000,0x07
2026-09-06T11:25:22.287-03:00,365,0,0,51,3374,0,40000,3500,0,40000,0x07
2026-09-06T11:25:22.309-03:00,366,0,0,51,3374,0,40000,3500,0,40000,0x07
2026-09-06T11:25:22.327-03:00,367,0,0,54,3374,0,40000,3500,0,40000,0x07
2026-09-06T11:25:22.350-03:00,368,0,0,54,3374,0,40000,3500,0,40000,0x07
2026-09-06T11:25:22.370-03:00,369,0,0,54,3374,0,40000,3500,0,40000,0x07
2026-09-06T11:25:22.388-03:00,370,0,0,54,3374,0,40000,3500,0,40000,0x07
2026-09-06T11:25:22.410-03:00,371,0,0,54,3374,0,40000,3500,0,40000,0x07
2026-09-06T11:25:22.428-03:00,372,0,0,50,3374,0,40000,3500,0,40000,0x07
2026-09-06T11:25:22.448-03:00,373,0,0,50,3374,0,40000,3500,0,40000,0x07
2026-09-06T11:25:22.467-03:00,374,0,0,51,3374,0,40000,3500,0,40000,0x07
2026-09-06T11:25:22.487-03:00,375,0,0,51,3374,0,40000,3500,0,40000,0x07
2026-09-06T11:25:22.507-03:00,376,0,0,51,3374,0,40000,3500,0,40000,0x07
2026-09-06T11:25:22.530-03:00,377,0,0,51,3374,0,40000,3500,0,40000,0x07
2026-09-06T11:25:22.551-03:00,378,0,0,51,3374,0,40000,3500,0,40000,0x07
2026-09-06T11:25:22.571-03:00,379,0,0,51,3374,0,40000,3500,0,40000,0x07
2026-09-06T11:25:22.589-03:00,380,0,0,52,3374,0,40000,3500,0,40000,0x07
2026-09-06T11:25:22.607-03:00,381,0,0,52,3374,0,40000,3500,0,40000,0x07
2026-09-06T11:25:22.626-03:00,382,0,0,50,3374,0,40000,3500,0,40000,0x07
2026-09-06T11:25:22.649-03:00,383,0,0,50,3374,0,40000,3500,0,40000,0x07
2026-09-06T11:25:22.666-03:00,384,0,0,50,3374,0,40000,3500,0,40000,0x07
2026-09-06T11:25:22.689-03:00,385,0,0,52,3374,0,40000,3500,0,40000,0x07
2026-09-06T11:25:22.707-03:00,386,0,0,52,3374,0,40000,3500,0,40000,0x07
2026-09-06T11:25:22.731-03:00,387,0,0,52,3374,0,40000,3500,0,40000,0x07
2026-09-06T11:25:22.749-03:00,388,0,0,52,3374,0,40000,3500,0,40000,0x07
2026-09-06T11:25:22.771-03:00,389,0,0,52,3374,0,40000,3500,0,40000,0x07
2026-09-06T11:25:22.790-03:00,390,0,0,51,3374,0,40000,3500,0,40000,0x07
2026-09-06T11:25:22.808-03:00,391,0,0,51,3374,0,40000,3500,0,40000,0x07
2026-09-06T11:25:22.830-03:00,392,0,0,53,3374,0,40000,3500,0,40000,0x07
2026-09-06T11:25:22.848-03:00,393,0,0,53,3374,0,40000,3500,0,40000,0x07
2026-09-06T11:25:22.871-03:00,394,0,0,53,3374,0,40000,3500,0,40000,0x07
2026-09-06T11:25:22.888-03:00,395,0,0,51,3374,0,40000,3500,0,40000,0x07
2026-09-06T11:25:22.911-03:00,396,0,0,51,3374,0,40000,3500,0,40000,0x07
2026-09-06T11:25:22.931-03:00,397,0,0,50,3374,0,40000,3500,0,40000,0x07
2026-09-06T11:25:22.951-03:00,398,0,0,50,3374,0,40000,3500,0,40000,0x07
2026-09-06T11:25:22.969-03:00,399,0,0,50,3374,0,40000,3500,0,40000,0x07
2026-09-06T11:25:22.987-03:00,400,0,0,52,3374,0,40000,3500,0,40000,0x07
2026-09-06T11:25:23.007-03:00,401,0,0,52,3374,0,40000,3500,0,40000,0x07
2026-09-06T11:25:23.030-03:00,402,0,0,52,3374,0,40000,3500,0,40000,0x07
2026-09-06T11:25:23.048-03:00,403,0,0,51,3374,0,40000,3500,0,40000,0x07
2026-09-06T11:25:23.066-03:00,404,0,0,51,3374,0,40000,3500,0,40000,0x07
2026-09-06T11:25:23.090-03:00,405,0,0,56,3374,0,40000,3500,0,40000,0x07
2026-09-06T11:25:23.108-03:00,406,0,0,56,3374,0,40000,3500,0,40000,0x07
2026-09-06T11:25:23.128-03:00,407,0,0,56,3374,0,40000,3500,0,40000,0x07
2026-09-06T11:25:23.151-03:00,408,0,0,51,3374,0,40000,3500,0,40000,0x07
2026-09-06T11:25:23.169-03:00,409,0,0,51,3374,0,40000,3500,0,40000,0x07
2026-09-06T11:25:23.188-03:00,410,0,0,55,3374,0,40000,3500,0,40000,0x07
2026-09-06T11:25:23.211-03:00,411,0,0,55,3374,0,40000,3500,0,40000,0x07
2026-09-06T11:25:23.229-03:00,412,0,0,55,3374,0,40000,3500,0,40000,0x07
2026-09-06T11:25:23.247-03:00,413,0,0,51,3374,0,40000,3500,0,40000,0x07
2026-09-06T11:25:23.267-03:00,414,0,0,51,3374,0,40000,3500,0,40000,0x07
2026-09-06T11:25:23.291-03:00,415,0,0,51,3374,0,40000,3500,0,40000,0x07
2026-09-06T11:25:23.309-03:00,416,0,0,51,3374,0,40000,3500,0,40000,0x07
2026-09-06T11:25:23.327-03:00,417,0,0,51,3374,0,40000,3500,0,40000,0x07
2026-09-06T11:25:23.351-03:00,418,0,0,53,3374,0,40000,3500,0,40000,0x07
2026-09-06T11:25:23.367-03:00,419,0,0,53,3374,0,40000,3500,0,40000,0x07
2026-09-06T11:25:23.390-03:00,420,0,0,53,3374,0,40000,3500,0,40000,0x07
2026-09-06T11:25:23.408-03:00,421,0,0,52,3374,0,40000,3500,0,40000,0x07
2026-09-06T11:25:23.428-03:00,422,0,0,52,3374,0,40000,3500,0,40000,0x07
2026-09-06T11:25:23.448-03:00,423,0,0,52,3374,0,40000,3500,0,40000,0x07
2026-09-06T11:25:23.471-03:00,424,0,0,51,3374,0,40000,3500,0,40000,0x07
2026-09-06T11:25:23.489-03:00,425,0,0,51,3374,0,40000,3500,0,40000,0x07
2026-09-06T11:25:23.507-03:00,426,0,0,53,3374,0,40000,3500,0,40000,0x07
2026-09-06T11:25:23.530-03:00,427,0,0,53,3374,0,40000,3500,0,40000,0x07
2026-09-06T11:25:23.548-03:00,428,0,0,53,3374,0,40000,3500,0,40000,0x07
2026-09-06T11:25:23.568-03:00,429,0,0,50,3374,0,40000,3500,0,40000,0x07
2026-09-06T11:25:23.588-03:00,430,0,0,50,3374,0,40000,3500,0,40000,0x07
2026-09-06T11:25:23.608-03:00,431,0,0,52,3374,0,40000,3500,0,40000,0x07
2026-09-06T11:25:23.631-03:00,432,0,0,52,3374,0,40000,3500,0,40000,0x07
2026-09-06T11:25:23.668-03:00,433,0,0,52,3374,0,40000,3500,0,40000,0x07
2026-09-06T11:25:23.690-03:00,434,0,0,51,3374,0,40000,3500,0,40000,0x07
2026-09-06T11:25:23.707-03:00,435,0,0,51,3374,0,40000,3500,0,40000,0x07
2026-09-06T11:25:23.728-03:00,436,0,0,50,3374,0,40000,3500,0,40000,0x07
2026-09-06T11:25:23.751-03:00,437,0,0,50,3374,0,40000,3500,0,40000,0x07
2026-09-06T11:25:23.790-03:00,439,0,0,50,3374,0,40000,3500,0,40000,0x07
2026-09-06T11:25:23.790-03:00,440,0,0,50,3374,0,40000,3500,0,40000,0x07
2026-09-06T11:25:23.810-03:00,441,0,0,51,3374,0,40000,3500,0,40000,0x07
2026-09-06T11:25:23.828-03:00,442,0,0,51,3374,0,40000,3500,0,40000,0x07
2026-09-06T11:25:23.851-03:00,443,0,0,51,3374,0,40000,3500,0,40000,0x07
2026-09-06T11:25:23.871-03:00,444,0,0,52,3374,0,40000,3500,0,40000,0x07
2026-09-06T11:25:23.888-03:00,445,0,0,52,3374,0,40000,3500,0,40000,0x07
2026-09-06T11:25:23.911-03:00,446,0,0,52,3374,0,40000,3500,0,40000,0x07
2026-09-06T11:25:23.929-03:00,447,0,0,51,3374,0,40000,3500,0,40000,0x07
2026-09-06T11:25:23.949-03:00,448,0,0,51,3374,0,40000,3500,0,40000,0x07
2026-09-06T11:25:23.966-03:00,449,0,0,50,3374,0,40000,3500,0,40000,0x07
2026-09-06T11:25:23.986-03:00,450,0,0,50,3374,0,40000,3500,0,40000,0x07
2026-09-06T11:25:24.010-03:00,451,0,0,50,3374,0,40000,3500,0,40000,0x07
2026-09-06T11:25:24.027-03:00,452,0,0,50,3374,0,40000,3500,0,40000,0x07
2026-09-06T11:25:24.047-03:00,453,0,0,50,3374,0,40000,3500,0,40000,0x07
2026-09-06T11:25:24.067-03:00,454,0,0,54,3374,0,40000,3500,0,40000,0x07
2026-09-06T11:25:24.090-03:00,455,0,0,54,3374,0,40000,3500,0,40000,0x07
2026-09-06T11:25:24.111-03:00,456,0,0,54,3374,0,40000,3500,0,40000,0x07
2026-09-06T11:25:24.129-03:00,457,0,0,51,3374,0,40000,3500,0,40000,0x07
2026-09-06T11:25:24.147-03:00,458,0,0,51,3374,0,40000,3500,0,40000,0x07
2026-09-06T11:25:24.168-03:00,459,0,0,51,3374,0,40000,3500,0,40000,0x07
2026-09-06T11:25:24.189-03:00,460,0,0,51,3374,0,40000,3500,0,40000,0x07
2026-09-06T11:25:24.206-03:00,461,0,0,51,3374,0,40000,3500,0,40000,0x07
2026-09-06T11:25:24.230-03:00,462,0,0,51,3374,0,40000,3500,0,40000,0x07
2026-09-06T11:25:24.247-03:00,463,0,0,51,3374,0,40000,3500,0,40000,0x07
2026-09-06T11:25:24.266-03:00,464,0,0,51,3374,0,40000,3500,0,40000,0x07
2026-09-06T11:25:24.289-03:00,465,0,0,52,3374,0,40000,3500,0,40000,0x07
2026-09-06T11:25:24.309-03:00,466,0,0,52,3374,0,40000,3500,0,40000,0x07
2026-09-06T11:25:24.350-03:00,467,0,0,52,3374,0,40000,3500,0,40000,0x07
2026-09-06T11:25:24.350-03:00,468,0,0,52,3374,0,40000,3500,0,40000,0x07
2026-09-06T11:25:24.369-03:00,469,0,0,52,3374,0,40000,3500,0,40000,0x07
2026-09-06T11:25:24.447-03:00,470,0,0,51,3374,0,40000,3500,0,40000,0x07
2026-09-06T11:25:24.448-03:00,471,0,0,51,3374,0,40000,3500,0,40000,0x07
2026-09-06T11:25:24.470-03:00,472,0,0,52,3374,0,40000,3500,0,40000,0x07
2026-09-06T11:25:24.488-03:00,473,0,0,51,3374,0,40000,3500,0,40000,0x07
2026-09-06T11:25:24.511-03:00,474,0,0,51,3374,0,40000,3500,0,40000,0x07
2026-09-06T11:25:24.529-03:00,477,0,0,52,3374,0,40000,3500,0,40000,0x07
2026-09-06T11:25:24.551-03:00,478,0,0,52,3374,0,40000,3500,0,40000,0x07
2026-09-06T11:25:24.569-03:00,479,0,0,52,3374,0,40000,3500,0,40000,0x07
2026-09-06T11:25:24.588-03:00,480,0,0,51,3374,0,40000,3500,0,40000,0x07
2026-09-06T11:25:24.606-03:00,481,0,0,51,3374,0,40000,3500,0,40000,0x07
2026-09-06T11:25:24.630-03:00,482,0,0,51,3374,0,40000,3500,0,40000,0x07
2026-09-06T11:25:24.647-03:00,483,0,0,51,3374,0,40000,3500,0,40000,0x07
2026-09-06T11:25:24.669-03:00,484,0,0,51,3374,0,40000,3500,0,40000,0x07
2026-09-06T11:25:24.686-03:00,485,0,0,52,3374,0,40000,3500,0,40000,0x07
2026-09-06T11:25:24.709-03:00,486,0,0,52,3374,0,40000,3500,0,40000,0x07
2026-09-06T11:25:24.727-03:00,487,0,0,52,3374,0,40000,3500,0,40000,0x07
2026-09-06T11:25:24.750-03:00,488,0,0,51,3374,0,40000,3500,0,40000,0x07
2026-09-06T11:25:24.767-03:00,489,0,0,51,3374,0,40000,3500,0,40000,0x07
2026-09-06T11:25:24.790-03:00,490,0,0,51,3374,0,40000,3500,0,40000,0x07
2026-09-06T11:25:24.807-03:00,491,0,0,54,3374,0,40000,3500,0,40000,0x07
2026-09-06T11:25:24.829-03:00,492,0,0,54,3374,0,40000,3500,0,40000,0x07
2026-09-06T11:25:24.847-03:00,493,0,0,50,3374,0,40000,3500,0,40000,0x07
2026-09-06T11:25:24.867-03:00,494,0,0,50,3374,0,40000,3500,0,40000,0x07
2026-09-06T11:25:24.890-03:00,495,0,0,50,3374,0,40000,3500,0,40000,0x07
2026-09-06T11:25:24.907-03:00,496,0,0,53,3374,0,40000,3500,0,40000,0x07
2026-09-06T11:25:24.951-03:00,497,0,0,53,3374,0,40000,3500,0,40000,0x07
2026-09-06T11:25:24.995-03:00,498,0,0,55,3374,0,40000,3500,0,40000,0x07
2026-09-06T11:25:25.038-03:00,499,0,0,55,3374,0,40000,3500,0,40000,0x07
2026-09-06T11:25:25.081-03:00,500,0,0,51,3374,0,40000,3500,0,40000,0x07
2026-09-06T11:25:25.125-03:00,501,0,0,53,0,0,0,0,0,0,0x03
