timestamp,sequence,team,robot_id,interval_ms,left_target_eps,left_measured_eps,left_duty,right_target_eps,right_measured_eps,right_duty,flags
2026-09-06T21:12:00.856,274,0,1,50,-572,-20,9642,-1202,-280,16132,0x07
2026-09-06T21:12:00.909,275,0,2,51,-2582,-647,32081,-2317,-667,30048,0x07
2026-09-06T21:12:00.909,276,0,1,51,-1215,-39,17663,-1644,-314,21613,0x07
2026-09-06T21:12:00.974,277,0,2,58,2990,34,39783,2898,121,40000,0x07
2026-09-06T21:12:00.974,278,0,1,50,0,0,0,0,0,0,0x03
2026-09-06T21:12:01.039,279,0,2,50,0,0,0,0,0,0,0x03
2026-09-06T21:12:01.039,0,0,1,51,0,0,0,0,0,0,0x03
2026-09-06T21:12:01.104,1,0,2,50,0,0,0,0,0,0,0x03
2026-09-06T21:12:01.104,2,0,1,50,0,0,0,0,0,0,0x03
2026-09-06T21:12:01.170,3,0,2,51,0,0,0,0,0,0,0x03
2026-09-06T21:12:01.170,4,0,1,51,0,0,0,0,0,0,0x03
2026-09-06T21:12:01.251,5,0,2,50,0,0,0,0,0,0,0x03
2026-09-06T21:12:01.251,6,0,1,52,0,0,0,0,0,0,0x03
2026-09-06T21:12:01.315,7,0,2,51,0,0,0,0,0,0,0x03
2026-09-06T21:12:01.315,8,0,1,52,0,0,0,0,0,0,0x03
2026-09-06T21:12:01.380,9,0,2,52,0,0,0,0,0,0,0x03
2026-09-06T21:12:01.380,10,0,1,52,0,0,0,0,0,0,0x03
2026-09-06T21:12:01.445,11,0,2,50,0,0,0,0,0,0,0x03
2026-09-06T21:12:01.445,12,0,1,52,0,0,0,0,0,0,0x03
2026-09-06T21:12:01.510,13,0,2,50,0,0,0,0,0,0,0x03
2026-09-06T21:12:01.510,14,0,1,51,0,0,0,0,0,0,0x03
2026-09-06T21:12:01.575,15,0,2,50,0,0,0,0,0,0,0x03
2026-09-06T21:12:01.575,16,0,1,55,0,0,0,0,0,0,0x03
2026-09-06T21:12:01.640,17,0,2,52,0,0,0,0,0,0,0x03
2026-09-06T21:12:01.640,18,0,1,50,0,0,0,0,0,0,0x03
2026-09-06T21:12:01.705,19,0,2,52,0,0,0,0,0,0,0x03
2026-09-06T21:12:01.705,20,0,1,50,0,0,0,0,0,0,0x03
2026-09-06T21:12:01.786,21,0,2,51,0,0,0,0,0,0,0x03
2026-09-06T21:12:01.786,22,0,1,50,0,0,0,0,0,0,0x03
2026-09-06T21:12:01.851,23,0,2,50,0,0,0,0,0,0,0x03
2026-09-06T21:12:01.851,24,0,1,51,0,0,0,0,0,0,0x03
2026-09-06T21:12:01.916,25,0,2,52,0,0,0,0,0,0,0x03
2026-09-06T21:12:01.916,26,0,1,52,0,0,0,0,0,0,0x03
2026-09-06T21:12:01.981,27,0,2,52,0,0,0,0,0,0,0x03
2026-09-06T21:12:01.981,28,0,1,51,0,0,0,0,0,0,0x03
2026-09-06T21:12:02.046,29,0,2,50,0,0,0,0,0,0,0x03
2026-09-06T21:12:02.046,30,0,1,51,0,0,0,0,0,0,0x03
2026-09-06T21:12:02.111,31,0,2,52,0,0,0,0,0,0,0x03
2026-09-06T21:12:02.111,32,0,1,50,0,0,0,0,0,0,0x03
2026-09-06T21:12:02.177,33,0,2,50,0,0,0,0,0,0,0x03
2026-09-06T21:12:02.177,34,0,1,50,0,0,0,0,0,0,0x03
2026-09-06T21:12:02.242,35,0,2,52,0,0,0,0,0,0,0x03
2026-09-06T21:12:02.242,36,0,1,51,0,0,0,0,0,0,0x03
2026-09-06T21:12:02.323,37,0,2,50,0,0,0,0,0,0,0x03
2026-09-06T21:12:02.323,38,0,1,50,0,0,0,0,0,0,0x03
2026-09-06T21:12:02.389,39,0,2,52,0,0,0,0,0,0,0x03
2026-09-06T21:12:02.389,40,0,1,51,0,0,0,0,0,0,0x03
2026-09-06T21:12:02.453,41,0,2,51,0,0,0,0,0,0,0x03
2026-09-06T21:12:02.453,42,0,1,52,0,0,0,0,0,0,0x03
2026-09-06T21:12:02.518,43,0,2,52,0,0,0,0,0,0,0x03
2026-09-06T21:12:02.518,44,0,1,51,0,0,0,0,0,0,0x03
2026-09-06T21:12:02.582,45,0,2,50,0,0,0,0,0,0,0x03
2026-09-06T21:12:02.582,46,0,1,52,0,0,0,0,0,0,0x03
2026-09-06T21:12:02.647,47,0,2,54,0,0,0,0,0,0,0x03
2026-09-06T21:12:02.647,48,0,1,52,0,0,0,0,0,0,0x03
2026-09-06T21:12:02.712,49,0,2,51,0,0,0,0,0,0,0x03
2026-09-06T21:12:02.712,50,0,1,50,0,0,0,0,0,0,0x03
2026-09-06T21:12:02.778,51,0,2,51,0,0,0,0,0,0,0x03
2026-09-06T21:12:02.778,52,0,1,51,0,0,0,0,0,0,0x03
2026-09-06T21:12:02.859,53,0,2,50,0,0,0,0,0,0,0x03
2026-09-06T21:12:02.859,54,0,1,52,0,0,0,0,0,0,0x03
2026-09-06T21:12:02.924,55,0,2,51,0,0,0,0,0,0,0x03
2026-09-06T21:12:02.924,56,0,1,52,0,0,0,0,0,0,0x03
2026-09-06T21:12:02.989,57,0,2,52,0,0,0,0,0,0,0x03
2026-09-06T21:12:02.989,58,0,1,52,0,0,0,0,0,0,0x03
2026-09-06T21:12:03.054,59,0,2,50,0,0,0,0,0,0,0x03
2026-09-06T21:12:03.054,60,0,1,52,0,0,0,0,0,0,0x03
2026-09-06T21:12:03.120,61,0,2,52,0,0,0,0,0,0,0x03
2026-09-06T21:12:03.120,62,0,1,51,0,0,0,0,0,0,0x03
2026-09-06T21:12:03.185,63,0,2,51,0,0,0,0,0,0,0x03
2026-09-06T21:12:03.185,64,0,1,50,0,0,0,0,0,0,0x03
2026-09-06T21:12:03.250,65,0,2,51,0,0,0,0,0,0,0x03
2026-09-06T21:12:03.250,66,0,1,50,0,0,0,0,0,0,0x03
2026-09-06T21:12:03.316,67,0,2,53,0,0,0,0,0,0,0x03
2026-09-06T21:12:03.316,68,0,1,50,0,0,0,0,0,0,0x03
2026-09-06T21:12:03.381,69,0,2,50,0,0,0,0,0,0,0x03
2026-09-06T21:12:03.381,70,0,1,50,0,0,0,0,0,0,0x03
2026-09-06T21:12:03.462,71,0,2,50,0,0,0,0,0,0,0x03
2026-09-06T21:12:03.462,72,0,1,50,0,0,0,0,0,0,0x03
2026-09-06T21:12:03.527,73,0,2,51,0,0,0,0,0,0,0x03
2026-09-06T21:12:03.527,74,0,1,53,0,0,0,0,0,0,0x03
2026-09-06T21:12:03.592,75,0,2,51,0,0,0,0,0,0,0x03
2026-09-06T21:12:03.592,76,0,1,51,0,0,0,0,0,0,0x03
2026-09-06T21:12:03.657,77,0,2,51,0,0,0,0,0,0,0x03
2026-09-06T21:12:03.657,78,0,1,52,0,0,0,0,0,0,0x03
2026-09-06T21:12:03.722,79,0,2,53,0,0,0,0,0,0,0x03
2026-09-06T21:12:03.722,80,0,1,50,0,0,0,0,0,0,0x03
2026-09-06T21:12:03.788,81,0,2,50,0,0,0,0,0,0,0x03
2026-09-06T21:12:03.788,82,0,1,51,0,0,0,0,0,0,0x03
2026-09-06T21:12:03.853,83,0,2,52,0,0,0,0,0,0,0x03
2026-09-06T21:12:03.854,84,0,1,50,0,0,0,0,0,0,0x03
2026-09-06T21:12:03.919,85,0,2,51,0,0,0,0,0,0,0x03
2026-09-06T21:12:03.919,86,0,1,51,0,0,0,0,0,0,0x03
2026-09-06T21:12:03.984,87,0,2,50,0,0,0,0,0,0,0x03
2026-09-06T21:12:03.984,88,0,1,50,0,0,0,0,0,0,0x03
2026-09-06T21:12:04.049,89,0,2,51,0,0,0,0,0,0,0x03
2026-09-06T21:12:04.049,90,0,1,52,0,0,0,0,0,0,0x03
2026-09-06T21:12:04.131,91,0,2,50,0,0,0,0,0,0,0x03
2026-09-06T21:12:04.131,92,0,1,50,0,0,0,0,0,0,0x03
2026-09-06T21:12:04.195,93,0,2,51,0,0,0,0,0,0,0x03
2026-09-06T21:12:04.195,94,0,1,50,0,0,0,0,0,0,0x03
2026-09-06T21:12:04.261,95,0,2,51,0,0,0,0,0,0,0x03
2026-09-06T21:12:04.261,96,0,1,52,0,0,0,0,0,0,0x03
2026-09-06T21:12:04.326,97,0,2,52,0,0,0,0,0,0,0x03
2026-09-06T21:12:04.326,98,0,1,50,0,0,0,0,0,0,0x03
2026-09-06T21:12:04.391,99,0,2,55,0,0,0,0,0,0,0x03
2026-09-06T21:12:04.391,100,0,1,52,0,0,0,0,0,0,0x03
2026-09-06T21:12:04.457,101,0,2,52,0,0,0,0,0,0,0x03
2026-09-06T21:12:04.457,102,0,1,51,0,0,0,0,0,0,0x03
2026-09-06T21:12:04.522,103,0,2,51,0,0,0,0,0,0,0x03
2026-09-06T21:12:04.522,104,0,1,51,0,0,0,0,0,0,0x03
2026-09-06T21:12:04.586,105,0,2,51,0,0,0,0,0,0,0x03
2026-09-06T21:12:04.586,106,0,1,52,0,0,0,0,0,0,0x03
2026-09-06T21:12:04.668,107,0,2,50,0,0,0,0,0,0,0x03
2026-09-06T21:12:04.668,108,0,1,50,0,0,0,0,0,0,0x03
2026-09-06T21:12:04.733,109,0,2,51,0,0,0,0,0,0,0x03
2026-09-06T21:12:04.733,110,0,1,51,0,0,0,0,0,0,0x03
2026-09-06T21:12:04.798,111,0,2,51,0,0,0,0,0,0,0x03
2026-09-06T21:12:04.798,112,0,1,51,0,0,0,0,0,0,0x03
2026-09-06T21:12:04.863,113,0,2,51,0,0,0,0,0,0,0x03
2026-09-06T21:12:04.863,114,0,1,51,0,0,0,0,0,0,0x03
2026-09-06T21:12:04.928,115,0,2,50,0,0,0,0,0,0,0x03
2026-09-06T21:12:04.928,116,0,1,51,0,0,0,0,0,0,0x03
2026-09-06T21:12:04.993,117,0,2,51,0,0,0,0,0,0,0x03
2026-09-06T21:12:04.994,118,0,1,51,0,0,0,0,0,0,0x03
2026-09-06T21:12:05.058,119,0,2,50,0,0,0,0,0,0,0x03
2026-09-06T21:12:05.058,120,0,1,50,0,0,0,0,0,0,0x03
2026-09-06T21:12:05.122,121,0,2,50,0,0,0,0,0,0,0x03
2026-09-06T21:12:05.122,122,0,1,50,0,0,0,0,0,0,0x03
2026-09-06T21:12:05.204,123,0,2,52,0,0,0,0,0,0,0x03
2026-09-06T21:12:05.204,124,0,1,50,0,0,0,0,0,0,0x03
2026-09-06T21:12:05.269,125,0,2,51,0,0,0,0,0,0,0x03
2026-09-06T21:12:05.269,126,0,1,51,0,0,0,0,0,0,0x03
2026-09-06T21:12:05.334,127,0,2,51,0,0,0,0,0,0,0x03
2026-09-06T21:12:05.334,128,0,1,52,0,0,0,0,0,0,0x03
2026-09-06T21:12:05.399,129,0,2,50,0,0,0,0,0,0,0x03
2026-09-06T21:12:05.399,130,0,1,52,0,0,0,0,0,0,0x03
2026-09-06T21:12:05.465,131,0,2,55,0,0,0,0,0,0,0x03
2026-09-06T21:12:05.465,132,0,1,50,0,0,0,0,0,0,0x03
2026-09-06T21:12:05.530,133,0,2,51,0,0,0,0,0,0,0x03
2026-09-06T21:12:05.530,134,0,1,50,0,0,0,0,0,0,0x03
2026-09-06T21:12:05.594,135,0,2,50,0,0,0,0,0,0,0x03
2026-09-06T21:12:05.594,136,0,1,51,0,0,0,0,0,0,0x03
2026-09-06T21:12:05.659,137,0,2,52,0,0,0,0,0,0,0x03
2026-09-06T21:12:05.659,138,0,1,50,0,0,0,0,0,0,0x03
2026-09-06T21:12:05.740,139,0,2,52,0,0,0,0,0,0,0x03
2026-09-06T21:12:05.740,140,0,1,51,0,0,0,0,0,0,0x03
2026-09-06T21:12:05.789,141,0,2,50,0,0,0,0,0,0,0x03
2026-09-06T21:12:05.789,142,0,1,51,0,0,0,0,0,0,0x03
2026-09-06T21:12:05.870,143,0,2,52,0,0,0,0,0,0,0x03
2026-09-06T21:12:05.870,144,0,1,50,0,0,0,0,0,0,0x03
2026-09-06T21:12:05.935,145,0,2,52,0,0,0,0,0,0,0x03
2026-09-06T21:12:05.935,146,0,1,50,0,0,0,0,0,0,0x03
2026-09-06T21:12:05.999,147,0,2,50,0,0,0,0,0,0,0x03
2026-09-06T21:12:05.999,148,0,1,52,0,0,0,0,0,0,0x03
2026-09-06T21:12:06.064,149,0,2,52,0,0,0,0,0,0,0x03
2026-09-06T21:12:06.064,150,0,1,51,0,0,0,0,0,0,0x03
2026-09-06T21:12:06.130,151,0,2,52,0,0,0,0,0,0,0x03
2026-09-06T21:12:06.130,152,0,1,52,0,0,0,0,0,0,0x03
2026-09-06T21:12:06.195,153,0,2,51,0,0,0,0,0,0,0x03
2026-09-06T21:12:06.195,154,0,1,52,0,0,0,0,0,0,0x03
2026-09-06T21:12:06.276,155,0,2,51,0,0,0,0,0,0,0x03
2026-09-06T21:12:06.276,156,0,1,51,0,0,0,0,0,0,0x03
2026-09-06T21:12:06.324,157,0,2,50,0,0,0,0,0,0,0x03
2026-09-06T21:12:06.324,158,0,1,52,0,0,0,0,0,0,0x03
2026-09-06T21:12:06.405,159,0,2,56,0,0,0,0,0,0,0x03
2026-09-06T21:12:06.405,160,0,1,51,0,0,0,0,0,0,0x03
2026-09-06T21:12:06.470,161,0,2,52,0,0,0,0,0,0,0x03
2026-09-06T21:12:06.470,162,0,1,50,0,0,0,0,0,0,0x03
2026-09-06T21:12:06.535,163,0,2,50,0,0,0,0,0,0,0x03
2026-09-06T21:12:06.536,164,0,1,51,0,0,0,0,0,0,0x03
2026-09-06T21:12:06.600,165,0,2,51,0,0,0,0,0,0,0x03
2026-09-06T21:12:06.600,166,0,1,51,0,0,0,0,0,0,0x03
2026-09-06T21:12:06.665,167,0,2,50,0,0,0,0,0,0,0x03
2026-09-06T21:12:06.665,168,0,1,52,0,0,0,0,0,0,0x03
2026-09-06T21:12:06.730,169,0,2,51,0,0,0,0,0,0,0x03
2026-09-06T21:12:06.730,170,0,1,50,0,0,0,0,0,0,0x03
2026-09-06T21:12:06.812,171,0,2,50,0,0,0,0,0,0,0x03
2026-09-06T21:12:06.812,172,0,1,52,0,0,0,0,0,0,0x03
2026-09-06T21:12:06.860,173,0,2,51,0,0,0,0,0,0,0x03
2026-09-06T21:12:06.860,174,0,1,52,0,0,0,0,0,0,0x03
2026-09-06T21:12:06.941,175,0,2,52,0,0,0,0,0,0,0x03
2026-09-06T21:12:06.941,176,0,1,51,0,0,0,0,0,0,0x03
2026-09-06T21:12:07.006,177,0,2,51,0,0,0,0,0,0,0x03
2026-09-06T21:12:07.006,178,0,1,51,0,0,0,0,0,0,0x03
2026-09-06T21:12:07.071,179,0,2,55,0,0,0,0,0,0,0x03
2026-09-06T21:12:07.071,180,0,1,50,0,0,0,0,0,0,0x03
2026-09-06T21:12:07.137,181,0,2,50,0,0,0,0,0,0,0x03
2026-09-06T21:12:07.137,182,0,1,54,0,0,0,0,0,0,0x03
2026-09-06T21:12:07.202,183,0,2,50,0,0,0,0,0,0,0x03
2026-09-06T21:12:07.202,184,0,1,52,0,0,0,0,0,0,0x03
2026-09-06T21:12:07.267,185,0,2,50,0,0,0,0,0,0,0x03
2026-09-06T21:12:07.267,186,0,1,50,0,0,0,0,0,0,0x03
2026-09-06T21:12:07.332,187,0,2,50,0,0,0,0,0,0,0x03
2026-09-06T21:12:07.332,188,0,1,51,0,0,0,0,0,0,0x03
2026-09-06T21:12:07.398,189,0,2,51,0,0,0,0,0,0,0x03
2026-09-06T21:12:07.398,190,0,1,52,0,0,0,0,0,0,0x03
2026-09-06T21:12:07.478,191,0,2,55,0,0,0,0,0,0,0x03
2026-09-06T21:12:07.478,192,0,1,50,0,0,0,0,0,0,0x03
2026-09-06T21:12:07.544,193,0,2,52,0,0,0,0,0,0,0x03
2026-09-06T21:12:07.544,194,0,1,51,0,0,0,0,0,0,0x03
2026-09-06T21:12:07.608,195,0,2,50,0,0,0,0,0,0,0x03
2026-09-06T21:12:07.608,196,0,1,50,0,0,0,0,0,0,0x03
2026-09-06T21:12:07.673,197,0,2,51,0,0,0,0,0,0,0x03
2026-09-06T21:12:07.673,198,0,1,51,0,0,0,0,0,0,0x03
2026-09-06T21:12:07.738,199,0,2,50,0,0,0,0,0,0,0x03
2026-09-06T21:12:07.738,200,0,1,51,0,0,0,0,0,0,0x03
2026-09-06T21:12:07.803,201,0,2,51,0,0,0,0,0,0,0x03
2026-09-06T21:12:07.803,202,0,1,50,0,0,0,0,0,0,0x03
2026-09-06T21:12:07.868,203,0,2,51,0,0,0,0,0,0,0x03
2026-09-06T21:12:07.868,204,0,1,52,0,0,0,0,0,0,0x03
2026-09-06T21:12:07.934,205,0,2,50,0,0,0,0,0,0,0x03
2026-09-06T21:12:07.934,206,0,1,50,0,0,0,0,0,0,0x03
2026-09-06T21:12:08.014,207,0,2,50,0,0,0,0,0,0,0x03
2026-09-06T21:12:08.014,208,0,1,53,0,0,0,0,0,0,0x03
2026-09-06T21:12:08.080,209,0,2,51,0,0,0,0,0,0,0x03
2026-09-06T21:12:08.080,210,0,1,52,0,0,0,0,0,0,0x03
2026-09-06T21:12:08.145,211,0,2,50,0,0,0,0,0,0,0x03
2026-09-06T21:12:08.145,212,0,1,52,0,0,0,0,0,0,0x03
2026-09-06T21:12:08.210,213,0,2,50,0,0,0,0,0,0,0x03
2026-09-06T21:12:08.210,214,0,1,52,0,0,0,0,0,0,0x03
2026-09-06T21:12:08.275,215,0,2,51,0,0,0,0,0,0,0x03
2026-09-06T21:12:08.275,216,0,1,52,0,0,0,0,0,0,0x03
2026-09-06T21:12:08.340,217,0,2,51,0,0,0,0,0,0,0x03
2026-09-06T21:12:08.340,218,0,1,50,0,0,0,0,0,0,0x03
2026-09-06T21:12:08.405,219,0,2,50,0,0,0,0,0,0,0x03
2026-09-06T21:12:08.405,220,0,1,51,0,0,0,0,0,0,0x03
2026-09-06T21:12:08.471,221,0,2,52,0,0,0,0,0,0,0x03
2026-09-06T21:12:08.471,222,0,1,50,0,0,0,0,0,0,0x03
2026-09-06T21:12:08.552,223,0,2,51,0,0,0,0,0,0,0x03
2026-09-06T21:12:08.552,224,0,1,52,0,0,0,0,0,0,0x03
2026-09-06T21:12:08.618,225,0,2,51,0,0,0,0,0,0,0x03
2026-09-06T21:12:08.618,226,0,1,50,0,0,0,0,0,0,0x03
2026-09-06T21:12:08.683,227,0,2,52,0,0,0,0,0,0,0x03
2026-09-06T21:12:08.683,228,0,1,51,0,0,0,0,0,0,0x03
2026-09-06T21:12:08.748,229,0,2,52,0,0,0,0,0,0,0x03
2026-09-06T21:12:08.748,230,0,1,52,0,0,0,0,0,0,0x03
2026-09-06T21:12:08.813,231,0,2,51,0,0,0,0,0,0,0x03
2026-09-06T21:12:08.813,232,0,1,51,0,0,0,0,0,0,0x03
2026-09-06T21:12:08.879,233,0,2,51,0,0,0,0,0,0,0x03
2026-09-06T21:12:08.879,234,0,1,52,0,0,0,0,0,0,0x03
2026-09-06T21:12:08.944,235,0,2,52,0,0,0,0,0,0,0x03
2026-09-06T21:12:08.944,236,0,1,52,0,0,0,0,0,0,0x03
2026-09-06T21:12:09.009,237,0,2,50,0,0,0,0,0,0,0x03
2026-09-06T21:12:09.009,238,0,1,51,0,0,0,0,0,0,0x03
2026-09-06T21:12:09.075,239,0,2,51,0,0,0,0,0,0,0x03
2026-09-06T21:12:09.075,240,0,1,51,0,0,0,0,0,0,0x03
2026-09-06T21:12:09.140,241,0,2,50,0,0,0,0,0,0,0x03
2026-09-06T21:12:09.140,242,0,1,50,0,0,0,0,0,0,0x03
2026-09-06T21:12:09.205,243,0,2,52,0,0,0,0,0,0,0x03
2026-09-06T21:12:09.205,244,0,1,50,0,0,0,0,0,0,0x03
2026-09-06T21:12:09.287,245,0,2,50,0,0,0,0,0,0,0x03
2026-09-06T21:12:09.287,246,0,1,51,0,0,0,0,0,0,0x03
2026-09-06T21:12:09.351,247,0,2,51,0,0,0,0,0,0,0x03
2026-09-06T21:12:09.351,248,0,1,51,0,0,0,0,0,0,0x03
2026-09-06T21:12:09.416,249,0,2,53,0,0,0,0,0,0,0x03
2026-09-06T21:12:09.416,250,0,1,50,0,0,0,0,0,0,0x03
2026-09-06T21:12:09.481,251,0,2,51,0,0,0,0,0,0,0x03
2026-09-06T21:12:09.481,252,0,1,52,0,0,0,0,0,0,0x03
2026-09-06T21:12:09.546,253,0,2,50,0,0,0,0,0,0,0x03
2026-09-06T21:12:09.546,254,0,1,52,0,0,0,0,0,0,0x03
2026-09-06T21:12:09.611,255,0,2,52,0,0,0,0,0,0,0x03
2026-09-06T21:12:09.611,256,0,1,50,0,0,0,0,0,0,0x03
2026-09-06T21:12:09.676,257,0,2,50,0,0,0,0,0,0,0x03
2026-09-06T21:12:09.676,258,0,1,52,0,0,12891,0,0,17311,0x07
2026-09-06T21:12:09.742,259,0,2,52,0,0,30232,0,0,33691,0x07
2026-09-06T21:12:09.742,260,0,1,52,-1242,-385,16535,-1804,-288,23753,0x07
2026-09-06T21:12:09.823,261,0,2,50,3374,1800,37092,3496,2520,37809,0x07
2026-09-06T21:12:09.823,262,0,1,52,-1228,-404,16283,-1795,-442,22979,0x07
2026-09-06T21:12:09.889,263,0,2,50,3374,1320,39132,3496,3100,35344,0x07
2026-09-06T21:12:09.889,264,0,1,51,-1220,-275,16726,-1786,-235,23752,0x07
2026-09-06T21:12:09.953,265,0,2,51,3374,1255,39408,3497,3000,35775,0x07
2026-09-06T21:12:09.953,266,0,1,52,-1069,-481,13944,-1681,-423,21620,0x07
2026-09-06T21:12:10.017,267,0,2,50,3350,2080,35597,3500,2700,37091,0x07
2026-09-06T21:12:10.017,268,0,1,52,-779,-481,10298,-1454,-538,18237,0x07
2026-09-06T21:12:10.082,269,0,2,50,3268,2140,34320,3500,3240,34796,0x07
2026-09-06T21:12:10.082,270,0,1,50,-571,-540,7418,-1253,-620,15336,0x07
2026-09-06T21:12:10.147,271,0,2,50,3048,2340,30715,3467,3360,33845,0x07
2026-09-06T21:12:10.147,272,0,1,56,-398,-357,6019,-1337,-643,16307,0x07
2026-09-06T21:12:10.213,273,0,2,54,839,2111,4034,1822,3259,12470,0x07
2026-09-06T21:12:10.213,274,0,1,50,-398,-260,6432,-1337,-680,16149,0x07
2026-09-06T21:12:10.278,275,0,2,51,839,1373,7173,1822,1784,18738,0x07
2026-09-06T21:12:10.278,276,0,1,51,0,0,8113,0,0,12990,0x07
2026-09-06T21:12:10.344,277,0,2,50,0,0,19792,0,0,25198,0x07
2026-09-06T21:12:10.344,278,0,1,51,670,78,10626,1294,294,17238,0x07
2026-09-06T21:12:10.425,279,0,2,50,-2091,-280,27490,-2557,-240,35044,0x07
2026-09-06T21:12:10.425,280,0,1,54,-736,0,11792,-1353,0,19244,0x07
2026-09-06T21:12:10.490,281,0,2,50,-3374,-640,40000,-3209,-2520,34001,0x07
2026-09-06T21:12:10.490,282,0,1,51,-736,-431,9959,-1353,-314,17910,0x07
2026-09-06T21:12:10.554,283,0,2,50,-3374,-920,40000,-3241,-2440,34763,0x07
2026-09-06T21:12:10.554,284,0,1,51,-1264,-196,17618,-1721,-235,22916,0x07
2026-09-06T21:12:10.619,285,0,2,54,-2954,-1907,31376,-2637,-1481,30831,0x07
2026-09-06T21:12:10.619,286,0,1,57,-1989,-193,26766,-2406,-333,31216,0x07
2026-09-06T21:12:10.683,287,0,2,51,-2954,-1863,31566,-2637,-1902,29043,0x07
2026-09-06T21:12:10.683,288,0,1,50,-1989,-360,26057,-2406,-520,30423,0x07
2026-09-06T21:12:10.748,289,0,2,51,-2811,-2294,27945,-2558,-1843,28253,0x07
2026-09-06T21:12:10.748,290,0,1,51,-1974,-529,25149,-2451,-627,30535,0x07
2026-09-06T21:12:10.814,291,0,2,51,-3080,-2314,31233,-3214,-1941,36526,0x07
2026-09-06T21:12:10.814,292,0,1,51,-2041,-667,25407,-2497,-686,30867,0x07
2026-09-06T21:12:10.880,293,0,2,57,-3270,-2684,32037,-3500,-2439,38202,0x07
2026-09-06T21:12:10.880,294,0,1,51,-2081,-922,24830,-2536,-745,31120,0x07
2026-09-06T21:12:10.945,295,0,2,51,-3270,-2725,31862,-3500,-2765,36816,0x07
2026-09-06T21:12:10.945,296,0,1,51,-2298,-1020,27147,-2680,-804,32694,0x07
2026-09-06T21:12:11.025,297,0,2,51,-3076,-2902,28682,-3500,-2824,36566,0x07
2026-09-06T21:12:11.026,298,0,1,51,-2207,-1137,25500,-2672,-902,32180,0x07
2026-09-06T21:12:11.090,299,0,2,50,-2621,-2980,22651,-3207,-3040,31764,0x07
2026-09-06T21:12:11.090,300,0,1,50,-2032,-1220,22945,-2550,-940,30470,0x07
2026-09-06T21:12:11.155,301,0,2,57,-135,-2123,0,-1150,-2825,5415,0x07
2026-09-06T21:12:11.156,302,0,1,51,-1778,-1275,19504,-2348,-1098,27222,0x07
2026-09-06T21:12:11.220,303,0,2,50,0,0,5323,0,0,10795,0x07
2026-09-06T21:12:11.220,304,0,1,52,0,0,18549,0,0,22411,0x07
2026-09-06T21:12:11.286,305,0,2,51,0,0,0,0,0,0,0x03
2026-09-06T21:12:11.286,306,0,1,56,74,161,2765,1674,661,20511,0x07
2026-09-06T21:12:11.351,307,0,2,50,0,0,16586,0,0,13810,0x07
2026-09-06T21:12:11.351,308,0,1,51,74,137,2864,1674,490,21236,0x07
2026-09-06T21:12:11.431,309,0,2,52,-1704,-942,19821,-1292,-596,16768,0x07
2026-09-06T21:12:11.431,310,0,1,52,486,19,8560,1246,346,16411,0x07
2026-09-06T21:12:11.480,311,0,2,50,0,0,14337,0,0,10857,0x07
2026-09-06T21:12:11.480,312,0,1,52,506,58,8652,1225,154,16962,0x07
2026-09-06T21:12:11.561,313,0,2,52,1825,846,21755,1581,692,20188,0x07
2026-09-06T21:12:11.561,314,0,1,51,428,20,7828,1306,0,18647,0x07
2026-09-06T21:12:11.626,315,0,2,51,1825,176,24601,1581,1275,17713,0x07
2026-09-06T21:12:11.626,316,0,1,50,0,0,9291,0,0,14062,0x07
2026-09-06T21:12:11.692,317,0,2,50,2106,500,26745,1815,580,23768,0x07
2026-09-06T21:12:11.692,318,0,1,51,-811,-157,12070,-1420,-39,19932,0x07
2026-09-06T21:12:11.757,319,0,2,52,2135,1115,24493,1757,885,21699,0x07
2026-09-06T21:12:11.757,320,0,1,51,-1030,-255,14412,-1574,-255,20964,0x07
2026-09-06T21:12:11.821,321,0,2,51,1942,1275,21393,1469,843,18062,0x07
2026-09-06T21:12:11.821,322,0,1,50,-1131,-180,16001,-1683,-280,22246,0x07
2026-09-06T21:12:11.886,323,0,2,52,1772,1404,18713,1304,846,15860,0x07
2026-09-06T21:12:11.886,324,0,1,52,-1165,-192,16379,-1729,-250,22956,0x07
2026-09-06T21:12:11.952,325,0,2,50,1627,1520,16411,1138,940,13266,0x07
2026-09-06T21:12:11.952,326,0,1,52,-1003,-404,13444,-1606,-442,20581,0x07
2026-09-06T21:12:11.984,327,0,2,50,1573,1520,15728,1144,960,13265,0x07
2026-09-06T21:12:11.984,328,0,1,52,-1003,-423,13362,-1606,-500,20336,0x07
