timestamp,sequence,team,robot_id,interval_ms,left_target_eps,left_measured_eps,left_duty,right_target_eps,right_measured_eps,right_duty,flags
2026-09-06T12:01:52.222-03:00,502,0,0,51,0,0,0,0,0,0,0x03
2026-09-06T12:01:52.246-03:00,503,0,0,52,0,0,0,0,0,0,0x03
2026-09-06T12:01:52.263-03:00,504,0,0,52,0,0,0,0,0,0,0x03
2026-09-06T12:01:52.283-03:00,505,0,0,52,0,0,0,0,0,0,0x03
2026-09-06T12:01:52.306-03:00,505,0,0,52,0,0,0,0,0,0,0x03
2026-09-06T12:01:52.324-03:00,505,0,0,52,0,0,0,0,0,0,0x03
2026-09-06T12:01:52.347-03:00,505,0,0,52,0,0,0,0,0,0,0x03
2026-09-06T12:01:52.362-03:00,505,0,0,51,0,0,0,0,0,0,0x03
2026-09-06T12:01:52.384-03:00,505,0,0,51,0,0,0,0,0,0,0x03
2026-09-06T12:01:52.402-03:00,505,0,0,54,0,0,0,0,0,0,0x03
2026-09-06T12:01:52.425-03:00,505,0,0,54,0,0,0,0,0,0,0x03
2026-09-06T12:01:52.443-03:00,8,0,0,54,0,0,30741,0,0,31098,0x07
2026-09-06T12:01:52.466-03:00,9,0,0,50,3374,120,40000,3500,0,40000,0x07
2026-09-06T12:01:52.485-03:00,10,0,0,50,3374,120,40000,3500,0,40000,0x07
2026-09-06T12:01:52.504-03:00,11,0,0,54,3374,1796,37446,3500,0,40000,0x07
2026-09-06T12:01:52.527-03:00,12,0,0,54,3374,1796,37446,3500,0,40000,0x07
2026-09-06T12:01:52.545-03:00,13,0,0,54,3374,1796,37446,3500,0,40000,0x07
2026-09-06T12:01:52.562-03:00,14,0,0,63,3374,2762,33342,3500,0,40000,0x07
2026-09-06T12:01:52.582-03:00,15,0,0,63,3374,2762,33342,3500,0,40000,0x07
2026-09-06T12:01:52.602-03:00,16,0,0,63,3374,2762,33342,3500,0,40000,0x07
2026-09-06T12:01:52.625-03:00,17,0,0,60,3374,2800,33180,3500,0,40000,0x07
2026-09-06T12:01:52.643-03:00,18,0,0,60,3374,2800,33180,3500,0,40000,0x07
2026-09-06T12:01:52.666-03:00,19,0,0,60,3374,2800,33180,3500,0,40000,0x07
2026-09-06T12:01:52.686-03:00,20,0,0,59,3374,2695,33627,3500,0,40000,0x07
2026-09-06T12:01:52.707-03:00,21,0,0,59,3374,2695,33627,3500,0,40000,0x07
2026-09-06T12:01:52.725-03:00,22,0,0,59,3374,2695,33627,3500,0,40000,0x07
2026-09-06T12:01:52.743-03:00,23,0,0,50,3374,2560,34200,3500,0,40000,0x07
2026-09-06T12:01:52.766-03:00,24,0,0,50,3374,2560,34200,3500,0,40000,0x07
2026-09-06T12:01:52.784-03:00,25,0,0,56,3374,2679,33697,3500,0,40000,0x07
2026-09-06T12:01:52.806-03:00,26,0,0,56,3374,2679,33697,3500,0,40000,0x07
2026-09-06T12:01:52.824-03:00,27,0,0,56,3374,2679,33697,3500,0,40000,0x07
2026-09-06T12:01:52.844-03:00,28,0,0,59,3374,2881,32835,3500,0,40000,0x07
2026-09-06T12:01:52.867-03:00,29,0,0,59,3374,2881,32835,3500,0,40000,0x07
2026-09-06T12:01:52.885-03:00,30,0,0,59,3374,2881,32835,3500,0,40000,0x07
2026-09-06T12:01:52.903-03:00,31,0,0,58,3374,2741,33430,3500,0,40000,0x07
2026-09-06T12:01:52.923-03:00,32,0,0,58,3374,2741,33430,3500,0,40000,0x07
2026-09-06T12:01:52.945-03:00,33,0,0,58,3374,2741,33430,3500,0,40000,0x07
2026-09-06T12:01:52.963-03:00,34,0,0,59,3374,2593,34059,3500,0,40000,0x07
2026-09-06T12:01:52.982-03:00,35,0,0,59,3374,2593,34059,3500,0,40000,0x07
2026-09-06T12:01:53.005-03:00,36,0,0,59,3374,2593,34059,3500,0,40000,0x07
2026-09-06T12:01:53.023-03:00,37,0,0,58,3374,2638,33869,3500,0,40000,0x07
2026-09-06T12:01:53.046-03:00,38,0,0,58,3374,2638,33869,3500,0,40000,0x07
2026-09-06T12:01:53.064-03:00,39,0,0,58,3374,2638,33869,3500,0,40000,0x07
2026-09-06T12:01:53.087-03:00,40,0,0,60,3374,2750,33393,3500,0,40000,0x07
2026-09-06T12:01:53.123-03:00,41,0,0,60,3374,2750,33393,3500,0,40000,0x07
2026-09-06T12:01:53.123-03:00,42,0,0,60,3374,2750,33393,3500,0,40000,0x07
2026-09-06T12:01:53.146-03:00,43,0,0,51,3374,2863,32914,3500,0,40000,0x07
2026-09-06T12:01:53.164-03:00,44,0,0,51,3374,2863,32914,3500,0,40000,0x07
2026-09-06T12:01:53.182-03:00,45,0,0,55,3374,2618,33953,3500,0,40000,0x07
2026-09-06T12:01:53.206-03:00,46,0,0,55,3374,2618,33953,3500,0,40000,0x07
2026-09-06T12:01:53.225-03:00,47,0,0,55,3374,2618,33953,3500,0,40000,0x07
2026-09-06T12:01:53.243-03:00,48,0,0,59,3374,2729,33483,3500,0,40000,0x07
2026-09-06T12:01:53.266-03:00,49,0,0,59,3374,2729,33483,3500,0,40000,0x07
2026-09-06T12:01:53.284-03:00,50,0,0,59,3374,2729,33483,3500,0,40000,0x07
2026-09-06T12:01:53.302-03:00,51,0,0,59,3374,2729,33483,3500,0,40000,0x07
2026-09-06T12:01:53.324-03:00,52,0,0,59,3374,2729,33483,3500,0,40000,0x07
2026-09-06T12:01:53.342-03:00,53,0,0,59,3374,2729,33483,3500,0,40000,0x07
2026-09-06T12:01:53.366-03:00,54,0,0,58,3374,2690,33649,3500,0,40000,0x07
2026-09-06T12:01:53.386-03:00,55,0,0,58,3374,2690,33649,3500,0,40000,0x07
2026-09-06T12:01:53.404-03:00,56,0,0,58,3374,2690,33649,3500,0,40000,0x07
2026-09-06T12:01:53.427-03:00,57,0,0,60,3374,2717,33535,3500,0,40000,0x07
2026-09-06T12:01:53.445-03:00,58,0,0,60,3374,2717,33535,3500,0,40000,0x07
2026-09-06T12:01:53.463-03:00,59,0,0,60,3374,2717,33535,3500,0,40000,0x07
2026-09-06T12:01:53.486-03:00,60,0,0,58,3374,2724,33503,3500,0,40000,0x07
2026-09-06T12:01:53.504-03:00,61,0,0,58,3374,2724,33503,3500,0,40000,0x07
2026-09-06T12:01:53.527-03:00,62,0,0,58,3374,2724,33503,3500,0,40000,0x07
2026-09-06T12:01:53.545-03:00,63,0,0,50,3374,2580,34116,3500,0,40000,0x07
2026-09-06T12:01:53.563-03:00,64,0,0,50,3374,2580,34116,3500,0,40000,0x07
2026-09-06T12:01:53.584-03:00,65,0,0,53,3374,2736,33453,3500,0,40000,0x07
2026-09-06T12:01:53.607-03:00,66,0,0,53,3374,2736,33453,3500,0,40000,0x07
2026-09-06T12:01:53.624-03:00,67,0,0,53,3374,2736,33453,3500,0,40000,0x07
2026-09-06T12:01:53.644-03:00,68,0,0,59,3374,2746,33411,3500,0,40000,0x07
2026-09-06T12:01:53.667-03:00,69,0,0,59,3374,2746,33411,3500,0,40000,0x07
2026-09-06T12:01:53.682-03:00,70,0,0,59,3374,2746,33411,3500,0,40000,0x07
2026-09-06T12:01:53.705-03:00,71,0,0,58,3374,2741,33430,3500,0,40000,0x07
2026-09-06T12:01:53.723-03:00,72,0,0,58,3374,2741,33430,3500,0,40000,0x07
2026-09-06T12:01:53.746-03:00,73,0,0,58,3374,2741,33430,3500,0,40000,0x07
2026-09-06T12:01:53.763-03:00,74,0,0,59,3374,2797,33195,3500,0,40000,0x07
2026-09-06T12:01:53.783-03:00,75,0,0,59,3374,2797,33195,3500,0,40000,0x07
2026-09-06T12:01:53.807-03:00,76,0,0,59,3374,2797,33195,3500,0,40000,0x07
2026-09-06T12:01:53.824-03:00,77,0,0,58,3374,2655,33796,3500,0,40000,0x07
2026-09-06T12:01:53.847-03:00,78,0,0,58,3374,2655,33796,3500,0,40000,0x07
2026-09-06T12:01:53.865-03:00,79,0,0,58,3374,2655,33796,3500,0,40000,0x07
2026-09-06T12:01:53.883-03:00,80,0,0,62,3374,2774,33290,3500,0,40000,0x07
2026-09-06T12:01:53.906-03:00,81,0,0,62,3374,2774,33290,3500,0,40000,0x07
2026-09-06T12:01:53.923-03:00,82,0,0,62,3374,2774,33290,3500,0,40000,0x07
2026-09-06T12:01:53.944-03:00,83,0,0,59,3374,2661,33771,3500,0,40000,0x07
2026-09-06T12:01:53.967-03:00,84,0,0,59,3374,2661,33771,3500,0,40000,0x07
2026-09-06T12:01:53.985-03:00,85,0,0,59,3374,2661,33771,3500,0,40000,0x07
2026-09-06T12:01:54.007-03:00,86,0,0,50,3374,2680,33690,3500,0,40000,0x07
2026-09-06T12:01:54.025-03:00,87,0,0,50,3374,2680,33690,3500,0,40000,0x07
2026-09-06T12:01:54.045-03:00,88,0,0,53,3374,2792,33213,3500,0,40000,0x07
2026-09-06T12:01:54.063-03:00,89,0,0,53,3374,2792,33213,3500,0,40000,0x07
2026-09-06T12:01:54.086-03:00,90,0,0,53,3374,2792,33213,3500,0,40000,0x07
2026-09-06T12:01:54.104-03:00,91,0,0,58,3374,2707,33576,3500,0,40000,0x07
2026-09-06T12:01:54.127-03:00,92,0,0,58,3374,2707,33576,3500,0,40000,0x07
2026-09-06T12:01:54.147-03:00,93,0,0,58,3374,2707,33576,3500,0,40000,0x07
2026-09-06T12:01:54.165-03:00,94,0,0,61,3374,2639,33863,3500,0,40000,0x07
2026-09-06T12:01:54.183-03:00,95,0,0,61,3374,2639,33863,3500,0,40000,0x07
2026-09-06T12:01:54.206-03:00,96,0,0,61,3374,2639,33863,3500,0,40000,0x07
2026-09-06T12:01:54.223-03:00,97,0,0,59,3374,2763,33339,3500,0,40000,0x07
2026-09-06T12:01:54.246-03:00,98,0,0,59,3374,2763,33339,3500,0,40000,0x07
2026-09-06T12:01:54.264-03:00,99,0,0,59,3374,2763,33339,3500,0,40000,0x07
2026-09-06T12:01:54.284-03:00,100,0,0,59,3374,2712,33555,3500,0,40000,0x07
2026-09-06T12:01:54.305-03:00,101,0,0,59,3374,2712,33555,3500,0,40000,0x07
2026-09-06T12:01:54.322-03:00,102,0,0,59,3374,2712,33555,3500,0,40000,0x07
2026-09-06T12:01:54.346-03:00,103,0,0,50,3374,2820,33096,3500,0,40000,0x07
2026-09-06T12:01:54.364-03:00,104,0,0,50,3374,2820,33096,3500,0,40000,0x07
2026-09-06T12:01:54.387-03:00,105,0,0,53,3374,2642,33854,3500,0,40000,0x07
2026-09-06T12:01:54.402-03:00,106,0,0,53,3374,2642,33854,3500,0,40000,0x07
2026-09-06T12:01:54.422-03:00,107,0,0,53,3374,2642,33854,3500,0,40000,0x07
2026-09-06T12:01:54.446-03:00,108,0,0,61,3374,2738,33445,3500,0,40000,0x07
2026-09-06T12:01:54.465-03:00,109,0,0,61,3374,2738,33445,3500,0,40000,0x07
2026-09-06T12:01:54.487-03:00,110,0,0,61,3374,2738,33445,3500,0,40000,0x07
2026-09-06T12:01:54.505-03:00,111,0,0,59,3374,2780,33267,3500,0,40000,0x07
2026-09-06T12:01:54.525-03:00,112,0,0,59,3374,2780,33267,3500,0,40000,0x07
2026-09-06T12:01:54.543-03:00,113,0,0,59,3374,2780,33267,3500,0,40000,0x07
2026-09-06T12:01:54.567-03:00,114,0,0,59,3374,2678,33699,3500,0,40000,0x07
2026-09-06T12:01:54.583-03:00,115,0,0,59,3374,2678,33699,3500,0,40000,0x07
2026-09-06T12:01:54.606-03:00,116,0,0,59,3374,2678,33699,3500,0,40000,0x07
2026-09-06T12:01:54.624-03:00,117,0,0,50,3374,2620,33946,3500,0,40000,0x07
2026-09-06T12:01:54.644-03:00,118,0,0,50,3374,2620,33946,3500,0,40000,0x07
2026-09-06T12:01:54.664-03:00,119,0,0,53,3374,2868,32892,3500,0,40000,0x07
2026-09-06T12:01:54.687-03:00,120,0,0,53,3374,2868,32892,3500,0,40000,0x07
2026-09-06T12:01:54.702-03:00,121,0,0,53,3374,2868,32892,3500,0,40000,0x07
2026-09-06T12:01:54.726-03:00,122,0,0,59,3374,2610,33987,3500,0,40000,0x07
2026-09-06T12:01:54.744-03:00,123,0,0,59,3374,2610,33987,3500,0,40000,0x07
2026-09-06T12:01:54.766-03:00,124,0,0,59,3374,2610,33987,3500,0,40000,0x07
2026-09-06T12:01:54.784-03:00,125,0,0,68,3374,2441,34706,3500,0,40000,0x07
2026-09-06T12:01:54.807-03:00,126,0,0,68,3374,2441,34706,3500,0,40000,0x07
2026-09-06T12:01:54.822-03:00,127,0,0,68,3374,2441,34706,3500,0,40000,0x07
2026-09-06T12:01:54.846-03:00,128,0,0,60,3374,2900,32756,3500,0,40000,0x07
2026-09-06T12:01:54.864-03:00,129,0,0,60,3374,2900,32756,3500,0,40000,0x07
2026-09-06T12:01:54.887-03:00,130,0,0,60,3374,2900,32756,3500,0,40000,0x07
2026-09-06T12:01:54.905-03:00,131,0,0,59,3374,2729,33483,3500,0,40000,0x07
2026-09-06T12:01:54.927-03:00,132,0,0,59,3374,2729,33483,3500,0,40000,0x07
2026-09-06T12:01:54.944-03:00,133,0,0,59,3374,2729,33483,3500,0,40000,0x07
2026-09-06T12:01:54.967-03:00,134,0,0,60,3374,2717,33535,3500,0,40000,0x07
2026-09-06T12:01:54.985-03:00,135,0,0,60,3374,2717,33535,3500,0,40000,0x07
2026-09-06T12:01:55.005-03:00,136,0,0,60,3374,2717,33535,3500,0,40000,0x07
2026-09-06T12:01:55.024-03:00,137,0,0,58,3374,2724,33503,3500,0,40000,0x07
2026-09-06T12:01:55.044-03:00,138,0,0,58,3374,2724,33503,3500,0,40000,0x07
2026-09-06T12:01:55.063-03:00,139,0,0,58,3374,2724,33503,3500,0,40000,0x07
2026-09-06T12:01:55.086-03:00,140,0,0,59,3374,2644,33843,3500,0,40000,0x07
2026-09-06T12:01:55.104-03:00,141,0,0,59,3374,2644,33843,3500,0,40000,0x07
2026-09-06T12:01:55.122-03:00,142,0,0,59,3374,2644,33843,3500,0,40000,0x07
2026-09-06T12:01:55.144-03:00,143,0,0,60,3374,2750,33393,3500,0,40000,0x07
2026-09-06T12:01:55.164-03:00,144,0,0,60,3374,2750,33393,3500,0,40000,0x07
2026-09-06T12:01:55.183-03:00,145,0,0,60,3374,2750,33393,3500,0,40000,0x07
2026-09-06T12:01:55.203-03:00,146,0,0,58,3374,2672,33723,3500,0,40000,0x07
2026-09-06T12:01:55.225-03:00,147,0,0,58,3374,2672,33723,3500,0,40000,0x07
2026-09-06T12:01:55.245-03:00,148,0,0,58,3374,2672,33723,3500,0,40000,0x07
2026-09-06T12:01:55.265-03:00,149,0,0,60,3374,2750,33393,3500,0,40000,0x07
2026-09-06T12:01:55.282-03:00,150,0,0,60,3374,2750,33393,3500,0,40000,0x07
2026-09-06T12:01:55.306-03:00,151,0,0,60,3374,2750,33393,3500,0,40000,0x07
2026-09-06T12:01:55.324-03:00,152,0,0,59,3374,2712,33555,3500,0,40000,0x07
2026-09-06T12:01:55.344-03:00,153,0,0,59,3374,2712,33555,3500,0,40000,0x07
2026-09-06T12:01:55.367-03:00,154,0,0,59,3374,2712,33555,3500,0,40000,0x07
2026-09-06T12:01:55.384-03:00,155,0,0,58,3374,2569,34162,3500,0,40000,0x07
2026-09-06T12:01:55.402-03:00,156,0,0,58,3374,2569,34162,3500,0,40000,0x07
2026-09-06T12:01:55.425-03:00,157,0,0,58,3374,2569,34162,3500,0,40000,0x07
2026-09-06T12:01:55.442-03:00,158,0,0,64,3374,2766,33327,3500,0,40000,0x07
2026-09-06T12:01:55.465-03:00,159,0,0,64,3374,2766,33327,3500,0,40000,0x07
2026-09-06T12:01:55.482-03:00,160,0,0,64,3374,2766,33327,3500,0,40000,0x07
2026-09-06T12:01:55.506-03:00,161,0,0,58,3374,2810,33137,3500,0,40000,0x07
2026-09-06T12:01:55.526-03:00,162,0,0,58,3374,2810,33137,3500,0,40000,0x07
2026-09-06T12:01:55.544-03:00,163,0,0,58,3374,2810,33137,3500,0,40000,0x07
2026-09-06T12:01:55.562-03:00,164,0,0,59,3374,2644,33843,3500,0,40000,0x07
2026-09-06T12:01:55.582-03:00,165,0,0,59,3374,2644,33843,3500,0,40000,0x07
2026-09-06T12:01:55.604-03:00,166,0,0,59,3374,2644,33843,3500,0,40000,0x07
2026-09-06T12:01:55.622-03:00,167,0,0,59,3374,2763,33339,3500,0,40000,0x07
2026-09-06T12:01:55.645-03:00,168,0,0,59,3374,2763,33339,3500,0,40000,0x07
2026-09-06T12:01:55.664-03:00,169,0,0,59,3374,2763,33339,3500,0,40000,0x07
2026-09-06T12:01:55.687-03:00,170,0,0,58,3374,2569,34162,3500,0,40000,0x07
2026-09-06T12:01:55.705-03:00,171,0,0,58,3374,2569,34162,3500,0,40000,0x07
2026-09-06T12:01:55.725-03:00,172,0,0,58,3374,2569,34162,3500,0,40000,0x07
2026-09-06T12:01:55.743-03:00,173,0,0,51,3374,2686,33664,3500,0,40000,0x07
2026-09-06T12:01:55.763-03:00,174,0,0,51,3374,2686,33664,3500,0,40000,0x07
2026-09-06T12:01:55.783-03:00,175,0,0,53,3374,2698,33614,3500,0,40000,0x07
2026-09-06T12:01:55.807-03:00,176,0,0,53,3374,2698,33614,3500,0,40000,0x07
2026-09-06T12:01:55.825-03:00,177,0,0,53,3374,2698,33614,3500,0,40000,0x07
2026-09-06T12:01:55.843-03:00,178,0,0,58,3374,2759,33356,3500,0,40000,0x07
2026-09-06T12:01:55.866-03:00,179,0,0,58,3374,2759,33356,3500,0,40000,0x07
2026-09-06T12:01:55.886-03:00,180,0,0,58,3374,2759,33356,3500,0,40000,0x07
2026-09-06T12:01:55.906-03:00,181,0,0,60,3374,2783,33251,3500,0,40000,0x07
2026-09-06T12:01:55.924-03:00,182,0,0,60,3374,2783,33251,3500,0,40000,0x07
2026-09-06T12:01:55.944-03:00,183,0,0,60,3374,2783,33251,3500,0,40000,0x07
2026-09-06T12:01:55.967-03:00,184,0,0,58,3374,2638,33869,3500,0,40000,0x07
2026-09-06T12:01:55.986-03:00,185,0,0,58,3374,2638,33869,3500,0,40000,0x07
2026-09-06T12:01:56.003-03:00,186,0,0,58,3374,2638,33869,3500,0,40000,0x07
2026-09-06T12:01:56.026-03:00,187,0,0,50,3374,2720,33520,3500,0,40000,0x07
2026-09-06T12:01:56.043-03:00,188,0,0,50,3374,2720,33520,3500,0,40000,0x07
2026-09-06T12:01:56.067-03:00,189,0,0,53,3374,2811,33132,3500,0,40000,0x07
2026-09-06T12:01:56.085-03:00,190,0,0,53,3374,2811,33132,3500,0,40000,0x07
2026-09-06T12:01:56.103-03:00,191,0,0,53,3374,2811,33132,3500,0,40000,0x07
2026-09-06T12:01:56.123-03:00,192,0,0,58,3374,2707,33576,3500,0,40000,0x07
2026-09-06T12:01:56.163-03:00,193,0,0,58,3374,2707,33576,3500,0,40000,0x07
2026-09-06T12:01:56.163-03:00,194,0,0,58,3374,2707,33576,3500,0,40000,0x07
2026-09-06T12:01:56.186-03:00,195,0,0,59,3374,2610,33987,3500,0,40000,0x07
2026-09-06T12:01:56.205-03:00,196,0,0,59,3374,2610,33987,3500,0,40000,0x07
2026-09-06T12:01:56.223-03:00,197,0,0,59,3374,2610,33987,3500,0,40000,0x07
2026-09-06T12:01:56.242-03:00,198,0,0,51,3374,2745,33414,3500,0,40000,0x07
2026-09-06T12:01:56.266-03:00,199,0,0,51,3374,2745,33414,3500,0,40000,0x07
2026-09-06T12:01:56.284-03:00,200,0,0,55,3374,2782,33258,3500,0,40000,0x07
2026-09-06T12:01:56.306-03:00,201,0,0,55,3374,2782,33258,3500,0,40000,0x07
2026-09-06T12:01:56.326-03:00,202,0,0,55,3374,2782,33258,3500,0,40000,0x07
2026-09-06T12:01:56.347-03:00,203,0,0,59,3374,2729,33483,3500,0,40000,0x07
2026-09-06T12:01:56.364-03:00,204,0,0,59,3374,2729,33483,3500,0,40000,0x07
2026-09-06T12:01:56.385-03:00,205,0,0,59,3374,2729,33483,3500,0,40000,0x07
2026-09-06T12:01:56.403-03:00,206,0,0,59,3374,2661,33771,3500,0,40000,0x07
2026-09-06T12:01:56.426-03:00,207,0,0,59,3374,2661,33771,3500,0,40000,0x07
2026-09-06T12:01:56.444-03:00,208,0,0,59,3374,2661,33771,3500,0,40000,0x07
2026-09-06T12:01:56.462-03:00,209,0,0,58,3374,2655,33796,3500,0,40000,0x07
2026-09-06T12:01:56.485-03:00,210,0,0,58,3374,2655,33796,3500,0,40000,0x07
2026-09-06T12:01:56.504-03:00,211,0,0,58,3374,2655,33796,3500,0,40000,0x07
2026-09-06T12:01:56.527-03:00,212,0,0,60,3374,2750,33393,3500,0,40000,0x07
2026-09-06T12:01:56.545-03:00,213,0,0,60,3374,2750,33393,3500,0,40000,0x07
2026-09-06T12:01:56.566-03:00,214,0,0,60,3374,2750,33393,3500,0,40000,0x07
2026-09-06T12:01:56.586-03:00,215,0,0,50,3374,2760,33350,3500,0,40000,0x07
2026-09-06T12:01:56.606-03:00,216,0,0,50,3374,2760,33350,3500,0,40000,0x07
2026-09-06T12:01:56.626-03:00,217,0,0,52,3374,2635,33883,3500,0,40000,0x07
2026-09-06T12:01:56.644-03:00,218,0,0,52,3374,2635,33883,3500,0,40000,0x07
2026-09-06T12:01:56.666-03:00,219,0,0,52,3374,2635,33883,3500,0,40000,0x07
2026-09-06T12:01:56.686-03:00,220,0,0,59,3374,2763,33339,3500,0,40000,0x07
2026-09-06T12:01:56.704-03:00,221,0,0,59,3374,2763,33339,3500,0,40000,0x07
2026-09-06T12:01:56.727-03:00,222,0,0,59,3374,2763,33339,3500,0,40000,0x07
2026-09-06T12:01:56.765-03:00,223,0,0,58,3374,2776,33283,3500,0,40000,0x07
2026-09-06T12:01:56.765-03:00,224,0,0,58,3374,2776,33283,3500,0,40000,0x07
2026-09-06T12:01:56.783-03:00,225,0,0,58,3374,2776,33283,3500,0,40000,0x07
2026-09-06T12:01:56.803-03:00,226,0,0,51,3374,2686,33664,3500,0,40000,0x07
2026-09-06T12:01:56.826-03:00,227,0,0,51,3374,2686,33664,3500,0,40000,0x07
2026-09-06T12:01:56.844-03:00,228,0,0,53,3374,2774,33293,3500,0,40000,0x07
2026-09-06T12:01:56.864-03:00,229,0,0,53,3374,2774,33293,3500,0,40000,0x07
2026-09-06T12:01:56.887-03:00,230,0,0,53,3374,2774,33293,3500,0,40000,0x07
2026-09-06T12:01:56.907-03:00,231,0,0,58,3374,2672,33723,3500,0,40000,0x07
2026-09-06T12:01:56.927-03:00,232,0,0,58,3374,2672,33723,3500,0,40000,0x07
2026-09-06T12:01:56.944-03:00,233,0,0,58,3374,2672,33723,3500,0,40000,0x07
2026-09-06T12:01:56.967-03:00,234,0,0,50,3374,2700,33606,3500,0,40000,0x07
2026-09-06T12:01:56.985-03:00,235,0,0,50,3374,2700,33606,3500,0,40000,0x07
2026-09-06T12:01:57.002-03:00,236,0,0,53,3374,2792,33213,3500,0,40000,0x07
2026-09-06T12:01:57.022-03:00,237,0,0,53,3374,2792,33213,3500,0,40000,0x07
2026-09-06T12:01:57.045-03:00,238,0,0,53,3374,2792,33213,3500,0,40000,0x07
2026-09-06T12:01:57.063-03:00,239,0,0,58,3374,2655,33796,3500,0,40000,0x07
2026-09-06T12:01:57.087-03:00,240,0,0,58,3374,2655,33796,3500,0,40000,0x07
2026-09-06T12:01:57.105-03:00,241,0,0,58,3374,2655,33796,3500,0,40000,0x07
2026-09-06T12:01:57.123-03:00,242,0,0,60,3374,2750,33393,3500,0,40000,0x07
2026-09-06T12:01:57.143-03:00,243,0,0,60,3374,2750,33393,3500,0,40000,0x07
2026-09-06T12:01:57.166-03:00,244,0,0,60,3374,2750,33393,3500,0,40000,0x07
2026-09-06T12:01:57.183-03:00,245,0,0,59,3374,2644,33843,3500,0,40000,0x07
2026-09-06T12:01:57.207-03:00,246,0,0,59,3374,2644,33843,3500,0,40000,0x07
2026-09-06T12:01:57.223-03:00,247,0,0,59,3374,2644,33843,3500,0,40000,0x07
2026-09-06T12:01:57.246-03:00,248,0,0,59,3374,2644,33843,3500,0,40000,0x07
2026-09-06T12:01:57.263-03:00,249,0,0,59,3374,2644,33843,3500,0,40000,0x07
2026-09-06T12:01:57.287-03:00,250,0,0,59,3374,2644,33843,3500,0,40000,0x07
2026-09-06T12:01:57.305-03:00,251,0,0,51,3374,2804,33164,3500,0,40000,0x07
2026-09-06T12:01:57.323-03:00,252,0,0,51,3374,2804,33164,3500,0,40000,0x07
2026-09-06T12:01:57.346-03:00,253,0,0,52,3374,2750,33393,3500,0,40000,0x07
2026-09-06T12:01:57.366-03:00,254,0,0,52,3374,2750,33393,3500,0,40000,0x07
2026-09-06T12:01:57.386-03:00,255,0,0,52,3374,2750,33393,3500,0,40000,0x07
2026-09-06T12:01:57.404-03:00,256,0,0,59,3374,2678,33699,3500,0,40000,0x07
2026-09-06T12:01:57.425-03:00,257,0,0,59,3374,2678,33699,3500,0,40000,0x07
2026-09-06T12:01:57.444-03:00,258,0,0,59,3374,2678,33699,3500,0,40000,0x07
2026-09-06T12:01:57.462-03:00,259,0,0,59,3374,2780,33267,3500,0,40000,0x07
2026-09-06T12:01:57.487-03:00,260,0,0,59,3374,2780,33267,3500,0,40000,0x07
2026-09-06T12:01:57.507-03:00,261,0,0,59,3374,2780,33267,3500,0,40000,0x07
2026-09-06T12:01:57.525-03:00,262,0,0,58,3374,2672,33723,3500,0,40000,0x07
2026-09-06T12:01:57.545-03:00,263,0,0,58,3374,2672,33723,3500,0,40000,0x07
2026-09-06T12:01:57.565-03:00,264,0,0,58,3374,2672,33723,3500,0,40000,0x07
2026-09-06T12:01:57.583-03:00,265,0,0,70,3374,2400,34880,3500,0,40000,0x07
2026-09-06T12:01:57.603-03:00,266,0,0,70,3374,2400,34880,3500,0,40000,0x07
2026-09-06T12:01:57.626-03:00,267,0,0,70,3374,2400,34880,3500,0,40000,0x07
2026-09-06T12:01:57.663-03:00,268,0,0,60,3374,2850,32968,3500,0,40000,0x07
2026-09-06T12:01:57.663-03:00,269,0,0,60,3374,2850,32968,3500,0,40000,0x07
2026-09-06T12:01:57.687-03:00,270,0,0,60,3374,2850,32968,3500,0,40000,0x07
2026-09-06T12:01:57.704-03:00,271,0,0,59,3374,2678,33699,3500,0,40000,0x07
2026-09-06T12:01:57.723-03:00,272,0,0,59,3374,2678,33699,3500,0,40000,0x07
2026-09-06T12:01:57.746-03:00,273,0,0,59,3374,2678,33699,3500,0,40000,0x07
2026-09-06T12:01:57.764-03:00,274,0,0,60,3374,2683,33676,3500,0,40000,0x07
2026-09-06T12:01:57.784-03:00,275,0,0,60,3374,2683,33676,3500,0,40000,0x07
2026-09-06T12:01:57.805-03:00,276,0,0,60,3374,2683,33676,3500,0,40000,0x07
2026-09-06T12:01:57.823-03:00,277,0,0,59,3374,2644,33843,3500,0,40000,0x07
2026-09-06T12:01:57.843-03:00,278,0,0,59,3374,2644,33843,3500,0,40000,0x07
2026-09-06T12:01:57.864-03:00,279,0,0,59,3374,2644,33843,3500,0,40000,0x07
2026-09-06T12:01:57.884-03:00,280,0,0,59,3374,2797,33195,3500,0,40000,0x07
2026-09-06T12:01:57.907-03:00,281,0,0,59,3374,2797,33195,3500,0,40000,0x07
2026-09-06T12:01:57.925-03:00,282,0,0,59,3374,2797,33195,3500,0,40000,0x07
2026-09-06T12:01:57.947-03:00,283,0,0,59,3374,2814,33123,3500,0,40000,0x07
2026-09-06T12:01:57.964-03:00,284,0,0,59,3374,2814,33123,3500,0,40000,0x07
2026-09-06T12:01:57.987-03:00,285,0,0,59,3374,2814,33123,3500,0,40000,0x07
2026-09-06T12:01:58.004-03:00,286,0,0,59,3374,2644,33843,3500,0,40000,0x07
2026-09-06T12:01:58.026-03:00,287,0,0,59,3374,2644,33843,3500,0,40000,0x07
2026-09-06T12:01:58.043-03:00,288,0,0,59,3374,2644,33843,3500,0,40000,0x07
2026-09-06T12:01:58.066-03:00,289,0,0,59,3374,2712,33555,3500,0,40000,0x07
2026-09-06T12:01:58.084-03:00,290,0,0,59,3374,2712,33555,3500,0,40000,0x07
2026-09-06T12:01:58.106-03:00,291,0,0,59,3374,2712,33555,3500,0,40000,0x07
2026-09-06T12:01:58.123-03:00,292,0,0,59,3374,2644,33843,3500,0,40000,0x07
2026-09-06T12:01:58.146-03:00,293,0,0,59,3374,2644,33843,3500,0,40000,0x07
2026-09-06T12:01:58.163-03:00,294,0,0,59,3374,2644,33843,3500,0,40000,0x07
2026-09-06T12:01:58.187-03:00,295,0,0,59,3374,2627,33915,3500,0,40000,0x07
2026-09-06T12:01:58.207-03:00,296,0,0,59,3374,2627,33915,3500,0,40000,0x07
2026-09-06T12:01:58.223-03:00,297,0,0,59,3374,2627,33915,3500,0,40000,0x07
2026-09-06T12:01:58.244-03:00,298,0,0,51,3374,2804,33164,3500,0,40000,0x07
2026-09-06T12:01:58.267-03:00,299,0,0,51,3374,2804,33164,3500,0,40000,0x07
2026-09-06T12:01:58.285-03:00,300,0,0,52,3374,2673,33720,3500,0,40000,0x07
2026-09-06T12:01:58.303-03:00,301,0,0,52,3374,2673,33720,3500,0,40000,0x07
2026-09-06T12:01:58.326-03:00,302,0,0,52,3374,2673,33720,3500,0,40000,0x07
2026-09-06T12:01:58.346-03:00,303,0,0,59,3374,2763,33339,3500,0,40000,0x07
2026-09-06T12:01:58.366-03:00,304,0,0,59,3374,2763,33339,3500,0,40000,0x07
2026-09-06T12:01:58.384-03:00,305,0,0,59,3374,2763,33339,3500,0,40000,0x07
2026-09-06T12:01:58.406-03:00,306,0,0,59,3374,2678,33699,3500,0,40000,0x07
2026-09-06T12:01:58.423-03:00,307,0,0,59,3374,2678,33699,3500,0,40000,0x07
2026-09-06T12:01:58.446-03:00,308,0,0,59,3374,2678,33699,3500,0,40000,0x07
2026-09-06T12:01:58.464-03:00,309,0,0,50,3374,2640,33860,3500,0,40000,0x07
2026-09-06T12:01:58.485-03:00,310,0,0,50,3374,2640,33860,3500,0,40000,0x07
2026-09-06T12:01:58.505-03:00,311,0,0,53,3374,2849,32972,3500,0,40000,0x07
2026-09-06T12:01:58.523-03:00,312,0,0,53,3374,2849,32972,3500,0,40000,0x07
2026-09-06T12:01:58.543-03:00,313,0,0,53,3374,2849,32972,3500,0,40000,0x07
2026-09-06T12:01:58.566-03:00,314,0,0,59,3374,2729,33483,3500,0,40000,0x07
2026-09-06T12:01:58.584-03:00,315,0,0,59,3374,2729,33483,3500,0,40000,0x07
2026-09-06T12:01:58.602-03:00,316,0,0,59,3374,2729,33483,3500,0,40000,0x07
2026-09-06T12:01:58.625-03:00,317,0,0,58,3374,2569,34162,3500,0,40000,0x07
2026-09-06T12:01:58.643-03:00,318,0,0,58,3374,2569,34162,3500,0,40000,0x07
2026-09-06T12:01:58.666-03:00,319,0,0,58,3374,2569,34162,3500,0,40000,0x07
2026-09-06T12:01:58.684-03:00,320,0,0,59,3374,2797,33195,3500,0,40000,0x07
2026-09-06T12:01:58.706-03:00,321,0,0,59,3374,2797,33195,3500,0,40000,0x07
2026-09-06T12:01:58.724-03:00,322,0,0,59,3374,2797,33195,3500,0,40000,0x07
2026-09-06T12:01:58.743-03:00,323,0,0,59,3374,2661,33771,3500,0,40000,0x07
2026-09-06T12:01:58.767-03:00,324,0,0,59,3374,2661,33771,3500,0,40000,0x07
2026-09-06T12:01:58.785-03:00,325,0,0,59,3374,2661,33771,3500,0,40000,0x07
2026-09-06T12:01:58.805-03:00,326,0,0,59,3374,2695,33627,3500,0,40000,0x07
2026-09-06T12:01:58.823-03:00,327,0,0,59,3374,2695,33627,3500,0,40000,0x07
2026-09-06T12:01:58.846-03:00,328,0,0,59,3374,2695,33627,3500,0,40000,0x07
2026-09-06T12:01:58.864-03:00,329,0,0,60,3374,2683,33676,3500,0,40000,0x07
2026-09-06T12:01:58.882-03:00,330,0,0,60,3374,2683,33676,3500,0,40000,0x07
2026-09-06T12:01:58.906-03:00,331,0,0,60,3374,2683,33676,3500,0,40000,0x07
2026-09-06T12:01:58.924-03:00,332,0,0,58,3374,2690,33649,3500,0,40000,0x07
2026-09-06T12:01:58.946-03:00,333,0,0,58,3374,2690,33649,3500,0,40000,0x07
2026-09-06T12:01:58.966-03:00,334,0,0,58,3374,2690,33649,3500,0,40000,0x07
2026-09-06T12:01:58.984-03:00,335,0,0,60,3374,2783,33251,3500,0,40000,0x07
2026-09-06T12:01:59.002-03:00,336,0,0,60,3374,2783,33251,3500,0,40000,0x07
2026-09-06T12:01:59.023-03:00,337,0,0,60,3374,2783,33251,3500,0,40000,0x07
2026-09-06T12:01:59.046-03:00,338,0,0,62,3374,2677,33701,3500,0,40000,0x07
2026-09-06T12:01:59.064-03:00,339,0,0,62,3374,2677,33701,3500,0,40000,0x07
2026-09-06T12:01:59.086-03:00,340,0,0,62,3374,2677,33701,3500,0,40000,0x07
2026-09-06T12:01:59.104-03:00,341,0,0,50,3374,2740,33436,3500,0,40000,0x07
2026-09-06T12:01:59.127-03:00,342,0,0,50,3374,2740,33436,3500,0,40000,0x07
2026-09-06T12:01:59.145-03:00,343,0,0,53,3374,2830,33052,3500,0,40000,0x07
2026-09-06T12:01:59.165-03:00,344,0,0,53,3374,2830,33052,3500,0,40000,0x07
2026-09-06T12:01:59.183-03:00,345,0,0,53,3374,2830,33052,3500,0,40000,0x07
2026-09-06T12:01:59.206-03:00,346,0,0,58,3374,2621,33943,3500,0,40000,0x07
2026-09-06T12:01:59.224-03:00,347,0,0,58,3374,2621,33943,3500,0,40000,0x07
2026-09-06T12:01:59.244-03:00,348,0,0,58,3374,2621,33943,3500,0,40000,0x07
2026-09-06T12:01:59.265-03:00,349,0,0,50,3374,2700,33606,3500,0,40000,0x07
2026-09-06T12:01:59.283-03:00,350,0,0,50,3374,2700,33606,3500,0,40000,0x07
2026-09-06T12:01:59.306-03:00,351,0,0,53,3374,2811,33132,3500,0,40000,0x07
2026-09-06T12:01:59.324-03:00,352,0,0,53,3374,2811,33132,3500,0,40000,0x07
2026-09-06T12:01:59.344-03:00,353,0,0,53,3374,2811,33132,3500,0,40000,0x07
2026-09-06T12:01:59.367-03:00,354,0,0,58,3374,2776,33283,3500,0,40000,0x07
2026-09-06T12:01:59.387-03:00,355,0,0,58,3374,2776,33283,3500,0,40000,0x07
2026-09-06T12:01:59.407-03:00,356,0,0,58,3374,2776,33283,3500,0,40000,0x07
2026-09-06T12:01:59.425-03:00,357,0,0,50,3374,2580,34116,3500,0,40000,0x07
2026-09-06T12:01:59.443-03:00,358,0,0,50,3374,2580,34116,3500,0,40000,0x07
2026-09-06T12:01:59.463-03:00,359,0,0,53,3374,2717,33533,3500,0,40000,0x07
2026-09-06T12:01:59.487-03:00,360,0,0,53,3374,2717,33533,3500,0,40000,0x07
2026-09-06T12:01:59.505-03:00,361,0,0,53,3374,2717,33533,3500,0,40000,0x07
2026-09-06T12:01:59.525-03:00,362,0,0,58,3374,2724,33503,3500,0,40000,0x07
2026-09-06T12:01:59.543-03:00,363,0,0,58,3374,2724,33503,3500,0,40000,0x07
2026-09-06T12:01:59.566-03:00,364,0,0,58,3374,2724,33503,3500,0,40000,0x07
2026-09-06T12:01:59.586-03:00,365,0,0,60,3374,2633,33889,3500,0,40000,0x07
2026-09-06T12:01:59.603-03:00,366,0,0,60,3374,2633,33889,3500,0,40000,0x07
2026-09-06T12:01:59.623-03:00,367,0,0,60,3374,2633,33889,3500,0,40000,0x07
2026-09-06T12:01:59.643-03:00,368,0,0,59,3374,2797,33195,3500,0,40000,0x07
2026-09-06T12:01:59.667-03:00,369,0,0,59,3374,2797,33195,3500,0,40000,0x07
2026-09-06T12:01:59.684-03:00,370,0,0,59,3374,2797,33195,3500,0,40000,0x07
2026-09-06T12:01:59.706-03:00,371,0,0,58,3374,2707,33576,3500,0,40000,0x07
2026-09-06T12:01:59.723-03:00,372,0,0,58,3374,2707,33576,3500,0,40000,0x07
2026-09-06T12:01:59.746-03:00,373,0,0,58,3374,2707,33576,3500,0,40000,0x07
2026-09-06T12:01:59.766-03:00,374,0,0,50,3374,2720,33520,3500,0,40000,0x07
2026-09-06T12:01:59.784-03:00,375,0,0,50,3374,2720,33520,3500,0,40000,0x07
2026-09-06T12:01:59.802-03:00,376,0,0,52,3374,2769,33311,3500,0,40000,0x07
2026-09-06T12:01:59.826-03:00,377,0,0,52,3374,2769,33311,3500,0,40000,0x07
2026-09-06T12:01:59.844-03:00,378,0,0,52,3374,2769,33311,3500,0,40000,0x07
2026-09-06T12:01:59.867-03:00,379,0,0,59,3374,2559,34203,3500,0,40000,0x07
2026-09-06T12:01:59.885-03:00,380,0,0,59,3374,2559,34203,3500,0,40000,0x07
2026-09-06T12:01:59.903-03:00,381,0,0,59,3374,2559,34203,3500,0,40000,0x07
2026-09-06T12:01:59.926-03:00,382,0,0,50,3374,2740,33436,3500,0,40000,0x07
2026-09-06T12:01:59.944-03:00,383,0,0,50,3374,2740,33436,3500,0,40000,0x07
2026-09-06T12:01:59.964-03:00,384,0,0,53,3374,2717,33533,3500,0,40000,0x07
2026-09-06T12:01:59.987-03:00,385,0,0,53,3374,2717,33533,3500,0,40000,0x07
2026-09-06T12:02:00.005-03:00,386,0,0,53,3374,2717,33533,3500,0,40000,0x07
2026-09-06T12:02:00.022-03:00,387,0,0,59,3374,2576,34131,3500,0,40000,0x07
2026-09-06T12:02:00.045-03:00,388,0,0,59,3374,2576,34131,3500,0,40000,0x07
2026-09-06T12:02:00.063-03:00,389,0,0,59,3374,2576,34131,3500,0,40000,0x07
2026-09-06T12:02:00.084-03:00,390,0,0,60,3374,2783,33251,3500,0,40000,0x07
2026-09-06T12:02:00.104-03:00,391,0,0,60,3374,2783,33251,3500,0,40000,0x07
2026-09-06T12:02:00.127-03:00,392,0,0,60,3374,2783,33251,3500,0,40000,0x07
2026-09-06T12:02:00.147-03:00,393,0,0,59,3374,2610,33987,3500,0,40000,0x07
2026-09-06T12:02:00.165-03:00,394,0,0,59,3374,2610,33987,3500,0,40000,0x07
2026-09-06T12:02:00.187-03:00,395,0,0,59,3374,2610,33987,3500,0,40000,0x07
2026-09-06T12:02:00.207-03:00,396,0,0,59,3374,2763,33339,3500,0,40000,0x07
2026-09-06T12:02:00.227-03:00,397,0,0,59,3374,2763,33339,3500,0,40000,0x07
2026-09-06T12:02:00.247-03:00,398,0,0,59,3374,2763,33339,3500,0,40000,0x07
2026-09-06T12:02:00.265-03:00,399,0,0,51,3374,2647,33830,3500,0,40000,0x07
2026-09-06T12:02:00.284-03:00,400,0,0,51,3374,2647,33830,3500,0,40000,0x07
2026-09-06T12:02:00.304-03:00,401,0,0,52,3374,2712,33556,3500,0,40000,0x07
2026-09-06T12:02:00.327-03:00,402,0,0,52,3374,2712,33556,3500,0,40000,0x07
2026-09-06T12:02:00.347-03:00,403,0,0,52,3374,2712,33556,3500,0,40000,0x07
2026-09-06T12:02:00.365-03:00,404,0,0,60,3374,2767,33322,3500,0,40000,0x07
2026-09-06T12:02:00.383-03:00,405,0,0,60,3374,2767,33322,3500,0,40000,0x07
2026-09-06T12:02:00.406-03:00,406,0,0,60,3374,2767,33322,3500,0,40000,0x07
2026-09-06T12:02:00.424-03:00,407,0,0,67,3374,2403,34868,3500,0,40000,0x07
2026-09-06T12:02:00.447-03:00,408,0,0,67,3374,2403,34868,3500,0,40000,0x07
2026-09-06T12:02:00.464-03:00,409,0,0,67,3374,2403,34868,3500,0,40000,0x07
2026-09-06T12:02:00.485-03:00,410,0,0,60,3374,2800,33180,3500,0,40000,0x07
2026-09-06T12:02:00.504-03:00,411,0,0,60,3374,2800,33180,3500,0,40000,0x07
2026-09-06T12:02:00.522-03:00,412,0,0,60,3374,2800,33180,3500,0,40000,0x07
2026-09-06T12:02:00.546-03:00,413,0,0,60,3374,2850,32968,3500,0,40000,0x07
2026-09-06T12:02:00.566-03:00,414,0,0,60,3374,2850,32968,3500,0,40000,0x07
2026-09-06T12:02:00.584-03:00,415,0,0,60,3374,2850,32968,3500,0,40000,0x07
2026-09-06T12:02:00.606-03:00,416,0,0,59,3374,2610,33987,3500,0,40000,0x07
2026-09-06T12:02:00.624-03:00,417,0,0,59,3374,2610,33987,3500,0,40000,0x07
2026-09-06T12:02:00.647-03:00,418,0,0,59,3374,2610,33987,3500,0,40000,0x07
2026-09-06T12:02:00.683-03:00,419,0,0,59,3374,2712,33555,3500,0,40000,0x07
2026-09-06T12:02:00.683-03:00,420,0,0,59,3374,2712,33555,3500,0,40000,0x07
2026-09-06T12:02:00.706-03:00,421,0,0,59,3374,2712,33555,3500,0,40000,0x07
2026-09-06T12:02:00.726-03:00,422,0,0,59,3374,2763,33339,3500,0,40000,0x07
2026-09-06T12:02:00.744-03:00,423,0,0,59,3374,2763,33339,3500,0,40000,0x07
2026-09-06T12:02:00.762-03:00,424,0,0,59,3374,2763,33339,3500,0,40000,0x07
2026-09-06T12:02:00.785-03:00,425,0,0,58,3374,2690,33649,3500,0,40000,0x07
2026-09-06T12:02:00.805-03:00,426,0,0,58,3374,2690,33649,3500,0,40000,0x07
2026-09-06T12:02:00.823-03:00,427,0,0,58,3374,2690,33649,3500,0,40000,0x07
2026-09-06T12:02:00.843-03:00,428,0,0,60,3374,2767,33322,3500,0,40000,0x07
2026-09-06T12:02:00.865-03:00,429,0,0,60,3374,2767,33322,3500,0,40000,0x07
2026-09-06T12:02:00.883-03:00,430,0,0,60,3374,2767,33322,3500,0,40000,0x07
2026-09-06T12:02:00.903-03:00,431,0,0,58,3374,2672,33723,3500,0,40000,0x07
2026-09-06T12:02:00.926-03:00,432,0,0,58,3374,2672,33723,3500,0,40000,0x07
2026-09-06T12:02:00.944-03:00,433,0,0,58,3374,2672,33723,3500,0,40000,0x07
2026-09-06T12:02:00.967-03:00,434,0,0,59,3374,2627,33915,3500,0,40000,0x07
2026-09-06T12:02:00.985-03:00,435,0,0,59,3374,2627,33915,3500,0,40000,0x07
2026-09-06T12:02:01.006-03:00,436,0,0,59,3374,2627,33915,3500,0,40000,0x07
2026-09-06T12:02:01.025-03:00,437,0,0,59,3374,2661,33771,3500,0,40000,0x07
2026-09-06T12:02:01.043-03:00,438,0,0,59,3374,2661,33771,3500,0,40000,0x07
2026-09-06T12:02:01.063-03:00,439,0,0,59,3374,2661,33771,3500,0,40000,0x07
2026-09-06T12:02:01.086-03:00,440,0,0,59,3374,2678,33699,3500,0,40000,0x07
2026-09-06T12:02:01.104-03:00,441,0,0,59,3374,2678,33699,3500,0,40000,0x07
2026-09-06T12:02:01.127-03:00,442,0,0,59,3374,2678,33699,3500,0,40000,0x07
2026-09-06T12:02:01.145-03:00,443,0,0,60,3374,2767,33322,3500,0,40000,0x07
2026-09-06T12:02:01.163-03:00,444,0,0,60,3374,2767,33322,3500,0,40000,0x07
2026-09-06T12:02:01.185-03:00,445,0,0,60,3374,2767,33322,3500,0,40000,0x07
2026-09-06T12:02:01.203-03:00,446,0,0,59,3374,2712,33555,3500,0,40000,0x07
2026-09-06T12:02:01.223-03:00,447,0,0,59,3374,2712,33555,3500,0,40000,0x07
2026-09-06T12:02:01.245-03:00,448,0,0,59,3374,2712,33555,3500,0,40000,0x07
2026-09-06T12:02:01.263-03:00,449,0,0,58,3374,2690,33649,3500,0,40000,0x07
2026-09-06T12:02:01.286-03:00,450,0,0,58,3374,2690,33649,3500,0,40000,0x07
2026-09-06T12:02:01.304-03:00,451,0,0,58,3374,2690,33649,3500,0,40000,0x07
2026-09-06T12:02:01.324-03:00,452,0,0,59,3374,2797,33195,3500,0,40000,0x07
2026-09-06T12:02:01.346-03:00,453,0,0,59,3374,2797,33195,3500,0,40000,0x07
2026-09-06T12:02:01.364-03:00,454,0,0,59,3374,2797,33195,3500,0,40000,0x07
2026-09-06T12:02:01.384-03:00,455,0,0,50,3374,2600,34030,3500,0,40000,0x07
2026-09-06T12:02:01.404-03:00,456,0,0,50,3374,2600,34030,3500,0,40000,0x07
2026-09-06T12:02:01.427-03:00,457,0,0,56,3374,2786,33241,3500,0,40000,0x07
2026-09-06T12:02:01.445-03:00,458,0,0,56,3374,2786,33241,3500,0,40000,0x07
2026-09-06T12:02:01.465-03:00,459,0,0,56,3374,2786,33241,3500,0,40000,0x07
2026-09-06T12:02:01.485-03:00,460,0,0,60,3374,2700,33606,3500,0,40000,0x07
2026-09-06T12:02:01.505-03:00,461,0,0,60,3374,2700,33606,3500,0,40000,0x07
2026-09-06T12:02:01.523-03:00,462,0,0,60,3374,2700,33606,3500,0,40000,0x07
2026-09-06T12:02:01.544-03:00,463,0,0,58,3374,2724,33503,3500,0,40000,0x07
2026-09-06T12:02:01.567-03:00,464,0,0,58,3374,2724,33503,3500,0,40000,0x07
2026-09-06T12:02:01.585-03:00,465,0,0,58,3374,2724,33503,3500,0,40000,0x07
2026-09-06T12:02:01.603-03:00,466,0,0,59,3374,2831,33051,3500,0,40000,0x07
2026-09-06T12:02:01.626-03:00,467,0,0,59,3374,2831,33051,3500,0,40000,0x07
2026-09-06T12:02:01.647-03:00,468,0,0,59,3374,2831,33051,3500,0,40000,0x07
2026-09-06T12:02:01.665-03:00,469,0,0,59,3374,2610,33987,3500,0,40000,0x07
2026-09-06T12:02:01.685-03:00,470,0,0,59,3374,2610,33987,3500,0,40000,0x07
2026-09-06T12:02:01.703-03:00,471,0,0,59,3374,2610,33987,3500,0,40000,0x07
2026-09-06T12:02:01.723-03:00,472,0,0,62,3374,2742,33427,3500,0,40000,0x07
2026-09-06T12:02:01.746-03:00,473,0,0,62,3374,2742,33427,3500,0,40000,0x07
2026-09-06T12:02:01.764-03:00,474,0,0,62,3374,2742,33427,3500,0,40000,0x07
2026-09-06T12:02:01.784-03:00,475,0,0,59,3374,2831,33051,3500,0,40000,0x07
2026-09-06T12:02:01.806-03:00,476,0,0,59,3374,2831,33051,3500,0,40000,0x07
2026-09-06T12:02:01.824-03:00,477,0,0,59,3374,2831,33051,3500,0,40000,0x07
2026-09-06T12:02:01.847-03:00,478,0,0,52,3374,2712,33556,3500,0,40000,0x07
2026-09-06T12:02:01.867-03:00,479,0,0,52,3374,2712,33556,3500,0,40000,0x07
2026-09-06T12:02:01.887-03:00,480,0,0,52,3374,2731,33475,3500,0,40000,0x07
2026-09-06T12:02:01.904-03:00,481,0,0,52,3374,2731,33475,3500,0,40000,0x07
2026-09-06T12:02:01.927-03:00,482,0,0,52,3374,2731,33475,3500,0,40000,0x07
2026-09-06T12:02:01.945-03:00,483,0,0,59,3374,2729,33483,3500,0,40000,0x07
2026-09-06T12:02:01.986-03:00,484,0,0,59,3374,2729,33483,3500,0,40000,0x07
2026-09-06T12:02:01.986-03:00,485,0,0,59,3374,2729,33483,3500,0,40000,0x07
2026-09-06T12:02:02.004-03:00,486,0,0,50,3374,2620,33946,3500,0,40000,0x07
2026-09-06T12:02:02.027-03:00,487,0,0,50,3374,2620,33946,3500,0,40000,0x07
2026-09-06T12:02:02.045-03:00,488,0,0,62,3374,2855,32947,3500,0,40000,0x07
2026-09-06T12:02:02.063-03:00,489,0,0,62,3374,2855,32947,3500,0,40000,0x07
2026-09-06T12:02:02.083-03:00,490,0,0,62,3374,2855,32947,3500,0,40000,0x07
2026-09-06T12:02:02.105-03:00,491,0,0,58,3374,2621,33943,3500,0,40000,0x07
2026-09-06T12:02:02.125-03:00,492,0,0,58,3374,2621,33943,3500,0,40000,0x07
2026-09-06T12:02:02.143-03:00,493,0,0,58,3374,2621,33943,3500,0,40000,0x07
2026-09-06T12:02:02.163-03:00,494,0,0,59,3374,2593,34059,3500,0,40000,0x07
2026-09-06T12:02:02.187-03:00,495,0,0,59,3374,2593,34059,3500,0,40000,0x07
2026-09-06T12:02:02.205-03:00,496,0,0,59,3374,2593,34059,3500,0,40000,0x07
2026-09-06T12:02:02.246-03:00,497,0,0,60,3374,2800,33180,3500,0,40000,0x07
2026-09-06T12:02:02.291-03:00,498,0,0,60,3374,2800,33180,3500,0,40000,0x07
2026-09-06T12:02:02.336-03:00,499,0,0,60,3374,2800,33180,3500,0,40000,0x07
2026-09-06T12:02:02.379-03:00,500,0,0,50,3374,2700,33606,3500,0,40000,0x07
2026-09-06T12:02:02.420-03:00,501,0,0,50,0,0,0,0,0,0,0x03
