timestamp,sequence,team,robot_id,interval_ms,left_target_eps,left_measured_eps,left_duty,right_target_eps,right_measured_eps,right_duty,flags
2026-09-06T12:33:16.706-03:00,502,0,0,50,0,0,0,0,0,0,0x03
2026-09-06T12:33:16.725-03:00,503,0,0,51,0,0,0,0,0,0,0x03
2026-09-06T12:33:16.743-03:00,504,0,0,52,0,0,0,0,0,0,0x03
2026-09-06T12:33:16.766-03:00,505,0,0,52,0,0,0,0,0,0,0x03
2026-09-06T12:33:16.784-03:00,505,0,0,52,0,0,0,0,0,0,0x03
2026-09-06T12:33:16.806-03:00,505,0,0,52,0,0,0,0,0,0,0x03
2026-09-06T12:33:16.826-03:00,505,0,0,51,0,0,0,0,0,0,0x03
2026-09-06T12:33:16.846-03:00,505,0,0,51,0,0,0,0,0,0,0x03
2026-09-06T12:33:16.864-03:00,505,0,0,51,0,0,0,0,0,0,0x03
2026-09-06T12:33:16.884-03:00,505,0,0,52,0,0,0,0,0,0,0x03
2026-09-06T12:33:16.902-03:00,505,0,0,52,0,0,0,0,0,0,0x03
2026-09-06T12:33:16.925-03:00,8,0,0,54,3374,0,40000,3500,0,40000,0x07
2026-09-06T12:33:16.946-03:00,9,0,0,54,3374,0,40000,3500,0,40000,0x07
2026-09-06T12:33:16.963-03:00,10,0,0,54,3374,0,40000,3500,0,40000,0x07
2026-09-06T12:33:16.986-03:00,11,0,0,50,3374,0,40000,3500,0,40000,0x07
2026-09-06T12:33:17.004-03:00,12,0,0,50,3374,0,40000,3500,0,40000,0x07
2026-09-06T12:33:17.023-03:00,13,0,0,50,3374,0,40000,3500,0,40000,0x07
2026-09-06T12:33:17.046-03:00,14,0,0,51,3374,0,40000,3500,0,40000,0x07
2026-09-06T12:33:17.066-03:00,15,0,0,51,3374,0,40000,3500,0,40000,0x07
2026-09-06T12:33:17.083-03:00,16,0,0,56,3374,0,40000,3500,0,40000,0x07
2026-09-06T12:33:17.105-03:00,17,0,0,56,3374,0,40000,3500,0,40000,0x07
2026-09-06T12:33:17.123-03:00,18,0,0,56,3374,0,40000,3500,0,40000,0x07
2026-09-06T12:33:17.146-03:00,19,0,0,51,3374,0,40000,3500,0,40000,0x07
2026-09-06T12:33:17.164-03:00,20,0,0,51,3374,0,40000,3500,0,40000,0x07
2026-09-06T12:33:17.187-03:00,21,0,0,50,3374,0,40000,3500,0,40000,0x07
2026-09-06T12:33:17.205-03:00,22,0,0,50,3374,0,40000,3500,0,40000,0x07
2026-09-06T12:33:17.227-03:00,23,0,0,50,3374,0,40000,3500,0,40000,0x07
2026-09-06T12:33:17.247-03:00,24,0,0,53,3374,0,40000,3500,0,40000,0x07
2026-09-06T12:33:17.287-03:00,25,0,0,53,3374,0,40000,3500,0,40000,0x07
2026-09-06T12:33:17.287-03:00,26,0,0,53,3374,0,40000,3500,0,40000,0x07
2026-09-06T12:33:17.304-03:00,27,0,0,53,3374,0,40000,3500,0,40000,0x07
2026-09-06T12:33:17.322-03:00,28,0,0,53,3374,0,40000,3500,0,40000,0x07
2026-09-06T12:33:17.345-03:00,29,0,0,50,3374,0,40000,3500,0,40000,0x07
2026-09-06T12:33:17.365-03:00,30,0,0,50,3374,0,40000,3500,0,40000,0x07
2026-09-06T12:33:17.382-03:00,31,0,0,50,3374,0,40000,3500,0,40000,0x07
2026-09-06T12:33:17.402-03:00,32,0,0,50,3374,0,40000,3500,0,40000,0x07
2026-09-06T12:33:17.426-03:00,33,0,0,50,3374,0,40000,3500,0,40000,0x07
2026-09-06T12:33:17.444-03:00,34,0,0,53,3374,0,40000,3500,0,40000,0x07
2026-09-06T12:33:17.467-03:00,35,0,0,53,3374,0,40000,3500,0,40000,0x07
2026-09-06T12:33:17.485-03:00,36,0,0,53,3374,0,40000,3500,0,40000,0x07
2026-09-06T12:33:17.504-03:00,37,0,0,51,3374,0,40000,3500,0,40000,0x07
2026-09-06T12:33:17.524-03:00,38,0,0,51,3374,0,40000,3500,0,40000,0x07
2026-09-06T12:33:17.544-03:00,39,0,0,52,3374,0,40000,3500,0,40000,0x07
2026-09-06T12:33:17.562-03:00,40,0,0,52,3374,0,40000,3500,0,40000,0x07
2026-09-06T12:33:17.586-03:00,41,0,0,52,3374,0,40000,3500,0,40000,0x07
2026-09-06T12:33:17.604-03:00,42,0,0,52,3374,0,40000,3500,0,40000,0x07
2026-09-06T12:33:17.624-03:00,43,0,0,52,3374,0,40000,3500,0,40000,0x07
2026-09-06T12:33:17.643-03:00,44,0,0,52,3374,0,40000,3500,0,40000,0x07
2026-09-06T12:33:17.663-03:00,45,0,0,52,3374,0,40000,3500,0,40000,0x07
2026-09-06T12:33:17.686-03:00,46,0,0,52,3374,0,40000,3500,0,40000,0x07
2026-09-06T12:33:17.703-03:00,47,0,0,53,3374,0,40000,3500,0,40000,0x07
2026-09-06T12:33:17.726-03:00,48,0,0,53,3374,0,40000,3500,0,40000,0x07
2026-09-06T12:33:17.744-03:00,49,0,0,53,3374,0,40000,3500,0,40000,0x07
2026-09-06T12:33:17.763-03:00,50,0,0,50,3374,0,40000,3500,0,40000,0x07
2026-09-06T12:33:17.786-03:00,51,0,0,50,3374,0,40000,3500,0,40000,0x07
2026-09-06T12:33:17.804-03:00,52,0,0,51,3374,0,40000,3500,0,40000,0x07
2026-09-06T12:33:17.823-03:00,53,0,0,51,3374,0,40000,3500,0,40000,0x07
2026-09-06T12:33:17.846-03:00,54,0,0,51,3374,0,40000,3500,0,40000,0x07
2026-09-06T12:33:17.864-03:00,55,0,0,51,3374,0,40000,3500,0,40000,0x07
2026-09-06T12:33:17.882-03:00,56,0,0,51,3374,0,40000,3500,0,40000,0x07
2026-09-06T12:33:17.906-03:00,57,0,0,52,3374,0,40000,3500,0,40000,0x07
2026-09-06T12:33:17.926-03:00,58,0,0,52,3374,0,40000,3500,0,40000,0x07
2026-09-06T12:33:17.943-03:00,59,0,0,52,3374,0,40000,3500,0,40000,0x07
2026-09-06T12:33:17.966-03:00,60,0,0,52,3374,0,40000,3500,0,40000,0x07
2026-09-06T12:33:17.983-03:00,61,0,0,52,3374,0,40000,3500,0,40000,0x07
2026-09-06T12:33:18.006-03:00,62,0,0,52,3374,0,40000,3500,0,40000,0x07
2026-09-06T12:33:18.024-03:00,63,0,0,50,3374,0,40000,3500,0,40000,0x07
2026-09-06T12:33:18.044-03:00,64,0,0,50,3374,0,40000,3500,0,40000,0x07
2026-09-06T12:33:18.062-03:00,65,0,0,56,3374,0,40000,3500,0,40000,0x07
2026-09-06T12:33:18.085-03:00,66,0,0,56,3374,0,40000,3500,0,40000,0x07
2026-09-06T12:33:18.103-03:00,67,0,0,56,3374,0,40000,3500,0,40000,0x07
2026-09-06T12:33:18.127-03:00,68,0,0,50,3374,0,40000,3500,0,40000,0x07
2026-09-06T12:33:18.145-03:00,69,0,0,50,3374,0,40000,3500,0,40000,0x07
2026-09-06T12:33:18.163-03:00,70,0,0,50,3374,0,40000,3500,0,40000,0x07
2026-09-06T12:33:18.186-03:00,71,0,0,53,3374,0,40000,3500,0,40000,0x07
2026-09-06T12:33:18.206-03:00,72,0,0,53,3374,0,40000,3500,0,40000,0x07
2026-09-06T12:33:18.226-03:00,73,0,0,55,3374,0,40000,3500,0,40000,0x07
2026-09-06T12:33:18.244-03:00,74,0,0,55,3374,0,40000,3500,0,40000,0x07
2026-09-06T12:33:18.263-03:00,75,0,0,55,3374,0,40000,3500,0,40000,0x07
2026-09-06T12:33:18.287-03:00,76,0,0,50,3374,0,40000,3500,0,40000,0x07
2026-09-06T12:33:18.307-03:00,77,0,0,50,3374,0,40000,3500,0,40000,0x07
2026-09-06T12:33:18.325-03:00,78,0,0,50,3374,0,40000,3500,0,40000,0x07
2026-09-06T12:33:18.343-03:00,79,0,0,50,3374,0,40000,3500,0,40000,0x07
2026-09-06T12:33:18.367-03:00,80,0,0,50,3374,0,40000,3500,0,40000,0x07
2026-09-06T12:33:18.384-03:00,81,0,0,51,3374,0,40000,3500,0,40000,0x07
2026-09-06T12:33:18.407-03:00,82,0,0,51,3374,0,40000,3500,0,40000,0x07
2026-09-06T12:33:18.426-03:00,83,0,0,54,3374,0,40000,3500,0,40000,0x07
2026-09-06T12:33:18.444-03:00,84,0,0,54,3374,0,40000,3500,0,40000,0x07
2026-09-06T12:33:18.467-03:00,85,0,0,54,3374,0,40000,3500,0,40000,0x07
2026-09-06T12:33:18.487-03:00,86,0,0,51,3374,0,40000,3500,0,40000,0x07
2026-09-06T12:33:18.507-03:00,87,0,0,51,3374,0,40000,3500,0,40000,0x07
2026-09-06T12:33:18.525-03:00,88,0,0,51,3374,0,40000,3500,0,40000,0x07
2026-09-06T12:33:18.543-03:00,89,0,0,53,3374,0,40000,3500,0,40000,0x07
2026-09-06T12:33:18.566-03:00,90,0,0,53,3374,0,40000,3500,0,40000,0x07
2026-09-06T12:33:18.584-03:00,91,0,0,52,3374,0,40000,3500,0,40000,0x07
2026-09-06T12:33:18.606-03:00,92,0,0,52,3374,0,40000,3500,0,40000,0x07
2026-09-06T12:33:18.624-03:00,93,0,0,52,3374,0,40000,3500,0,40000,0x07
2026-09-06T12:33:18.647-03:00,94,0,0,50,3374,0,40000,3500,0,40000,0x07
2026-09-06T12:33:18.662-03:00,95,0,0,50,3374,0,40000,3500,0,40000,0x07
2026-09-06T12:33:18.684-03:00,96,0,0,50,3374,0,40000,3500,0,40000,0x07
2026-09-06T12:33:18.704-03:00,97,0,0,54,3374,0,40000,3500,0,40000,0x07
2026-09-06T12:33:18.724-03:00,98,0,0,54,3374,0,40000,3500,0,40000,0x07
2026-09-06T12:33:18.743-03:00,99,0,0,57,3374,0,40000,3500,0,40000,0x07
2026-09-06T12:33:18.766-03:00,100,0,0,57,3374,0,40000,3500,0,40000,0x07
2026-09-06T12:33:18.786-03:00,101,0,0,57,3374,0,40000,3500,0,40000,0x07
2026-09-06T12:33:18.806-03:00,102,0,0,51,3374,0,40000,3500,0,40000,0x07
2026-09-06T12:33:18.826-03:00,103,0,0,51,3374,0,40000,3500,0,40000,0x07
2026-09-06T12:33:18.846-03:00,104,0,0,50,3374,0,40000,3500,0,40000,0x07
2026-09-06T12:33:18.864-03:00,105,0,0,50,3374,0,40000,3500,0,40000,0x07
2026-09-06T12:33:18.884-03:00,106,0,0,50,3374,0,40000,3500,0,40000,0x07
2026-09-06T12:33:18.903-03:00,107,0,0,50,3374,0,40000,3500,0,40000,0x07
2026-09-06T12:33:18.926-03:00,108,0,0,50,3374,0,40000,3500,0,40000,0x07
2026-09-06T12:33:18.944-03:00,109,0,0,50,3374,0,40000,3500,0,40000,0x07
2026-09-06T12:33:18.963-03:00,110,0,0,53,3374,0,40000,3500,0,40000,0x07
2026-09-06T12:33:18.984-03:00,111,0,0,53,3374,0,40000,3500,0,40000,0x07
2026-09-06T12:33:19.007-03:00,112,0,0,55,3374,0,40000,3500,0,40000,0x07
2026-09-06T12:33:19.026-03:00,113,0,0,55,3374,0,40000,3500,0,40000,0x07
2026-09-06T12:33:19.044-03:00,114,0,0,55,3374,0,40000,3500,0,40000,0x07
2026-09-06T12:33:19.067-03:00,115,0,0,51,3374,0,40000,3500,0,40000,0x07
2026-09-06T12:33:19.085-03:00,116,0,0,51,3374,0,40000,3500,0,40000,0x07
2026-09-06T12:33:19.103-03:00,117,0,0,50,3374,0,40000,3500,0,40000,0x07
2026-09-06T12:33:19.123-03:00,118,0,0,50,3374,0,40000,3500,0,40000,0x07
2026-09-06T12:33:19.146-03:00,119,0,0,50,3374,0,40000,3500,0,40000,0x07
2026-09-06T12:33:19.164-03:00,120,0,0,50,3374,0,40000,3500,0,40000,0x07
2026-09-06T12:33:19.184-03:00,121,0,0,50,3374,0,40000,3500,0,40000,0x07
2026-09-06T12:33:19.207-03:00,122,0,0,52,3374,0,40000,3500,0,40000,0x07
2026-09-06T12:33:19.224-03:00,123,0,0,52,3374,0,40000,3500,0,40000,0x07
2026-09-06T12:33:19.247-03:00,124,0,0,52,3374,0,40000,3500,0,40000,0x07
2026-09-06T12:33:19.265-03:00,125,0,0,52,3374,0,40000,3500,0,40000,0x07
2026-09-06T12:33:19.283-03:00,126,0,0,52,3374,0,40000,3500,0,40000,0x07
2026-09-06T12:33:19.307-03:00,127,0,0,52,3374,0,40000,3500,0,40000,0x07
2026-09-06T12:33:19.325-03:00,128,0,0,53,3374,0,40000,3500,0,40000,0x07
2026-09-06T12:33:19.346-03:00,129,0,0,53,3374,0,40000,3500,0,40000,0x07
2026-09-06T12:33:19.364-03:00,130,0,0,56,3374,0,40000,3500,0,40000,0x07
2026-09-06T12:33:19.387-03:00,131,0,0,56,3374,0,40000,3500,0,40000,0x07
2026-09-06T12:33:19.406-03:00,132,0,0,56,3374,0,40000,3500,0,40000,0x07
2026-09-06T12:33:19.424-03:00,133,0,0,57,3374,0,40000,3500,0,40000,0x07
2026-09-06T12:33:19.442-03:00,134,0,0,57,3374,0,40000,3500,0,40000,0x07
2026-09-06T12:33:19.466-03:00,135,0,0,57,3374,0,40000,3500,0,40000,0x07
2026-09-06T12:33:19.484-03:00,136,0,0,52,3374,0,40000,3500,0,40000,0x07
2026-09-06T12:33:19.504-03:00,137,0,0,52,3374,0,40000,3500,0,40000,0x07
2026-09-06T12:33:19.524-03:00,138,0,0,52,3374,0,40000,3500,0,40000,0x07
2026-09-06T12:33:19.542-03:00,139,0,0,52,3374,0,40000,3500,0,40000,0x07
2026-09-06T12:33:19.566-03:00,140,0,0,52,3374,0,40000,3500,0,40000,0x07
2026-09-06T12:33:19.586-03:00,141,0,0,55,3374,0,40000,3500,0,40000,0x07
2026-09-06T12:33:19.604-03:00,142,0,0,55,3374,0,40000,3500,0,40000,0x07
2026-09-06T12:33:19.627-03:00,143,0,0,55,3374,0,40000,3500,0,40000,0x07
2026-09-06T12:33:19.645-03:00,144,0,0,50,3374,0,40000,3500,0,40000,0x07
2026-09-06T12:33:19.663-03:00,145,0,0,50,3374,0,40000,3500,0,40000,0x07
2026-09-06T12:33:19.686-03:00,146,0,0,53,3374,0,40000,3500,0,40000,0x07
2026-09-06T12:33:19.703-03:00,147,0,0,53,3374,0,40000,3500,0,40000,0x07
2026-09-06T12:33:19.726-03:00,148,0,0,53,3374,0,40000,3500,0,40000,0x07
2026-09-06T12:33:19.747-03:00,149,0,0,52,3374,0,40000,3500,0,40000,0x07
2026-09-06T12:33:19.765-03:00,150,0,0,52,3374,0,40000,3500,0,40000,0x07
2026-09-06T12:33:19.783-03:00,151,0,0,52,3374,0,40000,3500,0,40000,0x07
2026-09-06T12:33:19.806-03:00,152,0,0,51,3374,0,40000,3500,0,40000,0x07
2026-09-06T12:33:19.824-03:00,153,0,0,51,3374,0,40000,3500,0,40000,0x07
2026-09-06T12:33:19.847-03:00,154,0,0,52,3374,0,40000,3500,0,40000,0x07
2026-09-06T12:33:19.865-03:00,155,0,0,52,3374,0,40000,3500,0,40000,0x07
2026-09-06T12:33:19.885-03:00,156,0,0,52,3374,0,40000,3500,0,40000,0x07
2026-09-06T12:33:19.903-03:00,157,0,0,50,3374,0,40000,3500,0,40000,0x07
2026-09-06T12:33:19.926-03:00,158,0,0,50,3374,0,40000,3500,0,40000,0x07
2026-09-06T12:33:19.943-03:00,159,0,0,54,3374,0,40000,3500,0,40000,0x07
2026-09-06T12:33:19.963-03:00,160,0,0,54,3374,0,40000,3500,0,40000,0x07
2026-09-06T12:33:19.986-03:00,161,0,0,54,3374,0,40000,3500,0,40000,0x07
2026-09-06T12:33:20.007-03:00,162,0,0,50,3374,0,40000,3500,0,40000,0x07
2026-09-06T12:33:20.025-03:00,163,0,0,50,3374,0,40000,3500,0,40000,0x07
2026-09-06T12:33:20.047-03:00,164,0,0,50,3374,0,40000,3500,0,40000,0x07
2026-09-06T12:33:20.067-03:00,165,0,0,50,3374,0,40000,3500,0,40000,0x07
2026-09-06T12:33:20.085-03:00,166,0,0,50,3374,0,40000,3500,0,40000,0x07
2026-09-06T12:33:20.105-03:00,167,0,0,51,3374,0,40000,3500,0,40000,0x07
2026-09-06T12:33:20.123-03:00,168,0,0,51,3374,0,40000,3500,0,40000,0x07
2026-09-06T12:33:20.145-03:00,169,0,0,51,3374,0,40000,3500,0,40000,0x07
2026-09-06T12:33:20.165-03:00,170,0,0,53,3374,0,40000,3500,0,40000,0x07
2026-09-06T12:33:20.183-03:00,171,0,0,53,3374,0,40000,3500,0,40000,0x07
2026-09-06T12:33:20.206-03:00,172,0,0,50,3374,0,40000,3500,0,40000,0x07
2026-09-06T12:33:20.225-03:00,173,0,0,50,3374,0,40000,3500,0,40000,0x07
2026-09-06T12:33:20.243-03:00,174,0,0,50,3374,0,40000,3500,0,40000,0x07
2026-09-06T12:33:20.263-03:00,175,0,0,52,3374,0,40000,3500,0,40000,0x07
2026-09-06T12:33:20.284-03:00,176,0,0,52,3374,0,40000,3500,0,40000,0x07
2026-09-06T12:33:20.306-03:00,177,0,0,50,3374,0,40000,3500,0,40000,0x07
2026-09-06T12:33:20.324-03:00,178,0,0,50,3374,0,40000,3500,0,40000,0x07
2026-09-06T12:33:20.345-03:00,179,0,0,50,3374,0,40000,3500,0,40000,0x07
2026-09-06T12:33:20.364-03:00,180,0,0,51,3374,0,40000,3500,0,40000,0x07
2026-09-06T12:33:20.383-03:00,181,0,0,51,3374,0,40000,3500,0,40000,0x07
2026-09-06T12:33:20.403-03:00,182,0,0,52,3374,0,40000,3500,0,40000,0x07
2026-09-06T12:33:20.426-03:00,183,0,0,52,3374,0,40000,3500,0,40000,0x07
2026-09-06T12:33:20.444-03:00,184,0,0,52,3374,0,40000,3500,0,40000,0x07
2026-09-06T12:33:20.463-03:00,185,0,0,50,3374,0,40000,3500,0,40000,0x07
2026-09-06T12:33:20.485-03:00,186,0,0,50,3374,0,40000,3500,0,40000,0x07
2026-09-06T12:33:20.503-03:00,187,0,0,50,3374,0,40000,3500,0,40000,0x07
2026-09-06T12:33:20.527-03:00,188,0,0,53,3374,0,40000,3500,0,40000,0x07
2026-09-06T12:33:20.545-03:00,189,0,0,53,3374,0,40000,3500,0,40000,0x07
2026-09-06T12:33:20.563-03:00,190,0,0,54,3374,0,40000,3500,0,40000,0x07
2026-09-06T12:33:20.587-03:00,191,0,0,54,3374,0,40000,3500,0,40000,0x07
2026-09-06T12:33:20.605-03:00,192,0,0,54,3374,0,40000,3500,0,40000,0x07
2026-09-06T12:33:20.624-03:00,193,0,0,50,3374,0,40000,3500,0,40000,0x07
2026-09-06T12:33:20.644-03:00,194,0,0,50,3374,0,40000,3500,0,40000,0x07
2026-09-06T12:33:20.665-03:00,195,0,0,53,3374,0,40000,3500,0,40000,0x07
2026-09-06T12:33:20.687-03:00,196,0,0,53,3374,0,40000,3500,0,40000,0x07
2026-09-06T12:33:20.705-03:00,197,0,0,53,3374,0,40000,3500,0,40000,0x07
2026-09-06T12:33:20.725-03:00,198,0,0,50,3374,0,40000,3500,0,40000,0x07
2026-09-06T12:33:20.743-03:00,199,0,0,50,3374,0,40000,3500,0,40000,0x07
2026-09-06T12:33:20.766-03:00,200,0,0,50,3374,0,40000,3500,0,40000,0x07
2026-09-06T12:33:20.784-03:00,201,0,0,50,3374,0,40000,3500,0,40000,0x07
2026-09-06T12:33:20.807-03:00,202,0,0,50,3374,0,40000,3500,0,40000,0x07
2026-09-06T12:33:20.825-03:00,203,0,0,51,3374,0,40000,3500,0,40000,0x07
2026-09-06T12:33:20.842-03:00,204,0,0,51,3374,0,40000,3500,0,40000,0x07
2026-09-06T12:33:20.865-03:00,205,0,0,52,3374,0,40000,3500,0,40000,0x07
2026-09-06T12:33:20.883-03:00,206,0,0,52,3374,0,40000,3500,0,40000,0x07
2026-09-06T12:33:20.906-03:00,207,0,0,52,3374,0,40000,3500,0,40000,0x07
2026-09-06T12:33:20.924-03:00,208,0,0,51,3374,0,40000,3500,0,40000,0x07
2026-09-06T12:33:20.944-03:00,209,0,0,51,3374,0,40000,3500,0,40000,0x07
2026-09-06T12:33:20.964-03:00,210,0,0,51,3374,0,40000,3500,0,40000,0x07
2026-09-06T12:33:20.984-03:00,211,0,0,52,3374,0,40000,3500,0,40000,0x07
2026-09-06T12:33:21.004-03:00,212,0,0,52,3374,0,40000,3500,0,40000,0x07
2026-09-06T12:33:21.027-03:00,213,0,0,54,3374,0,40000,3500,0,40000,0x07
2026-09-06T12:33:21.047-03:00,214,0,0,54,3374,0,40000,3500,0,40000,0x07
2026-09-06T12:33:21.065-03:00,215,0,0,54,3374,0,40000,3500,0,40000,0x07
2026-09-06T12:33:21.083-03:00,216,0,0,50,3374,0,40000,3500,0,40000,0x07
2026-09-06T12:33:21.106-03:00,217,0,0,50,3374,0,40000,3500,0,40000,0x07
2026-09-06T12:33:21.124-03:00,218,0,0,50,3374,0,40000,3500,0,40000,0x07
2026-09-06T12:33:21.144-03:00,219,0,0,50,3374,0,40000,3500,0,40000,0x07
2026-09-06T12:33:21.163-03:00,220,0,0,50,3374,0,40000,3500,0,40000,0x07
2026-09-06T12:33:21.185-03:00,221,0,0,50,3374,0,40000,3500,0,40000,0x07
2026-09-06T12:33:21.203-03:00,222,0,0,50,3374,0,40000,3500,0,40000,0x07
2026-09-06T12:33:21.226-03:00,223,0,0,50,3374,0,40000,3500,0,40000,0x07
2026-09-06T12:33:21.244-03:00,224,0,0,51,3374,0,40000,3500,0,40000,0x07
2026-09-06T12:33:21.265-03:00,225,0,0,51,3374,0,40000,3500,0,40000,0x07
2026-09-06T12:33:21.285-03:00,226,0,0,52,3374,0,40000,3500,0,40000,0x07
2026-09-06T12:33:21.307-03:00,227,0,0,52,3374,0,40000,3500,0,40000,0x07
2026-09-06T12:33:21.325-03:00,228,0,0,52,3374,0,40000,3500,0,40000,0x07
2026-09-06T12:33:21.343-03:00,229,0,0,51,3374,0,40000,3500,0,40000,0x07
2026-09-06T12:33:21.367-03:00,230,0,0,51,3374,0,40000,3500,0,40000,0x07
2026-09-06T12:33:21.385-03:00,231,0,0,55,3374,0,40000,3500,0,40000,0x07
2026-09-06T12:33:21.403-03:00,232,0,0,55,3374,0,40000,3500,0,40000,0x07
2026-09-06T12:33:21.426-03:00,233,0,0,55,3374,0,40000,3500,0,40000,0x07
2026-09-06T12:33:21.446-03:00,234,0,0,50,3374,0,40000,3500,0,40000,0x07
2026-09-06T12:33:21.464-03:00,235,0,0,50,3374,0,40000,3500,0,40000,0x07
2026-09-06T12:33:21.484-03:00,236,0,0,52,3374,0,40000,3500,0,40000,0x07
2026-09-06T12:33:21.505-03:00,237,0,0,52,3374,0,40000,3500,0,40000,0x07
2026-09-06T12:33:21.525-03:00,238,0,0,52,3374,0,40000,3500,0,40000,0x07
2026-09-06T12:33:21.543-03:00,239,0,0,52,3374,0,40000,3500,0,40000,0x07
2026-09-06T12:33:21.567-03:00,240,0,0,52,3374,0,40000,3500,0,40000,0x07
2026-09-06T12:33:21.585-03:00,241,0,0,52,3374,0,40000,3500,0,40000,0x07
2026-09-06T12:33:21.605-03:00,242,0,0,52,3374,0,40000,3500,0,40000,0x07
2026-09-06T12:33:21.623-03:00,243,0,0,52,3374,0,40000,3500,0,40000,0x07
2026-09-06T12:33:21.647-03:00,244,0,0,55,3374,0,40000,3500,0,40000,0x07
2026-09-06T12:33:21.665-03:00,245,0,0,55,3374,0,40000,3500,0,40000,0x07
2026-09-06T12:33:21.683-03:00,246,0,0,55,3374,0,40000,3500,0,40000,0x07
2026-09-06T12:33:21.706-03:00,247,0,0,50,3374,0,40000,3500,0,40000,0x07
2026-09-06T12:33:21.723-03:00,248,0,0,50,3374,0,40000,3500,0,40000,0x07
2026-09-06T12:33:21.743-03:00,249,0,0,50,3374,0,40000,3500,0,40000,0x07
2026-09-06T12:33:21.766-03:00,250,0,0,52,3374,0,40000,3500,0,40000,0x07
2026-09-06T12:33:21.785-03:00,251,0,0,52,3374,0,40000,3500,0,40000,0x07
2026-09-06T12:33:21.803-03:00,252,0,0,56,3374,0,40000,3500,0,40000,0x07
2026-09-06T12:33:21.826-03:00,253,0,0,56,3374,0,40000,3500,0,40000,0x07
2026-09-06T12:33:21.844-03:00,254,0,0,56,3374,0,40000,3500,0,40000,0x07
2026-09-06T12:33:21.865-03:00,255,0,0,51,3374,0,40000,3500,0,40000,0x07
2026-09-06T12:33:21.884-03:00,256,0,0,51,3374,0,40000,3500,0,40000,0x07
2026-09-06T12:33:21.905-03:00,257,0,0,50,3374,0,40000,3500,0,40000,0x07
2026-09-06T12:33:21.923-03:00,258,0,0,50,3374,0,40000,3500,0,40000,0x07
2026-09-06T12:33:21.943-03:00,259,0,0,50,3374,0,40000,3500,0,40000,0x07
2026-09-06T12:33:21.963-03:00,260,0,0,51,3374,0,40000,3500,0,40000,0x07
2026-09-06T12:33:21.986-03:00,261,0,0,51,3374,0,40000,3500,0,40000,0x07
2026-09-06T12:33:22.004-03:00,262,0,0,51,3374,0,40000,3500,0,40000,0x07
2026-09-06T12:33:22.023-03:00,263,0,0,54,3374,0,40000,3500,0,40000,0x07
2026-09-06T12:33:22.046-03:00,264,0,0,54,3374,0,40000,3500,0,40000,0x07
2026-09-06T12:33:22.066-03:00,265,0,0,55,3374,0,40000,3500,0,40000,0x07
2026-09-06T12:33:22.084-03:00,266,0,0,55,3374,0,40000,3500,0,40000,0x07
2026-09-06T12:33:22.104-03:00,267,0,0,55,3374,0,40000,3500,0,40000,0x07
2026-09-06T12:33:22.122-03:00,268,0,0,51,3374,0,40000,3500,0,40000,0x07
2026-09-06T12:33:22.145-03:00,269,0,0,51,3374,0,40000,3500,0,40000,0x07
2026-09-06T12:33:22.166-03:00,270,0,0,50,3374,0,40000,3500,0,40000,0x07
2026-09-06T12:33:22.186-03:00,271,0,0,50,3374,0,40000,3500,0,40000,0x07
2026-09-06T12:33:22.204-03:00,272,0,0,50,3374,0,40000,3500,0,40000,0x07
2026-09-06T12:33:22.227-03:00,273,0,0,51,3374,0,40000,3500,0,40000,0x07
2026-09-06T12:33:22.245-03:00,274,0,0,51,3374,0,40000,3500,0,40000,0x07
2026-09-06T12:33:22.263-03:00,275,0,0,51,3374,0,40000,3500,0,40000,0x07
2026-09-06T12:33:22.286-03:00,276,0,0,51,3374,0,40000,3500,0,40000,0x07
2026-09-06T12:33:22.304-03:00,277,0,0,51,3374,0,40000,3500,0,40000,0x07
2026-09-06T12:33:22.323-03:00,278,0,0,55,3374,0,40000,3500,0,40000,0x07
2026-09-06T12:33:22.347-03:00,279,0,0,55,3374,0,40000,3500,0,40000,0x07
2026-09-06T12:33:22.365-03:00,280,0,0,55,3374,0,40000,3500,0,40000,0x07
2026-09-06T12:33:22.383-03:00,281,0,0,50,3374,0,40000,3500,0,40000,0x07
2026-09-06T12:33:22.406-03:00,282,0,0,50,3374,0,40000,3500,0,40000,0x07
2026-09-06T12:33:22.424-03:00,283,0,0,53,3374,0,40000,3500,0,40000,0x07
2026-09-06T12:33:22.445-03:00,284,0,0,53,3374,0,40000,3500,0,40000,0x07
2026-09-06T12:33:22.467-03:00,285,0,0,53,3374,0,40000,3500,0,40000,0x07
2026-09-06T12:33:22.487-03:00,286,0,0,50,3374,0,40000,3500,0,40000,0x07
2026-09-06T12:33:22.505-03:00,287,0,0,50,3374,0,40000,3500,0,40000,0x07
2026-09-06T12:33:22.523-03:00,288,0,0,51,3374,0,40000,3500,0,40000,0x07
2026-09-06T12:33:22.546-03:00,289,0,0,51,3374,0,40000,3500,0,40000,0x07
2026-09-06T12:33:22.564-03:00,290,0,0,51,3374,0,40000,3500,0,40000,0x07
2026-09-06T12:33:22.586-03:00,291,0,0,50,3374,0,40000,3500,0,40000,0x07
2026-09-06T12:33:22.606-03:00,292,0,0,50,3374,0,40000,3500,0,40000,0x07
2026-09-06T12:33:22.626-03:00,293,0,0,50,3374,0,40000,3500,0,40000,0x07
2026-09-06T12:33:22.646-03:00,294,0,0,53,3374,0,40000,3500,0,40000,0x07
2026-09-06T12:33:22.664-03:00,295,0,0,53,3374,0,40000,3500,0,40000,0x07
2026-09-06T12:33:22.684-03:00,296,0,0,56,3374,0,40000,3500,0,40000,0x07
2026-09-06T12:33:22.702-03:00,297,0,0,56,3374,0,40000,3500,0,40000,0x07
2026-09-06T12:33:22.723-03:00,298,0,0,56,3374,0,40000,3500,0,40000,0x07
2026-09-06T12:33:22.746-03:00,299,0,0,50,3374,0,40000,3500,0,40000,0x07
2026-09-06T12:33:22.764-03:00,300,0,0,50,3374,0,40000,3500,0,40000,0x07
2026-09-06T12:33:22.782-03:00,301,0,0,50,3374,0,40000,3500,0,40000,0x07
2026-09-06T12:33:22.806-03:00,302,0,0,53,3374,0,40000,3500,0,40000,0x07
2026-09-06T12:33:22.826-03:00,303,0,0,53,3374,0,40000,3500,0,40000,0x07
2026-09-06T12:33:22.846-03:00,304,0,0,53,3374,0,40000,3500,0,40000,0x07
2026-09-06T12:33:22.864-03:00,305,0,0,53,3374,0,40000,3500,0,40000,0x07
2026-09-06T12:33:22.886-03:00,306,0,0,53,3374,0,40000,3500,0,40000,0x07
2026-09-06T12:33:22.904-03:00,307,0,0,50,3374,0,40000,3500,0,40000,0x07
2026-09-06T12:33:22.923-03:00,308,0,0,50,3374,0,40000,3500,0,40000,0x07
2026-09-06T12:33:22.947-03:00,309,0,0,55,3374,0,40000,3500,0,40000,0x07
2026-09-06T12:33:22.967-03:00,310,0,0,55,3374,0,40000,3500,0,40000,0x07
2026-09-06T12:33:22.985-03:00,311,0,0,55,3374,0,40000,3500,0,40000,0x07
2026-09-06T12:33:23.005-03:00,312,0,0,52,3374,0,40000,3500,0,40000,0x07
2026-09-06T12:33:23.025-03:00,313,0,0,52,3374,0,40000,3500,0,40000,0x07
2026-09-06T12:33:23.045-03:00,314,0,0,52,3374,0,40000,3500,0,40000,0x07
2026-09-06T12:33:23.063-03:00,315,0,0,52,3374,0,40000,3500,0,40000,0x07
2026-09-06T12:33:23.086-03:00,316,0,0,52,3374,0,40000,3500,0,40000,0x07
2026-09-06T12:33:23.104-03:00,317,0,0,54,3374,0,40000,3500,0,40000,0x07
2026-09-06T12:33:23.127-03:00,318,0,0,54,3374,0,40000,3500,0,40000,0x07
2026-09-06T12:33:23.146-03:00,319,0,0,54,3374,0,40000,3500,0,40000,0x07
2026-09-06T12:33:23.163-03:00,320,0,0,52,3374,0,40000,3500,0,40000,0x07
2026-09-06T12:33:23.187-03:00,321,0,0,52,3374,0,40000,3500,0,40000,0x07
2026-09-06T12:33:23.205-03:00,322,0,0,50,3374,0,40000,3500,0,40000,0x07
2026-09-06T12:33:23.224-03:00,323,0,0,50,3374,0,40000,3500,0,40000,0x07
2026-09-06T12:33:23.247-03:00,324,0,0,50,3374,0,40000,3500,0,40000,0x07
2026-09-06T12:33:23.267-03:00,325,0,0,51,3374,0,40000,3500,0,40000,0x07
2026-09-06T12:33:23.285-03:00,326,0,0,51,3374,0,40000,3500,0,40000,0x07
2026-09-06T12:33:23.303-03:00,327,0,0,51,3374,0,40000,3500,0,40000,0x07
2026-09-06T12:33:23.323-03:00,328,0,0,54,3374,0,40000,3500,0,40000,0x07
2026-09-06T12:33:23.343-03:00,329,0,0,54,3374,0,40000,3500,0,40000,0x07
2026-09-06T12:33:23.367-03:00,330,0,0,52,3374,0,40000,3500,0,40000,0x07
2026-09-06T12:33:23.384-03:00,331,0,0,52,3374,0,40000,3500,0,40000,0x07
2026-09-06T12:33:23.407-03:00,332,0,0,52,3374,0,40000,3500,0,40000,0x07
2026-09-06T12:33:23.427-03:00,333,0,0,53,3374,0,40000,3500,0,40000,0x07
2026-09-06T12:33:23.447-03:00,334,0,0,53,3374,0,40000,3500,0,40000,0x07
2026-09-06T12:33:23.464-03:00,335,0,0,52,3374,0,40000,3500,0,40000,0x07
2026-09-06T12:33:23.482-03:00,336,0,0,52,3374,0,40000,3500,0,40000,0x07
2026-09-06T12:33:23.502-03:00,337,0,0,52,3374,0,40000,3500,0,40000,0x07
2026-09-06T12:33:23.526-03:00,338,0,0,56,3374,0,40000,3500,0,40000,0x07
2026-09-06T12:33:23.543-03:00,339,0,0,56,3374,0,40000,3500,0,40000,0x07
2026-09-06T12:33:23.566-03:00,340,0,0,56,3374,0,40000,3500,0,40000,0x07
2026-09-06T12:33:23.584-03:00,341,0,0,51,3374,0,40000,3500,0,40000,0x07
2026-09-06T12:33:23.604-03:00,342,0,0,51,3374,0,40000,3500,0,40000,0x07
2026-09-06T12:33:23.623-03:00,343,0,0,52,3374,0,40000,3500,0,40000,0x07
2026-09-06T12:33:23.646-03:00,344,0,0,52,3374,0,40000,3500,0,40000,0x07
2026-09-06T12:33:23.664-03:00,345,0,0,52,3374,0,40000,3500,0,40000,0x07
2026-09-06T12:33:23.687-03:00,346,0,0,56,3374,0,40000,3500,0,40000,0x07
2026-09-06T12:33:23.705-03:00,347,0,0,56,3374,0,40000,3500,0,40000,0x07
2026-09-06T12:33:23.723-03:00,348,0,0,56,3374,0,40000,3500,0,40000,0x07
2026-09-06T12:33:23.746-03:00,349,0,0,51,3374,0,40000,3500,0,40000,0x07
2026-09-06T12:33:23.764-03:00,350,0,0,51,3374,0,40000,3500,0,40000,0x07
2026-09-06T12:33:23.787-03:00,351,0,0,51,3374,0,40000,3500,0,40000,0x07
2026-09-06T12:33:23.805-03:00,352,0,0,54,3374,0,40000,3500,0,40000,0x07
2026-09-06T12:33:23.825-03:00,353,0,0,54,3374,0,40000,3500,0,40000,0x07
2026-09-06T12:33:23.845-03:00,354,0,0,50,3374,0,40000,3500,0,40000,0x07
2026-09-06T12:33:23.863-03:00,355,0,0,50,3374,0,40000,3500,0,40000,0x07
2026-09-06T12:33:23.882-03:00,356,0,0,50,3374,0,40000,3500,0,40000,0x07
2026-09-06T12:33:23.902-03:00,357,0,0,51,3374,0,40000,3500,0,40000,0x07
2026-09-06T12:33:23.925-03:00,358,0,0,51,3374,0,40000,3500,0,40000,0x07
2026-09-06T12:33:23.944-03:00,359,0,0,54,3374,0,40000,3500,0,40000,0x07
2026-09-06T12:33:23.967-03:00,360,0,0,54,3374,0,40000,3500,0,40000,0x07
2026-09-06T12:33:23.985-03:00,361,0,0,54,3374,0,40000,3500,0,40000,0x07
2026-09-06T12:33:24.003-03:00,362,0,0,50,3374,0,40000,3500,0,40000,0x07
2026-09-06T12:33:24.026-03:00,363,0,0,50,3374,0,40000,3500,0,40000,0x07
2026-09-06T12:33:24.044-03:00,364,0,0,51,3374,0,40000,3500,0,40000,0x07
2026-09-06T12:33:24.062-03:00,365,0,0,51,3374,0,40000,3500,0,40000,0x07
2026-09-06T12:33:24.083-03:00,366,0,0,51,3374,0,40000,3500,0,40000,0x07
2026-09-06T12:33:24.105-03:00,367,0,0,52,3374,0,40000,3500,0,40000,0x07
2026-09-06T12:33:24.122-03:00,368,0,0,52,3374,0,40000,3500,0,40000,0x07
2026-09-06T12:33:24.143-03:00,369,0,0,52,3374,0,40000,3500,0,40000,0x07
2026-09-06T12:33:24.166-03:00,370,0,0,52,3374,0,40000,3500,0,40000,0x07
2026-09-06T12:33:24.184-03:00,371,0,0,52,3374,0,40000,3500,0,40000,0x07
2026-09-06T12:33:24.207-03:00,372,0,0,54,3374,0,40000,3500,0,40000,0x07
2026-09-06T12:33:24.224-03:00,373,0,0,54,3374,0,40000,3500,0,40000,0x07
2026-09-06T12:33:24.242-03:00,374,0,0,54,3374,0,40000,3500,0,40000,0x07
2026-09-06T12:33:24.266-03:00,375,0,0,51,3374,0,40000,3500,0,40000,0x07
2026-09-06T12:33:24.284-03:00,376,0,0,51,3374,0,40000,3500,0,40000,0x07
2026-09-06T12:33:24.306-03:00,377,0,0,51,3374,0,40000,3500,0,40000,0x07
2026-09-06T12:33:24.324-03:00,378,0,0,54,3374,0,40000,3500,0,40000,0x07
2026-09-06T12:33:24.347-03:00,379,0,0,54,3374,0,40000,3500,0,40000,0x07
2026-09-06T12:33:24.365-03:00,380,0,0,50,3374,0,40000,3500,0,40000,0x07
2026-09-06T12:33:24.383-03:00,381,0,0,50,3374,0,40000,3500,0,40000,0x07
2026-09-06T12:33:24.407-03:00,382,0,0,50,3374,0,40000,3500,0,40000,0x07
2026-09-06T12:33:24.425-03:00,383,0,0,50,3374,0,40000,3500,0,40000,0x07
2026-09-06T12:33:24.446-03:00,384,0,0,50,3374,0,40000,3500,0,40000,0x07
2026-09-06T12:33:24.462-03:00,385,0,0,51,3374,0,40000,3500,0,40000,0x07
2026-09-06T12:33:24.485-03:00,386,0,0,51,3374,0,40000,3500,0,40000,0x07
2026-09-06T12:33:24.503-03:00,387,0,0,51,3374,0,40000,3500,0,40000,0x07
2026-09-06T12:33:24.526-03:00,388,0,0,51,3374,0,40000,3500,0,40000,0x07
2026-09-06T12:33:24.544-03:00,389,0,0,51,3374,0,40000,3500,0,40000,0x07
2026-09-06T12:33:24.567-03:00,390,0,0,54,3374,0,40000,3500,0,40000,0x07
2026-09-06T12:33:24.586-03:00,391,0,0,54,3374,0,40000,3500,0,40000,0x07
2026-09-06T12:33:24.604-03:00,392,0,0,54,3374,0,40000,3500,0,40000,0x07
2026-09-06T12:33:24.627-03:00,393,0,0,52,3374,0,40000,3500,0,40000,0x07
2026-09-06T12:33:24.645-03:00,394,0,0,52,3374,0,40000,3500,0,40000,0x07
2026-09-06T12:33:24.663-03:00,395,0,0,50,3374,0,40000,3500,0,40000,0x07
2026-09-06T12:33:24.687-03:00,396,0,0,50,3374,0,40000,3500,0,40000,0x07
2026-09-06T12:33:24.705-03:00,397,0,0,50,3374,0,40000,3500,0,40000,0x07
2026-09-06T12:33:24.723-03:00,398,0,0,51,3374,0,40000,3500,0,40000,0x07
2026-09-06T12:33:24.742-03:00,399,0,0,51,3374,0,40000,3500,0,40000,0x07
2026-09-06T12:33:24.766-03:00,400,0,0,51,3374,0,40000,3500,0,40000,0x07
2026-09-06T12:33:24.786-03:00,401,0,0,54,3374,0,40000,3500,0,40000,0x07
2026-09-06T12:33:24.804-03:00,402,0,0,54,3374,0,40000,3500,0,40000,0x07
2026-09-06T12:33:24.827-03:00,403,0,0,56,3374,0,40000,3500,0,40000,0x07
2026-09-06T12:33:24.845-03:00,404,0,0,56,3374,0,40000,3500,0,40000,0x07
2026-09-06T12:33:24.863-03:00,405,0,0,56,3374,0,40000,3500,0,40000,0x07
2026-09-06T12:33:24.886-03:00,406,0,0,51,3374,0,40000,3500,0,40000,0x07
2026-09-06T12:33:24.904-03:00,407,0,0,51,3374,0,40000,3500,0,40000,0x07
2026-09-06T12:33:24.927-03:00,408,0,0,51,3374,0,40000,3500,0,40000,0x07
2026-09-06T12:33:24.947-03:00,409,0,0,51,3374,0,40000,3500,0,40000,0x07
2026-09-06T12:33:24.967-03:00,410,0,0,51,3374,0,40000,3500,0,40000,0x07
2026-09-06T12:33:24.985-03:00,411,0,0,51,3374,0,40000,3500,0,40000,0x07
2026-09-06T12:33:25.003-03:00,412,0,0,51,3374,0,40000,3500,0,40000,0x07
2026-09-06T12:33:25.025-03:00,413,0,0,51,3374,0,40000,3500,0,40000,0x07
2026-09-06T12:33:25.043-03:00,414,0,0,54,3374,0,40000,3500,0,40000,0x07
2026-09-06T12:33:25.063-03:00,415,0,0,54,3374,0,40000,3500,0,40000,0x07
2026-09-06T12:33:25.086-03:00,416,0,0,52,3374,0,40000,3500,0,40000,0x07
2026-09-06T12:33:25.104-03:00,417,0,0,52,3374,0,40000,3500,0,40000,0x07
2026-09-06T12:33:25.122-03:00,418,0,0,52,3374,0,40000,3500,0,40000,0x07
2026-09-06T12:33:25.142-03:00,419,0,0,50,3374,20,40000,3500,0,40000,0x07
2026-09-06T12:33:25.162-03:00,420,0,0,50,3374,20,40000,3500,0,40000,0x07
2026-09-06T12:33:25.186-03:00,421,0,0,50,3374,20,40000,3500,0,40000,0x07
2026-09-06T12:33:25.204-03:00,422,0,0,51,3374,0,40000,3500,0,40000,0x07
2026-09-06T12:33:25.222-03:00,423,0,0,51,3374,0,40000,3500,0,40000,0x07
2026-09-06T12:33:25.246-03:00,424,0,0,50,3374,120,40000,3500,0,40000,0x07
2026-09-06T12:33:25.264-03:00,425,0,0,50,3374,120,40000,3500,0,40000,0x07
2026-09-06T12:33:25.287-03:00,426,0,0,50,3374,120,40000,3500,0,40000,0x07
2026-09-06T12:33:25.307-03:00,427,0,0,51,3374,216,40000,3500,0,40000,0x07
2026-09-06T12:33:25.325-03:00,428,0,0,51,3374,216,40000,3500,0,40000,0x07
2026-09-06T12:33:25.343-03:00,429,0,0,52,3374,77,40000,3500,0,40000,0x07
2026-09-06T12:33:25.366-03:00,430,0,0,52,3374,77,40000,3500,0,40000,0x07
2026-09-06T12:33:25.384-03:00,431,0,0,52,3374,77,40000,3500,0,40000,0x07
2026-09-06T12:33:25.407-03:00,432,0,0,51,3374,0,40000,3500,0,40000,0x07
2026-09-06T12:33:25.425-03:00,433,0,0,51,3374,0,40000,3500,0,40000,0x07
2026-09-06T12:33:25.443-03:00,434,0,0,53,3374,0,40000,3500,0,40000,0x07
2026-09-06T12:33:25.463-03:00,435,0,0,53,3374,0,40000,3500,0,40000,0x07
2026-09-06T12:33:25.486-03:00,436,0,0,53,3374,0,40000,3500,0,40000,0x07
2026-09-06T12:33:25.504-03:00,437,0,0,52,3374,0,40000,3500,0,40000,0x07
2026-09-06T12:33:25.523-03:00,438,0,0,52,3374,0,40000,3500,0,40000,0x07
2026-09-06T12:33:25.543-03:00,439,0,0,51,3374,0,40000,3500,0,40000,0x07
2026-09-06T12:33:25.563-03:00,440,0,0,51,3374,0,40000,3500,0,40000,0x07
2026-09-06T12:33:25.586-03:00,441,0,0,51,3374,0,40000,3500,0,40000,0x07
2026-09-06T12:33:25.607-03:00,442,0,0,56,3374,0,40000,3500,0,40000,0x07
2026-09-06T12:33:25.625-03:00,443,0,0,56,3374,0,40000,3500,0,40000,0x07
2026-09-06T12:33:25.643-03:00,444,0,0,56,3374,0,40000,3500,0,40000,0x07
2026-09-06T12:33:25.663-03:00,445,0,0,51,3374,0,40000,3500,0,40000,0x07
2026-09-06T12:33:25.686-03:00,446,0,0,51,3374,0,40000,3500,0,40000,0x07
2026-09-06T12:33:25.706-03:00,447,0,0,51,3374,0,40000,3500,0,40000,0x07
2026-09-06T12:33:25.725-03:00,448,0,0,51,3374,0,40000,3500,0,40000,0x07
2026-09-06T12:33:25.745-03:00,449,0,0,51,3374,0,40000,3500,0,40000,0x07
2026-09-06T12:33:25.765-03:00,450,0,0,51,3374,0,40000,3500,0,40000,0x07
2026-09-06T12:33:25.783-03:00,451,0,0,51,3374,0,40000,3500,0,40000,0x07
2026-09-06T12:33:25.806-03:00,452,0,0,50,3374,0,40000,3500,0,40000,0x07
2026-09-06T12:33:25.824-03:00,453,0,0,50,3374,0,40000,3500,0,40000,0x07
2026-09-06T12:33:25.842-03:00,454,0,0,50,3374,0,40000,3500,0,40000,0x07
2026-09-06T12:33:25.866-03:00,455,0,0,50,3374,0,40000,3500,0,40000,0x07
2026-09-06T12:33:25.884-03:00,456,0,0,50,3374,0,40000,3500,0,40000,0x07
2026-09-06T12:33:25.907-03:00,457,0,0,50,3374,0,40000,3500,0,40000,0x07
2026-09-06T12:33:25.925-03:00,458,0,0,51,3374,0,40000,3500,0,40000,0x07
2026-09-06T12:33:25.943-03:00,459,0,0,51,3374,0,40000,3500,0,40000,0x07
2026-09-06T12:33:25.963-03:00,460,0,0,51,3374,0,40000,3500,0,40000,0x07
2026-09-06T12:33:25.986-03:00,461,0,0,51,3374,0,40000,3500,0,40000,0x07
2026-09-06T12:33:26.004-03:00,462,0,0,51,3374,0,40000,3500,0,40000,0x07
2026-09-06T12:33:26.027-03:00,463,0,0,51,3374,0,40000,3500,0,40000,0x07
2026-09-06T12:33:26.045-03:00,464,0,0,51,3374,0,40000,3500,0,40000,0x07
2026-09-06T12:33:26.064-03:00,465,0,0,55,3374,0,40000,3500,0,40000,0x07
2026-09-06T12:33:26.087-03:00,466,0,0,55,3374,0,40000,3500,0,40000,0x07
2026-09-06T12:33:26.105-03:00,467,0,0,55,3374,0,40000,3500,0,40000,0x07
2026-09-06T12:33:26.127-03:00,468,0,0,52,3374,0,40000,3500,0,40000,0x07
2026-09-06T12:33:26.145-03:00,469,0,0,52,3374,0,40000,3500,0,40000,0x07
2026-09-06T12:33:26.166-03:00,470,0,0,50,3374,0,40000,3500,0,40000,0x07
2026-09-06T12:33:26.184-03:00,471,0,0,50,3374,0,40000,3500,0,40000,0x07
2026-09-06T12:33:26.204-03:00,472,0,0,50,3374,0,40000,3500,0,40000,0x07
2026-09-06T12:33:26.223-03:00,473,0,0,50,3374,0,40000,3500,0,40000,0x07
2026-09-06T12:33:26.243-03:00,474,0,0,50,3374,0,40000,3500,0,40000,0x07
2026-09-06T12:33:26.266-03:00,475,0,0,50,3374,0,40000,3500,0,40000,0x07
2026-09-06T12:33:26.285-03:00,476,0,0,53,3374,0,40000,3500,0,40000,0x07
2026-09-06T12:33:26.303-03:00,477,0,0,53,3374,0,40000,3500,0,40000,0x07
2026-09-06T12:33:26.326-03:00,478,0,0,52,3374,0,40000,3500,0,40000,0x07
2026-09-06T12:33:26.344-03:00,479,0,0,52,3374,0,40000,3500,0,40000,0x07
2026-09-06T12:33:26.366-03:00,480,0,0,52,3374,0,40000,3500,0,40000,0x07
2026-09-06T12:33:26.383-03:00,481,0,0,50,3374,0,40000,3500,0,40000,0x07
2026-09-06T12:33:26.403-03:00,482,0,0,50,3374,0,40000,3500,0,40000,0x07
2026-09-06T12:33:26.423-03:00,483,0,0,56,3374,0,40000,3500,0,40000,0x07
2026-09-06T12:33:26.447-03:00,484,0,0,56,3374,0,40000,3500,0,40000,0x07
2026-09-06T12:33:26.465-03:00,485,0,0,56,3374,0,40000,3500,0,40000,0x07
2026-09-06T12:33:26.483-03:00,486,0,0,51,3374,0,40000,3500,0,40000,0x07
2026-09-06T12:33:26.503-03:00,487,0,0,51,3374,0,40000,3500,0,40000,0x07
2026-09-06T12:33:26.523-03:00,488,0,0,51,3374,0,40000,3500,0,40000,0x07
2026-09-06T12:33:26.546-03:00,489,0,0,52,3374,0,40000,3500,0,40000,0x07
2026-09-06T12:33:26.566-03:00,490,0,0,52,3374,0,40000,3500,0,40000,0x07
2026-09-06T12:33:26.584-03:00,491,0,0,54,3374,0,40000,3500,0,40000,0x07
2026-09-06T12:33:26.604-03:00,492,0,0,54,3374,0,40000,3500,0,40000,0x07
2026-09-06T12:33:26.625-03:00,493,0,0,54,3374,0,40000,3500,0,40000,0x07
2026-09-06T12:33:26.643-03:00,494,0,0,52,3374,0,40000,3500,0,40000,0x07
2026-09-06T12:33:26.666-03:00,495,0,0,52,3374,0,40000,3500,0,40000,0x07
2026-09-06T12:33:26.684-03:00,496,0,0,50,3374,0,40000,3500,0,40000,0x07
2026-09-06T12:33:26.725-03:00,497,0,0,50,3374,0,40000,3500,0,40000,0x07
2026-09-06T12:33:26.768-03:00,498,0,0,50,3374,0,40000,3500,0,40000,0x07
2026-09-06T12:33:26.812-03:00,499,0,0,51,3374,0,40000,3500,0,40000,0x07
2026-09-06T12:33:26.856-03:00,500,0,0,51,3374,0,40000,3500,0,40000,0x07
2026-09-06T12:33:26.900-03:00,501,0,0,52,0,0,0,0,0,0,0x03
