timestamp,sequence,team,robot_id,interval_ms,left_target_eps,left_measured_eps,left_duty,right_target_eps,right_measured_eps,right_duty,flags
2026-09-06T15:03:11.736-03:00,65535,255,0,0,0,0,0,0,0,0,0x03
2026-09-06T15:03:11.754-03:00,502,0,0,52,0,0,0,0,0,0,0x03
2026-09-06T15:03:11.773-03:00,503,0,0,52,0,0,0,0,0,0,0x03
2026-09-06T15:03:11.796-03:00,503,0,0,50,0,0,0,0,0,0,0x03
2026-09-06T15:03:11.835-03:00,503,0,0,50,0,0,0,0,0,0,0x03
2026-09-06T15:03:11.835-03:00,503,0,0,50,0,0,0,0,0,0,0x03
2026-09-06T15:03:11.853-03:00,503,0,0,50,0,0,0,0,0,0,0x03
2026-09-06T15:03:11.871-03:00,503,0,0,50,0,0,0,0,0,0,0x03
2026-09-06T15:03:11.895-03:00,503,0,0,52,0,0,0,0,0,0,0x03
2026-09-06T15:03:11.913-03:00,503,0,0,52,0,0,0,0,0,0,0x03
2026-09-06T15:03:11.934-03:00,8,0,0,56,3374,18,40000,3500,0,40000,0x07
2026-09-06T15:03:11.952-03:00,8,0,0,51,0,0,28094,0,0,28548,0x07
2026-09-06T15:03:11.972-03:00,9,0,0,56,3374,18,40000,3500,0,40000,0x07
2026-09-06T15:03:11.995-03:00,9,0,0,56,3374,18,40000,3500,0,40000,0x07
