timestamp,sequence,team,robot_id,interval_ms,left_target_eps,left_measured_eps,left_duty,right_target_eps,right_measured_eps,right_duty,flags
2026-09-06T17:47:35.505-03:00,502,0,1,50,0,0,0,0,0,0,0x03
2026-09-06T17:47:35.523-03:00,503,0,1,52,0,0,0,0,0,0,0x03
2026-09-06T17:47:35.543-03:00,504,0,1,50,0,0,0,0,0,0,0x03
2026-09-06T17:47:35.563-03:00,505,0,1,50,0,0,0,0,0,0,0x03
2026-09-06T17:47:35.582-03:00,505,0,1,50,0,0,0,0,0,0,0x03
2026-09-06T17:47:35.604-03:00,505,0,1,50,0,0,0,0,0,0,0x03
2026-09-06T17:47:35.623-03:00,505,0,1,53,0,0,0,0,0,0,0x03
2026-09-06T17:47:35.646-03:00,505,0,1,53,0,0,0,0,0,0,0x03
2026-09-06T17:47:35.663-03:00,505,0,1,53,0,0,0,0,0,0,0x03
2026-09-06T17:47:35.686-03:00,505,0,1,50,0,0,0,0,0,0,0x03
2026-09-06T17:47:35.724-03:00,505,0,1,50,0,0,0,0,0,0,0x03
2026-09-06T17:47:35.724-03:00,8,0,1,55,3374,0,40000,3500,0,40000,0x07
2026-09-06T17:47:35.742-03:00,9,0,1,55,3374,0,40000,3500,0,40000,0x07
2026-09-06T17:47:35.765-03:00,10,0,1,55,3374,0,40000,3500,0,40000,0x07
2026-09-06T17:47:35.783-03:00,11,0,1,51,3374,1843,37255,3500,1627,39080,0x07
2026-09-06T17:47:35.801-03:00,12,0,1,51,3374,1843,37255,3500,1627,39080,0x07
2026-09-06T17:47:35.824-03:00,13,0,1,52,3374,3423,30540,3500,3250,32184,0x07
2026-09-06T17:47:35.842-03:00,14,0,1,52,3374,3423,30540,3500,3250,32184,0x07
2026-09-06T17:47:35.862-03:00,15,0,1,52,3374,3423,30540,3500,3250,32184,0x07
2026-09-06T17:47:35.884-03:00,16,0,1,58,3374,3603,29774,3500,3672,30389,0x07
2026-09-06T17:47:35.902-03:00,17,0,1,58,3374,3603,29774,3500,3672,30389,0x07
2026-09-06T17:47:35.925-03:00,18,0,1,58,3374,3603,29774,3500,3672,30389,0x07
2026-09-06T17:47:35.945-03:00,19,0,1,58,3374,3397,30653,3500,3500,31122,0x07
2026-09-06T17:47:35.964-03:00,20,0,1,58,3374,3397,30653,3500,3500,31122,0x07
2026-09-06T17:47:35.983-03:00,21,0,1,58,3374,3397,30653,3500,3500,31122,0x07
2026-09-06T17:47:36.001-03:00,22,0,1,51,3374,3216,31422,3500,3333,31830,0x07
2026-09-06T17:47:36.022-03:00,23,0,1,51,3374,3216,31422,3500,3333,31830,0x07
2026-09-06T17:47:36.045-03:00,24,0,1,51,3374,3216,31422,3500,3333,31830,0x07
2026-09-06T17:47:36.065-03:00,25,0,1,56,3374,3232,31352,3500,3107,32792,0x07
2026-09-06T17:47:36.085-03:00,26,0,1,56,3374,3232,31352,3500,3107,32792,0x07
2026-09-06T17:47:36.105-03:00,27,0,1,55,3374,3418,30561,3500,3127,32706,0x07
2026-09-06T17:47:36.123-03:00,28,0,1,55,3374,3418,30561,3500,3127,32706,0x07
2026-09-06T17:47:36.145-03:00,29,0,1,55,3374,3418,30561,3500,3127,32706,0x07
2026-09-06T17:47:36.163-03:00,30,0,1,61,3374,3311,31015,3500,3164,32550,0x07
2026-09-06T17:47:36.184-03:00,31,0,1,61,3374,3311,31015,3500,3164,32550,0x07
2026-09-06T17:47:36.201-03:00,32,0,1,61,3374,3311,31015,3500,3164,32550,0x07
2026-09-06T17:47:36.225-03:00,33,0,1,58,3374,3224,31386,3500,3241,32221,0x07
2026-09-06T17:47:36.245-03:00,34,0,1,58,3374,3224,31386,3500,3241,32221,0x07
2026-09-06T17:47:36.263-03:00,35,0,1,58,3374,3224,31386,3500,3241,32221,0x07
2026-09-06T17:47:36.286-03:00,36,0,1,50,3374,3360,30808,3500,3300,31972,0x07
2026-09-06T17:47:36.304-03:00,37,0,1,50,3374,3360,30808,3500,3300,31972,0x07
2026-09-06T17:47:36.322-03:00,38,0,1,50,3374,3360,30808,3500,3300,31972,0x07
2026-09-06T17:47:36.346-03:00,39,0,1,54,3374,3296,31079,3500,3370,31673,0x07
2026-09-06T17:47:36.366-03:00,40,0,1,54,3374,3296,31079,3500,3370,31673,0x07
2026-09-06T17:47:36.403-03:00,41,0,1,54,3374,3278,31158,3500,3352,31752,0x07
2026-09-06T17:47:36.403-03:00,42,0,1,54,3374,3278,31158,3500,3352,31752,0x07
2026-09-06T17:47:36.426-03:00,43,0,1,54,3374,3278,31158,3500,3352,31752,0x07
2026-09-06T17:47:36.444-03:00,44,0,1,53,3374,3264,31216,3500,3264,32124,0x07
2026-09-06T17:47:36.462-03:00,45,0,1,53,3374,3264,31216,3500,3264,32124,0x07
2026-09-06T17:47:36.485-03:00,46,0,1,51,3374,3412,30588,3500,3373,31664,0x07
2026-09-06T17:47:36.503-03:00,47,0,1,51,3374,3412,30588,3500,3373,31664,0x07
2026-09-06T17:47:36.521-03:00,48,0,1,51,3374,3412,30588,3500,3373,31664,0x07
2026-09-06T17:47:36.543-03:00,49,0,1,50,3374,3300,31064,3500,3240,32227,0x07
2026-09-06T17:47:36.561-03:00,50,0,1,50,3374,3300,31064,3500,3240,32227,0x07
2026-09-06T17:47:36.585-03:00,51,0,1,50,3374,3300,31064,3500,3240,32227,0x07
2026-09-06T17:47:36.605-03:00,52,0,1,53,3374,3264,31216,3500,3094,32846,0x07
2026-09-06T17:47:36.623-03:00,53,0,1,53,3374,3264,31216,3500,3094,32846,0x07
2026-09-06T17:47:36.643-03:00,54,0,1,55,3374,3400,30638,3500,3309,31933,0x07
2026-09-06T17:47:36.663-03:00,55,0,1,55,3374,3400,30638,3500,3309,31933,0x07
2026-09-06T17:47:36.686-03:00,56,0,1,55,3374,3400,30638,3500,3309,31933,0x07
2026-09-06T17:47:36.706-03:00,57,0,1,58,3374,3259,31239,3500,3397,31562,0x07
2026-09-06T17:47:36.724-03:00,58,0,1,58,3374,3259,31239,3500,3397,31562,0x07
2026-09-06T17:47:36.744-03:00,59,0,1,58,3374,3259,31239,3500,3397,31562,0x07
2026-09-06T17:47:36.762-03:00,60,0,1,52,3374,3250,31276,3500,3423,31449,0x07
2026-09-06T17:47:36.785-03:00,61,0,1,52,3374,3250,31276,3500,3423,31449,0x07
2026-09-06T17:47:36.803-03:00,62,0,1,52,3374,3250,31276,3500,3423,31449,0x07
2026-09-06T17:47:36.821-03:00,63,0,1,56,3374,3339,30897,3500,3286,32033,0x07
2026-09-06T17:47:36.845-03:00,64,0,1,56,3374,3339,30897,3500,3286,32033,0x07
2026-09-06T17:47:36.862-03:00,65,0,1,52,3374,3365,30786,3500,3269,32103,0x07
2026-09-06T17:47:36.885-03:00,66,0,1,52,3374,3365,30786,3500,3269,32103,0x07
2026-09-06T17:47:36.903-03:00,67,0,1,52,3374,3365,30786,3500,3269,32103,0x07
2026-09-06T17:47:36.923-03:00,68,0,1,51,3374,3235,31338,3500,3333,31830,0x07
2026-09-06T17:47:36.942-03:00,69,0,1,51,3374,3235,31338,3500,3333,31830,0x07
2026-09-06T17:47:36.965-03:00,70,0,1,51,3374,3314,31005,3500,3294,31997,0x07
2026-09-06T17:47:36.983-03:00,71,0,1,51,3374,3314,31005,3500,3294,31997,0x07
2026-09-06T17:47:37.006-03:00,72,0,1,51,3374,3314,31005,3500,3294,31997,0x07
2026-09-06T17:47:37.023-03:00,73,0,1,51,3374,3314,31005,3500,3373,31664,0x07
2026-09-06T17:47:37.045-03:00,74,0,1,51,3374,3314,31005,3500,3373,31664,0x07
2026-09-06T17:47:37.063-03:00,75,0,1,50,3374,3260,31234,3500,3300,31972,0x07
2026-09-06T17:47:37.086-03:00,76,0,1,50,3374,3260,31234,3500,3300,31972,0x07
2026-09-06T17:47:37.104-03:00,77,0,1,50,3374,3260,31234,3500,3300,31972,0x07
2026-09-06T17:47:37.126-03:00,78,0,1,58,3374,3310,31020,3500,3328,31855,0x07
2026-09-06T17:47:37.144-03:00,79,0,1,58,3374,3310,31020,3500,3328,31855,0x07
2026-09-06T17:47:37.162-03:00,80,0,1,58,3374,3310,31020,3500,3328,31855,0x07
2026-09-06T17:47:37.185-03:00,81,0,1,52,3374,3327,30949,3500,3308,31939,0x07
2026-09-06T17:47:37.205-03:00,82,0,1,52,3374,3327,30949,3500,3308,31939,0x07
2026-09-06T17:47:37.223-03:00,83,0,1,52,3374,3327,30949,3500,3308,31939,0x07
2026-09-06T17:47:37.246-03:00,84,0,1,54,3374,3278,31158,3500,3370,31673,0x07
2026-09-06T17:47:37.263-03:00,85,0,1,54,3374,3278,31158,3500,3370,31673,0x07
2026-09-06T17:47:37.283-03:00,86,0,1,54,3374,3278,31158,3500,3315,31909,0x07
2026-09-06T17:47:37.305-03:00,87,0,1,54,3374,3278,31158,3500,3315,31909,0x07
2026-09-06T17:47:37.324-03:00,88,0,1,54,3374,3278,31158,3500,3315,31909,0x07
2026-09-06T17:47:37.346-03:00,89,0,1,51,3374,3373,30755,3500,3353,31747,0x07
2026-09-06T17:47:37.366-03:00,90,0,1,51,3374,3373,30755,3500,3353,31747,0x07
2026-09-06T17:47:37.386-03:00,91,0,1,51,3374,3373,30755,3500,3353,31747,0x07
2026-09-06T17:47:37.403-03:00,92,0,1,56,3374,3250,31276,3500,3321,31881,0x07
2026-09-06T17:47:37.423-03:00,93,0,1,56,3374,3250,31276,3500,3321,31881,0x07
2026-09-06T17:47:37.441-03:00,94,0,1,56,3374,3304,31048,3500,3429,31426,0x07
2026-09-06T17:47:37.465-03:00,95,0,1,56,3374,3304,31048,3500,3429,31426,0x07
2026-09-06T17:47:37.484-03:00,96,0,1,56,3374,3304,31048,3500,3429,31426,0x07
2026-09-06T17:47:37.505-03:00,97,0,1,55,3374,3327,30960,3500,3309,31933,0x07
2026-09-06T17:47:37.525-03:00,98,0,1,55,3374,3327,30960,3500,3309,31933,0x07
2026-09-06T17:47:37.565-03:00,99,0,1,55,3374,3327,30960,3500,3309,31933,0x07
2026-09-06T17:47:37.565-03:00,100,0,1,51,3374,3294,31100,3500,3353,31747,0x07
2026-09-06T17:47:37.586-03:00,101,0,1,51,3374,3294,31100,3500,3353,31747,0x07
2026-09-06T17:47:37.606-03:00,102,0,1,59,3374,3322,30982,3500,3424,31446,0x07
2026-09-06T17:47:37.625-03:00,103,0,1,59,3374,3322,30982,3500,3424,31446,0x07
2026-09-06T17:47:37.644-03:00,104,0,1,59,3374,3322,30982,3500,3424,31446,0x07
2026-09-06T17:47:37.663-03:00,105,0,1,55,3374,3327,30960,3500,3309,31933,0x07
2026-09-06T17:47:37.685-03:00,106,0,1,55,3374,3327,30960,3500,3309,31933,0x07
2026-09-06T17:47:37.703-03:00,107,0,1,55,3374,3327,30960,3500,3309,31933,0x07
2026-09-06T17:47:37.723-03:00,108,0,1,57,3374,3316,31008,3500,3404,31532,0x07
2026-09-06T17:47:37.746-03:00,109,0,1,57,3374,3316,31008,3500,3404,31532,0x07
2026-09-06T17:47:37.764-03:00,110,0,1,57,3374,3316,31008,3500,3404,31532,0x07
2026-09-06T17:47:37.785-03:00,111,0,1,50,3374,3240,31330,3500,3380,31632,0x07
2026-09-06T17:47:37.805-03:00,112,0,1,50,3374,3240,31330,3500,3380,31632,0x07
2026-09-06T17:47:37.823-03:00,113,0,1,54,3374,3333,30934,3500,3222,32303,0x07
2026-09-06T17:47:37.846-03:00,114,0,1,54,3374,3333,30934,3500,3222,32303,0x07
2026-09-06T17:47:37.864-03:00,115,0,1,54,3374,3333,30934,3500,3222,32303,0x07
2026-09-06T17:47:37.882-03:00,116,0,1,55,3374,3364,30805,3500,3164,32552,0x07
2026-09-06T17:47:37.906-03:00,117,0,1,55,3374,3364,30805,3500,3164,32552,0x07
2026-09-06T17:47:37.922-03:00,118,0,1,55,3374,3364,30805,3500,3164,32552,0x07
2026-09-06T17:47:37.945-03:00,119,0,1,59,3374,3271,31198,3500,3136,32671,0x07
2026-09-06T17:47:37.966-03:00,120,0,1,59,3374,3271,31198,3500,3136,32671,0x07
2026-09-06T17:47:37.984-03:00,121,0,1,59,3374,3271,31198,3500,3136,32671,0x07
2026-09-06T17:47:38.004-03:00,122,0,1,50,3374,3280,31160,3500,3120,32737,0x07
2026-09-06T17:47:38.023-03:00,123,0,1,50,3374,3280,31160,3500,3120,32737,0x07
2026-09-06T17:47:38.046-03:00,124,0,1,52,3374,3346,30879,3500,3135,32675,0x07
2026-09-06T17:47:38.063-03:00,125,0,1,52,3374,3346,30879,3500,3135,32675,0x07
2026-09-06T17:47:38.086-03:00,126,0,1,52,3374,3346,30879,3500,3135,32675,0x07
2026-09-06T17:47:38.104-03:00,127,0,1,50,3374,3280,31160,3500,3320,31887,0x07
2026-09-06T17:47:38.122-03:00,128,0,1,50,3374,3280,31160,3500,3320,31887,0x07
2026-09-06T17:47:38.141-03:00,129,0,1,53,3374,3321,30987,3500,3396,31563,0x07
2026-09-06T17:47:38.165-03:00,130,0,1,53,3374,3321,30987,3500,3396,31563,0x07
2026-09-06T17:47:38.186-03:00,131,0,1,53,3374,3321,30987,3500,3396,31563,0x07
2026-09-06T17:47:38.204-03:00,132,0,1,55,3374,3345,30882,3500,3255,32165,0x07
2026-09-06T17:47:38.222-03:00,133,0,1,55,3374,3345,30882,3500,3255,32165,0x07
2026-09-06T17:47:38.245-03:00,134,0,1,55,3374,3345,30882,3500,3255,32165,0x07
2026-09-06T17:47:38.266-03:00,135,0,1,51,3374,3275,31184,3500,3176,32497,0x07
2026-09-06T17:47:38.284-03:00,136,0,1,51,3374,3275,31184,3500,3176,32497,0x07
2026-09-06T17:47:38.304-03:00,137,0,1,54,3374,3278,31170,3500,3111,32775,0x07
2026-09-06T17:47:38.324-03:00,138,0,1,54,3374,3278,31170,3500,3111,32775,0x07
2026-09-06T17:47:38.341-03:00,139,0,1,54,3374,3278,31170,3500,3111,32775,0x07
2026-09-06T17:47:38.365-03:00,140,0,1,58,3374,3328,30958,3500,3069,32954,0x07
2026-09-06T17:47:38.386-03:00,141,0,1,58,3374,3328,30958,3500,3069,32954,0x07
2026-09-06T17:47:38.401-03:00,142,0,1,58,3374,3328,30958,3500,3069,32954,0x07
2026-09-06T17:47:38.425-03:00,143,0,1,51,3374,3333,30934,3500,3137,32664,0x07
2026-09-06T17:47:38.443-03:00,144,0,1,51,3374,3333,30934,3500,3137,32664,0x07
2026-09-06T17:47:38.466-03:00,145,0,1,51,3374,3333,30934,3500,3137,32664,0x07
2026-09-06T17:47:38.485-03:00,146,0,1,54,3374,3222,31406,3500,3093,32853,0x07
2026-09-06T17:47:38.502-03:00,147,0,1,54,3374,3222,31406,3500,3093,32853,0x07
2026-09-06T17:47:38.522-03:00,148,0,1,58,3374,3397,30665,3500,3121,32734,0x07
2026-09-06T17:47:38.545-03:00,149,0,1,58,3374,3397,30665,3500,3121,32734,0x07
2026-09-06T17:47:38.563-03:00,150,0,1,58,3374,3397,30665,3500,3121,32734,0x07
2026-09-06T17:47:38.586-03:00,151,0,1,54,3374,3370,30776,3500,3167,32539,0x07
2026-09-06T17:47:38.604-03:00,152,0,1,54,3374,3370,30776,3500,3167,32539,0x07
2026-09-06T17:47:38.622-03:00,153,0,1,54,3374,3370,30776,3500,3167,32539,0x07
2026-09-06T17:47:38.646-03:00,154,0,1,51,3374,3255,31267,3500,3137,32664,0x07
2026-09-06T17:47:38.666-03:00,155,0,1,51,3374,3255,31267,3500,3137,32664,0x07
2026-09-06T17:47:38.706-03:00,156,0,1,50,3374,3260,31246,3500,3120,32737,0x07
2026-09-06T17:47:38.706-03:00,157,0,1,50,3374,3260,31246,3500,3120,32737,0x07
2026-09-06T17:47:38.726-03:00,158,0,1,50,3374,3260,31246,3500,3120,32737,0x07
2026-09-06T17:47:38.744-03:00,159,0,1,50,3374,3320,30990,3500,3100,32822,0x07
2026-09-06T17:47:38.762-03:00,160,0,1,50,3374,3320,30990,3500,3100,32822,0x07
2026-09-06T17:47:38.786-03:00,161,0,1,54,3374,3389,30698,3500,3241,32224,0x07
2026-09-06T17:47:38.804-03:00,162,0,1,54,3374,3389,30698,3500,3241,32224,0x07
2026-09-06T17:47:38.822-03:00,163,0,1,54,3374,3389,30698,3500,3241,32224,0x07
2026-09-06T17:47:38.846-03:00,164,0,1,51,3374,3333,30934,3500,3157,32580,0x07
2026-09-06T17:47:38.864-03:00,165,0,1,51,3374,3333,30934,3500,3157,32580,0x07
2026-09-06T17:47:38.882-03:00,166,0,1,51,3374,3333,30934,3500,3157,32580,0x07
2026-09-06T17:47:38.903-03:00,167,0,1,55,3374,3291,31114,3500,3200,32397,0x07
2026-09-06T17:47:38.925-03:00,168,0,1,55,3374,3291,31114,3500,3200,32397,0x07
2026-09-06T17:47:38.946-03:00,169,0,1,50,3374,3380,30736,3500,3200,32397,0x07
2026-09-06T17:47:38.965-03:00,170,0,1,50,3374,3380,30736,3500,3200,32397,0x07
2026-09-06T17:47:38.983-03:00,171,0,1,50,3374,3380,30736,3500,3200,32397,0x07
2026-09-06T17:47:39.006-03:00,172,0,1,50,3374,3280,31160,3500,3260,32142,0x07
2026-09-06T17:47:39.024-03:00,173,0,1,50,3374,3280,31160,3500,3260,32142,0x07
2026-09-06T17:47:39.044-03:00,174,0,1,59,3374,3390,30694,3500,3407,31518,0x07
2026-09-06T17:47:39.062-03:00,175,0,1,59,3374,3390,30694,3500,3407,31518,0x07
2026-09-06T17:47:39.086-03:00,176,0,1,59,3374,3390,30694,3500,3407,31518,0x07
2026-09-06T17:47:39.104-03:00,177,0,1,52,3374,3308,31043,3500,3212,32348,0x07
2026-09-06T17:47:39.122-03:00,178,0,1,52,3374,3308,31043,3500,3212,32348,0x07
2026-09-06T17:47:39.145-03:00,179,0,1,52,3374,3308,31043,3500,3212,32348,0x07
2026-09-06T17:47:39.163-03:00,180,0,1,52,3374,3231,31370,3500,3058,33002,0x07
2026-09-06T17:47:39.183-03:00,181,0,1,52,3374,3231,31370,3500,3058,33002,0x07
2026-09-06T17:47:39.202-03:00,182,0,1,50,3374,3360,30820,3500,3080,32907,0x07
2026-09-06T17:47:39.225-03:00,183,0,1,50,3374,3360,30820,3500,3080,32907,0x07
2026-09-06T17:47:39.243-03:00,184,0,1,50,3374,3360,30820,3500,3080,32907,0x07
2026-09-06T17:47:39.263-03:00,185,0,1,56,3374,3321,30984,3500,3000,33247,0x07
2026-09-06T17:47:39.286-03:00,186,0,1,56,3374,3321,30984,3500,3000,33247,0x07
2026-09-06T17:47:39.306-03:00,187,0,1,56,3374,3321,30984,3500,3000,33247,0x07
2026-09-06T17:47:39.324-03:00,188,0,1,51,3374,2627,33934,3500,2627,34830,0x07
2026-09-06T17:47:39.344-03:00,189,0,1,51,3374,2627,33934,3500,2627,34830,0x07
2026-09-06T17:47:39.362-03:00,190,0,1,53,3374,3038,32190,3500,2887,33728,0x07
2026-09-06T17:47:39.383-03:00,191,0,1,53,3374,3038,32190,3500,2887,33728,0x07
2026-09-06T17:47:39.405-03:00,192,0,1,53,3374,3038,32190,3500,2887,33728,0x07
2026-09-06T17:47:39.424-03:00,193,0,1,57,3374,3491,30263,3500,3088,32874,0x07
2026-09-06T17:47:39.444-03:00,194,0,1,57,3374,3491,30263,3500,3088,32874,0x07
2026-09-06T17:47:39.462-03:00,195,0,1,57,3374,3491,30263,3500,3088,32874,0x07
2026-09-06T17:47:39.482-03:00,196,0,1,52,3374,3404,30634,3500,3269,32103,0x07
2026-09-06T17:47:39.503-03:00,197,0,1,52,3374,3404,30634,3500,3269,32103,0x07
2026-09-06T17:47:39.526-03:00,198,0,1,52,3374,3404,30634,3500,3269,32103,0x07
2026-09-06T17:47:39.544-03:00,199,0,1,56,3374,3250,31288,3500,3393,31577,0x07
2026-09-06T17:47:39.562-03:00,200,0,1,56,3374,3250,31288,3500,3393,31577,0x07
2026-09-06T17:47:39.584-03:00,201,0,1,56,3374,3357,30833,3500,3179,32488,0x07
2026-09-06T17:47:39.604-03:00,202,0,1,56,3374,3357,30833,3500,3179,32488,0x07
2026-09-06T17:47:39.622-03:00,203,0,1,56,3374,3357,30833,3500,3179,32488,0x07
2026-09-06T17:47:39.646-03:00,204,0,1,58,3374,3190,31544,3500,2552,35152,0x07
2026-09-06T17:47:39.666-03:00,205,0,1,58,3374,3190,31544,3500,2552,35152,0x07
2026-09-06T17:47:39.684-03:00,206,0,1,58,3374,3190,31544,3500,2552,35152,0x07
2026-09-06T17:47:39.702-03:00,207,0,1,51,3374,3020,32267,3500,2784,34164,0x07
2026-09-06T17:47:39.725-03:00,208,0,1,51,3374,3020,32267,3500,2784,34164,0x07
2026-09-06T17:47:39.743-03:00,209,0,1,50,3374,3040,32180,3500,2980,33332,0x07
2026-09-06T17:47:39.762-03:00,210,0,1,50,3374,3040,32180,3500,2980,33332,0x07
2026-09-06T17:47:39.785-03:00,211,0,1,50,3374,3040,32180,3500,2980,33332,0x07
2026-09-06T17:47:39.803-03:00,212,0,1,57,3374,2614,33991,3500,2789,34142,0x07
2026-09-06T17:47:39.824-03:00,213,0,1,57,3374,2614,33991,3500,2789,34142,0x07
2026-09-06T17:47:39.842-03:00,214,0,1,57,3374,2614,33991,3500,2789,34142,0x07
2026-09-06T17:47:39.863-03:00,215,0,1,50,3374,2520,34390,3500,2500,35372,0x07
2026-09-06T17:47:39.886-03:00,216,0,1,50,3374,2520,34390,3500,2500,35372,0x07
2026-09-06T17:47:39.905-03:00,217,0,1,51,3374,3000,32364,3500,2804,34080,0x07
2026-09-06T17:47:39.923-03:00,218,0,1,51,3374,3000,32364,3500,2804,34080,0x07
2026-09-06T17:47:39.941-03:00,219,0,1,51,3374,3000,32364,3500,2804,34080,0x07
2026-09-06T17:47:39.965-03:00,220,0,1,51,3374,3196,31545,3500,3059,32997,0x07
2026-09-06T17:47:39.984-03:00,221,0,1,51,3374,3196,31545,3500,3059,32997,0x07
2026-09-06T17:47:40.004-03:00,222,0,1,51,3374,3196,31545,3500,3059,32997,0x07
2026-09-06T17:47:40.025-03:00,223,0,1,55,3374,2909,32780,3500,2582,35024,0x07
2026-09-06T17:47:40.045-03:00,224,0,1,55,3374,2909,32780,3500,2582,35024,0x07
2026-09-06T17:47:40.062-03:00,225,0,1,56,3374,3089,32028,3500,2821,34006,0x07
2026-09-06T17:47:40.084-03:00,226,0,1,56,3374,3089,32028,3500,2821,34006,0x07
2026-09-06T17:47:40.103-03:00,227,0,1,56,3374,3089,32028,3500,2821,34006,0x07
2026-09-06T17:47:40.125-03:00,228,0,1,57,3374,3211,31528,3500,3140,32651,0x07
2026-09-06T17:47:40.142-03:00,229,0,1,57,3374,3211,31528,3500,3140,32651,0x07
2026-09-06T17:47:40.165-03:00,230,0,1,57,3374,3211,31528,3500,3140,32651,0x07
2026-09-06T17:47:40.185-03:00,231,0,1,50,3374,3020,32352,3500,3020,33162,0x07
2026-09-06T17:47:40.203-03:00,232,0,1,50,3374,3020,32352,3500,3020,33162,0x07
2026-09-06T17:47:40.223-03:00,233,0,1,56,3374,3125,31920,3500,3036,33095,0x07
2026-09-06T17:47:40.244-03:00,234,0,1,56,3374,3125,31920,3500,3036,33095,0x07
2026-09-06T17:47:40.266-03:00,235,0,1,56,3374,3125,31920,3500,3036,33095,0x07
2026-09-06T17:47:40.284-03:00,236,0,1,56,3374,3214,31555,3500,3304,31957,0x07
2026-09-06T17:47:40.304-03:00,237,0,1,56,3374,3214,31555,3500,3304,31957,0x07
2026-09-06T17:47:40.322-03:00,238,0,1,56,3374,3214,31555,3500,3304,31957,0x07
2026-09-06T17:47:40.342-03:00,239,0,1,50,3374,2740,33586,3500,3160,32567,0x07
2026-09-06T17:47:40.363-03:00,240,0,1,50,3374,2740,33586,3500,3160,32567,0x07
2026-09-06T17:47:40.382-03:00,241,0,1,50,3374,2740,33586,3500,3160,32567,0x07
2026-09-06T17:47:40.405-03:00,242,0,1,54,3374,2759,33519,3500,2537,35215,0x07
2026-09-06T17:47:40.422-03:00,243,0,1,54,3374,2759,33519,3500,2537,35215,0x07
2026-09-06T17:47:40.445-03:00,244,0,1,54,3374,3241,31488,3500,2352,36002,0x07
2026-09-06T17:47:40.463-03:00,245,0,1,54,3374,3241,31488,3500,2352,36002,0x07
2026-09-06T17:47:40.486-03:00,246,0,1,54,3374,3241,31488,3500,2352,36002,0x07
2026-09-06T17:47:40.505-03:00,247,0,1,54,3374,3296,31266,3500,2500,35410,0x07
2026-09-06T17:47:40.523-03:00,248,0,1,54,3374,3296,31266,3500,2500,35410,0x07
2026-09-06T17:47:40.545-03:00,249,0,1,51,3374,3039,32375,3500,2706,34572,0x07
2026-09-06T17:47:40.565-03:00,250,0,1,51,3374,3039,32375,3500,2706,34572,0x07
2026-09-06T17:47:40.585-03:00,251,0,1,51,3374,3039,32375,3500,2706,34572,0x07
2026-09-06T17:47:40.604-03:00,252,0,1,58,3374,3155,31897,3500,2897,33799,0x07
2026-09-06T17:47:40.624-03:00,253,0,1,58,3374,3155,31897,3500,2897,33799,0x07
2026-09-06T17:47:40.645-03:00,254,0,1,58,3374,3155,31897,3500,2897,33799,0x07
2026-09-06T17:47:40.666-03:00,255,0,1,58,3374,3224,31618,3500,2793,34275,0x07
2026-09-06T17:47:40.686-03:00,256,0,1,58,3374,3224,31618,3500,2793,34275,0x07
2026-09-06T17:47:40.704-03:00,257,0,1,58,3374,3224,31618,3500,2793,34275,0x07
2026-09-06T17:47:40.723-03:00,258,0,1,51,3374,3078,32253,3500,2765,34433,0x07
2026-09-06T17:47:40.745-03:00,259,0,1,51,3374,3078,32253,3500,2765,34433,0x07
2026-09-06T17:47:40.763-03:00,260,0,1,51,3374,2980,32685,3500,2706,34720,0x07
2026-09-06T17:47:40.782-03:00,261,0,1,51,3374,2980,32685,3500,2706,34720,0x07
2026-09-06T17:47:40.806-03:00,262,0,1,51,3374,2980,32685,3500,2706,34720,0x07
2026-09-06T17:47:40.824-03:00,263,0,1,50,3374,3160,31936,3500,2780,34442,0x07
2026-09-06T17:47:40.842-03:00,264,0,1,50,3374,3160,31936,3500,2780,34442,0x07
2026-09-06T17:47:40.865-03:00,265,0,1,50,3374,3120,32122,3500,2780,34479,0x07
2026-09-06T17:47:40.883-03:00,266,0,1,50,3374,3120,32122,3500,2780,34479,0x07
2026-09-06T17:47:40.901-03:00,267,0,1,50,3374,3120,32122,3500,2780,34479,0x07
2026-09-06T17:47:40.922-03:00,268,0,1,50,3374,3020,32562,3500,2840,34261,0x07
2026-09-06T17:47:40.942-03:00,269,0,1,50,3374,3020,32562,3500,2840,34261,0x07
2026-09-06T17:47:40.962-03:00,270,0,1,50,3374,3020,32562,3500,2840,34261,0x07
2026-09-06T17:47:40.985-03:00,271,0,1,52,3374,3115,32172,3500,2750,34680,0x07
2026-09-06T17:47:41.004-03:00,272,0,1,52,3374,3115,32172,3500,2750,34680,0x07
2026-09-06T17:47:41.024-03:00,273,0,1,55,3374,3273,31518,3500,2691,34970,0x07
2026-09-06T17:47:41.042-03:00,274,0,1,55,3374,3273,31518,3500,2691,34970,0x07
2026-09-06T17:47:41.066-03:00,275,0,1,55,3374,3273,31518,3500,2691,34970,0x07
2026-09-06T17:47:41.083-03:00,276,0,1,51,3374,3373,31109,3500,2765,34693,0x07
2026-09-06T17:47:41.102-03:00,277,0,1,51,3374,3373,31109,3500,2765,34693,0x07
2026-09-06T17:47:41.125-03:00,278,0,1,56,3374,3161,32024,3500,2821,34489,0x07
2026-09-06T17:47:41.145-03:00,279,0,1,56,3374,3161,32024,3500,2821,34489,0x07
2026-09-06T17:47:41.162-03:00,280,0,1,56,3374,3161,32024,3500,2821,34489,0x07
2026-09-06T17:47:41.186-03:00,281,0,1,56,3374,3161,32024,3500,2786,34678,0x07
2026-09-06T17:47:41.203-03:00,282,0,1,56,3374,3161,32024,3500,2786,34678,0x07
2026-09-06T17:47:41.244-03:00,283,0,1,56,3374,3161,32024,3500,2786,34678,0x07
2026-09-06T17:47:41.263-03:00,284,0,1,51,3374,3275,31541,3500,2784,34722,0x07
2026-09-06T17:47:41.326-03:00,285,0,1,51,3374,3275,31541,3500,2784,34722,0x07
2026-09-06T17:47:41.365-03:00,286,0,1,50,3374,3220,31772,3500,2820,34607,0x07
2026-09-06T17:47:41.404-03:00,287,0,1,51,3374,3157,32041,3500,2784,34797,0x07
2026-09-06T17:47:41.465-03:00,289,0,1,51,3374,3157,32041,3500,2784,34797,0x07
2026-09-06T17:47:41.481-03:00,290,0,1,50,3374,3080,32368,3500,2620,35534,0x07
2026-09-06T17:47:41.504-03:00,292,0,1,56,3374,3143,32100,3500,2696,35287,0x07
2026-09-06T17:47:41.524-03:00,294,0,1,56,3374,3143,32100,3500,2696,35287,0x07
2026-09-06T17:47:41.746-03:00,297,0,1,58,3374,3224,31755,3500,2879,34548,0x07
2026-09-06T17:47:41.746-03:00,299,0,1,58,3374,3224,31755,3500,2879,34548,0x07
2026-09-06T17:47:41.785-03:00,300,0,1,58,3374,3224,31755,3500,2879,34548,0x07
2026-09-06T17:47:41.821-03:00,302,0,1,50,0,0,31118,0,0,32029,0x07
2026-09-06T17:47:41.866-03:00,303,0,1,50,3374,660,40000,3500,540,40000,0x07
2026-09-06T17:47:41.925-03:00,313,0,1,51,3374,2745,33791,3500,2353,36904,0x07
2026-09-06T17:47:42.005-03:00,314,0,1,51,3374,2745,33791,3500,2353,36904,0x07
2026-09-06T17:47:42.082-03:00,316,0,1,56,3374,3018,32632,3500,3179,33395,0x07
2026-09-06T17:47:42.105-03:00,318,0,1,52,3374,2923,33034,3500,3096,33745,0x07
2026-09-06T17:47:42.125-03:00,320,0,1,52,3374,2923,33034,3500,3096,33745,0x07
2026-09-06T17:47:42.125-03:00,322,0,1,52,3374,3154,32054,3500,2962,34317,0x07
2026-09-06T17:47:42.142-03:00,326,0,1,52,3374,3154,32054,3500,2962,34317,0x07
2026-09-06T17:47:42.264-03:00,330,0,1,52,3374,3154,32054,3500,2962,34317,0x07
2026-09-06T17:47:42.264-03:00,331,0,1,55,3374,2982,32785,3500,3091,33768,0x07
2026-09-06T17:47:42.343-03:00,332,0,1,50,3374,3040,32538,3500,2960,34324,0x07
2026-09-06T17:47:42.365-03:00,333,0,1,50,3374,3040,32538,3500,2960,34324,0x07
2026-09-06T17:47:42.405-03:00,334,0,1,56,3374,3107,32252,3500,2946,34382,0x07
2026-09-06T17:47:42.406-03:00,339,0,1,56,3374,3036,32556,3500,3054,33926,0x07
2026-09-06T17:47:42.426-03:00,340,0,1,56,3374,3036,32556,3500,3054,33926,0x07
2026-09-06T17:47:42.466-03:00,343,0,1,51,3374,3059,32458,3500,3176,33404,0x07
2026-09-06T17:47:42.503-03:00,344,0,1,51,3374,3059,32458,3500,3176,33404,0x07
2026-09-06T17:47:42.525-03:00,346,0,1,50,3374,3160,32028,3500,3080,33814,0x07
2026-09-06T17:47:42.581-03:00,347,0,1,50,3374,3160,32028,3500,3080,33814,0x07
2026-09-06T17:47:42.606-03:00,348,0,1,52,3374,3038,32544,3500,3038,33991,0x07
2026-09-06T17:47:42.642-03:00,349,0,1,51,3374,3059,32458,3500,3059,33904,0x07
2026-09-06T17:47:42.642-03:00,352,0,1,51,3374,3059,32458,3500,3059,33904,0x07
2026-09-06T17:47:42.665-03:00,353,0,1,50,3374,3100,32282,3500,3160,33474,0x07
2026-09-06T17:47:42.702-03:00,355,0,1,50,3374,3100,32282,3500,3160,33474,0x07
2026-09-06T17:47:42.726-03:00,356,0,1,50,3374,3140,32112,3500,3080,33814,0x07
2026-09-06T17:47:42.744-03:00,358,0,1,50,3374,3000,32708,3500,3040,33984,0x07
2026-09-06T17:47:42.764-03:00,359,0,1,50,3374,3000,32708,3500,3040,33984,0x07
2026-09-06T17:47:42.784-03:00,360,0,1,50,3374,3000,32708,3500,3040,33984,0x07
2026-09-06T17:47:42.802-03:00,362,0,1,52,3374,3077,32381,3500,3096,33745,0x07
2026-09-06T17:47:42.825-03:00,363,0,1,52,3374,3077,32381,3500,3096,33745,0x07
2026-09-06T17:47:42.843-03:00,364,0,1,52,3374,3077,32381,3500,3096,33745,0x07
2026-09-06T17:47:42.866-03:00,365,0,1,55,3374,3182,31935,3500,3109,33690,0x07
2026-09-06T17:47:42.885-03:00,366,0,1,55,3374,3182,31935,3500,3109,33690,0x07
2026-09-06T17:47:42.923-03:00,367,0,1,54,3374,3111,32235,3500,3111,33682,0x07
2026-09-06T17:47:42.942-03:00,368,0,1,54,3374,3111,32235,3500,3111,33682,0x07
2026-09-06T17:47:42.964-03:00,369,0,1,50,3374,3040,32538,3500,3100,33729,0x07
2026-09-06T17:47:42.986-03:00,370,0,1,50,3374,3040,32538,3500,3100,33729,0x07
2026-09-06T17:47:43.004-03:00,371,0,1,50,3374,3040,32538,3500,3100,33729,0x07
2026-09-06T17:47:43.026-03:00,373,0,1,54,3374,3056,32471,3500,2963,34311,0x07
2026-09-06T17:47:43.064-03:00,374,0,1,54,3374,3056,32471,3500,2963,34311,0x07
2026-09-06T17:47:43.064-03:00,375,0,1,50,3374,3140,32112,3500,3100,33729,0x07
2026-09-06T17:47:43.103-03:00,376,0,1,50,3374,3140,32112,3500,3100,33729,0x07
2026-09-06T17:47:43.123-03:00,377,0,1,50,3374,3140,32112,3500,3100,33729,0x07
2026-09-06T17:47:43.143-03:00,378,0,1,55,3374,3018,32630,3500,3073,33845,0x07
2026-09-06T17:47:43.185-03:00,379,0,1,52,3374,3038,32544,3500,2904,34563,0x07
2026-09-06T17:47:43.264-03:00,380,0,1,52,3374,3038,32544,3500,2904,34563,0x07
2026-09-06T17:47:43.264-03:00,382,0,1,51,3374,3137,32124,3500,2980,34237,0x07
2026-09-06T17:47:43.285-03:00,383,0,1,51,3374,3137,32124,3500,2980,34237,0x07
2026-09-06T17:47:43.304-03:00,384,0,1,50,3374,3140,32112,3500,3080,33814,0x07
2026-09-06T17:47:43.344-03:00,386,0,1,58,3374,3000,32708,3500,3017,34081,0x07
2026-09-06T17:47:43.344-03:00,389,0,1,58,3374,3000,32708,3500,3017,34081,0x07
2026-09-06T17:47:43.385-03:00,390,0,1,52,3374,3115,32217,3500,2923,34481,0x07
2026-09-06T17:47:43.424-03:00,391,0,1,52,3374,3115,32217,3500,2923,34481,0x07
2026-09-06T17:47:43.444-03:00,392,0,1,52,3374,3115,32217,3500,2923,34481,0x07
2026-09-06T17:47:43.484-03:00,393,0,1,51,3374,3235,31708,3500,3039,33987,0x07
2026-09-06T17:47:43.484-03:00,394,0,1,64,3374,3109,32243,3500,3203,33291,0x07
2026-09-06T17:47:43.502-03:00,396,0,1,64,3374,3109,32243,3500,3203,33291,0x07
2026-09-06T17:47:43.525-03:00,397,0,1,64,3374,3109,32243,3500,3203,33291,0x07
2026-09-06T17:47:43.542-03:00,399,0,1,53,3374,3113,32226,3500,3075,33833,0x07
2026-09-06T17:47:43.585-03:00,400,0,1,53,3374,3113,32226,3500,3075,33833,0x07
2026-09-06T17:47:43.586-03:00,401,0,1,53,3374,3113,32226,3500,3075,33833,0x07
2026-09-06T17:47:43.602-03:00,402,0,1,52,3374,3135,32135,3500,3058,33909,0x07
2026-09-06T17:47:43.625-03:00,403,0,1,52,3374,3135,32135,3500,3058,33909,0x07
2026-09-06T17:47:43.643-03:00,404,0,1,53,3374,3189,31906,3500,3208,33272,0x07
2026-09-06T17:47:43.706-03:00,405,0,1,53,3374,3189,31906,3500,3208,33272,0x07
2026-09-06T17:47:43.722-03:00,406,0,1,53,3374,3189,31906,3500,3208,33272,0x07
2026-09-06T17:47:43.743-03:00,407,0,1,51,3374,3176,31958,3500,3255,33071,0x07
2026-09-06T17:47:43.766-03:00,408,0,1,51,3374,3176,31958,3500,3255,33071,0x07
2026-09-06T17:47:43.782-03:00,409,0,1,54,3374,3204,31842,3500,3130,33603,0x07
2026-09-06T17:47:43.806-03:00,411,0,1,50,3374,3200,31858,3500,3100,33729,0x07
2026-09-06T17:47:43.824-03:00,412,0,1,50,3374,3200,31858,3500,3100,33729,0x07
2026-09-06T17:47:43.844-03:00,414,0,1,50,3374,3200,31858,3500,3100,33729,0x07
2026-09-06T17:47:43.866-03:00,415,0,1,51,3374,3059,32458,3500,3196,33321,0x07
2026-09-06T17:47:43.904-03:00,416,0,1,51,3374,3059,32458,3500,3196,33321,0x07
2026-09-06T17:47:43.904-03:00,417,0,1,50,3374,2960,32878,3500,3160,33474,0x07
2026-09-06T17:47:43.923-03:00,418,0,1,50,3374,2960,32878,3500,3160,33474,0x07
2026-09-06T17:47:43.946-03:00,419,0,1,50,3374,2960,32878,3500,3160,33474,0x07
2026-09-06T17:47:43.963-03:00,420,0,1,50,3374,3020,32622,3500,3120,33644,0x07
2026-09-06T17:47:43.986-03:00,421,0,1,50,3374,3020,32622,3500,3120,33644,0x07
2026-09-06T17:47:44.004-03:00,422,0,1,51,3374,2863,33291,3500,3059,33904,0x07
2026-09-06T17:47:44.021-03:00,423,0,1,51,3374,2863,33291,3500,3059,33904,0x07
2026-09-06T17:47:44.045-03:00,424,0,1,51,3374,2863,33291,3500,3059,33904,0x07
2026-09-06T17:47:44.085-03:00,425,0,1,51,3374,2804,33541,3500,3000,34154,0x07
2026-09-06T17:47:44.085-03:00,426,0,1,51,3374,2804,33541,3500,3000,34154,0x07
2026-09-06T17:47:44.102-03:00,427,0,1,51,3374,2804,33541,3500,3000,34154,0x07
2026-09-06T17:47:44.125-03:00,428,0,1,55,3374,2964,32862,3500,3018,34077,0x07
2026-09-06T17:47:44.142-03:00,429,0,1,55,3374,2964,32862,3500,3018,34077,0x07
2026-09-06T17:47:44.165-03:00,430,0,1,51,3374,3078,32374,3500,3059,33904,0x07
2026-09-06T17:47:44.183-03:00,431,0,1,51,3374,3078,32374,3500,3059,33904,0x07
2026-09-06T17:47:44.205-03:00,432,0,1,51,3374,3078,32374,3500,3059,33904,0x07
2026-09-06T17:47:44.222-03:00,433,0,1,50,3374,3020,32622,3500,3120,33644,0x07
2026-09-06T17:47:44.243-03:00,434,0,1,50,3374,3020,32622,3500,3120,33644,0x07
2026-09-06T17:47:44.266-03:00,435,0,1,53,3374,2906,33108,3500,3019,34074,0x07
2026-09-06T17:47:44.284-03:00,436,0,1,53,3374,2906,33108,3500,3019,34074,0x07
2026-09-06T17:47:44.302-03:00,437,0,1,53,3374,2906,33108,3500,3019,34074,0x07
2026-09-06T17:47:44.325-03:00,438,0,1,50,3374,3020,32622,3500,3120,33644,0x07
2026-09-06T17:47:44.343-03:00,439,0,1,50,3374,3020,32622,3500,3120,33644,0x07
2026-09-06T17:47:44.361-03:00,440,0,1,50,3374,3020,32622,3500,3120,33644,0x07
2026-09-06T17:47:44.405-03:00,441,0,1,54,3374,3148,32078,3500,3148,33524,0x07
2026-09-06T17:47:44.423-03:00,442,0,1,54,3374,3148,32078,3500,3148,33524,0x07
2026-09-06T17:47:44.446-03:00,443,0,1,52,3374,2962,32871,3500,3058,33909,0x07
2026-09-06T17:47:44.464-03:00,444,0,1,52,3374,2962,32871,3500,3058,33909,0x07
2026-09-06T17:47:44.484-03:00,445,0,1,51,3374,3020,32624,3500,2922,34487,0x07
2026-09-06T17:47:44.506-03:00,447,0,1,51,3374,3020,32624,3500,2922,34487,0x07
2026-09-06T17:47:44.523-03:00,448,0,1,51,3374,3078,32374,3500,2510,36237,0x07
2026-09-06T17:47:44.541-03:00,449,0,1,51,3374,3078,32374,3500,2510,36237,0x07
2026-09-06T17:47:44.565-03:00,450,0,1,51,3374,3078,32374,3500,2510,36237,0x07
2026-09-06T17:47:44.583-03:00,451,0,1,51,3374,3137,32124,3500,2490,36321,0x07
2026-09-06T17:47:44.604-03:00,452,0,1,51,3374,3137,32124,3500,2490,36321,0x07
2026-09-06T17:47:44.622-03:00,453,0,1,50,3374,2960,32878,3500,2480,36364,0x07
2026-09-06T17:47:44.646-03:00,454,0,1,50,3374,2960,32878,3500,2480,36364,0x07
2026-09-06T17:47:44.664-03:00,455,0,1,50,3374,2960,32878,3500,2480,36364,0x07
2026-09-06T17:47:44.682-03:00,456,0,1,58,3374,3069,32414,3500,2483,36352,0x07
2026-09-06T17:47:44.703-03:00,457,0,1,58,3374,3069,32414,3500,2483,36352,0x07
2026-09-06T17:47:44.726-03:00,458,0,1,58,3374,3069,32414,3500,2483,36352,0x07
2026-09-06T17:47:44.744-03:00,459,0,1,51,3374,3176,31958,3500,2412,36654,0x07
2026-09-06T17:47:44.762-03:00,460,0,1,51,3374,3176,31958,3500,2412,36654,0x07
2026-09-06T17:47:44.784-03:00,461,0,1,53,3374,2943,32948,3500,2585,35918,0x07
2026-09-06T17:47:44.802-03:00,462,0,1,53,3374,2943,32948,3500,2585,35918,0x07
2026-09-06T17:47:44.826-03:00,463,0,1,53,3374,2943,32948,3500,2585,35918,0x07
2026-09-06T17:47:44.844-03:00,464,0,1,57,3374,3053,32484,3500,2807,34974,0x07
2026-09-06T17:47:44.862-03:00,465,0,1,57,3374,3053,32484,3500,2807,34974,0x07
2026-09-06T17:47:44.885-03:00,466,0,1,57,3374,3053,32484,3500,2807,34974,0x07
2026-09-06T17:47:44.903-03:00,467,0,1,50,3374,3100,32282,3500,2840,34834,0x07
2026-09-06T17:47:44.921-03:00,468,0,1,50,3374,3100,32282,3500,2840,34834,0x07
2026-09-06T17:47:44.941-03:00,469,0,1,56,3374,3071,32404,3500,2482,36355,0x07
2026-09-06T17:47:44.965-03:00,470,0,1,56,3374,3071,32404,3500,2482,36355,0x07
2026-09-06T17:47:44.983-03:00,471,0,1,56,3374,3071,32404,3500,2482,36355,0x07
2026-09-06T17:47:45.006-03:00,472,0,1,51,3374,2824,33458,3500,2353,36904,0x07
2026-09-06T17:47:45.026-03:00,473,0,1,51,3374,2824,33458,3500,2353,36904,0x07
2026-09-06T17:47:45.044-03:00,474,0,1,51,3374,2824,33458,3500,2353,36904,0x07
2026-09-06T17:47:45.065-03:00,475,0,1,51,3374,3020,32624,3500,2686,35487,0x07
2026-09-06T17:47:45.083-03:00,476,0,1,51,3374,3020,32624,3500,2686,35487,0x07
2026-09-06T17:47:45.101-03:00,477,0,1,53,3374,3038,32547,3500,2623,35758,0x07
2026-09-06T17:47:45.121-03:00,478,0,1,53,3374,3038,32547,3500,2623,35758,0x07
2026-09-06T17:47:45.145-03:00,479,0,1,53,3374,3038,32547,3500,2623,35758,0x07
2026-09-06T17:47:45.162-03:00,480,0,1,56,3374,2946,32935,3500,2446,36507,0x07
2026-09-06T17:47:45.184-03:00,481,0,1,56,3374,2946,32935,3500,2446,36507,0x07
2026-09-06T17:47:45.203-03:00,482,0,1,56,3374,2946,32935,3500,2446,36507,0x07
2026-09-06T17:47:45.226-03:00,483,0,1,52,3374,2981,32789,3500,2327,37015,0x07
2026-09-06T17:47:45.244-03:00,484,0,1,52,3374,2981,32789,3500,2327,37015,0x07
2026-09-06T17:47:45.262-03:00,485,0,1,51,3374,2941,32958,3500,2529,36154,0x07
2026-09-06T17:47:45.282-03:00,486,0,1,51,3374,2941,32958,3500,2529,36154,0x07
2026-09-06T17:47:45.305-03:00,487,0,1,51,3374,2941,32958,3500,2529,36154,0x07
2026-09-06T17:47:45.324-03:00,488,0,1,58,3374,3103,32268,3500,2931,34447,0x07
2026-09-06T17:47:45.342-03:00,489,0,1,58,3374,3103,32268,3500,2931,34447,0x07
2026-09-06T17:47:45.366-03:00,490,0,1,58,3374,3103,32268,3500,2931,34447,0x07
2026-09-06T17:47:45.384-03:00,491,0,1,51,3374,2961,32874,3500,2902,34571,0x07
2026-09-06T17:47:45.402-03:00,492,0,1,51,3374,2961,32874,3500,2902,34571,0x07
2026-09-06T17:47:45.426-03:00,493,0,1,53,3374,3000,32708,3500,2642,35678,0x07
2026-09-06T17:47:45.443-03:00,494,0,1,53,3374,3000,32708,3500,2642,35678,0x07
2026-09-06T17:47:45.466-03:00,495,0,1,53,3374,3000,32708,3500,2642,35678,0x07
2026-09-06T17:47:45.483-03:00,496,0,1,50,3374,3080,32368,3500,2720,35344,0x07
2026-09-06T17:47:45.524-03:00,497,0,1,50,3374,3080,32368,3500,2720,35344,0x07
2026-09-06T17:47:45.568-03:00,498,0,1,50,3374,2980,32792,3500,2980,34239,0x07
2026-09-06T17:47:45.609-03:00,499,0,1,50,3374,2980,32792,3500,2980,34239,0x07
2026-09-06T17:47:45.650-03:00,500,0,1,58,3374,2948,32927,3500,2966,34301,0x07
2026-09-06T17:47:45.695-03:00,501,0,1,58,0,0,0,0,0,0,0x03
