timestamp,sequence,team,robot_id,interval_ms,left_target_eps,left_measured_eps,left_duty,right_target_eps,right_measured_eps,right_duty,flags
2026-09-06T16:32:08.566,202,0,2,50,0,0,0,0,0,0,0x03
2026-09-06T16:32:08.631,203,0,2,51,0,0,0,0,0,0,0x03
2026-09-06T16:32:08.696,204,0,2,51,0,0,0,0,0,0,0x03
2026-09-06T16:32:08.761,0,0,2,52,0,0,0,0,0,0,0x03
2026-09-06T16:32:08.826,1,0,2,50,0,0,0,0,0,0,0x03
2026-09-06T16:32:08.891,2,0,2,50,0,0,0,0,0,0,0x03
2026-09-06T16:32:08.972,3,0,2,50,0,0,0,0,0,0,0x03
2026-09-06T16:32:09.037,4,0,2,50,0,0,0,0,0,0,0x03
2026-09-06T16:32:09.102,5,0,2,50,0,0,0,0,0,0,0x03
2026-09-06T16:32:09.166,6,0,2,51,0,0,0,0,0,0,0x03
2026-09-06T16:32:09.231,7,0,2,51,0,0,0,0,0,0,0x03
2026-09-06T16:32:09.296,8,0,2,50,0,0,0,0,0,0,0x03
2026-09-06T16:32:09.360,9,0,2,50,0,0,0,0,0,0,0x03
2026-09-06T16:32:09.425,10,0,2,51,0,0,0,0,0,0,0x03
2026-09-06T16:32:09.506,11,0,2,51,0,0,0,0,0,0,0x03
2026-09-06T16:32:09.571,12,0,2,51,0,0,0,0,0,0,0x03
2026-09-06T16:32:09.636,13,0,2,52,0,0,0,0,0,0,0x03
2026-09-06T16:32:09.701,14,0,2,51,0,0,0,0,0,0,0x03
2026-09-06T16:32:09.766,15,0,2,50,0,0,0,0,0,0,0x03
2026-09-06T16:32:09.831,16,0,2,50,0,0,0,0,0,0,0x03
2026-09-06T16:32:09.912,17,0,2,50,0,0,0,0,0,0,0x03
2026-09-06T16:32:09.961,18,0,2,50,0,0,0,0,0,0,0x03
2026-09-06T16:32:10.043,19,0,2,51,0,0,0,0,0,0,0x03
2026-09-06T16:32:10.108,20,0,2,52,0,0,0,0,0,0,0x03
2026-09-06T16:32:10.173,21,0,2,50,0,0,0,0,0,0,0x03
2026-09-06T16:32:10.239,22,0,2,51,0,0,0,0,0,0,0x03
2026-09-06T16:32:10.304,23,0,2,50,0,0,0,0,0,0,0x03
2026-09-06T16:32:10.368,24,0,2,52,0,0,0,0,0,0,0x03
2026-09-06T16:32:10.433,25,0,2,50,0,0,0,0,0,0,0x03
2026-09-06T16:32:10.498,26,0,2,52,0,0,0,0,0,0,0x03
2026-09-06T16:32:10.580,27,0,2,51,0,0,0,0,0,0,0x03
2026-09-06T16:32:10.645,28,0,2,52,0,0,0,0,0,0,0x03
2026-09-06T16:32:10.710,29,0,2,50,0,0,0,0,0,0,0x03
2026-09-06T16:32:10.775,30,0,2,50,0,0,0,0,0,0,0x03
2026-09-06T16:32:10.840,31,0,2,50,0,0,0,0,0,0,0x03
2026-09-06T16:32:10.905,32,0,2,50,0,0,0,0,0,0,0x03
2026-09-06T16:32:10.970,33,0,2,50,0,0,0,0,0,0,0x03
2026-09-06T16:32:11.035,34,0,2,52,0,0,11010,0,0,20908,0x07
2026-09-06T16:32:11.100,35,0,2,50,1139,80,15510,0,0,6434,0x07
2026-09-06T16:32:11.182,36,0,2,50,888,200,12015,278,0,5144,0x07
2026-09-06T16:32:11.247,37,0,2,51,888,275,11698,278,0,5144,0x07
2026-09-06T16:32:11.312,38,0,2,50,558,260,7839,0,0,6874,0x07
2026-09-06T16:32:11.377,39,0,2,51,1811,333,22431,0,0,4190,0x07
2026-09-06T16:32:11.442,40,0,2,50,877,520,10530,308,0,5498,0x07
2026-09-06T16:32:11.507,41,0,2,52,932,577,10934,425,0,6886,0x07
2026-09-06T16:32:11.572,42,0,2,52,61,577,577,2621,0,32982,0x07
2026-09-06T16:32:11.637,43,0,2,52,657,462,8162,1358,0,17976,0x07
2026-09-06T16:32:11.718,44,0,2,51,425,667,4534,1309,0,17390,0x07
2026-09-06T16:32:11.783,45,0,2,50,373,60,6490,1363,0,18034,0x07
2026-09-06T16:32:11.848,46,0,2,50,296,0,5827,1443,0,18986,0x07
2026-09-06T16:32:11.913,47,0,2,51,281,20,5571,1458,0,19165,0x07
2026-09-06T16:32:11.978,48,0,2,50,264,0,5449,1476,0,19377,0x07
2026-09-06T16:32:12.043,49,0,2,50,284,0,5682,1456,0,19137,0x07
2026-09-06T16:32:12.108,50,0,2,51,273,0,5550,1467,0,19274,0x07
2026-09-06T16:32:12.173,51,0,2,51,277,0,5601,1463,0,19219,0x07
2026-09-06T16:32:12.238,52,0,2,54,294,0,5802,1446,0,19015,0x07
2026-09-06T16:32:12.320,53,0,2,51,294,0,5802,1446,0,19015,0x07
2026-09-06T16:32:12.385,54,0,2,50,303,0,5911,1436,0,18899,0x07
2026-09-06T16:32:12.450,55,0,2,52,312,0,6023,1426,0,18783,0x07
2026-09-06T16:32:12.515,56,0,2,51,327,0,6195,1411,0,18608,0x07
2026-09-06T16:32:12.580,57,0,2,52,316,0,6071,1422,0,18733,0x07
2026-09-06T16:32:12.645,58,0,2,50,310,0,5990,1429,0,18816,0x07
2026-09-06T16:32:12.775,59,0,2,50,310,0,5990,1429,0,18816,0x07
2026-09-06T16:32:12.840,60,0,2,52,315,0,6055,1423,0,18754,0x07
2026-09-06T16:32:12.922,61,0,2,50,311,0,6007,1427,0,18799,0x07
2026-09-06T16:32:12.987,62,0,2,50,305,0,5939,1433,0,18870,0x07
2026-09-06T16:32:13.052,64,0,2,53,309,0,5982,1429,0,18824,0x07
2026-09-06T16:32:13.117,65,0,2,51,309,0,5982,1429,0,18824,0x07
2026-09-06T16:32:13.182,66,0,2,52,309,0,5982,1429,0,18824,0x07
2026-09-06T16:32:13.247,67,0,2,52,309,0,5982,1429,0,18824,0x07
2026-09-06T16:32:13.312,68,0,2,55,309,0,5982,1429,0,18824,0x07
2026-09-06T16:32:13.377,69,0,2,51,309,0,5982,1429,0,18824,0x07
2026-09-06T16:32:13.458,70,0,2,50,309,0,5982,1429,0,18824,0x07
2026-09-06T16:32:13.523,71,0,2,51,331,0,6239,1407,0,18562,0x07
2026-09-06T16:32:13.588,72,0,2,50,310,0,5990,1429,0,18816,0x07
2026-09-06T16:32:13.653,73,0,2,51,308,0,5975,1430,0,18833,0x07
2026-09-06T16:32:13.717,74,0,2,51,308,0,5970,1430,0,18836,0x07
2026-09-06T16:32:13.782,75,0,2,51,308,0,5970,1430,0,18836,0x07
2026-09-06T16:32:13.848,76,0,2,50,308,0,5970,1430,0,18836,0x07
2026-09-06T16:32:13.913,77,0,2,50,308,0,5975,1430,0,18833,0x07
2026-09-06T16:32:13.994,78,0,2,50,308,0,5975,1430,0,18833,0x07
2026-09-06T16:32:14.059,79,0,2,51,314,0,6046,1424,0,18758,0x07
2026-09-06T16:32:14.124,80,0,2,56,330,0,6236,1407,0,18562,0x07
2026-09-06T16:32:14.189,81,0,2,51,330,0,6236,1407,0,18562,0x07
2026-09-06T16:32:14.254,82,0,2,50,310,0,5990,1429,0,18820,0x07
2026-09-06T16:32:14.318,83,0,2,50,330,0,6231,1408,0,18567,0x07
2026-09-06T16:32:14.383,84,0,2,54,304,0,5919,1435,0,18891,0x07
2026-09-06T16:32:14.449,85,0,2,51,304,0,5919,1435,0,18891,0x07
2026-09-06T16:32:14.530,86,0,2,50,328,0,6211,1409,0,18587,0x07
2026-09-06T16:32:14.595,87,0,2,51,313,0,6035,1425,0,18771,0x07
2026-09-06T16:32:14.660,88,0,2,50,325,0,6167,1413,0,18633,0x07
2026-09-06T16:32:14.726,89,0,2,51,307,0,5962,1431,0,18845,0x07
2026-09-06T16:32:14.791,90,0,2,55,306,0,5951,1432,0,18858,0x07
2026-09-06T16:32:14.856,91,0,2,52,306,0,5951,1432,0,18858,0x07
2026-09-06T16:32:14.922,92,0,2,51,328,0,6211,1409,0,18587,0x07
2026-09-06T16:32:14.987,93,0,2,50,308,0,5967,1431,0,18841,0x07
2026-09-06T16:32:15.053,94,0,2,55,308,0,5967,1431,0,18841,0x07
2026-09-06T16:32:15.118,95,0,2,51,308,0,5967,1431,0,18841,0x07
2026-09-06T16:32:15.199,96,0,2,52,307,0,5954,1432,0,18853,0x07
2026-09-06T16:32:15.265,97,0,2,50,312,0,6023,1426,0,18783,0x07
2026-09-06T16:32:15.330,98,0,2,50,303,0,5914,1435,0,18895,0x07
2026-09-06T16:32:15.395,99,0,2,51,307,0,5962,1431,0,18845,0x07
2026-09-06T16:32:15.460,100,0,2,52,308,0,5975,1430,0,18833,0x07
2026-09-06T16:32:15.509,101,0,2,51,308,0,5975,1430,0,18833,0x07
2026-09-06T16:32:15.514,102,0,2,52,309,0,5979,1430,0,18828,0x07
