timestamp,sequence,team,robot_id,interval_ms,left_target_eps,left_measured_eps,left_duty,right_target_eps,right_measured_eps,right_duty,flags
2026-09-06T20:31:10.270,65535,0,2,50,0,0,0,0,0,0,0x0b
2026-09-06T20:31:10.339,65535,0,2,51,0,0,0,0,0,0,0x0b
2026-09-06T20:31:10.404,65535,0,2,52,0,0,0,0,0,0,0x0b
2026-09-06T20:31:10.469,65535,0,2,50,0,0,0,0,0,0,0x0b
2026-09-06T20:31:10.534,65535,0,2,50,0,0,0,0,0,0,0x0b
2026-09-06T20:31:10.600,65535,0,2,51,0,0,0,0,0,0,0x0b
2026-09-06T20:31:10.665,65535,0,2,50,0,0,0,0,0,0,0x0b
2026-09-06T20:31:10.730,65535,0,2,50,0,0,0,0,0,0,0x0b
2026-09-06T20:31:10.796,65535,0,2,50,0,0,0,0,0,0,0x0b
2026-09-06T20:31:10.876,65535,0,2,50,0,0,0,0,0,0,0x0b
2026-09-06T20:31:10.941,65535,0,2,50,0,0,0,0,0,0,0x0b
2026-09-06T20:31:11.006,65535,0,2,51,0,0,0,0,0,0,0x0b
2026-09-06T20:31:11.072,65535,0,2,51,0,0,0,0,0,0,0x0b
2026-09-06T20:31:11.137,65535,0,2,50,0,0,0,0,0,0,0x0b
2026-09-06T20:31:11.203,65535,0,2,52,0,0,0,0,0,0,0x0b
2026-09-06T20:31:11.267,65535,0,2,52,0,0,0,0,0,0,0x0b
2026-09-06T20:31:11.332,65535,0,2,51,0,0,0,0,0,0,0x0b
2026-09-06T20:31:11.413,65535,0,2,50,0,0,0,0,0,0,0x0b
2026-09-06T20:31:11.463,65535,0,2,52,0,0,0,0,0,0,0x0b
2026-09-06T20:31:11.544,65535,0,2,50,0,0,0,0,0,0,0x0b
2026-09-06T20:31:11.609,65535,0,2,50,0,0,0,0,0,0,0x0b
2026-09-06T20:31:11.675,65535,0,2,51,0,0,0,0,0,0,0x0b
2026-09-06T20:31:11.740,65535,0,2,52,0,0,0,0,0,0,0x0b
2026-09-06T20:31:11.805,65535,0,2,50,0,0,0,0,0,0,0x0b
2026-09-06T20:31:11.870,65535,0,2,51,0,0,0,0,0,0,0x0b
2026-09-06T20:31:11.935,65535,0,2,51,0,0,0,0,0,0,0x0b
2026-09-06T20:31:12.000,65535,0,2,50,0,0,0,0,0,0,0x0b
2026-09-06T20:31:12.080,65535,0,2,52,0,0,0,0,0,0,0x0b
2026-09-06T20:31:12.145,65535,0,2,50,0,0,0,0,0,0,0x0b
2026-09-06T20:31:12.210,65535,0,2,50,0,0,0,0,0,0,0x0b
2026-09-06T20:31:12.275,65535,0,2,50,0,0,0,0,0,0,0x0b
2026-09-06T20:31:12.339,65535,0,2,51,0,0,0,0,0,0,0x0b
2026-09-06T20:31:12.404,65535,0,2,50,0,0,0,0,0,0,0x0b
2026-09-06T20:31:12.485,65535,0,2,51,0,0,0,0,0,0,0x0b
2026-09-06T20:31:12.550,65535,0,2,50,0,0,0,0,0,0,0x0b
2026-09-06T20:31:12.615,65535,0,2,52,0,0,0,0,0,0,0x0b
2026-09-06T20:31:12.680,65535,0,2,51,0,0,0,0,0,0,0x0b
2026-09-06T20:31:12.745,65535,0,2,52,0,0,0,0,0,0,0x0b
2026-09-06T20:31:12.809,65535,0,2,52,0,0,0,0,0,0,0x0b
2026-09-06T20:31:12.874,65535,0,2,50,0,0,0,0,0,0,0x0b
2026-09-06T20:31:12.939,65535,0,2,52,0,0,0,0,0,0,0x0b
2026-09-06T20:31:13.021,65535,0,2,51,0,0,0,0,0,0,0x0b
2026-09-06T20:31:13.086,65535,0,2,52,0,0,0,0,0,0,0x0b
2026-09-06T20:31:13.151,65535,0,2,52,0,0,0,0,0,0,0x0b
2026-09-06T20:31:13.216,65535,0,2,50,0,0,0,0,0,0,0x0b
2026-09-06T20:31:13.281,65535,0,2,50,0,0,0,0,0,0,0x0b
2026-09-06T20:31:13.346,65535,0,2,50,0,0,0,0,0,0,0x0b
2026-09-06T20:31:13.411,65535,0,2,51,0,0,0,0,0,0,0x0b
2026-09-06T20:31:13.476,65535,0,2,52,0,0,0,0,0,0,0x0b
2026-09-06T20:31:13.541,65535,0,2,51,0,0,0,0,0,0,0x0b
2026-09-06T20:31:13.622,65535,0,2,52,0,0,0,0,0,0,0x0b
2026-09-06T20:31:13.687,65535,0,2,51,0,0,0,0,0,0,0x0b
2026-09-06T20:31:13.752,65535,0,2,52,0,0,0,0,0,0,0x0b
2026-09-06T20:31:13.817,65535,0,2,50,0,0,0,0,0,0,0x0b
2026-09-06T20:31:13.882,65535,0,2,52,0,0,0,0,0,0,0x0b
2026-09-06T20:31:13.947,65535,0,2,51,0,0,0,0,0,0,0x0b
2026-09-06T20:31:14.012,65535,0,2,51,0,0,0,0,0,0,0x0b
2026-09-06T20:31:14.077,65535,0,2,52,0,0,0,0,0,0,0x0b
2026-09-06T20:31:14.158,65535,0,2,51,0,0,0,0,0,0,0x0b
2026-09-06T20:31:14.224,65535,0,2,51,0,0,0,0,0,0,0x0b
2026-09-06T20:31:14.288,65535,0,2,51,0,0,0,0,0,0,0x0b
2026-09-06T20:31:14.353,65535,0,2,50,0,0,0,0,0,0,0x0b
2026-09-06T20:31:14.417,65535,0,2,51,0,0,0,0,0,0,0x0b
2026-09-06T20:31:14.482,65535,0,2,52,0,0,0,0,0,0,0x0b
2026-09-06T20:31:14.547,65535,0,2,52,0,0,0,0,0,0,0x0b
2026-09-06T20:31:14.612,65535,0,2,50,0,0,0,0,0,0,0x0b
2026-09-06T20:31:14.693,65535,0,2,51,0,0,0,0,0,0,0x0b
2026-09-06T20:31:14.758,65535,0,2,51,0,0,0,0,0,0,0x0b
2026-09-06T20:31:14.823,65535,0,2,51,0,0,0,0,0,0,0x0b
2026-09-06T20:31:14.888,65535,0,2,50,0,0,0,0,0,0,0x0b
2026-09-06T20:31:14.953,65535,0,2,52,0,0,0,0,0,0,0x0b
2026-09-06T20:31:15.018,65535,0,2,50,0,0,0,0,0,0,0x0b
2026-09-06T20:31:15.083,65535,0,2,52,0,0,0,0,0,0,0x0b
2026-09-06T20:31:15.147,65535,0,2,52,0,0,0,0,0,0,0x0b
2026-09-06T20:31:15.228,65535,0,2,50,0,0,0,0,0,0,0x0b
2026-09-06T20:31:15.293,65535,0,2,50,0,0,0,0,0,0,0x0b
2026-09-06T20:31:15.357,65535,0,2,50,0,0,0,0,0,0,0x0b
2026-09-06T20:31:15.422,65535,0,2,50,0,0,0,0,0,0,0x0b
2026-09-06T20:31:15.487,65535,0,2,51,0,0,0,0,0,0,0x0b
2026-09-06T20:31:15.552,65535,0,2,50,0,0,0,0,0,0,0x0b
2026-09-06T20:31:15.617,65535,0,2,52,0,0,0,0,0,0,0x0b
2026-09-06T20:31:15.698,65535,0,2,51,0,0,0,0,0,0,0x0b
2026-09-06T20:31:15.763,65535,0,2,52,0,0,0,0,0,0,0x0b
2026-09-06T20:31:15.828,65535,0,2,50,0,0,0,0,0,0,0x0b
2026-09-06T20:31:15.893,65535,0,2,52,0,0,0,0,0,0,0x0b
2026-09-06T20:31:15.958,65535,0,2,51,0,0,0,0,0,0,0x0b
2026-09-06T20:31:16.023,65535,0,2,52,0,0,0,0,0,0,0x0b
2026-09-06T20:31:16.089,65535,0,2,50,0,0,0,0,0,0,0x0b
2026-09-06T20:31:16.154,65535,0,2,50,0,0,0,0,0,0,0x0b
2026-09-06T20:31:16.219,65535,0,2,51,0,0,0,0,0,0,0x0b
2026-09-06T20:31:16.299,65535,0,2,53,0,0,0,0,0,0,0x0b
2026-09-06T20:31:16.364,65535,0,2,51,0,0,0,0,0,0,0x0b
2026-09-06T20:31:16.429,65535,0,2,51,0,0,0,0,0,0,0x0b
2026-09-06T20:31:16.495,65535,0,2,52,0,0,0,0,0,0,0x0b
2026-09-06T20:31:16.560,65535,0,2,50,0,0,0,0,0,0,0x0b
2026-09-06T20:31:16.625,65535,0,2,51,0,0,0,0,0,0,0x0b
2026-09-06T20:31:16.689,65535,0,2,51,0,0,0,0,0,0,0x0b
2026-09-06T20:31:16.770,65535,0,2,50,0,0,0,0,0,0,0x0b
2026-09-06T20:31:16.835,65535,0,2,52,0,0,0,0,0,0,0x0b
2026-09-06T20:31:16.900,65535,0,2,52,0,0,0,0,0,0,0x0b
2026-09-06T20:31:16.965,65535,0,2,52,0,0,0,0,0,0,0x0b
2026-09-06T20:31:17.029,65535,0,2,52,0,0,0,0,0,0,0x0b
2026-09-06T20:31:17.095,65535,0,2,50,0,0,0,0,0,0,0x0b
2026-09-06T20:31:17.159,65535,0,2,50,0,0,0,0,0,0,0x0b
2026-09-06T20:31:17.225,65535,0,2,52,0,0,0,0,0,0,0x0b
2026-09-06T20:31:17.306,65535,0,2,51,0,0,0,0,0,0,0x0b
2026-09-06T20:31:17.371,65535,0,2,51,0,0,0,0,0,0,0x0b
2026-09-06T20:31:17.437,65535,0,2,52,0,0,0,0,0,0,0x0b
2026-09-06T20:31:17.502,65535,0,2,52,0,0,0,0,0,0,0x0b
2026-09-06T20:31:17.567,65535,0,2,52,0,0,0,0,0,0,0x0b
2026-09-06T20:31:17.632,65535,0,2,51,0,0,0,0,0,0,0x0b
2026-09-06T20:31:17.697,65535,0,2,52,0,0,0,0,0,0,0x0b
2026-09-06T20:31:17.762,65535,0,2,51,0,0,0,0,0,0,0x0b
2026-09-06T20:31:17.828,65535,0,2,51,0,0,0,0,0,0,0x0b
2026-09-06T20:31:17.909,65535,0,2,52,0,0,0,0,0,0,0x0b
2026-09-06T20:31:17.973,65535,0,2,51,0,0,0,0,0,0,0x0b
2026-09-06T20:31:18.038,65535,0,2,50,0,0,0,0,0,0,0x0b
2026-09-06T20:31:18.103,65535,0,2,50,0,0,0,0,0,0,0x0b
2026-09-06T20:31:18.168,65535,0,2,52,0,0,0,0,0,0,0x0b
2026-09-06T20:31:18.233,65535,0,2,52,0,0,0,0,0,0,0x0b
2026-09-06T20:31:18.297,65535,0,2,51,0,0,0,0,0,0,0x0b
2026-09-06T20:31:18.378,65535,0,2,52,0,0,0,0,0,0,0x0b
2026-09-06T20:31:18.427,65535,0,2,50,0,0,0,0,0,0,0x0b
2026-09-06T20:31:18.509,65535,0,2,51,0,0,0,0,0,0,0x0b
2026-09-06T20:31:18.572,65535,0,2,52,0,0,0,0,0,0,0x0b
2026-09-06T20:31:18.637,65535,0,2,52,0,0,0,0,0,0,0x0b
2026-09-06T20:31:18.702,65535,0,2,50,0,0,0,0,0,0,0x0b
2026-09-06T20:31:18.767,65535,0,2,50,0,0,0,0,0,0,0x0b
2026-09-06T20:31:18.832,65535,0,2,51,0,0,0,0,0,0,0x0b
2026-09-06T20:31:18.913,65535,0,2,50,0,0,0,0,0,0,0x0b
2026-09-06T20:31:18.978,65535,0,2,51,0,0,0,0,0,0,0x0b
2026-09-06T20:31:19.043,65535,0,2,52,0,0,0,0,0,0,0x0b
2026-09-06T20:31:19.108,65535,0,2,51,0,0,0,0,0,0,0x0b
2026-09-06T20:31:19.173,65535,0,2,51,0,0,0,0,0,0,0x0b
2026-09-06T20:31:19.239,65535,0,2,50,0,0,0,0,0,0,0x0b
2026-09-06T20:31:19.304,65535,0,2,52,0,0,0,0,0,0,0x0b
2026-09-06T20:31:19.369,65535,0,2,50,0,0,0,0,0,0,0x0b
2026-09-06T20:31:19.434,65535,0,2,52,0,0,0,0,0,0,0x0b
2026-09-06T20:31:19.500,65535,0,2,52,0,0,0,0,0,0,0x0b
2026-09-06T20:31:19.580,65535,0,2,51,0,0,0,0,0,0,0x0b
2026-09-06T20:31:19.645,65535,0,2,52,0,0,0,0,0,0,0x0b
2026-09-06T20:31:19.710,65535,0,2,51,0,0,0,0,0,0,0x0b
2026-09-06T20:31:19.776,65535,0,2,50,0,0,0,0,0,0,0x0b
2026-09-06T20:31:19.840,65535,0,2,50,0,0,0,0,0,0,0x0b
2026-09-06T20:31:19.906,65535,0,2,52,0,0,0,0,0,0,0x0b
2026-09-06T20:31:19.971,65535,0,2,52,0,0,0,0,0,0,0x0b
2026-09-06T20:31:20.036,65535,0,2,52,0,0,0,0,0,0,0x0b
2026-09-06T20:31:20.117,65535,0,2,50,0,0,0,0,0,0,0x0b
2026-09-06T20:31:20.182,65535,0,2,50,0,0,0,0,0,0,0x0b
2026-09-06T20:31:20.247,65535,0,2,50,0,0,0,0,0,0,0x0b
2026-09-06T20:31:20.312,65535,0,2,51,0,0,0,0,0,0,0x0b
2026-09-06T20:31:20.377,65535,0,2,50,0,0,0,0,0,0,0x0b
2026-09-06T20:31:20.442,65535,0,2,52,0,0,0,0,0,0,0x0b
2026-09-06T20:31:20.507,65535,0,2,52,0,0,0,0,0,0,0x0b
2026-09-06T20:31:20.572,65535,0,2,50,0,0,0,0,0,0,0x0b
2026-09-06T20:31:20.653,65535,0,2,51,0,0,0,0,0,0,0x0b
2026-09-06T20:31:20.718,65535,0,2,50,0,0,0,0,0,0,0x0b
2026-09-06T20:31:20.784,65535,0,2,50,0,0,0,0,0,0,0x0b
2026-09-06T20:31:20.849,65535,0,2,50,0,0,0,0,0,0,0x0b
2026-09-06T20:31:20.914,65535,0,2,50,0,0,0,0,0,0,0x0b
2026-09-06T20:31:20.979,65535,0,2,50,0,0,0,0,0,0,0x0b
2026-09-06T20:31:21.045,65535,0,2,50,0,0,0,0,0,0,0x0b
2026-09-06T20:31:21.110,65535,0,2,51,0,0,0,0,0,0,0x0b
2026-09-06T20:31:21.175,65535,0,2,51,0,0,0,0,0,0,0x0b
2026-09-06T20:31:21.256,65535,0,2,50,0,0,0,0,0,0,0x0b
2026-09-06T20:31:21.320,65535,0,2,51,0,0,0,0,0,0,0x0b
2026-09-06T20:31:21.386,65535,0,2,50,0,0,0,0,0,0,0x0b
2026-09-06T20:31:21.451,65535,0,2,50,0,0,0,0,0,0,0x0b
2026-09-06T20:31:21.516,65535,0,2,51,0,0,0,0,0,0,0x0b
2026-09-06T20:31:21.581,65535,0,2,51,0,0,0,0,0,0,0x0b
2026-09-06T20:31:21.646,65535,0,2,50,0,0,0,0,0,0,0x0b
2026-09-06T20:31:21.710,65535,0,2,50,0,0,0,0,0,0,0x0b
2026-09-06T20:31:21.775,65535,0,2,50,0,0,0,0,0,0,0x0b
2026-09-06T20:31:21.857,65535,0,2,52,0,0,0,0,0,0,0x0b
2026-09-06T20:31:21.922,65535,0,2,52,0,0,0,0,0,0,0x0b
2026-09-06T20:31:21.986,65535,0,2,51,0,0,0,0,0,0,0x0b
2026-09-06T20:31:22.052,65535,0,2,50,0,0,0,0,0,0,0x0b
2026-09-06T20:31:22.117,65535,0,2,52,0,0,0,0,0,0,0x0b
2026-09-06T20:31:22.182,65535,0,2,50,0,0,0,0,0,0,0x0b
2026-09-06T20:31:22.247,65535,0,2,52,0,0,0,0,0,0,0x0b
2026-09-06T20:31:22.312,65535,0,2,50,0,0,0,0,0,0,0x0b
2026-09-06T20:31:22.394,65535,0,2,51,0,0,0,0,0,0,0x0b
2026-09-06T20:31:22.458,65535,0,2,52,0,0,0,0,0,0,0x0b
2026-09-06T20:31:22.523,65535,0,2,51,0,0,0,0,0,0,0x0b
2026-09-06T20:31:22.588,65535,0,2,52,0,0,0,0,0,0,0x0b
2026-09-06T20:31:22.653,65535,0,2,50,0,0,0,0,0,0,0x0b
2026-09-06T20:31:22.718,65535,0,2,51,0,0,0,0,0,0,0x0b
2026-09-06T20:31:22.783,65535,0,2,51,0,0,0,0,0,0,0x0b
2026-09-06T20:31:22.848,65535,0,2,50,0,0,0,0,0,0,0x0b
2026-09-06T20:31:22.929,65535,0,2,52,0,0,0,0,0,0,0x0b
2026-09-06T20:31:22.994,65535,0,2,51,0,0,0,0,0,0,0x0b
2026-09-06T20:31:23.059,65535,0,2,50,0,0,0,0,0,0,0x0b
2026-09-06T20:31:23.124,65535,0,2,52,0,0,0,0,0,0,0x0b
2026-09-06T20:31:23.188,65535,0,2,52,0,0,0,0,0,0,0x0b
2026-09-06T20:31:23.253,65535,0,2,51,0,0,0,0,0,0,0x0b
2026-09-06T20:31:23.318,65535,0,2,52,0,0,0,0,0,0,0x0b
2026-09-06T20:31:23.383,65535,0,2,52,0,0,0,0,0,0,0x0b
2026-09-06T20:31:23.464,65535,0,2,50,0,0,0,0,0,0,0x0b
2026-09-06T20:31:23.530,65535,0,2,52,0,0,0,0,0,0,0x0b
2026-09-06T20:31:23.595,65535,0,2,52,0,0,0,0,0,0,0x0b
2026-09-06T20:31:23.660,65535,0,2,50,0,0,0,0,0,0,0x0b
2026-09-06T20:31:23.725,65535,0,2,52,0,0,0,0,0,0,0x0b
2026-09-06T20:31:23.790,65535,0,2,51,0,0,0,0,0,0,0x0b
2026-09-06T20:31:23.855,65535,0,2,52,0,0,0,0,0,0,0x0b
2026-09-06T20:31:23.920,65535,0,2,52,0,0,0,0,0,0,0x0b
2026-09-06T20:31:24.000,65535,0,2,52,0,0,0,0,0,0,0x0b
2026-09-06T20:31:24.065,65535,0,2,50,0,0,0,0,0,0,0x0b
2026-09-06T20:31:24.130,65535,0,2,51,0,0,0,0,0,0,0x0b
2026-09-06T20:31:24.194,65535,0,2,50,0,0,0,0,0,0,0x0b
2026-09-06T20:31:24.259,65535,0,2,51,0,0,0,0,0,0,0x0b
2026-09-06T20:31:24.325,65535,0,2,51,0,0,0,0,0,0,0x0b
2026-09-06T20:31:24.390,65535,0,2,52,0,0,0,0,0,0,0x0b
2026-09-06T20:31:24.454,65535,0,2,52,0,0,0,0,0,0,0x0b
2026-09-06T20:31:24.535,65535,0,2,52,0,0,0,0,0,0,0x0b
2026-09-06T20:31:24.600,65535,0,2,52,0,0,0,0,0,0,0x0b
2026-09-06T20:31:24.665,65535,0,2,51,0,0,0,0,0,0,0x0b
2026-09-06T20:31:24.730,65535,0,2,50,0,0,0,0,0,0,0x0b
2026-09-06T20:31:24.795,65535,0,2,51,0,0,0,0,0,0,0x0b
2026-09-06T20:31:24.860,65535,0,2,50,0,0,0,0,0,0,0x0b
2026-09-06T20:31:24.926,65535,0,2,50,0,0,0,0,0,0,0x0b
2026-09-06T20:31:24.991,65535,0,2,51,0,0,0,0,0,0,0x0b
2026-09-06T20:31:25.072,65535,0,2,51,0,0,0,0,0,0,0x0b
2026-09-06T20:31:25.137,65535,0,2,53,0,0,0,0,0,0,0x0b
2026-09-06T20:31:25.202,65535,0,2,52,0,0,0,0,0,0,0x0b
2026-09-06T20:31:25.267,65535,0,2,51,0,0,0,0,0,0,0x0b
2026-09-06T20:31:25.332,65535,0,2,50,0,0,0,0,0,0,0x0b
2026-09-06T20:31:25.398,65535,0,2,52,0,0,0,0,0,0,0x0b
2026-09-06T20:31:25.463,65535,0,2,51,0,0,0,0,0,0,0x0b
2026-09-06T20:31:25.527,65535,0,2,52,0,0,0,0,0,0,0x0b
2026-09-06T20:31:25.608,65535,0,2,52,0,0,0,0,0,0,0x0b
2026-09-06T20:31:25.674,65535,0,2,51,0,0,0,0,0,0,0x0b
2026-09-06T20:31:25.739,65535,0,2,50,0,0,0,0,0,0,0x0b
2026-09-06T20:31:25.804,65535,0,2,50,0,0,0,0,0,0,0x0b
2026-09-06T20:31:25.869,65535,0,2,51,0,0,0,0,0,0,0x0b
2026-09-06T20:31:25.934,65535,0,2,50,0,0,0,0,0,0,0x0b
2026-09-06T20:31:25.999,65535,0,2,52,0,0,0,0,0,0,0x0b
2026-09-06T20:31:26.064,65535,0,2,51,0,0,0,0,0,0,0x0b
2026-09-06T20:31:26.145,65535,0,2,50,0,0,0,0,0,0,0x0b
2026-09-06T20:31:26.194,65535,0,2,52,0,0,0,0,0,0,0x0b
2026-09-06T20:31:26.275,65535,0,2,50,0,0,0,0,0,0,0x0b
2026-09-06T20:31:26.340,65535,0,2,50,0,0,0,0,0,0,0x0b
2026-09-06T20:31:26.405,65535,0,2,51,0,0,0,0,0,0,0x0b
2026-09-06T20:31:26.471,65535,0,2,51,0,0,0,0,0,0,0x0b
2026-09-06T20:31:26.536,65535,0,2,51,0,0,0,0,0,0,0x0b
2026-09-06T20:31:26.601,65535,0,2,52,0,0,0,0,0,0,0x0b
2026-09-06T20:31:26.666,65535,0,2,51,0,0,0,0,0,0,0x0b
2026-09-06T20:31:26.731,65535,0,2,52,0,0,0,0,0,0,0x0b
2026-09-06T20:31:26.813,65535,0,2,51,0,0,0,0,0,0,0x0b
2026-09-06T20:31:26.878,65535,0,2,52,0,0,0,0,0,0,0x0b
2026-09-06T20:31:26.943,65535,0,2,51,0,0,0,0,0,0,0x0b
2026-09-06T20:31:27.008,65535,0,2,50,0,0,0,0,0,0,0x0b
2026-09-06T20:31:27.073,65535,0,2,51,0,0,0,0,0,0,0x0b
2026-09-06T20:31:27.137,65535,0,2,50,0,0,0,0,0,0,0x0b
2026-09-06T20:31:27.202,65535,0,2,51,0,0,0,0,0,0,0x0b
2026-09-06T20:31:27.267,65535,0,2,50,0,0,0,0,0,0,0x0b
2026-09-06T20:31:27.348,65535,0,2,51,0,0,0,0,0,0,0x0b
2026-09-06T20:31:27.413,65535,0,2,52,0,0,0,0,0,0,0x0b
2026-09-06T20:31:27.477,65535,0,2,50,0,0,0,0,0,0,0x0b
2026-09-06T20:31:27.542,65535,0,2,50,0,0,0,0,0,0,0x0b
2026-09-06T20:31:27.607,65535,0,2,50,0,0,0,0,0,0,0x0b
2026-09-06T20:31:27.673,65535,0,2,53,0,0,0,0,0,0,0x0b
2026-09-06T20:31:27.737,65535,0,2,51,0,0,0,0,0,0,0x0b
2026-09-06T20:31:27.819,65535,0,2,52,0,0,0,0,0,0,0x0b
2026-09-06T20:31:27.884,65535,0,2,51,0,0,0,0,0,0,0x0b
2026-09-06T20:31:27.948,65535,0,2,50,0,0,0,0,0,0,0x0b
2026-09-06T20:31:28.013,65535,0,2,51,0,0,0,0,0,0,0x0b
2026-09-06T20:31:28.078,65535,0,2,50,0,0,0,0,0,0,0x0b
2026-09-06T20:31:28.143,65535,0,2,50,0,0,0,0,0,0,0x0b
2026-09-06T20:31:28.208,65535,0,2,51,0,0,0,0,0,0,0x0b
2026-09-06T20:31:28.273,65535,0,2,52,0,0,0,0,0,0,0x0b
2026-09-06T20:31:28.354,65535,0,2,52,0,0,0,0,0,0,0x0b
2026-09-06T20:31:28.420,65535,0,2,51,0,0,0,0,0,0,0x0b
2026-09-06T20:31:28.484,65535,0,2,51,0,0,0,0,0,0,0x0b
2026-09-06T20:31:28.549,65535,0,2,51,0,0,0,0,0,0,0x0b
2026-09-06T20:31:28.614,65535,0,2,51,0,0,0,0,0,0,0x0b
2026-09-06T20:31:28.679,65535,0,2,50,0,0,0,0,0,0,0x0b
2026-09-06T20:31:28.744,65535,0,2,50,0,0,0,0,0,0,0x0b
2026-09-06T20:31:28.809,65535,0,2,51,0,0,0,0,0,0,0x0b
2026-09-06T20:31:28.874,65535,0,2,50,0,0,0,0,0,0,0x0b
2026-09-06T20:31:28.956,65535,0,2,52,0,0,0,0,0,0,0x0b
2026-09-06T20:31:29.021,65535,0,2,51,0,0,0,0,0,0,0x0b
2026-09-06T20:31:29.086,65535,0,2,50,0,0,0,0,0,0,0x0b
2026-09-06T20:31:29.151,65535,0,2,51,0,0,0,0,0,0,0x0b
2026-09-06T20:31:29.216,65535,0,2,51,0,0,0,0,0,0,0x0b
2026-09-06T20:31:29.281,65535,0,2,51,0,0,0,0,0,0,0x0b
2026-09-06T20:31:29.346,65535,0,2,52,0,0,0,0,0,0,0x0b
2026-09-06T20:31:29.411,65535,0,2,52,0,0,0,0,0,0,0x0b
2026-09-06T20:31:29.493,65535,0,2,52,0,0,0,0,0,0,0x0b
2026-09-06T20:31:29.558,65535,0,2,51,0,0,0,0,0,0,0x0b
2026-09-06T20:31:29.623,65535,0,2,50,0,0,0,0,0,0,0x0b
2026-09-06T20:31:29.688,65535,0,2,51,0,0,0,0,0,0,0x0b
2026-09-06T20:31:29.754,65535,0,2,50,0,0,0,0,0,0,0x0b
2026-09-06T20:31:29.819,65535,0,2,51,0,0,0,0,0,0,0x0b
2026-09-06T20:31:29.884,65535,0,2,51,0,0,0,0,0,0,0x0b
2026-09-06T20:31:29.949,65535,0,2,50,0,0,0,0,0,0,0x0b
2026-09-06T20:31:30.014,65535,0,2,50,0,0,0,0,0,0,0x0b
2026-09-06T20:31:30.079,65535,0,2,52,0,0,0,0,0,0,0x0b
2026-09-06T20:31:30.160,65535,0,2,51,0,0,0,0,0,0,0x0b
2026-09-06T20:31:30.225,65535,0,2,51,0,0,0,0,0,0,0x0b
2026-09-06T20:31:30.290,65535,0,2,50,0,0,0,0,0,0,0x0b
2026-09-06T20:31:30.355,65535,0,2,51,0,0,0,0,0,0,0x0b
2026-09-06T20:31:30.420,65535,0,2,51,0,0,0,0,0,0,0x0b
2026-09-06T20:31:30.485,65535,0,2,50,0,0,0,0,0,0,0x0b
2026-09-06T20:31:30.550,65535,0,2,51,0,0,0,0,0,0,0x0b
2026-09-06T20:31:30.630,65535,0,2,50,0,0,0,0,0,0,0x0b
2026-09-06T20:31:30.695,65535,0,2,53,0,0,0,0,0,0,0x0b
2026-09-06T20:31:30.760,65535,0,2,51,0,0,0,0,0,0,0x0b
2026-09-06T20:31:30.825,65535,0,2,51,0,0,0,0,0,0,0x0b
2026-09-06T20:31:30.890,65535,0,2,51,0,0,0,0,0,0,0x0b
2026-09-06T20:31:30.955,65535,0,2,51,0,0,0,0,0,0,0x0b
2026-09-06T20:31:31.020,65535,0,2,52,0,0,0,0,0,0,0x0b
2026-09-06T20:31:31.085,65535,0,2,50,0,0,0,0,0,0,0x0b
2026-09-06T20:31:31.150,65535,0,2,50,0,0,0,0,0,0,0x0b
2026-09-06T20:31:31.231,65535,0,2,51,0,0,0,0,0,0,0x0b
2026-09-06T20:31:31.296,65535,0,2,52,0,0,0,0,0,0,0x0b
2026-09-06T20:31:31.361,65535,0,2,52,0,0,0,0,0,0,0x0b
2026-09-06T20:31:31.426,65535,0,2,52,0,0,0,0,0,0,0x0b
2026-09-06T20:31:31.491,65535,0,2,51,0,0,0,0,0,0,0x0b
2026-09-06T20:31:31.557,65535,0,2,50,0,0,0,0,0,0,0x0b
2026-09-06T20:31:31.622,65535,0,2,50,0,0,0,0,0,0,0x0b
2026-09-06T20:31:31.687,65535,0,2,52,0,0,0,0,0,0,0x0b
2026-09-06T20:31:31.768,65535,0,2,51,0,0,0,0,0,0,0x0b
2026-09-06T20:31:31.833,65535,0,2,52,0,0,0,0,0,0,0x0b
2026-09-06T20:31:31.898,65535,0,2,51,0,0,0,0,0,0,0x0b
2026-09-06T20:31:31.963,65535,0,2,50,0,0,0,0,0,0,0x0b
2026-09-06T20:31:32.028,65535,0,2,51,0,0,0,0,0,0,0x0b
2026-09-06T20:31:32.093,65535,0,2,51,0,0,0,0,0,0,0x0b
2026-09-06T20:31:32.158,65535,0,2,50,0,0,0,0,0,0,0x0b
2026-09-06T20:31:32.223,65535,0,2,50,0,0,0,0,0,0,0x0b
2026-09-06T20:31:32.303,65535,0,2,50,0,0,0,0,0,0,0x0b
2026-09-06T20:31:32.369,65535,0,2,51,0,0,0,0,0,0,0x0b
2026-09-06T20:31:32.434,65535,0,2,50,0,0,0,0,0,0,0x0b
2026-09-06T20:31:32.499,65535,0,2,51,0,0,0,0,0,0,0x0b
2026-09-06T20:31:32.564,65535,0,2,51,0,0,0,0,0,0,0x0b
2026-09-06T20:31:32.629,65535,0,2,52,0,0,0,0,0,0,0x0b
2026-09-06T20:31:32.694,65535,0,2,51,0,0,0,0,0,0,0x0b
2026-09-06T20:31:32.759,65535,0,2,50,0,0,0,0,0,0,0x0b
2026-09-06T20:31:32.840,65535,0,2,50,0,0,0,0,0,0,0x0b
2026-09-06T20:31:32.905,65535,0,2,51,0,0,0,0,0,0,0x0b
2026-09-06T20:31:32.970,65535,0,2,52,0,0,0,0,0,0,0x0b
2026-09-06T20:31:33.035,65535,0,2,50,0,0,0,0,0,0,0x0b
2026-09-06T20:31:33.100,65535,0,2,50,0,0,0,0,0,0,0x0b
2026-09-06T20:31:33.164,65535,0,2,51,0,0,0,0,0,0,0x0b
2026-09-06T20:31:33.229,65535,0,2,51,0,0,0,0,0,0,0x0b
2026-09-06T20:31:33.294,65535,0,2,50,0,0,0,0,0,0,0x0b
2026-09-06T20:31:33.359,65535,0,2,51,0,0,0,0,0,0,0x0b
2026-09-06T20:31:33.440,65535,0,2,52,0,0,0,0,0,0,0x0b
2026-09-06T20:31:33.505,65535,0,2,51,0,0,0,0,0,0,0x0b
2026-09-06T20:31:33.569,65535,0,2,51,0,0,0,0,0,0,0x0b
2026-09-06T20:31:33.634,65535,0,2,52,0,0,0,0,0,0,0x0b
2026-09-06T20:31:33.699,65535,0,2,50,0,0,0,0,0,0,0x0b
2026-09-06T20:31:33.764,65535,0,2,50,0,0,0,0,0,0,0x0b
2026-09-06T20:31:33.845,65535,0,2,50,0,0,0,0,0,0,0x0b
2026-09-06T20:31:33.910,65535,0,2,51,0,0,0,0,0,0,0x0b
2026-09-06T20:31:33.975,65535,0,2,51,0,0,0,0,0,0,0x0b
2026-09-06T20:31:34.040,65535,0,2,53,0,0,0,0,0,0,0x0b
2026-09-06T20:31:34.106,65535,0,2,51,0,0,0,0,0,0,0x0b
2026-09-06T20:31:34.170,65535,0,2,51,0,0,0,0,0,0,0x0b
2026-09-06T20:31:34.235,65535,0,2,51,0,0,0,0,0,0,0x0b
2026-09-06T20:31:34.300,65535,0,2,51,0,0,0,0,0,0,0x0b
2026-09-06T20:31:34.381,65535,0,2,50,0,0,0,0,0,0,0x0b
2026-09-06T20:31:34.430,65535,0,2,50,0,0,0,0,0,0,0x0b
2026-09-06T20:31:34.512,65535,0,2,50,0,0,0,0,0,0,0x0b
2026-09-06T20:31:34.577,65535,0,2,50,0,0,0,0,0,0,0x0b
2026-09-06T20:31:34.642,65535,0,2,51,0,0,0,0,0,0,0x0b
2026-09-06T20:31:34.707,65535,0,2,51,0,0,0,0,0,0,0x0b
2026-09-06T20:31:34.771,65535,0,2,50,0,0,0,0,0,0,0x0b
2026-09-06T20:31:34.836,65535,0,2,50,0,0,0,0,0,0,0x0b
2026-09-06T20:31:34.901,65535,0,2,54,0,0,0,0,0,0,0x0b
2026-09-06T20:31:34.966,65535,0,2,50,0,0,0,0,0,0,0x0b
2026-09-06T20:31:35.047,65535,0,2,52,0,0,0,0,0,0,0x0b
2026-09-06T20:31:35.113,65535,0,2,50,0,0,0,0,0,0,0x0b
2026-09-06T20:31:35.177,65535,0,2,50,0,0,0,0,0,0,0x0b
2026-09-06T20:31:35.241,65535,0,2,52,0,0,0,0,0,0,0x0b
2026-09-06T20:31:35.306,65535,0,2,52,0,0,0,0,0,0,0x0b
2026-09-06T20:31:35.371,65535,0,2,52,0,0,0,0,0,0,0x0b
2026-09-06T20:31:35.436,65535,0,2,51,0,0,0,0,0,0,0x0b
2026-09-06T20:31:35.518,65535,0,2,50,0,0,0,0,0,0,0x0b
2026-09-06T20:31:35.583,65535,0,2,54,0,0,0,0,0,0,0x0b
2026-09-06T20:31:35.648,65535,0,2,52,0,0,0,0,0,0,0x0b
2026-09-06T20:31:35.713,65535,0,2,51,0,0,0,0,0,0,0x0b
2026-09-06T20:31:35.778,65535,0,2,51,0,0,0,0,0,0,0x0b
2026-09-06T20:31:35.843,65535,0,2,52,0,0,0,0,0,0,0x0b
2026-09-06T20:31:35.909,65535,0,2,51,0,0,0,0,0,0,0x0b
2026-09-06T20:31:35.974,65535,0,2,51,0,0,0,0,0,0,0x0b
2026-09-06T20:31:36.038,65535,0,2,51,0,0,0,0,0,0,0x0b
2026-09-06T20:31:36.119,65535,0,2,51,0,0,0,0,0,0,0x0b
2026-09-06T20:31:36.184,65535,0,2,51,0,0,0,0,0,0,0x0b
2026-09-06T20:31:36.249,65535,0,2,52,0,0,0,0,0,0,0x0b
2026-09-06T20:31:36.314,65535,0,2,51,0,0,0,0,0,0,0x0b
2026-09-06T20:31:36.379,65535,0,2,50,0,0,0,0,0,0,0x0b
2026-09-06T20:31:36.443,65535,0,2,50,0,0,0,0,0,0,0x0b
2026-09-06T20:31:36.509,65535,0,2,52,0,0,0,0,0,0,0x0b
2026-09-06T20:31:36.589,65535,0,2,50,0,0,0,0,0,0,0x0b
2026-09-06T20:31:36.655,65535,0,2,50,0,0,0,0,0,0,0x0b
2026-09-06T20:31:36.719,65535,0,2,50,0,0,0,0,0,0,0x0b
2026-09-06T20:31:36.785,65535,0,2,51,0,0,0,0,0,0,0x0b
2026-09-06T20:31:36.849,65535,0,2,51,0,0,0,0,0,0,0x0b
2026-09-06T20:31:36.914,65535,0,2,52,0,0,0,0,0,0,0x0b
2026-09-06T20:31:36.979,65535,0,2,51,0,0,0,0,0,0,0x0b
2026-09-06T20:31:37.044,65535,0,2,50,0,0,0,0,0,0,0x0b
2026-09-06T20:31:37.125,65535,0,2,50,0,0,0,0,0,0,0x0b
2026-09-06T20:31:37.190,65535,0,2,51,0,0,0,0,0,0,0x0b
2026-09-06T20:31:37.255,65535,0,2,51,0,0,0,0,0,0,0x0b
2026-09-06T20:31:37.319,65535,0,2,50,0,0,0,0,0,0,0x0b
2026-09-06T20:31:37.384,65535,0,2,50,0,0,0,0,0,0,0x0b
2026-09-06T20:31:37.449,65535,0,2,50,0,0,0,0,0,0,0x0b
2026-09-06T20:31:37.514,65535,0,2,50,0,0,0,0,0,0,0x0b
2026-09-06T20:31:37.578,65535,0,2,52,0,0,0,0,0,0,0x0b
2026-09-06T20:31:37.659,65535,0,2,51,0,0,0,0,0,0,0x0b
2026-09-06T20:31:37.724,65535,0,2,52,0,0,0,0,0,0,0x0b
2026-09-06T20:31:37.789,65535,0,2,51,0,0,0,0,0,0,0x0b
2026-09-06T20:31:37.854,65535,0,2,50,0,0,0,0,0,0,0x0b
2026-09-06T20:31:37.919,65535,0,2,51,0,0,0,0,0,0,0x0b
2026-09-06T20:31:37.984,65535,0,2,51,0,0,0,0,0,0,0x0b
2026-09-06T20:31:38.049,65535,0,2,50,0,0,0,0,0,0,0x0b
2026-09-06T20:31:38.129,65535,0,2,52,0,0,0,0,0,0,0x0b
2026-09-06T20:31:38.194,65535,0,2,51,0,0,0,0,0,0,0x0b
2026-09-06T20:31:38.259,65535,0,2,51,0,0,0,0,0,0,0x0b
2026-09-06T20:31:38.324,65535,0,2,51,0,0,0,0,0,0,0x0b
2026-09-06T20:31:38.389,65535,0,2,50,0,0,0,0,0,0,0x0b
2026-09-06T20:31:38.455,65535,0,2,51,0,0,0,0,0,0,0x0b
2026-09-06T20:31:38.520,65535,0,2,51,0,0,0,0,0,0,0x0b
2026-09-06T20:31:38.586,65535,0,2,51,0,0,0,0,0,0,0x0b
2026-09-06T20:31:38.650,65535,0,2,52,0,0,0,0,0,0,0x0b
2026-09-06T20:31:38.731,65535,0,2,50,0,0,0,0,0,0,0x0b
2026-09-06T20:31:38.796,65535,0,2,50,0,0,0,0,0,0,0x0b
2026-09-06T20:31:38.861,65535,0,2,50,0,0,0,0,0,0,0x0b
2026-09-06T20:31:38.927,65535,0,2,51,0,0,0,0,0,0,0x0b
2026-09-06T20:31:38.992,65535,0,2,52,0,0,0,0,0,0,0x0b
2026-09-06T20:31:39.057,65535,0,2,50,0,0,0,0,0,0,0x0b
2026-09-06T20:31:39.122,65535,0,2,52,0,0,0,0,0,0,0x0b
2026-09-06T20:31:39.187,65535,0,2,50,0,0,0,0,0,0,0x0b
2026-09-06T20:31:39.269,65535,0,2,52,0,0,0,0,0,0,0x0b
2026-09-06T20:31:39.333,65535,0,2,51,0,0,0,0,0,0,0x0b
2026-09-06T20:31:39.398,65535,0,2,50,0,0,0,0,0,0,0x0b
2026-09-06T20:31:39.464,65535,0,2,51,0,0,0,0,0,0,0x0b
2026-09-06T20:31:39.529,65535,0,2,50,0,0,0,0,0,0,0x0b
2026-09-06T20:31:39.594,65535,0,2,50,0,0,0,0,0,0,0x0b
2026-09-06T20:31:39.659,65535,0,2,52,0,0,0,0,0,0,0x0b
2026-09-06T20:31:39.723,65535,0,2,50,0,0,0,0,0,0,0x0b
2026-09-06T20:31:39.804,65535,0,2,51,0,0,0,0,0,0,0x0b
2026-09-06T20:31:39.869,65535,0,2,51,0,0,0,0,0,0,0x0b
2026-09-06T20:31:39.934,65535,0,2,51,0,0,0,0,0,0,0x0b
2026-09-06T20:31:39.999,65535,0,2,53,0,0,0,0,0,0,0x0b
2026-09-06T20:31:40.064,65535,0,2,51,0,0,0,0,0,0,0x0b
2026-09-06T20:31:40.129,65535,0,2,51,0,0,0,0,0,0,0x0b
2026-09-06T20:31:40.194,65535,0,2,52,0,0,0,0,0,0,0x0b
2026-09-06T20:31:40.259,65535,0,2,50,0,0,0,0,0,0,0x0b
2026-09-06T20:31:40.324,65535,0,2,52,0,0,0,0,0,0,0x0b
2026-09-06T20:31:40.405,65535,0,2,50,0,0,0,0,0,0,0x0b
2026-09-06T20:31:40.470,65535,0,2,50,0,0,0,0,0,0,0x0b
2026-09-06T20:31:40.535,65535,0,2,51,0,0,0,0,0,0,0x0b
2026-09-06T20:31:40.600,65535,0,2,51,0,0,0,0,0,0,0x0b
2026-09-06T20:31:40.665,65535,0,2,50,0,0,0,0,0,0,0x0b
2026-09-06T20:31:40.730,65535,0,2,52,0,0,0,0,0,0,0x0b
2026-09-06T20:31:40.795,65535,0,2,52,0,0,0,0,0,0,0x0b
2026-09-06T20:31:40.860,65535,0,2,50,0,0,0,0,0,0,0x0b
2026-09-06T20:31:40.941,65535,0,2,51,0,0,0,0,0,0,0x0b
2026-09-06T20:31:41.006,65535,0,2,51,0,0,0,0,0,0,0x0b
2026-09-06T20:31:41.071,65535,0,2,51,0,0,0,0,0,0,0x0b
2026-09-06T20:31:41.137,65535,0,2,51,0,0,0,0,0,0,0x0b
2026-09-06T20:31:41.201,65535,0,2,51,0,0,0,0,0,0,0x0b
2026-09-06T20:31:41.266,65535,0,2,50,0,0,0,0,0,0,0x0b
2026-09-06T20:31:41.331,65535,0,2,51,0,0,0,0,0,0,0x0b
2026-09-06T20:31:41.396,65535,0,2,51,0,0,0,0,0,0,0x0b
2026-09-06T20:31:41.477,65535,0,2,50,0,0,0,0,0,0,0x0b
2026-09-06T20:31:41.543,65535,0,2,51,0,0,0,0,0,0,0x0b
2026-09-06T20:31:41.607,65535,0,2,50,0,0,0,0,0,0,0x0b
2026-09-06T20:31:41.672,65535,0,2,51,0,0,0,0,0,0,0x0b
2026-09-06T20:31:41.737,65535,0,2,51,0,0,0,0,0,0,0x0b
2026-09-06T20:31:41.802,65535,0,2,50,0,0,0,0,0,0,0x0b
2026-09-06T20:31:41.867,65535,0,2,51,0,0,0,0,0,0,0x0b
2026-09-06T20:31:41.932,65535,0,2,50,0,0,0,0,0,0,0x0b
2026-09-06T20:31:42.012,65535,0,2,51,0,0,0,0,0,0,0x0b
2026-09-06T20:31:42.078,65535,0,2,51,0,0,0,0,0,0,0x0b
2026-09-06T20:31:42.143,65535,0,2,51,0,0,0,0,0,0,0x0b
2026-09-06T20:31:42.208,65535,0,2,50,0,0,0,0,0,0,0x0b
2026-09-06T20:31:42.274,65535,0,2,51,0,0,0,0,0,0,0x0b
2026-09-06T20:31:42.339,65535,0,2,52,0,0,0,0,0,0,0x0b
2026-09-06T20:31:42.404,65535,0,2,52,0,0,0,0,0,0,0x0b
2026-09-06T20:31:42.468,65535,0,2,50,0,0,0,0,0,0,0x0b
2026-09-06T20:31:42.549,65535,0,2,51,0,0,0,0,0,0,0x0b
2026-09-06T20:31:42.614,65535,0,2,50,0,0,0,0,0,0,0x0b
2026-09-06T20:31:42.679,65535,0,2,51,0,0,0,0,0,0,0x0b
2026-09-06T20:31:42.744,65535,0,2,50,0,0,0,0,0,0,0x0b
2026-09-06T20:31:42.809,65535,0,2,50,0,0,0,0,0,0,0x0b
2026-09-06T20:31:42.875,65535,0,2,52,0,0,0,0,0,0,0x0b
2026-09-06T20:31:42.940,65535,0,2,51,0,0,0,0,0,0,0x0b
2026-09-06T20:31:43.005,65535,0,2,51,0,0,0,0,0,0,0x0b
2026-09-06T20:31:43.086,65535,0,2,51,0,0,0,0,0,0,0x0b
2026-09-06T20:31:43.151,65535,0,2,50,0,0,0,0,0,0,0x0b
2026-09-06T20:31:43.215,65535,0,2,52,0,0,0,0,0,0,0x0b
2026-09-06T20:31:43.280,65535,0,2,51,0,0,0,0,0,0,0x0b
2026-09-06T20:31:43.345,65535,0,2,51,0,0,0,0,0,0,0x0b
2026-09-06T20:31:43.410,65535,0,2,53,0,0,0,0,0,0,0x0b
2026-09-06T20:31:43.475,65535,0,2,50,0,0,0,0,0,0,0x0b
2026-09-06T20:31:43.540,65535,0,2,51,0,0,0,0,0,0,0x0b
2026-09-06T20:31:43.621,65535,0,2,51,0,0,0,0,0,0,0x0b
2026-09-06T20:31:43.670,65535,0,2,50,0,0,0,0,0,0,0x0b
2026-09-06T20:31:43.751,65535,0,2,50,0,0,0,0,0,0,0x0b
2026-09-06T20:31:43.816,65535,0,2,52,0,0,0,0,0,0,0x0b
2026-09-06T20:31:43.880,65535,0,2,52,0,0,0,0,0,0,0x0b
