timestamp,sequence,team,robot_id,interval_ms,left_target_eps,left_measured_eps,left_duty,right_target_eps,right_measured_eps,right_duty,flags
2026-09-06T08:53:37.776,255,0,2,52,2162,942,26139,2027,346,26321,0x07
2026-09-06T08:53:37.841,256,0,2,52,2734,1000,32944,2746,692,33720,0x07
2026-09-06T08:53:37.905,257,0,2,51,0,0,29875,0,0,31098,0x07
2026-09-06T08:53:37.970,258,0,2,56,0,0,0,0,0,0,0x03
2026-09-06T08:53:38.035,0,0,2,51,0,0,0,0,0,0,0x03
2026-09-06T08:53:38.116,1,0,2,50,0,0,0,0,0,0,0x03
2026-09-06T08:53:38.165,2,0,2,52,0,0,0,0,0,0,0x03
2026-09-06T08:53:38.246,3,0,2,50,0,0,0,0,0,0,0x03
2026-09-06T08:53:38.311,4,0,2,50,0,0,0,0,0,0,0x03
2026-09-06T08:53:38.375,5,0,2,51,0,0,0,0,0,0,0x03
2026-09-06T08:53:38.440,6,0,2,50,0,0,0,0,0,0,0x03
2026-09-06T08:53:38.505,7,0,2,52,0,0,0,0,0,0,0x03
2026-09-06T08:53:38.569,8,0,2,51,0,0,0,0,0,0,0x03
2026-09-06T08:53:38.634,9,0,2,55,0,0,0,0,0,0,0x03
2026-09-06T08:53:38.715,10,0,2,51,0,0,0,0,0,0,0x03
2026-09-06T08:53:38.780,11,0,2,50,0,0,0,0,0,0,0x03
2026-09-06T08:53:38.845,12,0,2,51,0,0,0,0,0,0,0x03
2026-09-06T08:53:38.909,13,0,2,50,0,0,0,0,0,0,0x03
2026-09-06T08:53:38.974,14,0,2,50,0,0,0,0,0,0,0x03
2026-09-06T08:53:39.039,15,0,2,53,0,0,0,0,0,0,0x03
2026-09-06T08:53:39.120,16,0,2,51,0,0,0,0,0,0,0x03
2026-09-06T08:53:39.184,17,0,2,51,0,0,0,0,0,0,0x03
2026-09-06T08:53:39.249,18,0,2,50,0,0,0,0,0,0,0x03
2026-09-06T08:53:39.314,19,0,2,50,0,0,0,0,0,0,0x03
2026-09-06T08:53:39.379,20,0,2,50,0,0,0,0,0,0,0x03
2026-09-06T08:53:39.444,21,0,2,51,0,0,0,0,0,0,0x03
2026-09-06T08:53:39.508,22,0,2,51,0,0,0,0,0,0,0x03
2026-09-06T08:53:39.573,23,0,2,51,0,0,0,0,0,0,0x03
2026-09-06T08:53:39.654,24,0,2,50,0,0,0,0,0,0,0x03
2026-09-06T08:53:39.718,25,0,2,50,0,0,0,0,0,0,0x03
2026-09-06T08:53:39.783,26,0,2,52,0,0,0,0,0,0,0x03
2026-09-06T08:53:39.848,27,0,2,51,0,0,0,0,0,0,0x03
2026-09-06T08:53:39.913,28,0,2,52,0,0,0,0,0,0,0x03
2026-09-06T08:53:39.978,29,0,2,50,0,0,0,0,0,0,0x03
2026-09-06T08:53:40.043,30,0,2,50,0,0,0,0,0,0,0x03
2026-09-06T08:53:40.108,31,0,2,52,0,0,0,0,0,0,0x03
2026-09-06T08:53:40.173,32,0,2,51,0,0,0,0,0,0,0x03
2026-09-06T08:53:40.254,33,0,2,51,0,0,0,0,0,0,0x03
2026-09-06T08:53:40.319,34,0,2,52,0,0,0,0,0,0,0x03
2026-09-06T08:53:40.384,35,0,2,52,0,0,0,0,0,0,0x03
2026-09-06T08:53:40.449,36,0,2,51,0,0,0,0,0,0,0x03
2026-09-06T08:53:40.514,37,0,2,52,0,0,0,0,0,0,0x03
2026-09-06T08:53:40.579,38,0,2,51,0,0,0,0,0,0,0x03
2026-09-06T08:53:40.660,39,0,2,50,0,0,0,0,0,0,0x03
2026-09-06T08:53:40.709,40,0,2,52,0,0,0,0,0,0,0x03
2026-09-06T08:53:40.790,41,0,2,50,0,0,0,0,0,0,0x03
2026-09-06T08:53:40.855,42,0,2,52,0,0,0,0,0,0,0x03
2026-09-06T08:53:40.920,43,0,2,51,0,0,0,0,0,0,0x03
2026-09-06T08:53:40.985,44,0,2,50,0,0,0,0,0,0,0x03
2026-09-06T08:53:41.050,45,0,2,51,0,0,0,0,0,0,0x03
2026-09-06T08:53:41.115,46,0,2,52,0,0,0,0,0,0,0x03
2026-09-06T08:53:41.196,47,0,2,52,0,0,0,0,0,0,0x03
2026-09-06T08:53:41.245,48,0,2,50,0,0,0,0,0,0,0x03
2026-09-06T08:53:41.326,49,0,2,50,0,0,0,0,0,0,0x03
2026-09-06T08:53:41.391,50,0,2,50,0,0,0,0,0,0,0x03
2026-09-06T08:53:41.456,51,0,2,50,0,0,0,0,0,0,0x03
2026-09-06T08:53:41.521,52,0,2,52,0,0,0,0,0,0,0x03
2026-09-06T08:53:41.586,53,0,2,50,0,0,0,0,0,0,0x03
2026-09-06T08:53:41.651,54,0,2,50,0,0,0,0,0,0,0x03
2026-09-06T08:53:41.716,55,0,2,52,0,0,0,0,0,0,0x03
2026-09-06T08:53:41.781,56,0,2,50,0,0,0,0,0,0,0x03
2026-09-06T08:53:41.862,57,0,2,52,0,0,0,0,0,0,0x03
2026-09-06T08:53:41.927,58,0,2,50,0,0,0,0,0,0,0x03
2026-09-06T08:53:41.992,59,0,2,52,0,0,0,0,0,0,0x03
2026-09-06T08:53:42.056,60,0,2,52,0,0,0,0,0,0,0x03
2026-09-06T08:53:42.121,61,0,2,52,0,0,0,0,0,0,0x03
2026-09-06T08:53:42.186,62,0,2,50,0,0,0,0,0,0,0x03
2026-09-06T08:53:42.251,63,0,2,50,0,0,0,0,0,0,0x03
2026-09-06T08:53:42.332,64,0,2,52,0,0,0,0,0,0,0x03
2026-09-06T08:53:42.397,65,0,2,50,0,0,0,0,0,0,0x03
2026-09-06T08:53:42.462,66,0,2,51,0,0,0,0,0,0,0x03
2026-09-06T08:53:42.527,67,0,2,52,0,0,0,0,0,0,0x03
2026-09-06T08:53:42.593,68,0,2,50,0,0,0,0,0,0,0x03
2026-09-06T08:53:42.657,69,0,2,50,0,0,0,0,0,0,0x03
2026-09-06T08:53:42.723,70,0,2,50,0,0,0,0,0,0,0x03
2026-09-06T08:53:42.787,71,0,2,52,0,0,0,0,0,0,0x03
2026-09-06T08:53:42.852,72,0,2,51,0,0,0,0,0,0,0x03
2026-09-06T08:53:42.934,73,0,2,52,0,0,0,0,0,0,0x03
2026-09-06T08:53:42.998,74,0,2,51,0,0,0,0,0,0,0x03
2026-09-06T08:53:43.063,75,0,2,50,0,0,0,0,0,0,0x03
2026-09-06T08:53:43.128,76,0,2,50,0,0,0,0,0,0,0x03
2026-09-06T08:53:43.193,77,0,2,52,0,0,0,0,0,0,0x03
2026-09-06T08:53:43.258,78,0,2,50,0,0,0,0,0,0,0x03
2026-09-06T08:53:43.322,79,0,2,52,0,0,0,0,0,0,0x03
2026-09-06T08:53:43.404,80,0,2,50,0,0,0,0,0,0,0x03
2026-09-06T08:53:43.469,81,0,2,50,0,0,0,0,0,0,0x03
2026-09-06T08:53:43.533,82,0,2,51,0,0,0,0,0,0,0x03
2026-09-06T08:53:43.598,83,0,2,52,0,0,0,0,0,0,0x03
2026-09-06T08:53:43.663,84,0,2,50,0,0,0,0,0,0,0x03
2026-09-06T08:53:43.728,85,0,2,50,0,0,0,0,0,0,0x03
2026-09-06T08:53:43.793,86,0,2,51,0,0,0,0,0,0,0x03
2026-09-06T08:53:43.859,87,0,2,52,0,0,0,0,0,0,0x03
2026-09-06T08:53:43.940,88,0,2,50,0,0,0,0,0,0,0x03
2026-09-06T08:53:44.005,89,0,2,51,0,0,0,0,0,0,0x03
2026-09-06T08:53:44.070,90,0,2,52,0,0,0,0,0,0,0x03
2026-09-06T08:53:44.134,91,0,2,51,0,0,0,0,0,0,0x03
2026-09-06T08:53:44.199,92,0,2,51,0,0,0,0,0,0,0x03
2026-09-06T08:53:44.264,93,0,2,51,0,0,0,0,0,0,0x03
2026-09-06T08:53:44.329,94,0,2,50,0,0,0,0,0,0,0x03
2026-09-06T08:53:44.394,95,0,2,51,0,0,0,0,0,0,0x03
2026-09-06T08:53:44.475,96,0,2,51,0,0,0,0,0,0,0x03
2026-09-06T08:53:44.541,97,0,2,50,0,0,0,0,0,0,0x03
2026-09-06T08:53:44.606,98,0,2,51,0,0,0,0,0,0,0x03
2026-09-06T08:53:44.670,99,0,2,50,0,0,0,0,0,0,0x03
2026-09-06T08:53:44.735,100,0,2,50,0,0,0,0,0,0,0x03
2026-09-06T08:53:44.800,101,0,2,52,0,0,0,0,0,0,0x03
2026-09-06T08:53:44.865,102,0,2,50,0,0,0,0,0,0,0x03
2026-09-06T08:53:44.930,103,0,2,51,0,0,0,0,0,0,0x03
2026-09-06T08:53:45.012,104,0,2,50,0,0,0,0,0,0,0x03
2026-09-06T08:53:45.061,105,0,2,50,0,0,0,0,0,0,0x03
2026-09-06T08:53:45.142,106,0,2,51,0,0,0,0,0,0,0x03
2026-09-06T08:53:45.207,107,0,2,53,0,0,0,0,0,0,0x03
2026-09-06T08:53:45.272,108,0,2,50,0,0,0,0,0,0,0x03
2026-09-06T08:53:45.337,109,0,2,51,0,0,0,0,0,0,0x03
2026-09-06T08:53:45.402,110,0,2,50,0,0,0,0,0,0,0x03
2026-09-06T08:53:45.467,111,0,2,50,0,0,0,0,0,0,0x03
2026-09-06T08:53:45.532,112,0,2,51,0,0,0,0,0,0,0x03
2026-09-06T08:53:45.597,113,0,2,52,0,0,0,0,0,0,0x03
2026-09-06T08:53:45.678,114,0,2,52,0,0,0,0,0,0,0x03
2026-09-06T08:53:45.742,115,0,2,51,0,0,0,0,0,0,0x03
2026-09-06T08:53:45.807,116,0,2,52,0,0,0,0,0,0,0x03
2026-09-06T08:53:45.872,117,0,2,55,0,0,0,0,0,0,0x03
2026-09-06T08:53:45.936,118,0,2,51,0,0,0,0,0,0,0x03
2026-09-06T08:53:46.001,119,0,2,50,0,0,0,0,0,0,0x03
2026-09-06T08:53:46.082,120,0,2,52,0,0,0,0,0,0,0x03
2026-09-06T08:53:46.147,121,0,2,50,0,0,0,0,0,0,0x03
2026-09-06T08:53:46.212,122,0,2,52,0,0,0,0,0,0,0x03
2026-09-06T08:53:46.276,123,0,2,52,0,0,0,0,0,0,0x03
2026-09-06T08:53:46.341,124,0,2,50,0,0,0,0,0,0,0x03
2026-09-06T08:53:46.406,125,0,2,51,0,0,0,0,0,0,0x03
2026-09-06T08:53:46.470,126,0,2,52,0,0,0,0,0,0,0x03
2026-09-06T08:53:46.551,127,0,2,51,0,0,0,0,0,0,0x03
2026-09-06T08:53:46.616,128,0,2,51,0,0,0,0,0,0,0x03
2026-09-06T08:53:46.648,129,0,2,50,0,0,0,0,0,0,0x03
