timestamp,sequence,team,robot_id,interval_ms,left_target_eps,left_measured_eps,left_duty,right_target_eps,right_measured_eps,right_duty,flags
2026-09-06T11:33:06.966-03:00,65535,255,0,0,0,0,0,0,0,0,0x03
2026-09-06T11:33:06.984-03:00,65535,255,0,51,0,0,0,0,0,0,0x03
2026-09-06T11:33:07.002-03:00,65535,255,0,50,0,0,0,0,0,0,0x03
2026-09-06T11:33:07.025-03:00,1,0,0,50,0,0,30741,0,0,31098,0x07
2026-09-06T11:33:07.043-03:00,2,0,0,50,0,0,30741,0,0,31098,0x07
2026-09-06T11:33:07.086-03:00,3,0,0,51,3374,412,40000,3500,0,40000,0x07
2026-09-06T11:33:07.104-03:00,4,0,0,51,3374,412,40000,3500,0,40000,0x07
2026-09-06T11:33:07.122-03:00,5,0,0,58,3374,2121,36068,3500,0,40000,0x07
2026-09-06T11:33:07.147-03:00,6,0,0,58,3374,2121,36068,3500,0,40000,0x07
2026-09-06T11:33:07.165-03:00,7,0,0,58,3374,2121,36068,3500,0,40000,0x07
2026-09-06T11:33:07.183-03:00,8,0,0,62,3374,2952,32536,3500,0,40000,0x07
2026-09-06T11:33:07.206-03:00,9,0,0,62,3374,2952,32536,3500,0,40000,0x07
2026-09-06T11:33:07.226-03:00,10,0,0,62,3374,2952,32536,3500,0,40000,0x07
2026-09-06T11:33:07.246-03:00,11,0,0,60,3374,2767,33322,3500,0,40000,0x07
2026-09-06T11:33:07.264-03:00,12,0,0,60,3374,2767,33322,3500,0,40000,0x07
2026-09-06T11:33:07.283-03:00,13,0,0,60,3374,2767,33322,3500,0,40000,0x07
2026-09-06T11:33:07.305-03:00,14,0,0,50,3374,2720,33520,3500,0,40000,0x07
2026-09-06T11:33:07.323-03:00,15,0,0,50,3374,2720,33520,3500,0,40000,0x07
2026-09-06T11:33:07.346-03:00,16,0,0,54,3374,2611,33983,3500,0,40000,0x07
2026-09-06T11:33:07.366-03:00,17,0,0,54,3374,2611,33983,3500,0,40000,0x07
2026-09-06T11:33:07.387-03:00,18,0,0,54,3374,2611,33983,3500,0,40000,0x07
2026-09-06T11:33:07.404-03:00,19,0,0,59,3374,2644,33843,3500,0,40000,0x07
2026-09-06T11:33:07.422-03:00,20,0,0,59,3374,2644,33843,3500,0,40000,0x07
2026-09-06T11:33:07.442-03:00,21,0,0,59,3374,2644,33843,3500,0,40000,0x07
2026-09-06T11:33:07.465-03:00,22,0,0,60,3374,2917,32685,3500,0,40000,0x07
2026-09-06T11:33:07.485-03:00,23,0,0,60,3374,2917,32685,3500,0,40000,0x07
2026-09-06T11:33:07.505-03:00,24,0,0,60,3374,2917,32685,3500,0,40000,0x07
2026-09-06T11:33:07.523-03:00,25,0,0,59,3374,2644,33843,3500,0,40000,0x07
2026-09-06T11:33:07.546-03:00,26,0,0,59,3374,2644,33843,3500,0,40000,0x07
2026-09-06T11:33:07.564-03:00,27,0,0,59,3374,2644,33843,3500,0,40000,0x07
2026-09-06T11:33:07.582-03:00,28,0,0,59,3374,2729,33483,3500,0,40000,0x07
2026-09-06T11:33:07.605-03:00,29,0,0,59,3374,2729,33483,3500,0,40000,0x07
2026-09-06T11:33:07.625-03:00,30,0,0,59,3374,2729,33483,3500,0,40000,0x07
2026-09-06T11:33:07.643-03:00,31,0,0,59,3374,2847,32979,3500,0,40000,0x07
2026-09-06T11:33:07.666-03:00,32,0,0,59,3374,2847,32979,3500,0,40000,0x07
2026-09-06T11:33:07.686-03:00,33,0,0,59,3374,2847,32979,3500,0,40000,0x07
2026-09-06T11:33:07.704-03:00,34,0,0,59,3374,2644,33843,3500,0,40000,0x07
2026-09-06T11:33:07.725-03:00,35,0,0,59,3374,2644,33843,3500,0,40000,0x07
2026-09-06T11:33:07.744-03:00,36,0,0,59,3374,2644,33843,3500,0,40000,0x07
2026-09-06T11:33:07.762-03:00,37,0,0,62,3374,2758,33359,3500,0,40000,0x07
2026-09-06T11:33:07.785-03:00,38,0,0,62,3374,2758,33359,3500,0,40000,0x07
2026-09-06T11:33:07.802-03:00,39,0,0,62,3374,2758,33359,3500,0,40000,0x07
2026-09-06T11:33:07.825-03:00,40,0,0,59,3374,2746,33411,3500,0,40000,0x07
2026-09-06T11:33:07.843-03:00,41,0,0,59,3374,2746,33411,3500,0,40000,0x07
2026-09-06T11:33:07.866-03:00,42,0,0,59,3374,2746,33411,3500,0,40000,0x07
2026-09-06T11:33:07.886-03:00,43,0,0,67,3374,2478,34551,3500,0,40000,0x07
2026-09-06T11:33:07.904-03:00,44,0,0,67,3374,2478,34551,3500,0,40000,0x07
2026-09-06T11:33:07.923-03:00,45,0,0,67,3374,2478,34551,3500,0,40000,0x07
2026-09-06T11:33:07.946-03:00,46,0,0,61,3374,2820,33097,3500,0,40000,0x07
2026-09-06T11:33:07.966-03:00,47,0,0,61,3374,2820,33097,3500,0,40000,0x07
2026-09-06T11:33:07.983-03:00,48,0,0,61,3374,2820,33097,3500,0,40000,0x07
2026-09-06T11:33:08.007-03:00,49,0,0,59,3374,2712,33555,3500,0,40000,0x07
2026-09-06T11:33:08.024-03:00,50,0,0,59,3374,2712,33555,3500,0,40000,0x07
2026-09-06T11:33:08.042-03:00,51,0,0,59,3374,2712,33555,3500,0,40000,0x07
2026-09-06T11:33:08.065-03:00,52,0,0,61,3374,2787,33236,3500,0,40000,0x07
2026-09-06T11:33:08.083-03:00,53,0,0,61,3374,2787,33236,3500,0,40000,0x07
2026-09-06T11:33:08.104-03:00,54,0,0,61,3374,2787,33236,3500,0,40000,0x07
2026-09-06T11:33:08.127-03:00,55,0,0,58,3374,2793,33210,3500,0,40000,0x07
2026-09-06T11:33:08.147-03:00,56,0,0,58,3374,2793,33210,3500,0,40000,0x07
2026-09-06T11:33:08.165-03:00,57,0,0,58,3374,2793,33210,3500,0,40000,0x07
2026-09-06T11:33:08.183-03:00,58,0,0,59,3374,2729,33483,3500,0,40000,0x07
2026-09-06T11:33:08.206-03:00,59,0,0,59,3374,2729,33483,3500,0,40000,0x07
2026-09-06T11:33:08.225-03:00,60,0,0,59,3374,2729,33483,3500,0,40000,0x07
2026-09-06T11:33:08.243-03:00,61,0,0,60,3374,2717,33535,3500,0,40000,0x07
2026-09-06T11:33:08.263-03:00,62,0,0,60,3374,2717,33535,3500,0,40000,0x07
2026-09-06T11:33:08.286-03:00,63,0,0,60,3374,2717,33535,3500,0,40000,0x07
2026-09-06T11:33:08.304-03:00,64,0,0,58,3374,2724,33503,3500,0,40000,0x07
2026-09-06T11:33:08.327-03:00,65,0,0,58,3374,2724,33503,3500,0,40000,0x07
2026-09-06T11:33:08.345-03:00,66,0,0,58,3374,2724,33503,3500,0,40000,0x07
2026-09-06T11:33:08.364-03:00,67,0,0,60,3374,2783,33251,3500,0,40000,0x07
2026-09-06T11:33:08.382-03:00,68,0,0,60,3374,2783,33251,3500,0,40000,0x07
2026-09-06T11:33:08.405-03:00,69,0,0,60,3374,2783,33251,3500,0,40000,0x07
2026-09-06T11:33:08.423-03:00,70,0,0,59,3374,2763,33339,3500,0,40000,0x07
2026-09-06T11:33:08.446-03:00,71,0,0,59,3374,2763,33339,3500,0,40000,0x07
2026-09-06T11:33:08.465-03:00,72,0,0,59,3374,2763,33339,3500,0,40000,0x07
2026-09-06T11:33:08.485-03:00,73,0,0,59,3374,2712,33555,3500,0,40000,0x07
2026-09-06T11:33:08.502-03:00,74,0,0,59,3374,2712,33555,3500,0,40000,0x07
2026-09-06T11:33:08.522-03:00,75,0,0,59,3374,2712,33555,3500,0,40000,0x07
2026-09-06T11:33:08.545-03:00,76,0,0,59,3374,2831,33051,3500,0,40000,0x07
2026-09-06T11:33:08.565-03:00,77,0,0,59,3374,2831,33051,3500,0,40000,0x07
2026-09-06T11:33:08.583-03:00,78,0,0,59,3374,2831,33051,3500,0,40000,0x07
2026-09-06T11:33:08.606-03:00,79,0,0,50,3374,2700,33606,3500,0,40000,0x07
2026-09-06T11:33:08.624-03:00,80,0,0,50,3374,2700,33606,3500,0,40000,0x07
2026-09-06T11:33:08.644-03:00,81,0,0,53,3374,2679,33694,3500,0,40000,0x07
2026-09-06T11:33:08.662-03:00,82,0,0,53,3374,2679,33694,3500,0,40000,0x07
2026-09-06T11:33:08.682-03:00,83,0,0,53,3374,2679,33694,3500,0,40000,0x07
2026-09-06T11:33:08.706-03:00,84,0,0,59,3374,2881,32835,3500,0,40000,0x07
2026-09-06T11:33:08.724-03:00,85,0,0,59,3374,2881,32835,3500,0,40000,0x07
2026-09-06T11:33:08.747-03:00,86,0,0,59,3374,2881,32835,3500,0,40000,0x07
2026-09-06T11:33:08.765-03:00,87,0,0,59,3374,2644,33843,3500,0,40000,0x07
2026-09-06T11:33:08.783-03:00,88,0,0,59,3374,2644,33843,3500,0,40000,0x07
2026-09-06T11:33:08.807-03:00,89,0,0,59,3374,2644,33843,3500,0,40000,0x07
2026-09-06T11:33:08.825-03:00,90,0,0,59,3374,2831,33051,3500,0,40000,0x07
2026-09-06T11:33:08.843-03:00,91,0,0,59,3374,2831,33051,3500,0,40000,0x07
2026-09-06T11:33:08.862-03:00,92,0,0,59,3374,2831,33051,3500,0,40000,0x07
2026-09-06T11:33:08.886-03:00,93,0,0,62,3374,2661,33770,3500,0,40000,0x07
2026-09-06T11:33:08.904-03:00,94,0,0,62,3374,2661,33770,3500,0,40000,0x07
2026-09-06T11:33:08.922-03:00,95,0,0,62,3374,2661,33770,3500,0,40000,0x07
2026-09-06T11:33:08.945-03:00,96,0,0,59,3374,2712,33555,3500,0,40000,0x07
2026-09-06T11:33:08.963-03:00,97,0,0,59,3374,2712,33555,3500,0,40000,0x07
2026-09-06T11:33:08.986-03:00,98,0,0,59,3374,2712,33555,3500,0,40000,0x07
2026-09-06T11:33:09.004-03:00,99,0,0,60,3374,2733,33464,3500,0,40000,0x07
2026-09-06T11:33:09.027-03:00,100,0,0,60,3374,2733,33464,3500,0,40000,0x07
2026-09-06T11:33:09.045-03:00,101,0,0,60,3374,2733,33464,3500,0,40000,0x07
2026-09-06T11:33:09.063-03:00,102,0,0,59,3374,2661,33771,3500,0,40000,0x07
2026-09-06T11:33:09.086-03:00,103,0,0,59,3374,2661,33771,3500,0,40000,0x07
2026-09-06T11:33:09.106-03:00,104,0,0,59,3374,2661,33771,3500,0,40000,0x07
2026-09-06T11:33:09.124-03:00,105,0,0,59,3374,2814,33123,3500,0,40000,0x07
2026-09-06T11:33:09.143-03:00,106,0,0,59,3374,2814,33123,3500,0,40000,0x07
2026-09-06T11:33:09.166-03:00,107,0,0,59,3374,2814,33123,3500,0,40000,0x07
2026-09-06T11:33:09.184-03:00,108,0,0,62,3374,2710,33564,3500,0,40000,0x07
2026-09-06T11:33:09.207-03:00,109,0,0,62,3374,2710,33564,3500,0,40000,0x07
2026-09-06T11:33:09.225-03:00,110,0,0,62,3374,2710,33564,3500,0,40000,0x07
2026-09-06T11:33:09.243-03:00,111,0,0,59,3374,2712,33555,3500,0,40000,0x07
2026-09-06T11:33:09.267-03:00,112,0,0,59,3374,2712,33555,3500,0,40000,0x07
2026-09-06T11:33:09.285-03:00,113,0,0,59,3374,2712,33555,3500,0,40000,0x07
2026-09-06T11:33:09.302-03:00,114,0,0,60,3374,2817,33110,3500,0,40000,0x07
2026-09-06T11:33:09.326-03:00,115,0,0,60,3374,2817,33110,3500,0,40000,0x07
2026-09-06T11:33:09.345-03:00,116,0,0,60,3374,2817,33110,3500,0,40000,0x07
2026-09-06T11:33:09.363-03:00,117,0,0,58,3374,2810,33137,3500,0,40000,0x07
2026-09-06T11:33:09.383-03:00,118,0,0,58,3374,2810,33137,3500,0,40000,0x07
2026-09-06T11:33:09.406-03:00,119,0,0,58,3374,2810,33137,3500,0,40000,0x07
2026-09-06T11:33:09.424-03:00,120,0,0,62,3374,2742,33427,3500,0,40000,0x07
2026-09-06T11:33:09.446-03:00,121,0,0,62,3374,2742,33427,3500,0,40000,0x07
2026-09-06T11:33:09.464-03:00,122,0,0,62,3374,2742,33427,3500,0,40000,0x07
2026-09-06T11:33:09.487-03:00,123,0,0,59,3374,2797,33195,3500,0,40000,0x07
2026-09-06T11:33:09.505-03:00,124,0,0,59,3374,2797,33195,3500,0,40000,0x07
2026-09-06T11:33:09.523-03:00,125,0,0,59,3374,2797,33195,3500,0,40000,0x07
2026-09-06T11:33:09.547-03:00,126,0,0,50,3374,2720,33520,3500,0,40000,0x07
2026-09-06T11:33:09.565-03:00,127,0,0,50,3374,2720,33520,3500,0,40000,0x07
2026-09-06T11:33:09.583-03:00,128,0,0,53,3374,2736,33453,3500,0,40000,0x07
2026-09-06T11:33:09.607-03:00,129,0,0,53,3374,2736,33453,3500,0,40000,0x07
2026-09-06T11:33:09.625-03:00,130,0,0,53,3374,2736,33453,3500,0,40000,0x07
2026-09-06T11:33:09.643-03:00,131,0,0,59,3374,2729,33483,3500,0,40000,0x07
2026-09-06T11:33:09.666-03:00,132,0,0,59,3374,2729,33483,3500,0,40000,0x07
2026-09-06T11:33:09.684-03:00,133,0,0,59,3374,2729,33483,3500,0,40000,0x07
2026-09-06T11:33:09.707-03:00,134,0,0,59,3374,2644,33843,3500,0,40000,0x07
2026-09-06T11:33:09.725-03:00,135,0,0,59,3374,2644,33843,3500,0,40000,0x07
2026-09-06T11:33:09.745-03:00,136,0,0,59,3374,2644,33843,3500,0,40000,0x07
2026-09-06T11:33:09.763-03:00,137,0,0,51,3374,2667,33747,3500,0,40000,0x07
2026-09-06T11:33:09.786-03:00,138,0,0,51,3374,2667,33747,3500,0,40000,0x07
2026-09-06T11:33:09.804-03:00,139,0,0,53,3374,2717,33533,3500,0,40000,0x07
2026-09-06T11:33:09.824-03:00,140,0,0,53,3374,2717,33533,3500,0,40000,0x07
2026-09-06T11:33:09.842-03:00,141,0,0,53,3374,2717,33533,3500,0,40000,0x07
2026-09-06T11:33:09.866-03:00,142,0,0,51,3374,2725,33497,3500,0,40000,0x07
2026-09-06T11:33:09.883-03:00,143,0,0,51,3374,2725,33497,3500,0,40000,0x07
2026-09-06T11:33:09.906-03:00,144,0,0,53,3374,2906,32731,3500,0,40000,0x07
2026-09-06T11:33:09.924-03:00,145,0,0,53,3374,2906,32731,3500,0,40000,0x07
2026-09-06T11:33:09.942-03:00,146,0,0,53,3374,2906,32731,3500,0,40000,0x07
2026-09-06T11:33:09.965-03:00,147,0,0,59,3374,2695,33627,3500,0,40000,0x07
2026-09-06T11:33:09.986-03:00,148,0,0,59,3374,2695,33627,3500,0,40000,0x07
2026-09-06T11:33:10.004-03:00,149,0,0,59,3374,2695,33627,3500,0,40000,0x07
2026-09-06T11:33:10.027-03:00,150,0,0,59,3374,2644,33843,3500,0,40000,0x07
2026-09-06T11:33:10.047-03:00,151,0,0,59,3374,2644,33843,3500,0,40000,0x07
2026-09-06T11:33:10.064-03:00,152,0,0,59,3374,2644,33843,3500,0,40000,0x07
2026-09-06T11:33:10.087-03:00,153,0,0,60,3374,2667,33747,3500,0,40000,0x07
2026-09-06T11:33:10.107-03:00,154,0,0,60,3374,2667,33747,3500,0,40000,0x07
2026-09-06T11:33:10.125-03:00,155,0,0,60,3374,2667,33747,3500,0,40000,0x07
2026-09-06T11:33:10.145-03:00,156,0,0,59,3374,2627,33915,3500,0,40000,0x07
2026-09-06T11:33:10.163-03:00,157,0,0,59,3374,2627,33915,3500,0,40000,0x07
2026-09-06T11:33:10.183-03:00,158,0,0,59,3374,2627,33915,3500,0,40000,0x07
2026-09-06T11:33:10.207-03:00,159,0,0,60,3374,2933,32614,3500,0,40000,0x07
2026-09-06T11:33:10.227-03:00,160,0,0,60,3374,2933,32614,3500,0,40000,0x07
2026-09-06T11:33:10.245-03:00,161,0,0,60,3374,2933,32614,3500,0,40000,0x07
2026-09-06T11:33:10.263-03:00,162,0,0,59,3374,2661,33771,3500,0,40000,0x07
2026-09-06T11:33:10.286-03:00,163,0,0,59,3374,2661,33771,3500,0,40000,0x07
2026-09-06T11:33:10.304-03:00,164,0,0,59,3374,2661,33771,3500,0,40000,0x07
2026-09-06T11:33:10.324-03:00,165,0,0,59,3374,2644,33843,3500,0,40000,0x07
2026-09-06T11:33:10.342-03:00,166,0,0,59,3374,2644,33843,3500,0,40000,0x07
2026-09-06T11:33:10.366-03:00,167,0,0,59,3374,2644,33843,3500,0,40000,0x07
2026-09-06T11:33:10.384-03:00,168,0,0,60,3374,2800,33180,3500,0,40000,0x07
2026-09-06T11:33:10.407-03:00,169,0,0,60,3374,2800,33180,3500,0,40000,0x07
2026-09-06T11:33:10.425-03:00,170,0,0,60,3374,2800,33180,3500,0,40000,0x07
2026-09-06T11:33:10.443-03:00,171,0,0,59,3374,2746,33411,3500,0,40000,0x07
2026-09-06T11:33:10.465-03:00,172,0,0,59,3374,2746,33411,3500,0,40000,0x07
2026-09-06T11:33:10.484-03:00,173,0,0,59,3374,2746,33411,3500,0,40000,0x07
2026-09-06T11:33:10.507-03:00,174,0,0,59,3374,2780,33267,3500,0,40000,0x07
2026-09-06T11:33:10.525-03:00,175,0,0,59,3374,2780,33267,3500,0,40000,0x07
2026-09-06T11:33:10.543-03:00,176,0,0,59,3374,2780,33267,3500,0,40000,0x07
2026-09-06T11:33:10.566-03:00,177,0,0,51,3374,2686,33664,3500,0,40000,0x07
2026-09-06T11:33:10.583-03:00,178,0,0,51,3374,2686,33664,3500,0,40000,0x07
2026-09-06T11:33:10.606-03:00,179,0,0,52,3374,2808,33148,3500,0,40000,0x07
2026-09-06T11:33:10.624-03:00,180,0,0,52,3374,2808,33148,3500,0,40000,0x07
2026-09-06T11:33:10.642-03:00,181,0,0,52,3374,2808,33148,3500,0,40000,0x07
2026-09-06T11:33:10.665-03:00,182,0,0,60,3374,2750,33393,3500,0,40000,0x07
2026-09-06T11:33:10.683-03:00,183,0,0,60,3374,2750,33393,3500,0,40000,0x07
2026-09-06T11:33:10.703-03:00,184,0,0,60,3374,2750,33393,3500,0,40000,0x07
2026-09-06T11:33:10.725-03:00,185,0,0,67,3374,2418,34804,3500,0,40000,0x07
2026-09-06T11:33:10.743-03:00,186,0,0,67,3374,2418,34804,3500,0,40000,0x07
2026-09-06T11:33:10.766-03:00,187,0,0,67,3374,2418,34804,3500,0,40000,0x07
2026-09-06T11:33:10.784-03:00,188,0,0,61,3374,2902,32749,3500,0,40000,0x07
2026-09-06T11:33:10.802-03:00,189,0,0,61,3374,2902,32749,3500,0,40000,0x07
2026-09-06T11:33:10.824-03:00,190,0,0,61,3374,2902,32749,3500,0,40000,0x07
2026-09-06T11:33:10.846-03:00,191,0,0,60,3374,2700,33606,3500,0,40000,0x07
2026-09-06T11:33:10.864-03:00,192,0,0,60,3374,2700,33606,3500,0,40000,0x07
2026-09-06T11:33:10.887-03:00,193,0,0,60,3374,2700,33606,3500,0,40000,0x07
2026-09-06T11:33:10.906-03:00,194,0,0,60,3374,2667,33747,3500,0,40000,0x07
2026-09-06T11:33:10.925-03:00,195,0,0,60,3374,2667,33747,3500,0,40000,0x07
2026-09-06T11:33:10.943-03:00,196,0,0,60,3374,2667,33747,3500,0,40000,0x07
2026-09-06T11:33:10.963-03:00,197,0,0,60,3374,2900,32756,3500,0,40000,0x07
2026-09-06T11:33:10.987-03:00,198,0,0,60,3374,2900,32756,3500,0,40000,0x07
2026-09-06T11:33:11.003-03:00,199,0,0,60,3374,2900,32756,3500,0,40000,0x07
2026-09-06T11:33:11.026-03:00,200,0,0,59,3374,2729,33483,3500,0,40000,0x07
2026-09-06T11:33:11.047-03:00,201,0,0,59,3374,2729,33483,3500,0,40000,0x07
2026-09-06T11:33:11.064-03:00,202,0,0,59,3374,2729,33483,3500,0,40000,0x07
2026-09-06T11:33:11.082-03:00,203,0,0,58,3374,2672,33723,3500,0,40000,0x07
2026-09-06T11:33:11.105-03:00,204,0,0,58,3374,2672,33723,3500,0,40000,0x07
2026-09-06T11:33:11.125-03:00,205,0,0,58,3374,2672,33723,3500,0,40000,0x07
2026-09-06T11:33:11.143-03:00,206,0,0,60,3374,2750,33393,3500,0,40000,0x07
2026-09-06T11:33:11.166-03:00,207,0,0,60,3374,2750,33393,3500,0,40000,0x07
2026-09-06T11:33:11.202-03:00,208,0,0,60,3374,2750,33393,3500,0,40000,0x07
2026-09-06T11:33:11.202-03:00,209,0,0,60,3374,2667,33747,3500,0,40000,0x07
2026-09-06T11:33:11.225-03:00,210,0,0,60,3374,2667,33747,3500,0,40000,0x07
2026-09-06T11:33:11.243-03:00,211,0,0,60,3374,2667,33747,3500,0,40000,0x07
2026-09-06T11:33:11.266-03:00,212,0,0,60,3374,2850,32968,3500,0,40000,0x07
2026-09-06T11:33:11.286-03:00,213,0,0,60,3374,2850,32968,3500,0,40000,0x07
2026-09-06T11:33:11.304-03:00,214,0,0,60,3374,2850,32968,3500,0,40000,0x07
2026-09-06T11:33:11.323-03:00,215,0,0,59,3374,2746,33411,3500,0,40000,0x07
2026-09-06T11:33:11.346-03:00,216,0,0,59,3374,2746,33411,3500,0,40000,0x07
2026-09-06T11:33:11.365-03:00,217,0,0,59,3374,2746,33411,3500,0,40000,0x07
2026-09-06T11:33:11.383-03:00,218,0,0,59,3374,2576,34131,3500,0,40000,0x07
2026-09-06T11:33:11.406-03:00,219,0,0,59,3374,2576,34131,3500,0,40000,0x07
2026-09-06T11:33:11.424-03:00,220,0,0,59,3374,2576,34131,3500,0,40000,0x07
2026-09-06T11:33:11.442-03:00,221,0,0,60,3374,2817,33110,3500,0,40000,0x07
2026-09-06T11:33:11.465-03:00,222,0,0,60,3374,2817,33110,3500,0,40000,0x07
2026-09-06T11:33:11.483-03:00,223,0,0,60,3374,2817,33110,3500,0,40000,0x07
2026-09-06T11:33:11.506-03:00,224,0,0,59,3374,2712,33555,3500,0,40000,0x07
2026-09-06T11:33:11.524-03:00,225,0,0,59,3374,2712,33555,3500,0,40000,0x07
2026-09-06T11:33:11.546-03:00,226,0,0,59,3374,2712,33555,3500,0,40000,0x07
2026-09-06T11:33:11.564-03:00,227,0,0,60,3374,2733,33464,3500,0,40000,0x07
2026-09-06T11:33:11.587-03:00,228,0,0,60,3374,2733,33464,3500,0,40000,0x07
2026-09-06T11:33:11.605-03:00,229,0,0,60,3374,2733,33464,3500,0,40000,0x07
2026-09-06T11:33:11.623-03:00,230,0,0,60,3374,2767,33322,3500,0,40000,0x07
2026-09-06T11:33:11.646-03:00,231,0,0,60,3374,2767,33322,3500,0,40000,0x07
2026-09-06T11:33:11.666-03:00,232,0,0,60,3374,2767,33322,3500,0,40000,0x07
2026-09-06T11:33:11.684-03:00,233,0,0,58,3374,2810,33137,3500,0,40000,0x07
2026-09-06T11:33:11.702-03:00,234,0,0,58,3374,2810,33137,3500,0,40000,0x07
2026-09-06T11:33:11.726-03:00,235,0,0,58,3374,2810,33137,3500,0,40000,0x07
2026-09-06T11:33:11.746-03:00,236,0,0,60,3374,2667,33747,3500,0,40000,0x07
2026-09-06T11:33:11.764-03:00,237,0,0,60,3374,2667,33747,3500,0,40000,0x07
2026-09-06T11:33:11.785-03:00,238,0,0,60,3374,2667,33747,3500,0,40000,0x07
2026-09-06T11:33:11.805-03:00,239,0,0,58,3374,2724,33503,3500,0,40000,0x07
2026-09-06T11:33:11.823-03:00,240,0,0,58,3374,2724,33503,3500,0,40000,0x07
2026-09-06T11:33:11.846-03:00,241,0,0,58,3374,2724,33503,3500,0,40000,0x07
2026-09-06T11:33:11.866-03:00,242,0,0,60,3374,2767,33322,3500,0,40000,0x07
2026-09-06T11:33:11.884-03:00,243,0,0,60,3374,2767,33322,3500,0,40000,0x07
2026-09-06T11:33:11.903-03:00,244,0,0,60,3374,2767,33322,3500,0,40000,0x07
2026-09-06T11:33:11.926-03:00,245,0,0,51,3374,2686,33664,3500,0,40000,0x07
2026-09-06T11:33:11.944-03:00,246,0,0,51,3374,2686,33664,3500,0,40000,0x07
2026-09-06T11:33:11.962-03:00,247,0,0,53,3374,2717,33533,3500,0,40000,0x07
2026-09-06T11:33:11.985-03:00,248,0,0,53,3374,2717,33533,3500,0,40000,0x07
2026-09-06T11:33:12.003-03:00,249,0,0,53,3374,2717,33533,3500,0,40000,0x07
2026-09-06T11:33:12.023-03:00,250,0,0,59,3374,2797,33195,3500,0,40000,0x07
2026-09-06T11:33:12.046-03:00,251,0,0,59,3374,2797,33195,3500,0,40000,0x07
2026-09-06T11:33:12.063-03:00,252,0,0,59,3374,2797,33195,3500,0,40000,0x07
2026-09-06T11:33:12.082-03:00,253,0,0,59,3374,2763,33339,3500,0,40000,0x07
2026-09-06T11:33:12.105-03:00,254,0,0,59,3374,2763,33339,3500,0,40000,0x07
2026-09-06T11:33:12.123-03:00,255,0,0,59,3374,2763,33339,3500,0,40000,0x07
2026-09-06T11:33:12.147-03:00,256,0,0,59,3374,2644,33843,3500,0,40000,0x07
2026-09-06T11:33:12.164-03:00,257,0,0,59,3374,2644,33843,3500,0,40000,0x07
2026-09-06T11:33:12.185-03:00,258,0,0,59,3374,2644,33843,3500,0,40000,0x07
2026-09-06T11:33:12.203-03:00,259,0,0,59,3374,2780,33267,3500,0,40000,0x07
2026-09-06T11:33:12.226-03:00,260,0,0,59,3374,2780,33267,3500,0,40000,0x07
2026-09-06T11:33:12.244-03:00,261,0,0,59,3374,2780,33267,3500,0,40000,0x07
2026-09-06T11:33:12.267-03:00,262,0,0,60,3374,2717,33535,3500,0,40000,0x07
2026-09-06T11:33:12.287-03:00,263,0,0,60,3374,2717,33535,3500,0,40000,0x07
2026-09-06T11:33:12.305-03:00,264,0,0,60,3374,2717,33535,3500,0,40000,0x07
2026-09-06T11:33:12.322-03:00,265,0,0,50,3374,2620,33946,3500,0,40000,0x07
2026-09-06T11:33:12.345-03:00,266,0,0,50,3374,2620,33946,3500,0,40000,0x07
2026-09-06T11:33:12.363-03:00,267,0,0,53,3374,2792,33213,3500,0,40000,0x07
2026-09-06T11:33:12.386-03:00,268,0,0,53,3374,2792,33213,3500,0,40000,0x07
2026-09-06T11:33:12.404-03:00,269,0,0,53,3374,2792,33213,3500,0,40000,0x07
2026-09-06T11:33:12.427-03:00,270,0,0,59,3374,2712,33555,3500,0,40000,0x07
2026-09-06T11:33:12.445-03:00,271,0,0,59,3374,2712,33555,3500,0,40000,0x07
2026-09-06T11:33:12.463-03:00,272,0,0,59,3374,2712,33555,3500,0,40000,0x07
2026-09-06T11:33:12.487-03:00,273,0,0,60,3374,2733,33464,3500,0,40000,0x07
2026-09-06T11:33:12.506-03:00,274,0,0,60,3374,2733,33464,3500,0,40000,0x07
2026-09-06T11:33:12.525-03:00,275,0,0,60,3374,2733,33464,3500,0,40000,0x07
2026-09-06T11:33:12.542-03:00,276,0,0,60,3374,2783,33251,3500,0,40000,0x07
2026-09-06T11:33:12.566-03:00,277,0,0,60,3374,2783,33251,3500,0,40000,0x07
2026-09-06T11:33:12.586-03:00,278,0,0,60,3374,2783,33251,3500,0,40000,0x07
2026-09-06T11:33:12.604-03:00,279,0,0,58,3374,2707,33576,3500,0,40000,0x07
2026-09-06T11:33:12.623-03:00,280,0,0,58,3374,2707,33576,3500,0,40000,0x07
2026-09-06T11:33:12.646-03:00,281,0,0,58,3374,2707,33576,3500,0,40000,0x07
2026-09-06T11:33:12.664-03:00,282,0,0,60,3374,2800,33180,3500,0,40000,0x07
2026-09-06T11:33:12.687-03:00,283,0,0,60,3374,2800,33180,3500,0,40000,0x07
2026-09-06T11:33:12.707-03:00,284,0,0,60,3374,2800,33180,3500,0,40000,0x07
2026-09-06T11:33:12.725-03:00,285,0,0,59,3374,2695,33627,3500,0,40000,0x07
2026-09-06T11:33:12.743-03:00,286,0,0,59,3374,2695,33627,3500,0,40000,0x07
2026-09-06T11:33:12.766-03:00,287,0,0,59,3374,2695,33627,3500,0,40000,0x07
2026-09-06T11:33:12.787-03:00,288,0,0,62,3374,2677,33701,3500,0,40000,0x07
2026-09-06T11:33:12.804-03:00,289,0,0,62,3374,2677,33701,3500,0,40000,0x07
2026-09-06T11:33:12.822-03:00,290,0,0,62,3374,2677,33701,3500,0,40000,0x07
2026-09-06T11:33:12.845-03:00,291,0,0,60,3374,2850,32968,3500,0,40000,0x07
2026-09-06T11:33:12.862-03:00,292,0,0,60,3374,2850,32968,3500,0,40000,0x07
2026-09-06T11:33:12.886-03:00,293,0,0,60,3374,2850,32968,3500,0,40000,0x07
2026-09-06T11:33:12.904-03:00,294,0,0,58,3374,2741,33430,3500,0,40000,0x07
2026-09-06T11:33:12.924-03:00,295,0,0,58,3374,2741,33430,3500,0,40000,0x07
2026-09-06T11:33:12.942-03:00,296,0,0,58,3374,2741,33430,3500,0,40000,0x07
2026-09-06T11:33:12.966-03:00,297,0,0,60,3374,2650,33818,3500,0,40000,0x07
2026-09-06T11:33:12.984-03:00,298,0,0,60,3374,2650,33818,3500,0,40000,0x07
2026-09-06T11:33:13.007-03:00,299,0,0,60,3374,2650,33818,3500,0,40000,0x07
2026-09-06T11:33:13.025-03:00,300,0,0,50,3374,2800,33180,3500,0,40000,0x07
2026-09-06T11:33:13.043-03:00,301,0,0,50,3374,2800,33180,3500,0,40000,0x07
2026-09-06T11:33:13.065-03:00,302,0,0,53,3374,2736,33453,3500,0,40000,0x07
2026-09-06T11:33:13.083-03:00,303,0,0,53,3374,2736,33453,3500,0,40000,0x07
2026-09-06T11:33:13.106-03:00,304,0,0,53,3374,2736,33453,3500,0,40000,0x07
2026-09-06T11:33:13.124-03:00,305,0,0,60,3374,2783,33251,3500,0,40000,0x07
2026-09-06T11:33:13.145-03:00,306,0,0,60,3374,2783,33251,3500,0,40000,0x07
2026-09-06T11:33:13.162-03:00,307,0,0,60,3374,2783,33251,3500,0,40000,0x07
2026-09-06T11:33:13.186-03:00,308,0,0,59,3374,2695,33627,3500,0,40000,0x07
2026-09-06T11:33:13.204-03:00,309,0,0,59,3374,2695,33627,3500,0,40000,0x07
2026-09-06T11:33:13.227-03:00,310,0,0,59,3374,2695,33627,3500,0,40000,0x07
2026-09-06T11:33:13.244-03:00,311,0,0,59,3374,2746,33411,3500,0,40000,0x07
2026-09-06T11:33:13.267-03:00,312,0,0,59,3374,2746,33411,3500,0,40000,0x07
2026-09-06T11:33:13.285-03:00,313,0,0,59,3374,2746,33411,3500,0,40000,0x07
2026-09-06T11:33:13.303-03:00,314,0,0,60,3374,2767,33322,3500,0,40000,0x07
2026-09-06T11:33:13.326-03:00,315,0,0,60,3374,2767,33322,3500,0,40000,0x07
2026-09-06T11:33:13.345-03:00,316,0,0,60,3374,2767,33322,3500,0,40000,0x07
2026-09-06T11:33:13.363-03:00,317,0,0,58,3374,2776,33283,3500,0,40000,0x07
2026-09-06T11:33:13.386-03:00,318,0,0,58,3374,2776,33283,3500,0,40000,0x07
2026-09-06T11:33:13.403-03:00,319,0,0,58,3374,2776,33283,3500,0,40000,0x07
2026-09-06T11:33:13.426-03:00,320,0,0,60,3374,2700,33606,3500,0,40000,0x07
2026-09-06T11:33:13.445-03:00,321,0,0,60,3374,2700,33606,3500,0,40000,0x07
2026-09-06T11:33:13.465-03:00,322,0,0,60,3374,2700,33606,3500,0,40000,0x07
2026-09-06T11:33:13.483-03:00,323,0,0,50,3374,2740,33436,3500,0,40000,0x07
2026-09-06T11:33:13.506-03:00,324,0,0,50,3374,2740,33436,3500,0,40000,0x07
2026-09-06T11:33:13.523-03:00,325,0,0,53,3374,2717,33533,3500,0,40000,0x07
2026-09-06T11:33:13.546-03:00,326,0,0,53,3374,2717,33533,3500,0,40000,0x07
2026-09-06T11:33:13.564-03:00,327,0,0,51,3374,2431,34747,3500,0,40000,0x07
2026-09-06T11:33:13.587-03:00,328,0,0,51,3374,2431,34747,3500,0,40000,0x07
2026-09-06T11:33:13.605-03:00,329,0,0,51,3374,2431,34747,3500,0,40000,0x07
2026-09-06T11:33:13.622-03:00,330,0,0,61,3374,2738,33445,3500,0,40000,0x07
2026-09-06T11:33:13.642-03:00,331,0,0,61,3374,2738,33445,3500,0,40000,0x07
2026-09-06T11:33:13.662-03:00,332,0,0,61,3374,2738,33445,3500,0,40000,0x07
2026-09-06T11:33:13.682-03:00,333,0,0,60,3374,2767,33322,3500,0,40000,0x07
2026-09-06T11:33:13.705-03:00,334,0,0,60,3374,2767,33322,3500,0,40000,0x07
2026-09-06T11:33:13.723-03:00,335,0,0,60,3374,2767,33322,3500,0,40000,0x07
2026-09-06T11:33:13.747-03:00,336,0,0,61,3374,2803,33167,3500,0,40000,0x07
2026-09-06T11:33:13.765-03:00,337,0,0,61,3374,2803,33167,3500,0,40000,0x07
2026-09-06T11:33:13.785-03:00,338,0,0,61,3374,2803,33167,3500,0,40000,0x07
2026-09-06T11:33:13.803-03:00,339,0,0,59,3374,2610,33987,3500,0,40000,0x07
2026-09-06T11:33:13.826-03:00,340,0,0,59,3374,2610,33987,3500,0,40000,0x07
2026-09-06T11:33:13.844-03:00,341,0,0,59,3374,2610,33987,3500,0,40000,0x07
2026-09-06T11:33:13.864-03:00,342,0,0,60,3374,2867,32897,3500,0,40000,0x07
2026-09-06T11:33:13.884-03:00,343,0,0,60,3374,2867,32897,3500,0,40000,0x07
2026-09-06T11:33:13.902-03:00,344,0,0,60,3374,2867,32897,3500,0,40000,0x07
2026-09-06T11:33:13.922-03:00,345,0,0,59,3374,2797,33195,3500,0,40000,0x07
2026-09-06T11:33:13.946-03:00,346,0,0,59,3374,2797,33195,3500,0,40000,0x07
2026-09-06T11:33:13.964-03:00,347,0,0,59,3374,2797,33195,3500,0,40000,0x07
2026-09-06T11:33:13.982-03:00,348,0,0,59,3374,2525,34347,3500,0,40000,0x07
2026-09-06T11:33:14.007-03:00,349,0,0,59,3374,2525,34347,3500,0,40000,0x07
2026-09-06T11:33:14.025-03:00,350,0,0,59,3374,2525,34347,3500,0,40000,0x07
2026-09-06T11:33:14.043-03:00,351,0,0,59,3374,2864,32907,3500,0,40000,0x07
2026-09-06T11:33:14.066-03:00,352,0,0,59,3374,2864,32907,3500,0,40000,0x07
2026-09-06T11:33:14.085-03:00,353,0,0,59,3374,2864,32907,3500,0,40000,0x07
2026-09-06T11:33:14.105-03:00,354,0,0,60,3374,2550,34243,3500,0,40000,0x07
2026-09-06T11:33:14.125-03:00,355,0,0,60,3374,2550,34243,3500,0,40000,0x07
2026-09-06T11:33:14.143-03:00,356,0,0,60,3374,2550,34243,3500,0,40000,0x07
2026-09-06T11:33:14.165-03:00,357,0,0,59,3374,2814,33123,3500,0,40000,0x07
2026-09-06T11:33:14.183-03:00,358,0,0,59,3374,2814,33123,3500,0,40000,0x07
2026-09-06T11:33:14.206-03:00,359,0,0,59,3374,2814,33123,3500,0,40000,0x07
2026-09-06T11:33:14.224-03:00,360,0,0,60,3374,2683,33676,3500,0,40000,0x07
2026-09-06T11:33:14.247-03:00,361,0,0,60,3374,2683,33676,3500,0,40000,0x07
2026-09-06T11:33:14.265-03:00,362,0,0,60,3374,2683,33676,3500,0,40000,0x07
2026-09-06T11:33:14.285-03:00,363,0,0,59,3374,2746,33411,3500,0,40000,0x07
2026-09-06T11:33:14.305-03:00,364,0,0,59,3374,2746,33411,3500,0,40000,0x07
2026-09-06T11:33:14.324-03:00,365,0,0,59,3374,2746,33411,3500,0,40000,0x07
2026-09-06T11:33:14.344-03:00,366,0,0,59,3374,2814,33123,3500,0,40000,0x07
2026-09-06T11:33:14.362-03:00,367,0,0,59,3374,2814,33123,3500,0,40000,0x07
2026-09-06T11:33:14.386-03:00,368,0,0,59,3374,2814,33123,3500,0,40000,0x07
2026-09-06T11:33:14.404-03:00,369,0,0,59,3374,2610,33987,3500,0,40000,0x07
2026-09-06T11:33:14.424-03:00,370,0,0,59,3374,2610,33987,3500,0,40000,0x07
2026-09-06T11:33:14.447-03:00,371,0,0,59,3374,2610,33987,3500,0,40000,0x07
2026-09-06T11:33:14.465-03:00,372,0,0,60,3374,2783,33251,3500,0,40000,0x07
2026-09-06T11:33:14.485-03:00,373,0,0,60,3374,2783,33251,3500,0,40000,0x07
2026-09-06T11:33:14.503-03:00,374,0,0,60,3374,2783,33251,3500,0,40000,0x07
2026-09-06T11:33:14.523-03:00,375,0,0,59,3374,2831,33051,3500,0,40000,0x07
2026-09-06T11:33:14.543-03:00,376,0,0,59,3374,2831,33051,3500,0,40000,0x07
2026-09-06T11:33:14.566-03:00,377,0,0,59,3374,2831,33051,3500,0,40000,0x07
2026-09-06T11:33:14.584-03:00,378,0,0,59,3374,2661,33771,3500,0,40000,0x07
2026-09-06T11:33:14.602-03:00,379,0,0,59,3374,2661,33771,3500,0,40000,0x07
2026-09-06T11:33:14.622-03:00,380,0,0,59,3374,2661,33771,3500,0,40000,0x07
2026-09-06T11:33:14.642-03:00,381,0,0,60,3374,2800,33180,3500,0,40000,0x07
2026-09-06T11:33:14.662-03:00,382,0,0,60,3374,2800,33180,3500,0,40000,0x07
2026-09-06T11:33:14.682-03:00,383,0,0,60,3374,2800,33180,3500,0,40000,0x07
2026-09-06T11:33:14.705-03:00,384,0,0,59,3374,2797,33195,3500,0,40000,0x07
2026-09-06T11:33:14.723-03:00,385,0,0,59,3374,2797,33195,3500,0,40000,0x07
2026-09-06T11:33:14.746-03:00,386,0,0,59,3374,2797,33195,3500,0,40000,0x07
2026-09-06T11:33:14.764-03:00,387,0,0,58,3374,2655,33796,3500,0,40000,0x07
2026-09-06T11:33:14.782-03:00,388,0,0,58,3374,2655,33796,3500,0,40000,0x07
2026-09-06T11:33:14.806-03:00,389,0,0,58,3374,2655,33796,3500,0,40000,0x07
2026-09-06T11:33:14.827-03:00,390,0,0,60,3374,2833,33039,3500,0,40000,0x07
2026-09-06T11:33:14.847-03:00,391,0,0,60,3374,2833,33039,3500,0,40000,0x07
2026-09-06T11:33:14.867-03:00,392,0,0,60,3374,2833,33039,3500,0,40000,0x07
2026-09-06T11:33:14.885-03:00,393,0,0,65,3374,2677,33704,3500,0,40000,0x07
2026-09-06T11:33:14.903-03:00,394,0,0,65,3374,2677,33704,3500,0,40000,0x07
2026-09-06T11:33:14.926-03:00,395,0,0,65,3374,2677,33704,3500,0,40000,0x07
2026-09-06T11:33:14.944-03:00,396,0,0,60,3374,2817,33110,3500,0,40000,0x07
2026-09-06T11:33:14.962-03:00,397,0,0,60,3374,2817,33110,3500,0,40000,0x07
2026-09-06T11:33:14.986-03:00,398,0,0,60,3374,2817,33110,3500,0,40000,0x07
2026-09-06T11:33:15.003-03:00,399,0,0,59,3374,2797,33195,3500,0,40000,0x07
2026-09-06T11:33:15.027-03:00,400,0,0,59,3374,2797,33195,3500,0,40000,0x07
2026-09-06T11:33:15.045-03:00,401,0,0,59,3374,2797,33195,3500,0,40000,0x07
2026-09-06T11:33:15.066-03:00,402,0,0,58,3374,2655,33796,3500,0,40000,0x07
2026-09-06T11:33:15.084-03:00,403,0,0,58,3374,2655,33796,3500,0,40000,0x07
2026-09-06T11:33:15.106-03:00,404,0,0,58,3374,2655,33796,3500,0,40000,0x07
2026-09-06T11:33:15.124-03:00,405,0,0,60,3374,2750,33393,3500,0,40000,0x07
2026-09-06T11:33:15.142-03:00,406,0,0,60,3374,2750,33393,3500,0,40000,0x07
2026-09-06T11:33:15.166-03:00,407,0,0,60,3374,2750,33393,3500,0,40000,0x07
2026-09-06T11:33:15.183-03:00,408,0,0,59,3374,2763,33339,3500,0,40000,0x07
2026-09-06T11:33:15.203-03:00,409,0,0,59,3374,2763,33339,3500,0,40000,0x07
2026-09-06T11:33:15.227-03:00,410,0,0,59,3374,2763,33339,3500,0,40000,0x07
2026-09-06T11:33:15.245-03:00,411,0,0,59,3374,2881,32835,3500,0,40000,0x07
2026-09-06T11:33:15.263-03:00,412,0,0,59,3374,2881,32835,3500,0,40000,0x07
2026-09-06T11:33:15.287-03:00,413,0,0,59,3374,2881,32835,3500,0,40000,0x07
2026-09-06T11:33:15.305-03:00,414,0,0,60,3374,2700,33606,3500,0,40000,0x07
2026-09-06T11:33:15.323-03:00,415,0,0,60,3374,2700,33606,3500,0,40000,0x07
2026-09-06T11:33:15.347-03:00,416,0,0,60,3374,2700,33606,3500,0,40000,0x07
2026-09-06T11:33:15.365-03:00,417,0,0,58,3374,2672,33723,3500,0,40000,0x07
2026-09-06T11:33:15.383-03:00,418,0,0,58,3374,2672,33723,3500,0,40000,0x07
2026-09-06T11:33:15.407-03:00,419,0,0,58,3374,2672,33723,3500,0,40000,0x07
2026-09-06T11:33:15.425-03:00,420,0,0,60,3374,2817,33110,3500,0,40000,0x07
2026-09-06T11:33:15.443-03:00,421,0,0,60,3374,2817,33110,3500,0,40000,0x07
2026-09-06T11:33:15.466-03:00,422,0,0,60,3374,2817,33110,3500,0,40000,0x07
2026-09-06T11:33:15.484-03:00,423,0,0,62,3374,2661,33770,3500,0,40000,0x07
2026-09-06T11:33:15.502-03:00,424,0,0,62,3374,2661,33770,3500,0,40000,0x07
2026-09-06T11:33:15.524-03:00,425,0,0,62,3374,2661,33770,3500,0,40000,0x07
2026-09-06T11:33:15.542-03:00,426,0,0,59,3374,2864,32907,3500,0,40000,0x07
2026-09-06T11:33:15.566-03:00,427,0,0,59,3374,2864,32907,3500,0,40000,0x07
2026-09-06T11:33:15.584-03:00,428,0,0,59,3374,2864,32907,3500,0,40000,0x07
2026-09-06T11:33:15.602-03:00,429,0,0,60,3374,2617,33960,3500,0,40000,0x07
2026-09-06T11:33:15.626-03:00,430,0,0,60,3374,2617,33960,3500,0,40000,0x07
2026-09-06T11:33:15.644-03:00,431,0,0,60,3374,2617,33960,3500,0,40000,0x07
2026-09-06T11:33:15.664-03:00,432,0,0,59,3374,2644,33843,3500,0,40000,0x07
2026-09-06T11:33:15.682-03:00,433,0,0,59,3374,2644,33843,3500,0,40000,0x07
2026-09-06T11:33:15.706-03:00,434,0,0,59,3374,2644,33843,3500,0,40000,0x07
2026-09-06T11:33:15.724-03:00,435,0,0,60,3374,2833,33039,3500,0,40000,0x07
2026-09-06T11:33:15.744-03:00,436,0,0,60,3374,2833,33039,3500,0,40000,0x07
2026-09-06T11:33:15.767-03:00,437,0,0,60,3374,2833,33039,3500,0,40000,0x07
2026-09-06T11:33:15.785-03:00,438,0,0,59,3374,2746,33411,3500,0,40000,0x07
2026-09-06T11:33:15.803-03:00,439,0,0,59,3374,2746,33411,3500,0,40000,0x07
2026-09-06T11:33:15.826-03:00,440,0,0,59,3374,2746,33411,3500,0,40000,0x07
2026-09-06T11:33:15.844-03:00,441,0,0,62,3374,2806,33153,3500,0,40000,0x07
2026-09-06T11:33:15.867-03:00,442,0,0,62,3374,2806,33153,3500,0,40000,0x07
2026-09-06T11:33:15.885-03:00,443,0,0,62,3374,2806,33153,3500,0,40000,0x07
2026-09-06T11:33:15.903-03:00,444,0,0,60,3374,2817,33110,3500,0,40000,0x07
2026-09-06T11:33:15.926-03:00,445,0,0,60,3374,2817,33110,3500,0,40000,0x07
2026-09-06T11:33:15.947-03:00,446,0,0,60,3374,2817,33110,3500,0,40000,0x07
2026-09-06T11:33:15.964-03:00,447,0,0,58,3374,2741,33430,3500,0,40000,0x07
2026-09-06T11:33:15.982-03:00,448,0,0,58,3374,2741,33430,3500,0,40000,0x07
2026-09-06T11:33:16.005-03:00,449,0,0,58,3374,2741,33430,3500,0,40000,0x07
2026-09-06T11:33:16.025-03:00,450,0,0,63,3374,2746,33410,3500,0,40000,0x07
2026-09-06T11:33:16.043-03:00,451,0,0,63,3374,2746,33410,3500,0,40000,0x07
2026-09-06T11:33:16.063-03:00,452,0,0,63,3374,2746,33410,3500,0,40000,0x07
2026-09-06T11:33:16.086-03:00,453,0,0,59,3374,2814,33123,3500,0,40000,0x07
2026-09-06T11:33:16.104-03:00,454,0,0,59,3374,2814,33123,3500,0,40000,0x07
2026-09-06T11:33:16.122-03:00,455,0,0,59,3374,2814,33123,3500,0,40000,0x07
2026-09-06T11:33:16.145-03:00,456,0,0,50,3374,2720,33520,3500,0,40000,0x07
2026-09-06T11:33:16.163-03:00,457,0,0,50,3374,2720,33520,3500,0,40000,0x07
2026-09-06T11:33:16.183-03:00,458,0,0,53,3374,2736,33453,3500,0,40000,0x07
2026-09-06T11:33:16.206-03:00,459,0,0,53,3374,2736,33453,3500,0,40000,0x07
2026-09-06T11:33:16.224-03:00,460,0,0,53,3374,2736,33453,3500,0,40000,0x07
2026-09-06T11:33:16.242-03:00,461,0,0,59,3374,2661,33771,3500,0,40000,0x07
2026-09-06T11:33:16.266-03:00,462,0,0,59,3374,2661,33771,3500,0,40000,0x07
2026-09-06T11:33:16.282-03:00,463,0,0,59,3374,2661,33771,3500,0,40000,0x07
2026-09-06T11:33:16.302-03:00,464,0,0,60,3374,2667,33747,3500,0,40000,0x07
2026-09-06T11:33:16.326-03:00,465,0,0,60,3374,2667,33747,3500,0,40000,0x07
2026-09-06T11:33:16.344-03:00,466,0,0,60,3374,2667,33747,3500,0,40000,0x07
2026-09-06T11:33:16.367-03:00,467,0,0,60,3374,2750,33393,3500,0,40000,0x07
2026-09-06T11:33:16.385-03:00,468,0,0,60,3374,2750,33393,3500,0,40000,0x07
2026-09-06T11:33:16.403-03:00,469,0,0,60,3374,2750,33393,3500,0,40000,0x07
2026-09-06T11:33:16.426-03:00,470,0,0,68,3374,2456,34643,3500,0,40000,0x07
2026-09-06T11:33:16.447-03:00,471,0,0,68,3374,2456,34643,3500,0,40000,0x07
2026-09-06T11:33:16.467-03:00,472,0,0,68,3374,2456,34643,3500,0,40000,0x07
2026-09-06T11:33:16.485-03:00,473,0,0,61,3374,2869,32888,3500,0,40000,0x07
2026-09-06T11:33:16.503-03:00,474,0,0,61,3374,2869,32888,3500,0,40000,0x07
2026-09-06T11:33:16.524-03:00,475,0,0,61,3374,2869,32888,3500,0,40000,0x07
2026-09-06T11:33:16.542-03:00,476,0,0,60,3374,2633,33889,3500,0,40000,0x07
2026-09-06T11:33:16.566-03:00,477,0,0,60,3374,2633,33889,3500,0,40000,0x07
2026-09-06T11:33:16.584-03:00,478,0,0,60,3374,2633,33889,3500,0,40000,0x07
2026-09-06T11:33:16.607-03:00,479,0,0,60,3374,2833,33039,3500,0,40000,0x07
2026-09-06T11:33:16.625-03:00,480,0,0,60,3374,2833,33039,3500,0,40000,0x07
2026-09-06T11:33:16.643-03:00,481,0,0,60,3374,2833,33039,3500,0,40000,0x07
2026-09-06T11:33:16.666-03:00,482,0,0,60,3374,2683,33676,3500,0,40000,0x07
2026-09-06T11:33:16.684-03:00,483,0,0,60,3374,2683,33676,3500,0,40000,0x07
2026-09-06T11:33:16.704-03:00,484,0,0,60,3374,2683,33676,3500,0,40000,0x07
2026-09-06T11:33:16.724-03:00,485,0,0,59,3374,2661,33771,3500,0,40000,0x07
2026-09-06T11:33:16.747-03:00,486,0,0,59,3374,2661,33771,3500,0,40000,0x07
2026-09-06T11:33:16.765-03:00,487,0,0,59,3374,2661,33771,3500,0,40000,0x07
2026-09-06T11:33:16.785-03:00,488,0,0,60,3374,2783,33251,3500,0,40000,0x07
2026-09-06T11:33:16.803-03:00,489,0,0,60,3374,2783,33251,3500,0,40000,0x07
2026-09-06T11:33:16.826-03:00,490,0,0,60,3374,2783,33251,3500,0,40000,0x07
2026-09-06T11:33:16.844-03:00,491,0,0,59,3374,2729,33483,3500,0,40000,0x07
2026-09-06T11:33:16.862-03:00,492,0,0,59,3374,2729,33483,3500,0,40000,0x07
2026-09-06T11:33:16.882-03:00,493,0,0,59,3374,2729,33483,3500,0,40000,0x07
2026-09-06T11:33:16.907-03:00,494,0,0,59,3374,2797,33195,3500,0,40000,0x07
2026-09-06T11:33:16.925-03:00,495,0,0,59,3374,2797,33195,3500,0,40000,0x07
2026-09-06T11:33:16.943-03:00,496,0,0,59,3374,2797,33195,3500,0,40000,0x07
2026-09-06T11:33:16.984-03:00,497,0,0,60,3374,2767,33322,3500,0,40000,0x07
2026-09-06T11:33:17.028-03:00,498,0,0,60,3374,2767,33322,3500,0,40000,0x07
2026-09-06T11:33:18.927-03:00,499,0,0,60,3374,2767,33322,3500,0,40000,0x07
2026-09-06T11:33:18.971-03:00,500,0,0,50,3374,2620,33946,3500,0,40000,0x07
2026-09-06T11:33:19.016-03:00,501,0,0,52,0,0,0,0,0,0,0x03
