timestamp,sequence,team,robot_id,interval_ms,left_target_eps,left_measured_eps,left_duty,right_target_eps,right_measured_eps,right_duty,flags
2026-09-06T08:41:06.022,249,0,2,51,174,118,5154,1570,725,19063,0x07
2026-09-06T08:41:06.103,253,0,2,51,179,294,4471,1564,863,18410,0x07
2026-09-06T08:41:06.168,254,0,2,51,0,0,8285,0,0,11965,0x07
2026-09-06T08:41:06.233,255,0,2,51,592,0,10800,1136,59,16543,0x07
2026-09-06T08:41:06.298,0,0,2,55,0,0,0,0,0,0,0x03
2026-09-06T08:41:06.362,1,0,2,51,0,0,0,0,0,0,0x03
2026-09-06T08:41:06.427,2,0,2,52,0,0,0,0,0,0,0x03
2026-09-06T08:41:06.492,3,0,2,52,0,0,0,0,0,0,0x03
2026-09-06T08:41:06.557,4,0,2,54,0,0,0,0,0,0,0x03
2026-09-06T08:41:06.638,5,0,2,51,0,0,0,0,0,0,0x03
2026-09-06T08:41:06.702,6,0,2,52,0,0,0,0,0,0,0x03
2026-09-06T08:41:06.767,7,0,2,50,0,0,0,0,0,0,0x03
2026-09-06T08:41:06.832,8,0,2,50,0,0,0,0,0,0,0x03
2026-09-06T08:41:06.897,9,0,2,50,0,0,0,0,0,0,0x03
2026-09-06T08:41:06.962,10,0,2,50,0,0,0,0,0,0,0x03
2026-09-06T08:41:07.026,11,0,2,50,0,0,0,0,0,0,0x03
2026-09-06T08:41:07.107,12,0,2,50,0,0,0,0,0,0,0x03
2026-09-06T08:41:07.172,13,0,2,52,0,0,0,0,0,0,0x03
2026-09-06T08:41:07.237,14,0,2,52,0,0,0,0,0,0,0x03
2026-09-06T08:41:07.302,15,0,2,51,0,0,0,0,0,0,0x03
2026-09-06T08:41:07.367,16,0,2,51,0,0,0,0,0,0,0x03
2026-09-06T08:41:07.431,17,0,2,50,0,0,0,0,0,0,0x03
2026-09-06T08:41:07.496,18,0,2,52,0,0,0,0,0,0,0x03
2026-09-06T08:41:07.561,19,0,2,51,0,0,0,0,0,0,0x03
2026-09-06T08:41:07.642,20,0,2,50,0,0,0,0,0,0,0x03
2026-09-06T08:41:07.707,21,0,2,52,0,0,0,0,0,0,0x03
2026-09-06T08:41:07.772,22,0,2,50,0,0,0,0,0,0,0x03
2026-09-06T08:41:07.837,23,0,2,50,0,0,0,0,0,0,0x03
2026-09-06T08:41:07.902,24,0,2,51,0,0,0,0,0,0,0x03
2026-09-06T08:41:07.966,25,0,2,52,0,0,0,0,0,0,0x03
2026-09-06T08:41:08.031,26,0,2,50,0,0,0,0,0,0,0x03
2026-09-06T08:41:08.096,27,0,2,51,0,0,0,0,0,0,0x03
2026-09-06T08:41:08.176,28,0,2,51,0,0,0,0,0,0,0x03
2026-09-06T08:41:08.242,29,0,2,51,0,0,0,0,0,0,0x03
2026-09-06T08:41:08.306,30,0,2,52,0,0,0,0,0,0,0x03
2026-09-06T08:41:08.371,31,0,2,50,0,0,0,0,0,0,0x03
2026-09-06T08:41:08.435,32,0,2,51,0,0,0,0,0,0,0x03
2026-09-06T08:41:08.500,33,0,2,50,0,0,0,0,0,0,0x03
2026-09-06T08:41:08.565,34,0,2,50,0,0,0,0,0,0,0x03
2026-09-06T08:41:08.645,35,0,2,52,0,0,0,0,0,0,0x03
2026-09-06T08:41:08.710,36,0,2,51,0,0,0,0,0,0,0x03
2026-09-06T08:41:08.775,37,0,2,51,0,0,0,0,0,0,0x03
2026-09-06T08:41:08.839,38,0,2,52,0,0,0,0,0,0,0x03
2026-09-06T08:41:08.904,39,0,2,50,0,0,0,0,0,0,0x03
2026-09-06T08:41:08.969,40,0,2,50,0,0,0,0,0,0,0x03
2026-09-06T08:41:09.033,41,0,2,51,0,0,0,0,0,0,0x03
2026-09-06T08:41:09.114,42,0,2,50,0,0,0,0,0,0,0x03
2026-09-06T08:41:09.179,43,0,2,50,0,0,0,0,0,0,0x03
2026-09-06T08:41:09.244,44,0,2,51,0,0,0,0,0,0,0x03
2026-09-06T08:41:09.309,45,0,2,55,0,0,0,0,0,0,0x03
2026-09-06T08:41:09.373,46,0,2,51,0,0,0,0,0,0,0x03
2026-09-06T08:41:09.438,47,0,2,50,0,0,0,0,0,0,0x03
2026-09-06T08:41:09.519,48,0,2,52,0,0,0,0,0,0,0x03
2026-09-06T08:41:09.568,49,0,2,50,0,0,0,0,0,0,0x03
2026-09-06T08:41:09.649,50,0,2,50,0,0,0,0,0,0,0x03
2026-09-06T08:41:09.714,51,0,2,50,0,0,0,0,0,0,0x03
2026-09-06T08:41:09.779,52,0,2,50,0,0,0,0,0,0,0x03
2026-09-06T08:41:09.844,53,0,2,51,0,0,0,0,0,0,0x03
2026-09-06T08:41:09.909,54,0,2,50,0,0,0,0,0,0,0x03
2026-09-06T08:41:09.974,55,0,2,51,0,0,0,0,0,0,0x03
2026-09-06T08:41:10.055,56,0,2,50,0,0,0,0,0,0,0x03
2026-09-06T08:41:10.104,57,0,2,52,0,0,0,0,0,0,0x03
2026-09-06T08:41:10.185,58,0,2,51,0,0,0,0,0,0,0x03
2026-09-06T08:41:10.250,59,0,2,51,0,0,0,0,0,0,0x03
2026-09-06T08:41:10.315,60,0,2,52,0,0,0,0,0,0,0x03
2026-09-06T08:41:10.380,61,0,2,50,0,0,0,0,0,0,0x03
2026-09-06T08:41:10.445,62,0,2,52,0,0,0,0,0,0,0x03
2026-09-06T08:41:10.510,63,0,2,50,0,0,0,0,0,0,0x03
2026-09-06T08:41:10.575,64,0,2,50,0,0,0,0,0,0,0x03
2026-09-06T08:41:10.640,65,0,2,51,0,0,0,0,0,0,0x03
2026-09-06T08:41:10.721,66,0,2,52,0,0,0,0,0,0,0x03
2026-09-06T08:41:10.786,67,0,2,50,0,0,0,0,0,0,0x03
2026-09-06T08:41:10.851,68,0,2,50,0,0,0,0,0,0,0x03
2026-09-06T08:41:10.916,69,0,2,52,0,0,0,0,0,0,0x03
2026-09-06T08:41:10.981,70,0,2,52,0,0,0,0,0,0,0x03
2026-09-06T08:41:11.046,71,0,2,52,0,0,0,0,0,0,0x03
2026-09-06T08:41:11.111,72,0,2,50,0,0,0,0,0,0,0x03
2026-09-06T08:41:11.177,73,0,2,51,0,0,0,0,0,0,0x03
2026-09-06T08:41:11.258,74,0,2,51,0,0,0,0,0,0,0x03
2026-09-06T08:41:11.322,75,0,2,51,0,0,0,0,0,0,0x03
2026-09-06T08:41:11.387,76,0,2,50,0,0,0,0,0,0,0x03
2026-09-06T08:41:11.452,77,0,2,50,0,0,0,0,0,0,0x03
2026-09-06T08:41:11.517,78,0,2,51,0,0,0,0,0,0,0x03
2026-09-06T08:41:11.582,79,0,2,51,0,0,0,0,0,0,0x03
2026-09-06T08:41:11.647,80,0,2,56,3374,0,40000,3402,0,40000,0x07
2026-09-06T08:41:11.712,81,0,2,50,3374,420,40000,3402,1080,40000,0x07
2026-09-06T08:41:11.793,82,0,2,50,3374,720,40000,3451,1420,39333,0x07
2026-09-06T08:41:11.858,83,0,2,52,3374,1154,40000,3451,1115,40000,0x07
2026-09-06T08:41:11.923,84,0,2,57,3367,1509,38580,3485,1860,37888,0x07
2026-09-06T08:41:11.988,85,0,2,51,3367,1843,37159,3485,1627,38875,0x07
2026-09-06T08:41:12.053,86,0,2,50,3328,1880,36529,3500,1660,38918,0x07
2026-09-06T08:41:12.118,87,0,2,58,3319,1966,36049,3500,1845,38132,0x07
2026-09-06T08:41:12.183,88,0,2,65,3176,1631,35705,3500,1723,38650,0x07
2026-09-06T08:41:12.249,89,0,2,51,3176,1569,35969,3500,1706,38723,0x07
2026-09-06T08:41:12.330,90,0,2,51,3103,2039,33075,3439,2098,36305,0x07
2026-09-06T08:41:12.378,91,0,2,52,2914,2000,30918,3330,2115,34883,0x07
2026-09-06T08:41:12.460,92,0,2,51,2446,1843,25810,2945,1745,31700,0x07
2026-09-06T08:41:12.525,93,0,2,52,2446,1596,26860,2945,1865,31188,0x07
2026-09-06T08:41:12.590,94,0,2,50,2102,1440,23292,2673,2260,26159,0x07
2026-09-06T08:41:12.655,95,0,2,51,1864,1490,20143,2434,1980,24392,0x07
2026-09-06T08:41:12.720,96,0,2,60,0,0,0,0,0,0,0x03
2026-09-06T08:41:12.785,97,0,2,57,1980,88,27526,2363,88,31563,0x07
2026-09-06T08:41:12.866,98,0,2,52,1980,1615,21034,2363,1731,24580,0x07
2026-09-06T08:41:12.930,99,0,2,52,2230,1673,23872,2600,1885,26852,0x07
2026-09-06T08:41:12.995,100,0,2,51,0,0,0,0,0,0,0x03
2026-09-06T08:41:13.060,101,0,2,50,0,0,0,0,0,0,0x03
2026-09-06T08:41:13.125,102,0,2,50,0,0,25142,0,0,26271,0x07
2026-09-06T08:41:13.190,103,0,2,50,2680,380,34918,2904,560,36231,0x07
2026-09-06T08:41:13.256,104,0,2,55,3116,1364,36109,3269,1345,37399,0x07
2026-09-06T08:41:13.321,105,0,2,50,3116,1540,35359,3269,1720,35807,0x07
2026-09-06T08:41:13.402,106,0,2,51,3319,1588,37653,3398,1569,38045,0x07
2026-09-06T08:41:13.450,107,0,2,52,3374,1788,37480,3423,1750,37590,0x07
2026-09-06T08:41:13.532,108,0,2,52,3374,1846,37234,3348,1596,37318,0x07
2026-09-06T08:41:13.597,109,0,2,51,3374,1686,37914,3348,1784,36519,0x07
2026-09-06T08:41:13.662,110,0,2,50,3345,1820,36992,3287,1760,35867,0x07
2026-09-06T08:41:13.726,111,0,2,62,2999,1742,33058,2912,1710,31444,0x07
2026-09-06T08:41:13.791,112,0,2,70,3069,2129,32271,2994,1900,31651,0x07
2026-09-06T08:41:13.856,113,0,2,63,3161,1905,34358,3172,1984,33493,0x07
2026-09-06T08:41:13.921,114,0,2,64,3189,1953,34497,3500,2031,37340,0x07
2026-09-06T08:41:14.002,115,0,2,66,2457,1955,25479,3306,1742,36170,0x07
2026-09-06T08:41:14.067,116,0,2,65,3031,1846,33010,-1394,-62,19720,0x07
2026-09-06T08:41:14.132,117,0,2,57,1303,2456,9121,399,0,7690,0x07
2026-09-06T08:41:14.197,118,0,2,50,1303,1900,11484,399,500,5565,0x07
2026-09-06T08:41:14.263,119,0,2,50,1379,1640,13525,320,980,2553,0x07
2026-09-06T08:41:14.328,120,0,2,56,1410,1589,14127,288,446,4423,0x07
2026-09-06T08:41:14.393,121,0,2,50,1410,1500,14506,288,500,4196,0x07
2026-09-06T08:41:14.458,122,0,2,50,1327,1400,13913,373,500,5250,0x07
2026-09-06T08:41:14.523,123,0,2,52,1202,1038,13908,503,385,7343,0x07
2026-09-06T08:41:14.604,124,0,2,52,1050,1019,12114,661,788,7575,0x07
2026-09-06T08:41:14.669,125,0,2,52,1050,904,12604,661,808,7494,0x07
2026-09-06T08:41:14.734,126,0,2,50,1431,980,16970,1083,680,13246,0x07
2026-09-06T08:41:14.799,127,0,2,51,1934,922,23425,1692,843,20070,0x07
2026-09-06T08:41:14.864,128,0,2,50,2315,1040,27615,2125,660,26197,0x07
2026-09-06T08:41:14.929,129,0,2,51,2348,1098,27768,2010,804,24164,0x07
2026-09-06T08:41:14.994,130,0,2,53,2938,1434,33614,2942,1189,34034,0x07
2026-09-06T08:41:15.059,131,0,2,51,2938,1549,33126,2942,1412,33086,0x07
2026-09-06T08:41:15.140,132,0,2,51,3151,1529,35833,3238,1294,37237,0x07
2026-09-06T08:41:15.205,133,0,2,53,3274,1698,36637,3418,1453,38783,0x07
2026-09-06T08:41:15.273,134,0,2,54,3296,2000,35616,3500,1796,38339,0x07
2026-09-06T08:41:15.335,135,0,2,51,3296,1824,36366,3500,1745,38556,0x07
2026-09-06T08:41:15.400,136,0,2,51,3177,2000,34157,3500,1647,38973,0x07
2026-09-06T08:41:15.465,137,0,2,55,-264,-182,5988,1135,1673,9666,0x07
2026-09-06T08:41:15.530,138,0,2,53,2923,38,39358,522,1736,1829,0x07
2026-09-06T08:41:15.595,139,0,2,52,2923,2077,30691,522,846,5610,0x07
2026-09-06T08:41:15.676,140,0,2,52,1310,1827,11882,257,1288,460,0x07
2026-09-06T08:41:15.741,141,0,2,51,1342,1510,13621,358,1078,2610,0x07
2026-09-06T08:41:15.806,142,0,2,53,1380,1717,13215,318,623,4054,0x07
2026-09-06T08:41:15.871,143,0,2,50,1380,1500,14137,318,560,4321,0x07
2026-09-06T08:41:15.936,144,0,2,51,1371,1392,14487,328,451,4897,0x07
2026-09-06T08:41:16.001,145,0,2,50,1282,1180,14287,420,480,5917,0x07
2026-09-06T08:41:16.066,146,0,2,50,1197,980,14094,508,540,6747,0x07
2026-09-06T08:41:16.131,147,0,2,52,1125,904,13527,583,538,7679,0x07
2026-09-06T08:41:16.212,148,0,2,51,1458,882,17722,1181,333,15929,0x07
2026-09-06T08:41:16.277,149,0,2,51,1458,1000,17222,1181,216,16429,0x07
2026-09-06T08:41:16.342,150,0,2,50,2069,880,25257,1892,320,24765,0x07
2026-09-06T08:41:16.407,151,0,2,50,2661,1160,31362,2684,920,31996,0x07
2026-09-06T08:41:16.472,152,0,2,52,3084,1308,35951,3266,942,39083,0x07
2026-09-06T08:41:16.537,153,0,2,50,3260,1540,37134,3500,1180,40000,0x07
2026-09-06T08:41:16.601,154,0,2,56,3034,1768,33372,3469,1804,37928,0x07
2026-09-06T08:41:16.666,155,0,2,50,3034,1820,33151,3469,1780,38028,0x07
2026-09-06T08:41:16.748,156,0,2,52,2804,1692,30862,3273,1673,36058,0x07
2026-09-06T08:41:16.812,157,0,2,52,2432,1885,25460,2987,1788,32038,0x07
2026-09-06T08:41:16.877,158,0,2,54,1551,1685,15453,2232,1907,22218,0x07
2026-09-06T08:41:16.942,159,0,2,50,1551,1720,15305,2232,1900,22249,0x07
2026-09-06T08:41:17.007,160,0,2,51,764,1510,6500,1572,1843,14335,0x07
2026-09-06T08:41:17.072,161,0,2,51,0,0,0,0,0,0,0x03
2026-09-06T08:41:17.137,162,0,2,50,0,0,6589,0,0,11897,0x07
2026-09-06T08:41:17.203,163,0,2,51,-382,-333,6794,1128,765,13440,0x07
2026-09-06T08:41:17.268,164,0,2,52,0,0,29374,0,0,15511,0x07
2026-09-06T08:41:17.349,165,0,2,50,3205,1940,34749,0,0,3687,0x07
2026-09-06T08:41:17.414,166,0,2,51,1578,843,19364,113,431,2336,0x07
2026-09-06T08:41:17.478,167,0,2,51,1614,922,19476,0,0,2993,0x07
2026-09-06T08:41:17.544,168,0,2,51,0,0,21901,0,0,31098,0x07
2026-09-06T08:41:17.608,169,0,2,50,0,0,5892,3500,1060,40000,0x07
2026-09-06T08:41:17.674,170,0,2,50,295,100,6722,1444,1660,13536,0x07
2026-09-06T08:41:17.739,171,0,2,56,71,357,2869,1676,732,20348,0x07
2026-09-06T08:41:17.803,172,0,2,51,71,137,3803,0,0,22327,0x07
2026-09-06T08:41:17.885,173,0,2,50,3374,240,40000,0,0,5795,0x07
2026-09-06T08:41:17.950,174,0,2,52,1327,1385,13970,374,58,7138,0x07
2026-09-06T08:41:18.014,175,0,2,57,-2017,-35,28207,3500,456,40000,0x07
2026-09-06T08:41:18.079,176,0,2,52,0,0,6186,3500,1673,38862,0x07
2026-09-06T08:41:18.144,177,0,2,50,332,60,7341,1406,1080,15534,0x07
2026-09-06T08:41:18.210,178,0,2,51,0,0,0,0,0,0,0x03
2026-09-06T08:41:18.274,179,0,2,52,0,0,5788,0,0,14562,0x07
2026-09-06T08:41:18.340,180,0,2,51,282,59,6738,1457,157,20088,0x07
2026-09-06T08:41:18.421,181,0,2,51,0,0,0,0,0,0,0x03
2026-09-06T08:41:18.486,182,0,2,50,0,0,0,0,0,0,0x03
2026-09-06T08:41:18.550,183,0,2,50,0,0,6695,0,0,13619,0x07
2026-09-06T08:41:18.616,184,0,2,52,395,0,8373,1340,0,19316,0x07
2026-09-06T08:41:18.681,185,0,2,50,398,0,8411,1337,0,19278,0x07
2026-09-06T08:41:18.745,186,0,2,52,395,0,8377,1340,0,19312,0x07
2026-09-06T08:41:18.810,187,0,2,52,373,0,8107,1363,0,19592,0x07
2026-09-06T08:41:18.875,188,0,2,51,376,0,8136,1360,0,19562,0x07
2026-09-06T08:41:18.956,189,0,2,50,355,0,7886,1381,0,19821,0x07
2026-09-06T08:41:19.021,190,0,2,50,353,0,7857,1384,0,19852,0x07
2026-09-06T08:41:19.086,191,0,2,53,345,0,7766,1392,0,19947,0x07
2026-09-06T08:41:19.151,192,0,2,50,345,0,7766,1392,0,19947,0x07
2026-09-06T08:41:19.167,193,0,2,52,342,0,7721,1395,0,19995,0x07
