timestamp,sequence,team,robot_id,interval_ms,left_target_eps,left_measured_eps,left_duty,right_target_eps,right_measured_eps,right_duty,flags
2026-09-06T10:42:18.088-03:00,18,0,2,59,0,0,0,0,0,0,0x03
2026-09-06T10:42:18.105-03:00,19,0,2,50,0,0,0,0,0,0,0x03
2026-09-06T10:42:18.128-03:00,20,0,2,50,0,0,0,0,0,0,0x03
2026-09-06T10:42:18.146-03:00,20,0,2,50,0,0,0,0,0,0,0x03
2026-09-06T10:42:18.164-03:00,20,0,2,52,0,0,0,0,0,0,0x03
2026-09-06T10:42:18.186-03:00,20,0,2,52,0,0,0,0,0,0,0x03
2026-09-06T10:42:18.206-03:00,20,0,2,50,0,0,0,0,0,0,0x03
2026-09-06T10:42:18.228-03:00,20,0,2,50,0,0,0,0,0,0,0x03
2026-09-06T10:42:18.246-03:00,20,0,2,50,0,0,0,0,0,0,0x03
2026-09-06T10:42:18.265-03:00,20,0,2,52,0,0,0,0,0,0,0x03
2026-09-06T10:42:18.288-03:00,8,0,2,52,0,0,10043,0,0,9854,0x07
2026-09-06T10:42:18.306-03:00,9,0,2,56,1012,18,14269,1050,0,14316,0x07
2026-09-06T10:42:18.324-03:00,10,0,2,56,1012,18,14269,1050,0,14316,0x07
2026-09-06T10:42:18.344-03:00,11,0,2,56,1012,18,14269,1050,0,14316,0x07
2026-09-06T10:42:18.367-03:00,12,0,2,50,1012,40,14175,1050,40,14146,0x07
2026-09-06T10:42:18.387-03:00,13,0,2,50,1012,40,14175,1050,40,14146,0x07
2026-09-06T10:42:18.405-03:00,14,0,2,52,1012,135,13773,1050,77,13990,0x07
2026-09-06T10:42:18.429-03:00,15,0,2,52,1012,135,13773,1050,77,13990,0x07
2026-09-06T10:42:18.447-03:00,16,0,2,52,1012,135,13773,1050,77,13990,0x07
2026-09-06T10:42:18.465-03:00,17,0,2,51,1012,157,13678,1050,98,13900,0x07
2026-09-06T10:42:18.488-03:00,18,0,2,51,1012,157,13678,1050,98,13900,0x07
2026-09-06T10:42:18.506-03:00,19,0,2,51,1012,157,13678,1050,98,13900,0x07
2026-09-06T10:42:18.524-03:00,20,0,2,50,1012,260,13240,1050,180,13552,0x07
2026-09-06T10:42:18.544-03:00,21,0,2,50,1012,260,13240,1050,180,13552,0x07
2026-09-06T10:42:18.567-03:00,22,0,2,55,1012,291,13108,1050,218,13389,0x07
2026-09-06T10:42:18.585-03:00,23,0,2,55,1012,291,13108,1050,218,13389,0x07
2026-09-06T10:42:18.608-03:00,24,0,2,55,1012,291,13108,1050,218,13389,0x07
2026-09-06T10:42:18.624-03:00,25,0,2,50,1012,360,12815,1050,220,13382,0x07
2026-09-06T10:42:18.644-03:00,26,0,2,50,1012,360,12815,1050,220,13382,0x07
2026-09-06T10:42:18.667-03:00,27,0,2,52,1012,423,12547,1050,250,13254,0x07
2026-09-06T10:42:18.711-03:00,28,0,2,52,1012,423,12547,1050,250,13254,0x07
2026-09-06T10:42:18.751-03:00,29,0,2,52,1012,423,12547,1050,250,13254,0x07
2026-09-06T10:42:18.794-03:00,30,0,2,50,1012,440,12475,1050,360,12786,0x07
2026-09-06T10:42:18.837-03:00,31,0,2,52,0,0,0,0,0,0,0x03
2026-09-06T10:42:18.878-03:00,32,0,2,51,0,0,0,0,0,0,0x03
