timestamp,sequence,team,robot_id,interval_ms,left_target_eps,left_measured_eps,left_duty,right_target_eps,right_measured_eps,right_duty,flags
2026-09-06T17:46:42.613-03:00,52,0,1,50,0,0,0,0,0,0,0x03
2026-09-06T17:46:42.633-03:00,53,0,1,50,0,0,0,0,0,0,0x03
2026-09-06T17:46:42.653-03:00,54,0,1,51,0,0,0,0,0,0,0x03
2026-09-06T17:46:42.671-03:00,55,0,1,50,0,0,0,0,0,0,0x03
2026-09-06T17:46:42.694-03:00,55,0,1,50,0,0,0,0,0,0,0x03
2026-09-06T17:46:42.712-03:00,55,0,1,51,0,0,0,0,0,0,0x03
2026-09-06T17:46:42.730-03:00,55,0,1,51,0,0,0,0,0,0,0x03
2026-09-06T17:46:42.754-03:00,55,0,1,51,0,0,0,0,0,0,0x03
2026-09-06T17:46:42.772-03:00,55,0,1,50,0,0,0,0,0,0,0x03
2026-09-06T17:46:42.790-03:00,55,0,1,50,0,0,0,0,0,0,0x03
2026-09-06T17:46:42.812-03:00,55,0,1,50,0,0,0,0,0,0,0x03
2026-09-06T17:46:42.832-03:00,8,0,1,50,0,0,30741,0,0,31098,0x07
2026-09-06T17:46:42.850-03:00,9,0,1,50,0,0,30741,0,0,31098,0x07
2026-09-06T17:46:42.873-03:00,10,0,1,50,3374,0,40000,3500,420,40000,0x07
2026-09-06T17:46:42.891-03:00,11,0,1,50,3374,0,40000,3500,420,40000,0x07
2026-09-06T17:46:42.913-03:00,12,0,1,53,3374,0,40000,3500,2472,35468,0x07
2026-09-06T17:46:42.931-03:00,13,0,1,53,3374,0,40000,3500,2472,35468,0x07
2026-09-06T17:46:42.955-03:00,14,0,1,53,3374,0,40000,3500,2472,35468,0x07
2026-09-06T17:46:42.973-03:00,15,0,1,51,3374,0,40000,3500,3569,30806,0x07
2026-09-06T17:46:42.991-03:00,16,0,1,51,3374,0,40000,3500,3569,30806,0x07
2026-09-06T17:46:43.014-03:00,17,0,1,54,3374,0,40000,3500,3556,30862,0x07
2026-09-06T17:46:43.033-03:00,18,0,1,54,3374,0,40000,3500,3556,30862,0x07
2026-09-06T17:46:43.051-03:00,19,0,1,54,3374,0,40000,3500,3556,30862,0x07
2026-09-06T17:46:43.074-03:00,20,0,1,51,3374,0,40000,3500,3431,31390,0x07
2026-09-06T17:46:43.092-03:00,21,0,1,51,3374,0,40000,3500,3431,31390,0x07
2026-09-06T17:46:43.110-03:00,22,0,1,51,3374,0,40000,3500,3431,31390,0x07
2026-09-06T17:46:43.134-03:00,23,0,1,51,3374,0,40000,3500,3392,31556,0x07
2026-09-06T17:46:43.152-03:00,24,0,1,51,3374,0,40000,3500,3392,31556,0x07
2026-09-06T17:46:43.170-03:00,25,0,1,55,3374,0,40000,3500,3327,31832,0x07
2026-09-06T17:46:43.194-03:00,26,0,1,55,3374,0,40000,3500,3327,31832,0x07
2026-09-06T17:46:43.212-03:00,27,0,1,55,3374,0,40000,3500,3327,31832,0x07
2026-09-06T17:46:43.230-03:00,28,0,1,51,3374,0,40000,3500,3392,31556,0x07
2026-09-06T17:46:43.253-03:00,29,0,1,51,3374,0,40000,3500,3392,31556,0x07
2026-09-06T17:46:43.271-03:00,30,0,1,50,3374,0,40000,3500,3360,31693,0x07
2026-09-06T17:46:43.294-03:00,31,0,1,50,3374,0,40000,3500,3360,31693,0x07
2026-09-06T17:46:43.313-03:00,32,0,1,50,3374,0,40000,3500,3360,31693,0x07
2026-09-06T17:46:43.331-03:00,33,0,1,51,3374,0,40000,3500,3412,31473,0x07
2026-09-06T17:46:43.351-03:00,34,0,1,51,3374,0,40000,3500,3412,31473,0x07
2026-09-06T17:46:43.374-03:00,35,0,1,50,3374,0,40000,3500,3380,31608,0x07
2026-09-06T17:46:43.393-03:00,36,0,1,50,3374,0,40000,3500,3380,31608,0x07
2026-09-06T17:46:43.411-03:00,37,0,1,50,3374,0,40000,3500,3380,31608,0x07
2026-09-06T17:46:43.435-03:00,38,0,1,51,3374,0,40000,3500,3353,31723,0x07
2026-09-06T17:46:43.473-03:00,39,0,1,51,3374,0,40000,3500,3353,31723,0x07
2026-09-06T17:46:43.473-03:00,40,0,1,51,3374,0,40000,3500,3353,31723,0x07
2026-09-06T17:46:43.491-03:00,41,0,1,53,3374,0,40000,3500,3396,31539,0x07
2026-09-06T17:46:43.514-03:00,42,0,1,53,3374,0,40000,3500,3396,31539,0x07
2026-09-06T17:46:43.532-03:00,43,0,1,56,3374,0,40000,3500,3357,31705,0x07
2026-09-06T17:46:43.555-03:00,44,0,1,56,3374,0,40000,3500,3357,31705,0x07
2026-09-06T17:46:43.575-03:00,45,0,1,56,3374,0,40000,3500,3357,31705,0x07
2026-09-06T17:46:43.594-03:00,46,0,1,51,3374,0,40000,3500,3373,31640,0x07
2026-09-06T17:46:43.639-03:00,47,0,1,51,3374,0,40000,3500,3373,31640,0x07
2026-09-06T17:46:43.682-03:00,48,0,1,51,3374,0,40000,3500,3392,31556,0x07
2026-09-06T17:46:43.724-03:00,49,0,1,51,3374,0,40000,3500,3392,31556,0x07
2026-09-06T17:46:43.767-03:00,50,0,1,51,3374,0,40000,3500,3392,31556,0x07
2026-09-06T17:46:43.835-03:00,51,0,1,54,0,0,0,0,0,0,0x03
