timestamp,sequence,team,robot_id,interval_ms,left_target_eps,left_measured_eps,left_duty,right_target_eps,right_measured_eps,right_duty,flags
2026-09-06T20:52:28.374,974,0,1,55,3374,0,40000,3398,0,40000,0x07
2026-09-06T20:52:28.443,977,0,2,52,-1653,-77,22094,-1112,-58,15814,0x07
2026-09-06T20:52:28.443,976,0,1,54,3364,19,40000,3380,0,40000,0x07
2026-09-06T20:52:28.508,979,0,2,50,0,0,0,0,0,0,0x03
2026-09-06T20:52:28.508,978,0,1,51,0,0,0,0,0,0,0x03
2026-09-06T20:52:28.574,981,0,2,51,0,0,0,0,0,0,0x03
2026-09-06T20:52:28.574,980,0,1,51,0,0,0,0,0,0,0x03
2026-09-06T20:52:28.638,1,0,2,50,0,0,0,0,0,0,0x03
2026-09-06T20:52:28.638,0,0,1,50,0,0,0,0,0,0,0x03
2026-09-06T20:52:28.704,3,0,2,50,0,0,0,0,0,0,0x03
2026-09-06T20:52:28.704,2,0,1,50,0,0,0,0,0,0,0x03
2026-09-06T20:52:28.769,5,0,2,51,0,0,0,0,0,0,0x03
2026-09-06T20:52:28.769,4,0,1,52,0,0,0,0,0,0,0x03
2026-09-06T20:52:28.834,7,0,2,51,0,0,0,0,0,0,0x03
2026-09-06T20:52:28.834,6,0,1,51,0,0,0,0,0,0,0x03
2026-09-06T20:52:28.915,9,0,2,50,0,0,0,0,0,0,0x03
2026-09-06T20:52:28.915,8,0,1,51,0,0,0,0,0,0,0x03
2026-09-06T20:52:28.980,11,0,2,50,0,0,0,0,0,0,0x03
2026-09-06T20:52:28.980,10,0,1,52,0,0,0,0,0,0,0x03
2026-09-06T20:52:29.045,13,0,2,50,0,0,0,0,0,0,0x03
2026-09-06T20:52:29.045,12,0,1,51,0,0,0,0,0,0,0x03
2026-09-06T20:52:29.175,15,0,2,52,0,0,0,0,0,0,0x03
2026-09-06T20:52:29.175,14,0,1,54,0,0,0,0,0,0,0x03
2026-09-06T20:52:29.241,17,0,2,51,0,0,0,0,0,0,0x03
2026-09-06T20:52:29.241,16,0,1,55,0,0,0,0,0,0,0x03
2026-09-06T20:52:29.306,19,0,2,50,0,0,0,0,0,0,0x03
2026-09-06T20:52:29.306,18,0,1,51,0,0,0,0,0,0,0x03
2026-09-06T20:52:29.371,21,0,2,52,0,0,0,0,0,0,0x03
2026-09-06T20:52:29.371,20,0,1,50,0,0,0,0,0,0,0x03
2026-09-06T20:52:29.436,23,0,2,51,0,0,0,0,0,0,0x03
2026-09-06T20:52:29.436,22,0,1,51,0,0,0,0,0,0,0x03
2026-09-06T20:52:29.517,25,0,2,52,0,0,0,0,0,0,0x03
2026-09-06T20:52:29.517,24,0,1,51,0,0,0,0,0,0,0x03
2026-09-06T20:52:29.583,27,0,2,51,0,0,0,0,0,0,0x03
2026-09-06T20:52:29.583,26,0,1,50,0,0,0,0,0,0,0x03
2026-09-06T20:52:29.647,29,0,2,51,0,0,0,0,0,0,0x03
2026-09-06T20:52:29.647,28,0,1,54,0,0,0,0,0,0,0x03
2026-09-06T20:52:29.712,31,0,2,50,0,0,0,0,0,0,0x03
2026-09-06T20:52:29.712,30,0,1,52,0,0,0,0,0,0,0x03
2026-09-06T20:52:29.777,33,0,2,50,0,0,0,0,0,0,0x03
2026-09-06T20:52:29.777,32,0,1,50,0,0,0,0,0,0,0x03
2026-09-06T20:52:29.842,35,0,2,50,0,0,0,0,0,0,0x03
2026-09-06T20:52:29.842,34,0,1,50,0,0,0,0,0,0,0x03
2026-09-06T20:52:29.907,37,0,2,52,0,0,0,0,0,0,0x03
2026-09-06T20:52:29.907,36,0,1,52,0,0,0,0,0,0,0x03
2026-09-06T20:52:29.972,39,0,2,50,0,0,0,0,0,0,0x03
2026-09-06T20:52:29.972,38,0,1,52,0,0,0,0,0,0,0x03
2026-09-06T20:52:30.052,41,0,2,51,0,0,0,0,0,0,0x03
2026-09-06T20:52:30.052,40,0,1,51,0,0,0,0,0,0,0x03
2026-09-06T20:52:30.118,43,0,2,51,0,0,0,0,0,0,0x03
2026-09-06T20:52:30.118,42,0,1,50,0,0,0,0,0,0,0x03
2026-09-06T20:52:30.184,45,0,2,50,0,0,0,0,0,0,0x03
2026-09-06T20:52:30.184,44,0,1,50,0,0,0,0,0,0,0x03
2026-09-06T20:52:30.248,47,0,2,50,0,0,0,0,0,0,0x03
2026-09-06T20:52:30.248,46,0,1,50,0,0,0,0,0,0,0x03
2026-09-06T20:52:30.312,49,0,2,50,0,0,0,0,0,0,0x03
2026-09-06T20:52:30.312,48,0,1,50,0,0,0,0,0,0,0x03
2026-09-06T20:52:30.377,51,0,2,50,0,0,0,0,0,0,0x03
2026-09-06T20:52:30.377,50,0,1,50,0,0,0,0,0,0,0x03
2026-09-06T20:52:30.442,53,0,2,50,0,0,0,0,0,0,0x03
2026-09-06T20:52:30.442,52,0,1,50,0,0,0,0,0,0,0x03
2026-09-06T20:52:30.523,55,0,2,52,0,0,0,0,0,0,0x03
2026-09-06T20:52:30.523,54,0,1,50,0,0,28526,0,0,30643,0x07
2026-09-06T20:52:30.588,57,0,2,51,0,0,0,0,0,0,0x03
2026-09-06T20:52:30.588,56,0,1,50,3374,80,40000,3466,20,40000,0x07
2026-09-06T20:52:30.653,59,0,2,51,0,0,0,0,0,0,0x03
2026-09-06T20:52:30.653,58,0,1,52,3366,0,40000,3500,0,40000,0x07
2026-09-06T20:52:30.719,61,0,2,50,0,0,0,0,0,0,0x03
2026-09-06T20:52:30.719,60,0,1,50,3374,0,40000,3490,20,40000,0x07
2026-09-06T20:52:30.784,63,0,2,52,0,0,0,0,0,0,0x03
2026-09-06T20:52:30.784,62,0,1,52,3374,0,40000,3490,0,40000,0x07
2026-09-06T20:52:30.849,65,0,2,50,0,0,0,0,0,0,0x03
2026-09-06T20:52:30.849,64,0,1,51,3357,0,40000,3500,0,40000,0x07
2026-09-06T20:52:30.915,67,0,2,51,0,0,0,0,0,0,0x03
2026-09-06T20:52:30.915,66,0,1,50,3357,0,40000,3500,0,40000,0x07
2026-09-06T20:52:30.980,69,0,2,51,0,0,0,0,0,0,0x03
2026-09-06T20:52:30.980,68,0,1,52,3372,0,40000,3500,0,40000,0x07
2026-09-06T20:52:31.045,71,0,2,50,0,0,0,0,0,0,0x03
2026-09-06T20:52:31.045,70,0,1,51,3351,0,40000,3500,0,40000,0x07
2026-09-06T20:52:31.126,73,0,2,50,0,0,0,0,0,0,0x03
2026-09-06T20:52:31.126,72,0,1,50,3368,0,40000,3500,0,40000,0x07
2026-09-06T20:52:31.175,75,0,2,52,0,0,0,0,0,0,0x03
2026-09-06T20:52:31.176,74,0,1,52,3332,0,40000,3500,0,40000,0x07
2026-09-06T20:52:31.257,77,0,2,51,0,0,0,0,0,0,0x03
2026-09-06T20:52:31.257,76,0,1,50,3336,0,40000,3500,0,40000,0x07
2026-09-06T20:52:31.322,79,0,2,51,0,0,0,0,0,0,0x03
2026-09-06T20:52:31.322,78,0,1,51,3360,0,40000,3499,0,40000,0x07
2026-09-06T20:52:31.387,81,0,2,50,0,0,0,0,0,0,0x03
2026-09-06T20:52:31.387,80,0,1,50,3374,0,40000,3485,0,40000,0x07
2026-09-06T20:52:31.452,83,0,2,50,0,0,0,0,0,0,0x03
2026-09-06T20:52:31.452,82,0,1,50,3367,0,40000,3500,0,40000,0x07
2026-09-06T20:52:31.517,85,0,2,52,0,0,0,0,0,0,0x03
2026-09-06T20:52:31.517,84,0,1,52,3326,0,40000,0,0,16461,0x07
2026-09-06T20:52:31.583,87,0,2,51,0,0,0,0,0,0,0x03
2026-09-06T20:52:31.583,86,0,1,50,1687,0,22605,-1750,-60,23644,0x07
2026-09-06T20:52:31.648,89,0,2,51,0,0,0,0,0,0,0x03
2026-09-06T20:52:31.648,88,0,1,51,1687,0,22605,-1750,0,23898,0x07
2026-09-06T20:52:31.712,91,0,2,52,0,0,0,0,0,0,0x03
2026-09-06T20:52:31.713,90,0,1,53,1687,0,22605,-1750,0,23898,0x07
2026-09-06T20:52:31.793,93,0,2,50,0,0,0,0,0,0,0x03
2026-09-06T20:52:31.793,92,0,1,50,1687,0,22605,-1750,0,23898,0x07
2026-09-06T20:52:31.859,95,0,2,52,0,0,0,0,0,0,0x03
2026-09-06T20:52:31.859,94,0,1,50,1687,0,22605,-1750,0,23898,0x07
2026-09-06T20:52:31.923,97,0,2,50,0,0,0,0,0,0,0x03
2026-09-06T20:52:31.923,96,0,1,52,0,0,0,0,0,0,0x03
2026-09-06T20:52:31.988,99,0,2,50,0,0,0,0,0,0,0x03
2026-09-06T20:52:31.988,98,0,1,52,0,0,27657,0,0,30924,0x07
2026-09-06T20:52:32.053,101,0,2,50,0,0,0,0,0,0,0x03
2026-09-06T20:52:32.053,100,0,1,51,3262,39,40000,3500,59,40000,0x07
2026-09-06T20:52:32.118,103,0,2,51,0,0,0,0,0,0,0x03
2026-09-06T20:52:32.118,102,0,1,50,3303,0,40000,3495,0,40000,0x07
2026-09-06T20:52:32.184,105,0,2,51,0,0,0,0,0,0,0x03
2026-09-06T20:52:32.184,104,0,1,51,3303,0,40000,3495,0,40000,0x07
2026-09-06T20:52:32.249,107,0,2,50,0,0,0,0,0,0,0x03
2026-09-06T20:52:32.250,106,0,1,50,3300,0,40000,3496,0,40000,0x07
2026-09-06T20:52:32.330,109,0,2,52,0,0,0,0,0,0,0x03
2026-09-06T20:52:32.330,108,0,1,50,3259,0,40000,3497,0,40000,0x07
2026-09-06T20:52:32.395,111,0,2,50,0,0,0,0,0,0,0x03
2026-09-06T20:52:32.395,110,0,1,51,3282,0,40000,3482,0,40000,0x07
2026-09-06T20:52:32.461,113,0,2,50,0,0,0,0,0,0,0x03
2026-09-06T20:52:32.461,112,0,1,51,3239,0,40000,3484,0,40000,0x07
2026-09-06T20:52:32.526,115,0,2,51,0,0,0,0,0,0,0x03
2026-09-06T20:52:32.526,114,0,1,51,3214,0,40000,3468,0,40000,0x07
2026-09-06T20:52:32.591,117,0,2,50,0,0,0,0,0,0,0x03
2026-09-06T20:52:32.591,116,0,1,52,3246,0,40000,3459,0,40000,0x07
2026-09-06T20:52:32.656,119,0,2,54,0,0,0,0,0,0,0x03
2026-09-06T20:52:32.656,118,0,1,50,3257,0,40000,3467,0,40000,0x07
2026-09-06T20:52:32.721,121,0,2,50,0,0,0,0,0,0,0x03
2026-09-06T20:52:32.721,120,0,1,51,3213,0,40000,3468,0,40000,0x07
2026-09-06T20:52:32.786,123,0,2,51,0,0,0,0,0,0,0x03
2026-09-06T20:52:32.786,122,0,1,54,3240,0,40000,3464,0,40000,0x07
2026-09-06T20:52:32.868,125,0,2,50,0,0,0,0,0,0,0x03
2026-09-06T20:52:32.868,124,0,1,51,3240,0,40000,3464,0,40000,0x07
2026-09-06T20:52:32.933,127,0,2,50,0,0,0,0,0,0,0x03
2026-09-06T20:52:32.933,126,0,1,51,3237,0,40000,3465,0,40000,0x07
2026-09-06T20:52:32.998,129,0,2,51,0,0,0,0,0,0,0x03
2026-09-06T20:52:32.998,128,0,1,52,3194,0,40000,0,0,16461,0x07
2026-09-06T20:52:33.063,131,0,2,53,0,0,0,0,0,0,0x03
2026-09-06T20:52:33.063,130,0,1,50,1687,0,22605,-1750,-20,23814,0x07
2026-09-06T20:52:33.128,133,0,2,50,0,0,0,0,0,0,0x03
2026-09-06T20:52:33.128,132,0,1,51,1687,0,22605,-1750,0,23898,0x07
2026-09-06T20:52:33.193,135,0,2,52,0,0,0,0,0,0,0x03
2026-09-06T20:52:33.193,134,0,1,51,1687,0,22605,-1750,0,23898,0x07
2026-09-06T20:52:33.258,137,0,2,51,0,0,0,0,0,0,0x03
2026-09-06T20:52:33.258,136,0,1,50,1687,0,22605,-1750,0,23898,0x07
2026-09-06T20:52:33.324,139,0,2,55,0,0,0,0,0,0,0x03
2026-09-06T20:52:33.324,138,0,1,50,1687,0,22605,-1750,0,23898,0x07
2026-09-06T20:52:33.389,141,0,2,51,0,0,0,0,0,0,0x03
2026-09-06T20:52:33.389,140,0,1,52,0,0,0,0,0,0,0x03
2026-09-06T20:52:33.471,143,0,2,52,0,0,0,0,0,0,0x03
2026-09-06T20:52:33.471,142,0,1,57,3148,0,40000,3434,0,40000,0x07
2026-09-06T20:52:33.520,145,0,2,50,0,0,0,0,0,0,0x03
2026-09-06T20:52:33.520,144,0,1,51,3148,118,39655,3434,137,40000,0x07
2026-09-06T20:52:33.601,147,0,2,50,0,0,0,0,0,0,0x03
2026-09-06T20:52:33.601,146,0,1,52,3113,0,39733,3406,0,40000,0x07
2026-09-06T20:52:33.667,149,0,2,50,0,0,0,0,0,0,0x03
2026-09-06T20:52:33.667,148,0,1,50,0,0,0,0,0,0,0x03
2026-09-06T20:52:33.732,151,0,2,51,0,0,0,0,0,0,0x03
2026-09-06T20:52:33.732,150,0,1,51,0,0,0,0,0,0,0x03
2026-09-06T20:52:33.797,153,0,2,50,0,0,0,0,0,0,0x03
2026-09-06T20:52:33.797,152,0,1,51,0,0,0,0,0,0,0x03
2026-09-06T20:52:33.862,155,0,2,51,0,0,0,0,0,0,0x03
2026-09-06T20:52:33.862,154,0,1,52,0,0,0,0,0,0,0x03
2026-09-06T20:52:33.928,157,0,2,50,0,0,0,0,0,0,0x03
2026-09-06T20:52:33.928,156,0,1,50,0,0,0,0,0,0,0x03
2026-09-06T20:52:33.993,159,0,2,50,0,0,0,0,0,0,0x03
2026-09-06T20:52:33.993,158,0,1,51,0,0,0,0,0,0,0x03
2026-09-06T20:52:34.057,161,0,2,50,0,0,0,0,0,0,0x03
2026-09-06T20:52:34.057,160,0,1,51,0,0,0,0,0,0,0x03
2026-09-06T20:52:34.138,163,0,2,50,0,0,0,0,0,0,0x03
2026-09-06T20:52:34.138,162,0,1,51,0,0,0,0,0,0,0x03
2026-09-06T20:52:34.203,165,0,2,51,0,0,0,0,0,0,0x03
2026-09-06T20:52:34.203,164,0,1,51,0,0,16616,0,0,3301,0x07
2026-09-06T20:52:34.268,167,0,2,52,0,0,0,0,0,0,0x03
2026-09-06T20:52:34.268,166,0,1,50,1839,80,24092,0,0,6596,0x07
2026-09-06T20:52:34.333,169,0,2,52,0,0,0,0,0,0,0x03
2026-09-06T20:52:34.333,168,0,1,50,0,0,0,0,0,0,0x03
2026-09-06T20:52:34.397,171,0,2,50,0,0,0,0,0,0,0x03
2026-09-06T20:52:34.397,170,0,1,51,0,0,11763,0,0,6052,0x07
2026-09-06T20:52:34.462,173,0,2,50,0,0,0,0,0,0,0x03
2026-09-06T20:52:34.462,172,0,1,51,1214,39,16756,491,20,8054,0x07
2026-09-06T20:52:34.527,175,0,2,52,0,0,0,0,0,0,0x03
2026-09-06T20:52:34.527,174,0,1,51,1216,20,16864,489,118,7612,0x07
2026-09-06T20:52:34.593,177,0,2,51,0,0,0,0,0,0,0x03
2026-09-06T20:52:34.593,176,0,1,52,1195,19,16610,511,115,7897,0x07
2026-09-06T20:52:34.674,179,0,2,50,0,0,0,0,0,0,0x03
2026-09-06T20:52:34.674,178,0,1,51,1169,0,16380,538,0,8725,0x07
2026-09-06T20:52:34.739,181,0,2,50,0,0,0,0,0,0,0x03
2026-09-06T20:52:34.739,180,0,1,50,1146,0,16104,561,0,9022,0x07
2026-09-06T20:52:34.803,183,0,2,50,0,0,0,0,0,0,0x03
2026-09-06T20:52:34.803,182,0,1,51,0,0,0,0,0,0,0x03
2026-09-06T20:52:34.869,185,0,2,50,0,0,0,0,0,0,0x03
2026-09-06T20:52:34.869,184,0,1,51,0,0,0,0,0,0,0x03
2026-09-06T20:52:35.129,187,0,2,51,0,0,0,0,0,0,0x03
2026-09-06T20:52:35.129,186,0,1,55,0,0,0,0,0,0,0x03
2026-09-06T20:52:35.210,189,0,2,54,0,0,0,0,0,0,0x03
2026-09-06T20:52:35.210,188,0,1,50,0,0,0,0,0,0,0x03
2026-09-06T20:52:35.275,191,0,2,51,0,0,0,0,0,0,0x03
2026-09-06T20:52:35.275,190,0,1,50,0,0,0,0,0,0,0x03
2026-09-06T20:52:35.340,193,0,2,50,0,0,0,0,0,0,0x03
2026-09-06T20:52:35.341,192,0,1,51,0,0,0,0,0,0,0x03
2026-09-06T20:52:35.406,195,0,2,54,0,0,0,0,0,0,0x03
2026-09-06T20:52:35.406,194,0,1,50,0,0,0,0,0,0,0x03
2026-09-06T20:52:35.471,197,0,2,51,0,0,0,0,0,0,0x03
2026-09-06T20:52:35.471,196,0,1,50,0,0,22714,0,0,30924,0x07
2026-09-06T20:52:35.536,199,0,2,51,0,0,0,0,0,0,0x03
2026-09-06T20:52:35.536,198,0,1,52,3151,1538,33649,3461,1500,38938,0x07
2026-09-06T20:52:35.602,201,0,2,51,0,0,0,0,0,0,0x03
2026-09-06T20:52:35.602,200,0,1,50,3151,1640,33218,3461,2500,34688,0x07
2026-09-06T20:52:35.667,203,0,2,55,0,0,0,0,0,0,0x03
2026-09-06T20:52:35.667,202,0,1,51,2931,2000,29049,3352,2863,31776,0x07
2026-09-06T20:52:35.732,205,0,2,51,0,0,0,0,0,0,0x03
2026-09-06T20:52:35.732,204,0,1,52,2592,1827,25708,3109,2769,29137,0x07
2026-09-06T20:52:35.797,207,0,2,51,0,0,0,0,0,0,0x03
2026-09-06T20:52:35.797,206,0,1,50,0,0,0,0,0,0,0x03
2026-09-06T20:52:35.879,209,0,2,52,0,0,0,0,0,0,0x03
2026-09-06T20:52:35.879,208,0,1,50,0,0,0,0,0,0,0x03
2026-09-06T20:52:35.944,211,0,2,50,0,0,0,0,0,0,0x03
2026-09-06T20:52:35.945,210,0,1,50,0,0,0,0,0,0,0x03
2026-09-06T20:52:36.009,213,0,2,51,0,0,0,0,0,0,0x03
2026-09-06T20:52:36.009,212,0,1,52,0,0,0,0,0,0,0x03
2026-09-06T20:52:36.074,215,0,2,50,0,0,0,0,0,0,0x03
2026-09-06T20:52:36.074,214,0,1,51,0,0,2610,0,0,16165,0x07
2026-09-06T20:52:36.139,217,0,2,52,0,0,0,0,0,0,0x03
2026-09-06T20:52:36.139,216,0,1,50,0,0,25398,0,0,29125,0x07
2026-09-06T20:52:36.204,219,0,2,50,0,0,0,0,0,0,0x03
2026-09-06T20:52:36.204,218,0,1,50,0,0,22502,0,0,26674,0x07
2026-09-06T20:52:36.269,221,0,2,51,0,0,0,0,0,0,0x03
2026-09-06T20:52:36.269,220,0,1,51,0,0,28526,0,0,30858,0x07
2026-09-06T20:52:36.334,223,0,2,54,0,0,0,0,0,0,0x03
2026-09-06T20:52:36.334,222,0,1,51,-3374,-725,39782,-3492,-529,40000,0x07
2026-09-06T20:52:36.415,225,0,2,51,0,0,0,0,0,0,0x03
2026-09-06T20:52:36.415,224,0,1,50,-3374,-1360,37086,-3423,-40,40000,0x07
2026-09-06T20:52:36.480,227,0,2,52,0,0,0,0,0,0,0x03
2026-09-06T20:52:36.480,226,0,1,51,-3337,-1078,37841,-3239,0,40000,0x07
2026-09-06T20:52:36.545,229,0,2,52,0,0,0,0,0,0,0x03
2026-09-06T20:52:36.545,228,0,1,51,-3337,-1471,36174,-3239,-20,40000,0x07
2026-09-06T20:52:36.610,231,0,2,51,0,0,0,0,0,0,0x03
2026-09-06T20:52:36.610,230,0,1,50,-3216,-1700,33749,-3023,0,39829,0x07
2026-09-06T20:52:36.674,233,0,2,51,0,0,0,0,0,0,0x03
2026-09-06T20:52:36.674,232,0,1,50,-2960,-2100,28965,-2626,-20,34780,0x07
2026-09-06T20:52:36.739,235,0,2,50,0,0,0,0,0,0,0x03
2026-09-06T20:52:36.739,234,0,1,51,0,0,0,0,0,0,0x03
2026-09-06T20:52:36.804,237,0,2,51,0,0,0,0,0,0,0x03
2026-09-06T20:52:36.804,236,0,1,50,0,0,0,0,0,0,0x03
2026-09-06T20:52:36.870,239,0,2,52,0,0,0,0,0,0,0x03
2026-09-06T20:52:36.870,238,0,1,53,1579,94,20910,1092,0,15667,0x07
2026-09-06T20:52:36.951,240,0,1,51,1579,431,19478,1092,471,13667,0x07
2026-09-06T20:52:36.951,241,0,2,51,0,0,0,0,0,0,0x03
2026-09-06T20:52:37.016,243,0,2,51,0,0,0,0,0,0,0x03
2026-09-06T20:52:37.016,242,0,1,51,2748,98,34928,3500,294,40000,0x07
2026-09-06T20:52:37.081,243,0,2,51,0,0,0,0,0,0,0x03
2026-09-06T20:52:37.081,242,0,1,50,2025,700,23694,2939,580,36308,0x07
2026-09-06T20:52:37.146,243,0,2,52,0,0,0,0,0,0,0x03
2026-09-06T20:52:37.146,242,0,1,50,2025,780,23354,2939,1540,32228,0x07
2026-09-06T20:52:37.211,249,0,2,50,0,0,0,0,0,0,0x03
2026-09-06T20:52:37.276,251,0,2,51,0,0,0,0,0,0,0x03
2026-09-06T20:52:37.276,250,0,1,51,390,608,4443,1345,1157,13917,0x07
2026-09-06T20:52:37.341,253,0,2,51,0,0,0,0,0,0,0x03
2026-09-06T20:52:37.341,252,0,1,51,0,0,8962,0,0,14051,0x07
2026-09-06T20:52:37.406,253,0,2,50,0,0,0,0,0,0,0x03
2026-09-06T20:52:37.406,252,0,1,52,-853,-96,12178,-1458,-365,18697,0x07
2026-09-06T20:52:37.472,253,0,2,50,0,0,0,0,0,0,0x03
2026-09-06T20:52:37.472,256,0,1,51,-853,0,12587,-1458,-451,18333,0x07
2026-09-06T20:52:37.553,259,0,2,51,0,0,0,0,0,0,0x03
2026-09-06T20:52:37.553,258,0,1,56,-1689,-250,21570,-2144,-125,28303,0x07
2026-09-06T20:52:37.618,261,0,2,52,0,0,0,0,0,0,0x03
2026-09-06T20:52:37.618,260,0,1,52,-1689,-423,20835,-2144,0,28834,0x07
2026-09-06T20:52:37.683,263,0,2,54,0,0,0,0,0,0,0x03
2026-09-06T20:52:37.683,262,0,1,50,-2133,-640,25241,-2484,0,33084,0x07
2026-09-06T20:52:37.748,265,0,2,52,0,0,0,0,0,0,0x03
2026-09-06T20:52:37.748,264,0,1,51,-2641,-1098,29394,-2878,0,38011,0x07
2026-09-06T20:52:37.813,267,0,2,51,0,0,0,0,0,0,0x03
2026-09-06T20:52:37.813,266,0,1,50,-2989,-1360,32462,-3170,0,40000,0x07
2026-09-06T20:52:37.878,269,0,2,54,0,0,0,0,0,0,0x03
2026-09-06T20:52:37.878,268,0,1,50,-3256,-1460,35238,-3356,0,40000,0x07
2026-09-06T20:52:37.943,271,0,2,51,0,0,0,0,0,0,0x03
2026-09-06T20:52:37.943,270,0,1,53,-3374,-1981,34446,-3173,0,40000,0x07
2026-09-06T20:52:38.008,273,0,2,52,0,0,0,0,0,0,0x03
2026-09-06T20:52:38.008,272,0,1,50,-3374,-2040,34196,-3173,0,40000,0x07
2026-09-06T20:52:38.089,275,0,2,50,0,0,0,0,0,0,0x03
2026-09-06T20:52:38.089,274,0,1,51,-2884,-2078,28149,-2311,0,30915,0x07
2026-09-06T20:52:38.156,277,0,2,52,0,0,0,0,0,0,0x03
2026-09-06T20:52:38.156,276,0,1,51,-1703,-2098,13878,-817,0,12215,0x07
2026-09-06T20:52:38.221,279,0,2,50,0,0,0,0,0,0,0x03
2026-09-06T20:52:38.221,278,0,1,52,0,0,23245,0,0,22304,0x07
2026-09-06T20:52:38.287,281,0,2,51,0,0,0,0,0,0,0x03
2026-09-06T20:52:38.287,280,0,1,51,2693,412,32942,2457,431,30913,0x07
2026-09-06T20:52:38.352,283,0,2,52,0,0,0,0,0,0,0x03
2026-09-06T20:52:38.352,282,0,1,50,3128,1980,31497,3500,1100,40000,0x07
2026-09-06T20:52:38.417,285,0,2,51,0,0,0,0,0,0,0x03
2026-09-06T20:52:38.417,284,0,1,50,2474,1660,25003,3354,1620,37083,0x07
2026-09-06T20:52:38.483,287,0,2,52,0,0,0,0,0,0,0x03
2026-09-06T20:52:38.483,286,0,1,51,838,902,8576,1903,2098,16896,0x07
2026-09-06T20:52:38.548,289,0,2,54,0,0,0,0,0,0,0x03
2026-09-06T20:52:38.548,288,0,1,52,0,0,11894,0,0,16854,0x07
2026-09-06T20:52:38.612,291,0,2,50,0,0,0,0,0,0,0x03
2026-09-06T20:52:38.612,290,0,1,50,-1231,-80,16785,-1798,-760,21264,0x07
2026-09-06T20:52:38.677,293,0,2,50,0,0,0,0,0,0,0x03
2026-09-06T20:52:38.677,292,0,1,51,-2166,0,28362,-2416,-608,29650,0x07
2026-09-06T20:52:38.758,295,0,2,51,0,0,0,0,0,0,0x03
2026-09-06T20:52:38.758,294,0,1,50,-2663,-260,33228,-2886,-420,36331,0x07
2026-09-06T20:52:38.823,297,0,2,51,0,0,0,0,0,0,0x03
2026-09-06T20:52:38.823,296,0,1,54,-3235,-1093,36549,-3349,0,40000,0x07
2026-09-06T20:52:38.888,299,0,2,50,0,0,0,0,0,0,0x03
2026-09-06T20:52:38.888,298,0,1,50,-3235,-1480,34902,-3349,-20,40000,0x07
2026-09-06T20:52:38.953,301,0,2,52,0,0,0,0,0,0,0x03
2026-09-06T20:52:38.953,300,0,1,51,-3374,-1588,36116,-3426,-20,40000,0x07
2026-09-06T20:52:39.018,303,0,2,52,0,0,0,0,0,0,0x03
2026-09-06T20:52:39.018,302,0,1,51,-3374,-2078,34032,-3305,0,40000,0x07
2026-09-06T20:52:39.083,305,0,2,51,0,0,0,0,0,0,0x03
2026-09-06T20:52:39.083,304,0,1,50,-3245,-2060,32563,-2918,0,38510,0x07
2026-09-06T20:52:39.149,307,0,2,50,0,0,0,0,0,0,0x03
2026-09-06T20:52:39.149,306,0,1,50,-2556,-2080,24199,-1922,0,26044,0x07
2026-09-06T20:52:39.213,309,0,2,51,0,0,0,0,0,0,0x03
2026-09-06T20:52:39.213,308,0,1,53,1674,75,22130,1206,0,17091,0x07
2026-09-06T20:52:39.295,311,0,2,50,0,0,0,0,0,0,0x03
2026-09-06T20:52:39.295,310,0,1,51,1674,275,21284,1206,627,14424,0x07
2026-09-06T20:52:39.360,313,0,2,50,0,0,0,0,0,0,0x03
2026-09-06T20:52:39.360,312,0,1,50,2867,420,34986,3321,380,40000,0x07
2026-09-06T20:52:39.425,315,0,2,52,0,0,0,0,0,0,0x03
2026-09-06T20:52:39.425,314,0,1,51,3018,706,35594,3500,686,40000,0x07
2026-09-06T20:52:39.490,317,0,2,51,0,0,0,0,0,0,0x03
2026-09-06T20:52:39.490,316,0,1,51,2022,941,22624,2930,1706,31417,0x07
2026-09-06T20:52:39.556,319,0,2,52,0,0,0,0,0,0,0x03
2026-09-06T20:52:39.556,318,0,1,51,557,902,5196,1566,1471,15340,0x07
2026-09-06T20:52:39.621,321,0,2,51,0,0,0,0,0,0,0x03
2026-09-06T20:52:39.621,320,0,1,53,-581,-38,9161,-1213,-75,16862,0x07
2026-09-06T20:52:39.686,323,0,2,50,0,0,0,0,0,0,0x03
2026-09-06T20:52:39.686,322,0,1,51,-581,-39,9155,-1213,-765,13933,0x07
2026-09-06T20:52:39.751,325,0,2,52,0,0,0,0,0,0,0x03
2026-09-06T20:52:39.751,324,0,1,51,-1332,0,18345,-1737,-569,21319,0x07
2026-09-06T20:52:39.816,327,0,2,50,0,0,0,0,0,0,0x03
2026-09-06T20:52:39.816,326,0,1,51,-1706,-196,22002,-2123,-314,27238,0x07
2026-09-06T20:52:39.897,329,0,2,52,0,0,0,0,0,0,0x03
2026-09-06T20:52:39.897,328,0,1,54,-2391,-630,28390,-2713,0,35948,0x07
2026-09-06T20:52:39.962,331,0,2,51,0,0,0,0,0,0,0x03
2026-09-06T20:52:39.962,330,0,1,50,-2391,-900,27241,-2713,-20,35863,0x07
2026-09-06T20:52:40.027,333,0,2,52,0,0,0,0,0,0,0x03
2026-09-06T20:52:40.027,332,0,1,51,-2812,-1176,31115,-3030,0,39916,0x07
2026-09-06T20:52:40.092,335,0,2,51,0,0,0,0,0,0,0x03
2026-09-06T20:52:40.092,334,0,1,51,-3109,-1569,33023,-3264,0,40000,0x07
2026-09-06T20:52:40.157,337,0,2,51,0,0,0,0,0,0,0x03
2026-09-06T20:52:40.157,336,0,1,50,-3374,-1740,35470,-3399,0,40000,0x07
2026-09-06T20:52:40.222,339,0,2,52,0,0,0,0,0,0,0x03
2026-09-06T20:52:40.222,338,0,1,50,-3374,-2000,34366,-3267,0,40000,0x07
2026-09-06T20:52:40.286,341,0,2,51,0,0,0,0,0,0,0x03
2026-09-06T20:52:40.286,340,0,1,53,-2335,-2057,21649,-1635,0,22462,0x07
2026-09-06T20:52:40.368,343,0,2,51,0,0,0,0,0,0,0x03
2026-09-06T20:52:40.368,342,0,1,51,-2335,-1961,22056,-1635,0,22462,0x07
2026-09-06T20:52:40.433,345,0,2,50,0,0,0,0,0,0,0x03
2026-09-06T20:52:40.433,344,0,1,51,0,0,0,0,0,0,0x03
2026-09-06T20:52:40.498,347,0,2,53,0,0,0,0,0,0,0x03
2026-09-06T20:52:40.498,346,0,1,52,0,0,21313,0,0,19723,0x07
2026-09-06T20:52:40.563,349,0,2,50,0,0,0,0,0,0,0x03
2026-09-06T20:52:40.563,348,0,1,51,2444,745,28535,2145,765,25588,0x07
2026-09-06T20:52:40.628,351,0,2,50,0,0,0,0,0,0,0x03
2026-09-06T20:52:40.628,350,0,1,51,2914,1765,29846,3500,431,40000,0x07
2026-09-06T20:52:40.692,353,0,2,51,0,0,0,0,0,0,0x03
2026-09-06T20:52:40.692,352,0,1,51,1593,1667,14395,2688,784,32308,0x07
2026-09-06T20:52:40.757,355,0,2,51,0,0,0,0,0,0,0x03
2026-09-06T20:52:40.757,354,0,1,51,0,0,7409,0,0,12561,0x07
2026-09-06T20:52:40.823,357,0,2,50,0,0,0,0,0,0,0x03
2026-09-06T20:52:40.823,356,0,1,51,-653,-78,9850,-1278,-745,14827,0x07
2026-09-06T20:52:40.888,359,0,2,50,0,0,0,0,0,0,0x03
2026-09-06T20:52:40.888,358,0,1,52,-1690,-38,22477,-1993,-615,24318,0x07
2026-09-06T20:52:40.953,361,0,2,50,0,0,0,0,0,0,0x03
2026-09-06T20:52:40.953,360,0,1,52,-2911,-404,35586,-3076,-269,39350,0x07
2026-09-06T20:52:41.035,363,0,2,50,0,0,0,0,0,0,0x03
2026-09-06T20:52:41.035,362,0,1,51,-2911,-922,33386,-3076,0,40000,0x07
2026-09-06T20:52:41.100,365,0,2,50,0,0,0,0,0,0,0x03
2026-09-06T20:52:41.100,364,0,1,50,-3374,-980,38700,-3349,0,40000,0x07
2026-09-06T20:52:41.166,367,0,2,50,0,0,0,0,0,0,0x03
2026-09-06T20:52:41.166,366,0,1,50,-3374,-1360,37086,-3364,0,40000,0x07
2026-09-06T20:52:41.230,369,0,2,51,0,0,0,0,0,0,0x03
2026-09-06T20:52:41.230,368,0,1,51,-3366,-1863,34848,-3121,0,40000,0x07
2026-09-06T20:52:41.296,371,0,2,50,0,0,0,0,0,0,0x03
2026-09-06T20:52:41.296,370,0,1,51,-3004,-1961,30088,-2599,0,34524,0x07
2026-09-06T20:52:41.361,373,0,2,52,0,0,0,0,0,0,0x03
2026-09-06T20:52:41.361,372,0,1,54,-1378,-1907,10786,-543,0,8790,0x07
2026-09-06T20:52:41.425,375,0,2,51,0,0,0,0,0,0,0x03
2026-09-06T20:52:41.426,374,0,1,50,-1378,-1520,12432,-543,-20,8705,0x07
2026-09-06T20:52:41.491,377,0,2,51,0,0,0,0,0,0,0x03
2026-09-06T20:52:41.491,376,0,1,51,0,0,23303,0,0,22382,0x07
2026-09-06T20:52:41.572,379,0,2,52,0,0,0,0,0,0,0x03
2026-09-06T20:52:41.572,378,0,1,50,2701,260,33677,2466,180,32099,0x07
2026-09-06T20:52:41.637,381,0,2,51,0,0,0,0,0,0,0x03
2026-09-06T20:52:41.638,380,0,1,50,3116,2120,30760,3500,1240,40000,0x07
2026-09-06T20:52:41.702,383,0,2,52,0,0,0,0,0,0,0x03
2026-09-06T20:52:41.702,382,0,1,50,2446,2000,23227,3319,1380,37673,0x07
2026-09-06T20:52:41.768,385,0,2,52,0,0,0,0,0,0,0x03
2026-09-06T20:52:41.768,384,0,1,53,338,717,3359,1399,1321,13891,0x07
2026-09-06T20:52:41.832,387,0,2,52,0,0,0,0,0,0,0x03
2026-09-06T20:52:41.832,386,0,1,51,0,0,7247,0,0,12404,0x07
2026-09-06T20:52:41.897,389,0,2,51,0,0,0,0,0,0,0x03
2026-09-06T20:52:41.897,388,0,1,52,-632,-77,9606,-1259,-750,14569,0x07
2026-09-06T20:52:41.961,391,0,2,50,0,0,0,0,0,0,0x03
2026-09-06T20:52:41.961,390,0,1,51,-1686,0,22588,-1986,-843,23266,0x07
2026-09-06T20:52:42.026,393,0,2,51,0,0,0,0,0,0,0x03
2026-09-06T20:52:42.026,392,0,1,56,-2989,-411,36497,-3109,-339,39464,0x07
2026-09-06T20:52:42.091,395,0,2,52,0,0,0,0,0,0,0x03
2026-09-06T20:52:42.091,394,0,1,52,-2989,-923,34319,-3109,-19,40000,0x07
2026-09-06T20:52:42.173,397,0,2,51,0,0,0,0,0,0,0x03
2026-09-06T20:52:42.173,396,0,1,52,-3362,-1154,37820,-3362,-19,40000,0x07
2026-09-06T20:52:42.237,399,0,2,52,0,0,0,0,0,0,0x03
2026-09-06T20:52:42.237,398,0,1,52,-3374,-1442,36736,-3397,0,40000,0x07
2026-09-06T20:52:42.302,401,0,2,50,0,0,0,0,0,0,0x03
2026-09-06T20:52:42.303,400,0,1,56,-3092,-1946,31202,-2735,0,36228,0x07
2026-09-06T20:52:42.366,403,0,2,53,0,0,0,0,0,0,0x03
2026-09-06T20:52:42.367,402,0,1,51,-3092,-2039,30808,-2735,0,36228,0x07
2026-09-06T20:52:42.431,405,0,2,51,0,0,0,0,0,0,0x03
2026-09-06T20:52:42.431,404,0,1,50,-2479,-2040,23450,-1900,0,25777,0x07
2026-09-06T20:52:42.496,407,0,2,52,0,0,0,0,0,0,0x03
2026-09-06T20:52:42.496,406,0,1,50,0,0,12824,0,0,8762,0x07
2026-09-06T20:52:42.561,409,0,2,51,0,0,0,0,0,0,0x03
2026-09-06T20:52:42.561,408,0,1,51,1351,431,16731,819,78,11908,0x07
2026-09-06T20:52:42.643,411,0,2,55,0,0,0,0,0,0,0x03
2026-09-06T20:52:42.643,410,0,1,52,2698,250,33679,3081,346,39089,0x07
2026-09-06T20:52:42.709,413,0,2,51,0,0,0,0,0,0,0x03
2026-09-06T20:52:42.709,412,0,1,52,2268,1846,21736,3170,1077,37087,0x07
2026-09-06T20:52:42.773,415,0,2,50,0,0,0,0,0,0,0x03
2026-09-06T20:52:42.774,414,0,1,51,2268,882,25832,3170,1784,34080,0x07
2026-09-06T20:52:42.839,417,0,2,52,0,0,0,0,0,0,0x03
2026-09-06T20:52:42.839,416,0,1,51,998,980,10167,1946,1549,19772,0x07
2026-09-06T20:52:42.904,419,0,2,50,0,0,0,0,0,0,0x03
2026-09-06T20:52:42.904,418,0,1,54,339,444,4530,1398,19,19417,0x07
2026-09-06T20:52:42.969,421,0,2,52,0,0,0,0,0,0,0x03
2026-09-06T20:52:42.969,420,0,1,52,0,0,0,0,0,0,0x03
2026-09-06T20:52:43.034,423,0,2,52,0,0,0,0,0,0,0x03
2026-09-06T20:52:43.034,422,0,1,50,0,0,0,0,0,0,0x03
2026-09-06T20:52:43.099,425,0,2,51,0,0,0,0,0,0,0x03
2026-09-06T20:52:43.099,424,0,1,51,0,0,0,0,0,0,0x03
2026-09-06T20:52:43.164,427,0,2,52,0,0,0,0,0,0,0x03
2026-09-06T20:52:43.164,426,0,1,55,0,0,0,0,0,0,0x03
2026-09-06T20:52:43.245,429,0,2,52,0,0,0,0,0,0,0x03
2026-09-06T20:52:43.245,428,0,1,50,0,0,0,0,0,0,0x03
2026-09-06T20:52:43.311,431,0,2,54,0,0,0,0,0,0,0x03
2026-09-06T20:52:43.311,430,0,1,50,0,0,0,0,0,0,0x03
2026-09-06T20:52:43.376,433,0,2,51,0,0,0,0,0,0,0x03
2026-09-06T20:52:43.376,432,0,1,51,0,0,0,0,0,0,0x03
2026-09-06T20:52:43.441,435,0,2,50,0,0,0,0,0,0,0x03
2026-09-06T20:52:43.441,434,0,1,50,0,0,0,0,0,0,0x03
2026-09-06T20:52:43.505,437,0,2,50,0,0,0,0,0,0,0x03
2026-09-06T20:52:43.506,436,0,1,52,0,0,0,0,0,0,0x03
2026-09-06T20:52:43.572,439,0,2,50,0,0,0,0,0,0,0x03
2026-09-06T20:52:43.572,438,0,1,52,0,0,0,0,0,0,0x03
2026-09-06T20:52:43.637,441,0,2,51,0,0,0,0,0,0,0x03
2026-09-06T20:52:43.637,440,0,1,52,0,0,0,0,0,0,0x03
2026-09-06T20:52:43.702,443,0,2,54,0,0,0,0,0,0,0x03
2026-09-06T20:52:43.702,442,0,1,51,0,0,0,0,0,0,0x03
2026-09-06T20:52:43.783,445,0,2,52,0,0,0,0,0,0,0x03
2026-09-06T20:52:43.783,444,0,1,51,0,0,0,0,0,0,0x03
2026-09-06T20:52:43.832,447,0,2,51,0,0,0,0,0,0,0x03
2026-09-06T20:52:43.832,446,0,1,50,0,0,0,0,0,0,0x03
2026-09-06T20:52:43.913,449,0,2,52,0,0,0,0,0,0,0x03
2026-09-06T20:52:43.913,448,0,1,50,0,0,0,0,0,0,0x03
2026-09-06T20:52:43.978,451,0,2,50,0,0,0,0,0,0,0x03
2026-09-06T20:52:43.978,450,0,1,52,0,0,0,0,0,0,0x03
2026-09-06T20:52:44.043,453,0,2,51,0,0,0,0,0,0,0x03
2026-09-06T20:52:44.043,452,0,1,52,0,0,0,0,0,0,0x03
2026-09-06T20:52:44.108,455,0,2,51,0,0,0,0,0,0,0x03
2026-09-06T20:52:44.108,454,0,1,51,0,0,0,0,0,0,0x03
2026-09-06T20:52:44.174,457,0,2,50,0,0,0,0,0,0,0x03
2026-09-06T20:52:44.174,456,0,1,50,0,0,0,0,0,0,0x03
2026-09-06T20:52:44.240,459,0,2,51,0,0,0,0,0,0,0x03
2026-09-06T20:52:44.240,458,0,1,50,0,0,0,0,0,0,0x03
2026-09-06T20:52:44.305,461,0,2,51,0,0,0,0,0,0,0x03
2026-09-06T20:52:44.305,460,0,1,50,0,0,0,0,0,0,0x03
2026-09-06T20:52:44.370,463,0,2,50,0,0,0,0,0,0,0x03
2026-09-06T20:52:44.370,462,0,1,51,0,0,0,0,0,0,0x03
2026-09-06T20:52:44.450,465,0,2,52,0,0,0,0,0,0,0x03
2026-09-06T20:52:44.450,464,0,1,50,0,0,0,0,0,0,0x03
2026-09-06T20:52:44.516,467,0,2,50,0,0,0,0,0,0,0x03
2026-09-06T20:52:44.516,466,0,1,50,0,0,0,0,0,0,0x03
2026-09-06T20:52:44.581,469,0,2,50,0,0,0,0,0,0,0x03
2026-09-06T20:52:44.581,468,0,1,50,0,0,0,0,0,0,0x03
2026-09-06T20:52:44.645,471,0,2,51,0,0,0,0,0,0,0x03
2026-09-06T20:52:44.645,470,0,1,50,0,0,0,0,0,0,0x03
2026-09-06T20:52:44.710,473,0,2,50,0,0,0,0,0,0,0x03
2026-09-06T20:52:44.710,472,0,1,51,0,0,0,0,0,0,0x03
2026-09-06T20:52:44.775,475,0,2,51,0,0,0,0,0,0,0x03
2026-09-06T20:52:44.775,474,0,1,51,0,0,0,0,0,0,0x03
2026-09-06T20:52:44.840,477,0,2,52,0,0,0,0,0,0,0x03
2026-09-06T20:52:44.840,476,0,1,52,0,0,0,0,0,0,0x03
2026-09-06T20:52:44.905,479,0,2,51,0,0,0,0,0,0,0x03
2026-09-06T20:52:44.905,478,0,1,52,0,0,0,0,0,0,0x03
2026-09-06T20:52:44.987,481,0,2,51,0,0,0,0,0,0,0x03
2026-09-06T20:52:44.987,480,0,1,50,0,0,0,0,0,0,0x03
2026-09-06T20:52:45.052,483,0,2,50,0,0,0,0,0,0,0x03
2026-09-06T20:52:45.052,482,0,1,52,0,0,0,0,0,0,0x03
2026-09-06T20:52:45.117,485,0,2,51,0,0,0,0,0,0,0x03
2026-09-06T20:52:45.117,484,0,1,51,0,0,0,0,0,0,0x03
2026-09-06T20:52:45.182,487,0,2,51,0,0,0,0,0,0,0x03
2026-09-06T20:52:45.182,486,0,1,51,0,0,0,0,0,0,0x03
2026-09-06T20:52:45.247,489,0,2,50,0,0,0,0,0,0,0x03
2026-09-06T20:52:45.247,488,0,1,53,0,0,0,0,0,0,0x03
2026-09-06T20:52:45.313,491,0,2,51,0,0,0,0,0,0,0x03
2026-09-06T20:52:45.313,490,0,1,50,0,0,0,0,0,0,0x03
2026-09-06T20:52:45.378,493,0,2,52,0,0,0,0,0,0,0x03
2026-09-06T20:52:45.378,492,0,1,50,0,0,0,0,0,0,0x03
2026-09-06T20:52:45.443,495,0,2,51,0,0,0,0,0,0,0x03
2026-09-06T20:52:45.443,494,0,1,50,0,0,0,0,0,0,0x03
2026-09-06T20:52:45.508,497,0,2,50,0,0,0,0,0,0,0x03
2026-09-06T20:52:45.508,496,0,1,51,0,0,0,0,0,0,0x03
2026-09-06T20:52:45.540,499,0,2,50,0,0,0,0,0,0,0x03
2026-09-06T20:52:45.540,498,0,1,51,0,0,0,0,0,0,0x03
