timestamp,sequence,team,robot_id,interval_ms,left_target_eps,left_measured_eps,left_duty,right_target_eps,right_measured_eps,right_duty,flags
2026-09-06T15:29:44.861-03:00,52,0,0,52,0,0,0,0,0,0,0x03
2026-09-06T15:29:44.881-03:00,53,0,0,53,0,0,0,0,0,0,0x03
2026-09-06T15:29:44.899-03:00,54,0,0,52,0,0,0,0,0,0,0x03
2026-09-06T15:29:44.920-03:00,55,0,0,51,0,0,0,0,0,0,0x03
2026-09-06T15:29:44.938-03:00,55,0,0,51,0,0,0,0,0,0,0x03
2026-09-06T15:29:44.959-03:00,55,0,0,51,0,0,0,0,0,0,0x03
2026-09-06T15:29:44.982-03:00,55,0,0,51,0,0,0,0,0,0,0x03
2026-09-06T15:29:45.001-03:00,55,0,0,51,0,0,0,0,0,0,0x03
2026-09-06T15:29:45.021-03:00,55,0,0,51,0,0,0,0,0,0,0x03
2026-09-06T15:29:45.042-03:00,55,0,0,50,0,0,0,0,0,0,0x03
2026-09-06T15:29:45.060-03:00,55,0,0,50,0,0,0,0,0,0,0x03
2026-09-06T15:29:45.082-03:00,8,0,0,52,0,0,0,0,0,31098,0x07
2026-09-06T15:29:45.100-03:00,9,0,0,52,0,0,0,0,0,31098,0x07
2026-09-06T15:29:45.118-03:00,10,0,0,52,0,0,0,0,0,31098,0x07
2026-09-06T15:29:45.141-03:00,11,0,0,53,0,0,0,3500,0,40000,0x07
2026-09-06T15:29:45.159-03:00,12,0,0,53,0,0,0,3500,0,40000,0x07
2026-09-06T15:29:45.179-03:00,13,0,0,54,0,0,0,3500,0,40000,0x07
2026-09-06T15:29:45.202-03:00,14,0,0,54,0,0,0,3500,0,40000,0x07
2026-09-06T15:29:45.220-03:00,15,0,0,54,0,0,0,3500,0,40000,0x07
2026-09-06T15:29:45.238-03:00,16,0,0,50,0,0,0,3500,0,40000,0x07
2026-09-06T15:29:45.261-03:00,17,0,0,50,0,0,0,3500,0,40000,0x07
2026-09-06T15:29:45.279-03:00,18,0,0,52,0,0,0,3500,0,40000,0x07
2026-09-06T15:29:45.302-03:00,19,0,0,52,0,0,0,3500,0,40000,0x07
2026-09-06T15:29:45.319-03:00,20,0,0,52,0,0,0,3500,0,40000,0x07
2026-09-06T15:29:45.342-03:00,21,0,0,57,0,0,0,3500,0,40000,0x07
2026-09-06T15:29:45.360-03:00,22,0,0,57,0,0,0,3500,0,40000,0x07
2026-09-06T15:29:45.378-03:00,23,0,0,57,0,0,0,3500,0,40000,0x07
2026-09-06T15:29:45.401-03:00,24,0,0,52,0,0,0,3500,0,40000,0x07
2026-09-06T15:29:45.421-03:00,25,0,0,52,0,0,0,3500,0,40000,0x07
2026-09-06T15:29:45.439-03:00,26,0,0,52,0,0,0,3500,0,40000,0x07
2026-09-06T15:29:45.462-03:00,27,0,0,53,0,0,0,3500,0,40000,0x07
2026-09-06T15:29:45.480-03:00,28,0,0,53,0,0,0,3500,0,40000,0x07
2026-09-06T15:29:45.498-03:00,29,0,0,56,0,0,0,3500,0,40000,0x07
2026-09-06T15:29:45.521-03:00,30,0,0,56,0,0,0,3500,0,40000,0x07
2026-09-06T15:29:45.539-03:00,31,0,0,56,0,0,0,3500,0,40000,0x07
2026-09-06T15:29:45.559-03:00,32,0,0,51,0,0,0,3500,0,40000,0x07
2026-09-06T15:29:45.583-03:00,33,0,0,51,0,0,0,3500,0,40000,0x07
2026-09-06T15:29:45.601-03:00,34,0,0,51,0,0,0,3500,0,40000,0x07
2026-09-06T15:29:45.619-03:00,35,0,0,51,0,0,0,3500,0,40000,0x07
2026-09-06T15:29:45.642-03:00,36,0,0,51,0,0,0,3500,0,40000,0x07
2026-09-06T15:29:45.660-03:00,37,0,0,50,0,0,0,3500,0,40000,0x07
2026-09-06T15:29:45.678-03:00,38,0,0,50,0,0,0,3500,0,40000,0x07
2026-09-06T15:29:45.698-03:00,39,0,0,51,0,0,0,3500,0,40000,0x07
2026-09-06T15:29:45.721-03:00,40,0,0,51,0,0,0,3500,0,40000,0x07
2026-09-06T15:29:45.738-03:00,41,0,0,51,0,0,0,3500,0,40000,0x07
2026-09-06T15:29:45.761-03:00,42,0,0,55,0,0,0,3500,0,40000,0x07
2026-09-06T15:29:45.779-03:00,43,0,0,55,0,0,0,3500,0,40000,0x07
2026-09-06T15:29:45.802-03:00,44,0,0,55,0,0,0,3500,0,40000,0x07
2026-09-06T15:29:45.820-03:00,45,0,0,51,0,0,0,3500,0,40000,0x07
2026-09-06T15:29:45.838-03:00,46,0,0,51,0,0,0,3500,0,40000,0x07
2026-09-06T15:29:45.882-03:00,47,0,0,55,0,0,0,3500,0,40000,0x07
2026-09-06T15:29:45.927-03:00,48,0,0,55,0,0,0,3500,0,40000,0x07
2026-09-06T15:29:45.971-03:00,49,0,0,55,0,0,0,3500,0,40000,0x07
2026-09-06T15:29:46.015-03:00,50,0,0,52,0,0,0,3500,0,40000,0x07
2026-09-06T15:29:46.058-03:00,51,0,0,52,0,0,0,0,0,0,0x03
