timestamp,sequence,team,robot_id,interval_ms,left_target_eps,left_measured_eps,left_duty,right_target_eps,right_measured_eps,right_duty,flags
2026-09-06T11:31:57.530-03:00,495,0,2,51,0,0,32494,0,0,34729,0x07
2026-09-06T11:31:57.548-03:00,496,0,2,50,3374,1260,40000,3500,1120,40000,0x07
2026-09-06T11:31:57.571-03:00,65535,0,2,52,0,0,0,0,0,0,0x0b
2026-09-06T11:31:57.589-03:00,65535,0,2,52,0,0,0,0,0,0,0x0b
2026-09-06T11:31:57.612-03:00,1,0,2,51,0,0,32494,0,0,34729,0x07
2026-09-06T11:31:57.630-03:00,2,0,2,51,0,0,32494,0,0,34729,0x07
2026-09-06T11:31:57.648-03:00,3,0,2,57,3374,1088,40000,3500,1193,40000,0x07
2026-09-06T11:31:57.671-03:00,4,0,2,57,3374,1088,40000,3500,1193,40000,0x07
2026-09-06T11:31:57.689-03:00,5,0,2,57,3374,1088,40000,3500,1193,40000,0x07
2026-09-06T11:31:57.712-03:00,6,0,2,51,3374,3255,33000,3500,3333,35437,0x07
2026-09-06T11:31:57.731-03:00,7,0,2,51,3374,3255,33000,3500,3333,35437,0x07
2026-09-06T11:31:57.749-03:00,8,0,2,50,3374,3940,30088,3500,3940,32859,0x07
2026-09-06T11:31:57.769-03:00,9,0,2,50,3374,3940,30088,3500,3940,32859,0x07
2026-09-06T11:31:57.787-03:00,10,0,2,50,3374,3940,30088,3500,3940,32859,0x07
2026-09-06T11:31:57.810-03:00,11,0,2,51,3374,3765,30834,3500,3980,32687,0x07
2026-09-06T11:31:57.830-03:00,12,0,2,51,3374,3765,30834,3500,3980,32687,0x07
2026-09-06T11:31:57.848-03:00,13,0,2,51,3374,3765,30834,3500,3980,32687,0x07
2026-09-06T11:31:57.871-03:00,14,0,2,56,3374,3589,31579,3500,3750,33666,0x07
2026-09-06T11:31:57.889-03:00,15,0,2,56,3374,3589,31579,3500,3750,33666,0x07
2026-09-06T11:31:57.911-03:00,16,0,2,54,3374,3593,31565,3500,3722,33785,0x07
2026-09-06T11:31:57.929-03:00,17,0,2,54,3374,3593,31565,3500,3722,33785,0x07
2026-09-06T11:31:57.949-03:00,18,0,2,54,3374,3593,31565,3500,3722,33785,0x07
2026-09-06T11:31:57.967-03:00,19,0,2,50,3374,3680,31194,3500,3820,33369,0x07
2026-09-06T11:31:57.991-03:00,20,0,2,50,3374,3680,31194,3500,3820,33369,0x07
2026-09-06T11:31:58.009-03:00,21,0,2,50,3374,3680,31194,3500,3820,33369,0x07
2026-09-06T11:31:58.029-03:00,22,0,2,56,3374,3589,31579,3500,3786,33515,0x07
2026-09-06T11:31:58.052-03:00,23,0,2,56,3374,3589,31579,3500,3786,33515,0x07
2026-09-06T11:31:58.070-03:00,24,0,2,54,3374,3630,31408,3500,3722,33785,0x07
2026-09-06T11:31:58.090-03:00,25,0,2,54,3374,3630,31408,3500,3722,33785,0x07
2026-09-06T11:31:58.110-03:00,26,0,2,54,3374,3630,31408,3500,3722,33785,0x07
2026-09-06T11:31:58.130-03:00,27,0,2,59,3374,3678,31202,3500,3847,33252,0x07
2026-09-06T11:31:58.150-03:00,28,0,2,59,3374,3678,31202,3500,3847,33252,0x07
2026-09-06T11:31:58.172-03:00,29,0,2,59,3374,3678,31202,3500,3847,33252,0x07
2026-09-06T11:31:58.192-03:00,30,0,2,51,3374,3627,31417,3500,3804,33437,0x07
2026-09-06T11:31:58.209-03:00,31,0,2,51,3374,3627,31417,3500,3804,33437,0x07
2026-09-06T11:31:58.227-03:00,32,0,2,51,3374,3667,31250,3500,3765,33604,0x07
2026-09-06T11:31:58.247-03:00,33,0,2,51,3374,3667,31250,3500,3765,33604,0x07
2026-09-06T11:31:58.270-03:00,34,0,2,51,3374,3667,31250,3500,3765,33604,0x07
2026-09-06T11:31:58.288-03:00,35,0,2,56,3374,3607,31503,3500,3714,33818,0x07
2026-09-06T11:31:58.311-03:00,36,0,2,56,3374,3607,31503,3500,3714,33818,0x07
2026-09-06T11:31:58.329-03:00,37,0,2,56,3374,3607,31503,3500,3714,33818,0x07
2026-09-06T11:31:58.347-03:00,38,0,2,52,3374,3673,31223,3500,3827,33340,0x07
2026-09-06T11:31:58.371-03:00,39,0,2,52,3374,3673,31223,3500,3827,33340,0x07
2026-09-06T11:31:58.392-03:00,40,0,2,51,3374,3667,31250,3500,3824,33354,0x07
2026-09-06T11:31:58.407-03:00,41,0,2,51,3374,3667,31250,3500,3824,33354,0x07
2026-09-06T11:31:58.432-03:00,42,0,2,51,3374,3667,31250,3500,3824,33354,0x07
2026-09-06T11:31:58.450-03:00,43,0,2,51,3374,3627,31417,3500,3745,33687,0x07
2026-09-06T11:31:58.468-03:00,44,0,2,51,3374,3627,31417,3500,3745,33687,0x07
2026-09-06T11:31:58.490-03:00,45,0,2,52,3374,3558,31713,3500,3769,33585,0x07
2026-09-06T11:31:58.510-03:00,46,0,2,52,3374,3558,31713,3500,3769,33585,0x07
2026-09-06T11:31:58.528-03:00,47,0,2,52,3374,3558,31713,3500,3769,33585,0x07
2026-09-06T11:31:58.548-03:00,48,0,2,64,3374,3656,31294,3500,3750,33666,0x07
2026-09-06T11:31:58.568-03:00,49,0,2,64,3374,3656,31294,3500,3750,33666,0x07
2026-09-06T11:31:58.591-03:00,50,0,2,64,3374,3656,31294,3500,3750,33666,0x07
2026-09-06T11:31:58.609-03:00,51,0,2,53,3374,3660,31277,3500,3792,33486,0x07
2026-09-06T11:31:58.632-03:00,52,0,2,53,3374,3660,31277,3500,3792,33486,0x07
2026-09-06T11:31:58.647-03:00,53,0,2,53,3374,3660,31277,3500,3792,33486,0x07
2026-09-06T11:31:58.670-03:00,54,0,2,59,3374,3627,31418,3500,3763,33612,0x07
2026-09-06T11:31:58.688-03:00,55,0,2,59,3374,3627,31418,3500,3763,33612,0x07
2026-09-06T11:31:58.710-03:00,56,0,2,59,3374,3627,31418,3500,3763,33612,0x07
2026-09-06T11:31:58.728-03:00,57,0,2,51,3374,3706,31084,3500,3804,33437,0x07
2026-09-06T11:31:58.752-03:00,58,0,2,51,3374,3706,31084,3500,3804,33437,0x07
2026-09-06T11:31:58.769-03:00,59,0,2,52,3374,3596,31550,3500,3731,33748,0x07
2026-09-06T11:31:58.789-03:00,60,0,2,52,3374,3596,31550,3500,3731,33748,0x07
2026-09-06T11:31:58.808-03:00,61,0,2,52,3374,3596,31550,3500,3731,33748,0x07
2026-09-06T11:31:58.831-03:00,62,0,2,57,3374,3632,31399,3500,3737,33722,0x07
2026-09-06T11:31:58.849-03:00,63,0,2,57,3374,3632,31399,3500,3737,33722,0x07
2026-09-06T11:31:58.872-03:00,64,0,2,57,3374,3632,31399,3500,3737,33722,0x07
2026-09-06T11:31:58.887-03:00,65,0,2,51,3374,3667,31250,3500,3765,33604,0x07
2026-09-06T11:31:58.910-03:00,66,0,2,51,3374,3667,31250,3500,3765,33604,0x07
2026-09-06T11:31:58.930-03:00,67,0,2,52,3374,3635,31386,3500,3750,33666,0x07
2026-09-06T11:31:58.947-03:00,68,0,2,52,3374,3635,31386,3500,3750,33666,0x07
2026-09-06T11:31:58.971-03:00,69,0,2,52,3374,3635,31386,3500,3750,33666,0x07
2026-09-06T11:31:58.988-03:00,70,0,2,59,3374,3610,31490,3500,3695,33901,0x07
2026-09-06T11:31:59.011-03:00,71,0,2,59,3374,3610,31490,3500,3695,33901,0x07
2026-09-06T11:31:59.029-03:00,72,0,2,59,3374,3610,31490,3500,3695,33901,0x07
2026-09-06T11:31:59.052-03:00,73,0,2,56,3374,3732,30972,3500,3804,33439,0x07
2026-09-06T11:31:59.069-03:00,74,0,2,56,3374,3732,30972,3500,3804,33439,0x07
2026-09-06T11:31:59.092-03:00,75,0,2,56,3374,3732,30972,3500,3804,33439,0x07
2026-09-06T11:31:59.110-03:00,76,0,2,51,3374,3627,31417,3500,3725,33771,0x07
2026-09-06T11:31:59.130-03:00,77,0,2,51,3374,3627,31417,3500,3725,33771,0x07
2026-09-06T11:31:59.148-03:00,78,0,2,54,3374,3593,31565,3500,3685,33942,0x07
2026-09-06T11:31:59.168-03:00,79,0,2,54,3374,3593,31565,3500,3685,33942,0x07
2026-09-06T11:31:59.192-03:00,80,0,2,54,3374,3593,31565,3500,3685,33942,0x07
2026-09-06T11:31:59.210-03:00,81,0,2,57,3374,3649,31325,3500,3754,33648,0x07
2026-09-06T11:31:59.227-03:00,82,0,2,57,3374,3649,31325,3500,3754,33648,0x07
2026-09-06T11:31:59.250-03:00,83,0,2,57,3374,3649,31325,3500,3754,33648,0x07
2026-09-06T11:31:59.268-03:00,84,0,2,51,3374,3725,31000,3500,3804,33437,0x07
2026-09-06T11:31:59.288-03:00,85,0,2,51,3374,3725,31000,3500,3804,33437,0x07
2026-09-06T11:31:59.308-03:00,86,0,2,51,3374,3667,31250,3500,3765,33604,0x07
2026-09-06T11:31:59.330-03:00,87,0,2,51,3374,3667,31250,3500,3765,33604,0x07
2026-09-06T11:31:59.348-03:00,88,0,2,51,3374,3667,31250,3500,3765,33604,0x07
2026-09-06T11:31:59.371-03:00,89,0,2,59,3374,3559,31706,3500,3729,33757,0x07
2026-09-06T11:31:59.389-03:00,90,0,2,59,3374,3559,31706,3500,3729,33757,0x07
2026-09-06T11:31:59.409-03:00,91,0,2,59,3374,3559,31706,3500,3729,33757,0x07
2026-09-06T11:31:59.432-03:00,92,0,2,51,3374,3706,31084,3500,3804,33437,0x07
2026-09-06T11:31:59.448-03:00,93,0,2,51,3374,3706,31084,3500,3804,33437,0x07
2026-09-06T11:31:59.471-03:00,94,0,2,51,3374,3647,31334,3500,3745,33687,0x07
2026-09-06T11:31:59.489-03:00,95,0,2,51,3374,3647,31334,3500,3745,33687,0x07
2026-09-06T11:31:59.512-03:00,96,0,2,51,3374,3647,31334,3500,3745,33687,0x07
2026-09-06T11:31:59.531-03:00,97,0,2,59,3374,3576,31634,3500,3746,33685,0x07
2026-09-06T11:31:59.549-03:00,98,0,2,59,3374,3576,31634,3500,3746,33685,0x07
2026-09-06T11:31:59.572-03:00,99,0,2,59,3374,3576,31634,3500,3746,33685,0x07
2026-09-06T11:31:59.590-03:00,100,0,2,51,3374,3706,31084,3500,3804,33437,0x07
2026-09-06T11:31:59.608-03:00,101,0,2,51,3374,3706,31084,3500,3804,33437,0x07
2026-09-06T11:31:59.630-03:00,102,0,2,50,3374,3640,31364,3500,3760,33624,0x07
2026-09-06T11:31:59.648-03:00,103,0,2,50,3374,3640,31364,3500,3760,33624,0x07
2026-09-06T11:31:59.671-03:00,104,0,2,50,3374,3640,31364,3500,3760,33624,0x07
2026-09-06T11:31:59.689-03:00,105,0,2,58,3374,3638,31372,3500,3793,33483,0x07
2026-09-06T11:31:59.712-03:00,106,0,2,58,3374,3638,31372,3500,3793,33483,0x07
2026-09-06T11:31:59.729-03:00,107,0,2,58,3374,3638,31372,3500,3793,33483,0x07
2026-09-06T11:31:59.752-03:00,108,0,2,50,3374,3600,31534,3500,3720,33794,0x07
2026-09-06T11:31:59.770-03:00,109,0,2,50,3374,3600,31534,3500,3720,33794,0x07
2026-09-06T11:31:59.788-03:00,110,0,2,50,3374,3660,31278,3500,3720,33794,0x07
2026-09-06T11:31:59.809-03:00,111,0,2,50,3374,3660,31278,3500,3720,33794,0x07
2026-09-06T11:31:59.832-03:00,112,0,2,50,3374,3660,31278,3500,3720,33794,0x07
2026-09-06T11:31:59.849-03:00,113,0,2,59,3374,3610,31490,3500,3746,33685,0x07
2026-09-06T11:31:59.867-03:00,114,0,2,59,3374,3610,31490,3500,3746,33685,0x07
2026-09-06T11:31:59.890-03:00,115,0,2,59,3374,3610,31490,3500,3746,33685,0x07
2026-09-06T11:31:59.908-03:00,116,0,2,60,3374,3650,31321,3500,3767,33596,0x07
2026-09-06T11:31:59.931-03:00,117,0,2,60,3374,3650,31321,3500,3767,33596,0x07
2026-09-06T11:31:59.951-03:00,118,0,2,60,3374,3650,31321,3500,3767,33596,0x07
2026-09-06T11:31:59.969-03:00,119,0,2,59,3374,3644,31346,3500,3746,33685,0x07
2026-09-06T11:31:59.992-03:00,120,0,2,59,3374,3644,31346,3500,3746,33685,0x07
2026-09-06T11:32:00.010-03:00,121,0,2,59,3374,3644,31346,3500,3746,33685,0x07
2026-09-06T11:32:00.027-03:00,122,0,2,51,3374,3725,31000,3500,3824,33354,0x07
2026-09-06T11:32:00.050-03:00,123,0,2,51,3374,3725,31000,3500,3824,33354,0x07
2026-09-06T11:32:00.068-03:00,124,0,2,50,3374,3580,31618,3500,3720,33794,0x07
2026-09-06T11:32:00.090-03:00,125,0,2,50,3374,3580,31618,3500,3720,33794,0x07
2026-09-06T11:32:00.110-03:00,126,0,2,51,3374,3667,31250,3500,3765,33604,0x07
2026-09-06T11:32:00.128-03:00,127,0,2,51,3374,3667,31250,3500,3765,33604,0x07
2026-09-06T11:32:00.151-03:00,128,0,2,51,3374,3667,31250,3500,3765,33604,0x07
2026-09-06T11:32:00.169-03:00,129,0,2,55,3374,3636,31379,3500,3782,33531,0x07
2026-09-06T11:32:00.192-03:00,130,0,2,55,3374,3636,31379,3500,3782,33531,0x07
2026-09-06T11:32:00.210-03:00,131,0,2,55,3374,3636,31379,3500,3782,33531,0x07
2026-09-06T11:32:00.230-03:00,132,0,2,54,3374,3704,31093,3500,3815,33391,0x07
2026-09-06T11:32:00.250-03:00,133,0,2,54,3374,3704,31093,3500,3815,33391,0x07
2026-09-06T11:32:00.270-03:00,134,0,2,54,3374,3704,31093,3500,3815,33391,0x07
2026-09-06T11:32:00.288-03:00,135,0,2,51,3374,3667,31250,3500,3765,33604,0x07
2026-09-06T11:32:00.311-03:00,136,0,2,51,3374,3667,31250,3500,3765,33604,0x07
2026-09-06T11:32:00.329-03:00,137,0,2,50,3374,3600,31534,3500,3740,33709,0x07
2026-09-06T11:32:00.347-03:00,138,0,2,50,3374,3600,31534,3500,3740,33709,0x07
2026-09-06T11:32:00.370-03:00,139,0,2,50,3374,3600,31534,3500,3740,33709,0x07
2026-09-06T11:32:00.388-03:00,140,0,2,60,3374,3650,31321,3500,3750,33666,0x07
2026-09-06T11:32:00.411-03:00,141,0,2,60,3374,3650,31321,3500,3750,33666,0x07
2026-09-06T11:32:00.429-03:00,142,0,2,60,3374,3650,31321,3500,3750,33666,0x07
2026-09-06T11:32:00.452-03:00,143,0,2,60,3374,3650,31321,3500,3783,33525,0x07
2026-09-06T11:32:00.469-03:00,144,0,2,60,3374,3650,31321,3500,3783,33525,0x07
2026-09-06T11:32:00.487-03:00,145,0,2,60,3374,3650,31321,3500,3783,33525,0x07
2026-09-06T11:32:00.510-03:00,146,0,2,51,3374,3745,30917,3500,3765,33604,0x07
2026-09-06T11:32:00.528-03:00,147,0,2,51,3374,3745,30917,3500,3765,33604,0x07
2026-09-06T11:32:00.548-03:00,148,0,2,50,3374,3620,31448,3500,3740,33709,0x07
2026-09-06T11:32:00.571-03:00,149,0,2,50,3374,3620,31448,3500,3740,33709,0x07
2026-09-06T11:32:00.589-03:00,150,0,2,50,3374,3620,31448,3500,3740,33709,0x07
2026-09-06T11:32:00.612-03:00,151,0,2,57,3374,3579,31623,3500,3737,33722,0x07
2026-09-06T11:32:00.629-03:00,152,0,2,57,3374,3579,31623,3500,3737,33722,0x07
2026-09-06T11:32:00.647-03:00,153,0,2,57,3374,3579,31623,3500,3737,33722,0x07
2026-09-06T11:32:00.671-03:00,154,0,2,51,3374,3725,31000,3500,3824,33354,0x07
2026-09-06T11:32:00.689-03:00,155,0,2,51,3374,3725,31000,3500,3824,33354,0x07
2026-09-06T11:32:00.712-03:00,156,0,2,50,3374,3640,31364,3500,3720,33794,0x07
2026-09-06T11:32:00.730-03:00,157,0,2,50,3374,3640,31364,3500,3720,33794,0x07
2026-09-06T11:32:00.748-03:00,158,0,2,50,3374,3640,31364,3500,3720,33794,0x07
2026-09-06T11:32:00.771-03:00,159,0,2,51,3374,3647,31334,3500,3824,33354,0x07
2026-09-06T11:32:00.791-03:00,160,0,2,51,3374,3647,31334,3500,3824,33354,0x07
2026-09-06T11:32:00.809-03:00,161,0,2,50,3374,3600,31534,3500,3740,33709,0x07
2026-09-06T11:32:00.827-03:00,162,0,2,50,3374,3600,31534,3500,3740,33709,0x07
2026-09-06T11:32:00.848-03:00,163,0,2,50,3374,3600,31534,3500,3740,33709,0x07
2026-09-06T11:32:00.868-03:00,164,0,2,59,3374,3644,31346,3500,3763,33612,0x07
2026-09-06T11:32:00.891-03:00,165,0,2,59,3374,3644,31346,3500,3763,33612,0x07
2026-09-06T11:32:00.909-03:00,166,0,2,59,3374,3644,31346,3500,3763,33612,0x07
2026-09-06T11:32:00.928-03:00,167,0,2,59,3374,3627,31418,3500,3780,33540,0x07
2026-09-06T11:32:00.951-03:00,168,0,2,59,3374,3627,31418,3500,3780,33540,0x07
2026-09-06T11:32:00.968-03:00,169,0,2,59,3374,3627,31418,3500,3780,33540,0x07
2026-09-06T11:32:00.991-03:00,170,0,2,59,3374,3712,31058,3500,3847,33252,0x07
2026-09-06T11:32:01.009-03:00,171,0,2,59,3374,3712,31058,3500,3847,33252,0x07
2026-09-06T11:32:01.027-03:00,172,0,2,59,3374,3712,31058,3500,3847,33252,0x07
2026-09-06T11:32:01.050-03:00,173,0,2,52,3374,3635,31386,3500,3731,33748,0x07
2026-09-06T11:32:01.068-03:00,174,0,2,52,3374,3635,31386,3500,3731,33748,0x07
2026-09-06T11:32:01.092-03:00,175,0,2,50,3374,3600,31534,3500,3720,33794,0x07
2026-09-06T11:32:01.110-03:00,176,0,2,50,3374,3600,31534,3500,3720,33794,0x07
2026-09-06T11:32:01.130-03:00,177,0,2,50,3374,3600,31534,3500,3720,33794,0x07
2026-09-06T11:32:01.150-03:00,178,0,2,51,3374,3667,31250,3500,3804,33437,0x07
2026-09-06T11:32:01.167-03:00,179,0,2,51,3374,3667,31250,3500,3804,33437,0x07
2026-09-06T11:32:01.188-03:00,180,0,2,50,3374,3680,31194,3500,3780,33539,0x07
2026-09-06T11:32:01.211-03:00,181,0,2,50,3374,3680,31194,3500,3780,33539,0x07
2026-09-06T11:32:01.229-03:00,182,0,2,50,3374,3680,31194,3500,3780,33539,0x07
2026-09-06T11:32:01.247-03:00,183,0,2,59,3374,3593,31562,3500,3729,33757,0x07
2026-09-06T11:32:01.270-03:00,184,0,2,59,3374,3593,31562,3500,3729,33757,0x07
2026-09-06T11:32:01.288-03:00,185,0,2,59,3374,3593,31562,3500,3729,33757,0x07
2026-09-06T11:32:01.308-03:00,186,0,2,58,3374,3707,31079,3500,3793,33483,0x07
2026-09-06T11:32:01.329-03:00,187,0,2,58,3374,3707,31079,3500,3793,33483,0x07
2026-09-06T11:32:01.351-03:00,188,0,2,58,3374,3707,31079,3500,3793,33483,0x07
2026-09-06T11:32:01.368-03:00,189,0,2,50,3374,3660,31278,3500,3760,33624,0x07
2026-09-06T11:32:01.391-03:00,190,0,2,50,3374,3660,31278,3500,3760,33624,0x07
2026-09-06T11:32:01.411-03:00,191,0,2,54,3374,3630,31408,3500,3741,33706,0x07
2026-09-06T11:32:01.429-03:00,192,0,2,54,3374,3630,31408,3500,3741,33706,0x07
2026-09-06T11:32:01.452-03:00,193,0,2,54,3374,3630,31408,3500,3741,33706,0x07
2026-09-06T11:32:01.470-03:00,194,0,2,50,3374,3640,31364,3500,3740,33709,0x07
2026-09-06T11:32:01.489-03:00,195,0,2,50,3374,3640,31364,3500,3740,33709,0x07
2026-09-06T11:32:01.507-03:00,196,0,2,50,3374,3660,31278,3500,3800,33454,0x07
2026-09-06T11:32:01.529-03:00,197,0,2,50,3374,3660,31278,3500,3800,33454,0x07
2026-09-06T11:32:01.547-03:00,198,0,2,50,3374,3660,31278,3500,3800,33454,0x07
2026-09-06T11:32:01.571-03:00,199,0,2,56,3374,3643,31351,3500,3804,33439,0x07
2026-09-06T11:32:01.591-03:00,200,0,2,56,3374,3643,31351,3500,3804,33439,0x07
2026-09-06T11:32:01.611-03:00,201,0,2,56,3374,3643,31351,3500,3804,33439,0x07
2026-09-06T11:32:01.629-03:00,202,0,2,50,3374,3660,31278,3500,3740,33709,0x07
2026-09-06T11:32:01.652-03:00,203,0,2,50,3374,3660,31278,3500,3740,33709,0x07
2026-09-06T11:32:01.670-03:00,204,0,2,55,3374,3600,31534,3500,3709,33840,0x07
2026-09-06T11:32:01.689-03:00,205,0,2,55,3374,3600,31534,3500,3709,33840,0x07
2026-09-06T11:32:01.730-03:00,207,0,2,51,3374,3627,31417,3500,3725,33771,0x07
2026-09-06T11:32:01.748-03:00,208,0,2,51,3374,3627,31417,3500,3725,33771,0x07
2026-09-06T11:32:01.771-03:00,209,0,2,54,3374,3685,31171,3500,3722,33785,0x07
2026-09-06T11:32:01.789-03:00,210,0,2,54,3374,3685,31171,3500,3722,33785,0x07
2026-09-06T11:32:01.807-03:00,211,0,2,54,3374,3685,31171,3500,3722,33785,0x07
2026-09-06T11:32:01.830-03:00,212,0,2,54,3374,3685,31171,3500,3815,33391,0x07
2026-09-06T11:32:01.848-03:00,213,0,2,54,3374,3685,31171,3500,3815,33391,0x07
2026-09-06T11:32:01.871-03:00,214,0,2,54,3374,3685,31171,3500,3815,33391,0x07
2026-09-06T11:32:01.889-03:00,215,0,2,58,3374,3655,31299,3500,3741,33703,0x07
2026-09-06T11:32:01.907-03:00,216,0,2,58,3374,3655,31299,3500,3741,33703,0x07
2026-09-06T11:32:01.930-03:00,217,0,2,58,3374,3655,31299,3500,3741,33703,0x07
2026-09-06T11:32:01.948-03:00,218,0,2,60,3374,3567,31675,3500,3667,34021,0x07
2026-09-06T11:32:01.968-03:00,219,0,2,60,3374,3567,31675,3500,3667,34021,0x07
2026-09-06T11:32:01.992-03:00,220,0,2,60,3374,3567,31675,3500,3667,34021,0x07
2026-09-06T11:32:02.009-03:00,221,0,2,59,3374,3644,31346,3500,3780,33540,0x07
2026-09-06T11:32:02.032-03:00,222,0,2,59,3374,3644,31346,3500,3780,33540,0x07
2026-09-06T11:32:02.050-03:00,223,0,2,59,3374,3644,31346,3500,3780,33540,0x07
2026-09-06T11:32:02.070-03:00,224,0,2,52,3374,3712,31059,3500,3808,33421,0x07
2026-09-06T11:32:02.091-03:00,225,0,2,52,3374,3712,31059,3500,3808,33421,0x07
2026-09-06T11:32:02.109-03:00,226,0,2,50,3374,3620,31448,3500,3740,33709,0x07
2026-09-06T11:32:02.132-03:00,227,0,2,50,3374,3620,31448,3500,3740,33709,0x07
2026-09-06T11:32:02.152-03:00,228,0,2,50,3374,3620,31448,3500,3740,33709,0x07
2026-09-06T11:32:02.172-03:00,229,0,2,59,3374,3627,31418,3500,3712,33829,0x07
2026-09-06T11:32:02.190-03:00,230,0,2,59,3374,3627,31418,3500,3712,33829,0x07
2026-09-06T11:32:02.210-03:00,231,0,2,59,3374,3627,31418,3500,3712,33829,0x07
2026-09-06T11:32:02.230-03:00,232,0,2,50,3374,3720,31024,3500,3860,33199,0x07
2026-09-06T11:32:02.250-03:00,233,0,2,50,3374,3720,31024,3500,3860,33199,0x07
2026-09-06T11:32:02.270-03:00,234,0,2,50,3374,3580,31618,3500,3720,33794,0x07
2026-09-06T11:32:02.288-03:00,235,0,2,50,3374,3580,31618,3500,3720,33794,0x07
2026-09-06T11:32:02.310-03:00,236,0,2,50,3374,3580,31618,3500,3720,33794,0x07
2026-09-06T11:32:02.327-03:00,237,0,2,51,3374,3686,31167,3500,3765,33604,0x07
2026-09-06T11:32:02.349-03:00,238,0,2,51,3374,3686,31167,3500,3765,33604,0x07
2026-09-06T11:32:02.368-03:00,239,0,2,50,3374,3620,31448,3500,3780,33539,0x07
2026-09-06T11:32:02.390-03:00,240,0,2,50,3374,3620,31448,3500,3780,33539,0x07
2026-09-06T11:32:02.408-03:00,241,0,2,50,3374,3620,31448,3500,3780,33539,0x07
2026-09-06T11:32:02.430-03:00,242,0,2,57,3374,3614,31474,3500,3754,33648,0x07
2026-09-06T11:32:02.448-03:00,243,0,2,57,3374,3614,31474,3500,3754,33648,0x07
2026-09-06T11:32:02.468-03:00,244,0,2,57,3374,3614,31474,3500,3754,33648,0x07
2026-09-06T11:32:02.489-03:00,245,0,2,50,3374,3720,31024,3500,3780,33539,0x07
2026-09-06T11:32:02.507-03:00,246,0,2,50,3374,3720,31024,3500,3780,33539,0x07
2026-09-06T11:32:02.531-03:00,247,0,2,50,3374,3620,31448,3500,3680,33964,0x07
2026-09-06T11:32:02.549-03:00,248,0,2,50,3374,3620,31448,3500,3680,33964,0x07
2026-09-06T11:32:02.569-03:00,249,0,2,50,3374,3620,31448,3500,3680,33964,0x07
2026-09-06T11:32:02.592-03:00,250,0,2,51,3374,3627,31417,3500,3765,33604,0x07
2026-09-06T11:32:02.610-03:00,251,0,2,51,3374,3627,31417,3500,3765,33604,0x07
2026-09-06T11:32:02.630-03:00,252,0,2,53,3374,3642,31357,3500,3698,33887,0x07
2026-09-06T11:32:02.650-03:00,253,0,2,53,3374,3642,31357,3500,3698,33887,0x07
2026-09-06T11:32:02.667-03:00,254,0,2,53,3374,3642,31357,3500,3698,33887,0x07
2026-09-06T11:32:02.691-03:00,255,0,2,59,3374,3644,31346,3500,3712,33829,0x07
2026-09-06T11:32:02.709-03:00,256,0,2,59,3374,3644,31346,3500,3712,33829,0x07
2026-09-06T11:32:02.732-03:00,257,0,2,59,3374,3644,31346,3500,3712,33829,0x07
2026-09-06T11:32:02.750-03:00,258,0,2,52,3374,3692,31141,3500,3846,33258,0x07
2026-09-06T11:32:02.768-03:00,259,0,2,52,3374,3692,31141,3500,3846,33258,0x07
2026-09-06T11:32:02.791-03:00,260,0,2,52,3374,3692,31141,3500,3846,33258,0x07
2026-09-06T11:32:02.810-03:00,261,0,2,56,3374,3643,31351,3500,3679,33970,0x07
2026-09-06T11:32:02.828-03:00,262,0,2,56,3374,3643,31351,3500,3679,33970,0x07
2026-09-06T11:32:02.848-03:00,263,0,2,52,3374,3615,31468,3500,3635,34157,0x07
2026-09-06T11:32:02.871-03:00,264,0,2,52,3374,3615,31468,3500,3635,34157,0x07
2026-09-06T11:32:02.892-03:00,265,0,2,52,3374,3615,31468,3500,3635,34157,0x07
2026-09-06T11:32:02.910-03:00,266,0,2,59,3374,3644,31346,3500,3814,33396,0x07
2026-09-06T11:32:02.930-03:00,267,0,2,59,3374,3644,31346,3500,3814,33396,0x07
2026-09-06T11:32:02.948-03:00,268,0,2,59,3374,3644,31346,3500,3814,33396,0x07
2026-09-06T11:32:02.971-03:00,269,0,2,52,3374,3712,31059,3500,3788,33503,0x07
2026-09-06T11:32:02.989-03:00,270,0,2,52,3374,3712,31059,3500,3788,33503,0x07
2026-09-06T11:32:03.007-03:00,271,0,2,50,3374,3640,31364,3500,3640,34134,0x07
2026-09-06T11:32:03.030-03:00,272,0,2,50,3374,3640,31364,3500,3640,34134,0x07
2026-09-06T11:32:03.048-03:00,273,0,2,50,3374,3640,31364,3500,3640,34134,0x07
2026-09-06T11:32:03.069-03:00,274,0,2,56,3374,3661,31275,3500,3839,33287,0x07
2026-09-06T11:32:03.092-03:00,275,0,2,56,3374,3661,31275,3500,3839,33287,0x07
2026-09-06T11:32:03.110-03:00,276,0,2,56,3374,3661,31275,3500,3839,33287,0x07
2026-09-06T11:32:03.128-03:00,277,0,2,52,3374,3635,31386,3500,3731,33748,0x07
2026-09-06T11:32:03.151-03:00,278,0,2,52,3374,3635,31386,3500,3731,33748,0x07
2026-09-06T11:32:03.169-03:00,279,0,2,53,3374,3623,31437,3500,3679,33967,0x07
2026-09-06T11:32:03.190-03:00,280,0,2,53,3374,3623,31437,3500,3679,33967,0x07
2026-09-06T11:32:03.207-03:00,281,0,2,53,3374,3623,31437,3500,3679,33967,0x07
2026-09-06T11:32:03.230-03:00,282,0,2,57,3374,3649,31325,3500,3807,33424,0x07
2026-09-06T11:32:03.252-03:00,283,0,2,57,3374,3649,31325,3500,3807,33424,0x07
2026-09-06T11:32:03.271-03:00,284,0,2,51,3374,3667,31250,3500,3784,33521,0x07
2026-09-06T11:32:03.289-03:00,285,0,2,51,3374,3667,31250,3500,3784,33521,0x07
2026-09-06T11:32:03.312-03:00,286,0,2,51,3374,3667,31250,3500,3784,33521,0x07
2026-09-06T11:32:03.332-03:00,287,0,2,55,3374,3655,31302,3500,3745,33686,0x07
2026-09-06T11:32:03.350-03:00,288,0,2,55,3374,3655,31302,3500,3745,33686,0x07
2026-09-06T11:32:03.368-03:00,289,0,2,55,3374,3655,31302,3500,3745,33686,0x07
2026-09-06T11:32:03.391-03:00,290,0,2,57,3374,3614,31474,3500,3772,33573,0x07
2026-09-06T11:32:03.409-03:00,291,0,2,57,3374,3614,31474,3500,3772,33573,0x07
2026-09-06T11:32:03.429-03:00,292,0,2,57,3374,3614,31474,3500,3772,33573,0x07
2026-09-06T11:32:03.452-03:00,293,0,2,50,3374,3680,31194,3500,3760,33624,0x07
2026-09-06T11:32:03.470-03:00,294,0,2,50,3374,3680,31194,3500,3760,33624,0x07
2026-09-06T11:32:03.488-03:00,295,0,2,50,3374,3680,31194,3500,3760,33624,0x07
2026-09-06T11:32:03.511-03:00,296,0,2,50,3374,3680,31194,3500,3760,33624,0x07
2026-09-06T11:32:03.531-03:00,297,0,2,50,3374,3680,31194,3500,3760,33624,0x07
2026-09-06T11:32:03.549-03:00,298,0,2,57,3374,3579,31623,3500,3737,33722,0x07
2026-09-06T11:32:03.572-03:00,299,0,2,57,3374,3579,31623,3500,3737,33722,0x07
2026-09-06T11:32:03.590-03:00,300,0,2,57,3374,3579,31623,3500,3737,33722,0x07
2026-09-06T11:32:03.608-03:00,301,0,2,51,3374,3686,31167,3500,3765,33604,0x07
2026-09-06T11:32:03.631-03:00,302,0,2,51,3374,3686,31167,3500,3765,33604,0x07
2026-09-06T11:32:03.649-03:00,303,0,2,50,3374,3680,31194,3500,3800,33454,0x07
2026-09-06T11:32:03.667-03:00,304,0,2,50,3374,3680,31194,3500,3800,33454,0x07
2026-09-06T11:32:03.690-03:00,305,0,2,50,3374,3680,31194,3500,3800,33454,0x07
2026-09-06T11:32:03.708-03:00,306,0,2,60,3374,3583,31604,3500,3700,33879,0x07
2026-09-06T11:32:03.732-03:00,307,0,2,60,3374,3583,31604,3500,3700,33879,0x07
2026-09-06T11:32:03.750-03:00,308,0,2,60,3374,3583,31604,3500,3700,33879,0x07
2026-09-06T11:32:03.768-03:00,309,0,2,57,3374,3702,31101,3500,3772,33573,0x07
2026-09-06T11:32:03.791-03:00,310,0,2,57,3374,3702,31101,3500,3772,33573,0x07
2026-09-06T11:32:03.809-03:00,311,0,2,57,3374,3702,31101,3500,3772,33573,0x07
2026-09-06T11:32:03.829-03:00,312,0,2,52,3374,3654,31305,3500,3769,33585,0x07
2026-09-06T11:32:03.851-03:00,313,0,2,52,3374,3654,31305,3500,3769,33585,0x07
2026-09-06T11:32:03.869-03:00,314,0,2,50,3374,3640,31364,3500,3700,33879,0x07
2026-09-06T11:32:03.888-03:00,315,0,2,50,3374,3640,31364,3500,3700,33879,0x07
2026-09-06T11:32:03.911-03:00,316,0,2,50,3374,3640,31364,3500,3700,33879,0x07
2026-09-06T11:32:03.931-03:00,317,0,2,50,3374,3660,31278,3500,3740,33709,0x07
2026-09-06T11:32:03.950-03:00,318,0,2,50,3374,3660,31278,3500,3740,33709,0x07
2026-09-06T11:32:03.968-03:00,319,0,2,53,3374,3604,31517,3500,3736,33727,0x07
2026-09-06T11:32:03.988-03:00,320,0,2,53,3374,3604,31517,3500,3736,33727,0x07
2026-09-06T11:32:04.011-03:00,321,0,2,53,3374,3604,31517,3500,3736,33727,0x07
2026-09-06T11:32:04.029-03:00,322,0,2,56,3374,3679,31200,3500,3768,33591,0x07
2026-09-06T11:32:04.047-03:00,323,0,2,56,3374,3679,31200,3500,3768,33591,0x07
2026-09-06T11:32:04.067-03:00,324,0,2,56,3374,3679,31200,3500,3768,33591,0x07
2026-09-06T11:32:04.091-03:00,325,0,2,50,3374,3680,31194,3500,3740,33709,0x07
2026-09-06T11:32:04.110-03:00,326,0,2,50,3374,3680,31194,3500,3740,33709,0x07
2026-09-06T11:32:04.128-03:00,327,0,2,50,3374,3640,31364,3500,3720,33794,0x07
2026-09-06T11:32:04.151-03:00,328,0,2,50,3374,3640,31364,3500,3720,33794,0x07
2026-09-06T11:32:04.169-03:00,329,0,2,50,3374,3640,31364,3500,3720,33794,0x07
2026-09-06T11:32:04.189-03:00,330,0,2,60,3374,3633,31392,3500,3750,33666,0x07
2026-09-06T11:32:04.207-03:00,331,0,2,60,3374,3633,31392,3500,3750,33666,0x07
2026-09-06T11:32:04.230-03:00,332,0,2,60,3374,3633,31392,3500,3750,33666,0x07
2026-09-06T11:32:04.248-03:00,333,0,2,52,3374,3692,31141,3500,3846,33258,0x07
2026-09-06T11:32:04.271-03:00,334,0,2,52,3374,3692,31141,3500,3846,33258,0x07
2026-09-06T11:32:04.288-03:00,335,0,2,50,3374,3600,31534,3500,3760,33624,0x07
2026-09-06T11:32:04.308-03:00,336,0,2,50,3374,3600,31534,3500,3760,33624,0x07
2026-09-06T11:32:04.332-03:00,337,0,2,50,3374,3600,31534,3500,3760,33624,0x07
2026-09-06T11:32:04.350-03:00,338,0,2,59,3374,3678,31202,3500,3729,33757,0x07
2026-09-06T11:32:04.368-03:00,339,0,2,59,3374,3678,31202,3500,3729,33757,0x07
2026-09-06T11:32:04.392-03:00,340,0,2,59,3374,3678,31202,3500,3729,33757,0x07
2026-09-06T11:32:04.410-03:00,341,0,2,52,3374,3673,31223,3500,3788,33503,0x07
2026-09-06T11:32:04.428-03:00,342,0,2,52,3374,3673,31223,3500,3788,33503,0x07
2026-09-06T11:32:04.451-03:00,343,0,2,50,3374,3600,31534,3500,3720,33794,0x07
2026-09-06T11:32:04.470-03:00,344,0,2,50,3374,3600,31534,3500,3720,33794,0x07
2026-09-06T11:32:04.488-03:00,345,0,2,50,3374,3600,31534,3500,3720,33794,0x07
2026-09-06T11:32:04.508-03:00,346,0,2,51,3374,3706,31084,3500,3804,33437,0x07
2026-09-06T11:32:04.531-03:00,347,0,2,51,3374,3706,31084,3500,3804,33437,0x07
2026-09-06T11:32:04.548-03:00,348,0,2,50,3374,3560,31704,3500,3700,33879,0x07
2026-09-06T11:32:04.571-03:00,349,0,2,50,3374,3560,31704,3500,3700,33879,0x07
2026-09-06T11:32:04.589-03:00,350,0,2,50,3374,3560,31704,3500,3700,33879,0x07
2026-09-06T11:32:04.629-03:00,351,0,2,56,3374,3661,31275,3500,3732,33742,0x07
2026-09-06T11:32:04.629-03:00,352,0,2,56,3374,3661,31275,3500,3732,33742,0x07
2026-09-06T11:32:04.651-03:00,353,0,2,56,3374,3661,31275,3500,3732,33742,0x07
2026-09-06T11:32:04.669-03:00,354,0,2,51,3374,3706,31084,3500,3784,33521,0x07
2026-09-06T11:32:04.687-03:00,355,0,2,51,3374,3706,31084,3500,3784,33521,0x07
2026-09-06T11:32:04.710-03:00,356,0,2,52,3374,3635,31386,3500,3788,33503,0x07
2026-09-06T11:32:04.728-03:00,357,0,2,52,3374,3635,31386,3500,3788,33503,0x07
2026-09-06T11:32:04.749-03:00,358,0,2,52,3374,3635,31386,3500,3788,33503,0x07
2026-09-06T11:32:04.771-03:00,359,0,2,59,3374,3610,31490,3500,3678,33973,0x07
2026-09-06T11:32:04.789-03:00,360,0,2,59,3374,3610,31490,3500,3678,33973,0x07
2026-09-06T11:32:04.810-03:00,361,0,2,50,3374,3720,31024,3500,3760,33624,0x07
2026-09-06T11:32:04.828-03:00,362,0,2,50,3374,3720,31024,3500,3760,33624,0x07
2026-09-06T11:32:04.851-03:00,363,0,2,50,3374,3720,31024,3500,3760,33624,0x07
2026-09-06T11:32:04.868-03:00,364,0,2,55,3374,3618,31456,3500,3745,33686,0x07
2026-09-06T11:32:04.891-03:00,365,0,2,55,3374,3618,31456,3500,3745,33686,0x07
2026-09-06T11:32:04.911-03:00,366,0,2,55,3374,3618,31456,3500,3745,33686,0x07
2026-09-06T11:32:04.931-03:00,367,0,2,54,3374,3648,31329,3500,3741,33706,0x07
2026-09-06T11:32:04.949-03:00,368,0,2,54,3374,3648,31329,3500,3741,33706,0x07
2026-09-06T11:32:04.972-03:00,369,0,2,54,3374,3648,31329,3500,3741,33706,0x07
2026-09-06T11:32:04.990-03:00,370,0,2,52,3374,3673,31223,3500,3654,34075,0x07
2026-09-06T11:32:05.008-03:00,371,0,2,52,3374,3673,31223,3500,3654,34075,0x07
2026-09-06T11:32:05.030-03:00,372,0,2,50,3374,3600,31534,3500,3720,33794,0x07
2026-09-06T11:32:05.049-03:00,373,0,2,50,3374,3600,31534,3500,3720,33794,0x07
2026-09-06T11:32:05.069-03:00,374,0,2,50,3374,3600,31534,3500,3720,33794,0x07
2026-09-06T11:32:05.088-03:00,375,0,2,58,3374,3672,31226,3500,3810,33410,0x07
2026-09-06T11:32:05.111-03:00,376,0,2,58,3374,3672,31226,3500,3810,33410,0x07
2026-09-06T11:32:05.129-03:00,377,0,2,58,3374,3672,31226,3500,3810,33410,0x07
2026-09-06T11:32:05.152-03:00,378,0,2,59,3374,3627,31418,3500,3661,34045,0x07
2026-09-06T11:32:05.170-03:00,379,0,2,59,3374,3627,31418,3500,3661,34045,0x07
2026-09-06T11:32:05.190-03:00,380,0,2,59,3374,3627,31418,3500,3661,34045,0x07
2026-09-06T11:32:05.208-03:00,381,0,2,51,3374,3686,31167,3500,3784,33521,0x07
2026-09-06T11:32:05.231-03:00,382,0,2,51,3374,3686,31167,3500,3784,33521,0x07
2026-09-06T11:32:05.249-03:00,383,0,2,51,3374,3667,31250,3500,3725,33771,0x07
2026-09-06T11:32:05.267-03:00,384,0,2,51,3374,3667,31250,3500,3725,33771,0x07
2026-09-06T11:32:05.287-03:00,385,0,2,51,3374,3667,31250,3500,3725,33771,0x07
2026-09-06T11:32:05.307-03:00,386,0,2,50,3374,3640,31364,3500,3680,33964,0x07
2026-09-06T11:32:05.329-03:00,387,0,2,50,3374,3640,31364,3500,3680,33964,0x07
2026-09-06T11:32:05.349-03:00,388,0,2,50,3374,3640,31364,3500,3780,33539,0x07
2026-09-06T11:32:05.369-03:00,389,0,2,50,3374,3640,31364,3500,3780,33539,0x07
2026-09-06T11:32:05.391-03:00,390,0,2,50,3374,3640,31364,3500,3780,33539,0x07
2026-09-06T11:32:05.409-03:00,391,0,2,58,3374,3672,31226,3500,3672,33996,0x07
2026-09-06T11:32:05.429-03:00,392,0,2,58,3374,3672,31226,3500,3672,33996,0x07
2026-09-06T11:32:05.452-03:00,393,0,2,58,3374,3672,31226,3500,3672,33996,0x07
2026-09-06T11:32:05.470-03:00,394,0,2,52,3374,3635,31386,3500,3712,33830,0x07
2026-09-06T11:32:05.488-03:00,395,0,2,52,3374,3635,31386,3500,3712,33830,0x07
2026-09-06T11:32:05.512-03:00,396,0,2,52,3374,3654,31305,3500,3788,33503,0x07
2026-09-06T11:32:05.529-03:00,397,0,2,52,3374,3654,31305,3500,3788,33503,0x07
2026-09-06T11:32:05.552-03:00,398,0,2,52,3374,3654,31305,3500,3788,33503,0x07
2026-09-06T11:32:05.571-03:00,399,0,2,59,3374,3644,31346,3500,3678,33973,0x07
2026-09-06T11:32:05.590-03:00,400,0,2,59,3374,3644,31346,3500,3678,33973,0x07
2026-09-06T11:32:05.609-03:00,401,0,2,59,3374,3644,31346,3500,3678,33973,0x07
2026-09-06T11:32:05.627-03:00,402,0,2,59,3374,3644,31346,3500,3712,33829,0x07
2026-09-06T11:32:05.648-03:00,403,0,2,59,3374,3644,31346,3500,3712,33829,0x07
2026-09-06T11:32:05.670-03:00,404,0,2,59,3374,3644,31346,3500,3712,33829,0x07
2026-09-06T11:32:05.688-03:00,405,0,2,57,3374,3649,31325,3500,3737,33722,0x07
2026-09-06T11:32:05.711-03:00,406,0,2,57,3374,3649,31325,3500,3737,33722,0x07
2026-09-06T11:32:05.729-03:00,407,0,2,57,3374,3649,31325,3500,3737,33722,0x07
2026-09-06T11:32:05.752-03:00,408,0,2,51,3374,3608,31500,3500,3725,33771,0x07
2026-09-06T11:32:05.770-03:00,409,0,2,51,3374,3608,31500,3500,3725,33771,0x07
2026-09-06T11:32:05.788-03:00,410,0,2,50,3374,3620,31448,3500,3720,33794,0x07
2026-09-06T11:32:05.812-03:00,411,0,2,50,3374,3620,31448,3500,3720,33794,0x07
2026-09-06T11:32:05.829-03:00,412,0,2,50,3374,3620,31448,3500,3720,33794,0x07
2026-09-06T11:32:05.847-03:00,413,0,2,50,3374,3660,31278,3500,3740,33709,0x07
2026-09-06T11:32:05.869-03:00,414,0,2,50,3374,3660,31278,3500,3740,33709,0x07
2026-09-06T11:32:05.889-03:00,415,0,2,50,3374,3660,31278,3500,3780,33539,0x07
2026-09-06T11:32:05.908-03:00,416,0,2,50,3374,3660,31278,3500,3780,33539,0x07
2026-09-06T11:32:05.930-03:00,417,0,2,50,3374,3660,31278,3500,3780,33539,0x07
2026-09-06T11:32:05.948-03:00,418,0,2,50,3374,3620,31448,3500,3720,33794,0x07
2026-09-06T11:32:05.969-03:00,419,0,2,50,3374,3620,31448,3500,3720,33794,0x07
2026-09-06T11:32:05.987-03:00,420,0,2,52,3374,3635,31386,3500,3769,33585,0x07
2026-09-06T11:32:06.151-03:00,421,0,2,52,3374,3635,31386,3500,3769,33585,0x07
2026-09-06T11:32:06.170-03:00,422,0,2,52,3374,3635,31386,3500,3769,33585,0x07
2026-09-06T11:32:06.212-03:00,423,0,2,58,3374,3638,31372,3500,3741,33703,0x07
2026-09-06T11:32:06.212-03:00,424,0,2,52,0,0,32494,0,0,34729,0x07
2026-09-06T11:32:06.232-03:00,425,0,2,52,0,0,32494,0,0,34729,0x07
2026-09-06T11:32:06.250-03:00,433,0,2,52,0,0,32494,0,0,34729,0x07
2026-09-06T11:32:06.268-03:00,434,0,2,54,3374,2981,34162,3500,2944,37090,0x07
2026-09-06T11:32:06.291-03:00,435,0,2,54,3374,2981,34162,3500,2944,37090,0x07
2026-09-06T11:32:06.308-03:00,436,0,2,55,3374,3782,30761,3500,3873,33145,0x07
2026-09-06T11:32:06.327-03:00,437,0,2,55,3374,3782,30761,3500,3873,33145,0x07
2026-09-06T11:32:06.351-03:00,438,0,2,55,3374,3782,30761,3500,3873,33145,0x07
2026-09-06T11:32:06.369-03:00,439,0,2,58,3374,3845,30493,3500,3914,32970,0x07
2026-09-06T11:32:06.391-03:00,440,0,2,58,3374,3845,30493,3500,3914,32970,0x07
2026-09-06T11:32:06.409-03:00,441,0,2,58,3374,3845,30493,3500,3914,32970,0x07
2026-09-06T11:32:06.428-03:00,442,0,2,50,3374,3620,31448,3500,3780,33539,0x07
2026-09-06T11:32:06.451-03:00,443,0,2,50,3374,3620,31448,3500,3780,33539,0x07
2026-09-06T11:32:06.471-03:00,444,0,2,60,3374,3600,31534,3500,3700,33879,0x07
2026-09-06T11:32:06.510-03:00,445,0,2,60,3374,3600,31534,3500,3700,33879,0x07
2026-09-06T11:32:06.510-03:00,446,0,2,60,3374,3600,31534,3500,3700,33879,0x07
2026-09-06T11:32:06.529-03:00,447,0,2,59,3374,3627,31418,3500,3712,33829,0x07
2026-09-06T11:32:06.547-03:00,448,0,2,59,3374,3627,31418,3500,3712,33829,0x07
2026-09-06T11:32:06.571-03:00,449,0,2,59,3374,3627,31418,3500,3712,33829,0x07
2026-09-06T11:32:06.591-03:00,450,0,2,53,3374,3623,31437,3500,3830,33326,0x07
2026-09-06T11:32:06.609-03:00,451,0,2,53,3374,3623,31437,3500,3830,33326,0x07
2026-09-06T11:32:06.632-03:00,452,0,2,53,3374,3623,31437,3500,3830,33326,0x07
2026-09-06T11:32:06.650-03:00,453,0,2,51,3374,3725,31000,3500,3804,33437,0x07
2026-09-06T11:32:06.670-03:00,454,0,2,51,3374,3725,31000,3500,3804,33437,0x07
2026-09-06T11:32:06.688-03:00,455,0,2,52,3374,3577,31632,3500,3712,33830,0x07
2026-09-06T11:32:06.711-03:00,456,0,2,52,3374,3577,31632,3500,3712,33830,0x07
2026-09-06T11:32:06.731-03:00,457,0,2,52,3374,3577,31632,3500,3712,33830,0x07
2026-09-06T11:32:06.749-03:00,458,0,2,54,3374,3648,31329,3500,3833,33312,0x07
2026-09-06T11:32:06.772-03:00,459,0,2,54,3374,3648,31329,3500,3833,33312,0x07
2026-09-06T11:32:06.790-03:00,460,0,2,54,3374,3648,31329,3500,3833,33312,0x07
2026-09-06T11:32:06.807-03:00,461,0,2,51,3374,3686,31167,3500,3745,33687,0x07
2026-09-06T11:32:06.827-03:00,462,0,2,51,3374,3686,31167,3500,3745,33687,0x07
2026-09-06T11:32:06.850-03:00,463,0,2,52,3374,3577,31632,3500,3712,33830,0x07
2026-09-06T11:32:06.868-03:00,464,0,2,52,3374,3577,31632,3500,3712,33830,0x07
2026-09-06T11:32:06.888-03:00,465,0,2,52,3374,3577,31632,3500,3712,33830,0x07
2026-09-06T11:32:06.911-03:00,466,0,2,51,3374,3667,31250,3500,3824,33354,0x07
2026-09-06T11:32:06.928-03:00,467,0,2,51,3374,3667,31250,3500,3824,33354,0x07
2026-09-06T11:32:06.951-03:00,468,0,2,51,3374,3667,31250,3500,3824,33354,0x07
2026-09-06T11:32:06.969-03:00,469,0,2,56,3374,3643,31351,3500,3679,33970,0x07
2026-09-06T11:32:06.989-03:00,470,0,2,56,3374,3643,31351,3500,3679,33970,0x07
2026-09-06T11:32:07.007-03:00,471,0,2,53,3374,3623,31437,3500,3755,33646,0x07
2026-09-06T11:32:07.030-03:00,472,0,2,53,3374,3623,31437,3500,3755,33646,0x07
2026-09-06T11:32:07.050-03:00,473,0,2,53,3374,3623,31437,3500,3755,33646,0x07
2026-09-06T11:32:07.069-03:00,474,0,2,58,3374,3655,31299,3500,3793,33483,0x07
2026-09-06T11:32:07.092-03:00,475,0,2,58,3374,3655,31299,3500,3793,33483,0x07
2026-09-06T11:32:07.110-03:00,476,0,2,58,3374,3655,31299,3500,3793,33483,0x07
2026-09-06T11:32:07.128-03:00,477,0,2,51,3374,3725,31000,3500,3725,33771,0x07
2026-09-06T11:32:07.151-03:00,478,0,2,51,3374,3725,31000,3500,3725,33771,0x07
2026-09-06T11:32:07.169-03:00,479,0,2,52,3374,3577,31632,3500,3692,33912,0x07
2026-09-06T11:32:07.192-03:00,480,0,2,52,3374,3577,31632,3500,3692,33912,0x07
2026-09-06T11:32:07.212-03:00,481,0,2,52,3374,3577,31632,3500,3692,33912,0x07
2026-09-06T11:32:07.229-03:00,482,0,2,58,3374,3621,31446,3500,3793,33483,0x07
2026-09-06T11:32:07.252-03:00,483,0,2,58,3374,3621,31446,3500,3793,33483,0x07
2026-09-06T11:32:07.272-03:00,484,0,2,58,3374,3621,31446,3500,3793,33483,0x07
2026-09-06T11:32:07.290-03:00,485,0,2,59,3374,3712,31058,3500,3847,33252,0x07
2026-09-06T11:32:07.311-03:00,486,0,2,59,3374,3712,31058,3500,3847,33252,0x07
2026-09-06T11:32:07.328-03:00,487,0,2,59,3374,3712,31058,3500,3847,33252,0x07
2026-09-06T11:32:07.351-03:00,488,0,2,50,3374,3660,31278,3500,3760,33624,0x07
2026-09-06T11:32:07.371-03:00,489,0,2,50,3374,3660,31278,3500,3760,33624,0x07
2026-09-06T11:32:07.388-03:00,490,0,2,50,3374,3660,31278,3500,3760,33624,0x07
2026-09-06T11:32:07.411-03:00,491,0,2,56,3374,3554,31731,3500,3696,33894,0x07
2026-09-06T11:32:07.429-03:00,492,0,2,56,3374,3554,31731,3500,3696,33894,0x07
2026-09-06T11:32:07.447-03:00,493,0,2,54,3374,3648,31329,3500,3796,33470,0x07
2026-09-06T11:32:07.470-03:00,494,0,2,54,3374,3648,31329,3500,3796,33470,0x07
2026-09-06T11:32:07.488-03:00,495,0,2,54,3374,3648,31329,3500,3796,33470,0x07
2026-09-06T11:32:07.511-03:00,496,0,2,50,3374,3720,31024,3500,3840,33284,0x07
2026-09-06T11:32:07.556-03:00,497,0,2,50,3374,3720,31024,3500,3840,33284,0x07
2026-09-06T11:32:07.600-03:00,498,0,2,51,3374,3627,31417,3500,3725,33771,0x07
2026-09-06T11:32:07.641-03:00,499,0,2,51,3374,3627,31417,3500,3725,33771,0x07
2026-09-06T11:32:07.685-03:00,500,0,2,51,3374,3608,31500,3500,3686,33937,0x07
2026-09-06T11:32:07.726-03:00,501,0,2,50,0,0,0,0,0,0,0x03
