timestamp,sequence,team,robot_id,interval_ms,left_target_eps,left_measured_eps,left_duty,right_target_eps,right_measured_eps,right_duty,flags
2026-09-06T20:35:43.956-03:00,65535,255,1,0,0,0,0,0,0,0,0x03
2026-09-06T20:35:43.974-03:00,1,0,1,52,0,0,28094,0,0,28548,0x07
2026-09-06T20:35:43.998-03:00,2,0,1,52,0,0,28094,0,0,28548,0x07
2026-09-06T20:35:44.016-03:00,3,0,1,57,3374,965,38333,3500,561,40000,0x07
2026-09-06T20:35:44.036-03:00,3,0,1,57,3374,965,38333,3500,561,40000,0x07
2026-09-06T20:35:44.054-03:00,3,0,1,57,3374,965,38333,3500,561,40000,0x07
2026-09-06T20:35:44.095-03:00,4,0,1,50,3374,2920,30024,3500,2480,32883,0x07
2026-09-06T20:35:44.113-03:00,5,0,1,50,3374,2920,30024,3500,2480,32883,0x07
2026-09-06T20:35:44.134-03:00,6,0,1,53,3374,3642,26957,3500,3472,28668,0x07
2026-09-06T20:35:44.156-03:00,7,0,1,53,3374,3642,26957,3500,3472,28668,0x07
2026-09-06T20:35:44.174-03:00,8,0,1,53,3374,3642,26957,3500,3472,28668,0x07
2026-09-06T20:35:44.197-03:00,9,0,1,57,3374,3351,28192,3500,3404,28958,0x07
2026-09-06T20:35:44.215-03:00,10,0,1,57,3374,3351,28192,3500,3404,28958,0x07
2026-09-06T20:35:44.235-03:00,11,0,1,57,3374,3351,28192,3500,3404,28958,0x07
2026-09-06T20:35:44.255-03:00,12,0,1,50,3374,3220,28748,3500,3200,29823,0x07
2026-09-06T20:35:44.273-03:00,13,0,1,50,3374,3220,28748,3500,3200,29823,0x07
2026-09-06T20:35:44.296-03:00,14,0,1,51,3374,3176,28934,3500,3137,30090,0x07
2026-09-06T20:35:44.313-03:00,15,0,1,51,3374,3176,28934,3500,3137,30090,0x07
2026-09-06T20:35:44.333-03:00,16,0,1,51,3374,3176,28934,3500,3137,30090,0x07
2026-09-06T20:35:44.353-03:00,17,0,1,50,3374,3260,28578,3500,3240,29653,0x07
2026-09-06T20:35:44.375-03:00,18,0,1,50,3374,3260,28578,3500,3240,29653,0x07
2026-09-06T20:35:44.418-03:00,19,0,1,50,3374,3260,28578,3500,3240,29653,0x07
2026-09-06T20:35:44.418-03:00,20,0,1,66,3374,3273,28524,3500,3197,29836,0x07
2026-09-06T20:35:44.433-03:00,21,0,1,66,3374,3273,28524,3500,3197,29836,0x07
2026-09-06T20:35:44.454-03:00,22,0,1,66,3374,3273,28524,3500,3197,29836,0x07
2026-09-06T20:35:44.477-03:00,23,0,1,53,3374,3245,28641,3500,3226,29711,0x07
2026-09-06T20:35:44.498-03:00,24,0,1,53,3374,3245,28641,3500,3226,29711,0x07
2026-09-06T20:35:44.515-03:00,25,0,1,52,3374,3231,28703,3500,3269,29529,0x07
2026-09-06T20:35:44.533-03:00,26,0,1,52,3374,3231,28703,3500,3269,29529,0x07
2026-09-06T20:35:44.556-03:00,27,0,1,52,3374,3231,28703,3500,3269,29529,0x07
2026-09-06T20:35:44.594-03:00,28,0,1,51,3374,3255,28600,3500,3235,29673,0x07
2026-09-06T20:35:44.594-03:00,29,0,1,51,3374,3255,28600,3500,3235,29673,0x07
2026-09-06T20:35:44.616-03:00,30,0,1,51,3374,3255,28600,3500,3235,29673,0x07
2026-09-06T20:35:44.634-03:00,31,0,1,56,3374,3232,28697,3500,3214,29762,0x07
2026-09-06T20:35:44.677-03:00,32,0,1,56,3374,3232,28697,3500,3214,29762,0x07
2026-09-06T20:35:44.677-03:00,33,0,1,54,3374,3278,28503,3500,3130,30122,0x07
2026-09-06T20:35:44.696-03:00,34,0,1,54,3374,3278,28503,3500,3130,30122,0x07
2026-09-06T20:35:44.716-03:00,35,0,1,54,3374,3278,28503,3500,3130,30122,0x07
2026-09-06T20:35:44.733-03:00,36,0,1,51,3374,3255,28600,3500,3078,30340,0x07
2026-09-06T20:35:44.757-03:00,37,0,1,51,3374,3255,28600,3500,3078,30340,0x07
2026-09-06T20:35:44.776-03:00,38,0,1,51,3374,3255,28600,3500,3078,30340,0x07
2026-09-06T20:35:44.795-03:00,39,0,1,56,3374,3268,28545,3500,3143,30066,0x07
2026-09-06T20:35:44.813-03:00,40,0,1,56,3374,3268,28545,3500,3143,30066,0x07
2026-09-06T20:35:44.833-03:00,41,0,1,54,3374,3278,28503,3500,3296,29414,0x07
2026-09-06T20:35:44.853-03:00,42,0,1,54,3374,3278,28503,3500,3296,29414,0x07
2026-09-06T20:35:44.877-03:00,43,0,1,54,3374,3278,28503,3500,3296,29414,0x07
2026-09-06T20:35:44.895-03:00,44,0,1,55,3374,3218,28756,3500,3327,29282,0x07
2026-09-06T20:35:44.913-03:00,45,0,1,55,3374,3218,28756,3500,3327,29282,0x07
2026-09-06T20:35:44.933-03:00,46,0,1,55,3374,3218,28756,3500,3327,29282,0x07
2026-09-06T20:35:44.956-03:00,47,0,1,53,3374,3245,28641,3500,3189,29871,0x07
2026-09-06T20:35:44.975-03:00,48,0,1,53,3374,3245,28641,3500,3189,29871,0x07
2026-09-06T20:35:44.993-03:00,49,0,1,53,3374,3245,28641,3500,3189,29871,0x07
2026-09-06T20:35:45.017-03:00,50,0,1,54,3374,3296,28424,3500,3148,30043,0x07
2026-09-06T20:35:45.034-03:00,51,0,1,54,3374,3296,28424,3500,3148,30043,0x07
2026-09-06T20:35:45.054-03:00,52,0,1,54,3374,3259,28582,3500,2981,30752,0x07
2026-09-06T20:35:45.076-03:00,53,0,1,54,3374,3259,28582,3500,2981,30752,0x07
2026-09-06T20:35:45.095-03:00,54,0,1,54,3374,3259,28582,3500,2981,30752,0x07
2026-09-06T20:35:45.115-03:00,55,0,1,50,3374,3260,28578,3500,2960,30843,0x07
2026-09-06T20:35:45.133-03:00,56,0,1,50,3374,3260,28578,3500,2960,30843,0x07
2026-09-06T20:35:45.156-03:00,57,0,1,52,3374,3250,28621,3500,2962,30836,0x07
2026-09-06T20:35:45.176-03:00,58,0,1,52,3374,3250,28621,3500,2962,30836,0x07
2026-09-06T20:35:45.197-03:00,59,0,1,52,3374,3250,28621,3500,2962,30836,0x07
2026-09-06T20:35:45.214-03:00,60,0,1,51,3374,3275,28517,3500,2980,30756,0x07
2026-09-06T20:35:45.235-03:00,61,0,1,51,3374,3275,28517,3500,2980,30756,0x07
2026-09-06T20:35:45.254-03:00,62,0,1,51,3374,3235,28684,3500,3020,30590,0x07
2026-09-06T20:35:45.277-03:00,63,0,1,51,3374,3235,28684,3500,3020,30590,0x07
2026-09-06T20:35:45.295-03:00,64,0,1,51,3374,3235,28684,3500,3020,30590,0x07
2026-09-06T20:35:45.313-03:00,65,0,1,57,3374,3263,28565,3500,3000,30673,0x07
2026-09-06T20:35:45.336-03:00,66,0,1,57,3374,3263,28565,3500,3000,30673,0x07
2026-09-06T20:35:45.355-03:00,67,0,1,57,3374,3263,28565,3500,3000,30673,0x07
2026-09-06T20:35:45.373-03:00,68,0,1,50,3374,3280,28494,3500,3060,30418,0x07
2026-09-06T20:35:45.396-03:00,69,0,1,50,3374,3280,28494,3500,3060,30418,0x07
2026-09-06T20:35:45.414-03:00,70,0,1,51,3374,3235,28684,3500,3000,30673,0x07
2026-09-06T20:35:45.437-03:00,71,0,1,51,3374,3235,28684,3500,3000,30673,0x07
2026-09-06T20:35:45.455-03:00,72,0,1,51,3374,3235,28684,3500,3000,30673,0x07
2026-09-06T20:35:45.473-03:00,73,0,1,58,3374,3276,28511,3500,2966,30820,0x07
2026-09-06T20:35:45.494-03:00,74,0,1,58,3374,3276,28511,3500,2966,30820,0x07
2026-09-06T20:35:45.517-03:00,75,0,1,58,3374,3276,28511,3500,2966,30820,0x07
2026-09-06T20:35:45.535-03:00,76,0,1,50,3374,3240,28664,3500,3020,30588,0x07
2026-09-06T20:35:45.557-03:00,77,0,1,50,3374,3240,28664,3500,3020,30588,0x07
2026-09-06T20:35:45.578-03:00,78,0,1,55,3374,3236,28679,3500,3018,30596,0x07
2026-09-06T20:35:45.595-03:00,79,0,1,55,3374,3236,28679,3500,3018,30596,0x07
2026-09-06T20:35:45.618-03:00,80,0,1,55,3374,3236,28679,3500,3018,30596,0x07
2026-09-06T20:35:45.636-03:00,81,0,1,50,3374,3300,28408,3500,3040,30503,0x07
2026-09-06T20:35:45.654-03:00,82,0,1,50,3374,3300,28408,3500,3040,30503,0x07
2026-09-06T20:35:45.674-03:00,83,0,1,50,3374,3300,28408,3500,3040,30503,0x07
2026-09-06T20:35:45.698-03:00,84,0,1,55,3374,3273,28524,3500,3018,30596,0x07
2026-09-06T20:35:45.716-03:00,85,0,1,55,3374,3273,28524,3500,3018,30596,0x07
2026-09-06T20:35:45.734-03:00,86,0,1,51,3374,3235,28696,3500,3000,30673,0x07
2026-09-06T20:35:45.757-03:00,87,0,1,51,3374,3235,28696,3500,3000,30673,0x07
2026-09-06T20:35:45.775-03:00,88,0,1,51,3374,3235,28696,3500,3000,30673,0x07
2026-09-06T20:35:45.794-03:00,89,0,1,51,3374,3235,28696,3500,3020,30640,0x07
2026-09-06T20:35:45.817-03:00,90,0,1,51,3374,3235,28696,3500,3020,30640,0x07
2026-09-06T20:35:45.835-03:00,91,0,1,51,3374,3294,28446,3500,3020,30640,0x07
2026-09-06T20:35:45.853-03:00,92,0,1,51,3374,3294,28446,3500,3020,30640,0x07
2026-09-06T20:35:45.877-03:00,93,0,1,51,3374,3294,28446,3500,3020,30640,0x07
2026-09-06T20:35:45.897-03:00,94,0,1,62,3374,3274,28531,3500,3000,30723,0x07
2026-09-06T20:35:45.938-03:00,95,0,1,62,3374,3274,28531,3500,3000,30723,0x07
2026-09-06T20:35:45.938-03:00,96,0,1,62,3374,3274,28531,3500,3000,30723,0x07
2026-09-06T20:35:45.956-03:00,97,0,1,50,3374,3240,28676,3500,3000,30723,0x07
2026-09-06T20:35:45.973-03:00,98,0,1,50,3374,3240,28676,3500,3000,30723,0x07
2026-09-06T20:35:45.996-03:00,99,0,1,50,3374,3280,28506,3500,3020,30638,0x07
2026-09-06T20:35:46.016-03:00,100,0,1,50,3374,3280,28506,3500,3020,30638,0x07
2026-09-06T20:35:46.034-03:00,101,0,1,50,3374,3280,28506,3500,3020,30638,0x07
2026-09-06T20:35:46.058-03:00,102,0,1,58,3374,3259,28597,3500,2966,30870,0x07
2026-09-06T20:35:46.098-03:00,103,0,1,58,3374,3259,28597,3500,2966,30870,0x07
2026-09-06T20:35:46.098-03:00,104,0,1,58,3374,3259,28597,3500,2966,30870,0x07
2026-09-06T20:35:46.116-03:00,105,0,1,50,3374,3260,28592,3500,3020,30638,0x07
2026-09-06T20:35:46.134-03:00,106,0,1,50,3374,3260,28592,3500,3020,30638,0x07
2026-09-06T20:35:46.154-03:00,107,0,1,52,3374,3250,28634,3500,3000,30723,0x07
2026-09-06T20:35:46.177-03:00,108,0,1,52,3374,3250,28634,3500,3000,30723,0x07
2026-09-06T20:35:46.194-03:00,109,0,1,52,3374,3250,28634,3500,3000,30723,0x07
2026-09-06T20:35:46.217-03:00,110,0,1,55,3374,3255,28615,3500,3018,30646,0x07
2026-09-06T20:35:46.235-03:00,111,0,1,55,3374,3255,28615,3500,3018,30646,0x07
2026-09-06T20:35:46.254-03:00,112,0,1,55,3374,3255,28615,3500,3018,30646,0x07
2026-09-06T20:35:46.276-03:00,113,0,1,50,3374,3260,28592,3500,3000,30723,0x07
2026-09-06T20:35:46.294-03:00,114,0,1,50,3374,3260,28592,3500,3000,30723,0x07
2026-09-06T20:35:46.317-03:00,115,0,1,50,3374,3240,28676,3500,2940,30978,0x07
2026-09-06T20:35:46.337-03:00,116,0,1,50,3374,3240,28676,3500,2940,30978,0x07
2026-09-06T20:35:46.355-03:00,117,0,1,50,3374,3240,28676,3500,2940,30978,0x07
2026-09-06T20:35:46.378-03:00,118,0,1,51,3374,3314,28363,3500,2961,30890,0x07
2026-09-06T20:35:46.396-03:00,119,0,1,51,3374,3314,28363,3500,2961,30890,0x07
2026-09-06T20:35:46.414-03:00,120,0,1,52,3374,3231,28716,3500,3000,30723,0x07
2026-09-06T20:35:46.437-03:00,121,0,1,52,3374,3231,28716,3500,3000,30723,0x07
2026-09-06T20:35:46.457-03:00,122,0,1,52,3374,3231,28716,3500,3000,30723,0x07
2026-09-06T20:35:46.475-03:00,123,0,1,50,3374,3220,28762,3500,2960,30893,0x07
2026-09-06T20:35:46.493-03:00,124,0,1,50,3374,3220,28762,3500,2960,30893,0x07
2026-09-06T20:35:46.517-03:00,125,0,1,52,3374,3288,28471,3500,2962,30886,0x07
2026-09-06T20:35:46.535-03:00,126,0,1,52,3374,3288,28471,3500,2962,30886,0x07
2026-09-06T20:35:46.573-03:00,127,0,1,52,3374,3288,28471,3500,2962,30886,0x07
2026-09-06T20:35:46.573-03:00,128,0,1,50,3374,3280,28506,3500,2960,30893,0x07
2026-09-06T20:35:46.596-03:00,129,0,1,50,3374,3280,28506,3500,2960,30893,0x07
2026-09-06T20:35:46.617-03:00,130,0,1,50,3374,3280,28506,3500,2960,30893,0x07
2026-09-06T20:35:46.635-03:00,131,0,1,53,3374,3264,28574,3500,3019,30643,0x07
2026-09-06T20:35:46.653-03:00,132,0,1,53,3374,3264,28574,3500,3019,30643,0x07
2026-09-06T20:35:46.677-03:00,133,0,1,56,3374,3214,28786,3500,2946,30951,0x07
2026-09-06T20:35:46.697-03:00,134,0,1,56,3374,3214,28786,3500,2946,30951,0x07
2026-09-06T20:35:46.715-03:00,135,0,1,56,3374,3214,28786,3500,2946,30951,0x07
2026-09-06T20:35:46.735-03:00,136,0,1,50,3374,3260,28592,3500,3000,30723,0x07
2026-09-06T20:35:46.753-03:00,137,0,1,50,3374,3260,28592,3500,3000,30723,0x07
2026-09-06T20:35:46.774-03:00,138,0,1,50,3374,3260,28592,3500,3000,30723,0x07
2026-09-06T20:35:46.797-03:00,139,0,1,54,3374,3222,28752,3500,3037,30566,0x07
2026-09-06T20:35:46.837-03:00,140,0,1,54,3374,3222,28752,3500,3037,30566,0x07
2026-09-06T20:35:46.837-03:00,141,0,1,52,3374,3231,28716,3500,3077,30396,0x07
2026-09-06T20:35:46.857-03:00,142,0,1,52,3374,3231,28716,3500,3077,30396,0x07
2026-09-06T20:35:46.878-03:00,143,0,1,52,3374,3231,28716,3500,3077,30396,0x07
2026-09-06T20:35:46.896-03:00,144,0,1,50,3374,3340,28252,3500,3080,30383,0x07
2026-09-06T20:35:46.916-03:00,145,0,1,50,3374,3340,28252,3500,3080,30383,0x07
2026-09-06T20:35:46.934-03:00,146,0,1,54,3374,3204,28831,3500,3037,30566,0x07
2026-09-06T20:35:46.953-03:00,147,0,1,54,3374,3204,28831,3500,3037,30566,0x07
2026-09-06T20:35:46.976-03:00,148,0,1,54,3374,3204,28831,3500,3037,30566,0x07
2026-09-06T20:35:46.994-03:00,149,0,1,57,3374,3263,28578,3500,3070,30425,0x07
2026-09-06T20:35:47.013-03:00,150,0,1,57,3374,3263,28578,3500,3070,30425,0x07
2026-09-06T20:35:47.034-03:00,151,0,1,57,3374,3263,28578,3500,3070,30425,0x07
2026-09-06T20:35:47.057-03:00,152,0,1,50,3374,3280,28506,3500,3020,30638,0x07
2026-09-06T20:35:47.075-03:00,153,0,1,50,3374,3280,28506,3500,3020,30638,0x07
2026-09-06T20:35:47.095-03:00,154,0,1,50,3374,3260,28592,3500,3040,30553,0x07
2026-09-06T20:35:47.113-03:00,155,0,1,50,3374,3260,28592,3500,3040,30553,0x07
2026-09-06T20:35:47.136-03:00,156,0,1,50,3374,3260,28592,3500,3040,30553,0x07
2026-09-06T20:35:47.154-03:00,157,0,1,51,3374,3235,28696,3500,3000,30723,0x07
2026-09-06T20:35:47.177-03:00,158,0,1,51,3374,3235,28696,3500,3000,30723,0x07
2026-09-06T20:35:47.194-03:00,159,0,1,51,3374,2647,31196,3500,3039,30556,0x07
2026-09-06T20:35:47.213-03:00,160,0,1,51,3374,2647,31196,3500,3039,30556,0x07
2026-09-06T20:35:47.236-03:00,161,0,1,51,3374,2647,31196,3500,3039,30556,0x07
2026-09-06T20:35:47.253-03:00,162,0,1,56,3374,1268,37058,3500,2929,31027,0x07
2026-09-06T20:35:47.276-03:00,163,0,1,56,3374,1268,37058,3500,2929,31027,0x07
2026-09-06T20:35:47.294-03:00,164,0,1,56,3374,1268,37058,3500,2929,31027,0x07
2026-09-06T20:35:47.316-03:00,165,0,1,50,3374,1400,36496,3500,2900,31148,0x07
2026-09-06T20:35:47.336-03:00,166,0,1,50,3374,1400,36496,3500,2900,31148,0x07
2026-09-06T20:35:47.354-03:00,167,0,1,52,3374,1538,35908,3500,2885,31213,0x07
2026-09-06T20:35:47.377-03:00,168,0,1,52,3374,1538,35908,3500,2885,31213,0x07
2026-09-06T20:35:47.393-03:00,169,0,1,52,3374,1538,35908,3500,2885,31213,0x07
2026-09-06T20:35:47.416-03:00,170,0,1,51,3374,1275,37030,3500,2706,31973,0x07
2026-09-06T20:35:47.434-03:00,171,0,1,51,3374,1275,37030,3500,2706,31973,0x07
2026-09-06T20:35:47.457-03:00,172,0,1,51,3374,1275,37030,3500,2706,31973,0x07
2026-09-06T20:35:47.475-03:00,173,0,1,53,3374,1642,35470,3500,2717,31926,0x07
2026-09-06T20:35:47.493-03:00,174,0,1,53,3374,1642,35470,3500,2717,31926,0x07
2026-09-06T20:35:47.516-03:00,175,0,1,50,3374,1720,35136,3500,2780,31658,0x07
2026-09-06T20:35:47.534-03:00,176,0,1,50,3374,1720,35136,3500,2780,31658,0x07
2026-09-06T20:35:47.556-03:00,177,0,1,50,3374,1720,35136,3500,2780,31658,0x07
2026-09-06T20:35:47.574-03:00,178,0,1,51,3374,1294,36946,3500,3098,30306,0x07
2026-09-06T20:35:47.594-03:00,179,0,1,51,3374,1294,36946,3500,3098,30306,0x07
2026-09-06T20:35:47.614-03:00,180,0,1,56,3374,2250,32900,3500,3268,29585,0x07
2026-09-06T20:35:47.635-03:00,181,0,1,56,3374,2250,32900,3500,3268,29585,0x07
2026-09-06T20:35:47.657-03:00,182,0,1,56,3374,2250,32900,3500,3268,29585,0x07
2026-09-06T20:35:47.675-03:00,183,0,1,50,3374,3480,27688,3500,3320,29363,0x07
2026-09-06T20:35:47.695-03:00,184,0,1,50,3374,3480,27688,3500,3320,29363,0x07
2026-09-06T20:35:47.715-03:00,185,0,1,52,3374,3500,27616,3500,3327,29334,0x07
2026-09-06T20:35:47.733-03:00,186,0,1,52,3374,3500,27616,3500,3327,29334,0x07
2026-09-06T20:35:47.756-03:00,187,0,1,52,3374,3500,27616,3500,3327,29334,0x07
2026-09-06T20:35:47.774-03:00,188,0,1,50,3374,3280,28566,3500,3300,29448,0x07
2026-09-06T20:35:47.794-03:00,189,0,1,50,3374,3280,28566,3500,3300,29448,0x07
2026-09-06T20:35:47.814-03:00,190,0,1,50,3374,3280,28566,3500,3300,29448,0x07
2026-09-06T20:35:47.834-03:00,191,0,1,55,3374,3200,28920,3500,3236,29718,0x07
2026-09-06T20:35:47.854-03:00,192,0,1,55,3374,3200,28920,3500,3236,29718,0x07
2026-09-06T20:35:47.873-03:00,193,0,1,52,3374,3250,28722,3500,3269,29579,0x07
2026-09-06T20:35:47.896-03:00,194,0,1,52,3374,3250,28722,3500,3269,29579,0x07
2026-09-06T20:35:47.914-03:00,195,0,1,52,3374,3250,28722,3500,3269,29579,0x07
2026-09-06T20:35:47.937-03:00,196,0,1,50,3374,3260,28694,3500,3340,29278,0x07
2026-09-06T20:35:47.957-03:00,197,0,1,50,3374,3260,28694,3500,3340,29278,0x07
2026-09-06T20:35:47.975-03:00,198,0,1,51,3374,3294,28562,3500,3216,29806,0x07
2026-09-06T20:35:47.993-03:00,199,0,1,51,3374,3294,28562,3500,3216,29806,0x07
2026-09-06T20:35:48.017-03:00,200,0,1,51,3374,3294,28562,3500,3216,29806,0x07
2026-09-06T20:35:48.037-03:00,201,0,1,50,3374,3220,28892,3500,3240,29703,0x07
2026-09-06T20:35:48.055-03:00,202,0,1,50,3374,3220,28892,3500,3240,29703,0x07
2026-09-06T20:35:48.073-03:00,203,0,1,52,3374,3327,28450,3500,3327,29334,0x07
2026-09-06T20:35:48.093-03:00,204,0,1,52,3374,3327,28450,3500,3327,29334,0x07
2026-09-06T20:35:48.113-03:00,205,0,1,52,3374,3327,28450,3500,3327,29334,0x07
2026-09-06T20:35:48.133-03:00,206,0,1,57,3374,3246,28810,3500,3263,29605,0x07
2026-09-06T20:35:48.157-03:00,207,0,1,57,3374,3246,28810,3500,3263,29605,0x07
2026-09-06T20:35:48.177-03:00,208,0,1,57,3374,3246,28810,3500,3263,29605,0x07
2026-09-06T20:35:48.195-03:00,209,0,1,50,3374,3320,28506,3500,3280,29533,0x07
2026-09-06T20:35:48.215-03:00,210,0,1,50,3374,3320,28506,3500,3280,29533,0x07
2026-09-06T20:35:48.233-03:00,211,0,1,53,3374,3264,28757,3500,3245,29681,0x07
2026-09-06T20:35:48.257-03:00,212,0,1,53,3374,3264,28757,3500,3245,29681,0x07
2026-09-06T20:35:48.275-03:00,213,0,1,53,3374,3264,28757,3500,3245,29681,0x07
2026-09-06T20:35:48.294-03:00,214,0,1,57,3374,3263,28774,3500,3158,30052,0x07
2026-09-06T20:35:48.314-03:00,215,0,1,57,3374,3263,28774,3500,3158,30052,0x07
2026-09-06T20:35:48.337-03:00,216,0,1,57,3374,3263,28774,3500,3158,30052,0x07
2026-09-06T20:35:48.355-03:00,217,0,1,50,3374,3320,28546,3500,2960,30893,0x07
2026-09-06T20:35:48.375-03:00,218,0,1,50,3374,3320,28546,3500,2960,30893,0x07
2026-09-06T20:35:48.393-03:00,219,0,1,53,3374,3226,28955,3500,2943,30964,0x07
2026-09-06T20:35:48.416-03:00,220,0,1,53,3374,3226,28955,3500,2943,30964,0x07
2026-09-06T20:35:48.433-03:00,221,0,1,53,3374,3226,28955,3500,2943,30964,0x07
2026-09-06T20:35:48.456-03:00,222,0,1,56,3374,3268,28792,3500,2982,30799,0x07
2026-09-06T20:35:48.474-03:00,223,0,1,56,3374,3268,28792,3500,2982,30799,0x07
2026-09-06T20:35:48.497-03:00,224,0,1,56,3374,3268,28792,3500,2982,30799,0x07
2026-09-06T20:35:48.516-03:00,225,0,1,50,3374,3320,28582,3500,3020,30638,0x07
2026-09-06T20:35:48.535-03:00,226,0,1,50,3374,3320,28582,3500,3020,30638,0x07
2026-09-06T20:35:48.553-03:00,227,0,1,55,3374,3255,28874,3500,3055,30491,0x07
2026-09-06T20:35:48.576-03:00,228,0,1,55,3374,3255,28874,3500,3055,30491,0x07
2026-09-06T20:35:48.594-03:00,229,0,1,55,3374,3255,28874,3500,3055,30491,0x07
2026-09-06T20:35:48.614-03:00,230,0,1,54,3374,3278,28787,3500,3037,30566,0x07
2026-09-06T20:35:48.635-03:00,231,0,1,54,3374,3278,28787,3500,3037,30566,0x07
2026-09-06T20:35:48.657-03:00,232,0,1,54,3374,3278,28787,3500,3037,30566,0x07
2026-09-06T20:35:48.675-03:00,233,0,1,52,3374,3288,28754,3500,3115,30233,0x07
2026-09-06T20:35:48.694-03:00,234,0,1,52,3374,3288,28754,3500,3115,30233,0x07
2026-09-06T20:35:48.713-03:00,235,0,1,54,3374,3241,28968,3500,3019,30644,0x07
2026-09-06T20:35:48.736-03:00,236,0,1,54,3374,3241,28968,3500,3019,30644,0x07
2026-09-06T20:35:48.755-03:00,237,0,1,54,3374,3241,28968,3500,3019,30644,0x07
2026-09-06T20:35:48.774-03:00,238,0,1,62,3374,3306,28701,3500,3065,30449,0x07
2026-09-06T20:35:48.797-03:00,239,0,1,62,3374,3306,28701,3500,3065,30449,0x07
2026-09-06T20:35:48.815-03:00,240,0,1,62,3374,3306,28701,3500,3065,30449,0x07
2026-09-06T20:35:48.833-03:00,241,0,1,54,3374,3278,28834,3500,3000,30723,0x07
2026-09-06T20:35:48.857-03:00,242,0,1,54,3374,3278,28834,3500,3000,30723,0x07
2026-09-06T20:35:48.875-03:00,243,0,1,54,3374,3278,28834,3500,3000,30723,0x07
2026-09-06T20:35:48.893-03:00,244,0,1,50,3374,3280,28836,3500,3000,30723,0x07
2026-09-06T20:35:48.917-03:00,245,0,1,50,3374,3280,28836,3500,3000,30723,0x07
2026-09-06T20:35:48.936-03:00,246,0,1,51,3374,3275,28872,3500,3020,30640,0x07
2026-09-06T20:35:48.954-03:00,247,0,1,51,3374,3275,28872,3500,3020,30640,0x07
2026-09-06T20:35:48.977-03:00,248,0,1,51,3374,3275,28872,3500,3020,30640,0x07
2026-09-06T20:35:48.995-03:00,249,0,1,52,3374,3288,28824,3500,3077,30396,0x07
2026-09-06T20:35:49.012-03:00,250,0,1,52,3374,3288,28824,3500,3077,30396,0x07
2026-09-06T20:35:49.036-03:00,251,0,1,51,3374,3294,28810,3500,3059,30473,0x07
2026-09-06T20:35:49.054-03:00,252,0,1,51,3374,3294,28810,3500,3059,30473,0x07
2026-09-06T20:35:49.073-03:00,253,0,1,51,3374,3294,28810,3500,3059,30473,0x07
2026-09-06T20:35:49.096-03:00,254,0,1,58,3374,3241,29047,3500,3034,30576,0x07
2026-09-06T20:35:49.115-03:00,255,0,1,58,3374,3241,29047,3500,3034,30576,0x07
2026-09-06T20:35:49.135-03:00,256,0,1,58,3374,3241,29047,3500,3034,30576,0x07
2026-09-06T20:35:49.153-03:00,257,0,1,51,3374,3294,28834,3500,3098,30306,0x07
2026-09-06T20:35:49.176-03:00,258,0,1,51,3374,3294,28834,3500,3098,30306,0x07
2026-09-06T20:35:49.194-03:00,259,0,1,51,3374,3294,28834,3500,3098,30306,0x07
2026-09-06T20:35:49.217-03:00,260,0,1,55,3374,3309,28781,3500,3000,30723,0x07
2026-09-06T20:35:49.235-03:00,261,0,1,55,3374,3309,28781,3500,3000,30723,0x07
2026-09-06T20:35:49.258-03:00,262,0,1,53,3374,3302,28821,3500,3038,30563,0x07
2026-09-06T20:35:49.277-03:00,263,0,1,53,3374,3302,28821,3500,3038,30563,0x07
2026-09-06T20:35:49.295-03:00,264,0,1,53,3374,3302,28821,3500,3038,30563,0x07
2026-09-06T20:35:49.313-03:00,265,0,1,50,3374,3280,28926,3500,3040,30553,0x07
2026-09-06T20:35:49.336-03:00,266,0,1,50,3374,3280,28926,3500,3040,30553,0x07
2026-09-06T20:35:49.356-03:00,267,0,1,51,3374,3255,29032,3500,2980,30806,0x07
2026-09-06T20:35:49.376-03:00,268,0,1,51,3374,3255,29032,3500,2980,30806,0x07
2026-09-06T20:35:49.396-03:00,269,0,1,51,3374,3255,29032,3500,2980,30806,0x07
2026-09-06T20:35:49.414-03:00,270,0,1,50,3374,3300,28840,3500,3060,30468,0x07
2026-09-06T20:35:49.434-03:00,271,0,1,50,3374,3300,28840,3500,3060,30468,0x07
2026-09-06T20:35:49.457-03:00,272,0,1,50,3374,3280,28926,3500,2980,30808,0x07
2026-09-06T20:35:49.475-03:00,273,0,1,50,3374,3280,28926,3500,2980,30808,0x07
2026-09-06T20:35:49.493-03:00,274,0,1,50,3374,3280,28926,3500,2980,30808,0x07
2026-09-06T20:35:49.516-03:00,275,0,1,50,3374,3260,29010,3500,3040,30553,0x07
2026-09-06T20:35:49.534-03:00,276,0,1,50,3374,3260,29010,3500,3040,30553,0x07
2026-09-06T20:35:49.557-03:00,277,0,1,50,3374,3260,29010,3500,3040,30553,0x07
2026-09-06T20:35:49.578-03:00,278,0,1,53,3374,3340,28672,3500,2962,30883,0x07
2026-09-06T20:35:49.596-03:00,279,0,1,53,3374,3340,28672,3500,2962,30883,0x07
2026-09-06T20:35:49.616-03:00,280,0,1,58,3374,3259,29016,3500,3000,30723,0x07
2026-09-06T20:35:49.634-03:00,281,0,1,58,3374,3259,29016,3500,3000,30723,0x07
2026-09-06T20:35:49.654-03:00,282,0,1,58,3374,3259,29016,3500,3000,30723,0x07
2026-09-06T20:35:49.678-03:00,283,0,1,58,3374,3310,28797,3500,3172,29990,0x07
2026-09-06T20:35:49.717-03:00,284,0,1,58,3374,3310,28797,3500,3172,29990,0x07
2026-09-06T20:35:49.717-03:00,285,0,1,58,3374,3310,28797,3500,3172,29990,0x07
2026-09-06T20:35:49.735-03:00,286,0,1,50,3374,3320,28756,3500,3260,29618,0x07
2026-09-06T20:35:49.755-03:00,287,0,1,50,3374,3320,28756,3500,3260,29618,0x07
2026-09-06T20:35:49.773-03:00,288,0,1,52,3374,3288,28890,3500,3250,29660,0x07
2026-09-06T20:35:49.797-03:00,289,0,1,52,3374,3288,28890,3500,3250,29660,0x07
2026-09-06T20:35:49.815-03:00,290,0,1,52,3374,3288,28890,3500,3250,29660,0x07
2026-09-06T20:35:49.833-03:00,291,0,1,56,3374,3304,28825,3500,3214,29812,0x07
2026-09-06T20:35:49.855-03:00,292,0,1,56,3374,3304,28825,3500,3214,29812,0x07
2026-09-06T20:35:49.873-03:00,293,0,1,56,3374,3304,28825,3500,3214,29812,0x07
2026-09-06T20:35:49.896-03:00,294,0,1,52,3374,3288,28890,3500,3250,29660,0x07
2026-09-06T20:35:49.916-03:00,295,0,1,52,3374,3288,28890,3500,3250,29660,0x07
2026-09-06T20:35:49.936-03:00,296,0,1,52,3374,3288,28890,3500,3250,29660,0x07
2026-09-06T20:35:49.955-03:00,297,0,1,54,3374,3296,28856,3500,3074,30408,0x07
2026-09-06T20:35:49.973-03:00,298,0,1,54,3374,3296,28856,3500,3074,30408,0x07
2026-09-06T20:35:49.995-03:00,299,0,1,58,3374,3310,28797,3500,3034,30576,0x07
2026-09-06T20:35:50.013-03:00,300,0,1,58,3374,3310,28797,3500,3034,30576,0x07
2026-09-06T20:35:50.033-03:00,301,0,1,58,3374,3310,28797,3500,3034,30576,0x07
2026-09-06T20:35:50.057-03:00,302,0,1,57,3374,3281,28923,3500,2930,31021,0x07
2026-09-06T20:35:50.077-03:00,303,0,1,57,3374,3281,28923,3500,2930,31021,0x07
2026-09-06T20:35:50.095-03:00,304,0,1,57,3374,3281,28923,3500,2930,31021,0x07
2026-09-06T20:35:50.113-03:00,305,0,1,50,3374,3320,28756,3500,2700,31998,0x07
2026-09-06T20:35:50.133-03:00,306,0,1,50,3374,3320,28756,3500,2700,31998,0x07
2026-09-06T20:35:50.157-03:00,307,0,1,52,3374,3288,28890,3500,2981,30805,0x07
2026-09-06T20:35:50.176-03:00,308,0,1,52,3374,3288,28890,3500,2981,30805,0x07
2026-09-06T20:35:50.196-03:00,309,0,1,52,3374,3288,28890,3500,2981,30805,0x07
2026-09-06T20:35:50.214-03:00,310,0,1,62,3374,3274,28950,3500,3129,30175,0x07
2026-09-06T20:35:50.236-03:00,311,0,1,62,3374,3274,28950,3500,3129,30175,0x07
2026-09-06T20:35:50.253-03:00,312,0,1,62,3374,3274,28950,3500,3129,30175,0x07
2026-09-06T20:35:50.276-03:00,313,0,1,58,3374,3328,28723,3500,3138,30137,0x07
2026-09-06T20:35:50.293-03:00,314,0,1,58,3374,3328,28723,3500,3138,30137,0x07
2026-09-06T20:35:50.316-03:00,315,0,1,58,3374,3328,28723,3500,3138,30137,0x07
2026-09-06T20:35:50.335-03:00,316,0,1,50,3374,3300,28840,3500,3120,30213,0x07
2026-09-06T20:35:50.358-03:00,317,0,1,50,3374,3300,28840,3500,3120,30213,0x07
2026-09-06T20:35:50.376-03:00,318,0,1,50,3374,3260,29010,3500,3000,30723,0x07
2026-09-06T20:35:50.394-03:00,319,0,1,50,3374,3260,29010,3500,3000,30723,0x07
2026-09-06T20:35:50.417-03:00,320,0,1,50,3374,3260,29010,3500,3000,30723,0x07
2026-09-06T20:35:50.435-03:00,321,0,1,50,3374,3320,28756,3500,2560,32593,0x07
2026-09-06T20:35:50.454-03:00,322,0,1,50,3374,3320,28756,3500,2560,32593,0x07
2026-09-06T20:35:50.474-03:00,323,0,1,51,3374,3275,28949,3500,2333,33556,0x07
2026-09-06T20:35:50.496-03:00,324,0,1,51,3374,3275,28949,3500,2333,33556,0x07
2026-09-06T20:35:50.513-03:00,325,0,1,51,3374,3275,28949,3500,2333,33556,0x07
2026-09-06T20:35:50.536-03:00,326,0,1,58,3374,3276,28943,3500,2690,32042,0x07
2026-09-06T20:35:50.555-03:00,327,0,1,58,3374,3276,28943,3500,2690,32042,0x07
2026-09-06T20:35:50.577-03:00,328,0,1,58,3374,3276,28943,3500,2690,32042,0x07
2026-09-06T20:35:50.595-03:00,329,0,1,51,3374,3294,28866,3500,2843,31390,0x07
2026-09-06T20:35:50.614-03:00,330,0,1,51,3374,3294,28866,3500,2843,31390,0x07
2026-09-06T20:35:50.637-03:00,331,0,1,51,3374,3275,28949,3500,2686,32056,0x07
2026-09-06T20:35:50.655-03:00,332,0,1,51,3374,3275,28949,3500,2686,32056,0x07
2026-09-06T20:35:50.675-03:00,333,0,1,51,3374,3275,28949,3500,2686,32056,0x07
2026-09-06T20:35:50.694-03:00,334,0,1,51,3374,3314,28782,3500,2686,32056,0x07
2026-09-06T20:35:50.717-03:00,335,0,1,51,3374,3314,28782,3500,2686,32056,0x07
2026-09-06T20:35:50.737-03:00,336,0,1,50,3374,3260,29010,3500,2840,31403,0x07
2026-09-06T20:35:50.756-03:00,337,0,1,50,3374,3260,29010,3500,2840,31403,0x07
2026-09-06T20:35:50.776-03:00,338,0,1,50,3374,3260,29010,3500,2840,31403,0x07
2026-09-06T20:35:50.795-03:00,339,0,1,51,3374,3314,28782,3500,3098,30306,0x07
2026-09-06T20:35:50.814-03:00,340,0,1,51,3374,3314,28782,3500,3098,30306,0x07
2026-09-06T20:35:50.835-03:00,341,0,1,51,3374,3314,28782,3500,3098,30306,0x07
2026-09-06T20:35:50.858-03:00,342,0,1,54,3374,3259,29014,3500,3093,30329,0x07
2026-09-06T20:35:50.876-03:00,343,0,1,54,3374,3259,29014,3500,3093,30329,0x07
2026-09-06T20:35:50.894-03:00,344,0,1,52,3374,3288,28890,3500,3154,30069,0x07
2026-09-06T20:35:50.916-03:00,345,0,1,52,3374,3288,28890,3500,3154,30069,0x07
2026-09-06T20:35:50.934-03:00,346,0,1,52,3374,3288,28890,3500,3154,30069,0x07
2026-09-06T20:35:50.955-03:00,347,0,1,50,3374,3340,28670,3500,3080,30383,0x07
2026-09-06T20:35:50.973-03:00,348,0,1,50,3374,3340,28670,3500,3080,30383,0x07
2026-09-06T20:35:50.993-03:00,349,0,1,52,3374,3250,29053,3500,3077,30396,0x07
2026-09-06T20:35:51.016-03:00,350,0,1,52,3374,3250,29053,3500,3077,30396,0x07
2026-09-06T20:35:51.036-03:00,351,0,1,52,3374,3250,29053,3500,3077,30396,0x07
2026-09-06T20:35:51.055-03:00,352,0,1,56,3374,3268,28977,3500,3286,29509,0x07
2026-09-06T20:35:51.075-03:00,353,0,1,56,3374,3268,28977,3500,3286,29509,0x07
2026-09-06T20:35:51.093-03:00,354,0,1,56,3374,3268,28977,3500,3286,29509,0x07
2026-09-06T20:35:51.117-03:00,355,0,1,52,3374,3250,29053,3500,3288,29553,0x07
2026-09-06T20:35:51.134-03:00,356,0,1,52,3374,3250,29053,3500,3288,29553,0x07
2026-09-06T20:35:51.157-03:00,357,0,1,52,3374,3250,29053,3500,3288,29553,0x07
2026-09-06T20:35:51.175-03:00,358,0,1,55,3374,3364,28570,3500,3345,29366,0x07
2026-09-06T20:35:51.193-03:00,359,0,1,55,3374,3364,28570,3500,3345,29366,0x07
2026-09-06T20:35:51.217-03:00,360,0,1,57,3374,3246,29072,3500,3158,30217,0x07
2026-09-06T20:35:51.235-03:00,361,0,1,57,3374,3246,29072,3500,3158,30217,0x07
2026-09-06T20:35:51.255-03:00,362,0,1,57,3374,3246,29072,3500,3158,30217,0x07
2026-09-06T20:35:51.275-03:00,363,0,1,51,3374,3275,28949,3500,3098,30526,0x07
2026-09-06T20:35:51.293-03:00,364,0,1,51,3374,3275,28949,3500,3098,30526,0x07
2026-09-06T20:35:51.316-03:00,365,0,1,51,3374,3275,28949,3500,3098,30526,0x07
2026-09-06T20:35:51.335-03:00,366,0,1,55,3374,3327,28725,3500,3291,29760,0x07
2026-09-06T20:35:51.354-03:00,367,0,1,55,3374,3327,28725,3500,3291,29760,0x07
2026-09-06T20:35:51.376-03:00,368,0,1,53,3374,3283,28913,3500,3302,29764,0x07
2026-09-06T20:35:51.396-03:00,369,0,1,53,3374,3283,28913,3500,3302,29764,0x07
2026-09-06T20:35:51.413-03:00,370,0,1,53,3374,3283,28913,3500,3302,29764,0x07
2026-09-06T20:35:51.436-03:00,371,0,1,50,3374,3280,28926,3500,3240,30079,0x07
2026-09-06T20:35:51.457-03:00,372,0,1,50,3374,3280,28926,3500,3240,30079,0x07
2026-09-06T20:35:51.475-03:00,373,0,1,50,3374,3280,28926,3500,3240,30079,0x07
2026-09-06T20:35:51.493-03:00,374,0,1,53,3374,3302,28832,3500,2472,33399,0x07
2026-09-06T20:35:51.517-03:00,375,0,1,53,3374,3302,28832,3500,2472,33399,0x07
2026-09-06T20:35:51.536-03:00,376,0,1,56,3374,3304,28825,3500,1571,37283,0x07
2026-09-06T20:35:51.554-03:00,377,0,1,56,3374,3304,28825,3500,1571,37283,0x07
2026-09-06T20:35:51.576-03:00,378,0,1,56,3374,3304,28825,3500,1571,37283,0x07
2026-09-06T20:35:51.594-03:00,379,0,1,51,3374,3216,29199,3500,1980,35602,0x07
2026-09-06T20:35:51.618-03:00,380,0,1,51,3374,3216,29199,3500,1980,35602,0x07
2026-09-06T20:35:51.638-03:00,381,0,1,58,3374,3276,28943,3500,2690,32645,0x07
2026-09-06T20:35:51.656-03:00,382,0,1,58,3374,3276,28943,3500,2690,32645,0x07
2026-09-06T20:35:51.676-03:00,383,0,1,58,3374,3276,28943,3500,2690,32645,0x07
2026-09-06T20:35:51.694-03:00,384,0,1,53,3374,3245,29073,3500,2340,34190,0x07
2026-09-06T20:35:51.715-03:00,385,0,1,53,3374,3245,29073,3500,2340,34190,0x07
2026-09-06T20:35:51.756-03:00,386,0,1,53,3374,3245,29073,3500,2340,34190,0x07
2026-09-06T20:35:51.756-03:00,387,0,1,51,3374,3314,28782,3500,2039,35526,0x07
2026-09-06T20:35:51.775-03:00,388,0,1,51,3374,3314,28782,3500,2039,35526,0x07
2026-09-06T20:35:51.793-03:00,389,0,1,51,3374,3314,28782,3500,2039,35526,0x07
2026-09-06T20:35:51.816-03:00,390,0,1,53,3374,3283,28913,3500,2755,32542,0x07
2026-09-06T20:35:51.836-03:00,391,0,1,53,3374,3283,28913,3500,2755,32542,0x07
2026-09-06T20:35:51.856-03:00,392,0,1,53,3374,3302,28832,3500,3113,31075,0x07
2026-09-06T20:35:51.876-03:00,393,0,1,53,3374,3302,28832,3500,3113,31075,0x07
2026-09-06T20:35:51.894-03:00,394,0,1,53,3374,3302,28832,3500,3113,31075,0x07
2026-09-06T20:35:51.917-03:00,395,0,1,51,3374,3275,28949,3500,3118,31110,0x07
2026-09-06T20:35:51.935-03:00,396,0,1,51,3374,3275,28949,3500,3118,31110,0x07
2026-09-06T20:35:51.954-03:00,397,0,1,51,3374,3275,28949,3500,3118,31110,0x07
2026-09-06T20:35:51.974-03:00,398,0,1,55,3374,3255,29034,3500,3055,31433,0x07
2026-09-06T20:35:51.997-03:00,399,0,1,55,3374,3255,29034,3500,3055,31433,0x07
2026-09-06T20:35:52.014-03:00,400,0,1,55,3374,3327,28725,3500,3036,31564,0x07
2026-09-06T20:35:52.037-03:00,401,0,1,55,3374,3327,28725,3500,3036,31564,0x07
2026-09-06T20:35:52.057-03:00,402,0,1,55,3374,3327,28725,3500,3036,31564,0x07
2026-09-06T20:35:52.075-03:00,403,0,1,50,3374,3320,28756,3500,3040,31603,0x07
2026-09-06T20:35:52.095-03:00,404,0,1,50,3374,3320,28756,3500,3040,31603,0x07
2026-09-06T20:35:52.113-03:00,405,0,1,53,3374,3245,29073,3500,3000,31826,0x07
2026-09-06T20:35:52.133-03:00,406,0,1,53,3374,3245,29073,3500,3000,31826,0x07
2026-09-06T20:35:52.156-03:00,407,0,1,53,3374,3245,29073,3500,3000,31826,0x07
2026-09-06T20:35:52.174-03:00,408,0,1,58,3374,3293,28870,3500,3034,31732,0x07
2026-09-06T20:35:52.197-03:00,409,0,1,58,3374,3293,28870,3500,3034,31732,0x07
2026-09-06T20:35:52.215-03:00,410,0,1,58,3374,3293,28870,3500,3034,31732,0x07
2026-09-06T20:35:52.233-03:00,411,0,1,50,3374,3280,28926,3500,3060,31677,0x07
2026-09-06T20:35:52.256-03:00,412,0,1,50,3374,3280,28926,3500,3060,31677,0x07
2026-09-06T20:35:52.274-03:00,413,0,1,50,3374,3280,28926,3500,3060,31677,0x07
2026-09-06T20:35:52.296-03:00,414,0,1,54,3374,3278,28935,3500,3093,31590,0x07
2026-09-06T20:35:52.314-03:00,415,0,1,54,3374,3278,28935,3500,3093,31590,0x07
2026-09-06T20:35:52.333-03:00,416,0,1,54,3374,3296,28856,3500,3074,31720,0x07
2026-09-06T20:35:52.355-03:00,417,0,1,54,3374,3296,28856,3500,3074,31720,0x07
2026-09-06T20:35:52.377-03:00,418,0,1,54,3374,3296,28856,3500,3074,31720,0x07
2026-09-06T20:35:52.395-03:00,419,0,1,50,3374,3260,29010,3500,2980,32172,0x07
2026-09-06T20:35:52.413-03:00,420,0,1,50,3374,3260,29010,3500,2980,32172,0x07
2026-09-06T20:35:52.436-03:00,421,0,1,53,3374,3283,28913,3500,3038,31978,0x07
2026-09-06T20:35:52.454-03:00,422,0,1,53,3374,3283,28913,3500,3038,31978,0x07
2026-09-06T20:35:52.477-03:00,423,0,1,53,3374,3283,28913,3500,3038,31978,0x07
2026-09-06T20:35:52.495-03:00,424,0,1,58,3374,3276,28943,3500,3017,32116,0x07
2026-09-06T20:35:52.515-03:00,425,0,1,58,3374,3276,28943,3500,3017,32116,0x07
2026-09-06T20:35:52.533-03:00,426,0,1,58,3374,3276,28943,3500,3017,32116,0x07
2026-09-06T20:35:52.556-03:00,427,0,1,51,3374,3333,28699,3500,3078,31906,0x07
2026-09-06T20:35:52.574-03:00,428,0,1,51,3374,3333,28699,3500,3078,31906,0x07
2026-09-06T20:35:52.597-03:00,429,0,1,51,3374,3333,28699,3500,3078,31906,0x07
2026-09-06T20:35:52.615-03:00,430,0,1,54,3374,3259,29014,3500,3056,32053,0x07
2026-09-06T20:35:52.633-03:00,431,0,1,54,3374,3259,29014,3500,3056,32053,0x07
2026-09-06T20:35:52.655-03:00,432,0,1,57,3374,3211,29221,3500,3018,32264,0x07
2026-09-06T20:35:52.673-03:00,433,0,1,57,3374,3211,29221,3500,3018,32264,0x07
2026-09-06T20:35:52.696-03:00,434,0,1,57,3374,3211,29221,3500,3018,32264,0x07
2026-09-06T20:35:52.714-03:00,435,0,1,50,3374,3320,28756,3500,3080,32048,0x07
2026-09-06T20:35:52.734-03:00,436,0,1,50,3374,3320,28756,3500,3080,32048,0x07
2026-09-06T20:35:52.758-03:00,437,0,1,51,3374,3255,29032,3500,3039,32270,0x07
2026-09-06T20:35:52.776-03:00,438,0,1,51,3374,3255,29032,3500,3039,32270,0x07
2026-09-06T20:35:52.794-03:00,439,0,1,51,3374,3255,29032,3500,3039,32270,0x07
2026-09-06T20:35:52.812-03:00,440,0,1,51,3374,3275,28949,3500,3098,32069,0x07
2026-09-06T20:35:52.836-03:00,441,0,1,51,3374,3275,28949,3500,3098,32069,0x07
2026-09-06T20:35:52.854-03:00,442,0,1,51,3374,3275,28949,3500,3098,32069,0x07
2026-09-06T20:35:52.874-03:00,443,0,1,55,3374,3273,28956,3500,3018,32457,0x07
2026-09-06T20:35:52.896-03:00,444,0,1,55,3374,3273,28956,3500,3018,32457,0x07
2026-09-06T20:35:52.913-03:00,445,0,1,50,3374,3260,29010,3500,3040,32413,0x07
2026-09-06T20:35:52.936-03:00,446,0,1,50,3374,3260,29010,3500,3040,32413,0x07
2026-09-06T20:35:52.954-03:00,447,0,1,50,3374,3260,29010,3500,3040,32413,0x07
2026-09-06T20:35:52.977-03:00,448,0,1,51,3374,3294,28866,3500,3020,32548,0x07
2026-09-06T20:35:52.997-03:00,449,0,1,51,3374,3294,28866,3500,3020,32548,0x07
2026-09-06T20:35:53.016-03:00,450,0,1,62,3374,3226,29156,3500,2984,32749,0x07
2026-09-06T20:35:53.034-03:00,451,0,1,62,3374,3226,29156,3500,2984,32749,0x07
2026-09-06T20:35:53.057-03:00,452,0,1,62,3374,3226,29156,3500,2984,32749,0x07
2026-09-06T20:35:53.075-03:00,453,0,1,52,3374,3308,28808,3500,3019,32646,0x07
2026-09-06T20:35:53.095-03:00,454,0,1,52,3374,3308,28808,3500,3019,32646,0x07
2026-09-06T20:35:53.117-03:00,455,0,1,52,3374,3308,28808,3500,3019,32646,0x07
2026-09-06T20:35:53.135-03:00,456,0,1,56,3374,3286,28901,3500,3054,32548,0x07
2026-09-06T20:35:53.153-03:00,457,0,1,56,3374,3286,28901,3500,3054,32548,0x07
2026-09-06T20:35:53.176-03:00,458,0,1,56,3374,3286,28901,3500,3054,32548,0x07
2026-09-06T20:35:53.196-03:00,459,0,1,51,3374,3235,29116,3500,3118,32323,0x07
2026-09-06T20:35:53.214-03:00,460,0,1,51,3374,3235,29116,3500,3118,32323,0x07
2026-09-06T20:35:53.238-03:00,461,0,1,51,3374,3294,28866,3500,3118,32369,0x07
2026-09-06T20:35:53.255-03:00,462,0,1,51,3374,3294,28866,3500,3118,32369,0x07
2026-09-06T20:35:53.273-03:00,463,0,1,51,3374,3294,28866,3500,3118,32369,0x07
2026-09-06T20:35:53.296-03:00,464,0,1,50,3374,3300,28840,3500,3220,31979,0x07
2026-09-06T20:35:53.314-03:00,465,0,1,50,3374,3300,28840,3500,3220,31979,0x07
2026-09-06T20:35:53.337-03:00,466,0,1,50,3374,3300,28840,3500,3220,31979,0x07
2026-09-06T20:35:53.357-03:00,467,0,1,55,3374,3236,29111,3500,3109,32496,0x07
2026-09-06T20:35:53.375-03:00,468,0,1,55,3374,3236,29111,3500,3109,32496,0x07
2026-09-06T20:35:53.393-03:00,469,0,1,56,3374,3304,28825,3500,3179,32246,0x07
2026-09-06T20:35:53.416-03:00,470,0,1,56,3374,3304,28825,3500,3179,32246,0x07
2026-09-06T20:35:53.436-03:00,471,0,1,56,3374,3304,28825,3500,3179,32246,0x07
2026-09-06T20:35:53.453-03:00,472,0,1,55,3374,3255,29034,3500,3182,32276,0x07
2026-09-06T20:35:53.476-03:00,473,0,1,55,3374,3255,29034,3500,3182,32276,0x07
2026-09-06T20:35:53.493-03:00,474,0,1,55,3374,3255,29034,3500,3182,32276,0x07
2026-09-06T20:35:53.517-03:00,475,0,1,52,3374,3269,28971,3500,3192,32232,0x07
2026-09-06T20:35:53.537-03:00,476,0,1,52,3374,3269,28971,3500,3192,32232,0x07
2026-09-06T20:35:53.555-03:00,477,0,1,52,3374,3269,28971,3500,3192,32232,0x07
2026-09-06T20:35:53.573-03:00,478,0,1,55,3374,3273,28956,3500,3182,32276,0x07
2026-09-06T20:35:53.596-03:00,479,0,1,55,3374,3273,28956,3500,3182,32276,0x07
2026-09-06T20:35:53.614-03:00,480,0,1,55,3374,3291,28879,3500,3182,32276,0x07
2026-09-06T20:35:53.633-03:00,481,0,1,55,3374,3291,28879,3500,3182,32276,0x07
2026-09-06T20:35:53.675-03:00,482,0,1,55,3374,3291,28879,3500,3182,32276,0x07
2026-09-06T20:35:53.675-03:00,483,0,1,50,3374,3300,28840,3500,3200,32199,0x07
2026-09-06T20:35:53.693-03:00,484,0,1,50,3374,3300,28840,3500,3200,32199,0x07
2026-09-06T20:35:53.775-03:00,485,0,1,52,3374,3250,29053,3500,3173,32313,0x07
2026-09-06T20:35:53.793-03:00,486,0,1,52,3374,3250,29053,3500,3173,32313,0x07
2026-09-06T20:35:53.793-03:00,487,0,1,52,3374,3250,29053,3500,3173,32313,0x07
2026-09-06T20:35:53.817-03:00,488,0,1,58,3374,3276,28943,3500,3310,31730,0x07
2026-09-06T20:35:53.835-03:00,489,0,1,58,3374,3276,28943,3500,3310,31730,0x07
2026-09-06T20:35:53.853-03:00,492,0,1,58,3374,3276,28943,3500,3310,31730,0x07
2026-09-06T20:35:53.876-03:00,493,0,1,52,3374,3231,29135,3500,3327,31660,0x07
2026-09-06T20:35:53.896-03:00,494,0,1,52,3374,3231,29135,3500,3327,31660,0x07
2026-09-06T20:35:53.914-03:00,495,0,1,52,3374,3231,29135,3500,3327,31660,0x07
2026-09-06T20:35:53.935-03:00,496,0,1,50,3374,3340,28670,3500,3340,31604,0x07
2026-09-06T20:35:53.978-03:00,497,0,1,50,3374,3340,28670,3500,3340,31604,0x07
2026-09-06T20:35:54.023-03:00,498,0,1,50,3374,3340,28670,3500,3340,31604,0x07
2026-09-06T20:35:54.067-03:00,499,0,1,55,3374,3291,28879,3500,3364,31504,0x07
2026-09-06T20:35:54.110-03:00,500,0,1,56,3374,3250,29053,3500,3286,31835,0x07
2026-09-06T20:35:54.151-03:00,501,0,1,56,0,0,0,0,0,0,0x03
