timestamp,sequence,team,robot_id,interval_ms,left_target_eps,left_measured_eps,left_duty,right_target_eps,right_measured_eps,right_duty,flags
2026-09-06T13:29:08.962-03:00,65535,255,0,0,0,0,0,0,0,0,0x03
2026-09-06T13:29:09.041-03:00,65535,255,0,51,0,0,0,0,0,0,0x03
2026-09-06T13:29:09.060-03:00,65535,255,0,52,0,0,0,0,0,0,0x03
2026-09-06T13:29:09.160-03:00,65535,255,0,52,0,0,0,0,0,0,0x03
2026-09-06T13:29:09.183-03:00,2,0,0,52,3374,0,40000,3500,0,40000,0x07
2026-09-06T13:29:09.203-03:00,5,0,0,52,3374,0,40000,3500,0,40000,0x07
2026-09-06T13:29:09.224-03:00,6,0,0,52,3374,0,40000,3500,0,40000,0x07
2026-09-06T13:29:09.241-03:00,11,0,0,51,3374,1588,35684,3500,0,40000,0x07
2026-09-06T13:29:09.343-03:00,12,0,0,56,3374,2893,30139,3500,0,40000,0x07
2026-09-06T13:29:09.360-03:00,14,0,0,56,3374,2893,30139,3500,0,40000,0x07
2026-09-06T13:29:09.400-03:00,15,0,0,50,3374,2920,30024,3500,0,40000,0x07
2026-09-06T13:29:09.422-03:00,16,0,0,53,3374,2264,32811,3500,0,40000,0x07
2026-09-06T13:29:09.422-03:00,17,0,0,53,3374,2717,30886,3500,0,40000,0x07
2026-09-06T13:29:09.504-03:00,20,0,0,53,3374,2717,30886,3500,0,40000,0x07
2026-09-06T13:29:09.504-03:00,21,0,0,53,3374,2717,30886,3500,0,40000,0x07
2026-09-06T13:29:09.584-03:00,23,0,0,51,3374,2882,30184,3500,0,40000,0x07
2026-09-06T13:29:09.584-03:00,24,0,0,51,3374,2882,30184,3500,0,40000,0x07
2026-09-06T13:29:09.619-03:00,25,0,0,51,3374,2059,33684,3500,0,40000,0x07
2026-09-06T13:29:09.640-03:00,28,0,0,51,3374,2059,33684,3500,0,40000,0x07
2026-09-06T13:29:09.664-03:00,29,0,0,51,3374,2059,33684,3500,0,40000,0x07
2026-09-06T13:29:09.722-03:00,32,0,0,54,3374,1981,34012,3500,0,40000,0x07
2026-09-06T13:29:09.722-03:00,33,0,0,51,3374,2784,30600,3500,0,40000,0x07
2026-09-06T13:29:09.763-03:00,34,0,0,57,3374,2912,30056,3500,0,40000,0x07
2026-09-06T13:29:09.763-03:00,36,0,0,57,3374,2912,30056,3500,0,40000,0x07
2026-09-06T13:29:09.800-03:00,37,0,0,57,3374,2912,30056,3500,0,40000,0x07
2026-09-06T13:29:09.823-03:00,39,0,0,57,3374,2912,30056,3500,0,40000,0x07
2026-09-06T13:29:09.842-03:00,40,0,0,51,3374,2510,31767,3500,0,40000,0x07
2026-09-06T13:29:09.884-03:00,41,0,0,51,3374,2431,32100,3500,0,40000,0x07
2026-09-06T13:29:09.884-03:00,42,0,0,51,3374,2431,32100,3500,0,40000,0x07
2026-09-06T13:29:09.902-03:00,44,0,0,51,3374,2431,32100,3500,0,40000,0x07
2026-09-06T13:29:09.924-03:00,45,0,0,51,3374,2941,29934,3500,0,40000,0x07
2026-09-06T13:29:09.944-03:00,46,0,0,51,3374,2941,29934,3500,0,40000,0x07
2026-09-06T13:29:09.964-03:00,47,0,0,51,3374,2922,30017,3500,0,40000,0x07
2026-09-06T13:29:10.002-03:00,48,0,0,51,3374,2922,30017,3500,0,40000,0x07
2026-09-06T13:29:10.002-03:00,49,0,0,51,3374,2922,30017,3500,0,40000,0x07
2026-09-06T13:29:10.041-03:00,50,0,0,51,3374,2667,31100,3500,0,40000,0x07
2026-09-06T13:29:10.041-03:00,51,0,0,51,3374,2667,31100,3500,0,40000,0x07
2026-09-06T13:29:10.084-03:00,52,0,0,52,3374,2442,32054,3500,0,40000,0x07
2026-09-06T13:29:10.104-03:00,53,0,0,52,3374,2442,32054,3500,0,40000,0x07
2026-09-06T13:29:10.119-03:00,54,0,0,52,3374,2442,32054,3500,0,40000,0x07
2026-09-06T13:29:10.143-03:00,55,0,0,51,3374,2882,30184,3500,0,40000,0x07
2026-09-06T13:29:10.163-03:00,56,0,0,51,3374,2882,30184,3500,0,40000,0x07
2026-09-06T13:29:10.200-03:00,58,0,0,51,3374,2882,30184,3500,0,40000,0x07
2026-09-06T13:29:10.200-03:00,59,0,0,51,3374,2882,30184,3500,0,40000,0x07
2026-09-06T13:29:10.223-03:00,60,0,0,51,3374,2725,30850,3500,0,40000,0x07
2026-09-06T13:29:10.241-03:00,61,0,0,51,3374,2725,30850,3500,0,40000,0x07
2026-09-06T13:29:10.259-03:00,62,0,0,51,3374,2725,30850,3500,0,40000,0x07
2026-09-06T13:29:10.282-03:00,63,0,0,51,3374,2412,32184,3500,0,40000,0x07
2026-09-06T13:29:10.323-03:00,64,0,0,51,3374,2412,32184,3500,0,40000,0x07
2026-09-06T13:29:10.341-03:00,65,0,0,56,3374,2607,31353,3500,0,40000,0x07
2026-09-06T13:29:10.360-03:00,66,0,0,56,3374,2607,31353,3500,0,40000,0x07
2026-09-06T13:29:10.380-03:00,67,0,0,56,3374,2607,31353,3500,0,40000,0x07
2026-09-06T13:29:10.401-03:00,68,0,0,51,3374,2863,30267,3500,0,40000,0x07
2026-09-06T13:29:10.424-03:00,69,0,0,51,3374,2863,30267,3500,0,40000,0x07
2026-09-06T13:29:10.444-03:00,71,0,0,50,3374,2740,30788,3500,0,40000,0x07
2026-09-06T13:29:10.462-03:00,72,0,0,50,3374,2740,30788,3500,0,40000,0x07
2026-09-06T13:29:10.501-03:00,73,0,0,50,3374,2460,31978,3500,0,40000,0x07
2026-09-06T13:29:10.520-03:00,74,0,0,50,3374,2460,31978,3500,0,40000,0x07
2026-09-06T13:29:10.520-03:00,75,0,0,50,3374,2460,31978,3500,0,40000,0x07
2026-09-06T13:29:10.541-03:00,76,0,0,51,3374,2725,30850,3500,0,40000,0x07
2026-09-06T13:29:10.564-03:00,77,0,0,51,3374,2725,30850,3500,0,40000,0x07
2026-09-06T13:29:10.604-03:00,78,0,0,54,3374,2889,30156,3500,0,40000,0x07
2026-09-06T13:29:10.624-03:00,79,0,0,54,3374,2889,30156,3500,0,40000,0x07
2026-09-06T13:29:10.681-03:00,80,0,0,54,3374,2889,30156,3500,0,40000,0x07
2026-09-06T13:29:10.701-03:00,81,0,0,51,3374,2686,31017,3500,0,40000,0x07
2026-09-06T13:29:10.764-03:00,82,0,0,51,3374,2686,31017,3500,0,40000,0x07
2026-09-06T13:29:10.781-03:00,83,0,0,52,3374,2635,31236,3500,0,40000,0x07
2026-09-06T13:29:10.804-03:00,84,0,0,52,3374,2635,31236,3500,0,40000,0x07
2026-09-06T13:29:10.842-03:00,87,0,0,50,3374,2940,29938,3500,0,40000,0x07
2026-09-06T13:29:10.882-03:00,88,0,0,50,3374,2940,29938,3500,0,40000,0x07
2026-09-06T13:29:10.882-03:00,91,0,0,51,3374,2784,30600,3500,0,40000,0x07
2026-09-06T13:29:10.903-03:00,92,0,0,51,3374,2412,32254,3500,0,40000,0x07
2026-09-06T13:29:10.923-03:00,94,0,0,51,3374,2412,32254,3500,0,40000,0x07
2026-09-06T13:29:10.942-03:00,96,0,0,57,3374,2351,32582,3500,0,40000,0x07
2026-09-06T13:29:10.984-03:00,97,0,0,57,3374,2351,32582,3500,0,40000,0x07
2026-09-06T13:29:11.001-03:00,98,0,0,57,3374,2351,32582,3500,0,40000,0x07
2026-09-06T13:29:11.044-03:00,99,0,0,50,3374,2880,30402,3500,0,40000,0x07
2026-09-06T13:29:11.062-03:00,100,0,0,51,3374,2902,30377,3500,0,40000,0x07
2026-09-06T13:29:11.084-03:00,101,0,0,51,3374,2902,30377,3500,0,40000,0x07
2026-09-06T13:29:11.102-03:00,103,0,0,50,3374,2440,32408,3500,0,40000,0x07
2026-09-06T13:29:11.119-03:00,104,0,0,50,3374,2440,32408,3500,0,40000,0x07
2026-09-06T13:29:11.143-03:00,106,0,0,51,3374,2412,32594,3500,0,40000,0x07
2026-09-06T13:29:11.163-03:00,107,0,0,51,3374,2412,32594,3500,0,40000,0x07
2026-09-06T13:29:11.221-03:00,108,0,0,51,3374,2412,32594,3500,0,40000,0x07
2026-09-06T13:29:11.244-03:00,109,0,0,57,3374,2877,30682,3500,0,40000,0x07
2026-09-06T13:29:11.281-03:00,110,0,0,57,3374,2877,30682,3500,0,40000,0x07
2026-09-06T13:29:11.444-03:00,111,0,0,51,3374,2941,30476,3500,0,40000,0x07
2026-09-06T13:29:11.563-03:00,112,0,0,55,3374,2327,33150,3500,0,40000,0x07
2026-09-06T13:29:11.580-03:00,114,0,0,55,3374,2327,33150,3500,0,40000,0x07
2026-09-06T13:29:11.601-03:00,116,0,0,54,3374,148,40000,3500,0,40000,0x07
2026-09-06T13:29:11.601-03:00,118,0,0,51,3374,2373,32957,3500,0,40000,0x07
2026-09-06T13:29:11.623-03:00,126,0,0,52,3374,2904,30699,3500,0,40000,0x07
2026-09-06T13:29:11.644-03:00,131,0,0,52,3374,2904,30699,3500,0,40000,0x07
2026-09-06T13:29:11.683-03:00,132,0,0,52,3374,2904,30699,3500,0,40000,0x07
2026-09-06T13:29:11.683-03:00,133,0,0,53,3374,3000,30290,3500,0,40000,0x07
2026-09-06T13:29:11.701-03:00,134,0,0,53,3374,3000,30290,3500,0,40000,0x07
2026-09-06T13:29:11.719-03:00,135,0,0,52,3374,2500,32416,3500,0,40000,0x07
2026-09-06T13:29:11.800-03:00,136,0,0,52,3374,2500,32416,3500,0,40000,0x07
2026-09-06T13:29:11.800-03:00,137,0,0,52,3374,2500,32416,3500,0,40000,0x07
2026-09-06T13:29:11.823-03:00,138,0,0,51,3374,2412,32790,3500,0,40000,0x07
2026-09-06T13:29:11.899-03:00,139,0,0,51,3374,2765,31290,3500,0,40000,0x07
2026-09-06T13:29:11.923-03:00,140,0,0,51,3374,2765,31290,3500,0,40000,0x07
2026-09-06T13:29:11.983-03:00,143,0,0,50,3374,2920,30630,3500,0,40000,0x07
2026-09-06T13:29:12.020-03:00,144,0,0,51,3374,2706,31540,3500,0,40000,0x07
2026-09-06T13:29:12.020-03:00,145,0,0,50,3374,2440,32670,3500,0,40000,0x07
2026-09-06T13:29:12.060-03:00,148,0,0,51,3374,2725,31457,3500,0,40000,0x07
2026-09-06T13:29:12.060-03:00,149,0,0,51,3374,2725,31457,3500,0,40000,0x07
2026-09-06T13:29:12.083-03:00,153,0,0,54,3374,2944,30527,3500,0,40000,0x07
2026-09-06T13:29:12.124-03:00,154,0,0,54,3374,2944,30527,3500,0,40000,0x07
2026-09-06T13:29:12.144-03:00,155,0,0,54,3374,2944,30527,3500,0,40000,0x07
2026-09-06T13:29:12.203-03:00,156,0,0,51,3374,2784,31207,3500,0,40000,0x07
2026-09-06T13:29:12.241-03:00,157,0,0,55,3374,2455,32609,3500,0,40000,0x07
2026-09-06T13:29:12.281-03:00,158,0,0,55,3374,2455,32609,3500,0,40000,0x07
2026-09-06T13:29:12.281-03:00,160,0,0,50,3374,2780,31226,3500,0,40000,0x07
2026-09-06T13:29:12.299-03:00,161,0,0,50,3374,2780,31226,3500,0,40000,0x07
2026-09-06T13:29:12.342-03:00,163,0,0,54,3374,2944,30527,3500,0,40000,0x07
2026-09-06T13:29:12.342-03:00,165,0,0,55,3374,2727,31450,3500,0,40000,0x07
2026-09-06T13:29:12.403-03:00,167,0,0,55,3374,2727,31450,3500,0,40000,0x07
2026-09-06T13:29:12.624-03:00,168,0,0,55,3374,2727,31450,3500,0,40000,0x07
2026-09-06T13:29:12.681-03:00,169,0,0,57,3374,2474,32527,3500,0,40000,0x07
2026-09-06T13:29:12.722-03:00,170,0,0,50,3374,2940,30546,3500,0,40000,0x07
2026-09-06T13:29:12.821-03:00,171,0,0,50,0,0,28701,0,0,28548,0x07
2026-09-06T13:29:12.841-03:00,174,0,0,51,3374,2608,31957,3500,0,40000,0x07
2026-09-06T13:29:12.940-03:00,185,0,0,51,3374,2608,31957,3500,0,40000,0x07
2026-09-06T13:29:12.964-03:00,187,0,0,50,3374,2660,31736,3500,0,40000,0x07
2026-09-06T13:29:13.064-03:00,189,0,0,50,3374,2660,31736,3500,0,40000,0x07
2026-09-06T13:29:13.200-03:00,194,0,0,50,3374,2920,30630,3500,0,40000,0x07
2026-09-06T13:29:13.324-03:00,195,0,0,51,3374,2569,32124,3500,0,40000,0x07
2026-09-06T13:29:13.342-03:00,201,0,0,50,0,0,28701,0,0,28548,0x07
2026-09-06T13:29:13.363-03:00,202,0,0,51,3374,392,40000,3500,0,40000,0x07
2026-09-06T13:29:13.399-03:00,206,0,0,50,3374,3220,29356,3500,0,40000,0x07
2026-09-06T13:29:13.463-03:00,213,0,0,50,3374,3220,29356,3500,0,40000,0x07
2026-09-06T13:29:13.463-03:00,220,0,0,51,3374,3098,29874,3500,0,40000,0x07
2026-09-06T13:29:13.543-03:00,221,0,0,51,3374,3098,29874,3500,0,40000,0x07
2026-09-06T13:29:13.543-03:00,222,0,0,53,3374,2642,31814,3500,0,40000,0x07
2026-09-06T13:29:13.561-03:00,224,0,0,51,3374,2490,32457,3500,0,40000,0x07
2026-09-06T13:29:13.584-03:00,226,0,0,51,3374,3020,30207,3500,0,40000,0x07
2026-09-06T13:29:13.602-03:00,227,0,0,51,3374,3020,30207,3500,0,40000,0x07
2026-09-06T13:29:13.620-03:00,230,0,0,55,3374,2927,30600,3500,0,40000,0x07
2026-09-06T13:29:13.642-03:00,231,0,0,55,3374,2927,30600,3500,0,40000,0x07
2026-09-06T13:29:13.664-03:00,232,0,0,55,3374,2927,30600,3500,0,40000,0x07
2026-09-06T13:29:13.682-03:00,233,0,0,51,3374,2667,31707,3500,0,40000,0x07
2026-09-06T13:29:13.803-03:00,234,0,0,51,3374,2667,31707,3500,0,40000,0x07
2026-09-06T13:29:13.842-03:00,235,0,0,52,3374,2538,32252,3500,0,40000,0x07
2026-09-06T13:29:13.880-03:00,236,0,0,52,3374,2538,32252,3500,0,40000,0x07
2026-09-06T13:29:13.880-03:00,237,0,0,50,3374,2920,30630,3500,0,40000,0x07
2026-09-06T13:29:13.903-03:00,238,0,0,51,3374,2627,31874,3500,0,40000,0x07
2026-09-06T13:29:13.941-03:00,243,0,0,51,3374,2627,31874,3500,0,40000,0x07
2026-09-06T13:29:13.941-03:00,245,0,0,50,3374,2460,32586,3500,0,40000,0x07
2026-09-06T13:29:13.963-03:00,247,0,0,50,3374,2460,32586,3500,0,40000,0x07
2026-09-06T13:29:13.981-03:00,248,0,0,58,3374,3052,30071,3500,0,40000,0x07
2026-09-06T13:29:14.002-03:00,249,0,0,58,3374,3052,30071,3500,0,40000,0x07
2026-09-06T13:29:14.040-03:00,250,0,0,58,3374,3052,30071,3500,0,40000,0x07
2026-09-06T13:29:14.040-03:00,251,0,0,51,3374,2980,30374,3500,0,40000,0x07
2026-09-06T13:29:14.060-03:00,252,0,0,51,3374,2980,30374,3500,0,40000,0x07
2026-09-06T13:29:14.083-03:00,253,0,0,51,3374,2980,30374,3500,0,40000,0x07
2026-09-06T13:29:14.103-03:00,254,0,0,53,3374,2623,31894,3500,0,40000,0x07
2026-09-06T13:29:14.123-03:00,255,0,0,53,3374,2623,31894,3500,0,40000,0x07
2026-09-06T13:29:14.141-03:00,256,0,0,56,3374,2500,32416,3500,0,40000,0x07
2026-09-06T13:29:14.244-03:00,257,0,0,56,3374,2500,32416,3500,0,40000,0x07
2026-09-06T13:29:14.283-03:00,258,0,0,56,3374,2500,32416,3500,0,40000,0x07
2026-09-06T13:29:14.283-03:00,259,0,0,50,3374,2980,30376,3500,0,40000,0x07
2026-09-06T13:29:14.301-03:00,260,0,0,50,3374,2680,31650,3500,0,40000,0x07
2026-09-06T13:29:14.324-03:00,261,0,0,50,3374,2680,31650,3500,0,40000,0x07
2026-09-06T13:29:14.342-03:00,265,0,0,50,3374,2540,32246,3500,0,40000,0x07
2026-09-06T13:29:14.362-03:00,267,0,0,50,3374,2540,32246,3500,0,40000,0x07
2026-09-06T13:29:14.382-03:00,268,0,0,50,3374,2540,32246,3500,0,40000,0x07
2026-09-06T13:29:14.399-03:00,269,0,0,51,3374,3039,30124,3500,0,40000,0x07
2026-09-06T13:29:14.419-03:00,270,0,0,51,3374,3039,30124,3500,0,40000,0x07
2026-09-06T13:29:14.443-03:00,271,0,0,51,3374,3039,30124,3500,0,40000,0x07
2026-09-06T13:29:14.462-03:00,272,0,0,53,3374,2943,30531,3500,0,40000,0x07
2026-09-06T13:29:14.480-03:00,273,0,0,53,3374,2943,30531,3500,0,40000,0x07
2026-09-06T13:29:14.504-03:00,274,0,0,56,3374,2571,32112,3500,0,40000,0x07
2026-09-06T13:29:14.522-03:00,275,0,0,56,3374,2571,32112,3500,0,40000,0x07
2026-09-06T13:29:14.541-03:00,276,0,0,56,3374,2571,32112,3500,0,40000,0x07
2026-09-06T13:29:14.584-03:00,277,0,0,51,3374,2588,32040,3500,0,40000,0x07
2026-09-06T13:29:14.584-03:00,278,0,0,51,3374,2588,32040,3500,0,40000,0x07
2026-09-06T13:29:14.601-03:00,279,0,0,51,3374,2588,32040,3500,0,40000,0x07
2026-09-06T13:29:14.623-03:00,280,0,0,52,3374,3077,29964,3500,0,40000,0x07
2026-09-06T13:29:14.640-03:00,281,0,0,52,3374,3077,29964,3500,0,40000,0x07
2026-09-06T13:29:14.662-03:00,282,0,0,50,3374,3060,30036,3500,0,40000,0x07
2026-09-06T13:29:14.680-03:00,283,0,0,50,3374,3060,30036,3500,0,40000,0x07
2026-09-06T13:29:14.700-03:00,284,0,0,50,3374,3060,30036,3500,0,40000,0x07
2026-09-06T13:29:14.723-03:00,285,0,0,53,3374,2774,31253,3500,0,40000,0x07
2026-09-06T13:29:14.744-03:00,286,0,0,53,3374,2774,31253,3500,0,40000,0x07
2026-09-06T13:29:14.762-03:00,287,0,0,50,3374,2720,31480,3500,0,40000,0x07
2026-09-06T13:29:14.780-03:00,288,0,0,50,3374,2720,31480,3500,0,40000,0x07
2026-09-06T13:29:14.819-03:00,289,0,0,50,3374,2720,31480,3500,0,40000,0x07
2026-09-06T13:29:14.844-03:00,290,0,0,50,3374,3120,29780,3500,0,40000,0x07
2026-09-06T13:29:14.859-03:00,291,0,0,50,3374,3120,29780,3500,0,40000,0x07
2026-09-06T13:29:14.882-03:00,292,0,0,55,3374,3127,29750,3500,0,40000,0x07
2026-09-06T13:29:14.903-03:00,293,0,0,55,3374,3127,29750,3500,0,40000,0x07
2026-09-06T13:29:14.941-03:00,294,0,0,55,3374,2927,30600,3500,0,40000,0x07
2026-09-06T13:29:14.961-03:00,296,0,0,55,3374,2927,30600,3500,0,40000,0x07
2026-09-06T13:29:14.961-03:00,297,0,0,55,3374,2927,30600,3500,0,40000,0x07
2026-09-06T13:29:14.983-03:00,298,0,0,52,3374,2904,30764,3500,0,40000,0x07
2026-09-06T13:29:15.000-03:00,299,0,0,52,3374,2904,30764,3500,0,40000,0x07
2026-09-06T13:29:15.023-03:00,300,0,0,50,3374,2980,30440,3500,0,40000,0x07
2026-09-06T13:29:15.041-03:00,301,0,0,50,3374,2980,30440,3500,0,40000,0x07
2026-09-06T13:29:15.059-03:00,302,0,0,50,3374,2980,30440,3500,0,40000,0x07
2026-09-06T13:29:15.082-03:00,303,0,0,50,3374,3180,29590,3500,0,40000,0x07
2026-09-06T13:29:15.204-03:00,304,0,0,50,3374,3180,29590,3500,0,40000,0x07
2026-09-06T13:29:15.223-03:00,305,0,0,50,3374,3180,29590,3500,0,40000,0x07
2026-09-06T13:29:15.321-03:00,306,0,0,53,3374,2755,31398,3500,0,40000,0x07
2026-09-06T13:29:15.322-03:00,307,0,0,51,3374,3000,30356,3500,0,40000,0x07
2026-09-06T13:29:15.342-03:00,308,0,0,50,3374,2020,34520,3500,0,40000,0x07
2026-09-06T13:29:15.362-03:00,313,0,0,50,3374,2020,34520,3500,0,40000,0x07
2026-09-06T13:29:15.382-03:00,314,0,0,50,3374,1620,36284,3500,0,40000,0x07
2026-09-06T13:29:15.400-03:00,319,0,0,50,3374,1620,36284,3500,0,40000,0x07
2026-09-06T13:29:15.502-03:00,320,0,0,50,3374,1620,36284,3500,0,40000,0x07
2026-09-06T13:29:15.502-03:00,321,0,0,52,3374,2788,31381,3500,0,40000,0x07
2026-09-06T13:29:15.524-03:00,322,0,0,52,3374,2788,31381,3500,0,40000,0x07
2026-09-06T13:29:15.539-03:00,323,0,0,51,3374,3059,30356,3500,0,40000,0x07
2026-09-06T13:29:15.562-03:00,324,0,0,51,3374,3059,30356,3500,0,40000,0x07
2026-09-06T13:29:15.581-03:00,328,0,0,57,3374,2596,32381,3500,0,40000,0x07
2026-09-06T13:29:15.601-03:00,329,0,0,57,3374,2596,32381,3500,0,40000,0x07
2026-09-06T13:29:15.619-03:00,330,0,0,57,3374,2596,32381,3500,0,40000,0x07
2026-09-06T13:29:15.643-03:00,331,0,0,56,3374,2964,30878,3500,0,40000,0x07
2026-09-06T13:29:15.663-03:00,332,0,0,56,3374,2964,30878,3500,0,40000,0x07
2026-09-06T13:29:15.681-03:00,333,0,0,56,3374,2964,30878,3500,0,40000,0x07
2026-09-06T13:29:15.699-03:00,334,0,0,50,3374,3080,30446,3500,0,40000,0x07
2026-09-06T13:29:15.724-03:00,335,0,0,50,3374,3080,30446,3500,0,40000,0x07
2026-09-06T13:29:15.742-03:00,336,0,0,50,3374,3080,30446,3500,0,40000,0x07
2026-09-06T13:29:15.761-03:00,337,0,0,54,3374,2815,31633,3500,0,40000,0x07
2026-09-06T13:29:15.784-03:00,338,0,0,54,3374,2815,31633,3500,0,40000,0x07
2026-09-06T13:29:15.801-03:00,339,0,0,57,3374,2807,31725,3500,0,40000,0x07
2026-09-06T13:29:15.821-03:00,340,0,0,57,3374,2807,31725,3500,0,40000,0x07
2026-09-06T13:29:15.840-03:00,341,0,0,57,3374,2807,31725,3500,0,40000,0x07
2026-09-06T13:29:15.863-03:00,342,0,0,51,3374,3078,30629,3500,0,40000,0x07
2026-09-06T13:29:15.881-03:00,343,0,0,51,3374,3078,30629,3500,0,40000,0x07
2026-09-06T13:29:15.899-03:00,344,0,0,51,3374,3078,30629,3500,0,40000,0x07
2026-09-06T13:29:15.923-03:00,345,0,0,50,3374,2840,31700,3500,0,40000,0x07
2026-09-06T13:29:15.941-03:00,346,0,0,50,3374,2840,31700,3500,0,40000,0x07
2026-09-06T13:29:15.960-03:00,347,0,0,55,3374,2291,34090,3500,0,40000,0x07
2026-09-06T13:29:15.983-03:00,348,0,0,55,3374,2291,34090,3500,0,40000,0x07
2026-09-06T13:29:16.024-03:00,349,0,0,55,3374,2291,34090,3500,0,40000,0x07
2026-09-06T13:29:16.024-03:00,350,0,0,50,3374,2340,33938,3500,0,40000,0x07
2026-09-06T13:29:16.042-03:00,351,0,0,50,3374,2340,33938,3500,0,40000,0x07
2026-09-06T13:29:16.062-03:00,352,0,0,52,3374,3115,30698,3500,0,40000,0x07
2026-09-06T13:29:16.080-03:00,353,0,0,52,3374,3115,30698,3500,0,40000,0x07
2026-09-06T13:29:16.100-03:00,354,0,0,52,3374,3115,30698,3500,0,40000,0x07
2026-09-06T13:29:16.124-03:00,355,0,0,51,3374,3176,30494,3500,0,40000,0x07
2026-09-06T13:29:16.142-03:00,356,0,0,51,3374,3176,30494,3500,0,40000,0x07
2026-09-06T13:29:16.160-03:00,357,0,0,51,3374,3176,30494,3500,0,40000,0x07
2026-09-06T13:29:16.182-03:00,358,0,0,54,3374,2778,32243,3500,0,40000,0x07
2026-09-06T13:29:16.200-03:00,359,0,0,54,3374,2778,32243,3500,0,40000,0x07
2026-09-06T13:29:16.222-03:00,360,0,0,55,3374,2855,31971,3500,0,40000,0x07
2026-09-06T13:29:16.244-03:00,361,0,0,55,3374,2855,31971,3500,0,40000,0x07
2026-09-06T13:29:16.264-03:00,362,0,0,55,3374,2855,31971,3500,0,40000,0x07
2026-09-06T13:29:16.284-03:00,363,0,0,50,3374,3140,30812,3500,0,40000,0x07
2026-09-06T13:29:16.301-03:00,364,0,0,50,3374,3140,30812,3500,0,40000,0x07
2026-09-06T13:29:16.324-03:00,365,0,0,53,3374,2962,31620,3500,0,40000,0x07
2026-09-06T13:29:16.342-03:00,366,0,0,53,3374,2962,31620,3500,0,40000,0x07
2026-09-06T13:29:16.360-03:00,367,0,0,53,3374,2962,31620,3500,0,40000,0x07
2026-09-06T13:29:16.400-03:00,368,0,0,50,3374,2600,33212,3500,0,40000,0x07
2026-09-06T13:29:16.401-03:00,369,0,0,50,3374,2600,33212,3500,0,40000,0x07
2026-09-06T13:29:16.424-03:00,370,0,0,50,3374,2900,31988,3500,0,40000,0x07
2026-09-06T13:29:16.444-03:00,371,0,0,50,3374,2900,31988,3500,0,40000,0x07
2026-09-06T13:29:16.462-03:00,372,0,0,50,3374,2900,31988,3500,0,40000,0x07
2026-09-06T13:29:16.504-03:00,373,0,0,50,3374,3200,30766,3500,0,40000,0x07
2026-09-06T13:29:16.504-03:00,374,0,0,50,3374,3200,30766,3500,0,40000,0x07
2026-09-06T13:29:16.522-03:00,375,0,0,51,3374,2863,32250,3500,0,40000,0x07
2026-09-06T13:29:16.540-03:00,376,0,0,51,3374,2863,32250,3500,0,40000,0x07
2026-09-06T13:29:16.563-03:00,377,0,0,51,3374,2863,32250,3500,0,40000,0x07
2026-09-06T13:29:16.581-03:00,378,0,0,57,3374,2561,33581,3500,0,40000,0x07
2026-09-06T13:29:16.601-03:00,379,0,0,57,3374,2561,33581,3500,0,40000,0x07
2026-09-06T13:29:16.619-03:00,380,0,0,57,3374,2561,33581,3500,0,40000,0x07
2026-09-06T13:29:16.642-03:00,381,0,0,50,3374,3040,31596,3500,0,40000,0x07
2026-09-06T13:29:16.662-03:00,382,0,0,50,3374,3040,31596,3500,0,40000,0x07
2026-09-06T13:29:16.680-03:00,383,0,0,50,3374,3040,31596,3500,0,40000,0x07
2026-09-06T13:29:16.703-03:00,384,0,0,52,3374,3096,31407,3500,0,40000,0x07
2026-09-06T13:29:16.724-03:00,385,0,0,52,3374,3096,31407,3500,0,40000,0x07
2026-09-06T13:29:16.742-03:00,386,0,0,57,3374,2789,32759,3500,0,40000,0x07
2026-09-06T13:29:16.760-03:00,387,0,0,57,3374,2789,32759,3500,0,40000,0x07
2026-09-06T13:29:16.783-03:00,388,0,0,57,3374,2789,32759,3500,0,40000,0x07
2026-09-06T13:29:16.820-03:00,389,0,0,50,3374,2640,33444,3500,0,40000,0x07
2026-09-06T13:29:16.820-03:00,390,0,0,50,3374,2640,33444,3500,0,40000,0x07
2026-09-06T13:29:16.843-03:00,391,0,0,54,3374,3056,31725,3500,0,40000,0x07
2026-09-06T13:29:16.861-03:00,392,0,0,54,3374,3056,31725,3500,0,40000,0x07
2026-09-06T13:29:16.884-03:00,393,0,0,54,3374,3056,31725,3500,0,40000,0x07
2026-09-06T13:29:16.903-03:00,394,0,0,50,3374,3080,31668,3500,0,40000,0x07
2026-09-06T13:29:16.921-03:00,395,0,0,50,3374,3080,31668,3500,0,40000,0x07
2026-09-06T13:29:16.939-03:00,396,0,0,50,3374,3080,31668,3500,0,40000,0x07
2026-09-06T13:29:16.962-03:00,397,0,0,54,3374,2741,33157,3500,0,40000,0x07
2026-09-06T13:29:16.981-03:00,398,0,0,54,3374,2741,33157,3500,0,40000,0x07
2026-09-06T13:29:17.001-03:00,399,0,0,51,3374,2588,33852,3500,0,40000,0x07
2026-09-06T13:29:17.019-03:00,400,0,0,51,3374,2588,33852,3500,0,40000,0x07
2026-09-06T13:29:17.041-03:00,401,0,0,51,3374,2588,33852,3500,0,40000,0x07
2026-09-06T13:29:17.059-03:00,402,0,0,50,3374,3120,31638,3500,0,40000,0x07
2026-09-06T13:29:17.082-03:00,403,0,0,50,3374,3120,31638,3500,0,40000,0x07
2026-09-06T13:29:17.102-03:00,404,0,0,51,3374,3098,31777,3500,0,40000,0x07
2026-09-06T13:29:17.120-03:00,405,0,0,51,3374,3098,31777,3500,0,40000,0x07
2026-09-06T13:29:17.143-03:00,406,0,0,51,3374,3098,31777,3500,0,40000,0x07
2026-09-06T13:29:17.163-03:00,407,0,0,50,3374,2740,33344,3500,0,40000,0x07
2026-09-06T13:29:17.181-03:00,408,0,0,50,3374,2740,33344,3500,0,40000,0x07
2026-09-06T13:29:17.203-03:00,409,0,0,53,3374,2528,34243,3500,0,40000,0x07
2026-09-06T13:29:17.222-03:00,410,0,0,53,3374,2528,34243,3500,0,40000,0x07
2026-09-06T13:29:17.242-03:00,411,0,0,53,3374,2528,34243,3500,0,40000,0x07
2026-09-06T13:29:17.261-03:00,412,0,0,51,3374,3196,31405,3500,0,40000,0x07
2026-09-06T13:29:17.284-03:00,413,0,0,51,3374,3196,31405,3500,0,40000,0x07
2026-09-06T13:29:17.302-03:00,414,0,0,51,3374,3196,31405,3500,0,40000,0x07
2026-09-06T13:29:17.320-03:00,415,0,0,52,3374,3077,31912,3500,0,40000,0x07
2026-09-06T13:29:17.343-03:00,416,0,0,52,3374,3077,31912,3500,0,40000,0x07
