timestamp,sequence,team,robot_id,interval_ms,left_target_eps,left_measured_eps,left_duty,right_target_eps,right_measured_eps,right_duty,flags
2026-09-06T15:28:42.798-03:00,65535,255,0,0,0,0,0,0,0,0,0x03
2026-09-06T15:28:42.816-03:00,54,0,0,50,0,0,0,0,0,0,0x03
2026-09-06T15:28:42.834-03:00,55,0,0,50,0,0,0,0,0,0,0x03
2026-09-06T15:28:42.858-03:00,55,0,0,50,0,0,0,0,0,0,0x03
2026-09-06T15:28:42.876-03:00,55,0,0,52,0,0,0,0,0,0,0x03
2026-09-06T15:28:42.894-03:00,55,0,0,52,0,0,0,0,0,0,0x03
2026-09-06T15:28:42.917-03:00,55,0,0,52,0,0,0,0,0,0,0x03
2026-09-06T15:28:42.957-03:00,55,0,0,51,0,0,0,0,0,0,0x03
2026-09-06T15:28:42.957-03:00,55,0,0,51,0,0,0,0,0,0,0x03
2026-09-06T15:28:42.975-03:00,55,0,0,51,0,0,0,0,0,0,0x03
2026-09-06T15:28:42.994-03:00,8,0,0,52,0,0,30741,0,0,0,0x07
2026-09-06T15:28:43.017-03:00,9,0,0,52,0,0,30741,0,0,0,0x07
2026-09-06T15:28:43.035-03:00,10,0,0,51,3374,373,40000,0,0,0,0x07
2026-09-06T15:28:43.053-03:00,11,0,0,51,3374,373,40000,0,0,0,0x07
2026-09-06T15:28:43.073-03:00,12,0,0,51,3374,373,40000,0,0,0,0x07
2026-09-06T15:28:43.093-03:00,13,0,0,55,3374,382,40000,0,0,0,0x07
2026-09-06T15:28:43.117-03:00,14,0,0,55,3374,382,40000,0,0,0,0x07
2026-09-06T15:28:43.135-03:00,15,0,0,54,3374,500,40000,0,0,0,0x07
2026-09-06T15:28:43.153-03:00,16,0,0,54,3374,500,40000,0,0,0,0x07
2026-09-06T15:28:43.173-03:00,17,0,0,54,3374,500,40000,0,0,0,0x07
2026-09-06T15:28:43.196-03:00,18,0,0,50,3374,380,40000,0,0,0,0x07
2026-09-06T15:28:43.216-03:00,19,0,0,50,3374,380,40000,0,0,0,0x07
2026-09-06T15:28:43.235-03:00,20,0,0,54,3374,74,40000,0,0,0,0x07
2026-09-06T15:28:43.257-03:00,21,0,0,54,3374,74,40000,0,0,0,0x07
2026-09-06T15:28:43.275-03:00,22,0,0,54,3374,74,40000,0,0,0,0x07
2026-09-06T15:28:43.293-03:00,23,0,0,52,3374,0,40000,0,0,0,0x07
2026-09-06T15:28:43.317-03:00,24,0,0,52,3374,0,40000,0,0,0,0x07
2026-09-06T15:28:43.335-03:00,25,0,0,52,3374,0,40000,0,0,0,0x07
2026-09-06T15:28:43.354-03:00,26,0,0,50,3374,0,40000,0,0,0,0x07
2026-09-06T15:28:43.376-03:00,27,0,0,50,3374,0,40000,0,0,0,0x07
2026-09-06T15:28:43.393-03:00,28,0,0,54,3374,0,40000,0,0,0,0x07
2026-09-06T15:28:43.415-03:00,29,0,0,54,3374,0,40000,0,0,0,0x07
2026-09-06T15:28:43.433-03:00,30,0,0,54,3374,0,40000,0,0,0,0x07
2026-09-06T15:28:43.456-03:00,31,0,0,51,3374,0,40000,0,0,0,0x07
2026-09-06T15:28:43.474-03:00,32,0,0,51,3374,0,40000,0,0,0,0x07
2026-09-06T15:28:43.497-03:00,33,0,0,51,3374,0,40000,0,0,0,0x07
2026-09-06T15:28:43.515-03:00,34,0,0,51,3374,0,40000,0,0,0,0x07
2026-09-06T15:28:43.537-03:00,35,0,0,51,3374,0,40000,0,0,0,0x07
2026-09-06T15:28:43.555-03:00,36,0,0,50,3374,0,40000,0,0,0,0x07
2026-09-06T15:28:43.573-03:00,37,0,0,50,3374,0,40000,0,0,0,0x07
2026-09-06T15:28:43.593-03:00,38,0,0,50,3374,0,40000,0,0,0,0x07
2026-09-06T15:28:43.616-03:00,39,0,0,53,3374,0,40000,0,0,0,0x07
2026-09-06T15:28:43.636-03:00,40,0,0,53,3374,0,40000,0,0,0,0x07
2026-09-06T15:28:43.677-03:00,41,0,0,56,3374,0,40000,0,0,0,0x07
2026-09-06T15:28:43.677-03:00,42,0,0,56,3374,0,40000,0,0,0,0x07
2026-09-06T15:28:43.696-03:00,43,0,0,56,3374,0,40000,0,0,0,0x07
2026-09-06T15:28:43.716-03:00,44,0,0,51,3374,0,40000,0,0,0,0x07
2026-09-06T15:28:43.734-03:00,45,0,0,51,3374,0,40000,0,0,0,0x07
2026-09-06T15:28:43.757-03:00,46,0,0,51,3374,0,40000,0,0,0,0x07
2026-09-06T15:28:43.775-03:00,47,0,0,53,3374,0,40000,0,0,0,0x07
2026-09-06T15:28:43.819-03:00,48,0,0,53,3374,0,40000,0,0,0,0x07
2026-09-06T15:28:43.862-03:00,49,0,0,56,3374,0,40000,0,0,0,0x07
2026-09-06T15:28:43.906-03:00,50,0,0,56,3374,0,40000,0,0,0,0x07
2026-09-06T15:28:43.949-03:00,51,0,0,50,0,0,0,0,0,0,0x03
2026-09-06T15:28:43.992-03:00,52,0,0,50,0,0,0,0,0,0,0x03
