timestamp,sequence,team,robot_id,interval_ms,left_target_eps,left_measured_eps,left_duty,right_target_eps,right_measured_eps,right_duty,flags
2026-09-06T17:15:05.862,293,0,2,52,431,135,7211,1303,96,18885,0x07
2026-09-06T17:15:05.862,292,0,1,53,-71,0,4598,1824,0,25287,0x07
2026-09-06T17:15:05.915,294,0,1,50,0,0,0,0,0,0,0x03
2026-09-06T17:15:05.980,297,0,2,50,0,0,0,0,0,0,0x03
2026-09-06T17:15:05.980,65535,0,1,51,0,0,0,0,0,0,0x0b
2026-09-06T17:15:06.045,297,0,2,50,0,0,0,0,0,0,0x03
2026-09-06T17:15:06.045,65535,0,1,52,0,0,0,0,0,0,0x0b
2026-09-06T17:15:06.111,3,0,2,51,0,0,0,0,0,0,0x03
2026-09-06T17:15:06.111,2,0,1,51,0,0,0,0,0,0,0x03
2026-09-06T17:15:06.176,5,0,2,51,0,0,0,0,0,0,0x03
2026-09-06T17:15:06.176,4,0,1,50,0,0,0,0,0,0,0x03
2026-09-06T17:15:06.241,7,0,2,54,0,0,0,0,0,0,0x03
2026-09-06T17:15:06.241,6,0,1,52,0,0,0,0,0,0,0x03
2026-09-06T17:15:06.306,9,0,2,52,0,0,0,0,0,0,0x03
2026-09-06T17:15:06.306,8,0,1,52,0,0,0,0,0,0,0x03
2026-09-06T17:15:06.387,11,0,2,50,0,0,0,0,0,0,0x03
2026-09-06T17:15:06.387,10,0,1,50,0,0,0,0,0,0,0x03
2026-09-06T17:15:06.451,13,0,2,51,0,0,0,0,0,0,0x03
2026-09-06T17:15:06.451,12,0,1,50,0,0,0,0,0,0,0x03
2026-09-06T17:15:06.516,15,0,2,51,0,0,0,0,0,0,0x03
2026-09-06T17:15:06.516,14,0,1,51,0,0,0,0,0,0,0x03
2026-09-06T17:15:06.581,17,0,2,50,0,0,0,0,0,0,0x03
2026-09-06T17:15:06.581,16,0,1,53,0,0,0,0,0,0,0x03
2026-09-06T17:15:06.646,19,0,2,51,0,0,0,0,0,0,0x03
2026-09-06T17:15:06.646,18,0,1,51,0,0,0,0,0,0,0x03
2026-09-06T17:15:06.711,21,0,2,52,0,0,0,0,0,0,0x03
2026-09-06T17:15:06.711,20,0,1,51,0,0,0,0,0,0,0x03
2026-09-06T17:15:06.776,23,0,2,51,0,0,0,0,0,0,0x03
2026-09-06T17:15:06.776,22,0,1,50,0,0,0,0,0,0,0x03
2026-09-06T17:15:06.841,25,0,2,50,0,0,0,0,0,0,0x03
2026-09-06T17:15:06.841,24,0,1,50,0,0,0,0,0,0,0x03
2026-09-06T17:15:06.922,27,0,2,51,0,0,0,0,0,0,0x03
2026-09-06T17:15:06.922,26,0,1,50,0,0,0,0,0,0,0x03
2026-09-06T17:15:06.987,29,0,2,51,0,0,0,0,0,0,0x03
2026-09-06T17:15:06.987,28,0,1,51,0,0,0,0,0,0,0x03
2026-09-06T17:15:07.052,31,0,2,51,0,0,0,0,0,0,0x03
2026-09-06T17:15:07.052,30,0,1,50,0,0,0,0,0,0,0x03
2026-09-06T17:15:07.117,33,0,2,50,0,0,0,0,0,0,0x03
2026-09-06T17:15:07.117,32,0,1,51,0,0,0,0,0,0,0x03
2026-09-06T17:15:07.182,35,0,2,50,0,0,0,0,0,0,0x03
2026-09-06T17:15:07.182,34,0,1,50,0,0,0,0,0,0,0x03
2026-09-06T17:15:07.247,37,0,2,50,0,0,0,0,0,0,0x03
2026-09-06T17:15:07.247,36,0,1,52,0,0,0,0,0,0,0x03
2026-09-06T17:15:07.312,39,0,2,53,0,0,0,0,0,0,0x03
2026-09-06T17:15:07.312,38,0,1,52,0,0,0,0,0,0,0x03
2026-09-06T17:15:07.377,41,0,2,50,0,0,0,0,0,0,0x03
2026-09-06T17:15:07.377,40,0,1,50,0,0,0,0,0,0,0x03
2026-09-06T17:15:07.458,43,0,2,50,0,0,0,0,0,0,0x03
2026-09-06T17:15:07.458,42,0,1,50,0,0,0,0,0,0,0x03
2026-09-06T17:15:07.523,45,0,2,51,0,0,0,0,0,0,0x03
2026-09-06T17:15:07.523,44,0,1,51,0,0,0,0,0,0,0x03
2026-09-06T17:15:07.588,47,0,2,50,0,0,0,0,0,0,0x03
2026-09-06T17:15:07.588,46,0,1,50,0,0,0,0,0,0,0x03
2026-09-06T17:15:07.654,49,0,2,50,0,0,0,0,0,0,0x03
2026-09-06T17:15:07.654,48,0,1,50,0,0,0,0,0,0,0x03
2026-09-06T17:15:07.718,51,0,2,50,0,0,0,0,0,0,0x03
2026-09-06T17:15:07.718,50,0,1,51,0,0,0,0,0,0,0x03
2026-09-06T17:15:07.784,53,0,2,51,0,0,0,0,0,0,0x03
2026-09-06T17:15:07.784,52,0,1,50,0,0,0,0,0,0,0x03
2026-09-06T17:15:07.848,55,0,2,51,0,0,0,0,0,0,0x03
2026-09-06T17:15:07.848,54,0,1,50,0,0,0,0,0,0,0x03
2026-09-06T17:15:07.913,57,0,2,51,0,0,0,0,0,0,0x03
2026-09-06T17:15:07.913,56,0,1,51,0,0,0,0,0,0,0x03
2026-09-06T17:15:07.994,59,0,2,51,0,0,0,0,0,0,0x03
2026-09-06T17:15:07.994,58,0,1,50,0,0,0,0,0,0,0x03
2026-09-06T17:15:08.059,61,0,2,51,0,0,0,0,0,0,0x03
2026-09-06T17:15:08.123,63,0,2,53,0,0,0,0,0,0,0x03
2026-09-06T17:15:08.123,62,0,1,52,0,0,0,0,0,0,0x03
2026-09-06T17:15:08.189,63,0,2,51,0,0,0,0,0,0,0x03
2026-09-06T17:15:08.189,62,0,1,51,0,0,0,0,0,0,0x03
2026-09-06T17:15:08.255,63,0,2,50,0,0,0,0,0,0,0x03
2026-09-06T17:15:08.255,66,0,1,50,0,0,0,0,0,0,0x03
2026-09-06T17:15:08.320,69,0,2,53,0,0,0,0,0,0,0x03
2026-09-06T17:15:08.320,68,0,1,50,0,0,0,0,0,0,0x03
2026-09-06T17:15:08.385,71,0,2,50,0,0,0,0,0,0,0x03
2026-09-06T17:15:08.385,70,0,1,51,0,0,0,0,0,0,0x03
2026-09-06T17:15:08.450,73,0,2,52,0,0,0,0,0,0,0x03
2026-09-06T17:15:08.450,72,0,1,50,0,0,0,0,0,0,0x03
2026-09-06T17:15:08.531,75,0,2,51,0,0,0,0,0,0,0x03
2026-09-06T17:15:08.531,74,0,1,50,0,0,0,0,0,0,0x03
2026-09-06T17:15:08.596,77,0,2,50,0,0,0,0,0,0,0x03
2026-09-06T17:15:08.596,76,0,1,51,0,0,0,0,0,0,0x03
2026-09-06T17:15:08.661,79,0,2,51,0,0,0,0,0,0,0x03
2026-09-06T17:15:08.661,78,0,1,54,0,0,0,0,0,0,0x03
2026-09-06T17:15:08.726,81,0,2,51,0,0,0,0,0,0,0x03
2026-09-06T17:15:08.726,80,0,1,50,0,0,0,0,0,0,0x03
2026-09-06T17:15:08.791,83,0,2,51,0,0,0,0,0,0,0x03
2026-09-06T17:15:08.791,82,0,1,52,0,0,0,0,0,0,0x03
2026-09-06T17:15:08.856,85,0,2,50,0,0,0,0,0,0,0x03
2026-09-06T17:15:08.856,84,0,1,55,0,0,0,0,0,0,0x03
2026-09-06T17:15:08.922,87,0,2,51,0,0,0,0,0,0,0x03
2026-09-06T17:15:08.922,86,0,1,51,0,0,0,0,0,0,0x03
2026-09-06T17:15:08.987,89,0,2,52,0,0,0,0,0,0,0x03
2026-09-06T17:15:08.987,88,0,1,50,0,0,0,0,0,0,0x03
2026-09-06T17:15:09.068,91,0,2,50,0,0,0,0,0,0,0x03
2026-09-06T17:15:09.068,90,0,1,51,0,0,0,0,0,0,0x03
2026-09-06T17:15:09.117,93,0,2,51,0,0,0,0,0,0,0x03
2026-09-06T17:15:09.117,92,0,1,50,0,0,0,0,0,0,0x03
2026-09-06T17:15:09.198,95,0,2,56,0,0,0,0,0,0,0x03
2026-09-06T17:15:09.198,94,0,1,51,0,0,0,0,0,0,0x03
2026-09-06T17:15:09.263,97,0,2,56,0,0,0,0,0,0,0x03
2026-09-06T17:15:09.263,96,0,1,50,0,0,0,0,0,0,0x03
2026-09-06T17:15:09.328,99,0,2,50,0,0,0,0,0,0,0x03
2026-09-06T17:15:09.328,98,0,1,54,0,0,0,0,0,0,0x03
2026-09-06T17:15:09.394,101,0,2,52,0,0,0,0,0,0,0x03
2026-09-06T17:15:09.394,100,0,1,52,0,0,0,0,0,0,0x03
2026-09-06T17:15:09.459,103,0,2,53,0,0,0,0,0,0,0x03
2026-09-06T17:15:09.459,102,0,1,51,0,0,0,0,0,0,0x03
2026-09-06T17:15:09.525,105,0,2,51,0,0,0,0,0,0,0x03
2026-09-06T17:15:09.525,104,0,1,52,0,0,0,0,0,0,0x03
2026-09-06T17:15:09.590,107,0,2,51,0,0,0,0,0,0,0x03
2026-09-06T17:15:09.590,106,0,1,55,0,0,0,0,0,0,0x03
2026-09-06T17:15:09.655,109,0,2,50,0,0,0,0,0,0,0x03
2026-09-06T17:15:09.656,108,0,1,50,0,0,0,0,0,0,0x03
2026-09-06T17:15:09.721,111,0,2,52,0,0,0,0,0,0,0x03
2026-09-06T17:15:09.721,110,0,1,52,0,0,0,0,0,0,0x03
2026-09-06T17:15:09.803,113,0,2,50,0,0,0,0,0,0,0x03
2026-09-06T17:15:09.803,112,0,1,50,0,0,0,0,0,0,0x03
2026-09-06T17:15:09.867,115,0,2,51,0,0,0,0,0,0,0x03
2026-09-06T17:15:09.867,114,0,1,52,0,0,0,0,0,0,0x03
2026-09-06T17:15:09.933,117,0,2,51,0,0,0,0,0,0,0x03
2026-09-06T17:15:09.933,116,0,1,51,0,0,0,0,0,0,0x03
2026-09-06T17:15:09.998,119,0,2,51,0,0,0,0,0,0,0x03
2026-09-06T17:15:09.998,118,0,1,50,0,0,0,0,0,0,0x03
2026-09-06T17:15:10.063,121,0,2,51,0,0,0,0,0,0,0x03
2026-09-06T17:15:10.063,120,0,1,52,0,0,0,0,0,0,0x03
2026-09-06T17:15:10.128,123,0,2,50,0,0,0,0,0,0,0x03
2026-09-06T17:15:10.128,122,0,1,52,0,0,0,0,0,0,0x03
2026-09-06T17:15:10.193,125,0,2,51,0,0,0,0,0,0,0x03
2026-09-06T17:15:10.194,124,0,1,50,0,0,0,0,0,0,0x03
2026-09-06T17:15:10.258,127,0,2,50,0,0,0,0,0,0,0x03
2026-09-06T17:15:10.258,126,0,1,50,0,0,0,0,0,0,0x03
2026-09-06T17:15:10.340,129,0,2,52,0,0,0,0,0,0,0x03
2026-09-06T17:15:10.340,128,0,1,52,0,0,0,0,0,0,0x03
2026-09-06T17:15:10.389,131,0,2,51,0,0,0,0,0,0,0x03
2026-09-06T17:15:10.389,130,0,1,50,0,0,0,0,0,0,0x03
2026-09-06T17:15:10.470,133,0,2,52,0,0,0,0,0,0,0x03
2026-09-06T17:15:10.470,132,0,1,50,0,0,0,0,0,0,0x03
2026-09-06T17:15:10.535,135,0,2,50,0,0,0,0,0,0,0x03
2026-09-06T17:15:10.535,134,0,1,50,0,0,0,0,0,0,0x03
2026-09-06T17:15:10.601,137,0,2,51,0,0,0,0,0,0,0x03
2026-09-06T17:15:10.601,136,0,1,50,0,0,0,0,0,0,0x03
2026-09-06T17:15:10.666,139,0,2,51,0,0,0,0,0,0,0x03
2026-09-06T17:15:10.666,138,0,1,52,0,0,0,0,0,0,0x03
2026-09-06T17:15:10.732,141,0,2,55,9,0,2568,1740,0,25046,0x07
2026-09-06T17:15:10.732,140,0,1,52,0,0,32327,0,0,30599,0x07
2026-09-06T17:15:10.797,143,0,2,50,9,0,2568,1740,1500,18671,0x07
2026-09-06T17:15:10.797,142,0,1,50,3374,720,40000,3438,0,40000,0x07
2026-09-06T17:15:10.863,145,0,2,51,543,0,9168,1187,804,14349,0x07
2026-09-06T17:15:10.863,144,0,1,51,3374,941,40000,3471,0,40000,0x07
2026-09-06T17:15:10.927,147,0,2,50,543,400,7468,1187,340,16321,0x07
2026-09-06T17:15:10.927,146,0,1,51,3374,1451,40000,3471,0,40000,0x07
2026-09-06T17:15:11.008,149,0,2,55,624,200,9320,1242,527,16248,0x07
2026-09-06T17:15:11.008,148,0,1,52,3374,1712,39392,3485,0,40000,0x07
2026-09-06T17:15:11.073,151,0,2,50,624,320,8810,1242,580,16024,0x07
2026-09-06T17:15:11.073,150,0,1,50,3335,1980,37753,3500,0,40000,0x07
2026-09-06T17:15:11.138,153,0,2,52,720,308,10048,1318,538,17203,0x07
2026-09-06T17:15:11.138,152,0,1,50,2992,2140,32706,3500,0,40000,0x07
2026-09-06T17:15:11.203,155,0,2,52,920,500,11716,1477,712,18555,0x07
2026-09-06T17:15:11.203,154,0,1,51,1816,2196,17482,2715,0,36283,0x07
2026-09-06T17:15:11.269,157,0,2,50,1049,660,12622,1604,780,19935,0x07
2026-09-06T17:15:11.269,156,0,1,52,89,1000,575,1658,19,23149,0x07
2026-09-06T17:15:11.334,159,0,2,51,1388,745,16464,1863,902,22833,0x07
2026-09-06T17:15:11.334,158,0,1,51,0,0,4295,1658,137,22647,0x07
2026-09-06T17:15:11.399,161,0,2,55,2001,1055,22733,2404,1018,29457,0x07
2026-09-06T17:15:11.399,160,0,1,50,0,0,32327,0,0,19766,0x07
2026-09-06T17:15:11.464,163,0,2,51,2001,1294,21715,2404,1255,28451,0x07
2026-09-06T17:15:11.464,162,0,1,50,3374,1460,40000,0,0,5041,0x07
2026-09-06T17:15:11.528,165,0,2,51,3374,1569,37531,3197,2039,35548,0x07
2026-09-06T17:15:11.528,164,0,1,50,1416,820,18247,281,0,6234,0x07
2026-09-06T17:15:11.610,167,0,2,51,1976,1412,20906,2915,2765,28749,0x07
2026-09-06T17:15:11.610,166,0,1,51,901,1000,10915,816,0,12839,0x07
2026-09-06T17:15:11.675,169,0,2,55,2784,1255,31561,-1138,-73,16807,0x07
2026-09-06T17:15:11.675,168,0,1,51,1399,1000,17253,299,0,6463,0x07
2026-09-06T17:15:11.740,171,0,2,51,2784,1471,30643,0,0,6999,0x07
2026-09-06T17:15:11.740,170,0,1,51,1136,843,14577,572,0,9824,0x07
2026-09-06T17:15:11.805,173,0,2,51,1162,2706,5334,544,0,9312,0x07
2026-09-06T17:15:11.805,172,0,1,52,1100,1058,13201,609,0,10291,0x07
2026-09-06T17:15:11.870,175,0,2,50,1063,520,13392,648,800,7269,0x07
2026-09-06T17:15:11.870,174,0,1,54,1960,926,24720,1843,0,25525,0x07
2026-09-06T17:15:11.934,177,0,2,51,1081,373,14240,629,647,7676,0x07
2026-09-06T17:15:11.934,176,0,1,56,2711,1000,33975,2798,0,37302,0x07
2026-09-06T17:15:11.998,179,0,2,52,1115,250,15182,594,635,7264,0x07
2026-09-06T17:15:11.999,178,0,1,50,2711,1200,33125,2798,0,37302,0x07
2026-09-06T17:15:12.080,181,0,2,52,1177,288,15791,529,577,6657,0x07
2026-09-06T17:15:12.080,180,0,1,50,3149,1440,37684,3392,0,40000,0x07
2026-09-06T17:15:12.144,183,0,2,50,1169,400,15221,537,540,6920,0x07
2026-09-06T17:15:12.144,182,0,1,51,3265,1686,38107,3500,0,40000,0x07
2026-09-06T17:15:12.209,185,0,2,51,1166,412,15125,541,549,6932,0x07
2026-09-06T17:15:12.209,184,0,1,51,3027,2157,33086,3500,0,40000,0x07
2026-09-06T17:15:12.274,187,0,2,52,1164,327,15460,543,577,6841,0x07
2026-09-06T17:15:12.339,189,0,2,50,1164,340,15405,543,640,6573,0x07
2026-09-06T17:15:12.339,188,0,1,55,232,1273,1242,1509,0,21395,0x07
2026-09-06T17:15:12.404,189,0,2,50,1131,360,14916,577,620,7104,0x07
2026-09-06T17:15:12.404,188,0,1,51,232,1020,2318,1509,39,21228,0x07
2026-09-06T17:15:12.469,189,0,2,52,1131,346,14974,577,615,7124,0x07
2026-09-06T17:15:12.469,192,0,1,51,0,0,4741,1509,0,21395,0x07
2026-09-06T17:15:12.535,195,0,2,57,1190,18,17098,650,0,10707,0x07
2026-09-06T17:15:12.535,194,0,1,51,0,0,32327,0,0,19319,0x07
2026-09-06T17:15:12.615,197,0,2,50,1190,680,14282,650,740,7562,0x07
2026-09-06T17:15:12.615,196,0,1,51,1124,1373,12172,584,0,9980,0x07
2026-09-06T17:15:12.680,199,0,2,51,1252,490,15864,719,863,7947,0x07
2026-09-06T17:15:12.680,198,0,1,52,1124,423,16207,584,0,9980,0x07
2026-09-06T17:15:12.746,201,0,2,51,1311,588,16179,789,824,9034,0x07
2026-09-06T17:15:12.746,200,0,1,51,1106,569,15362,603,0,10208,0x07
2026-09-06T17:15:12.810,203,0,2,50,1523,540,19001,1096,740,13428,0x07
2026-09-06T17:15:12.810,202,0,1,50,1110,700,14849,966,0,14689,0x07
2026-09-06T17:15:12.875,205,0,2,50,1508,660,18302,990,820,11688,0x07
2026-09-06T17:15:12.875,204,0,1,51,2321,725,30165,2400,0,32394,0x07
2026-09-06T17:15:12.940,207,0,2,53,1550,774,18337,1073,811,12825,0x07
2026-09-06T17:15:12.940,206,0,1,51,2778,902,35247,2725,0,36412,0x07
2026-09-06T17:15:13.006,209,0,2,50,1550,680,18735,1073,1080,11683,0x07
2026-09-06T17:15:13.006,208,0,1,52,3253,1538,38581,3465,0,40000,0x07
2026-09-06T17:15:13.071,211,0,2,50,1740,660,21171,1352,1120,15178,0x07
2026-09-06T17:15:13.071,210,0,1,51,3253,1745,37703,3465,0,40000,0x07
2026-09-06T17:15:13.152,213,0,2,51,2085,863,24580,0,0,6708,0x07
2026-09-06T17:15:13.152,212,0,1,51,3190,2020,35745,3500,0,40000,0x07
2026-09-06T17:15:13.217,215,0,2,50,2180,1420,23393,0,0,3651,0x07
2026-09-06T17:15:13.217,214,0,1,50,2730,2140,29363,3361,0,40000,0x07
2026-09-06T17:15:13.282,217,0,2,50,1525,1540,14771,168,100,3941,0x07
2026-09-06T17:15:13.282,216,0,1,51,1425,1647,14834,2359,0,31889,0x07
2026-09-06T17:15:13.347,219,0,2,51,1459,1608,13670,237,431,3430,0x07
2026-09-06T17:15:13.347,218,0,1,50,258,1600,173,1483,0,21070,0x07
2026-09-06T17:15:13.412,221,0,2,51,1459,1392,14587,237,333,3847,0x07
2026-09-06T17:15:13.412,220,0,1,50,0,0,4225,1659,20,23167,0x07
2026-09-06T17:15:13.477,223,0,2,50,1346,1360,13320,354,300,5536,0x07
2026-09-06T17:15:13.477,222,0,1,51,0,0,32327,0,0,20098,0x07
2026-09-06T17:15:13.543,225,0,2,51,1267,1216,12957,436,235,6888,0x07
2026-09-06T17:15:13.543,224,0,1,50,3374,880,40000,0,0,7251,0x07
2026-09-06T17:15:13.607,227,0,2,50,1111,1180,11184,597,640,7292,0x07
2026-09-06T17:15:13.607,226,0,1,51,1153,1176,13379,554,0,9604,0x07
2026-09-06T17:15:13.689,229,0,2,50,992,1100,10051,721,620,9001,0x07
2026-09-06T17:15:13.689,228,0,1,52,1154,750,15195,553,0,9600,0x07
2026-09-06T17:15:13.737,231,0,2,51,1643,1020,18445,1507,451,20067,0x07
2026-09-06T17:15:13.737,230,0,1,50,1165,760,15295,542,0,9457,0x07
2026-09-06T17:15:13.819,233,0,2,50,2468,1380,27124,2471,720,31600,0x07
2026-09-06T17:15:13.819,232,0,1,50,1082,780,14158,628,0,10515,0x07
2026-09-06T17:15:13.884,235,0,2,51,3037,1451,33857,3243,1216,39656,0x07
2026-09-06T17:15:13.884,234,0,1,50,1082,800,14073,628,0,10515,0x07
2026-09-06T17:15:13.948,237,0,2,51,3219,2078,33444,3500,2627,37030,0x07
2026-09-06T17:15:13.948,236,0,1,51,1392,745,18251,1045,0,15670,0x07
2026-09-06T17:15:14.014,239,0,2,51,3219,2373,32194,3500,3176,34697,0x07
2026-09-06T17:15:14.014,238,0,1,50,2620,940,33070,2609,0,34977,0x07
2026-09-06T17:15:14.079,241,0,2,50,3120,2600,30008,3496,2520,37432,0x07
2026-09-06T17:15:14.079,240,0,1,50,2620,1200,31965,2609,0,34977,0x07
2026-09-06T17:15:14.145,243,0,2,51,2893,2765,26499,3338,2569,35153,0x07
2026-09-06T17:15:14.145,242,0,1,50,3051,1360,36773,3189,0,40000,0x07
2026-09-06T17:15:14.210,245,0,2,56,1820,2625,13813,2483,2679,23437,0x07
2026-09-06T17:15:14.210,244,0,1,51,3257,1667,38095,3500,0,40000,0x07
2026-09-06T17:15:14.275,247,0,2,51,1820,2216,15553,2483,2745,23154,0x07
2026-09-06T17:15:14.275,246,0,1,50,3138,2060,34912,3500,0,40000,0x07
2026-09-06T17:15:14.356,249,0,2,50,986,2040,5977,1780,2660,14270,0x07
2026-09-06T17:15:14.356,248,0,1,50,2431,2100,25725,3172,0,40000,0x07
2026-09-06T17:15:14.421,251,0,2,51,436,1980,5669,1297,2294,9471,0x07
2026-09-06T17:15:14.421,250,0,1,50,946,2000,7236,1943,0,26751,0x07
2026-09-06T17:15:14.486,253,0,2,51,396,1235,2102,1339,1471,13518,0x07
2026-09-06T17:15:14.486,252,0,1,51,214,1020,2085,1528,39,21461,0x07
2026-09-06T17:15:14.550,254,0,1,50,0,0,4340,1677,0,23472,0x07
2026-09-06T17:15:14.615,255,0,2,51,389,843,3681,1346,1510,13448,0x07
2026-09-06T17:15:14.615,254,0,1,51,-77,-78,4332,1830,0,25356,0x07
2026-09-06T17:15:14.680,255,0,2,50,416,540,5304,1318,1380,13632,0x07
2026-09-06T17:15:14.680,254,0,1,52,-77,-58,4420,1830,0,25356,0x07
2026-09-06T17:15:14.761,261,0,2,50,0,0,7528,0,0,11964,0x07
2026-09-06T17:15:14.811,263,0,2,51,625,157,9517,1102,431,14813,0x07
2026-09-06T17:15:14.811,262,0,1,52,1145,250,17218,562,0,9703,0x07
2026-09-06T17:15:14.892,263,0,2,51,1184,1157,12184,1592,1235,17852,0x07
2026-09-06T17:15:14.892,262,0,1,51,1174,216,17733,532,0,9332,0x07
2026-09-06T17:15:14.958,263,0,2,50,1184,600,14551,1592,1080,18512,0x07
2026-09-06T17:15:14.958,266,0,1,50,1174,340,17205,532,0,9332,0x07
2026-09-06T17:15:15.022,269,0,2,55,2879,36,37923,3054,36,40000,0x07
2026-09-06T17:15:15.022,268,0,1,50,1196,460,16966,510,0,9060,0x07
2026-09-06T17:15:15.088,271,0,2,50,2879,1800,30427,3054,1860,34421,0x07
2026-09-06T17:15:15.088,270,0,1,50,1193,620,16251,512,0,9094,0x07
2026-09-06T17:15:15.153,273,0,2,51,3091,1431,34608,3271,2412,34935,0x07
2026-09-06T17:15:15.153,272,0,1,51,1158,667,15602,549,0,9548,0x07
2026-09-06T17:15:15.217,275,0,2,50,3263,1780,35254,3391,1940,38519,0x07
2026-09-06T17:15:15.217,274,0,1,50,1133,700,15143,575,0,9867,0x07
2026-09-06T17:15:15.282,277,0,2,50,3339,2320,33908,3453,2620,36446,0x07
2026-09-06T17:15:15.282,276,0,1,52,1615,731,21161,1303,0,18858,0x07
2026-09-06T17:15:15.347,279,0,2,50,3173,2680,30320,3489,2280,38365,0x07
2026-09-06T17:15:15.347,278,0,1,50,1615,880,20527,1303,0,18858,0x07
2026-09-06T17:15:15.428,281,0,2,51,3054,2608,29160,3411,2725,35448,0x07
2026-09-06T17:15:15.428,280,0,1,52,2141,923,27044,1951,0,26855,0x07
2026-09-06T17:15:15.494,283,0,2,53,2310,2698,19564,2882,2887,27802,0x07
2026-09-06T17:15:15.494,282,0,1,51,2648,1020,33084,2614,0,35043,0x07
2026-09-06T17:15:15.559,284,0,1,51,3093,1529,36586,3298,0,40000,0x07
2026-09-06T17:15:15.625,287,0,2,51,1195,2157,8067,1908,2784,15418,0x07
2026-09-06T17:15:15.625,284,0,1,51,3246,1824,37284,3500,0,40000,0x07
2026-09-06T17:15:15.690,287,0,2,51,1195,1961,8900,1908,2392,17085,0x07
2026-09-06T17:15:15.690,284,0,1,51,3246,1961,36700,3500,0,40000,0x07
2026-09-06T17:15:15.755,291,0,2,51,1195,1431,11150,1908,1353,21501,0x07
2026-09-06T17:15:15.821,293,0,2,51,497,471,6605,1234,686,15470,0x07
2026-09-06T17:15:15.821,290,0,1,50,0,0,9967,0,0,16758,0x07
2026-09-06T17:15:15.885,293,0,2,51,477,137,7768,1255,235,17668,0x07
2026-09-06T17:15:15.885,290,0,1,51,740,1431,7027,1728,0,24103,0x07
2026-09-06T17:15:15.950,293,0,2,51,477,216,7435,1255,412,16918,0x07
2026-09-06T17:15:15.950,296,0,1,52,-109,-58,4833,1863,0,25767,0x07
2026-09-06T17:15:16.032,299,0,2,50,0,0,5072,0,0,14757,0x07
2026-09-06T17:15:16.032,298,0,1,52,0,0,32327,0,0,19775,0x07
2026-09-06T17:15:16.081,301,0,2,50,323,20,6358,1415,180,20007,0x07
2026-09-06T17:15:16.081,300,0,1,50,3374,900,40000,0,0,7123,0x07
2026-09-06T17:15:16.162,303,0,2,50,328,20,6420,1410,480,18663,0x07
2026-09-06T17:15:16.162,302,0,1,50,1168,720,15513,538,0,9409,0x07
2026-09-06T17:15:16.228,304,0,1,50,1130,880,14343,578,0,9906,0x07
2026-09-06T17:15:16.293,307,0,2,51,403,0,7436,1332,0,19676,0x07
2026-09-06T17:15:16.293,304,0,1,51,1145,882,14522,563,0,9716,0x07
2026-09-06T17:15:16.358,307,0,2,52,482,0,8417,1250,0,18594,0x07
2026-09-06T17:15:16.358,304,0,1,51,1145,882,14522,563,0,9716,0x07
2026-09-06T17:15:16.422,311,0,2,50,482,0,8417,1250,0,18594,0x07
2026-09-06T17:15:16.422,310,0,1,50,0,0,20159,0,0,16959,0x07
2026-09-06T17:15:16.487,313,0,2,50,489,0,8505,1242,0,18498,0x07
2026-09-06T17:15:16.487,312,0,1,51,1940,569,25989,1753,0,24410,0x07
2026-09-06T17:15:16.552,315,0,2,51,481,0,8401,1251,0,18613,0x07
2026-09-06T17:15:16.552,314,0,1,51,2599,1098,32127,2605,0,34930,0x07
2026-09-06T17:15:16.618,317,0,2,52,474,0,8313,1259,0,18709,0x07
2026-09-06T17:15:16.618,316,0,1,50,3087,1440,36884,3299,0,40000,0x07
2026-09-06T17:15:16.698,319,0,2,51,467,0,8225,1266,0,18806,0x07
2026-09-06T17:15:16.698,318,0,1,51,3259,1686,38038,3500,0,40000,0x07
2026-09-06T17:15:16.764,321,0,2,51,453,0,8058,1280,0,18991,0x07
2026-09-06T17:15:16.764,320,0,1,51,3081,1882,34936,3500,0,40000,0x07
2026-09-06T17:15:16.828,323,0,2,50,453,0,8058,1280,0,18991,0x07
2026-09-06T17:15:16.828,322,0,1,50,2471,1980,26750,3152,0,40000,0x07
2026-09-06T17:15:16.893,325,0,2,51,448,0,7992,1286,0,19065,0x07
2026-09-06T17:15:16.893,324,0,1,51,1283,1961,11700,2176,0,29629,0x07
2026-09-06T17:15:16.958,327,0,2,51,441,0,7904,1293,0,19161,0x07
2026-09-06T17:15:16.958,326,0,1,50,259,1480,700,1481,0,21053,0x07
2026-09-06T17:15:17.023,329,0,2,50,439,0,7878,1295,0,19189,0x07
2026-09-06T17:15:17.023,328,0,1,51,0,0,4200,1659,20,23160,0x07
2026-09-06T17:15:17.088,331,0,2,52,433,0,7803,1301,0,19272,0x07
2026-09-06T17:15:17.088,330,0,1,51,0,0,32327,0,0,19792,0x07
2026-09-06T17:15:17.154,333,0,2,55,425,0,7716,1309,0,19368,0x07
2026-09-06T17:15:17.154,332,0,1,51,3374,627,40000,0,0,7344,0x07
2026-09-06T17:15:17.235,335,0,2,50,425,0,7716,1309,0,19368,0x07
2026-09-06T17:15:17.235,334,0,1,56,1139,625,15538,569,0,9789,0x07
2026-09-06T17:15:17.300,337,0,2,52,424,0,7703,1310,0,19381,0x07
2026-09-06T17:15:17.300,336,0,1,51,1139,765,14945,569,0,9789,0x07
2026-09-06T17:15:17.365,339,0,2,50,416,0,7603,1318,0,19492,0x07
2026-09-06T17:15:17.365,338,0,1,50,1151,760,15115,557,0,9643,0x07
2026-09-06T17:15:17.431,341,0,2,52,414,0,7573,1321,0,19524,0x07
2026-09-06T17:15:17.431,340,0,1,50,1117,740,14770,592,0,10071,0x07
2026-09-06T17:15:17.495,343,0,2,52,409,0,7515,0,0,17737,0x07
2026-09-06T17:15:17.495,342,0,1,50,1058,780,13857,652,0,10818,0x07
2026-09-06T17:15:17.561,344,0,1,51,1711,824,21978,1460,0,20785,0x07
2026-09-06T17:15:17.625,345,0,2,50,1687,0,23325,-1750,-160,24494,0x07
2026-09-06T17:15:17.625,344,0,1,50,2352,1080,29059,2263,0,30705,0x07
2026-09-06T17:15:17.690,345,0,2,51,1687,0,23325,-1750,-412,23424,0x07
2026-09-06T17:15:17.690,344,0,1,50,2352,1300,28124,2263,0,30705,0x07
2026-09-06T17:15:17.771,351,0,2,50,0,0,16155,0,0,17737,0x07
2026-09-06T17:15:17.771,350,0,1,51,0,0,30952,0,0,31098,0x07
2026-09-06T17:15:17.837,353,0,2,50,1687,180,22560,-1750,-780,21860,0x07
2026-09-06T17:15:17.837,352,0,1,51,3212,784,40000,3500,0,40000,0x07
2026-09-06T17:15:17.901,355,0,2,51,0,0,0,0,0,0,0x03
2026-09-06T17:15:17.901,354,0,1,51,2772,1608,32165,3402,0,40000,0x07
2026-09-06T17:15:17.967,357,0,2,51,0,0,3074,0,0,17029,0x07
2026-09-06T17:15:17.967,356,0,1,50,1719,1800,17940,2569,0,34480,0x07
2026-09-06T17:15:18.032,359,0,2,50,77,260,2295,1671,740,20984,0x07
2026-09-06T17:15:18.032,358,0,1,52,376,1058,3983,1360,0,19558,0x07
2026-09-06T17:15:18.097,361,0,2,51,94,353,2116,0,0,21951,0x07
2026-09-06T17:15:18.097,360,0,1,52,376,942,4474,1360,38,19395,0x07
2026-09-06T17:15:18.162,363,0,2,52,3374,154,40000,0,0,6674,0x07
2026-09-06T17:15:18.162,362,0,1,51,332,745,4748,1406,0,20124,0x07
2026-09-06T17:15:18.227,364,0,1,51,229,588,4113,1512,0,21433,0x07
2026-09-06T17:15:18.307,364,0,1,51,94,294,3635,1653,0,23170,0x07
2026-09-06T17:15:18.373,367,0,2,51,1199,745,14125,506,0,8805,0x07
2026-09-06T17:15:18.373,366,0,1,52,0,0,3805,1653,0,23170,0x07
2026-09-06T17:15:18.437,369,0,2,57,1154,807,13299,553,18,9356,0x07
2026-09-06T17:15:18.438,366,0,1,52,-13,-38,3699,1764,0,24544,0x07
2026-09-06T17:15:18.503,373,0,2,51,1154,804,13312,553,59,9181,0x07
2026-09-06T17:15:18.503,372,0,1,52,0,0,15523,1764,0,24544,0x07
2026-09-06T17:15:18.567,375,0,2,51,1091,804,12540,618,431,8444,0x07
2026-09-06T17:15:18.567,374,0,1,51,1394,549,19115,304,0,6519,0x07
2026-09-06T17:15:18.633,377,0,2,50,1373,800,16043,1026,380,14032,0x07
2026-09-06T17:15:18.633,376,0,1,51,1386,314,20007,313,0,6627,0x07
2026-09-06T17:15:18.698,379,0,2,51,2115,1098,23956,1996,1000,24157,0x07
2026-09-06T17:15:18.698,378,0,1,50,1389,300,20113,309,0,6580,0x07
2026-09-06T17:15:18.763,381,0,2,51,2793,1216,31838,2894,667,37389,0x07
2026-09-06T17:15:18.763,380,0,1,50,1392,660,18621,306,0,6541,0x07
2026-09-06T17:15:18.844,383,0,2,51,3182,1353,36073,3444,1471,40000,0x07
2026-09-06T17:15:18.844,382,0,1,51,1377,706,18233,321,0,6736,0x07
2026-09-06T17:15:18.893,385,0,2,52,2802,2058,28372,3386,2923,34273,0x07
2026-09-06T17:15:18.893,384,0,1,52,1334,769,17418,366,0,7288,0x07
2026-09-06T17:15:18.974,387,0,2,51,2802,2235,27618,3386,3078,33613,0x07
2026-09-06T17:15:18.974,386,0,1,51,1268,882,16094,435,0,8134,0x07
2026-09-06T17:15:19.039,389,0,2,50,2162,2360,19173,2847,2160,30431,0x07
2026-09-06T17:15:19.039,388,0,1,51,1214,882,15403,491,0,8826,0x07
2026-09-06T17:15:19.104,391,0,2,51,1223,1686,10414,2039,2176,19724,0x07
2026-09-06T17:15:19.104,390,0,1,50,1128,880,14321,580,0,9923,0x07
2026-09-06T17:15:19.169,393,0,2,51,365,1451,798,1372,2118,11198,0x07
2026-09-06T17:15:19.169,392,0,1,51,1059,765,13926,652,0,10814,0x07
2026-09-06T17:15:19.234,395,0,2,50,285,1400,34,1454,1680,14138,0x07
2026-09-06T17:15:19.234,394,0,1,50,1482,860,18910,1232,0,17973,0x07
2026-09-06T17:15:19.300,397,0,2,51,225,1020,899,1517,1627,15191,0x07
2026-09-06T17:15:19.300,396,0,1,51,2298,804,29541,2250,0,30550,0x07
2026-09-06T17:15:19.366,399,0,2,50,219,460,3202,1523,1480,15901,0x07
2026-09-06T17:15:19.366,398,0,1,53,3221,1340,39026,3475,0,40000,0x07
2026-09-06T17:15:19.431,401,0,2,51,229,333,3874,1512,1392,16127,0x07
2026-09-06T17:15:19.431,400,0,1,50,3221,1560,38089,3475,0,40000,0x07
2026-09-06T17:15:19.496,403,0,2,51,302,314,4859,1436,1373,15215,0x07
2026-09-06T17:15:19.496,402,0,1,50,3251,1840,37274,3500,0,40000,0x07
2026-09-06T17:15:19.578,405,0,2,50,378,400,5424,1358,1220,14837,0x07
2026-09-06T17:15:19.578,404,0,1,50,2071,2140,20974,2857,0,38036,0x07
2026-09-06T17:15:19.642,407,0,2,50,513,400,7101,1218,1240,12904,0x07
2026-09-06T17:15:19.642,406,0,1,50,2071,1980,21654,2857,0,38036,0x07
2026-09-06T17:15:19.707,409,0,2,51,603,490,7825,1125,1196,11867,0x07
2026-09-06T17:15:19.708,408,0,1,51,328,1941,5208,1410,0,20176,0x07
2026-09-06T17:15:19.773,411,0,2,51,801,333,10950,1112,1098,12119,0x07
2026-09-06T17:15:19.773,410,0,1,57,-13,-53,3629,1763,35,24386,0x07
2026-09-06T17:15:19.838,413,0,2,51,2007,431,25453,2197,1039,26633,0x07
2026-09-06T17:15:19.838,412,0,1,52,0,0,32327,0,0,20194,0x07
2026-09-06T17:15:19.903,415,0,2,50,2792,720,33937,2908,1220,35226,0x07
2026-09-06T17:15:19.903,414,0,1,51,3374,1000,40000,0,0,7370,0x07
2026-09-06T17:15:19.968,417,0,2,55,3374,1655,37166,3419,2382,37011,0x07
2026-09-06T17:15:19.968,416,0,1,50,1139,1300,12673,568,0,9786,0x07
2026-09-06T17:15:20.033,419,0,2,50,3374,2180,34932,3419,2820,35148,0x07
2026-09-06T17:15:20.033,418,0,1,50,1108,740,14658,601,0,10183,0x07
2026-09-06T17:15:20.114,421,0,2,50,3374,2340,34252,3396,2960,34250,0x07
2026-09-06T17:15:20.114,420,0,1,50,1133,720,15066,574,0,9859,0x07
2026-09-06T17:15:20.179,423,0,2,51,3374,2686,32781,0,0,2226,0x07
2026-09-06T17:15:20.179,422,0,1,52,1110,712,14809,598,0,10152,0x07
2026-09-06T17:15:20.245,425,0,2,51,1695,2157,14258,0,0,5558,0x07
2026-09-06T17:15:20.245,424,0,1,51,2161,863,27545,2415,0,32575,0x07
2026-09-06T17:15:20.310,427,0,2,51,1318,1824,11011,383,333,5767,0x07
2026-09-06T17:15:20.310,426,0,1,50,2839,1100,35171,2883,0,38352,0x07
2026-09-06T17:15:20.375,429,0,2,50,1132,1840,8638,576,780,6411,0x07
2026-09-06T17:15:20.375,428,0,1,51,3193,1392,38451,3495,0,40000,0x07
2026-09-06T17:15:20.441,431,0,2,50,1069,1260,10326,711,680,8613,0x07
2026-09-06T17:15:20.441,430,0,1,51,3157,1863,35990,3500,0,40000,0x07
2026-09-06T17:15:20.507,433,0,2,50,2140,1160,23997,2139,660,27490,0x07
2026-09-06T17:15:20.507,432,0,1,51,2625,2098,28208,3298,0,40000,0x07
2026-09-06T17:15:20.572,435,0,2,50,3032,1940,31720,3443,1660,40000,0x07
2026-09-06T17:15:20.572,434,0,1,51,1389,2039,12721,2302,0,31180,0x07
2026-09-06T17:15:20.637,437,0,2,57,2273,1579,23861,3076,2737,30990,0x07
2026-09-06T17:15:20.637,436,0,1,51,58,1020,92,1690,20,23553,0x07
2026-09-06T17:15:20.703,439,0,2,50,2273,1720,23261,3076,2420,32337,0x07
2026-09-06T17:15:20.703,438,0,1,51,0,0,4435,1690,20,23553,0x07
2026-09-06T17:15:20.784,441,0,2,51,1119,1922,8133,2020,1608,21887,0x07
2026-09-06T17:15:20.784,440,0,1,51,0,0,32327,0,0,19806,0x07
2026-09-06T17:15:20.849,443,0,2,50,339,1500,277,1398,1720,13232,0x07
2026-09-06T17:15:20.849,442,0,1,51,3374,373,40000,0,0,6313,0x07
2026-09-06T17:15:20.914,445,0,2,51,299,824,2650,1440,1529,14595,0x07
2026-09-06T17:15:20.914,444,0,1,50,1265,640,17082,438,0,8174,0x07
2026-09-06T17:15:21.174,447,0,2,50,235,880,1618,1506,1540,15425,0x07
2026-09-06T17:15:21.174,446,0,1,51,1138,725,15102,569,0,9798,0x07
2026-09-06T17:15:22.522,449,0,2,52,292,538,3770,1448,1327,15556,0x07
2026-09-06T17:15:22.522,448,0,1,51,1160,765,15215,547,0,9517,0x07
2026-09-06T17:15:22.587,451,0,2,58,363,0,6947,1373,34,20068,0x07
2026-09-06T17:15:22.587,450,0,1,54,1084,37,17345,625,0,10486,0x07
2026-09-06T17:15:22.847,453,0,2,51,0,0,0,0,0,0,0x03
2026-09-06T17:15:22.847,452,0,1,50,0,0,0,0,0,0,0x03
2026-09-06T17:15:27.538,455,0,2,52,0,0,28373,0,0,2291,0x07
2026-09-06T17:15:27.538,454,0,1,50,0,0,4145,0,0,24891,0x07
2026-09-06T17:15:27.604,457,0,2,51,0,0,17523,0,0,14875,0x07
2026-09-06T17:15:27.604,456,0,1,50,0,0,12845,0,0,16222,0x07
2026-09-06T17:15:27.669,459,0,2,50,0,0,0,0,0,0,0x03
2026-09-06T17:15:27.669,458,0,1,52,0,0,0,0,0,0,0x03
2026-09-06T17:15:27.734,461,0,2,50,0,0,8780,0,0,28758,0x07
2026-09-06T17:15:27.734,460,0,1,51,0,0,18009,0,0,16934,0x07
2026-09-06T17:15:27.815,463,0,2,51,779,59,11841,2988,373,39872,0x07
2026-09-06T17:15:27.815,462,0,1,50,1687,720,22119,-1750,0,24372,0x07
2026-09-06T17:15:27.880,465,0,2,54,1602,278,21096,2129,1463,23939,0x07
2026-09-06T17:15:27.880,464,0,1,51,1687,392,23512,-1750,0,24372,0x07
2026-09-06T17:15:27.945,467,0,2,51,1602,588,19777,2129,608,27574,0x07
2026-09-06T17:15:27.945,466,0,1,51,1687,843,21595,-1750,0,24372,0x07
2026-09-06T17:15:28.011,469,0,2,51,1475,824,17208,2044,863,25371,0x07
2026-09-06T17:15:28.011,468,0,1,50,1687,940,21184,-1750,0,24372,0x07
2026-09-06T17:15:28.076,471,0,2,50,1591,1220,16950,2096,1220,24539,0x07
2026-09-06T17:15:28.076,470,0,1,51,1687,1039,20762,-1750,0,24372,0x07
2026-09-06T17:15:28.142,473,0,2,51,1573,1392,16002,2104,1431,23746,0x07
2026-09-06T17:15:28.142,472,0,1,52,0,0,0,0,0,0,0x03
2026-09-06T17:15:28.207,475,0,2,51,1464,1392,14645,2029,1529,22350,0x07
2026-09-06T17:15:28.207,474,0,1,59,-88,-51,4600,1842,0,25503,0x07
2026-09-06T17:15:28.271,477,0,2,50,1196,1340,11560,1786,1580,18934,0x07
2026-09-06T17:15:28.271,476,0,1,50,0,0,4429,1842,0,25503,0x07
2026-09-06T17:15:28.337,479,0,2,50,1196,1360,11475,1786,1700,18424,0x07
2026-09-06T17:15:28.337,478,0,1,50,87,240,3779,1660,0,23257,0x07
2026-09-06T17:15:28.417,481,0,2,50,1096,1360,10231,1700,1720,17207,0x07
2026-09-06T17:15:28.417,480,0,1,52,12,115,3359,0,0,21322,0x07
2026-09-06T17:15:28.482,483,0,2,51,1039,1275,9884,1640,1627,16807,0x07
2026-09-06T17:15:28.482,482,0,1,57,1390,1018,17068,308,0,6575,0x07
2026-09-06T17:15:28.547,485,0,2,50,1308,1380,12776,1812,1680,18849,0x07
2026-09-06T17:15:28.547,484,0,1,50,1390,540,19097,308,0,6575,0x07
2026-09-06T17:15:28.613,487,0,2,51,1556,1451,15538,2028,1667,21747,0x07
2026-09-06T17:15:28.613,486,0,1,56,1402,750,18355,296,0,6424,0x07
2026-09-06T17:15:28.678,489,0,2,50,1224,1320,11987,1907,1840,19417,0x07
2026-09-06T17:15:28.678,488,0,1,54,1385,833,17791,313,0,6635,0x07
2026-09-06T17:15:28.743,491,0,2,50,1224,1340,11902,1907,1720,19927,0x07
2026-09-06T17:15:28.743,490,0,1,52,1385,904,17491,313,0,6635,0x07
2026-09-06T17:15:28.808,493,0,2,50,705,1380,5308,1445,1780,13598,0x07
2026-09-06T17:15:28.808,492,0,1,51,1316,941,16455,385,0,7517,0x07
2026-09-06T17:15:28.873,495,0,2,50,476,1000,4088,1256,1640,11712,0x07
2026-09-06T17:15:28.873,494,0,1,50,1238,960,15374,466,0,8523,0x07
2026-09-06T17:15:28.938,497,0,2,51,490,608,5930,1242,1451,12322,0x07
2026-09-06T17:15:28.939,496,0,1,55,1088,1018,13227,621,0,10434,0x07
2026-09-06T17:15:29.019,499,0,2,50,589,860,6081,1139,1440,11019,0x07
2026-09-06T17:15:29.019,498,0,1,51,1088,922,13637,0,0,3151,0x07
2026-09-06T17:15:29.084,501,0,2,51,2971,686,36301,2736,1235,32895,0x07
2026-09-06T17:15:29.084,500,0,1,51,1733,922,21842,0,0,6761,0x07
2026-09-06T17:15:29.150,503,0,2,51,3054,1706,32994,3224,2373,34481,0x07
2026-09-06T17:15:29.150,502,0,1,51,1212,902,15290,493,0,8857,0x07
2026-09-06T17:15:29.214,505,0,2,50,3312,1600,36630,3383,2060,37904,0x07
2026-09-06T17:15:29.214,504,0,1,51,1159,1000,14203,548,0,9530,0x07
2026-09-06T17:15:29.279,507,0,2,50,3374,2060,35442,3421,1900,39077,0x07
2026-09-06T17:15:29.279,506,0,1,50,1087,980,13372,623,0,10455,0x07
2026-09-06T17:15:29.344,509,0,2,50,3374,2600,33148,3376,2320,36712,0x07
2026-09-06T17:15:29.344,508,0,1,51,1749,843,22385,1540,0,21779,0x07
2026-09-06T17:15:29.409,511,0,2,50,3374,2800,32298,3421,2740,35516,0x07
2026-09-06T17:15:29.410,510,0,1,52,1749,942,21964,1540,0,21779,0x07
2026-09-06T17:15:29.475,513,0,2,50,3366,2920,31688,3459,2720,36103,0x07
2026-09-06T17:15:29.475,512,0,1,50,2476,1020,30895,2459,0,33129,0x07
2026-09-06T17:15:29.557,515,0,2,55,3250,3164,29220,3500,2945,35679,0x07
2026-09-06T17:15:29.557,514,0,1,51,3034,1216,37172,3238,0,40000,0x07
2026-09-06T17:15:29.622,517,0,2,50,3250,3180,29150,3500,3120,34937,0x07
2026-09-06T17:15:29.622,516,0,1,50,3261,1720,37913,3500,0,40000,0x07
2026-09-06T17:15:29.687,519,0,2,50,3125,3280,27181,3487,3160,34601,0x07
2026-09-06T17:15:29.687,518,0,1,50,3089,1960,34700,3500,0,40000,0x07
2026-09-06T17:15:29.753,521,0,2,50,2864,3200,24282,3325,3320,31789,0x07
2026-09-06T17:15:29.753,520,0,1,50,2445,1960,26508,3154,0,40000,0x07
2026-09-06T17:15:29.818,523,0,2,50,2464,3140,19594,3022,3280,27963,0x07
2026-09-06T17:15:29.818,522,0,1,50,1145,1940,10031,2079,0,28428,0x07
2026-09-06T17:15:29.882,525,0,2,50,1552,2860,9500,2332,3240,19062,0x07
2026-09-06T17:15:29.882,524,0,1,52,256,1423,904,1484,0,21091,0x07
2026-09-06T17:15:29.946,527,0,2,55,3192,1218,36775,-1562,-73,22388,0x07
2026-09-06T17:15:29.946,526,0,1,52,0,0,4449,1687,19,23508,0x07
2026-09-06T17:15:30.012,529,0,2,50,3192,2660,30647,0,0,4168,0x07
2026-09-06T17:15:30.012,528,0,1,50,0,0,32327,0,0,19075,0x07
2026-09-06T17:15:30.077,531,0,2,50,1469,1760,13144,226,80,4790,0x07
2026-09-06T17:15:30.077,530,0,1,52,3374,904,40000,0,0,7803,0x07
2026-09-06T17:15:30.158,533,0,2,51,1489,1059,16370,206,0,4859,0x07
2026-09-06T17:15:30.158,532,0,1,51,1087,686,14625,622,0,10446,0x07
2026-09-06T17:15:30.417,535,0,2,53,1351,774,15875,-357,0,6843,0x07
2026-09-06T17:15:30.417,534,0,1,51,1077,686,14496,632,0,10576,0x07
2026-09-06T17:15:31.553,537,0,2,50,0,0,23040,0,0,33322,0x07
2026-09-06T17:15:31.553,536,0,1,52,1076,788,14044,634,0,10593,0x07
2026-09-06T17:15:31.619,539,0,2,52,0,0,3962,0,0,11556,0x07
2026-09-06T17:15:31.619,538,0,1,51,0,0,18838,0,0,14834,0x07
2026-09-06T17:15:31.700,541,0,2,53,0,0,0,0,0,0,0x03
2026-09-06T17:15:31.700,540,0,1,53,0,0,0,0,0,0,0x03
2026-09-06T17:15:31.765,542,0,1,50,0,0,9460,0,0,22642,0x07
2026-09-06T17:15:31.830,545,0,2,50,1988,560,24664,1386,40,20220,0x07
2026-09-06T17:15:31.830,542,0,1,51,-680,-196,11516,2455,0,33077,0x07
2026-09-06T17:15:31.895,545,0,2,50,1296,380,16876,1884,420,25149,0x07
2026-09-06T17:15:31.895,542,0,1,50,-680,-260,11244,2455,0,33077,0x07
2026-09-06T17:15:31.960,549,0,2,50,1296,580,16026,1884,1720,19624,0x07
2026-09-06T17:15:31.960,548,0,1,51,0,0,8177,0,0,12494,0x07
2026-09-06T17:15:32.025,551,0,2,51,601,667,7049,1333,1529,13185,0x07
2026-09-06T17:15:32.025,550,0,1,51,529,39,10257,1202,0,17601,0x07
2026-09-06T17:15:32.090,553,0,2,55,340,18,6582,1397,564,18138,0x07
2026-09-06T17:15:32.090,552,0,1,50,586,100,10725,1142,0,16871,0x07
2026-09-06T17:15:32.155,555,0,2,52,340,0,6659,1397,962,16447,0x07
2026-09-06T17:15:32.155,554,0,1,50,897,80,14778,1377,0,19761,0x07
2026-09-06T17:15:32.236,557,0,2,51,365,0,6969,1371,1098,15525,0x07
2026-09-06T17:15:32.236,556,0,1,51,1356,196,20129,1801,0,25006,0x07
2026-09-06T17:15:32.285,559,0,2,50,384,0,7198,1352,740,16799,0x07
2026-09-06T17:15:32.285,558,0,1,51,1799,373,25017,2192,0,29832,0x07
2026-09-06T17:15:32.366,561,0,2,51,395,0,7340,1340,588,17282,0x07
2026-09-06T17:15:32.366,560,0,1,51,2023,765,26209,2432,0,32792,0x07
2026-09-06T17:15:32.431,563,0,2,50,405,0,7461,1330,160,18968,0x07
2026-09-06T17:15:32.431,562,0,1,52,2292,942,28878,2655,0,35540,0x07
2026-09-06T17:15:32.495,565,0,2,52,412,19,7468,1323,19,19471,0x07
2026-09-06T17:15:32.495,564,0,1,50,2172,1200,26259,2647,0,35439,0x07
2026-09-06T17:15:32.561,567,0,2,51,412,0,7550,1323,0,19552,0x07
2026-09-06T17:15:32.561,566,0,1,51,1806,1333,21024,2399,0,32377,0x07
2026-09-06T17:15:32.625,569,0,2,51,391,0,7290,1344,0,19837,0x07
2026-09-06T17:15:32.625,568,0,1,51,1233,1373,13565,1938,0,26687,0x07
2026-09-06T17:15:32.690,571,0,2,51,411,0,7540,1323,0,19561,0x07
2026-09-06T17:15:32.690,570,0,1,51,412,1235,3682,1323,0,19100,0x07
2026-09-06T17:15:32.771,572,0,1,50,289,780,4053,1450,0,20673,0x07
2026-09-06T17:15:32.836,573,0,2,51,414,0,7570,1321,0,19529,0x07
2026-09-06T17:15:32.836,572,0,1,52,174,577,3460,1569,0,22142,0x07
2026-09-06T17:15:33.094,573,0,2,52,414,0,7570,1321,0,19529,0x07
2026-09-06T17:15:33.094,572,0,1,50,174,380,4297,1569,0,22142,0x07
2026-09-06T17:15:35.914,579,0,2,51,0,0,28674,0,0,16387,0x07
2026-09-06T17:15:35.914,578,0,1,57,50,0,4331,1698,0,23727,0x07
2026-09-06T17:15:35.979,581,0,2,50,0,0,13645,0,0,5010,0x07
2026-09-06T17:15:35.979,580,0,1,56,3374,0,40000,-2365,0,31958,0x07
2026-09-06T17:15:36.044,583,0,2,50,0,0,0,0,0,0,0x03
2026-09-06T17:15:36.044,582,0,1,51,0,0,0,0,0,0,0x03
2026-09-06T17:15:36.109,585,0,2,51,0,0,16155,0,0,17737,0x07
2026-09-06T17:15:36.109,584,0,1,51,0,0,0,0,0,0,0x03
2026-09-06T17:15:36.175,587,0,2,51,-1687,-686,20408,1750,471,23174,0x07
2026-09-06T17:15:36.175,586,0,1,56,0,0,0,0,0,0,0x03
2026-09-06T17:15:36.240,589,0,2,52,-1687,-962,19238,1750,1558,18554,0x07
2026-09-06T17:15:36.240,588,0,1,51,0,0,0,0,0,0,0x03
2026-09-06T17:15:36.305,591,0,2,51,-1687,-647,20575,1750,373,23591,0x07
2026-09-06T17:15:36.305,590,0,1,51,0,0,0,0,0,0,0x03
2026-09-06T17:15:36.386,593,0,2,50,-1687,-940,19330,1750,340,23730,0x07
2026-09-06T17:15:36.386,592,0,1,52,0,0,0,0,0,0,0x03
2026-09-06T17:15:36.451,595,0,2,51,-1687,-1020,18991,1750,569,22758,0x07
2026-09-06T17:15:36.451,594,0,1,51,0,0,0,0,0,0,0x03
2026-09-06T17:15:36.516,597,0,2,51,0,0,0,0,0,0,0x03
2026-09-06T17:15:36.516,596,0,1,50,0,0,10760,0,0,9939,0x07
2026-09-06T17:15:36.582,599,0,2,51,0,0,0,0,0,0,0x03
2026-09-06T17:15:36.582,598,0,1,50,833,0,14300,886,0,13704,0x07
2026-09-06T17:15:36.647,601,0,2,50,0,0,10578,0,0,26980,0x07
2026-09-06T17:15:36.647,600,0,1,52,0,0,0,0,0,0,0x03
2026-09-06T17:15:36.712,603,0,2,52,3353,96,40000,2904,2115,31365,0x07
2026-09-06T17:15:36.712,602,0,1,52,0,0,0,0,0,0,0x03
2026-09-06T17:15:36.777,605,0,2,51,3353,1784,36356,2904,1745,32939,0x07
2026-09-06T17:15:36.777,604,0,1,52,0,0,0,0,0,0,0x03
2026-09-06T17:15:36.843,607,0,2,51,3374,2176,34948,3135,1902,35316,0x07
2026-09-06T17:15:36.843,606,0,1,52,0,0,0,0,0,0,0x03
2026-09-06T17:15:36.908,609,0,2,51,3083,1608,33770,2582,2020,27536,0x07
2026-09-06T17:15:36.908,608,0,1,50,0,0,0,0,0,0,0x03
2026-09-06T17:15:36.973,611,0,2,56,2944,1982,30456,3212,1518,37957,0x07
2026-09-06T17:15:36.973,610,0,1,50,0,0,14712,0,0,6030,0x07
2026-09-06T17:15:37.054,613,0,2,50,2944,2160,29700,3212,2100,35483,0x07
2026-09-06T17:15:37.054,612,0,1,51,0,0,0,0,0,0,0x03
2026-09-06T17:15:37.120,615,0,2,50,1796,2300,14893,696,2540,516,0x07
2026-09-06T17:15:37.120,614,0,1,51,0,0,0,0,0,0,0x03
2026-09-06T17:15:37.184,617,0,2,51,1484,1725,13475,971,647,12170,0x07
2026-09-06T17:15:37.184,616,0,1,50,0,0,14638,0,0,6103,0x07
2026-09-06T17:15:37.249,619,0,2,51,2903,1627,31450,3500,1490,40000,0x07
2026-09-06T17:15:37.249,618,0,1,50,0,0,0,0,0,0,0x03
2026-09-06T17:15:37.314,620,0,1,51,0,0,0,0,0,0,0x03
2026-09-06T17:15:37.380,621,0,2,50,2570,2700,22771,1831,2920,13833,0x07
2026-09-06T17:15:37.380,620,0,1,50,0,0,0,0,0,0,0x03
2026-09-06T17:15:37.445,621,0,2,52,2662,2173,26158,2574,1827,28244,0x07
2026-09-06T17:15:37.445,620,0,1,50,0,0,0,0,0,0,0x03
2026-09-06T17:15:37.510,627,0,2,51,0,0,29055,0,0,32808,0x07
2026-09-06T17:15:37.510,626,0,1,52,0,0,0,0,0,0,0x03
2026-09-06T17:15:37.592,629,0,2,51,3275,882,39224,3442,490,40000,0x07
2026-09-06T17:15:37.592,628,0,1,51,0,0,15102,0,0,5644,0x07
2026-09-06T17:15:37.656,631,0,2,51,2074,2078,19284,3228,2569,33708,0x07
2026-09-06T17:15:37.656,630,0,1,51,1345,0,20816,0,0,16934,0x07
2026-09-06T17:15:37.721,633,0,2,50,1846,2140,16196,2492,2440,24571,0x07
2026-09-06T17:15:37.721,632,0,1,51,0,0,0,0,0,0,0x03
2026-09-06T17:15:37.787,635,0,2,53,3006,3151,26247,3427,2585,36249,0x07
2026-09-06T17:15:37.787,634,0,1,50,0,0,0,0,0,0,0x03
2026-09-06T17:15:37.852,637,0,2,51,3006,2745,27972,3427,2745,35568,0x07
2026-09-06T17:15:37.852,636,0,1,50,1687,0,25179,-1750,0,24372,0x07
2026-09-06T17:15:37.916,639,0,2,50,95,2720,29858,1652,2920,11471,0x07
2026-09-06T17:15:37.917,638,0,1,51,0,0,0,0,0,0,0x03
2026-09-06T17:15:37.982,641,0,2,51,3374,1922,36031,2909,2235,30921,0x07
2026-09-06T17:15:37.982,640,0,1,50,0,0,0,0,0,0,0x03
2026-09-06T17:15:38.047,643,0,2,50,0,0,2836,3365,3380,32051,0x07
2026-09-06T17:15:38.047,642,0,1,51,0,0,0,0,0,0,0x03
2026-09-06T17:15:38.127,645,0,2,50,0,0,6007,1799,2760,14089,0x07
2026-09-06T17:15:38.128,644,0,1,56,1278,0,19965,425,0,8009,0x07
2026-09-06T17:15:38.193,647,0,2,50,438,680,4977,1296,2300,9427,0x07
2026-09-06T17:15:38.193,646,0,1,50,1278,0,19965,425,0,8009,0x07
2026-09-06T17:15:38.258,649,0,2,51,411,1000,3290,1323,1412,13561,0x07
2026-09-06T17:15:38.258,648,0,1,51,0,0,0,0,0,0,0x03
2026-09-06T17:15:38.322,651,0,2,50,3374,860,40000,2820,1860,31341,0x07
2026-09-06T17:15:38.322,650,0,1,51,0,0,0,0,0,0,0x03
2026-09-06T17:15:38.388,653,0,2,50,0,0,5226,3475,2540,37071,0x07
2026-09-06T17:15:38.388,652,0,1,52,0,0,14721,0,0,6021,0x07
2026-09-06T17:15:38.453,655,0,2,57,3374,35,40000,2208,1719,23895,0x07
2026-09-06T17:15:38.453,654,0,1,50,0,0,0,0,0,0,0x03
2026-09-06T17:15:38.518,657,0,2,51,3374,2627,33031,2208,1549,24618,0x07
2026-09-06T17:15:38.518,656,0,1,51,0,0,0,0,0,0,0x03
2026-09-06T17:15:38.584,659,0,2,50,3025,2380,29766,2689,1920,29364,0x07
2026-09-06T17:15:38.584,658,0,1,52,0,0,0,0,0,0,0x03
2026-09-06T17:15:38.649,661,0,2,51,2758,1765,29079,2421,1647,26997,0x07
2026-09-06T17:15:38.649,660,0,1,50,0,0,0,0,0,0,0x03
2026-09-06T17:15:38.714,663,0,2,52,2417,2096,23447,1963,1731,20618,0x07
2026-09-06T17:15:38.714,662,0,1,52,0,0,0,0,0,0,0x03
2026-09-06T17:15:38.796,665,0,2,50,1985,2180,17746,1428,1820,13199,0x07
2026-09-06T17:15:38.796,664,0,1,57,2293,0,32901,3212,0,40000,0x07
2026-09-06T17:15:38.861,667,0,2,51,1751,2235,14622,1237,1647,11419,0x07
2026-09-06T17:15:38.861,666,0,1,51,0,0,0,0,0,0,0x03
2026-09-06T17:15:38.927,669,0,2,50,1777,1900,16365,1350,1500,13536,0x07
2026-09-06T17:15:38.927,668,0,1,52,0,0,0,0,0,0,0x03
2026-09-06T17:15:38.992,671,0,2,50,1848,1960,16987,1439,1500,14705,0x07
2026-09-06T17:15:38.992,670,0,1,50,0,0,27879,0,0,24333,0x07
2026-09-06T17:15:39.057,673,0,2,51,1983,1824,19240,1628,1451,17405,0x07
2026-09-06T17:15:39.058,672,0,1,51,2850,118,39492,2664,0,35656,0x07
2026-09-06T17:15:39.123,675,0,2,50,2155,1940,20874,1850,1540,19951,0x07
2026-09-06T17:15:39.123,674,0,1,52,0,0,0,0,0,0,0x03
2026-09-06T17:15:39.188,677,0,2,50,2331,1880,23309,2071,1560,22767,0x07
2026-09-06T17:15:39.188,676,0,1,50,1687,0,25179,-1750,0,24372,0x07
2026-09-06T17:15:39.253,679,0,2,50,1435,1960,11872,725,1560,5062,0x07
2026-09-06T17:15:39.253,678,0,1,52,0,0,0,0,0,0,0x03
2026-09-06T17:15:39.318,681,0,2,56,1090,1268,10556,155,286,2977,0x07
2026-09-06T17:15:39.318,680,0,1,50,0,0,18009,0,0,16934,0x07
2026-09-06T17:15:39.399,683,0,2,52,1090,1096,11286,155,596,1657,0x07
2026-09-06T17:15:39.399,682,0,1,52,0,0,0,0,0,0,0x03
2026-09-06T17:15:39.464,685,0,2,51,0,0,15944,145,549,1729,0x07
2026-09-06T17:15:39.464,684,0,1,52,0,0,0,0,0,0,0x03
2026-09-06T17:15:39.530,687,0,2,50,0,0,4108,3473,2280,38152,0x07
2026-09-06T17:15:39.530,686,0,1,50,0,0,0,0,0,0,0x03
2026-09-06T17:15:39.595,689,0,2,51,204,196,4141,1539,1510,15981,0x07
2026-09-06T17:15:39.595,688,0,1,53,2830,0,39734,2610,0,34991,0x07
2026-09-06T17:15:39.661,691,0,2,51,178,235,3656,1565,824,19242,0x07
2026-09-06T17:15:39.661,690,0,1,50,0,0,0,0,0,0,0x03
2026-09-06T17:15:39.921,693,0,2,53,-269,0,5783,1081,811,12927,0x07
2026-09-06T17:15:39.921,692,0,1,51,0,0,27751,0,0,24200,0x07
2026-09-06T17:15:42.274,695,0,2,52,-269,-288,4557,1081,327,14985,0x07
2026-09-06T17:15:42.274,694,0,1,50,0,0,0,0,0,0,0x03
2026-09-06T17:15:42.339,697,0,2,51,0,0,28543,0,0,28893,0x07
2026-09-06T17:15:42.339,696,0,1,52,0,0,0,0,0,0,0x03
2026-09-06T17:15:42.404,699,0,2,51,0,0,0,0,0,0,0x03
2026-09-06T17:15:42.404,698,0,1,50,0,0,0,0,0,0,0x03
2026-09-06T17:15:42.470,701,0,2,50,1242,20,17730,462,0,8230,0x07
2026-09-06T17:15:42.470,700,0,1,51,0,0,0,0,0,0,0x03
2026-09-06T17:15:42.534,703,0,2,50,0,0,0,0,0,0,0x03
2026-09-06T17:15:42.534,702,0,1,50,0,0,28289,0,0,25123,0x07
2026-09-06T17:15:42.599,705,0,2,51,0,0,15857,0,0,2491,0x07
2026-09-06T17:15:42.599,704,0,1,51,2898,471,38607,2762,0,36861,0x07
2026-09-06T17:15:42.680,707,0,2,51,1650,235,21870,38,20,2570,0x07
2026-09-06T17:15:42.680,706,0,1,51,0,0,0,0,0,0,0x03
2026-09-06T17:15:42.745,709,0,2,54,1641,648,19998,48,167,2073,0x07
2026-09-06T17:15:42.745,708,0,1,50,0,0,29469,0,0,26885,0x07
2026-09-06T17:15:42.809,711,0,2,50,1641,820,19267,48,0,2782,0x07
2026-09-06T17:15:42.809,710,0,1,51,0,0,0,0,0,0,0x03
2026-09-06T17:15:42.875,713,0,2,51,1196,1020,12921,509,0,8847,0x07
2026-09-06T17:15:42.875,712,0,1,52,0,0,30104,0,0,27489,0x07
2026-09-06T17:15:42.940,715,0,2,50,1585,1020,17724,106,120,3037,0x07
2026-09-06T17:15:42.940,714,0,1,50,0,0,0,0,0,0,0x03
2026-09-06T17:15:43.005,716,0,1,52,0,0,0,0,0,0,0x03
2026-09-06T17:15:43.069,719,0,2,50,1177,1040,12594,529,60,8859,0x07
2026-09-06T17:15:43.069,716,0,1,50,0,0,0,0,0,0,0x03
2026-09-06T17:15:43.134,719,0,2,52,1330,1135,14086,370,0,7023,0x07
2026-09-06T17:15:43.134,716,0,1,51,0,0,0,0,0,0,0x03
2026-09-06T17:15:43.215,723,0,2,50,1330,1100,14233,370,0,7023,0x07
2026-09-06T17:15:43.215,722,0,1,52,0,0,0,0,0,0,0x03
2026-09-06T17:15:43.280,725,0,2,50,1711,1140,18780,1879,0,26873,0x07
2026-09-06T17:15:43.280,724,0,1,50,0,0,0,0,0,0,0x03
2026-09-06T17:15:43.345,727,0,2,50,2670,1320,29876,2761,1900,30403,0x07
2026-09-06T17:15:43.345,726,0,1,50,3328,0,40000,3450,0,40000,0x07
2026-09-06T17:15:43.410,729,0,2,50,2778,1500,30455,2543,2080,26768,0x07
2026-09-06T17:15:43.410,728,0,1,56,3361,589,40000,3453,0,40000,0x07
2026-09-06T17:15:43.475,731,0,2,51,3145,1647,34364,3468,1863,39862,0x07
2026-09-06T17:15:43.475,730,0,1,51,3361,725,40000,3453,0,40000,0x07
2026-09-06T17:15:43.540,733,0,2,56,1597,2268,12568,2718,2321,28049,0x07
2026-09-06T17:15:43.540,732,0,1,51,0,0,0,0,0,0,0x03
2026-09-06T17:15:43.604,735,0,2,50,1597,1840,14386,2718,2400,27715,0x07
2026-09-06T17:15:43.604,734,0,1,51,0,0,0,0,0,0,0x03
2026-09-06T17:15:43.670,737,0,2,50,597,1680,2700,1511,2060,13279,0x07
2026-09-06T17:15:43.670,736,0,1,50,0,0,18009,0,0,16934,0x07
2026-09-06T17:15:43.751,739,0,2,50,1014,1500,8618,1548,1720,15208,0x07
2026-09-06T17:15:43.751,738,0,1,52,1687,96,24770,-1750,0,24372,0x07
2026-09-06T17:15:43.815,741,0,2,50,1444,1260,14964,1891,1440,20914,0x07
2026-09-06T17:15:43.815,740,0,1,50,1687,0,25179,-1750,0,24372,0x07
2026-09-06T17:15:43.881,743,0,2,51,405,863,3794,1330,1255,14315,0x07
2026-09-06T17:15:43.881,742,0,1,52,1687,0,25179,-1750,0,24372,0x07
2026-09-06T17:15:43.946,745,0,2,54,398,389,5721,1337,981,15574,0x07
2026-09-06T17:15:43.946,744,0,1,50,1687,0,25179,0,0,30007,0x07
2026-09-06T17:15:44.012,747,0,2,51,398,314,6040,1337,1039,15329,0x07
2026-09-06T17:15:44.012,746,0,1,50,3374,20,40000,0,0,16934,0x07
2026-09-06T17:15:44.076,749,0,2,50,449,440,6134,1284,880,15310,0x07
2026-09-06T17:15:44.076,748,0,1,52,1687,0,25179,0,0,30676,0x07
2026-09-06T17:15:44.142,751,0,2,51,522,608,6330,1208,804,14630,0x07
2026-09-06T17:15:44.142,750,0,1,51,3355,0,40000,3448,0,40000,0x07
2026-09-06T17:15:44.207,753,0,2,51,608,647,7228,1119,882,13126,0x07
2026-09-06T17:15:44.207,752,0,1,52,3371,0,40000,3437,0,40000,0x07
2026-09-06T17:15:44.272,755,0,2,50,1024,480,13085,1443,900,17306,0x07
2026-09-06T17:15:44.273,754,0,1,51,0,0,0,0,0,0,0x03
2026-09-06T17:15:44.353,757,0,2,50,1519,600,18697,1932,980,23408,0x07
2026-09-06T17:15:44.353,756,0,1,50,0,0,27599,0,0,31098,0x07
2026-09-06T17:15:44.418,759,0,2,54,2374,1130,27023,2691,1204,32436,0x07
2026-09-06T17:15:44.418,758,0,1,51,2817,39,39404,3500,0,40000,0x07
2026-09-06T17:15:44.483,761,0,2,50,2374,1380,25959,2691,1520,31092,0x07
2026-09-06T17:15:44.483,760,0,1,50,3374,0,40000,3152,0,40000,0x07
2026-09-06T17:15:44.549,763,0,2,51,2626,1549,28359,2926,1706,33396,0x07
2026-09-06T17:15:44.549,762,0,1,50,2760,0,38844,3500,0,40000,0x07
2026-09-06T17:15:44.614,765,0,2,55,2778,2164,27634,3100,2182,33662,0x07
2026-09-06T17:15:44.614,764,0,1,51,2969,0,40000,3292,0,40000,0x07
2026-09-06T17:15:44.680,767,0,2,51,2778,2137,27746,3100,2510,32268,0x07
2026-09-06T17:15:44.680,766,0,1,53,3344,0,40000,3355,0,40000,0x07
2026-09-06T17:15:44.744,769,0,2,51,2739,2392,26171,3108,2569,32119,0x07
2026-09-06T17:15:44.744,768,0,1,51,3344,0,40000,3355,0,40000,0x07
2026-09-06T17:15:44.810,771,0,2,50,2542,2360,23873,2999,2660,30303,0x07
2026-09-06T17:15:44.810,770,0,1,50,3339,0,40000,3350,0,40000,0x07
2026-09-06T17:15:44.891,773,0,2,59,2288,2576,19815,2771,2915,26221,0x07
2026-09-06T17:15:44.891,772,0,1,51,2597,0,36774,3500,0,40000,0x07
2026-09-06T17:15:44.956,775,0,2,51,2288,2431,20431,2771,2941,26111,0x07
2026-09-06T17:15:44.956,774,0,1,51,3374,0,40000,3052,0,40000,0x07
2026-09-06T17:15:45.020,777,0,2,50,2120,2480,18145,2630,2860,24601,0x07
2026-09-06T17:15:45.020,776,0,1,50,2548,0,36142,3489,0,40000,0x07
2026-09-06T17:15:45.085,779,0,2,50,2028,2200,18199,2531,2800,23547,0x07
2026-09-06T17:15:45.085,778,0,1,53,3374,472,40000,3035,0,40000,0x07
2026-09-06T17:15:45.151,781,0,2,50,2031,2240,18058,2507,2760,23404,0x07
2026-09-06T17:15:45.151,780,0,1,51,3374,941,40000,3035,20,40000,0x07
2026-09-06T17:15:45.217,782,0,1,50,2463,1300,29538,3450,0,40000,0x07
2026-09-06T17:15:45.281,785,0,2,51,2311,2275,21372,2693,2843,25500,0x07
2026-09-06T17:15:45.281,782,0,1,51,3374,1510,40000,3034,0,40000,0x07
2026-09-06T17:15:45.347,785,0,2,50,2486,2220,23775,2840,2640,28293,0x07
2026-09-06T17:15:45.347,782,0,1,53,3374,1811,38968,3034,0,40000,0x07
2026-09-06T17:15:45.412,789,0,2,50,2486,2320,23350,2840,2800,27613,0x07
2026-09-06T17:15:45.412,788,0,1,51,0,0,28678,0,0,26605,0x07
2026-09-06T17:15:45.478,791,0,2,50,2960,2280,29382,3195,2720,32626,0x07
2026-09-06T17:15:45.478,790,0,1,50,0,0,5093,2945,0,39121,0x07
2026-09-06T17:15:45.736,793,0,2,51,2100,2294,18680,2804,2902,26705,0x07
2026-09-06T17:15:45.736,792,0,1,52,-165,-423,3998,1922,0,26488,0x07
2026-09-06T17:15:47.829,795,0,2,50,697,2280,1382,1662,2820,12030,0x07
2026-09-06T17:15:47.829,794,0,1,59,3374,34,40000,-2181,0,29690,0x07
2026-09-06T17:15:47.894,797,0,2,50,0,0,6481,0,0,13173,0x07
2026-09-06T17:15:47.894,796,0,1,52,1145,77,17953,562,0,9703,0x07
2026-09-06T17:15:47.960,799,0,2,50,0,0,0,0,0,0,0x03
2026-09-06T17:15:47.960,798,0,1,50,0,0,0,0,0,0,0x03
2026-09-06T17:15:48.025,801,0,2,52,0,0,24849,0,0,18664,0x07
2026-09-06T17:15:48.025,800,0,1,52,0,0,23896,0,0,31098,0x07
2026-09-06T17:15:48.091,803,0,2,50,2757,1120,31807,-1851,-200,25681,0x07
2026-09-06T17:15:48.091,802,0,1,50,2381,360,32484,3500,0,40000,0x07
2026-09-06T17:15:48.172,805,0,2,51,878,1000,9068,0,0,33369,0x07
2026-09-06T17:15:48.172,804,0,1,50,1660,760,21600,2827,0,37661,0x07
2026-09-06T17:15:48.237,807,0,2,53,1831,849,21494,2581,2509,25476,0x07
2026-09-06T17:15:48.237,806,0,1,50,1660,1000,20580,2827,0,37661,0x07
2026-09-06T17:15:48.302,809,0,2,51,1831,843,21519,2581,2118,27141,0x07
2026-09-06T17:15:48.302,808,0,1,50,1988,1260,23657,2489,0,33496,0x07
2026-09-06T17:15:48.368,811,0,2,51,1037,1000,11030,1830,1608,19416,0x07
2026-09-06T17:15:48.368,810,0,1,50,1988,1320,23402,2489,0,33496,0x07
2026-09-06T17:15:48.432,813,0,2,50,333,680,3687,1404,980,16481,0x07
2026-09-06T17:15:48.432,812,0,1,51,409,1235,3652,1325,0,19130,0x07
2026-09-06T17:15:48.498,815,0,2,50,274,320,4477,1466,1100,16787,0x07
2026-09-06T17:15:48.498,814,0,1,51,409,1235,3652,1325,0,19130,0x07
2026-09-06T17:15:48.564,817,0,2,51,142,745,1046,1602,1137,18421,0x07
2026-09-06T17:15:48.564,816,0,1,50,294,780,4114,1446,0,20612,0x07
2026-09-06T17:15:48.628,819,0,2,55,546,309,7897,415,1345,1902,0x07
2026-09-06T17:15:48.629,818,0,1,50,169,700,2864,1575,0,22215,0x07
2026-09-06T17:15:48.709,821,0,2,51,546,608,6627,415,725,4537,0x07
2026-09-06T17:15:48.709,820,0,1,52,638,500,9692,1088,0,16201,0x07
2026-09-06T17:15:48.758,823,0,2,52,101,654,916,1073,308,14973,0x07
2026-09-06T17:15:48.758,822,0,1,54,195,648,3415,1548,0,21878,0x07
2026-09-06T17:15:48.840,825,0,2,56,515,143,8212,1034,1375,9921,0x07
2026-09-06T17:15:48.840,824,0,1,50,171,200,5022,1572,0,22176,0x07
2026-09-06T17:15:48.905,827,0,2,56,515,143,8212,1034,1375,9921,0x07
2026-09-06T17:15:48.905,826,0,1,50,131,280,4163,1615,0,22699,0x07
2026-09-06T17:15:48.970,829,0,2,50,872,440,11368,1279,1200,13901,0x07
2026-09-06T17:15:48.970,828,0,1,52,146,154,4893,0,0,20166,0x07
2026-09-06T17:15:49.035,831,0,2,50,1805,380,23167,2079,1140,24687,0x07
2026-09-06T17:15:49.035,830,0,1,51,3374,137,40000,0,0,5219,0x07
2026-09-06T17:15:49.101,833,0,2,51,2492,1020,28947,2683,1431,31408,0x07
2026-09-06T17:15:49.101,832,0,1,51,1395,1078,16877,303,0,6506,0x07
2026-09-06T17:15:49.166,835,0,2,51,688,1392,5052,1721,1627,17895,0x07
2026-09-06T17:15:49.166,834,0,1,51,1245,667,16719,458,20,8341,0x07
2026-09-06T17:15:49.230,837,0,2,51,1632,980,18477,2000,1549,21912,0x07
2026-09-06T17:15:49.230,836,0,1,50,1351,780,17587,348,0,7068,0x07
2026-09-06T17:15:49.295,839,0,2,50,1895,2140,16798,2383,1780,25971,0x07
2026-09-06T17:15:49.295,838,0,1,50,1357,780,17664,342,0,6995,0x07
2026-09-06T17:15:49.361,841,0,2,50,1895,1580,19178,2383,1820,25801,0x07
2026-09-06T17:15:49.361,840,0,1,50,1332,900,16832,368,0,7314,0x07
2026-09-06T17:15:49.442,843,0,2,50,1635,1660,15631,2217,1900,23268,0x07
2026-09-06T17:15:49.442,842,0,1,55,1215,945,15152,490,0,8813,0x07
2026-09-06T17:15:49.507,845,0,2,51,1301,1667,11469,1941,2118,18711,0x07
2026-09-06T17:15:49.507,844,0,1,51,1215,922,15253,490,0,8813,0x07
2026-09-06T17:15:49.572,847,0,2,50,733,1000,7274,1477,1780,14044,0x07
2026-09-06T17:15:49.572,846,0,1,52,1132,962,14027,575,0,9871,0x07
2026-09-06T17:15:49.637,849,0,2,51,495,804,5159,1237,1784,10855,0x07
2026-09-06T17:15:49.637,848,0,1,51,1063,922,13316,647,0,10757,0x07
2026-09-06T17:15:49.702,851,0,2,54,528,815,5518,1203,1407,12010,0x07
2026-09-06T17:15:49.702,850,0,1,51,1361,902,17193,1033,0,15523,0x07
2026-09-06T17:15:49.767,853,0,2,51,528,706,5981,1203,1412,11991,0x07
2026-09-06T17:15:49.767,852,0,1,50,2043,980,25543,1877,0,25939,0x07
2026-09-06T17:15:49.832,855,0,2,51,542,608,6569,1188,1333,12134,0x07
2026-09-06T17:15:49.832,854,0,1,53,3138,1019,39336,3336,75,40000,0x07
2026-09-06T17:15:49.898,857,0,2,51,565,608,6861,1164,1235,12229,0x07
2026-09-06T17:15:49.898,856,0,1,50,3138,1240,38397,3336,140,40000,0x07
2026-09-06T17:15:49.979,859,0,2,57,1470,930,16689,1898,1281,21701,0x07
2026-09-06T17:15:49.979,858,0,1,50,3255,1560,38524,3500,20,40000,0x07
2026-09-06T17:15:50.045,861,0,2,51,1470,1255,15307,1898,1275,21728,0x07
2026-09-06T17:15:50.045,860,0,1,51,2656,1941,29271,3250,0,40000,0x07
2026-09-06T17:15:50.110,863,0,2,50,1815,880,21167,2226,1380,25607,0x07
2026-09-06T17:15:50.110,862,0,1,50,2656,2020,28936,3250,0,40000,0x07
2026-09-06T17:15:50.175,865,0,2,51,2290,1216,25619,2603,1765,28936,0x07
2026-09-06T17:15:50.175,864,0,1,50,1651,2080,15878,2470,0,33263,0x07
2026-09-06T17:15:50.240,867,0,2,50,2608,1540,28180,2894,1840,32442,0x07
2026-09-06T17:15:50.240,866,0,1,57,23,1053,0,1726,0,24077,0x07
2026-09-06T17:15:50.305,869,0,2,51,2860,1824,30094,3108,2039,34411,0x07
2026-09-06T17:15:50.305,868,0,1,50,0,0,4790,1726,40,23907,0x07
2026-09-06T17:15:50.369,871,0,2,57,3215,2333,32319,3382,2333,36770,0x07
2026-09-06T17:15:50.370,870,0,1,52,0,0,32327,0,0,19033,0x07
2026-09-06T17:15:50.434,873,0,2,51,3215,2588,31236,3382,2588,35686,0x07
2026-09-06T17:15:50.434,872,0,1,54,1021,1259,11342,691,0,11297,0x07
2026-09-06T17:15:50.515,875,0,2,52,2868,2654,26661,3324,2865,33743,0x07
2026-09-06T17:15:50.515,874,0,1,55,1023,564,14325,689,0,11271,0x07
2026-09-06T17:15:50.564,877,0,2,51,0,0,3021,1573,2863,10697,0x07
2026-09-06T17:15:50.564,876,0,1,50,1023,720,13661,689,0,11271,0x07
2026-09-06T17:15:50.646,879,0,2,51,0,0,2482,1823,1824,18408,0x07
2026-09-06T17:15:50.646,878,0,1,50,1100,700,14721,664,0,10969,0x07
2026-09-06T17:15:50.711,881,0,2,50,4,560,118,0,0,21898,0x07
2026-09-06T17:15:50.711,880,0,1,52,1585,692,20942,1247,0,18163,0x07
2026-09-06T17:15:50.776,883,0,2,51,3374,333,40000,0,0,5512,0x07
2026-09-06T17:15:50.777,882,0,1,51,2122,922,26801,1934,0,26639,0x07
2026-09-06T17:15:50.842,885,0,2,50,1324,1520,12377,377,820,3628,0x07
2026-09-06T17:15:50.842,884,0,1,51,2648,1118,32664,2622,0,35128,0x07
2026-09-06T17:15:50.906,887,0,2,51,1444,1216,15148,253,725,2399,0x07
2026-09-06T17:15:50.906,886,0,1,55,3279,1582,38736,3500,0,40000,0x07
2026-09-06T17:15:50.971,889,0,2,51,1524,1078,16725,169,471,2380,0x07
2026-09-06T17:15:50.971,888,0,1,60,3279,1833,37667,3500,0,40000,0x07
2026-09-06T17:15:51.036,891,0,2,51,1428,1157,15206,268,333,4272,0x07
2026-09-06T17:15:51.036,890,0,1,51,3102,2000,34703,3500,0,40000,0x07
2026-09-06T17:15:51.183,893,0,2,51,1428,1196,15040,268,314,4356,0x07
2026-09-06T17:15:51.183,892,0,1,52,1082,1462,11261,2029,0,27810,0x07
2026-09-06T17:15:51.247,895,0,2,56,1243,1304,12295,460,446,6318,0x07
2026-09-06T17:15:51.248,894,0,1,50,1082,1420,11438,2029,0,27810,0x07
2026-09-06T17:15:51.312,897,0,2,51,1243,1176,12835,460,490,6132,0x07
2026-09-06T17:15:51.312,898,0,1,50,0,0,4518,1503,0,21317,0x07
2026-09-06T17:15:51.377,901,0,2,51,1097,1078,11436,612,510,8052,0x07
2026-09-06T17:15:51.377,900,0,1,53,3374,38,40000,-2090,0,28566,0x07
2026-09-06T17:15:51.442,903,0,2,50,1538,1020,17141,1335,580,17273,0x07
2026-09-06T17:15:51.442,902,0,1,51,3374,1686,39500,0,0,7877,0x07
2026-09-06T17:15:51.507,905,0,2,51,2325,1216,26057,2270,706,29053,0x07
2026-09-06T17:15:51.507,904,0,1,50,1079,1680,10289,631,460,8604,0x07
2026-09-06T17:15:51.573,907,0,2,50,2943,1280,33423,3105,1040,38626,0x07
2026-09-06T17:15:51.573,906,0,1,50,1056,1020,12806,654,0,10849,0x07
2026-09-06T17:15:51.637,909,0,2,51,3233,1569,35790,3494,1902,40000,0x07
2026-09-06T17:15:51.637,908,0,1,54,1499,944,18770,1188,0,17428,0x07
2026-09-06T17:15:51.718,911,0,2,51,3186,2275,32206,3500,2294,38494,0x07
2026-09-06T17:15:51.718,910,0,1,50,1499,940,18789,1188,0,17428,0x07
2026-09-06T17:15:51.783,913,0,2,51,3186,2431,31539,3500,2608,37161,0x07
2026-09-06T17:15:51.783,912,0,1,51,2073,941,26090,1877,0,25944,0x07
2026-09-06T17:15:51.849,915,0,2,51,2998,2667,28209,3419,2529,36429,0x07
2026-09-06T17:15:51.849,914,0,1,50,2740,1260,33236,2823,0,37613,0x07
2026-09-06T17:15:51.914,917,0,2,50,2870,2960,25385,3276,2940,32795,0x07
2026-09-06T17:15:51.914,916,0,1,50,3170,1500,37691,3460,0,40000,0x07
2026-09-06T17:15:51.979,919,0,2,51,2765,2745,24997,3169,3000,31138,0x07
2026-09-06T17:15:51.979,918,0,1,50,3188,1700,37078,3500,0,40000,0x07
2026-09-06T17:15:52.044,921,0,2,51,2749,2902,24129,3122,3039,30350,0x07
2026-09-06T17:15:52.044,920,0,1,56,1875,2089,18693,2670,0,35734,0x07
2026-09-06T17:15:52.110,923,0,2,50,2914,3040,25584,3189,3180,30632,0x07
2026-09-06T17:15:52.110,922,0,1,51,1875,1784,19989,2670,20,35650,0x07
2026-09-06T17:15:52.175,925,0,2,50,3295,2820,31232,3353,3200,32708,0x07
2026-09-06T17:15:52.175,924,0,1,51,165,1922,4895,1578,0,22254,0x07
2026-09-06T17:15:52.256,927,0,2,50,3374,2920,31788,3240,3200,31220,0x07
2026-09-06T17:15:52.256,926,0,1,51,0,0,3839,1603,0,22552,0x07
2026-09-06T17:15:52.322,929,0,2,51,3070,2980,27770,0,0,4483,0x07
2026-09-06T17:15:52.322,928,0,1,50,0,0,3868,1768,120,24086,0x07
2026-09-06T17:15:52.387,931,0,2,51,1939,2333,16522,0,0,4311,0x07
2026-09-06T17:15:52.387,930,0,1,51,21,216,3040,0,0,19319,0x07
2026-09-06T17:15:52.452,933,0,2,50,1454,1960,12110,242,400,3639,0x07
2026-09-06T17:15:52.452,932,0,1,53,1102,1415,11712,607,0,10260,0x07
2026-09-06T17:15:52.517,934,0,1,50,1102,720,14666,607,0,10260,0x07
2026-09-06T17:15:52.583,937,0,2,52,1522,1673,14173,171,673,1548,0x07
2026-09-06T17:15:52.583,934,0,1,52,1117,615,15308,591,38,9898,0x07
2026-09-06T17:15:52.648,937,0,2,50,1483,1560,14169,212,520,2737,0x07
2026-09-06T17:15:52.648,934,0,1,51,1117,588,15423,591,0,10062,0x07
2026-09-06T17:15:52.713,941,0,2,51,1483,1608,13966,212,392,3281,0x07
2026-09-06T17:15:52.713,940,0,1,56,1307,0,20343,926,0,14196,0x07
2026-09-06T17:15:52.779,943,0,2,50,1390,1200,14547,308,280,5025,0x07
2026-09-06T17:15:52.779,942,0,1,52,1307,923,16419,926,0,14196,0x07
2026-09-06T17:15:52.860,945,0,2,51,1330,1157,13988,371,235,6035,0x07
2026-09-06T17:15:52.861,944,0,1,50,1866,640,24740,1617,0,22734,0x07
2026-09-06T17:15:52.909,947,0,2,51,864,1235,7889,854,0,13405,0x07
2026-09-06T17:15:52.909,946,0,1,50,2416,760,31236,2317,0,31366,0x07
2026-09-06T17:15:52.990,949,0,2,51,1242,1235,12565,1006,882,11650,0x07
2026-09-06T17:15:52.990,948,0,1,51,2854,1333,34377,2874,0,38244,0x07
2026-09-06T17:15:53.055,951,0,2,51,2098,1098,23747,1994,275,27240,0x07
2026-09-06T17:15:53.055,950,0,1,50,3159,1560,37304,3322,0,40000,0x07
2026-09-06T17:15:53.121,953,0,2,50,2814,1060,32767,2943,800,37511,0x07
2026-09-06T17:15:53.121,952,0,1,51,2943,2020,32599,3500,0,40000,0x07
2026-09-06T17:15:53.186,955,0,2,51,3192,1784,34410,3452,2843,35530,0x07
2026-09-06T17:15:53.186,954,0,1,50,2943,2060,32428,3500,0,40000,0x07
2026-09-06T17:15:53.251,957,0,2,50,3298,2020,34772,3500,2660,36939,0x07
2026-09-06T17:15:53.251,956,0,1,51,2056,2098,20963,2852,0,37980,0x07
2026-09-06T17:15:53.317,959,0,2,50,3230,2220,33135,3500,3020,35409,0x07
2026-09-06T17:15:53.317,958,0,1,52,65,1000,270,1682,0,23537,0x07
2026-09-06T17:15:53.382,961,0,2,55,2799,2545,26445,3296,2782,33730,0x07
2026-09-06T17:15:53.382,960,0,1,50,0,0,4277,1682,40,23367,0x07
2026-09-06T17:15:53.447,963,0,2,51,2799,2667,25973,3296,2451,35136,0x07
2026-09-06T17:15:53.448,962,0,1,50,0,0,32327,0,0,19574,0x07
2026-09-06T17:15:53.513,965,0,2,51,2264,2549,19806,2888,2667,28850,0x07
2026-09-06T17:15:53.513,964,0,1,50,3374,540,40000,0,0,7953,0x07
2026-09-06T17:15:53.594,967,0,2,50,1544,2540,10885,0,0,18673,0x07
2026-09-06T17:15:53.594,966,0,1,51,1070,627,14646,640,0,10675,0x07
2026-09-06T17:15:53.659,969,0,2,50,2501,2360,23599,0,0,3352,0x07
2026-09-06T17:15:53.659,968,0,1,50,1038,720,13849,673,0,11082,0x07
2026-09-06T17:15:53.723,971,0,2,50,959,2920,2007,134,240,2903,0x07
2026-09-06T17:15:53.724,970,0,1,54,1422,667,18971,275,0,6161,0x07
2026-09-06T17:15:53.789,973,0,2,53,1103,887,12471,225,604,2547,0x07
2026-09-06T17:15:53.789,972,0,1,51,1422,745,18637,275,0,6161,0x07
2026-09-06T17:15:53.854,975,0,2,50,1103,1380,10394,225,480,3073,0x07
2026-09-06T17:15:53.854,974,0,1,52,1126,827,14517,582,0,9954,0x07
2026-09-06T17:15:53.919,977,0,2,51,1077,1275,10531,183,216,3653,0x07
2026-09-06T17:15:53.919,976,0,1,51,1078,922,13504,632,0,10567,0x07
2026-09-06T17:15:53.984,979,0,2,51,896,1157,8771,0,0,2648,0x07
2026-09-06T17:15:53.985,978,0,1,50,2300,940,28992,2269,0,30774,0x07
2026-09-06T17:15:54.049,981,0,2,51,0,0,13075,0,0,29614,0x07
2026-09-06T17:15:54.049,980,0,1,50,2300,1100,28312,2269,0,30774,0x07
2026-09-06T17:15:54.131,983,0,2,50,0,0,5060,3079,940,38705,0x07
2026-09-06T17:15:54.131,982,0,1,50,2925,1280,35506,3070,0,40000,0x07
2026-09-06T17:15:54.196,985,0,2,50,311,300,5106,1428,2180,11690,0x07
2026-09-06T17:15:54.196,984,0,1,52,3227,1481,38496,3500,0,40000,0x07
2026-09-06T17:15:54.261,987,0,2,50,269,280,4667,1471,720,18466,0x07
2026-09-06T17:15:54.261,986,0,1,51,3071,2020,34223,3500,0,40000,0x07
2026-09-06T17:15:54.327,989,0,2,51,210,294,3873,1532,843,18744,0x07
2026-09-06T17:15:54.327,988,0,1,50,2308,2060,24335,3073,0,40000,0x07
2026-09-06T17:15:54.391,991,0,2,50,291,240,5111,1448,880,17487,0x07
2026-09-06T17:15:54.391,990,0,1,51,994,1353,10600,1939,0,26704,0x07
2026-09-06T17:15:54.456,993,0,2,51,296,333,4782,1443,961,17069,0x07
2026-09-06T17:15:54.457,992,0,1,50,261,1360,1232,1479,0,21032,0x07
2026-09-06T17:15:54.522,995,0,2,50,394,340,5978,1341,1040,15395,0x07
2026-09-06T17:15:54.522,994,0,1,51,0,0,4257,1661,0,23278,0x07
2026-09-06T17:15:54.587,997,0,2,50,436,400,6250,1297,1080,14650,0x07
2026-09-06T17:15:54.587,996,0,1,50,0,0,32327,0,0,19919,0x07
2026-09-06T17:15:54.653,999,0,2,53,628,151,9712,1098,1057,12127,0x07
2026-09-06T17:15:54.653,998,0,1,50,3374,1480,40000,0,0,7440,0x07
2026-09-06T17:15:54.717,1001,0,2,50,628,220,9418,1098,960,12538,0x07
2026-09-06T17:15:54.717,1000,0,1,50,1131,940,14096,577,740,6748,0x07
2026-09-06T17:15:54.798,1003,0,2,50,1172,300,15885,1467,920,17566,0x07
2026-09-06T17:15:54.798,1002,0,1,51,1119,902,14112,589,0,10040,0x07
2026-09-06T17:15:54.864,1005,0,2,51,2012,431,25828,2275,961,28025,0x07
2026-09-06T17:15:54.864,1004,0,1,57,1119,930,13994,589,0,10040,0x07
2026-09-06T17:15:54.929,1007,0,2,51,2651,1235,30406,2842,1412,33578,0x07
2026-09-06T17:15:54.929,1006,0,1,50,1119,940,13950,589,0,10040,0x07
2026-09-06T17:15:54.994,1009,0,2,51,3136,1627,34808,3223,1667,37511,0x07
2026-09-06T17:15:54.994,1008,0,1,50,1145,960,14200,775,0,12334,0x07
2026-09-06T17:15:55.059,1011,0,2,53,3322,2245,34505,3457,2264,38051,0x07
2026-09-06T17:15:55.059,1010,0,1,50,1963,1020,24358,1824,0,25282,0x07
2026-09-06T17:15:55.124,1013,0,2,51,3322,2569,33131,3457,2431,37340,0x07
2026-09-06T17:15:55.124,1012,0,1,50,2689,1080,33353,2757,0,36801,0x07
2026-09-06T17:15:55.189,1015,0,2,50,3374,2620,33566,3464,2760,36040,0x07
2026-09-06T17:15:55.190,1014,0,1,51,3145,1373,37916,3405,0,40000,0x07
2026-09-06T17:15:55.255,1017,0,2,50,3374,3000,31950,3140,2780,31682,0x07
2026-09-06T17:15:55.255,1016,0,1,50,2916,1880,32844,3500,0,40000,0x07
2026-09-06T17:15:55.336,1019,0,2,56,1456,2625,9546,240,1857,0,0x07
2026-09-06T17:15:55.336,1018,0,1,50,2916,1980,32419,3500,20,40000,0x07
2026-09-06T17:15:55.402,1021,0,2,50,1456,1800,13052,240,720,2256,0x07
2026-09-06T17:15:55.402,1020,0,1,50,2166,2040,22607,2904,0,38619,0x07
2026-09-06T17:15:55.467,1023,0,2,52,1345,1750,11884,355,885,3063,0x07
2026-09-06T17:15:55.467,1022,0,1,51,819,1216,8949,1770,0,24622,0x07
2026-09-06T17:15:55.531,1025,0,2,57,1340,684,16345,360,281,5704,0x07
2026-09-06T17:15:55.531,1024,0,1,51,246,1235,1572,1495,0,21226,0x07
2026-09-06T17:15:55.596,1027,0,2,51,1340,98,18837,360,39,6730,0x07
2026-09-06T17:15:55.596,1026,0,1,50,0,0,4317,1669,0,23368,0x07
2026-09-06T17:15:55.662,1029,0,2,51,1277,314,17131,426,98,7342,0x07
2026-09-06T17:15:55.662,1028,0,1,53,3374,0,40000,-2087,0,28527,0x07
2026-09-06T17:15:55.725,1031,0,2,50,1306,300,17552,396,460,5408,0x07
2026-09-06T17:15:55.726,1030,0,1,50,3374,1340,40000,0,0,7582,0x07
2026-09-06T17:15:55.791,1033,0,2,50,1305,0,18815,397,140,6781,0x07
2026-09-06T17:15:55.791,1032,0,1,50,1114,900,14051,595,0,10109,0x07
2026-09-06T17:15:55.856,1035,0,2,51,1293,0,18671,408,0,7533,0x07
2026-09-06T17:15:55.856,1034,0,1,50,1126,760,14797,583,0,9963,0x07
2026-09-06T17:15:55.938,1037,0,2,50,1346,0,19333,354,0,6809,0x07
2026-09-06T17:15:55.938,1036,0,1,50,1147,980,14133,560,0,9685,0x07
2026-09-06T17:15:56.002,1039,0,2,50,1369,0,19617,330,0,6501,0x07
2026-09-06T17:15:56.002,1038,0,1,52,1115,885,14139,593,0,10088,0x07
2026-09-06T17:15:56.067,1041,0,2,50,1369,0,19617,330,0,6501,0x07
2026-09-06T17:15:56.067,1040,0,1,51,1851,863,23600,1657,0,23217,0x07
2026-09-06T17:15:56.133,1043,0,2,52,1459,0,20744,237,0,5270,0x07
2026-09-06T17:15:56.133,1042,0,1,51,1851,961,23183,1657,0,23217,0x07
2026-09-06T17:15:56.197,1045,0,2,50,1483,0,21048,211,0,4938,0x07
2026-09-06T17:15:56.197,1044,0,1,50,2599,1080,32204,2642,0,35380,0x07
2026-09-06T17:15:56.263,1047,0,2,51,1511,0,21390,183,0,4569,0x07
2026-09-06T17:15:56.263,1046,0,1,52,3125,1269,38105,3422,0,40000,0x07
2026-09-06T17:15:56.328,1049,0,2,50,1548,0,21862,144,0,4049,0x07
2026-09-06T17:15:56.328,1048,0,1,57,2937,1807,33421,3494,0,40000,0x07
2026-09-06T17:15:56.393,1051,0,2,52,1597,0,22474,93,0,3380,0x07
2026-09-06T17:15:56.393,1050,0,1,51,2937,2000,32601,3494,0,40000,0x07
2026-09-06T17:15:56.474,1053,0,2,50,0,0,21527,93,0,3380,0x07
2026-09-06T17:15:56.474,1052,0,1,51,2218,1980,23526,2938,0,39039,0x07
2026-09-06T17:15:56.539,1055,0,2,51,0,0,4255,3500,0,40000,0x07
2026-09-06T17:15:56.539,1054,0,1,51,974,1961,7764,1891,0,26107,0x07
2026-09-06T17:15:56.604,1057,0,2,51,213,235,4161,1529,451,20370,0x07
2026-09-06T17:15:56.604,1056,0,1,50,255,1040,2515,1486,0,21109,0x07
2026-09-06T17:15:56.669,1059,0,2,51,254,235,4667,1487,255,20655,0x07
2026-09-06T17:15:56.669,1058,0,1,51,0,0,4471,1653,0,23174,0x07
2026-09-06T17:15:56.733,1061,0,2,51,310,196,5543,1428,20,20876,0x07
2026-09-06T17:15:56.733,1060,0,1,53,3374,0,40000,-2090,0,28561,0x07
2026-09-06T17:15:56.799,1063,0,2,53,419,0,7731,1316,0,19484,0x07
2026-09-06T17:15:56.799,1062,0,1,51,3374,1373,40000,0,0,7225,0x07
2026-09-06T17:15:56.863,1065,0,2,50,419,0,7731,1316,0,19484,0x07
2026-09-06T17:15:56.863,1064,0,1,52,1156,846,14822,551,0,9565,0x07
2026-09-06T17:15:56.929,1067,0,2,52,421,0,7757,1314,0,19452,0x07
2026-09-06T17:15:56.929,1066,0,1,51,1123,843,14405,586,0,9997,0x07
2026-09-06T17:15:56.994,1069,0,2,50,424,0,7803,1310,0,19401,0x07
2026-09-06T17:15:56.994,1068,0,1,55,1129,945,14047,579,0,9919,0x07
2026-09-06T17:15:57.075,1071,0,2,51,422,20,7690,1312,0,19434,0x07
2026-09-06T17:15:57.075,1070,0,1,51,1129,1000,13816,579,0,9919,0x07
2026-09-06T17:15:57.140,1073,0,2,52,415,0,7685,1320,0,19531,0x07
2026-09-06T17:15:57.140,1072,0,1,50,1069,980,13144,669,0,11026,0x07
2026-09-06T17:15:57.206,1075,0,2,51,386,0,7318,1350,0,19936,0x07
2026-09-06T17:15:57.206,1074,0,1,56,2483,1054,30842,2468,0,33237,0x07
2026-09-06T17:15:57.270,1077,0,2,51,386,0,7318,1350,0,19936,0x07
2026-09-06T17:15:57.270,1076,0,1,50,2483,1180,30305,2468,0,33237,0x07
2026-09-06T17:15:57.336,1079,0,2,52,411,0,7638,1323,0,19581,0x07
2026-09-06T17:15:57.336,1078,0,1,51,3077,1353,37139,3363,0,40000,0x07
2026-09-06T17:15:57.400,1081,0,2,51,414,0,7668,1321,0,19548,0x07
2026-09-06T17:15:57.400,1080,0,1,50,3233,1660,37811,3500,0,40000,0x07
2026-09-06T17:15:57.465,1083,0,2,55,-317,0,6461,2079,0,29532,0x07
2026-09-06T17:15:57.465,1082,0,1,50,0,0,5812,3500,0,40000,0x07
2026-09-06T17:15:57.531,1085,0,2,50,0,0,3833,2079,120,29022,0x07
2026-09-06T17:15:57.531,1084,0,1,50,0,0,4764,2009,0,27573,0x07
2026-09-06T17:15:57.613,1087,0,2,50,162,100,4098,1582,360,21452,0x07
2026-09-06T17:15:57.613,1086,0,1,50,0,0,3808,1619,0,22751,0x07
2026-09-06T17:15:57.677,1089,0,2,50,196,180,4180,1547,120,22011,0x07
2026-09-06T17:15:57.677,1088,0,1,53,3374,19,40000,-2133,0,29102,0x07
2026-09-06T17:15:57.742,1091,0,2,51,184,78,4456,1560,0,22696,0x07
2026-09-06T17:15:57.742,1090,0,1,51,3374,1529,40000,0,0,7506,0x07
2026-09-06T17:15:57.808,1093,0,2,50,193,0,4907,1550,0,22568,0x07
2026-09-06T17:15:57.808,1092,0,1,51,1123,1176,12993,585,0,9993,0x07
2026-09-06T17:15:57.873,1095,0,2,53,-1687,0,23597,1750,0,25200,0x07
2026-09-06T17:15:57.873,1094,0,1,54,1163,1037,14092,544,0,9483,0x07
2026-09-06T17:15:57.938,1097,0,2,50,-1687,-1360,17817,1750,0,25200,0x07
2026-09-06T17:15:57.938,1096,0,1,51,1163,1000,14249,544,0,9483,0x07
2026-09-06T17:15:58.004,1099,0,2,50,-1687,-500,21472,1750,40,25030,0x07
2026-09-06T17:15:58.004,1098,0,1,51,1114,941,13881,594,0,10105,0x07
2026-09-06T17:15:58.068,1101,0,2,52,-1687,-538,21308,1750,38,25036,0x07
2026-09-06T17:15:58.068,1100,0,1,51,1184,941,14774,817,0,12853,0x07
2026-09-06T17:15:58.134,1103,0,2,50,-1687,-960,19517,1750,500,23074,0x07
2026-09-06T17:15:58.134,1102,0,1,52,1843,1077,22592,1618,0,22742,0x07
2026-09-06T17:15:58.214,1105,0,2,51,-1687,-1020,19263,1750,824,21700,0x07
2026-09-06T17:15:58.214,1104,0,1,52,2507,1154,30717,2482,0,33405,0x07
2026-09-06T17:15:58.280,1107,0,2,50,0,0,0,0,0,0,0x03
2026-09-06T17:15:58.280,1106,0,1,51,2981,1314,36076,3087,0,40000,0x07
2026-09-06T17:15:58.344,1109,0,2,50,0,0,12166,0,0,6927,0x07
2026-09-06T17:15:58.344,1108,0,1,51,3236,1824,37163,3500,0,40000,0x07
2026-09-06T17:15:58.409,1111,0,2,50,1171,40,16973,535,560,6821,0x07
2026-09-06T17:15:58.409,1110,0,1,51,3174,2020,35538,3500,0,40000,0x07
2026-09-06T17:15:58.474,1113,0,2,50,2848,60,37862,2667,760,34049,0x07
2026-09-06T17:15:58.474,1112,0,1,51,2612,2078,28129,3293,0,40000,0x07
2026-09-06T17:15:58.538,1115,0,2,51,3374,1059,40000,3145,2569,32654,0x07
2026-09-06T17:15:58.538,1114,0,1,50,1408,1680,14479,2310,0,31288,0x07
2026-09-06T17:15:58.796,1117,0,2,51,2825,1529,31337,1998,2608,17379,0x07
2026-09-06T17:15:58.796,1116,0,1,50,271,1560,511,1469,0,20902,0x07
2026-09-06T17:15:58.813,1119,0,2,50,2021,1940,19535,1393,1540,13949,0x07
2026-09-06T17:15:58.813,1118,0,1,51,0,0,4352,1647,78,22768,0x07
2026-09-06T17:15:58.878,1121,0,2,50,0,0,18539,0,0,16475,0x07
2026-09-06T17:15:58.878,1120,0,1,52,0,0,32327,0,0,19710,0x07
2026-09-06T17:15:58.944,1123,0,2,51,0,0,0,0,0,0,0x03
2026-09-06T17:15:58.944,1122,0,1,50,0,0,0,0,0,0,0x03
2026-09-06T17:15:58.993,1125,0,2,51,0,0,27329,0,0,33369,0x07
2026-09-06T17:15:58.993,1124,0,1,51,0,0,8859,0,0,11820,0x07
