timestamp,sequence,team,robot_id,interval_ms,left_target_eps,left_measured_eps,left_duty,right_target_eps,right_measured_eps,right_duty,flags
2026-09-06T16:21:22.456-03:00,502,0,0,52,0,0,0,0,0,0,0x03
2026-09-06T16:21:22.474-03:00,503,0,0,50,0,0,0,0,0,0,0x03
2026-09-06T16:21:22.497-03:00,504,0,0,51,0,0,0,0,0,0,0x03
2026-09-06T16:21:22.515-03:00,505,0,0,52,0,0,0,0,0,0,0x03
2026-09-06T16:21:22.533-03:00,505,0,0,52,0,0,0,0,0,0,0x03
2026-09-06T16:21:22.556-03:00,505,0,0,52,0,0,0,0,0,0,0x03
2026-09-06T16:21:22.576-03:00,505,0,0,50,0,0,0,0,0,0,0x03
2026-09-06T16:21:22.594-03:00,505,0,0,50,0,0,0,0,0,0,0x03
2026-09-06T16:21:22.612-03:00,505,0,0,50,0,0,0,0,0,0,0x03
2026-09-06T16:21:22.635-03:00,505,0,0,51,0,0,0,0,0,0,0x03
2026-09-06T16:21:22.655-03:00,505,0,0,51,0,0,0,0,0,0,0x03
2026-09-06T16:21:22.675-03:00,8,0,0,58,3374,0,40000,3500,0,40000,0x07
2026-09-06T16:21:22.692-03:00,9,0,0,58,3374,0,40000,3500,0,40000,0x07
2026-09-06T16:21:22.716-03:00,10,0,0,58,3374,0,40000,3500,0,40000,0x07
2026-09-06T16:21:22.736-03:00,11,0,0,50,3374,1680,38576,3500,940,40000,0x07
2026-09-06T16:21:22.755-03:00,12,0,0,50,3374,1680,38576,3500,940,40000,0x07
2026-09-06T16:21:22.775-03:00,13,0,0,53,3374,3208,32083,3500,2925,33850,0x07
2026-09-06T16:21:22.813-03:00,14,0,0,53,3374,3208,32083,3500,2925,33850,0x07
2026-09-06T16:21:22.813-03:00,15,0,0,53,3374,3208,32083,3500,2925,33850,0x07
2026-09-06T16:21:22.834-03:00,16,0,0,59,3374,3407,31237,3500,3559,31152,0x07
2026-09-06T16:21:22.857-03:00,17,0,0,59,3374,3407,31237,3500,3559,31152,0x07
2026-09-06T16:21:22.875-03:00,18,0,0,59,3374,3407,31237,3500,3559,31152,0x07
2026-09-06T16:21:22.894-03:00,19,0,0,50,3374,3380,31350,3500,3380,31914,0x07
2026-09-06T16:21:22.912-03:00,20,0,0,50,3374,3380,31350,3500,3380,31914,0x07
2026-09-06T16:21:22.933-03:00,21,0,0,51,3374,3294,31716,3500,3235,32529,0x07
2026-09-06T16:21:22.956-03:00,22,0,0,51,3374,3294,31716,3500,3235,32529,0x07
2026-09-06T16:21:22.973-03:00,23,0,0,51,3374,3294,31716,3500,3235,32529,0x07
2026-09-06T16:21:22.996-03:00,24,0,0,57,3374,3263,31847,3500,3298,32261,0x07
2026-09-06T16:21:23.013-03:00,25,0,0,57,3374,3263,31847,3500,3298,32261,0x07
2026-09-06T16:21:23.033-03:00,26,0,0,57,3374,3263,31847,3500,3298,32261,0x07
2026-09-06T16:21:23.056-03:00,27,0,0,52,3374,3308,31658,3500,3269,32385,0x07
2026-09-06T16:21:23.076-03:00,28,0,0,52,3374,3308,31658,3500,3269,32385,0x07
2026-09-06T16:21:23.097-03:00,29,0,0,52,3374,3308,31658,3500,3269,32385,0x07
2026-09-06T16:21:23.115-03:00,30,0,0,56,3374,3286,31751,3500,3268,32391,0x07
2026-09-06T16:21:23.133-03:00,31,0,0,56,3374,3286,31751,3500,3268,32391,0x07
2026-09-06T16:21:23.157-03:00,32,0,0,56,3374,3304,31675,3500,3339,32087,0x07
2026-09-06T16:21:23.175-03:00,33,0,0,56,3374,3304,31675,3500,3339,32087,0x07
2026-09-06T16:21:23.193-03:00,34,0,0,56,3374,3304,31675,3500,3339,32087,0x07
2026-09-06T16:21:23.216-03:00,35,0,0,50,3374,3340,31520,3500,3320,32169,0x07
2026-09-06T16:21:23.234-03:00,36,0,0,50,3374,3340,31520,3500,3320,32169,0x07
2026-09-06T16:21:23.254-03:00,37,0,0,50,3374,3340,31520,3500,3320,32169,0x07
2026-09-06T16:21:23.277-03:00,38,0,0,54,3374,3278,31785,3500,3259,32427,0x07
2026-09-06T16:21:23.294-03:00,39,0,0,54,3374,3278,31785,3500,3259,32427,0x07
2026-09-06T16:21:23.312-03:00,40,0,0,54,3374,3333,31549,3500,3241,32506,0x07
2026-09-06T16:21:23.335-03:00,41,0,0,54,3374,3333,31549,3500,3241,32506,0x07
2026-09-06T16:21:23.353-03:00,42,0,0,54,3374,3333,31549,3500,3241,32506,0x07
2026-09-06T16:21:23.377-03:00,43,0,0,58,3374,3276,31793,3500,3259,32430,0x07
2026-09-06T16:21:23.394-03:00,44,0,0,58,3374,3276,31793,3500,3259,32430,0x07
2026-09-06T16:21:23.417-03:00,45,0,0,58,3374,3276,31793,3500,3259,32430,0x07
2026-09-06T16:21:23.434-03:00,46,0,0,51,3374,3333,31549,3500,2745,34612,0x07
2026-09-06T16:21:23.452-03:00,47,0,0,51,3374,3333,31549,3500,2745,34612,0x07
2026-09-06T16:21:23.476-03:00,48,0,0,52,3374,3269,31821,3500,2154,37125,0x07
2026-09-06T16:21:23.494-03:00,49,0,0,52,3374,3269,31821,3500,2154,37125,0x07
2026-09-06T16:21:23.512-03:00,50,0,0,52,3374,3269,31821,3500,2154,37125,0x07
2026-09-06T16:21:23.535-03:00,51,0,0,50,3374,3320,31606,3500,2440,35909,0x07
2026-09-06T16:21:23.553-03:00,52,0,0,50,3374,3320,31606,3500,2440,35909,0x07
2026-09-06T16:21:23.576-03:00,53,0,0,50,3374,3320,31606,3500,2440,35909,0x07
2026-09-06T16:21:23.596-03:00,54,0,0,54,3374,3315,31628,3500,2222,36835,0x07
2026-09-06T16:21:23.614-03:00,55,0,0,54,3374,3315,31628,3500,2222,36835,0x07
2026-09-06T16:21:23.636-03:00,56,0,0,57,3374,3333,31549,3500,2649,35020,0x07
2026-09-06T16:21:23.654-03:00,57,0,0,57,3374,3333,31549,3500,2649,35020,0x07
2026-09-06T16:21:23.674-03:00,58,0,0,57,3374,3333,31549,3500,2649,35020,0x07
2026-09-06T16:21:23.692-03:00,59,0,0,50,3374,3280,31776,3500,2300,36504,0x07
2026-09-06T16:21:23.716-03:00,60,0,0,50,3374,3280,31776,3500,2300,36504,0x07
2026-09-06T16:21:23.734-03:00,61,0,0,53,3374,3321,31602,3500,1792,38661,0x07
2026-09-06T16:21:23.754-03:00,62,0,0,53,3374,3321,31602,3500,1792,38661,0x07
2026-09-06T16:21:23.775-03:00,63,0,0,53,3374,3321,31602,3500,1792,38661,0x07
2026-09-06T16:21:23.793-03:00,64,0,0,53,3374,3340,31522,3500,1566,39623,0x07
2026-09-06T16:21:23.816-03:00,65,0,0,53,3374,3340,31522,3500,1566,39623,0x07
2026-09-06T16:21:23.834-03:00,66,0,0,53,3374,3340,31522,3500,1566,39623,0x07
2026-09-06T16:21:23.853-03:00,67,0,0,50,3374,3300,31690,3500,1620,39394,0x07
2026-09-06T16:21:23.873-03:00,68,0,0,50,3374,3300,31690,3500,1620,39394,0x07
2026-09-06T16:21:23.896-03:00,69,0,0,55,3374,3291,31729,3500,2927,33838,0x07
2026-09-06T16:21:23.914-03:00,70,0,0,55,3374,3291,31729,3500,2927,33838,0x07
2026-09-06T16:21:23.933-03:00,71,0,0,55,3374,3291,31729,3500,2927,33838,0x07
2026-09-06T16:21:23.953-03:00,72,0,0,58,3374,3328,31573,3500,3379,31917,0x07
2026-09-06T16:21:23.973-03:00,73,0,0,58,3374,3328,31573,3500,3379,31917,0x07
2026-09-06T16:21:23.993-03:00,74,0,0,58,3374,3328,31573,3500,3379,31917,0x07
2026-09-06T16:21:24.012-03:00,75,0,0,58,3374,3310,31647,3500,3345,32063,0x07
2026-09-06T16:21:24.035-03:00,76,0,0,58,3374,3310,31647,3500,3345,32063,0x07
2026-09-06T16:21:24.056-03:00,77,0,0,58,3374,3310,31647,3500,3345,32063,0x07
2026-09-06T16:21:24.076-03:00,78,0,0,58,3374,3310,31647,3500,3224,32576,0x07
2026-09-06T16:21:24.094-03:00,79,0,0,58,3374,3310,31647,3500,3224,32576,0x07
2026-09-06T16:21:24.116-03:00,80,0,0,58,3374,3310,31647,3500,3224,32576,0x07
2026-09-06T16:21:24.134-03:00,81,0,0,51,3374,3275,31799,3500,3098,33112,0x07
2026-09-06T16:21:24.157-03:00,82,0,0,51,3374,3275,31799,3500,3098,33112,0x07
2026-09-06T16:21:24.175-03:00,83,0,0,54,3374,3352,31470,3500,3185,32742,0x07
2026-09-06T16:21:24.193-03:00,84,0,0,54,3374,3352,31470,3500,3185,32742,0x07
2026-09-06T16:21:24.216-03:00,85,0,0,54,3374,3352,31470,3500,3185,32742,0x07
2026-09-06T16:21:24.233-03:00,86,0,0,58,3374,3293,31720,3500,3241,32503,0x07
2026-09-06T16:21:24.252-03:00,87,0,0,58,3374,3293,31720,3500,3241,32503,0x07
2026-09-06T16:21:24.275-03:00,88,0,0,58,3374,3293,31720,3500,3241,32503,0x07
2026-09-06T16:21:24.295-03:00,89,0,0,50,3374,3320,31606,3500,3260,32424,0x07
2026-09-06T16:21:24.315-03:00,90,0,0,50,3374,3320,31606,3500,3260,32424,0x07
2026-09-06T16:21:24.333-03:00,91,0,0,51,3374,3275,31799,3500,3078,33196,0x07
2026-09-06T16:21:24.357-03:00,92,0,0,51,3374,3275,31799,3500,3078,33196,0x07
2026-09-06T16:21:24.375-03:00,93,0,0,51,3374,3275,31799,3500,3078,33196,0x07
2026-09-06T16:21:24.395-03:00,94,0,0,58,3374,3293,31720,3500,2655,34995,0x07
2026-09-06T16:21:24.414-03:00,95,0,0,58,3374,3293,31720,3500,2655,34995,0x07
2026-09-06T16:21:24.433-03:00,96,0,0,58,3374,3293,31720,3500,2655,34995,0x07
2026-09-06T16:21:24.457-03:00,97,0,0,50,3374,3360,31446,3500,2200,36929,0x07
2026-09-06T16:21:24.475-03:00,98,0,0,50,3374,3360,31446,3500,2200,36929,0x07
2026-09-06T16:21:24.493-03:00,99,0,0,50,3374,3360,31446,3500,2200,36929,0x07
2026-09-06T16:21:24.513-03:00,100,0,0,54,3374,3370,31401,3500,1685,39117,0x07
2026-09-06T16:21:24.537-03:00,101,0,0,54,3374,3370,31401,3500,1685,39117,0x07
2026-09-06T16:21:24.554-03:00,102,0,0,56,3374,3286,31761,3500,1179,40000,0x07
2026-09-06T16:21:24.574-03:00,103,0,0,56,3374,3286,31761,3500,1179,40000,0x07
2026-09-06T16:21:24.594-03:00,104,0,0,56,3374,3286,31761,3500,1179,40000,0x07
2026-09-06T16:21:24.612-03:00,105,0,0,50,3374,3340,31530,3500,700,40000,0x07
2026-09-06T16:21:24.636-03:00,106,0,0,50,3374,3340,31530,3500,700,40000,0x07
2026-09-06T16:21:24.654-03:00,107,0,0,50,3374,3340,31530,3500,300,40000,0x07
2026-09-06T16:21:24.677-03:00,108,0,0,50,3374,3340,31530,3500,300,40000,0x07
2026-09-06T16:21:24.695-03:00,109,0,0,50,3374,3340,31530,3500,300,40000,0x07
2026-09-06T16:21:24.715-03:00,110,0,0,51,3374,3314,31642,3500,39,40000,0x07
2026-09-06T16:21:24.737-03:00,111,0,0,51,3374,3314,31642,3500,39,40000,0x07
2026-09-06T16:21:24.755-03:00,112,0,0,51,3374,3314,31642,3500,0,40000,0x07
2026-09-06T16:21:24.775-03:00,113,0,0,51,3374,3314,31642,3500,0,40000,0x07
2026-09-06T16:21:24.793-03:00,114,0,0,51,3374,3314,31642,3500,0,40000,0x07
2026-09-06T16:21:24.817-03:00,115,0,0,51,3374,3353,31476,3500,0,40000,0x07
2026-09-06T16:21:24.835-03:00,116,0,0,51,3374,3353,31476,3500,0,40000,0x07
2026-09-06T16:21:24.853-03:00,117,0,0,51,3374,3353,31476,3500,0,40000,0x07
2026-09-06T16:21:24.877-03:00,118,0,0,50,3374,3340,31530,3500,0,40000,0x07
2026-09-06T16:21:24.917-03:00,119,0,0,50,3374,3340,31530,3500,0,40000,0x07
2026-09-06T16:21:24.917-03:00,120,0,0,56,3374,3304,31685,3500,0,40000,0x07
2026-09-06T16:21:24.936-03:00,121,0,0,56,3374,3304,31685,3500,0,40000,0x07
2026-09-06T16:21:24.954-03:00,122,0,0,56,3374,3304,31685,3500,0,40000,0x07
2026-09-06T16:21:24.972-03:00,123,0,0,51,3374,3373,31392,3500,0,40000,0x07
2026-09-06T16:21:24.996-03:00,124,0,0,51,3374,3373,31392,3500,0,40000,0x07
2026-09-06T16:21:25.016-03:00,125,0,0,50,3374,3300,31700,3500,0,40000,0x07
2026-09-06T16:21:25.035-03:00,126,0,0,50,3374,3300,31700,3500,0,40000,0x07
2026-09-06T16:21:25.053-03:00,127,0,0,50,3374,3300,31700,3500,0,40000,0x07
2026-09-06T16:21:25.076-03:00,128,0,0,51,3374,3314,31642,3500,0,40000,0x07
2026-09-06T16:21:25.096-03:00,129,0,0,51,3374,3314,31642,3500,0,40000,0x07
2026-09-06T16:21:25.115-03:00,130,0,0,51,3374,3314,31642,3500,0,40000,0x07
2026-09-06T16:21:25.133-03:00,131,0,0,53,3374,3358,31452,3500,0,40000,0x07
2026-09-06T16:21:25.157-03:00,132,0,0,53,3374,3358,31452,3500,0,40000,0x07
2026-09-06T16:21:25.175-03:00,133,0,0,55,3374,3291,31739,3500,0,40000,0x07
2026-09-06T16:21:25.194-03:00,134,0,0,55,3374,3291,31739,3500,0,40000,0x07
2026-09-06T16:21:25.212-03:00,135,0,0,55,3374,3291,31739,3500,0,40000,0x07
2026-09-06T16:21:25.236-03:00,136,0,0,51,3374,3333,31559,3500,0,40000,0x07
2026-09-06T16:21:25.254-03:00,137,0,0,51,3374,3333,31559,3500,0,40000,0x07
2026-09-06T16:21:25.277-03:00,138,0,0,50,3374,3320,31616,3500,0,40000,0x07
2026-09-06T16:21:25.295-03:00,139,0,0,50,3374,3320,31616,3500,0,40000,0x07
2026-09-06T16:21:25.316-03:00,140,0,0,50,3374,3320,31616,3500,0,40000,0x07
2026-09-06T16:21:25.334-03:00,141,0,0,50,3374,3340,31530,3500,0,40000,0x07
2026-09-06T16:21:25.354-03:00,142,0,0,50,3374,3340,31530,3500,0,40000,0x07
2026-09-06T16:21:25.376-03:00,143,0,0,50,3374,3300,31700,3500,0,40000,0x07
2026-09-06T16:21:25.393-03:00,144,0,0,50,3374,3300,31700,3500,0,40000,0x07
2026-09-06T16:21:25.417-03:00,145,0,0,50,3374,3300,31700,3500,0,40000,0x07
2026-09-06T16:21:25.434-03:00,146,0,0,51,3374,3314,31642,3500,0,40000,0x07
2026-09-06T16:21:25.453-03:00,147,0,0,51,3374,3314,31642,3500,0,40000,0x07
2026-09-06T16:21:25.476-03:00,148,0,0,51,3374,3333,31559,3500,0,40000,0x07
2026-09-06T16:21:25.494-03:00,149,0,0,51,3374,3333,31559,3500,0,40000,0x07
2026-09-06T16:21:25.512-03:00,150,0,0,51,3374,3333,31559,3500,0,40000,0x07
2026-09-06T16:21:25.536-03:00,151,0,0,51,3374,3333,31559,3500,0,40000,0x07
2026-09-06T16:21:25.554-03:00,152,0,0,51,3374,3333,31559,3500,0,40000,0x07
2026-09-06T16:21:25.576-03:00,153,0,0,51,3374,3333,31559,3500,0,40000,0x07
2026-09-06T16:21:25.594-03:00,154,0,0,52,3374,3288,31750,3500,0,40000,0x07
2026-09-06T16:21:25.614-03:00,155,0,0,52,3374,3288,31750,3500,0,40000,0x07
2026-09-06T16:21:25.634-03:00,156,0,0,57,3374,3351,31484,3500,0,40000,0x07
2026-09-06T16:21:25.657-03:00,157,0,0,57,3374,3351,31484,3500,0,40000,0x07
2026-09-06T16:21:25.675-03:00,158,0,0,57,3374,3351,31484,3500,0,40000,0x07
2026-09-06T16:21:25.693-03:00,159,0,0,57,3374,3333,31559,3500,0,40000,0x07
2026-09-06T16:21:25.716-03:00,160,0,0,57,3374,3333,31559,3500,0,40000,0x07
2026-09-06T16:21:25.734-03:00,161,0,0,57,3374,3333,31559,3500,0,40000,0x07
2026-09-06T16:21:25.757-03:00,162,0,0,50,3374,3320,31616,3500,0,40000,0x07
2026-09-06T16:21:25.774-03:00,163,0,0,50,3374,3320,31616,3500,0,40000,0x07
2026-09-06T16:21:25.792-03:00,164,0,0,50,3374,3320,31616,3500,0,40000,0x07
2026-09-06T16:21:25.816-03:00,165,0,0,50,3374,3320,31616,3500,0,40000,0x07
2026-09-06T16:21:25.834-03:00,166,0,0,50,3374,3320,31616,3500,0,40000,0x07
2026-09-06T16:21:25.857-03:00,167,0,0,51,3374,3353,31476,3500,0,40000,0x07
2026-09-06T16:21:25.874-03:00,168,0,0,51,3374,3353,31476,3500,0,40000,0x07
2026-09-06T16:21:25.892-03:00,169,0,0,51,3374,3353,31476,3500,0,40000,0x07
2026-09-06T16:21:25.916-03:00,170,0,0,53,3374,3321,31612,3500,0,40000,0x07
2026-09-06T16:21:25.934-03:00,171,0,0,53,3374,3321,31612,3500,0,40000,0x07
2026-09-06T16:21:25.957-03:00,172,0,0,54,3374,3296,31716,3500,0,40000,0x07
2026-09-06T16:21:25.972-03:00,173,0,0,54,3374,3296,31716,3500,0,40000,0x07
2026-09-06T16:21:25.996-03:00,174,0,0,54,3374,3296,31716,3500,0,40000,0x07
2026-09-06T16:21:26.014-03:00,175,0,0,50,3374,3380,31360,3500,0,40000,0x07
2026-09-06T16:21:26.037-03:00,176,0,0,50,3374,3380,31360,3500,0,40000,0x07
2026-09-06T16:21:26.057-03:00,177,0,0,53,3374,3302,31692,3500,0,40000,0x07
2026-09-06T16:21:26.072-03:00,178,0,0,53,3374,3302,31692,3500,0,40000,0x07
2026-09-06T16:21:26.095-03:00,179,0,0,53,3374,3302,31692,3500,0,40000,0x07
2026-09-06T16:21:26.114-03:00,180,0,0,51,3374,3314,31642,3500,0,40000,0x07
2026-09-06T16:21:26.137-03:00,181,0,0,51,3374,3314,31642,3500,0,40000,0x07
2026-09-06T16:21:26.157-03:00,182,0,0,51,3374,3314,31642,3500,0,40000,0x07
2026-09-06T16:21:26.175-03:00,183,0,0,54,3374,3389,31323,3500,0,40000,0x07
2026-09-06T16:21:26.195-03:00,184,0,0,54,3374,3389,31323,3500,0,40000,0x07
2026-09-06T16:21:26.213-03:00,185,0,0,57,3374,3316,31633,3500,0,40000,0x07
2026-09-06T16:21:26.236-03:00,186,0,0,57,3374,3316,31633,3500,0,40000,0x07
2026-09-06T16:21:26.254-03:00,187,0,0,57,3374,3316,31633,3500,0,40000,0x07
2026-09-06T16:21:26.274-03:00,188,0,0,56,3374,3321,31609,3500,0,40000,0x07
2026-09-06T16:21:26.296-03:00,189,0,0,56,3374,3321,31609,3500,0,40000,0x07
2026-09-06T16:21:26.316-03:00,190,0,0,56,3374,3321,31609,3500,0,40000,0x07
2026-09-06T16:21:26.334-03:00,191,0,0,50,3374,3380,31360,3500,0,40000,0x07
2026-09-06T16:21:26.352-03:00,192,0,0,50,3374,3380,31360,3500,0,40000,0x07
2026-09-06T16:21:26.375-03:00,193,0,0,54,3374,3315,31638,3500,0,40000,0x07
2026-09-06T16:21:26.392-03:00,194,0,0,54,3374,3315,31638,3500,0,40000,0x07
2026-09-06T16:21:26.412-03:00,195,0,0,54,3374,3315,31638,3500,0,40000,0x07
2026-09-06T16:21:26.436-03:00,196,0,0,51,3374,3314,31642,3500,0,40000,0x07
2026-09-06T16:21:26.454-03:00,197,0,0,51,3374,3314,31642,3500,0,40000,0x07
2026-09-06T16:21:26.474-03:00,198,0,0,51,3374,3314,31642,3500,0,40000,0x07
2026-09-06T16:21:26.497-03:00,199,0,0,50,3374,3340,31530,3500,0,40000,0x07
2026-09-06T16:21:26.515-03:00,200,0,0,50,3374,3340,31530,3500,0,40000,0x07
2026-09-06T16:21:26.533-03:00,201,0,0,55,3374,3345,31507,3500,0,40000,0x07
2026-09-06T16:21:26.555-03:00,202,0,0,55,3374,3345,31507,3500,0,40000,0x07
2026-09-06T16:21:26.573-03:00,203,0,0,55,3374,3345,31507,3500,0,40000,0x07
2026-09-06T16:21:26.593-03:00,204,0,0,50,3374,3340,31530,3500,0,40000,0x07
2026-09-06T16:21:26.617-03:00,205,0,0,50,3374,3340,31530,3500,0,40000,0x07
2026-09-06T16:21:26.635-03:00,206,0,0,51,3374,3314,31642,3500,0,40000,0x07
2026-09-06T16:21:26.655-03:00,207,0,0,51,3374,3314,31642,3500,0,40000,0x07
2026-09-06T16:21:26.674-03:00,208,0,0,51,3374,3314,31642,3500,0,40000,0x07
2026-09-06T16:21:26.695-03:00,209,0,0,51,3374,3353,31476,3500,0,40000,0x07
2026-09-06T16:21:26.736-03:00,210,0,0,51,3374,3353,31476,3500,0,40000,0x07
2026-09-06T16:21:26.737-03:00,211,0,0,50,3374,3340,31530,3500,1620,39394,0x07
2026-09-06T16:21:26.755-03:00,212,0,0,50,3374,3340,31530,3500,1620,39394,0x07
2026-09-06T16:21:26.775-03:00,213,0,0,50,3374,3340,31530,3500,1620,39394,0x07
2026-09-06T16:21:26.793-03:00,214,0,0,50,3374,3260,31870,3500,820,40000,0x07
2026-09-06T16:21:26.816-03:00,215,0,0,50,3374,3260,31870,3500,820,40000,0x07
2026-09-06T16:21:26.835-03:00,216,0,0,50,3374,3340,31530,3500,120,40000,0x07
2026-09-06T16:21:26.855-03:00,217,0,0,50,3374,3340,31530,3500,120,40000,0x07
2026-09-06T16:21:26.873-03:00,218,0,0,50,3374,3340,31530,3500,120,40000,0x07
2026-09-06T16:21:26.895-03:00,219,0,0,51,3374,3373,31392,3500,0,40000,0x07
2026-09-06T16:21:26.913-03:00,220,0,0,51,3374,3373,31392,3500,0,40000,0x07
2026-09-06T16:21:26.934-03:00,221,0,0,51,3374,3294,31726,3500,0,40000,0x07
2026-09-06T16:21:26.954-03:00,222,0,0,51,3374,3294,31726,3500,0,40000,0x07
2026-09-06T16:21:26.972-03:00,223,0,0,51,3374,3294,31726,3500,0,40000,0x07
2026-09-06T16:21:26.992-03:00,224,0,0,57,3374,3351,31484,3500,0,40000,0x07
2026-09-06T16:21:27.012-03:00,225,0,0,57,3374,3351,31484,3500,0,40000,0x07
2026-09-06T16:21:27.035-03:00,226,0,0,57,3374,3351,31484,3500,0,40000,0x07
2026-09-06T16:21:27.054-03:00,227,0,0,51,3374,3373,31392,3500,0,40000,0x07
2026-09-06T16:21:27.074-03:00,228,0,0,51,3374,3373,31392,3500,0,40000,0x07
2026-09-06T16:21:27.092-03:00,229,0,0,51,3374,3314,31642,3500,0,40000,0x07
2026-09-06T16:21:27.116-03:00,230,0,0,51,3374,3314,31642,3500,0,40000,0x07
2026-09-06T16:21:27.134-03:00,231,0,0,51,3374,3314,31642,3500,0,40000,0x07
2026-09-06T16:21:27.152-03:00,232,0,0,57,3374,3316,31633,3500,0,40000,0x07
2026-09-06T16:21:27.176-03:00,233,0,0,57,3374,3316,31633,3500,0,40000,0x07
2026-09-06T16:21:27.196-03:00,234,0,0,57,3374,3316,31633,3500,0,40000,0x07
2026-09-06T16:21:27.214-03:00,235,0,0,50,3374,3380,31360,3500,0,40000,0x07
2026-09-06T16:21:27.237-03:00,236,0,0,50,3374,3380,31360,3500,0,40000,0x07
2026-09-06T16:21:27.255-03:00,237,0,0,52,3374,3327,31586,3500,0,40000,0x07
2026-09-06T16:21:27.273-03:00,238,0,0,52,3374,3327,31586,3500,0,40000,0x07
2026-09-06T16:21:27.297-03:00,239,0,0,52,3374,3327,31586,3500,0,40000,0x07
2026-09-06T16:21:27.317-03:00,240,0,0,51,3374,3314,31642,3500,0,40000,0x07
2026-09-06T16:21:27.335-03:00,241,0,0,51,3374,3314,31642,3500,0,40000,0x07
2026-09-06T16:21:27.355-03:00,242,0,0,51,3374,3353,31476,3500,0,40000,0x07
2026-09-06T16:21:27.372-03:00,243,0,0,51,3374,3353,31476,3500,0,40000,0x07
2026-09-06T16:21:27.395-03:00,244,0,0,51,3374,3353,31476,3500,0,40000,0x07
2026-09-06T16:21:27.413-03:00,245,0,0,57,3374,3333,31559,3500,0,40000,0x07
2026-09-06T16:21:27.434-03:00,246,0,0,57,3374,3333,31559,3500,0,40000,0x07
2026-09-06T16:21:27.457-03:00,247,0,0,57,3374,3333,31559,3500,0,40000,0x07
2026-09-06T16:21:27.475-03:00,248,0,0,51,3374,3333,31559,3500,20,40000,0x07
2026-09-06T16:21:27.493-03:00,249,0,0,51,3374,3333,31559,3500,20,40000,0x07
2026-09-06T16:21:27.514-03:00,250,0,0,51,3374,3353,31476,3500,0,40000,0x07
2026-09-06T16:21:27.534-03:00,251,0,0,51,3374,3353,31476,3500,0,40000,0x07
2026-09-06T16:21:27.554-03:00,252,0,0,51,3374,3353,31476,3500,0,40000,0x07
2026-09-06T16:21:27.577-03:00,253,0,0,57,3374,3316,31633,3500,0,40000,0x07
2026-09-06T16:21:27.594-03:00,254,0,0,57,3374,3316,31633,3500,0,40000,0x07
2026-09-06T16:21:27.617-03:00,255,0,0,57,3374,3316,31633,3500,0,40000,0x07
2026-09-06T16:21:27.635-03:00,256,0,0,50,3374,3340,31530,3500,0,40000,0x07
2026-09-06T16:21:27.655-03:00,257,0,0,50,3374,3340,31530,3500,0,40000,0x07
2026-09-06T16:21:27.673-03:00,258,0,0,53,3374,3321,31612,3500,0,40000,0x07
2026-09-06T16:21:27.696-03:00,259,0,0,53,3374,3321,31612,3500,0,40000,0x07
2026-09-06T16:21:27.713-03:00,260,0,0,53,3374,3321,31612,3500,0,40000,0x07
2026-09-06T16:21:27.736-03:00,261,0,0,57,3374,3351,31484,3500,35,40000,0x07
2026-09-06T16:21:27.754-03:00,262,0,0,57,3374,3351,31484,3500,35,40000,0x07
2026-09-06T16:21:27.773-03:00,263,0,0,57,3374,3351,31484,3500,35,40000,0x07
2026-09-06T16:21:27.795-03:00,264,0,0,50,3374,3300,31700,3500,2320,36419,0x07
2026-09-06T16:21:27.816-03:00,265,0,0,50,3374,3300,31700,3500,2320,36419,0x07
2026-09-06T16:21:27.834-03:00,266,0,0,50,3374,3240,31956,3500,2200,36929,0x07
2026-09-06T16:21:27.856-03:00,267,0,0,50,3374,3240,31956,3500,2200,36929,0x07
2026-09-06T16:21:27.873-03:00,268,0,0,50,3374,3240,31956,3500,2200,36929,0x07
2026-09-06T16:21:27.896-03:00,269,0,0,51,3374,3431,31142,3500,1725,38946,0x07
2026-09-06T16:21:27.916-03:00,270,0,0,51,3374,3431,31142,3500,1725,38946,0x07
2026-09-06T16:21:27.933-03:00,271,0,0,51,3374,3431,31142,3500,1725,38946,0x07
2026-09-06T16:21:27.954-03:00,272,0,0,55,3374,3309,31662,3500,1164,40000,0x07
2026-09-06T16:21:27.976-03:00,273,0,0,55,3374,3309,31662,3500,1164,40000,0x07
2026-09-06T16:21:27.996-03:00,274,0,0,53,3374,3340,31532,3500,755,40000,0x07
2026-09-06T16:21:28.016-03:00,275,0,0,53,3374,3340,31532,3500,755,40000,0x07
2026-09-06T16:21:28.034-03:00,276,0,0,53,3374,3340,31532,3500,755,40000,0x07
2026-09-06T16:21:28.054-03:00,277,0,0,51,3374,3373,31392,3500,314,40000,0x07
2026-09-06T16:21:28.074-03:00,278,0,0,51,3374,3373,31392,3500,314,40000,0x07
2026-09-06T16:21:28.097-03:00,279,0,0,51,3374,3294,31726,3500,0,40000,0x07
2026-09-06T16:21:28.115-03:00,280,0,0,51,3374,3294,31726,3500,0,40000,0x07
2026-09-06T16:21:28.133-03:00,281,0,0,51,3374,3294,31726,3500,0,40000,0x07
2026-09-06T16:21:28.156-03:00,282,0,0,51,3374,3353,31476,3500,1333,40000,0x07
2026-09-06T16:21:28.192-03:00,283,0,0,51,3374,3353,31476,3500,1333,40000,0x07
2026-09-06T16:21:28.192-03:00,284,0,0,51,3374,3353,31476,3500,1333,40000,0x07
2026-09-06T16:21:28.214-03:00,285,0,0,53,3374,3340,31532,3500,642,40000,0x07
2026-09-06T16:21:28.232-03:00,286,0,0,53,3374,3340,31532,3500,642,40000,0x07
2026-09-06T16:21:28.253-03:00,287,0,0,57,3374,3281,31783,3500,35,40000,0x07
2026-09-06T16:21:28.272-03:00,288,0,0,57,3374,3281,31783,3500,35,40000,0x07
2026-09-06T16:21:28.294-03:00,289,0,0,57,3374,3281,31783,3500,35,40000,0x07
2026-09-06T16:21:28.312-03:00,290,0,0,57,3374,3333,31559,3500,0,40000,0x07
2026-09-06T16:21:28.335-03:00,291,0,0,57,3374,3333,31559,3500,0,40000,0x07
2026-09-06T16:21:28.353-03:00,292,0,0,57,3374,3333,31559,3500,0,40000,0x07
2026-09-06T16:21:28.377-03:00,293,0,0,50,3374,3360,31446,3500,0,40000,0x07
2026-09-06T16:21:28.397-03:00,294,0,0,50,3374,3360,31446,3500,0,40000,0x07
2026-09-06T16:21:28.417-03:00,295,0,0,51,3374,3333,31559,3500,0,40000,0x07
2026-09-06T16:21:28.435-03:00,296,0,0,51,3374,3333,31559,3500,0,40000,0x07
2026-09-06T16:21:28.455-03:00,297,0,0,51,3374,3333,31559,3500,0,40000,0x07
2026-09-06T16:21:28.473-03:00,298,0,0,60,3374,3333,31559,3500,0,40000,0x07
2026-09-06T16:21:28.496-03:00,299,0,0,60,3374,3333,31559,3500,0,40000,0x07
2026-09-06T16:21:28.517-03:00,300,0,0,60,3374,3333,31559,3500,0,40000,0x07
2026-09-06T16:21:28.535-03:00,301,0,0,50,3374,3340,31530,3500,0,40000,0x07
2026-09-06T16:21:28.555-03:00,302,0,0,50,3374,3340,31530,3500,0,40000,0x07
2026-09-06T16:21:28.573-03:00,303,0,0,54,3374,3352,31480,3500,0,40000,0x07
2026-09-06T16:21:28.597-03:00,304,0,0,54,3374,3352,31480,3500,0,40000,0x07
2026-09-06T16:21:28.615-03:00,305,0,0,54,3374,3352,31480,3500,0,40000,0x07
2026-09-06T16:21:28.634-03:00,306,0,0,56,3374,3339,31534,3500,0,40000,0x07
2026-09-06T16:21:28.654-03:00,307,0,0,56,3374,3339,31534,3500,0,40000,0x07
2026-09-06T16:21:28.674-03:00,308,0,0,56,3374,3339,31534,3500,0,40000,0x07
2026-09-06T16:21:28.692-03:00,309,0,0,50,3374,3320,31616,3500,0,40000,0x07
2026-09-06T16:21:28.716-03:00,310,0,0,50,3374,3320,31616,3500,0,40000,0x07
2026-09-06T16:21:28.733-03:00,311,0,0,50,3374,3360,31446,3500,0,40000,0x07
2026-09-06T16:21:28.756-03:00,312,0,0,50,3374,3360,31446,3500,0,40000,0x07
2026-09-06T16:21:28.776-03:00,313,0,0,50,3374,3360,31446,3500,0,40000,0x07
2026-09-06T16:21:28.794-03:00,314,0,0,51,3374,3314,31642,3500,0,40000,0x07
2026-09-06T16:21:28.813-03:00,315,0,0,51,3374,3314,31642,3500,0,40000,0x07
2026-09-06T16:21:28.836-03:00,316,0,0,52,3374,3308,31668,3500,0,40000,0x07
2026-09-06T16:21:28.854-03:00,317,0,0,52,3374,3308,31668,3500,0,40000,0x07
2026-09-06T16:21:28.872-03:00,318,0,0,52,3374,3308,31668,3500,0,40000,0x07
2026-09-06T16:21:28.893-03:00,319,0,0,50,3374,3380,31360,3500,20,40000,0x07
2026-09-06T16:21:28.916-03:00,320,0,0,50,3374,3380,31360,3500,20,40000,0x07
2026-09-06T16:21:28.935-03:00,321,0,0,50,3374,3380,31360,3500,20,40000,0x07
2026-09-06T16:21:28.952-03:00,322,0,0,52,3374,3346,31504,3500,19,40000,0x07
2026-09-06T16:21:28.975-03:00,323,0,0,52,3374,3346,31504,3500,19,40000,0x07
2026-09-06T16:21:28.993-03:00,324,0,0,57,3374,3298,31708,3500,0,40000,0x07
2026-09-06T16:21:29.017-03:00,325,0,0,57,3374,3298,31708,3500,0,40000,0x07
2026-09-06T16:21:29.037-03:00,326,0,0,57,3374,3298,31708,3500,0,40000,0x07
2026-09-06T16:21:29.055-03:00,327,0,0,57,3374,3351,31484,3500,0,40000,0x07
2026-09-06T16:21:29.072-03:00,328,0,0,57,3374,3351,31484,3500,0,40000,0x07
2026-09-06T16:21:29.096-03:00,329,0,0,57,3374,3351,31484,3500,0,40000,0x07
2026-09-06T16:21:29.113-03:00,330,0,0,50,3374,3380,31360,3500,0,40000,0x07
2026-09-06T16:21:29.134-03:00,331,0,0,50,3374,3380,31360,3500,0,40000,0x07
2026-09-06T16:21:29.156-03:00,332,0,0,53,3374,3321,31612,3500,0,40000,0x07
2026-09-06T16:21:29.174-03:00,333,0,0,53,3374,3321,31612,3500,0,40000,0x07
2026-09-06T16:21:29.192-03:00,334,0,0,53,3374,3321,31612,3500,0,40000,0x07
2026-09-06T16:21:29.216-03:00,335,0,0,50,3374,3300,31700,3500,0,40000,0x07
2026-09-06T16:21:29.236-03:00,336,0,0,50,3374,3300,31700,3500,0,40000,0x07
2026-09-06T16:21:29.254-03:00,337,0,0,50,3374,3300,31700,3500,0,40000,0x07
2026-09-06T16:21:29.272-03:00,338,0,0,52,3374,3385,31341,3500,0,40000,0x07
2026-09-06T16:21:29.293-03:00,339,0,0,52,3374,3385,31341,3500,0,40000,0x07
2026-09-06T16:21:29.315-03:00,340,0,0,56,3374,3304,31685,3500,0,40000,0x07
2026-09-06T16:21:29.337-03:00,341,0,0,56,3374,3304,31685,3500,0,40000,0x07
2026-09-06T16:21:29.355-03:00,342,0,0,56,3374,3304,31685,3500,0,40000,0x07
2026-09-06T16:21:29.372-03:00,343,0,0,51,3374,3314,31642,3500,0,40000,0x07
2026-09-06T16:21:29.395-03:00,344,0,0,51,3374,3314,31642,3500,0,40000,0x07
2026-09-06T16:21:29.412-03:00,345,0,0,51,3374,3314,31642,3500,0,40000,0x07
2026-09-06T16:21:29.432-03:00,346,0,0,54,3374,3389,31323,3500,0,40000,0x07
2026-09-06T16:21:29.454-03:00,347,0,0,54,3374,3389,31323,3500,0,40000,0x07
2026-09-06T16:21:29.474-03:00,348,0,0,54,3374,3315,31638,3500,0,40000,0x07
2026-09-06T16:21:29.497-03:00,349,0,0,54,3374,3315,31638,3500,0,40000,0x07
2026-09-06T16:21:29.514-03:00,350,0,0,54,3374,3315,31638,3500,0,40000,0x07
2026-09-06T16:21:29.553-03:00,351,0,0,50,3374,3340,31530,3500,0,40000,0x07
2026-09-06T16:21:29.594-03:00,352,0,0,50,3374,3340,31530,3500,0,40000,0x07
2026-09-06T16:21:29.594-03:00,353,0,0,51,3374,3333,31559,3500,0,40000,0x07
2026-09-06T16:21:29.612-03:00,354,0,0,51,3374,3333,31559,3500,0,40000,0x07
2026-09-06T16:21:29.636-03:00,355,0,0,50,3374,3320,31616,3500,0,40000,0x07
2026-09-06T16:21:29.656-03:00,357,0,0,50,3374,3320,31616,3500,0,40000,0x07
2026-09-06T16:21:29.676-03:00,358,0,0,50,3374,3320,31616,3500,0,40000,0x07
2026-09-06T16:21:29.695-03:00,359,0,0,54,3374,3370,31401,3500,0,40000,0x07
2026-09-06T16:21:29.715-03:00,360,0,0,54,3374,3370,31401,3500,0,40000,0x07
2026-09-06T16:21:29.733-03:00,361,0,0,50,3374,3300,31700,3500,0,40000,0x07
2026-09-06T16:21:29.756-03:00,362,0,0,50,3374,3300,31700,3500,0,40000,0x07
2026-09-06T16:21:29.774-03:00,363,0,0,50,3374,3300,31700,3500,0,40000,0x07
2026-09-06T16:21:29.794-03:00,364,0,0,52,3374,3385,31341,3500,0,40000,0x07
2026-09-06T16:21:29.814-03:00,365,0,0,52,3374,3385,31341,3500,0,40000,0x07
2026-09-06T16:21:29.837-03:00,366,0,0,55,3374,3291,31739,3500,0,40000,0x07
2026-09-06T16:21:29.856-03:00,367,0,0,55,3374,3291,31739,3500,0,40000,0x07
2026-09-06T16:21:29.874-03:00,368,0,0,55,3374,3291,31739,3500,0,40000,0x07
2026-09-06T16:21:29.893-03:00,369,0,0,51,3374,3333,31559,3500,0,40000,0x07
2026-09-06T16:21:29.912-03:00,370,0,0,51,3374,3333,31559,3500,0,40000,0x07
2026-09-06T16:21:29.932-03:00,371,0,0,51,3374,3333,31559,3500,0,40000,0x07
2026-09-06T16:21:29.955-03:00,372,0,0,53,3374,3377,31372,3500,0,40000,0x07
2026-09-06T16:21:29.973-03:00,373,0,0,53,3374,3377,31372,3500,0,40000,0x07
2026-09-06T16:21:29.995-03:00,374,0,0,53,3374,3283,31773,3500,0,40000,0x07
2026-09-06T16:21:30.013-03:00,375,0,0,53,3374,3283,31773,3500,0,40000,0x07
2026-09-06T16:21:30.036-03:00,376,0,0,53,3374,3283,31773,3500,0,40000,0x07
2026-09-06T16:21:30.053-03:00,377,0,0,51,3374,3333,31559,3500,0,40000,0x07
2026-09-06T16:21:30.076-03:00,378,0,0,51,3374,3333,31559,3500,0,40000,0x07
2026-09-06T16:21:30.096-03:00,379,0,0,53,3374,3340,31532,3500,0,40000,0x07
2026-09-06T16:21:30.114-03:00,380,0,0,53,3374,3340,31532,3500,0,40000,0x07
2026-09-06T16:21:30.133-03:00,381,0,0,53,3374,3340,31532,3500,0,40000,0x07
2026-09-06T16:21:30.156-03:00,382,0,0,50,3374,3320,31616,3500,0,40000,0x07
2026-09-06T16:21:30.174-03:00,383,0,0,50,3374,3320,31616,3500,0,40000,0x07
2026-09-06T16:21:30.236-03:00,384,0,0,50,3374,3320,31616,3500,0,40000,0x07
2026-09-06T16:21:30.236-03:00,385,0,0,52,3374,3308,31668,3500,0,40000,0x07
2026-09-06T16:21:30.254-03:00,386,0,0,50,3374,3300,31700,3500,0,40000,0x07
2026-09-06T16:21:30.276-03:00,387,0,0,50,3374,3300,31700,3500,0,40000,0x07
2026-09-06T16:21:30.294-03:00,388,0,0,50,3374,3300,31700,3500,0,40000,0x07
2026-09-06T16:21:30.314-03:00,390,0,0,53,3374,3358,31452,3500,0,40000,0x07
2026-09-06T16:21:30.334-03:00,391,0,0,53,3374,3358,31452,3500,0,40000,0x07
2026-09-06T16:21:30.357-03:00,392,0,0,53,3374,3283,31773,3500,0,40000,0x07
2026-09-06T16:21:30.374-03:00,393,0,0,53,3374,3283,31773,3500,0,40000,0x07
2026-09-06T16:21:30.397-03:00,394,0,0,53,3374,3283,31773,3500,0,40000,0x07
2026-09-06T16:21:30.413-03:00,395,0,0,50,3374,3340,31530,3500,0,40000,0x07
2026-09-06T16:21:30.436-03:00,396,0,0,50,3374,3340,31530,3500,0,40000,0x07
2026-09-06T16:21:30.454-03:00,397,0,0,52,3374,3385,31341,3500,0,40000,0x07
2026-09-06T16:21:30.477-03:00,398,0,0,52,3374,3385,31341,3500,0,40000,0x07
2026-09-06T16:21:30.495-03:00,399,0,0,52,3374,3385,31341,3500,0,40000,0x07
2026-09-06T16:21:30.515-03:00,400,0,0,51,3374,3314,31642,3500,0,40000,0x07
2026-09-06T16:21:30.533-03:00,401,0,0,51,3374,3314,31642,3500,0,40000,0x07
2026-09-06T16:21:30.553-03:00,402,0,0,51,3374,3314,31642,3500,0,40000,0x07
2026-09-06T16:21:30.572-03:00,403,0,0,52,3374,3288,31750,3500,0,40000,0x07
2026-09-06T16:21:30.594-03:00,404,0,0,52,3374,3288,31750,3500,0,40000,0x07
2026-09-06T16:21:30.617-03:00,405,0,0,56,3374,2732,34114,3500,0,40000,0x07
2026-09-06T16:21:30.633-03:00,406,0,0,56,3374,2732,34114,3500,0,40000,0x07
2026-09-06T16:21:30.653-03:00,407,0,0,56,3374,2732,34114,3500,0,40000,0x07
2026-09-06T16:21:30.677-03:00,408,0,0,51,3374,2725,34142,3500,0,40000,0x07
2026-09-06T16:21:30.697-03:00,409,0,0,51,3374,2725,34142,3500,0,40000,0x07
2026-09-06T16:21:30.715-03:00,410,0,0,51,3374,2725,34142,3500,0,40000,0x07
2026-09-06T16:21:30.733-03:00,411,0,0,52,3374,3288,31750,3500,0,40000,0x07
2026-09-06T16:21:30.753-03:00,412,0,0,52,3374,3288,31750,3500,0,40000,0x07
2026-09-06T16:21:30.774-03:00,413,0,0,56,3374,3393,31306,3500,0,40000,0x07
2026-09-06T16:21:30.797-03:00,414,0,0,56,3374,3393,31306,3500,0,40000,0x07
2026-09-06T16:21:30.814-03:00,415,0,0,56,3374,3393,31306,3500,0,40000,0x07
2026-09-06T16:21:30.837-03:00,416,0,0,51,3374,3373,31392,3500,0,40000,0x07
2026-09-06T16:21:30.857-03:00,417,0,0,51,3374,3373,31392,3500,0,40000,0x07
2026-09-06T16:21:30.896-03:00,418,0,0,51,3374,3373,31392,3500,0,40000,0x07
2026-09-06T16:21:30.896-03:00,419,0,0,53,3374,2736,34098,3500,0,40000,0x07
2026-09-06T16:21:30.914-03:00,420,0,0,53,3374,2736,34098,3500,0,40000,0x07
2026-09-06T16:21:30.932-03:00,421,0,0,55,3374,2564,34830,3500,0,40000,0x07
2026-09-06T16:21:30.955-03:00,422,0,0,55,3374,2564,34830,3500,0,40000,0x07
2026-09-06T16:21:30.973-03:00,423,0,0,55,3374,2564,34830,3500,0,40000,0x07
2026-09-06T16:21:30.996-03:00,424,0,0,51,3374,3118,32476,3500,0,40000,0x07
2026-09-06T16:21:31.016-03:00,425,0,0,51,3374,3118,32476,3500,0,40000,0x07
2026-09-06T16:21:31.033-03:00,426,0,0,51,3374,3118,32476,3500,0,40000,0x07
2026-09-06T16:21:31.056-03:00,427,0,0,54,3374,3222,32031,3500,0,40000,0x07
2026-09-06T16:21:31.074-03:00,428,0,0,54,3374,3222,32031,3500,0,40000,0x07
2026-09-06T16:21:31.092-03:00,429,0,0,54,3374,2704,34235,3500,0,40000,0x07
2026-09-06T16:21:31.116-03:00,430,0,0,54,3374,2704,34235,3500,0,40000,0x07
2026-09-06T16:21:31.134-03:00,431,0,0,54,3374,2704,34235,3500,0,40000,0x07
2026-09-06T16:21:31.152-03:00,432,0,0,51,3374,2667,34392,3500,0,40000,0x07
2026-09-06T16:21:31.176-03:00,433,0,0,51,3374,2667,34392,3500,0,40000,0x07
2026-09-06T16:21:31.194-03:00,434,0,0,52,3374,2885,33466,3500,0,40000,0x07
2026-09-06T16:21:31.212-03:00,435,0,0,52,3374,2885,33466,3500,0,40000,0x07
2026-09-06T16:21:31.237-03:00,436,0,0,52,3374,2885,33466,3500,0,40000,0x07
2026-09-06T16:21:31.255-03:00,437,0,0,51,3374,2922,33309,3500,0,40000,0x07
2026-09-06T16:21:31.276-03:00,438,0,0,51,3374,2922,33309,3500,0,40000,0x07
2026-09-06T16:21:31.317-03:00,439,0,0,51,3374,2549,34892,3500,0,40000,0x07
2026-09-06T16:21:31.317-03:00,440,0,0,51,3374,2549,34892,3500,0,40000,0x07
2026-09-06T16:21:31.335-03:00,441,0,0,51,3374,2549,34892,3500,0,40000,0x07
2026-09-06T16:21:31.353-03:00,442,0,0,56,3374,2875,33507,3500,0,40000,0x07
2026-09-06T16:21:31.377-03:00,443,0,0,56,3374,2875,33507,3500,0,40000,0x07
2026-09-06T16:21:31.395-03:00,444,0,0,56,3374,2875,33507,3500,0,40000,0x07
2026-09-06T16:21:31.413-03:00,445,0,0,51,3374,3176,32226,3500,0,40000,0x07
2026-09-06T16:21:31.433-03:00,446,0,0,51,3374,3176,32226,3500,0,40000,0x07
2026-09-06T16:21:31.456-03:00,447,0,0,50,3374,2780,33910,3500,0,40000,0x07
2026-09-06T16:21:31.474-03:00,448,0,0,50,3374,2780,33910,3500,0,40000,0x07
2026-09-06T16:21:31.492-03:00,449,0,0,50,3374,2780,33910,3500,0,40000,0x07
2026-09-06T16:21:31.516-03:00,450,0,0,50,3374,2420,35440,3500,0,40000,0x07
2026-09-06T16:21:31.534-03:00,451,0,0,50,3374,2420,35440,3500,0,40000,0x07
2026-09-06T16:21:31.557-03:00,452,0,0,50,3374,2420,35440,3500,0,40000,0x07
2026-09-06T16:21:31.577-03:00,453,0,0,52,3374,2462,35281,3500,0,40000,0x07
2026-09-06T16:21:31.595-03:00,454,0,0,52,3374,2462,35281,3500,0,40000,0x07
2026-09-06T16:21:31.615-03:00,455,0,0,50,3374,2820,33774,3500,0,40000,0x07
2026-09-06T16:21:31.635-03:00,456,0,0,50,3374,2820,33774,3500,0,40000,0x07
2026-09-06T16:21:31.652-03:00,457,0,0,50,3374,2820,33774,3500,0,40000,0x07
2026-09-06T16:21:31.673-03:00,458,0,0,53,3374,2660,34471,3500,0,40000,0x07
2026-09-06T16:21:31.696-03:00,459,0,0,53,3374,2660,34471,3500,0,40000,0x07
2026-09-06T16:21:31.714-03:00,460,0,0,52,3374,2385,35664,3500,0,40000,0x07
2026-09-06T16:21:31.736-03:00,461,0,0,52,3374,2385,35664,3500,0,40000,0x07
2026-09-06T16:21:31.755-03:00,462,0,0,52,3374,2385,35664,3500,0,40000,0x07
2026-09-06T16:21:31.773-03:00,463,0,0,51,3374,2510,35153,3500,0,40000,0x07
2026-09-06T16:21:31.796-03:00,464,0,0,51,3374,2510,35153,3500,0,40000,0x07
2026-09-06T16:21:31.814-03:00,465,0,0,52,3374,3019,33008,3500,0,40000,0x07
2026-09-06T16:21:31.837-03:00,466,0,0,52,3374,3019,33008,3500,0,40000,0x07
2026-09-06T16:21:31.855-03:00,467,0,0,52,3374,3019,33008,3500,0,40000,0x07
2026-09-06T16:21:31.873-03:00,468,0,0,51,3374,2961,33276,3500,0,40000,0x07
2026-09-06T16:21:31.896-03:00,469,0,0,51,3374,2961,33276,3500,0,40000,0x07
2026-09-06T16:21:31.914-03:00,470,0,0,51,3374,2961,33276,3500,0,40000,0x07
2026-09-06T16:21:31.932-03:00,471,0,0,53,3374,2019,37311,3500,0,40000,0x07
2026-09-06T16:21:31.955-03:00,472,0,0,53,3374,2019,37311,3500,0,40000,0x07
2026-09-06T16:21:31.972-03:00,473,0,0,56,3374,2232,36439,3500,0,40000,0x07
2026-09-06T16:21:31.995-03:00,474,0,0,56,3374,2232,36439,3500,0,40000,0x07
2026-09-06T16:21:32.017-03:00,475,0,0,56,3374,2232,36439,3500,0,40000,0x07
2026-09-06T16:21:32.035-03:00,476,0,0,50,3374,3040,33032,3500,0,40000,0x07
2026-09-06T16:21:32.055-03:00,477,0,0,50,3374,3040,33032,3500,0,40000,0x07
2026-09-06T16:21:32.073-03:00,478,0,0,52,3374,3404,31508,3500,0,40000,0x07
2026-09-06T16:21:32.093-03:00,479,0,0,52,3374,3404,31508,3500,0,40000,0x07
2026-09-06T16:21:32.116-03:00,480,0,0,52,3374,3404,31508,3500,0,40000,0x07
2026-09-06T16:21:32.134-03:00,481,0,0,51,3374,3451,31330,3500,0,40000,0x07
2026-09-06T16:21:32.154-03:00,482,0,0,51,3374,3451,31330,3500,0,40000,0x07
2026-09-06T16:21:32.173-03:00,483,0,0,51,3374,3451,31330,3500,0,40000,0x07
2026-09-06T16:21:32.196-03:00,484,0,0,54,3374,3352,31772,3500,0,40000,0x07
2026-09-06T16:21:32.216-03:00,485,0,0,54,3374,3352,31772,3500,0,40000,0x07
2026-09-06T16:21:32.234-03:00,486,0,0,51,3374,3333,31873,3500,0,40000,0x07
2026-09-06T16:21:32.257-03:00,487,0,0,51,3374,3333,31873,3500,0,40000,0x07
2026-09-06T16:21:32.275-03:00,488,0,0,51,3374,3333,31873,3500,0,40000,0x07
2026-09-06T16:21:32.293-03:00,489,0,0,50,3374,3360,31780,3500,0,40000,0x07
2026-09-06T16:21:32.315-03:00,490,0,0,50,3374,3360,31780,3500,0,40000,0x07
2026-09-06T16:21:32.333-03:00,491,0,0,53,3374,3132,32771,3500,0,40000,0x07
2026-09-06T16:21:32.356-03:00,492,0,0,53,3374,3132,32771,3500,0,40000,0x07
2026-09-06T16:21:32.374-03:00,493,0,0,53,3374,3132,32771,3500,0,40000,0x07
2026-09-06T16:21:32.393-03:00,494,0,0,50,3374,3160,32676,3500,0,40000,0x07
2026-09-06T16:21:32.415-03:00,495,0,0,50,3374,3160,32676,3500,0,40000,0x07
2026-09-06T16:21:32.433-03:00,496,0,0,50,3374,3320,32016,3500,0,40000,0x07
2026-09-06T16:21:32.476-03:00,497,0,0,50,3374,3320,32016,3500,0,40000,0x07
2026-09-06T16:21:32.518-03:00,498,0,0,50,3374,3320,32016,3500,0,40000,0x07
2026-09-06T16:21:32.561-03:00,499,0,0,57,3374,3298,32130,3500,0,40000,0x07
2026-09-06T16:21:32.605-03:00,500,0,0,57,3374,3298,32130,3500,0,40000,0x07
2026-09-06T16:21:32.649-03:00,501,0,0,50,0,0,0,0,0,0,0x03
