timestamp,sequence,team,robot_id,interval_ms,left_target_eps,left_measured_eps,left_duty,right_target_eps,right_measured_eps,right_duty,flags
2026-09-06T17:48:31.752-03:00,502,0,1,50,0,0,0,0,0,0,0x03
2026-09-06T17:48:31.770-03:00,503,0,1,51,0,0,0,0,0,0,0x03
2026-09-06T17:48:31.793-03:00,504,0,1,50,0,0,0,0,0,0,0x03
2026-09-06T17:48:31.811-03:00,505,0,1,50,0,0,0,0,0,0,0x03
2026-09-06T17:48:31.831-03:00,505,0,1,53,0,0,0,0,0,0,0x03
2026-09-06T17:48:31.849-03:00,505,0,1,53,0,0,0,0,0,0,0x03
2026-09-06T17:48:31.872-03:00,505,0,1,51,0,0,0,0,0,0,0x03
2026-09-06T17:48:31.891-03:00,505,0,1,51,0,0,0,0,0,0,0x03
2026-09-06T17:48:31.911-03:00,505,0,1,51,0,0,0,0,0,0,0x03
2026-09-06T17:48:31.929-03:00,505,0,1,51,0,0,0,0,0,0,0x03
2026-09-06T17:48:31.953-03:00,505,0,1,51,0,0,0,0,0,0,0x03
2026-09-06T17:48:31.973-03:00,8,0,1,56,3374,18,40000,3500,0,40000,0x07
2026-09-06T17:48:31.991-03:00,9,0,1,56,3374,18,40000,3500,0,40000,0x07
2026-09-06T17:48:32.033-03:00,10,0,1,56,3374,18,40000,3500,0,40000,0x07
2026-09-06T17:48:32.033-03:00,11,0,1,52,3374,1942,37203,3500,1442,40000,0x07
2026-09-06T17:48:32.051-03:00,12,0,1,52,3374,1942,37203,3500,1442,40000,0x07
2026-09-06T17:48:32.069-03:00,13,0,1,52,3374,1942,37203,3500,1442,40000,0x07
2026-09-06T17:48:32.093-03:00,14,0,1,56,3374,3607,30127,3500,2821,34913,0x07
2026-09-06T17:48:32.111-03:00,15,0,1,56,3374,3607,30127,3500,2821,34913,0x07
2026-09-06T17:48:32.131-03:00,16,0,1,52,3374,3769,29438,3500,3327,32765,0x07
2026-09-06T17:48:32.149-03:00,17,0,1,52,3374,3769,29438,3500,3327,32765,0x07
2026-09-06T17:48:32.172-03:00,18,0,1,52,3374,3769,29438,3500,3327,32765,0x07
2026-09-06T17:48:32.190-03:00,19,0,1,50,3374,3400,31008,3500,3380,32539,0x07
2026-09-06T17:48:32.211-03:00,20,0,1,50,3374,3400,31008,3500,3380,32539,0x07
2026-09-06T17:48:32.229-03:00,21,0,1,52,3374,3365,31155,3500,3269,33010,0x07
2026-09-06T17:48:32.253-03:00,22,0,1,52,3374,3365,31155,3500,3269,33010,0x07
2026-09-06T17:48:32.271-03:00,23,0,1,52,3374,3365,31155,3500,3269,33010,0x07
2026-09-06T17:48:32.289-03:00,24,0,1,59,3374,3373,31123,3500,3254,33073,0x07
2026-09-06T17:48:32.309-03:00,25,0,1,59,3374,3373,31123,3500,3254,33073,0x07
2026-09-06T17:48:32.329-03:00,26,0,1,59,3374,3373,31123,3500,3254,33073,0x07
2026-09-06T17:48:32.352-03:00,27,0,1,58,3374,3414,30949,3500,3293,32908,0x07
2026-09-06T17:48:32.369-03:00,28,0,1,58,3374,3414,30949,3500,3293,32908,0x07
2026-09-06T17:48:32.392-03:00,29,0,1,58,3374,3414,30949,3500,3293,32908,0x07
2026-09-06T17:48:32.412-03:00,30,0,1,51,3374,3471,30708,3500,3275,32987,0x07
2026-09-06T17:48:32.431-03:00,31,0,1,51,3374,3471,30708,3500,3275,32987,0x07
2026-09-06T17:48:32.449-03:00,32,0,1,55,3374,3364,31162,3500,3291,32918,0x07
2026-09-06T17:48:32.472-03:00,33,0,1,55,3374,3364,31162,3500,3291,32918,0x07
2026-09-06T17:48:32.494-03:00,34,0,1,55,3374,3364,31162,3500,3291,32918,0x07
2026-09-06T17:48:32.512-03:00,35,0,1,55,3374,3418,30930,3500,3291,32918,0x07
2026-09-06T17:48:32.530-03:00,36,0,1,55,3374,3418,30930,3500,3291,32918,0x07
2026-09-06T17:48:32.550-03:00,37,0,1,55,3374,3418,30930,3500,3291,32918,0x07
2026-09-06T17:48:32.573-03:00,38,0,1,51,3374,3431,30874,3500,3216,33237,0x07
2026-09-06T17:48:32.591-03:00,39,0,1,51,3374,3431,30874,3500,3216,33237,0x07
2026-09-06T17:48:32.609-03:00,40,0,1,51,3374,3431,30874,3500,3216,33237,0x07
2026-09-06T17:48:32.632-03:00,41,0,1,56,3374,3411,30962,3500,3232,33167,0x07
2026-09-06T17:48:32.650-03:00,42,0,1,56,3374,3411,30962,3500,3232,33167,0x07
2026-09-06T17:48:32.672-03:00,43,0,1,52,3374,3442,30828,3500,3250,33092,0x07
2026-09-06T17:48:32.690-03:00,44,0,1,52,3374,3442,30828,3500,3250,33092,0x07
2026-09-06T17:48:32.709-03:00,45,0,1,52,3374,3442,30828,3500,3250,33092,0x07
2026-09-06T17:48:32.732-03:00,46,0,1,51,3374,3451,30791,3500,3255,33071,0x07
2026-09-06T17:48:32.750-03:00,47,0,1,51,3374,3451,30791,3500,3255,33071,0x07
2026-09-06T17:48:32.774-03:00,48,0,1,51,3374,3451,30791,3500,3255,33071,0x07
2026-09-06T17:48:32.792-03:00,49,0,1,56,3374,3339,31266,3500,3107,33699,0x07
2026-09-06T17:48:32.810-03:00,50,0,1,56,3374,3339,31266,3500,3107,33699,0x07
2026-09-06T17:48:32.833-03:00,51,0,1,57,3374,3456,30769,3500,3211,33259,0x07
2026-09-06T17:48:32.852-03:00,52,0,1,57,3374,3456,30769,3500,3211,33259,0x07
2026-09-06T17:48:32.870-03:00,53,0,1,57,3374,3456,30769,3500,3211,33259,0x07
2026-09-06T17:48:32.893-03:00,54,0,1,50,3374,3420,30922,3500,3260,33049,0x07
2026-09-06T17:48:32.910-03:00,55,0,1,50,3374,3420,30922,3500,3260,33049,0x07
2026-09-06T17:48:32.932-03:00,56,0,1,50,3374,3420,30922,3500,3260,33049,0x07
2026-09-06T17:48:32.950-03:00,57,0,1,53,3374,3415,30943,3500,3226,33192,0x07
2026-09-06T17:48:32.970-03:00,58,0,1,53,3374,3415,30943,3500,3226,33192,0x07
2026-09-06T17:48:32.992-03:00,59,0,1,56,3374,3393,31038,3500,3196,33319,0x07
2026-09-06T17:48:33.014-03:00,60,0,1,56,3374,3393,31038,3500,3196,33319,0x07
2026-09-06T17:48:33.032-03:00,61,0,1,56,3374,3393,31038,3500,3196,33319,0x07
2026-09-06T17:48:33.050-03:00,62,0,1,51,3374,3431,30874,3500,3196,33321,0x07
2026-09-06T17:48:33.073-03:00,63,0,1,51,3374,3431,30874,3500,3196,33321,0x07
2026-09-06T17:48:33.093-03:00,64,0,1,51,3374,3431,30874,3500,3196,33321,0x07
2026-09-06T17:48:33.111-03:00,65,0,1,56,3374,3250,31645,3500,3214,33243,0x07
2026-09-06T17:48:33.131-03:00,66,0,1,56,3374,3250,31645,3500,3214,33243,0x07
2026-09-06T17:48:33.151-03:00,67,0,1,55,3374,3309,31394,3500,3255,33072,0x07
2026-09-06T17:48:33.169-03:00,68,0,1,55,3374,3309,31394,3500,3255,33072,0x07
2026-09-06T17:48:33.193-03:00,69,0,1,55,3374,3309,31394,3500,3255,33072,0x07
2026-09-06T17:48:33.213-03:00,70,0,1,57,3374,3333,31291,3500,3158,33483,0x07
2026-09-06T17:48:33.231-03:00,71,0,1,57,3374,3333,31291,3500,3158,33483,0x07
2026-09-06T17:48:33.249-03:00,72,0,1,57,3374,3333,31291,3500,3158,33483,0x07
2026-09-06T17:48:33.272-03:00,73,0,1,62,3374,3323,31337,3500,3177,33400,0x07
2026-09-06T17:48:33.290-03:00,74,0,1,62,3374,3323,31337,3500,3177,33400,0x07
2026-09-06T17:48:33.310-03:00,75,0,1,62,3374,3323,31337,3500,3177,33400,0x07
2026-09-06T17:48:33.330-03:00,76,0,1,50,3374,3300,31432,3500,3240,33134,0x07
2026-09-06T17:48:33.353-03:00,77,0,1,50,3374,3300,31432,3500,3240,33134,0x07
2026-09-06T17:48:33.371-03:00,78,0,1,50,3374,3300,31432,3500,3240,33134,0x07
2026-09-06T17:48:33.390-03:00,79,0,1,53,3374,3264,31585,3500,3170,33432,0x07
2026-09-06T17:48:33.412-03:00,80,0,1,53,3374,3264,31585,3500,3170,33432,0x07
2026-09-06T17:48:33.432-03:00,81,0,1,56,3374,3286,31493,3500,3250,33092,0x07
2026-09-06T17:48:33.450-03:00,82,0,1,56,3374,3286,31493,3500,3250,33092,0x07
2026-09-06T17:48:33.473-03:00,83,0,1,56,3374,3286,31493,3500,3250,33092,0x07
2026-09-06T17:48:33.490-03:00,84,0,1,51,3374,3392,31041,3500,3196,33321,0x07
2026-09-06T17:48:33.510-03:00,85,0,1,51,3374,3392,31041,3500,3196,33321,0x07
2026-09-06T17:48:33.530-03:00,86,0,1,51,3374,3235,31708,3500,3196,33321,0x07
2026-09-06T17:48:33.552-03:00,87,0,1,51,3374,3235,31708,3500,3196,33321,0x07
2026-09-06T17:48:33.571-03:00,88,0,1,51,3374,3235,31708,3500,3196,33321,0x07
2026-09-06T17:48:33.594-03:00,89,0,1,50,3374,2740,33812,3500,3220,33219,0x07
2026-09-06T17:48:33.611-03:00,90,0,1,50,3374,2740,33812,3500,3220,33219,0x07
2026-09-06T17:48:33.632-03:00,91,0,1,50,3374,2740,33812,3500,3220,33219,0x07
2026-09-06T17:48:33.649-03:00,92,0,1,54,3374,2796,33573,3500,3204,33288,0x07
2026-09-06T17:48:33.673-03:00,93,0,1,54,3374,2796,33573,3500,3204,33288,0x07
2026-09-06T17:48:33.691-03:00,94,0,1,55,3374,2836,33403,3500,3200,33304,0x07
2026-09-06T17:48:33.711-03:00,95,0,1,55,3374,2836,33403,3500,3200,33304,0x07
2026-09-06T17:48:33.729-03:00,96,0,1,55,3374,2836,33403,3500,3200,33304,0x07
2026-09-06T17:48:33.752-03:00,97,0,1,50,3374,2480,34942,3500,3200,33304,0x07
2026-09-06T17:48:33.770-03:00,98,0,1,50,3374,2480,34942,3500,3200,33304,0x07
2026-09-06T17:48:33.794-03:00,99,0,1,50,3374,2480,34942,3500,3200,33304,0x07
2026-09-06T17:48:33.813-03:00,100,0,1,52,3374,2750,33819,3500,3173,33418,0x07
2026-09-06T17:48:33.831-03:00,101,0,1,52,3374,2750,33819,3500,3173,33418,0x07
2026-09-06T17:48:33.849-03:00,102,0,1,50,3374,3300,31504,3500,3180,33389,0x07
2026-09-06T17:48:33.872-03:00,103,0,1,50,3374,3300,31504,3500,3180,33389,0x07
2026-09-06T17:48:33.891-03:00,104,0,1,50,3374,3300,31504,3500,3180,33389,0x07
2026-09-06T17:48:33.914-03:00,105,0,1,55,3374,3455,30872,3500,3182,33381,0x07
2026-09-06T17:48:33.932-03:00,106,0,1,55,3374,3455,30872,3500,3182,33381,0x07
2026-09-06T17:48:33.952-03:00,107,0,1,51,3374,3431,30992,3500,3137,33571,0x07
2026-09-06T17:48:33.971-03:00,108,0,1,51,3374,3431,30992,3500,3137,33571,0x07
2026-09-06T17:48:33.989-03:00,109,0,1,51,3374,3431,30992,3500,3137,33571,0x07
2026-09-06T17:48:34.013-03:00,110,0,1,51,3374,3275,31682,3500,3078,33821,0x07
2026-09-06T17:48:34.031-03:00,111,0,1,51,3374,3275,31682,3500,3078,33821,0x07
2026-09-06T17:48:34.049-03:00,112,0,1,51,3374,3275,31682,3500,3078,33821,0x07
2026-09-06T17:48:34.069-03:00,113,0,1,54,3374,3333,31454,3500,2944,34390,0x07
2026-09-06T17:48:34.093-03:00,114,0,1,54,3374,3333,31454,3500,2944,34390,0x07
2026-09-06T17:48:34.114-03:00,115,0,1,56,3374,3411,31147,3500,2893,34609,0x07
2026-09-06T17:48:34.131-03:00,116,0,1,56,3374,3411,31147,3500,2893,34609,0x07
2026-09-06T17:48:34.153-03:00,117,0,1,56,3374,3411,31147,3500,2893,34609,0x07
2026-09-06T17:48:34.171-03:00,118,0,1,51,3374,3490,30829,3500,3235,33154,0x07
2026-09-06T17:48:34.193-03:00,119,0,1,51,3374,3490,30829,3500,3235,33154,0x07
2026-09-06T17:48:34.211-03:00,120,0,1,51,3374,3412,31184,3500,3098,33737,0x07
2026-09-06T17:48:34.234-03:00,121,0,1,51,3374,3412,31184,3500,3098,33737,0x07
2026-09-06T17:48:34.252-03:00,122,0,1,51,3374,3412,31184,3500,3098,33737,0x07
2026-09-06T17:48:34.270-03:00,123,0,1,58,3374,3259,31854,3500,2931,34447,0x07
2026-09-06T17:48:34.293-03:00,124,0,1,58,3374,3259,31854,3500,2931,34447,0x07
2026-09-06T17:48:34.311-03:00,125,0,1,58,3374,3259,31854,3500,2931,34447,0x07
2026-09-06T17:48:34.330-03:00,126,0,1,58,3374,3155,32315,3500,3000,34154,0x07
2026-09-06T17:48:34.353-03:00,127,0,1,58,3374,3155,32315,3500,3000,34154,0x07
2026-09-06T17:48:34.372-03:00,128,0,1,58,3374,3155,32315,3500,3000,34154,0x07
2026-09-06T17:48:34.390-03:00,129,0,1,50,3374,2900,33420,3500,3160,33474,0x07
2026-09-06T17:48:34.413-03:00,130,0,1,50,3374,2900,33420,3500,3160,33474,0x07
2026-09-06T17:48:34.430-03:00,131,0,1,53,3374,3057,32775,3500,3094,33753,0x07
2026-09-06T17:48:34.452-03:00,132,0,1,53,3374,3057,32775,3500,3094,33753,0x07
2026-09-06T17:48:34.471-03:00,133,0,1,53,3374,3057,32775,3500,3094,33753,0x07
2026-09-06T17:48:34.494-03:00,134,0,1,57,3374,3386,31395,3500,3070,33856,0x07
2026-09-06T17:48:34.512-03:00,135,0,1,57,3374,3386,31395,3500,3070,33856,0x07
2026-09-06T17:48:34.532-03:00,136,0,1,57,3374,3386,31395,3500,3070,33856,0x07
2026-09-06T17:48:34.549-03:00,137,0,1,51,3374,3373,31472,3500,3157,33487,0x07
2026-09-06T17:48:34.574-03:00,138,0,1,51,3374,3373,31472,3500,3157,33487,0x07
2026-09-06T17:48:34.594-03:00,139,0,1,51,3374,3255,31992,3500,3118,33654,0x07
2026-09-06T17:48:34.611-03:00,140,0,1,51,3374,3255,31992,3500,3118,33654,0x07
2026-09-06T17:48:34.629-03:00,141,0,1,51,3374,3255,31992,3500,3118,33654,0x07
2026-09-06T17:48:34.653-03:00,142,0,1,66,3374,2955,33289,3500,2939,34412,0x07
2026-09-06T17:48:34.673-03:00,143,0,1,66,3374,2955,33289,3500,2939,34412,0x07
2026-09-06T17:48:34.691-03:00,144,0,1,66,3374,2955,33289,3500,2939,34412,0x07
2026-09-06T17:48:34.711-03:00,145,0,1,58,3374,3017,33042,3500,3052,33934,0x07
2026-09-06T17:48:34.730-03:00,146,0,1,58,3374,3017,33042,3500,3052,33934,0x07
2026-09-06T17:48:34.751-03:00,147,0,1,58,3374,3017,33042,3500,3052,33934,0x07
2026-09-06T17:48:34.769-03:00,148,0,1,54,3374,3167,32426,3500,3056,33918,0x07
2026-09-06T17:48:34.812-03:00,149,0,1,54,3374,3167,32426,3500,3056,33918,0x07
2026-09-06T17:48:34.812-03:00,150,0,1,54,3374,3167,32426,3500,3056,33918,0x07
2026-09-06T17:48:34.830-03:00,151,0,1,51,3374,3196,32321,3500,3118,33654,0x07
2026-09-06T17:48:34.850-03:00,152,0,1,51,3374,3196,32321,3500,3118,33654,0x07
2026-09-06T17:48:34.873-03:00,153,0,1,51,3374,3157,32507,3500,3098,33737,0x07
2026-09-06T17:48:34.891-03:00,154,0,1,51,3374,3157,32507,3500,3098,33737,0x07
2026-09-06T17:48:34.909-03:00,155,0,1,51,3374,3157,32507,3500,3098,33737,0x07
2026-09-06T17:48:34.933-03:00,156,0,1,50,3374,3040,33024,3500,3100,33729,0x07
2026-09-06T17:48:34.951-03:00,157,0,1,50,3374,3040,33024,3500,3100,33729,0x07
2026-09-06T17:48:34.969-03:00,158,0,1,50,3374,3040,33024,3500,3100,33729,0x07
2026-09-06T17:48:35.009-03:00,159,0,1,54,3374,3222,32268,3500,2926,34469,0x07
2026-09-06T17:48:35.009-03:00,160,0,1,54,3374,3222,32268,3500,2926,34469,0x07
2026-09-06T17:48:35.032-03:00,161,0,1,54,3374,3333,31815,3500,3000,34154,0x07
2026-09-06T17:48:35.053-03:00,162,0,1,54,3374,3333,31815,3500,3000,34154,0x07
2026-09-06T17:48:35.071-03:00,163,0,1,54,3374,3333,31815,3500,3000,34154,0x07
2026-09-06T17:48:35.089-03:00,164,0,1,51,3374,3196,32417,3500,3039,33987,0x07
2026-09-06T17:48:35.113-03:00,165,0,1,51,3374,3196,32417,3500,3039,33987,0x07
2026-09-06T17:48:35.132-03:00,166,0,1,51,3374,3314,31936,3500,2980,34237,0x07
2026-09-06T17:48:35.150-03:00,167,0,1,51,3374,3314,31936,3500,2980,34237,0x07
2026-09-06T17:48:35.174-03:00,168,0,1,51,3374,3314,31936,3500,2980,34237,0x07
2026-09-06T17:48:35.189-03:00,169,0,1,50,3374,3460,31332,3500,3060,33899,0x07
2026-09-06T17:48:35.212-03:00,170,0,1,50,3374,3460,31332,3500,3060,33899,0x07
2026-09-06T17:48:35.231-03:00,171,0,1,53,3374,3509,31139,3500,3113,33673,0x07
2026-09-06T17:48:35.249-03:00,172,0,1,53,3374,3509,31139,3500,3113,33673,0x07
2026-09-06T17:48:35.272-03:00,173,0,1,53,3374,3509,31139,3500,3113,33673,0x07
2026-09-06T17:48:35.290-03:00,174,0,1,57,3374,3491,31233,3500,3228,33185,0x07
2026-09-06T17:48:35.313-03:00,175,0,1,57,3374,3491,31233,3500,3228,33185,0x07
2026-09-06T17:48:35.330-03:00,176,0,1,57,3374,3491,31233,3500,3228,33185,0x07
2026-09-06T17:48:35.352-03:00,177,0,1,58,3374,3448,31432,3500,3207,33275,0x07
2026-09-06T17:48:35.372-03:00,178,0,1,58,3374,3448,31432,3500,3207,33275,0x07
2026-09-06T17:48:35.389-03:00,179,0,1,58,3374,3448,31432,3500,3207,33275,0x07
2026-09-06T17:48:35.409-03:00,180,0,1,51,3374,3490,31269,3500,3255,33071,0x07
2026-09-06T17:48:35.433-03:00,181,0,1,51,3374,3490,31269,3500,3255,33071,0x07
2026-09-06T17:48:35.453-03:00,182,0,1,51,3374,3490,31269,3500,3255,33071,0x07
2026-09-06T17:48:35.473-03:00,183,0,1,56,3374,3393,31699,3500,3179,33395,0x07
2026-09-06T17:48:35.491-03:00,184,0,1,56,3374,3393,31699,3500,3179,33395,0x07
2026-09-06T17:48:35.511-03:00,185,0,1,57,3374,3491,31281,3500,3228,33185,0x07
2026-09-06T17:48:35.534-03:00,186,0,1,57,3374,3491,31281,3500,3228,33185,0x07
2026-09-06T17:48:35.551-03:00,187,0,1,57,3374,3491,31281,3500,3228,33185,0x07
2026-09-06T17:48:35.571-03:00,188,0,1,57,3374,3526,31132,3500,3263,33036,0x07
2026-09-06T17:48:35.593-03:00,189,0,1,57,3374,3526,31132,3500,3263,33036,0x07
2026-09-06T17:48:35.613-03:00,190,0,1,57,3374,3526,31132,3500,3263,33036,0x07
2026-09-06T17:48:35.631-03:00,191,0,1,51,3374,3451,31452,3500,3196,33321,0x07
2026-09-06T17:48:35.650-03:00,192,0,1,51,3374,3451,31452,3500,3196,33321,0x07
2026-09-06T17:48:35.673-03:00,193,0,1,51,3374,3412,31618,3500,3216,33237,0x07
2026-09-06T17:48:35.690-03:00,194,0,1,51,3374,3412,31618,3500,3216,33237,0x07
2026-09-06T17:48:35.710-03:00,195,0,1,51,3374,3412,31618,3500,3216,33237,0x07
2026-09-06T17:48:35.730-03:00,196,0,1,50,3374,3520,31158,3500,3240,33134,0x07
2026-09-06T17:48:35.752-03:00,197,0,1,50,3374,3520,31158,3500,3240,33134,0x07
2026-09-06T17:48:35.770-03:00,198,0,1,50,3374,3520,31158,3500,3240,33134,0x07
2026-09-06T17:48:35.792-03:00,199,0,1,55,3374,3473,31359,3500,3200,33304,0x07
2026-09-06T17:48:35.811-03:00,200,0,1,55,3374,3473,31359,3500,3200,33304,0x07
2026-09-06T17:48:35.832-03:00,201,0,1,53,3374,3415,31604,3500,3189,33352,0x07
2026-09-06T17:48:35.850-03:00,202,0,1,53,3374,3415,31604,3500,3189,33352,0x07
2026-09-06T17:48:35.874-03:00,203,0,1,53,3374,3415,31604,3500,3189,33352,0x07
2026-09-06T17:48:35.893-03:00,204,0,1,50,3374,3500,31244,3500,3140,33559,0x07
2026-09-06T17:48:35.911-03:00,205,0,1,50,3374,3500,31244,3500,3140,33559,0x07
2026-09-06T17:48:35.931-03:00,206,0,1,54,3374,3481,31322,3500,3222,33210,0x07
2026-09-06T17:48:35.949-03:00,207,0,1,54,3374,3481,31322,3500,3222,33210,0x07
2026-09-06T17:48:35.972-03:00,208,0,1,54,3374,3481,31322,3500,3222,33210,0x07
2026-09-06T17:48:35.991-03:00,209,0,1,50,3374,3460,31414,3500,3200,33304,0x07
2026-09-06T17:48:36.009-03:00,210,0,1,50,3374,3460,31414,3500,3200,33304,0x07
2026-09-06T17:48:36.033-03:00,211,0,1,50,3374,3460,31414,3500,3200,33304,0x07
2026-09-06T17:48:36.069-03:00,212,0,1,55,3374,3491,31282,3500,3200,33304,0x07
2026-09-06T17:48:36.070-03:00,213,0,1,55,3374,3491,31282,3500,3200,33304,0x07
2026-09-06T17:48:36.089-03:00,214,0,1,60,3374,3433,31527,3500,3217,33233,0x07
2026-09-06T17:48:36.112-03:00,215,0,1,60,3374,3433,31527,3500,3217,33233,0x07
2026-09-06T17:48:36.132-03:00,216,0,1,60,3374,3433,31527,3500,3217,33233,0x07
2026-09-06T17:48:36.150-03:00,217,0,1,53,3374,3434,31524,3500,3208,33272,0x07
2026-09-06T17:48:36.173-03:00,218,0,1,53,3374,3434,31524,3500,3208,33272,0x07
2026-09-06T17:48:36.192-03:00,219,0,1,53,3374,3434,31524,3500,3208,33272,0x07
2026-09-06T17:48:36.210-03:00,220,0,1,57,3374,3544,31057,3500,3246,33110,0x07
2026-09-06T17:48:36.229-03:00,221,0,1,57,3374,3544,31057,3500,3246,33110,0x07
2026-09-06T17:48:36.252-03:00,222,0,1,57,3374,3544,31057,3500,3246,33110,0x07
2026-09-06T17:48:36.970-03:00,223,0,1,51,3374,3451,31452,3500,3235,33154,0x07
2026-09-06T17:48:37.013-03:00,224,0,1,51,3374,3451,31452,3500,3235,33154,0x07
2026-09-06T17:48:37.031-03:00,225,0,1,51,0,0,31779,0,0,32029,0x07
2026-09-06T17:48:37.052-03:00,226,0,1,50,3374,500,40000,3500,360,40000,0x07
2026-09-06T17:48:37.070-03:00,246,0,1,50,3374,500,40000,3500,360,40000,0x07
2026-09-06T17:48:37.094-03:00,264,0,1,55,3374,2855,33987,3500,2182,37631,0x07
2026-09-06T17:48:37.113-03:00,265,0,1,55,3374,2855,33987,3500,2182,37631,0x07
2026-09-06T17:48:37.131-03:00,266,0,1,52,3374,3808,29936,3500,3135,33582,0x07
2026-09-06T17:48:37.149-03:00,267,0,1,52,3374,3808,29936,3500,3135,33582,0x07
2026-09-06T17:48:37.171-03:00,268,0,1,52,3374,3808,29936,3500,3135,33582,0x07
2026-09-06T17:48:37.190-03:00,269,0,1,50,3374,3560,30988,3500,3280,32964,0x07
2026-09-06T17:48:37.212-03:00,270,0,1,50,3374,3560,30988,3500,3280,32964,0x07
2026-09-06T17:48:37.230-03:00,271,0,1,52,3374,3442,31489,3500,3346,32683,0x07
2026-09-06T17:48:37.254-03:00,272,0,1,52,3374,3442,31489,3500,3346,32683,0x07
2026-09-06T17:48:37.272-03:00,273,0,1,52,3374,3442,31489,3500,3346,32683,0x07
2026-09-06T17:48:37.289-03:00,274,0,1,58,3374,3500,31244,3500,3207,33275,0x07
2026-09-06T17:48:37.312-03:00,275,0,1,58,3374,3500,31244,3500,3207,33275,0x07
2026-09-06T17:48:37.333-03:00,276,0,1,58,3374,3500,31244,3500,3207,33275,0x07
2026-09-06T17:48:37.349-03:00,277,0,1,51,3374,3392,31702,3500,3137,33571,0x07
2026-09-06T17:48:37.370-03:00,278,0,1,51,3374,3392,31702,3500,3137,33571,0x07
2026-09-06T17:48:37.390-03:00,279,0,1,51,3374,3490,31285,3500,3196,33321,0x07
2026-09-06T17:48:37.413-03:00,280,0,1,51,3374,3490,31285,3500,3196,33321,0x07
2026-09-06T17:48:37.431-03:00,281,0,1,51,3374,3490,31285,3500,3196,33321,0x07
2026-09-06T17:48:37.449-03:00,282,0,1,57,3374,3491,31281,3500,3175,33408,0x07
2026-09-06T17:48:37.470-03:00,283,0,1,57,3374,3491,31281,3500,3175,33408,0x07
2026-09-06T17:48:37.493-03:00,284,0,1,57,3374,3491,31281,3500,3175,33408,0x07
2026-09-06T17:48:37.513-03:00,285,0,1,51,3374,3451,31452,3500,3216,33237,0x07
2026-09-06T17:48:37.533-03:00,286,0,1,51,3374,3451,31452,3500,3216,33237,0x07
2026-09-06T17:48:37.551-03:00,287,0,1,53,3374,3434,31524,3500,3208,33272,0x07
2026-09-06T17:48:37.571-03:00,288,0,1,53,3374,3434,31524,3500,3208,33272,0x07
2026-09-06T17:48:37.590-03:00,289,0,1,53,3374,3434,31524,3500,3208,33272,0x07
2026-09-06T17:48:37.610-03:00,290,0,1,58,3374,3500,31244,3500,3241,33128,0x07
2026-09-06T17:48:37.633-03:00,291,0,1,58,3374,3500,31244,3500,3241,33128,0x07
2026-09-06T17:48:37.652-03:00,292,0,1,58,3374,3500,31244,3500,3241,33128,0x07
2026-09-06T17:48:37.672-03:00,293,0,1,58,3374,3483,31317,3500,3241,33128,0x07
2026-09-06T17:48:37.690-03:00,294,0,1,58,3374,3483,31317,3500,3241,33128,0x07
2026-09-06T17:48:37.713-03:00,295,0,1,58,3374,3483,31317,3500,3241,33128,0x07
2026-09-06T17:48:37.731-03:00,296,0,1,51,3374,3373,31785,3500,3196,33321,0x07
2026-09-06T17:48:37.749-03:00,297,0,1,51,3374,3373,31785,3500,3196,33321,0x07
2026-09-06T17:48:37.773-03:00,298,0,1,54,3374,3556,31007,3500,3296,32895,0x07
2026-09-06T17:48:37.792-03:00,299,0,1,54,3374,3556,31007,3500,3296,32895,0x07
2026-09-06T17:48:37.809-03:00,300,0,1,54,3374,3556,31007,3500,3296,32895,0x07
2026-09-06T17:48:37.833-03:00,301,0,1,58,3374,3483,31317,3500,3207,33275,0x07
2026-09-06T17:48:37.851-03:00,302,0,1,58,3374,3483,31317,3500,3207,33275,0x07
2026-09-06T17:48:37.869-03:00,303,0,1,58,3374,3483,31317,3500,3207,33275,0x07
2026-09-06T17:48:37.890-03:00,304,0,1,50,3374,3420,31584,3500,3220,33219,0x07
2026-09-06T17:48:37.914-03:00,305,0,1,50,3374,3420,31584,3500,3220,33219,0x07
2026-09-06T17:48:37.953-03:00,306,0,1,50,3374,3420,31584,3500,3220,33219,0x07
2026-09-06T17:48:37.953-03:00,307,0,1,54,3374,3444,31480,3500,3222,33210,0x07
2026-09-06T17:48:37.971-03:00,308,0,1,54,3374,3444,31480,3500,3222,33210,0x07
2026-09-06T17:48:37.989-03:00,309,0,1,58,3374,3534,31097,3500,3259,33055,0x07
2026-09-06T17:48:38.010-03:00,310,0,1,58,3374,3534,31097,3500,3259,33055,0x07
2026-09-06T17:48:38.034-03:00,311,0,1,58,3374,3534,31097,3500,3259,33055,0x07
2026-09-06T17:48:38.052-03:00,312,0,1,51,3374,3431,31535,3500,3235,33154,0x07
2026-09-06T17:48:38.070-03:00,313,0,1,51,3374,3431,31535,3500,3235,33154,0x07
2026-09-06T17:48:38.093-03:00,314,0,1,50,3374,3440,31498,3500,3220,33219,0x07
2026-09-06T17:48:38.130-03:00,315,0,1,50,3374,3440,31498,3500,3220,33219,0x07
2026-09-06T17:48:38.130-03:00,316,0,1,50,3374,3440,31498,3500,3220,33219,0x07
2026-09-06T17:48:38.154-03:00,317,0,1,58,3374,3466,31390,3500,3207,33275,0x07
2026-09-06T17:48:38.172-03:00,318,0,1,58,3374,3466,31390,3500,3207,33275,0x07
2026-09-06T17:48:38.193-03:00,319,0,1,58,3374,3466,31390,3500,3207,33275,0x07
2026-09-06T17:48:38.213-03:00,320,0,1,50,3374,3440,31498,3500,3200,33304,0x07
2026-09-06T17:48:38.232-03:00,321,0,1,50,3374,3440,31498,3500,3200,33304,0x07
2026-09-06T17:48:38.249-03:00,322,0,1,50,3374,3440,31498,3500,3200,33304,0x07
2026-09-06T17:48:38.271-03:00,323,0,1,56,3374,3446,31471,3500,3143,33547,0x07
2026-09-06T17:48:38.289-03:00,324,0,1,56,3374,3446,31471,3500,3143,33547,0x07
2026-09-06T17:48:38.309-03:00,325,0,1,51,3374,3490,31285,3500,3235,33154,0x07
2026-09-06T17:48:38.333-03:00,326,0,1,51,3374,3490,31285,3500,3235,33154,0x07
2026-09-06T17:48:38.354-03:00,327,0,1,51,3374,3490,31285,3500,3235,33154,0x07
2026-09-06T17:48:38.372-03:00,328,0,1,58,3374,3448,31463,3500,3207,33275,0x07
2026-09-06T17:48:38.390-03:00,329,0,1,58,3374,3448,31463,3500,3207,33275,0x07
2026-09-06T17:48:38.410-03:00,330,0,1,58,3374,3448,31463,3500,3207,33275,0x07
2026-09-06T17:48:38.433-03:00,331,0,1,53,3374,3415,31604,3500,3170,33432,0x07
2026-09-06T17:48:38.451-03:00,332,0,1,53,3374,3415,31604,3500,3170,33432,0x07
2026-09-06T17:48:38.470-03:00,333,0,1,53,3374,3415,31604,3500,3170,33432,0x07
2026-09-06T17:48:38.493-03:00,334,0,1,56,3374,3482,31319,3500,3196,33319,0x07
2026-09-06T17:48:38.511-03:00,335,0,1,56,3374,3482,31319,3500,3196,33319,0x07
2026-09-06T17:48:38.534-03:00,336,0,1,53,3374,3491,31284,3500,3264,33031,0x07
2026-09-06T17:48:38.552-03:00,337,0,1,53,3374,3491,31284,3500,3264,33031,0x07
2026-09-06T17:48:38.572-03:00,338,0,1,53,3374,3491,31284,3500,3264,33031,0x07
2026-09-06T17:48:38.592-03:00,339,0,1,51,3374,3431,31535,3500,3235,33154,0x07
2026-09-06T17:48:38.612-03:00,340,0,1,51,3374,3431,31535,3500,3235,33154,0x07
2026-09-06T17:48:38.632-03:00,341,0,1,50,3374,3500,31244,3500,3200,33304,0x07
2026-09-06T17:48:38.653-03:00,342,0,1,50,3374,3500,31244,3500,3200,33304,0x07
2026-09-06T17:48:38.670-03:00,343,0,1,50,3374,3500,31244,3500,3200,33304,0x07
2026-09-06T17:48:38.692-03:00,344,0,1,51,3374,3431,31535,3500,3235,33154,0x07
2026-09-06T17:48:38.709-03:00,345,0,1,51,3374,3431,31535,3500,3235,33154,0x07
2026-09-06T17:48:38.730-03:00,346,0,1,51,3374,3431,31535,3500,3235,33154,0x07
2026-09-06T17:48:38.753-03:00,347,0,1,56,3374,3393,31699,3500,3214,33243,0x07
2026-09-06T17:48:38.771-03:00,348,0,1,56,3374,3393,31699,3500,3214,33243,0x07
2026-09-06T17:48:38.789-03:00,349,0,1,52,3374,3500,31248,3500,3231,33229,0x07
2026-09-06T17:48:38.813-03:00,350,0,1,52,3374,3500,31248,3500,3231,33229,0x07
2026-09-06T17:48:38.831-03:00,351,0,1,52,3374,3500,31248,3500,3231,33229,0x07
2026-09-06T17:48:38.851-03:00,352,0,1,51,3374,3412,31624,3500,3235,33210,0x07
2026-09-06T17:48:38.871-03:00,353,0,1,51,3374,3412,31624,3500,3235,33210,0x07
2026-09-06T17:48:38.892-03:00,354,0,1,50,3374,3360,31844,3500,3180,33445,0x07
2026-09-06T17:48:38.910-03:00,355,0,1,50,3374,3360,31844,3500,3180,33445,0x07
2026-09-06T17:48:38.930-03:00,356,0,1,50,3374,3360,31844,3500,3180,33445,0x07
2026-09-06T17:48:38.953-03:00,357,0,1,50,3374,3460,31418,3500,3260,33105,0x07
2026-09-06T17:48:38.971-03:00,358,0,1,50,3374,3460,31418,3500,3260,33105,0x07
2026-09-06T17:48:38.989-03:00,359,0,1,50,3374,3460,31418,3500,3260,33105,0x07
2026-09-06T17:48:39.012-03:00,360,0,1,55,3374,3418,31596,3500,3127,33669,0x07
2026-09-06T17:48:39.030-03:00,361,0,1,55,3374,3418,31596,3500,3127,33669,0x07
2026-09-06T17:48:39.053-03:00,362,0,1,54,3374,3500,31248,3500,3185,33423,0x07
2026-09-06T17:48:39.073-03:00,363,0,1,54,3374,3500,31248,3500,3185,33423,0x07
2026-09-06T17:48:39.091-03:00,364,0,1,54,3374,3500,31248,3500,3185,33423,0x07
2026-09-06T17:48:39.109-03:00,365,0,1,50,3374,3520,31164,3500,3240,33190,0x07
2026-09-06T17:48:39.133-03:00,366,0,1,50,3374,3520,31164,3500,3240,33190,0x07
2026-09-06T17:48:39.152-03:00,367,0,1,51,3374,3451,31457,3500,3196,33377,0x07
2026-09-06T17:48:39.170-03:00,368,0,1,51,3374,3451,31457,3500,3196,33377,0x07
2026-09-06T17:48:39.190-03:00,369,0,1,51,3374,3451,31457,3500,3196,33377,0x07
2026-09-06T17:48:39.213-03:00,370,0,1,50,3374,3480,31334,3500,3260,33105,0x07
2026-09-06T17:48:39.230-03:00,371,0,1,50,3374,3480,31334,3500,3260,33105,0x07
2026-09-06T17:48:39.250-03:00,372,0,1,50,3374,3480,31334,3500,3260,33105,0x07
2026-09-06T17:48:39.272-03:00,373,0,1,55,3374,3473,31364,3500,3218,33283,0x07
2026-09-06T17:48:39.290-03:00,374,0,1,55,3374,3473,31364,3500,3218,33283,0x07
2026-09-06T17:48:39.314-03:00,375,0,1,55,3374,3455,31442,3500,3218,33283,0x07
2026-09-06T17:48:39.331-03:00,376,0,1,55,3374,3455,31442,3500,3218,33283,0x07
2026-09-06T17:48:39.350-03:00,377,0,1,55,3374,3455,31442,3500,3218,33283,0x07
2026-09-06T17:48:39.374-03:00,378,0,1,50,3374,3460,31418,3500,3220,33275,0x07
2026-09-06T17:48:39.394-03:00,379,0,1,50,3374,3460,31418,3500,3220,33275,0x07
2026-09-06T17:48:39.412-03:00,380,0,1,60,3374,3450,31461,3500,3167,33502,0x07
2026-09-06T17:48:39.430-03:00,381,0,1,60,3374,3450,31461,3500,3167,33502,0x07
2026-09-06T17:48:39.450-03:00,382,0,1,60,3374,3450,31461,3500,3167,33502,0x07
2026-09-06T17:48:39.474-03:00,383,0,1,53,3374,3528,31128,3500,3245,33168,0x07
2026-09-06T17:48:39.510-03:00,384,0,1,53,3374,3528,31128,3500,3245,33168,0x07
2026-09-06T17:48:39.510-03:00,385,0,1,53,3374,3528,31128,3500,3245,33168,0x07
2026-09-06T17:48:39.533-03:00,386,0,1,50,3374,3440,31504,3500,3180,33445,0x07
2026-09-06T17:48:39.554-03:00,387,0,1,50,3374,3440,31504,3500,3180,33445,0x07
2026-09-06T17:48:39.572-03:00,388,0,1,50,3374,3440,31504,3500,3180,33445,0x07
2026-09-06T17:48:39.591-03:00,389,0,1,56,3374,3464,31400,3500,3143,33603,0x07
2026-09-06T17:48:39.609-03:00,390,0,1,56,3374,3464,31400,3500,3143,33603,0x07
2026-09-06T17:48:39.629-03:00,391,0,1,52,3374,3519,31167,3500,3173,33474,0x07
2026-09-06T17:48:39.653-03:00,392,0,1,52,3374,3519,31167,3500,3173,33474,0x07
2026-09-06T17:48:39.669-03:00,393,0,1,52,3374,3519,31167,3500,3173,33474,0x07
2026-09-06T17:48:39.691-03:00,394,0,1,50,3374,3480,31334,3500,3160,33530,0x07
2026-09-06T17:48:39.710-03:00,395,0,1,50,3374,3480,31334,3500,3160,33530,0x07
2026-09-06T17:48:39.730-03:00,396,0,1,50,3374,3480,31334,3500,3160,33530,0x07
2026-09-06T17:48:39.753-03:00,397,0,1,54,3374,3481,31327,3500,3204,33344,0x07
2026-09-06T17:48:39.769-03:00,398,0,1,54,3374,3481,31327,3500,3204,33344,0x07
2026-09-06T17:48:39.789-03:00,399,0,1,54,3374,3481,31327,3500,3167,33502,0x07
2026-09-06T17:48:39.812-03:00,400,0,1,54,3374,3481,31327,3500,3167,33502,0x07
2026-09-06T17:48:39.830-03:00,401,0,1,54,3374,3481,31327,3500,3167,33502,0x07
2026-09-06T17:48:39.853-03:00,402,0,1,50,3374,3480,31334,3500,3220,33275,0x07
2026-09-06T17:48:39.872-03:00,403,0,1,50,3374,3480,31334,3500,3220,33275,0x07
2026-09-06T17:48:39.890-03:00,404,0,1,50,3374,3440,31504,3500,3160,33530,0x07
2026-09-06T17:48:39.913-03:00,405,0,1,50,3374,3440,31504,3500,3160,33530,0x07
2026-09-06T17:48:39.931-03:00,406,0,1,50,3374,3440,31504,3500,3160,33530,0x07
2026-09-06T17:48:39.950-03:00,407,0,1,51,3374,3510,31207,3500,3216,33293,0x07
2026-09-06T17:48:39.973-03:00,408,0,1,51,3374,3510,31207,3500,3216,33293,0x07
2026-09-06T17:48:39.991-03:00,409,0,1,51,3374,3471,31374,3500,3176,33460,0x07
2026-09-06T17:48:40.012-03:00,410,0,1,51,3374,3471,31374,3500,3176,33460,0x07
2026-09-06T17:48:40.030-03:00,411,0,1,51,3374,3471,31374,3500,3176,33460,0x07
2026-09-06T17:48:40.053-03:00,412,0,1,50,3374,3440,31504,3500,3180,33445,0x07
2026-09-06T17:48:40.071-03:00,413,0,1,50,3374,3440,31504,3500,3180,33445,0x07
2026-09-06T17:48:40.090-03:00,414,0,1,50,3374,3440,31504,3500,3180,33445,0x07
2026-09-06T17:48:40.110-03:00,415,0,1,56,3374,3446,31476,3500,3196,33375,0x07
2026-09-06T17:48:40.133-03:00,416,0,1,56,3374,3446,31476,3500,3196,33375,0x07
2026-09-06T17:48:40.153-03:00,417,0,1,51,3374,3529,31124,3500,3275,33043,0x07
2026-09-06T17:48:40.172-03:00,418,0,1,51,3374,3529,31124,3500,3275,33043,0x07
2026-09-06T17:48:40.193-03:00,419,0,1,51,3374,3529,31124,3500,3275,33043,0x07
2026-09-06T17:48:40.211-03:00,420,0,1,52,3374,3385,31739,3500,3173,33474,0x07
2026-09-06T17:48:40.230-03:00,421,0,1,52,3374,3385,31739,3500,3173,33474,0x07
2026-09-06T17:48:40.251-03:00,422,0,1,53,3374,3509,31208,3500,3264,33087,0x07
2026-09-06T17:48:40.270-03:00,423,0,1,53,3374,3509,31208,3500,3264,33087,0x07
2026-09-06T17:48:40.292-03:00,424,0,1,53,3374,3509,31208,3500,3264,33087,0x07
2026-09-06T17:48:40.313-03:00,425,0,1,57,3374,3456,31435,3500,3211,33315,0x07
2026-09-06T17:48:40.332-03:00,426,0,1,57,3374,3456,31435,3500,3211,33315,0x07
2026-09-06T17:48:40.350-03:00,427,0,1,57,3374,3456,31435,3500,3211,33315,0x07
2026-09-06T17:48:40.373-03:00,428,0,1,50,3374,3460,31418,3500,3240,33190,0x07
2026-09-06T17:48:40.391-03:00,429,0,1,50,3374,3460,31418,3500,3240,33190,0x07
2026-09-06T17:48:40.411-03:00,430,0,1,50,3374,3460,31418,3500,3180,33445,0x07
2026-09-06T17:48:40.429-03:00,431,0,1,50,3374,3460,31418,3500,3180,33445,0x07
2026-09-06T17:48:40.453-03:00,432,0,1,50,3374,3460,31418,3500,3180,33445,0x07
2026-09-06T17:48:40.473-03:00,433,0,1,50,3374,3460,31418,3500,3200,33360,0x07
2026-09-06T17:48:40.491-03:00,434,0,1,50,3374,3460,31418,3500,3200,33360,0x07
2026-09-06T17:48:40.511-03:00,435,0,1,51,3374,3431,31540,3500,3176,33460,0x07
2026-09-06T17:48:40.534-03:00,436,0,1,51,3374,3431,31540,3500,3176,33460,0x07
2026-09-06T17:48:40.551-03:00,437,0,1,51,3374,3431,31540,3500,3176,33460,0x07
2026-09-06T17:48:40.569-03:00,438,0,1,50,3374,3440,31504,3500,3260,33105,0x07
2026-09-06T17:48:40.592-03:00,439,0,1,50,3374,3440,31504,3500,3260,33105,0x07
2026-09-06T17:48:40.611-03:00,440,0,1,50,3374,3440,31504,3500,3260,33105,0x07
2026-09-06T17:48:40.634-03:00,441,0,1,56,3374,3500,31248,3500,3232,33223,0x07
2026-09-06T17:48:40.652-03:00,442,0,1,56,3374,3500,31248,3500,3232,33223,0x07
2026-09-06T17:48:40.669-03:00,443,0,1,53,3374,3491,31289,3500,3264,33087,0x07
2026-09-06T17:48:40.693-03:00,444,0,1,53,3374,3491,31289,3500,3264,33087,0x07
2026-09-06T17:48:40.713-03:00,445,0,1,53,3374,3491,31289,3500,3264,33087,0x07
2026-09-06T17:48:40.733-03:00,446,0,1,50,3374,3440,31504,3500,3220,33275,0x07
2026-09-06T17:48:40.751-03:00,447,0,1,50,3374,3440,31504,3500,3220,33275,0x07
2026-09-06T17:48:40.769-03:00,448,0,1,54,3374,3500,31248,3500,3204,33344,0x07
2026-09-06T17:48:40.792-03:00,449,0,1,54,3374,3500,31248,3500,3204,33344,0x07
2026-09-06T17:48:40.810-03:00,450,0,1,54,3374,3500,31248,3500,3204,33344,0x07
2026-09-06T17:48:40.833-03:00,451,0,1,57,3374,3439,31509,3500,3193,33390,0x07
2026-09-06T17:48:40.851-03:00,452,0,1,57,3374,3439,31509,3500,3193,33390,0x07
2026-09-06T17:48:40.871-03:00,453,0,1,50,3374,3440,31504,3500,3260,33105,0x07
2026-09-06T17:48:40.890-03:00,454,0,1,50,3374,3440,31504,3500,3260,33105,0x07
2026-09-06T17:48:40.913-03:00,455,0,1,50,3374,3440,31504,3500,3260,33105,0x07
2026-09-06T17:48:40.931-03:00,456,0,1,53,3374,3491,31289,3500,3189,33408,0x07
2026-09-06T17:48:40.950-03:00,457,0,1,53,3374,3491,31289,3500,3189,33408,0x07
2026-09-06T17:48:40.973-03:00,458,0,1,53,3374,3491,31289,3500,3189,33408,0x07
2026-09-06T17:48:40.993-03:00,459,0,1,58,3374,3483,31322,3500,3259,33111,0x07
2026-09-06T17:48:41.013-03:00,460,0,1,58,3374,3483,31322,3500,3259,33111,0x07
2026-09-06T17:48:41.030-03:00,461,0,1,58,3374,3483,31322,3500,3259,33111,0x07
2026-09-06T17:48:41.050-03:00,462,0,1,51,3374,3451,31457,3500,3255,33127,0x07
2026-09-06T17:48:41.073-03:00,463,0,1,51,3374,3451,31457,3500,3255,33127,0x07
2026-09-06T17:48:41.092-03:00,464,0,1,51,3374,3451,31457,3500,3255,33127,0x07
2026-09-06T17:48:41.110-03:00,465,0,1,56,3374,3464,31400,3500,3196,33375,0x07
2026-09-06T17:48:41.130-03:00,466,0,1,56,3374,3464,31400,3500,3196,33375,0x07
2026-09-06T17:48:41.150-03:00,467,0,1,51,3374,3490,31290,3500,3275,33043,0x07
2026-09-06T17:48:41.169-03:00,468,0,1,51,3374,3490,31290,3500,3275,33043,0x07
2026-09-06T17:48:41.191-03:00,469,0,1,51,3374,3490,31290,3500,3275,33043,0x07
2026-09-06T17:48:41.209-03:00,470,0,1,50,3374,3480,31334,3500,3240,33190,0x07
2026-09-06T17:48:41.233-03:00,471,0,1,50,3374,3480,31334,3500,3240,33190,0x07
2026-09-06T17:48:41.251-03:00,472,0,1,51,3374,3471,31374,3500,3216,33293,0x07
2026-09-06T17:48:41.269-03:00,473,0,1,51,3374,3471,31374,3500,3216,33293,0x07
2026-09-06T17:48:41.293-03:00,474,0,1,51,3374,3471,31374,3500,3216,33293,0x07
2026-09-06T17:48:41.314-03:00,475,0,1,58,3374,3483,31322,3500,3224,33257,0x07
2026-09-06T17:48:41.332-03:00,476,0,1,58,3374,3483,31322,3500,3224,33257,0x07
2026-09-06T17:48:41.350-03:00,477,0,1,58,3374,3483,31322,3500,3224,33257,0x07
2026-09-06T17:48:41.370-03:00,478,0,1,53,3374,3415,31609,3500,3208,33328,0x07
2026-09-06T17:48:41.393-03:00,479,0,1,53,3374,3415,31609,3500,3208,33328,0x07
2026-09-06T17:48:41.411-03:00,480,0,1,53,3374,3415,31609,3500,3208,33328,0x07
2026-09-06T17:48:41.432-03:00,481,0,1,55,3374,3491,31287,3500,3236,33205,0x07
2026-09-06T17:48:41.450-03:00,482,0,1,55,3374,3491,31287,3500,3236,33205,0x07
2026-09-06T17:48:41.474-03:00,483,0,1,54,3374,3537,31091,3500,3241,33187,0x07
2026-09-06T17:48:41.492-03:00,484,0,1,54,3374,3537,31091,3500,3241,33187,0x07
2026-09-06T17:48:41.511-03:00,485,0,1,54,3374,3537,31091,3500,3241,33187,0x07
2026-09-06T17:48:41.529-03:00,486,0,1,51,3374,3451,31457,3500,3137,33627,0x07
2026-09-06T17:48:41.553-03:00,487,0,1,51,3374,3451,31457,3500,3137,33627,0x07
2026-09-06T17:48:41.574-03:00,488,0,1,51,3374,3451,31457,3500,3137,33627,0x07
2026-09-06T17:48:41.593-03:00,489,0,1,54,3374,3481,31327,3500,3167,33502,0x07
2026-09-06T17:48:41.611-03:00,490,0,1,54,3374,3481,31327,3500,3167,33502,0x07
2026-09-06T17:48:41.633-03:00,491,0,1,57,3374,3456,31435,3500,3246,33166,0x07
2026-09-06T17:48:41.651-03:00,492,0,1,57,3374,3456,31435,3500,3246,33166,0x07
2026-09-06T17:48:41.672-03:00,493,0,1,57,3374,3456,31435,3500,3246,33166,0x07
2026-09-06T17:48:41.692-03:00,494,0,1,50,3374,3420,31588,3500,3240,33190,0x07
2026-09-06T17:48:41.711-03:00,495,0,1,50,3374,3420,31588,3500,3240,33190,0x07
2026-09-06T17:48:41.729-03:00,496,0,1,50,3374,3420,31588,3500,3240,33190,0x07
2026-09-06T17:48:41.775-03:00,497,0,1,54,3374,3481,31327,3500,3204,33344,0x07
2026-09-06T17:48:41.816-03:00,498,0,1,54,3374,3481,31327,3500,3204,33344,0x07
2026-09-06T17:48:41.860-03:00,499,0,1,51,3374,3451,31457,3500,3255,33127,0x07
2026-09-06T17:48:41.905-03:00,500,0,1,51,3374,3451,31457,3500,3255,33127,0x07
2026-09-06T17:48:41.949-03:00,501,0,1,54,0,0,0,0,0,0,0x03
