timestamp,sequence,team,robot_id,interval_ms,left_target_eps,left_measured_eps,left_duty,right_target_eps,right_measured_eps,right_duty,flags
2026-09-06T16:32:20.624,103,0,2,52,314,0,6046,1424,0,18758,0x07
2026-09-06T16:32:20.689,104,0,2,51,305,0,5939,1433,0,18870,0x07
2026-09-06T16:32:20.754,105,0,2,50,0,0,0,0,0,0,0x03
2026-09-06T16:32:20.819,0,0,2,50,0,0,0,0,0,0,0x03
2026-09-06T16:32:20.884,1,0,2,54,0,0,0,0,0,0,0x03
2026-09-06T16:32:20.948,2,0,2,51,0,0,0,0,0,0,0x03
2026-09-06T16:32:21.013,3,0,2,50,0,0,0,0,0,0,0x03
2026-09-06T16:32:21.078,4,0,2,52,0,0,0,0,0,0,0x03
2026-09-06T16:32:21.158,5,0,2,54,0,0,0,0,0,0,0x03
2026-09-06T16:32:21.223,6,0,2,50,0,0,0,0,0,0,0x03
2026-09-06T16:32:21.288,7,0,2,51,0,0,0,0,0,0,0x03
2026-09-06T16:32:21.353,8,0,2,50,0,0,0,0,0,0,0x03
2026-09-06T16:32:21.418,9,0,2,51,0,0,0,0,0,0,0x03
2026-09-06T16:32:21.483,10,0,2,52,0,0,0,0,0,0,0x03
2026-09-06T16:32:21.548,11,0,2,53,0,0,0,0,0,0,0x03
2026-09-06T16:32:21.613,12,0,2,51,0,0,0,0,0,0,0x03
2026-09-06T16:32:21.694,13,0,2,50,0,0,0,0,0,0,0x03
2026-09-06T16:32:21.759,14,0,2,51,0,0,0,0,0,0,0x03
2026-09-06T16:32:21.824,15,0,2,50,0,0,0,0,0,0,0x03
2026-09-06T16:32:21.888,16,0,2,51,0,0,0,0,0,0,0x03
2026-09-06T16:32:21.953,17,0,2,51,0,0,0,0,0,0,0x03
2026-09-06T16:32:22.018,18,0,2,50,0,0,0,0,0,0,0x03
2026-09-06T16:32:22.083,19,0,2,50,0,0,0,0,0,0,0x03
2026-09-06T16:32:22.164,20,0,2,51,0,0,0,0,0,0,0x03
2026-09-06T16:32:22.229,21,0,2,50,0,0,0,0,0,0,0x03
2026-09-06T16:32:22.294,22,0,2,50,0,0,0,0,0,0,0x03
2026-09-06T16:32:22.359,23,0,2,51,0,0,0,0,0,0,0x03
2026-09-06T16:32:22.424,24,0,2,51,0,0,0,0,0,0,0x03
2026-09-06T16:32:22.489,25,0,2,51,0,0,0,0,0,0,0x03
2026-09-06T16:32:22.554,26,0,2,50,0,0,0,0,0,0,0x03
2026-09-06T16:32:22.618,27,0,2,53,0,0,0,0,0,0,0x03
2026-09-06T16:32:22.699,28,0,2,52,0,0,0,0,0,0,0x03
2026-09-06T16:32:22.764,29,0,2,50,0,0,0,0,0,0,0x03
2026-09-06T16:32:22.830,30,0,2,52,0,0,0,0,0,0,0x03
2026-09-06T16:32:22.894,31,0,2,50,0,0,0,0,0,0,0x03
2026-09-06T16:32:22.960,32,0,2,51,0,0,0,0,0,0,0x03
2026-09-06T16:32:23.024,33,0,2,50,0,0,0,0,0,0,0x03
2026-09-06T16:32:23.090,34,0,2,50,0,0,0,0,0,0,0x03
2026-09-06T16:32:23.154,35,0,2,50,0,0,0,0,0,0,0x03
2026-09-06T16:32:23.236,36,0,2,52,0,0,0,0,0,0,0x03
2026-09-06T16:32:23.301,37,0,2,53,0,0,0,0,0,0,0x03
2026-09-06T16:32:23.366,38,0,2,51,0,0,0,0,0,0,0x03
2026-09-06T16:32:23.431,39,0,2,52,0,0,0,0,0,0,0x03
2026-09-06T16:32:23.496,40,0,2,50,0,0,0,0,0,0,0x03
2026-09-06T16:32:23.561,41,0,2,50,0,0,0,0,0,0,0x03
2026-09-06T16:32:23.627,42,0,2,51,0,0,0,0,0,0,0x03
2026-09-06T16:32:23.692,43,0,2,50,0,0,0,0,0,0,0x03
2026-09-06T16:32:23.773,44,0,2,52,0,0,0,0,0,0,0x03
2026-09-06T16:32:23.838,45,0,2,51,0,0,0,0,0,0,0x03
2026-09-06T16:32:23.902,46,0,2,51,0,0,0,0,0,0,0x03
2026-09-06T16:32:23.967,47,0,2,50,0,0,0,0,0,0,0x03
2026-09-06T16:32:24.032,48,0,2,51,0,0,0,0,0,0,0x03
2026-09-06T16:32:24.097,49,0,2,55,0,0,0,0,0,0,0x03
2026-09-06T16:32:24.162,50,0,2,51,0,0,0,0,0,0,0x03
2026-09-06T16:32:24.227,51,0,2,51,0,0,0,0,0,0,0x03
2026-09-06T16:32:24.308,52,0,2,50,0,0,0,0,0,0,0x03
2026-09-06T16:32:24.357,53,0,2,52,0,0,0,0,0,0,0x03
2026-09-06T16:32:24.438,54,0,2,50,0,0,0,0,0,0,0x03
2026-09-06T16:32:24.504,55,0,2,52,0,0,0,0,0,0,0x03
2026-09-06T16:32:24.569,56,0,2,51,0,0,0,0,0,0,0x03
2026-09-06T16:32:24.633,57,0,2,51,0,0,0,0,0,0,0x03
2026-09-06T16:32:24.699,58,0,2,50,0,0,0,0,0,0,0x03
2026-09-06T16:32:24.764,59,0,2,52,0,0,0,0,0,0,0x03
2026-09-06T16:32:24.828,60,0,2,51,0,0,0,0,0,0,0x03
2026-09-06T16:32:24.894,61,0,2,50,0,0,0,0,0,0,0x03
2026-09-06T16:32:24.975,62,0,2,50,0,0,0,0,0,0,0x03
2026-09-06T16:32:25.040,63,0,2,50,0,0,0,0,0,0,0x03
2026-09-06T16:32:25.106,64,0,2,51,0,0,0,0,0,0,0x03
2026-09-06T16:32:25.171,65,0,2,50,0,0,0,0,0,0,0x03
2026-09-06T16:32:25.236,66,0,2,51,0,0,0,0,0,0,0x03
2026-09-06T16:32:25.301,67,0,2,50,0,0,0,0,0,0,0x03
2026-09-06T16:32:25.366,68,0,2,51,0,0,0,0,0,0,0x03
2026-09-06T16:32:25.431,69,0,2,51,0,0,0,0,0,0,0x03
2026-09-06T16:32:25.512,70,0,2,51,0,0,0,0,0,0,0x03
2026-09-06T16:32:25.578,71,0,2,52,0,0,0,0,0,0,0x03
2026-09-06T16:32:25.643,72,0,2,51,0,0,0,0,0,0,0x03
2026-09-06T16:32:25.708,73,0,2,50,0,0,0,0,0,0,0x03
2026-09-06T16:32:25.773,74,0,2,50,0,0,0,0,0,0,0x03
2026-09-06T16:32:25.838,75,0,2,51,0,0,0,0,0,0,0x03
2026-09-06T16:32:25.903,76,0,2,51,0,0,0,0,0,0,0x03
2026-09-06T16:32:25.968,77,0,2,50,0,0,0,0,0,0,0x03
2026-09-06T16:32:26.033,78,0,2,53,0,0,0,0,0,0,0x03
2026-09-06T16:32:26.115,79,0,2,51,0,0,0,0,0,0,0x03
2026-09-06T16:32:26.180,80,0,2,52,0,0,0,0,0,0,0x03
2026-09-06T16:32:26.245,81,0,2,50,0,0,0,0,0,0,0x03
2026-09-06T16:32:26.310,82,0,2,51,0,0,0,0,0,0,0x03
2026-09-06T16:32:26.375,83,0,2,52,0,0,0,0,0,0,0x03
2026-09-06T16:32:26.441,84,0,2,51,0,0,0,0,0,0,0x03
2026-09-06T16:32:26.506,85,0,2,51,0,0,0,0,0,0,0x03
2026-09-06T16:32:26.572,86,0,2,50,0,0,0,0,0,0,0x03
2026-09-06T16:32:26.637,87,0,2,51,0,0,0,0,0,0,0x03
2026-09-06T16:32:26.702,88,0,2,54,0,0,0,0,0,0,0x03
2026-09-06T16:32:26.784,89,0,2,51,0,0,0,0,0,0,0x03
2026-09-06T16:32:26.849,90,0,2,50,0,0,0,0,0,0,0x03
2026-09-06T16:32:26.914,91,0,2,50,0,0,0,0,0,0,0x03
2026-09-06T16:32:26.980,92,0,2,50,0,0,0,0,0,0,0x03
2026-09-06T16:32:27.045,93,0,2,51,0,0,0,0,0,0,0x03
2026-09-06T16:32:27.110,94,0,2,53,0,0,0,0,0,0,0x03
2026-09-06T16:32:27.176,95,0,2,50,0,0,0,0,0,0,0x03
2026-09-06T16:32:27.241,96,0,2,51,0,0,0,0,0,0,0x03
2026-09-06T16:32:27.306,97,0,2,51,0,0,0,0,0,0,0x03
2026-09-06T16:32:27.387,98,0,2,50,0,0,0,0,0,0,0x03
2026-09-06T16:32:27.452,99,0,2,51,0,0,0,0,0,0,0x03
2026-09-06T16:32:27.520,100,0,2,52,0,0,0,0,0,0,0x03
2026-09-06T16:32:27.582,101,0,2,52,0,0,0,0,0,0,0x03
2026-09-06T16:32:27.647,102,0,2,50,0,0,0,0,0,0,0x03
2026-09-06T16:32:27.712,103,0,2,51,0,0,0,0,0,0,0x03
2026-09-06T16:32:27.777,104,0,2,50,0,0,0,0,0,0,0x03
2026-09-06T16:32:27.842,105,0,2,51,0,0,0,0,0,0,0x03
2026-09-06T16:32:27.924,106,0,2,52,0,0,0,0,0,0,0x03
2026-09-06T16:32:27.989,107,0,2,51,0,0,0,0,0,0,0x03
2026-09-06T16:32:28.054,108,0,2,50,0,0,0,0,0,0,0x03
2026-09-06T16:32:28.119,109,0,2,51,0,0,0,0,0,0,0x03
2026-09-06T16:32:28.185,110,0,2,50,0,0,0,0,0,0,0x03
2026-09-06T16:32:28.250,111,0,2,51,0,0,0,0,0,0,0x03
2026-09-06T16:32:28.315,112,0,2,52,0,0,0,0,0,0,0x03
2026-09-06T16:32:28.381,113,0,2,50,0,0,0,0,0,0,0x03
2026-09-06T16:32:28.446,114,0,2,51,0,0,0,0,0,0,0x03
2026-09-06T16:32:28.511,115,0,2,50,0,0,0,0,0,0,0x03
2026-09-06T16:32:28.577,116,0,2,51,0,0,0,0,0,0,0x03
2026-09-06T16:32:28.658,117,0,2,51,0,0,0,0,0,0,0x03
2026-09-06T16:32:28.723,118,0,2,50,0,0,0,0,0,0,0x03
2026-09-06T16:32:28.789,119,0,2,50,0,0,0,0,0,0,0x03
2026-09-06T16:32:28.854,120,0,2,50,0,0,0,0,0,0,0x03
2026-09-06T16:32:28.919,121,0,2,50,0,0,0,0,0,0,0x03
2026-09-06T16:32:28.985,122,0,2,50,0,0,0,0,0,0,0x03
2026-09-06T16:32:29.050,123,0,2,52,0,0,0,0,0,0,0x03
2026-09-06T16:32:29.115,124,0,2,50,0,0,0,0,0,0,0x03
2026-09-06T16:32:29.197,125,0,2,52,0,0,0,0,0,0,0x03
2026-09-06T16:32:29.246,126,0,2,52,0,0,0,0,0,0,0x03
2026-09-06T16:32:29.327,127,0,2,51,0,0,0,0,0,0,0x03
2026-09-06T16:32:29.392,128,0,2,52,0,0,0,0,0,0,0x03
2026-09-06T16:32:29.457,129,0,2,51,0,0,0,0,0,0,0x03
2026-09-06T16:32:29.522,130,0,2,52,0,0,0,0,0,0,0x03
2026-09-06T16:32:29.587,131,0,2,50,0,0,0,0,0,0,0x03
2026-09-06T16:32:29.652,132,0,2,52,0,0,0,0,0,0,0x03
2026-09-06T16:32:29.733,133,0,2,50,0,0,0,0,0,0,0x03
2026-09-06T16:32:29.782,134,0,2,50,0,0,0,0,0,0,0x03
2026-09-06T16:32:29.863,135,0,2,52,0,0,0,0,0,0,0x03
2026-09-06T16:32:29.928,136,0,2,54,0,0,0,0,0,0,0x03
2026-09-06T16:32:29.994,137,0,2,51,0,0,0,0,0,0,0x03
2026-09-06T16:32:30.059,138,0,2,52,0,0,0,0,0,0,0x03
2026-09-06T16:32:30.124,139,0,2,51,0,0,0,0,0,0,0x03
2026-09-06T16:32:30.189,140,0,2,50,0,0,0,0,0,0,0x03
2026-09-06T16:32:30.254,141,0,2,51,0,0,0,0,0,0,0x03
2026-09-06T16:32:30.319,142,0,2,50,0,0,0,0,0,0,0x03
2026-09-06T16:32:30.401,143,0,2,52,0,0,0,0,0,0,0x03
2026-09-06T16:32:30.466,144,0,2,50,0,0,0,0,0,0,0x03
2026-09-06T16:32:30.531,145,0,2,51,0,0,0,0,0,0,0x03
2026-09-06T16:32:30.597,146,0,2,52,0,0,0,0,0,0,0x03
2026-09-06T16:32:30.662,147,0,2,50,0,0,0,0,0,0,0x03
2026-09-06T16:32:30.728,148,0,2,51,0,0,0,0,0,0,0x03
2026-09-06T16:32:30.793,149,0,2,52,0,0,0,0,0,0,0x03
2026-09-06T16:32:30.858,150,0,2,51,0,0,0,0,0,0,0x03
2026-09-06T16:32:30.924,151,0,2,50,0,0,0,0,0,0,0x03
2026-09-06T16:32:30.989,152,0,2,51,0,0,0,0,0,0,0x03
2026-09-06T16:32:31.054,153,0,2,52,0,0,0,0,0,0,0x03
2026-09-06T16:32:31.136,154,0,2,50,0,0,0,0,0,0,0x03
2026-09-06T16:32:31.201,155,0,2,50,0,0,0,0,0,0,0x03
2026-09-06T16:32:31.266,156,0,2,50,0,0,0,0,0,0,0x03
2026-09-06T16:32:31.332,157,0,2,52,0,0,0,0,0,0,0x03
2026-09-06T16:32:31.397,158,0,2,50,0,0,0,0,0,0,0x03
2026-09-06T16:32:31.462,159,0,2,52,0,0,0,0,0,0,0x03
2026-09-06T16:32:31.527,160,0,2,51,0,0,0,0,0,0,0x03
2026-09-06T16:32:31.592,161,0,2,52,0,0,0,0,0,0,0x03
2026-09-06T16:32:31.673,162,0,2,50,0,0,0,0,0,0,0x03
2026-09-06T16:32:31.739,163,0,2,52,0,0,0,0,0,0,0x03
2026-09-06T16:32:31.804,164,0,2,50,0,0,0,0,0,0,0x03
2026-09-06T16:32:31.870,165,0,2,52,0,0,0,0,0,0,0x03
2026-09-06T16:32:31.935,166,0,2,51,0,0,0,0,0,0,0x03
2026-09-06T16:32:32.001,167,0,2,55,0,0,0,0,0,0,0x03
2026-09-06T16:32:32.066,168,0,2,50,0,0,0,0,0,0,0x03
2026-09-06T16:32:32.131,169,0,2,51,0,0,0,0,0,0,0x03
2026-09-06T16:32:32.197,170,0,2,50,0,0,0,0,0,0,0x03
2026-09-06T16:32:32.262,171,0,2,51,0,0,0,0,0,0,0x03
2026-09-06T16:32:32.328,172,0,2,51,0,0,0,0,0,0,0x03
2026-09-06T16:32:32.409,173,0,2,50,0,0,0,0,0,0,0x03
2026-09-06T16:32:32.475,174,0,2,50,0,0,0,0,0,0,0x03
2026-09-06T16:32:32.540,175,0,2,50,0,0,0,0,0,0,0x03
2026-09-06T16:32:32.606,176,0,2,52,0,0,0,0,0,0,0x03
2026-09-06T16:32:32.671,177,0,2,50,0,0,0,0,0,0,0x03
2026-09-06T16:32:32.737,178,0,2,50,0,0,0,0,0,0,0x03
2026-09-06T16:32:32.802,179,0,2,50,0,0,0,0,0,0,0x03
2026-09-06T16:32:32.867,180,0,2,50,0,0,0,0,0,0,0x03
2026-09-06T16:32:32.933,181,0,2,50,0,0,0,0,0,0,0x03
2026-09-06T16:32:32.998,182,0,2,50,0,0,0,0,0,0,0x03
2026-09-06T16:32:33.079,183,0,2,53,0,0,0,0,0,0,0x03
2026-09-06T16:32:33.144,184,0,2,52,0,0,0,0,0,0,0x03
2026-09-06T16:32:33.209,185,0,2,50,0,0,0,0,0,0,0x03
2026-09-06T16:32:33.275,186,0,2,50,0,0,0,0,0,0,0x03
2026-09-06T16:32:33.340,187,0,2,51,0,0,0,0,0,0,0x03
2026-09-06T16:32:33.405,188,0,2,51,0,0,0,0,0,0,0x03
2026-09-06T16:32:33.470,189,0,2,53,0,0,0,0,0,0,0x03
2026-09-06T16:32:33.535,190,0,2,52,0,0,0,0,0,0,0x03
2026-09-06T16:32:33.617,191,0,2,51,0,0,0,0,0,0,0x03
2026-09-06T16:32:33.682,192,0,2,50,0,0,3694,0,0,15893,0x07
2026-09-06T16:32:33.747,193,0,2,50,182,100,4040,1841,0,23719,0x07
2026-09-06T16:32:33.813,194,0,2,51,647,0,10003,1282,0,17074,0x07
2026-09-06T16:32:33.878,195,0,2,54,600,37,9284,1235,0,16513,0x07
2026-09-06T16:32:33.944,196,0,2,50,600,60,9187,1235,0,16513,0x07
2026-09-06T16:32:34.009,197,0,2,51,588,59,9055,1223,0,16367,0x07
2026-09-06T16:32:34.074,198,0,2,52,693,96,10141,1294,0,17211,0x07
2026-09-06T16:32:34.139,199,0,2,50,531,100,8202,1199,0,16084,0x07
2026-09-06T16:32:34.204,200,0,2,50,530,80,8275,1200,0,16096,0x07
2026-09-06T16:32:34.286,201,0,2,51,549,78,8498,1181,0,15876,0x07
2026-09-06T16:32:34.351,202,0,2,52,509,38,8203,1222,0,16354,0x07
2026-09-06T16:32:34.416,203,0,2,51,509,20,8283,1222,0,16354,0x07
2026-09-06T16:32:34.481,204,0,2,51,509,20,8275,1223,0,16367,0x07
2026-09-06T16:32:34.546,205,0,2,51,510,176,7620,1221,0,16350,0x07
2026-09-06T16:32:34.611,206,0,2,51,523,39,8360,1208,0,16188,0x07
2026-09-06T16:32:34.675,207,0,2,51,0,0,0,0,0,0,0x03
2026-09-06T16:32:34.740,208,0,2,54,2683,19,34137,2490,0,31428,0x07
2026-09-06T16:32:34.805,209,0,2,51,2683,392,32549,0,0,11040,0x07
2026-09-06T16:32:34.886,210,0,2,50,2849,700,33215,0,0,3905,0x07
2026-09-06T16:32:34.951,211,0,2,52,1427,0,19273,270,0,5053,0x07
2026-09-06T16:32:35.016,212,0,2,51,1170,0,16220,2037,0,26047,0x07
2026-09-06T16:32:35.081,213,0,2,50,1574,0,21022,998,0,13701,0x07
2026-09-06T16:32:35.146,214,0,2,52,1240,0,17054,464,0,7352,0x07
2026-09-06T16:32:35.211,215,0,2,50,1284,0,17575,418,0,6812,0x07
2026-09-06T16:32:35.276,216,0,2,52,1298,0,17743,404,0,6637,0x07
2026-09-06T16:32:35.357,217,0,2,51,1294,0,17700,407,0,6682,0x07
2026-09-06T16:32:35.422,218,0,2,53,-1782,-19,23426,3500,0,40000,0x07
2026-09-06T16:32:35.487,219,0,2,50,0,0,3524,3500,0,40000,0x07
2026-09-06T16:32:35.553,220,0,2,50,159,100,3776,1585,0,20670,0x07
2026-09-06T16:32:35.618,221,0,2,51,162,137,3653,1582,0,20633,0x07
2026-09-06T16:32:35.683,222,0,2,51,139,0,3960,1606,0,20920,0x07
2026-09-06T16:32:35.749,223,0,2,51,160,0,4209,0,0,14205,0x07
2026-09-06T16:32:35.814,224,0,2,52,1268,1308,11834,435,0,7007,0x07
2026-09-06T16:32:35.880,225,0,2,50,1268,380,15776,435,0,7007,0x07
2026-09-06T16:32:35.945,226,0,2,51,1281,490,15464,421,0,6841,0x07
2026-09-06T16:32:36.010,227,0,2,51,1269,451,15478,434,0,6998,0x07
2026-09-06T16:32:36.091,228,0,2,56,1191,679,13592,514,0,7951,0x07
2026-09-06T16:32:36.156,229,0,2,51,1191,961,12393,514,0,7951,0x07
2026-09-06T16:32:36.221,230,0,2,50,1122,940,11650,587,0,8812,0x07
2026-09-06T16:32:36.286,231,0,2,52,1060,712,11890,650,0,9569,0x07
2026-09-06T16:32:36.351,232,0,2,51,1943,608,22837,1853,0,23851,0x07
2026-09-06T16:32:36.416,233,0,2,50,1465,700,16755,230,0,4579,0x07
2026-09-06T16:32:36.481,234,0,2,52,1082,712,12147,628,0,9303,0x07
2026-09-06T16:32:36.546,235,0,2,52,1082,692,12229,628,0,9303,0x07
2026-09-06T16:32:36.628,236,0,2,51,1526,725,17373,1180,0,15864,0x07
2026-09-06T16:32:36.693,237,0,2,52,2827,712,32909,3277,0,40000,0x07
2026-09-06T16:32:36.758,238,0,2,51,1868,902,20684,826,0,11656,0x07
2026-09-06T16:32:36.823,239,0,2,50,1207,960,12577,512,0,7931,0x07
2026-09-06T16:32:36.888,240,0,2,50,1408,900,15223,977,0,13448,0x07
2026-09-06T16:32:36.953,241,0,2,52,1918,942,21114,1676,0,21751,0x07
2026-09-06T16:32:37.018,242,0,2,51,2534,961,28359,2505,0,31602,0x07
2026-09-06T16:32:37.083,243,0,2,52,3026,1000,34047,3184,0,39672,0x07
2026-09-06T16:32:37.164,244,0,2,51,3210,1176,35484,3500,0,40000,0x07
2026-09-06T16:32:37.229,245,0,2,50,3054,1620,31749,3500,0,40000,0x07
2026-09-06T16:32:37.294,246,0,2,51,2471,1608,24858,3132,0,39053,0x07
2026-09-06T16:32:37.359,247,0,2,54,379,1593,40,1357,0,17968,0x07
2026-09-06T16:32:37.424,248,0,2,51,379,804,3392,1357,0,17968,0x07
2026-09-06T16:32:37.490,249,0,2,50,284,480,3642,1456,0,19137,0x07
2026-09-06T16:32:37.555,250,0,2,50,0,0,2325,1639,0,21319,0x07
2026-09-06T16:32:37.620,251,0,2,51,0,0,28094,0,0,18512,0x07
2026-09-06T16:32:37.701,252,0,2,50,3374,1120,37674,0,0,5547,0x07
2026-09-06T16:32:37.750,253,0,2,50,1219,1040,12389,485,0,7610,0x07
2026-09-06T16:32:37.831,254,0,2,50,1198,520,14343,508,0,7872,0x07
2026-09-06T16:32:37.896,255,0,2,50,1199,500,14439,506,0,7859,0x07
2026-09-06T16:32:37.961,256,0,2,50,1174,460,14312,533,0,8172,0x07
2026-09-06T16:32:38.026,257,0,2,51,1160,431,14273,546,0,8334,0x07
2026-09-06T16:32:38.091,258,0,2,52,1098,423,13563,611,0,9107,0x07
2026-09-06T16:32:38.156,259,0,2,50,1222,440,14967,834,0,11752,0x07
2026-09-06T16:32:38.222,260,0,2,54,2362,500,28279,2216,0,28163,0x07
2026-09-06T16:32:38.287,261,0,2,50,2362,680,27514,2216,0,28163,0x07
2026-09-06T16:32:38.368,262,0,2,51,2742,824,31414,2686,0,33756,0x07
2026-09-06T16:32:38.433,263,0,2,51,3070,1020,34490,3172,0,39527,0x07
2026-09-06T16:32:38.498,264,0,2,50,3251,1340,35274,3395,0,40000,0x07
2026-09-06T16:32:38.563,265,0,2,50,3276,1560,34641,3500,0,40000,0x07
2026-09-06T16:32:38.628,266,0,2,55,2536,1673,25357,3192,0,39764,0x07
2026-09-06T16:32:38.693,267,0,2,51,2536,1725,25133,3192,0,39764,0x07
2026-09-06T16:32:38.759,268,0,2,50,1393,1800,11221,2268,0,28783,0x07
2026-09-06T16:32:38.889,269,0,2,51,0,0,3640,1581,0,20625,0x07
2026-09-06T16:32:38.971,270,0,2,50,0,0,28094,0,0,16816,0x07
2026-09-06T16:32:39.035,271,0,2,51,3374,1706,35184,0,0,7742,0x07
2026-09-06T16:32:39.100,272,0,2,50,942,840,9936,773,0,11028,0x07
2026-09-06T16:32:39.166,274,0,2,51,1246,941,13130,1266,0,16882,0x07
2026-09-06T16:32:39.231,275,0,2,52,3139,827,36123,3425,0,40000,0x07
2026-09-06T16:32:39.297,276,0,2,51,3216,1157,35635,3500,0,40000,0x07
2026-09-06T16:32:39.362,277,0,2,50,2776,1260,29964,3420,0,40000,0x07
2026-09-06T16:32:39.427,278,0,2,50,1893,1420,18791,2684,0,33735,0x07
2026-09-06T16:32:39.509,279,0,2,54,369,1056,2207,1367,0,18089,0x07
2026-09-06T16:32:39.558,280,0,2,51,369,471,4693,1367,0,18089,0x07
2026-09-06T16:32:39.639,281,0,2,51,254,824,1829,1486,0,19502,0x07
2026-09-06T16:32:39.704,282,0,2,51,149,608,1497,1595,0,20795,0x07
2026-09-06T16:32:39.769,283,0,2,50,24,80,2248,0,0,18785,0x07
2026-09-06T16:32:39.835,284,0,2,50,3374,0,40000,0,0,4943,0x07
2026-09-06T16:32:39.900,285,0,2,52,1258,519,15063,445,0,7128,0x07
2026-09-06T16:32:39.965,286,0,2,52,1258,346,15799,445,0,7128,0x07
2026-09-06T16:32:40.030,287,0,2,50,1274,400,15759,428,0,6933,0x07
2026-09-06T16:32:40.096,288,0,2,51,1281,412,15789,421,0,6849,0x07
2026-09-06T16:32:40.178,289,0,2,50,1290,460,15696,412,0,6733,0x07
2026-09-06T16:32:40.243,290,0,2,50,1280,460,15580,422,0,6853,0x07
2026-09-06T16:32:40.308,291,0,2,54,1219,519,14597,486,0,7615,0x07
2026-09-06T16:32:40.374,292,0,2,50,1219,540,14505,486,0,7615,0x07
2026-09-06T16:32:40.438,293,0,2,50,1169,620,13572,538,0,8230,0x07
2026-09-06T16:32:40.504,294,0,2,51,1124,667,12840,584,0,8783,0x07
2026-09-06T16:32:40.569,295,0,2,51,1097,706,12356,612,0,9111,0x07
2026-09-06T16:32:40.635,296,0,2,50,1379,700,15736,1001,0,13731,0x07
2026-09-06T16:32:40.700,297,0,2,51,1818,647,21177,1516,0,19856,0x07
2026-09-06T16:32:40.781,298,0,2,51,2747,804,31558,2743,0,34425,0x07
2026-09-06T16:32:40.829,299,0,2,51,2747,1020,30641,2743,0,34425,0x07
2026-09-06T16:32:40.911,300,0,2,50,3249,1400,35003,3466,0,40000,0x07
2026-09-06T16:32:40.976,301,0,2,50,3249,1400,35003,3466,0,40000,0x07
2026-09-06T16:32:41.041,302,0,2,51,3246,1608,34080,3500,0,40000,0x07
2026-09-06T16:32:41.106,303,0,2,51,2979,1745,30314,3492,0,40000,0x07
2026-09-06T16:32:41.171,304,0,2,53,1358,1679,11321,2188,0,27831,0x07
2026-09-06T16:32:41.236,305,0,2,51,1358,1431,12374,2188,0,27831,0x07
2026-09-06T16:32:41.317,306,0,2,50,291,1340,74,1448,0,19045,0x07
2026-09-06T16:32:41.366,307,0,2,51,0,0,2436,1633,0,21245,0x07
2026-09-06T16:32:41.447,308,0,2,51,0,0,28094,0,0,18502,0x07
2026-09-06T16:32:41.577,309,0,2,50,3374,840,38864,0,0,5705,0x07
2026-09-06T16:32:41.641,310,0,2,50,1199,500,14443,506,0,7856,0x07
2026-09-06T16:32:41.707,311,0,2,52,1135,462,13848,572,0,8641,0x07
2026-09-06T16:32:41.772,312,0,2,50,1117,460,13642,591,0,8862,0x07
2026-09-06T16:32:41.853,314,0,2,51,1133,451,13869,574,0,8666,0x07
2026-09-06T16:32:41.902,315,0,2,52,1341,462,16296,981,0,13494,0x07
2026-09-06T16:32:41.985,316,0,2,52,2217,519,26468,2009,0,25710,0x07
2026-09-06T16:32:42.050,317,0,2,54,2649,667,30973,2587,0,32579,0x07
2026-09-06T16:32:42.115,318,0,2,51,2649,902,29973,2587,0,32579,0x07
2026-09-06T16:32:42.180,319,0,2,51,2946,1078,32758,2935,0,36712,0x07
2026-09-06T16:32:42.245,320,0,2,50,3161,1340,34211,3255,0,40000,0x07
2026-09-06T16:32:42.310,321,0,2,50,3285,1480,35085,3451,0,40000,0x07
2026-09-06T16:32:42.375,322,0,2,51,3239,1725,33491,3500,0,40000,0x07
2026-09-06T16:32:42.440,323,0,2,56,2059,1732,19435,2812,0,35252,0x07
2026-09-06T16:32:42.521,324,0,2,56,510,1732,1017,1527,0,19980,0x07
2026-09-06T16:32:42.589,325,0,2,52,510,885,4619,1527,0,19980,0x07
2026-09-06T16:32:42.654,326,0,2,50,196,700,1660,1547,0,20222,0x07
2026-09-06T16:32:42.719,327,0,2,52,0,0,2990,1697,0,22005,0x07
2026-09-06T16:32:42.784,328,0,2,50,0,0,28094,0,0,18232,0x07
2026-09-06T16:32:42.850,329,0,2,51,3374,627,39767,0,0,5891,0x07
2026-09-06T16:32:42.916,330,0,2,53,1151,434,14154,556,0,8450,0x07
2026-09-06T16:32:42.981,331,0,2,50,1151,440,14129,556,0,8450,0x07
2026-09-06T16:32:43.046,332,0,2,51,1152,373,14419,555,0,8442,0x07
2026-09-06T16:32:43.111,333,0,2,51,1172,412,14493,534,0,8192,0x07
2026-09-06T16:32:43.176,334,0,2,57,1080,421,13363,630,0,9323,0x07
2026-09-06T16:32:43.257,335,0,2,51,1080,373,13569,630,0,9323,0x07
2026-09-06T16:32:43.322,336,0,2,51,1409,373,17484,1001,0,13739,0x07
2026-09-06T16:32:43.388,337,0,2,51,1744,471,21049,1393,0,18396,0x07
2026-09-06T16:32:43.453,338,0,2,50,2090,580,24692,1827,0,23552,0x07
2026-09-06T16:32:43.518,339,0,2,52,2505,654,29322,2390,0,30238,0x07
2026-09-06T16:32:43.585,340,0,2,53,3019,981,34047,3002,0,37511,0x07
2026-09-06T16:32:43.649,341,0,2,50,3019,1140,33371,3002,0,37511,0x07
2026-09-06T16:32:43.714,342,0,2,50,3195,1300,34783,3298,0,40000,0x07
2026-09-06T16:32:43.780,343,0,2,51,3298,1529,35027,3483,0,40000,0x07
2026-09-06T16:32:43.861,344,0,2,51,3236,1667,33713,3500,0,40000,0x07
2026-09-06T16:32:43.926,345,0,2,51,2787,1784,27873,3402,0,40000,0x07
2026-09-06T16:32:43.991,346,0,2,53,307,1623,0,1432,0,18849,0x07
2026-09-06T16:32:44.056,347,0,2,51,307,804,2542,1432,0,18849,0x07
2026-09-06T16:32:44.121,348,0,2,50,198,660,1853,1545,0,20197,0x07
2026-09-06T16:32:44.187,349,0,2,51,0,0,2980,1679,0,21793,0x07
2026-09-06T16:32:44.316,350,0,2,50,0,0,28094,0,0,18138,0x07
2026-09-06T16:32:44.397,351,0,2,50,0,0,18254,0,0,28548,0x07
2026-09-06T16:32:44.446,352,0,2,52,3374,38,40000,-2259,0,28683,0x07
2026-09-06T16:32:44.528,353,0,2,52,3374,1635,35486,0,0,4303,0x07
2026-09-06T16:32:44.593,354,0,2,51,1376,529,16425,322,0,5673,0x07
2026-09-06T16:32:44.658,355,0,2,52,633,404,8122,1093,0,14828,0x07
2026-09-06T16:32:44.723,356,0,2,51,1150,431,14149,557,0,8462,0x07
2026-09-06T16:32:44.789,357,0,2,50,1161,420,14329,546,0,8325,0x07
2026-09-06T16:32:44.853,358,0,2,51,1135,412,14059,572,0,8641,0x07
2026-09-06T16:32:44.919,359,0,2,56,1135,375,14212,606,0,9041,0x07
2026-09-06T16:32:44.984,360,0,2,51,1216,412,15015,678,0,9897,0x07
2026-09-06T16:32:45.065,361,0,2,52,1463,365,18157,232,0,4600,0x07
2026-09-06T16:32:45.130,362,0,2,54,1170,426,14413,536,0,8213,0x07
2026-09-06T16:32:45.196,363,0,2,51,1170,431,14390,536,0,8213,0x07
2026-09-06T16:32:45.326,364,0,2,51,2160,431,26167,2516,0,31735,0x07
2026-09-06T16:32:45.391,365,0,2,53,2981,717,34708,2987,0,37327,0x07
2026-09-06T16:32:45.456,366,0,2,51,2981,1216,32589,2987,0,37327,0x07
2026-09-06T16:32:45.521,367,0,2,50,3195,1420,34273,3329,0,40000,0x07
2026-09-06T16:32:45.586,369,0,2,52,0,0,0,0,0,0,0x03
2026-09-06T16:32:45.667,370,0,2,50,0,0,0,0,0,0,0x03
2026-09-06T16:32:45.732,371,0,2,50,0,0,0,0,0,0,0x03
2026-09-06T16:32:45.798,372,0,2,50,0,0,21003,0,0,19570,0x07
2026-09-06T16:32:45.863,373,0,2,51,2446,980,27232,2323,0,29444,0x07
2026-09-06T16:32:45.928,374,0,2,51,2722,1255,29344,3304,0,40000,0x07
2026-09-06T16:32:45.993,375,0,2,51,3347,1078,37529,3500,0,40000,0x07
2026-09-06T16:32:46.058,376,0,2,52,3221,1327,34973,3500,0,40000,0x07
2026-09-06T16:32:46.123,377,0,2,51,2082,1451,20907,2378,0,30092,0x07
2026-09-06T16:32:46.204,378,0,2,52,3134,1673,32466,3255,0,40000,0x07
2026-09-06T16:32:46.269,379,0,2,51,3134,1667,32493,3255,0,40000,0x07
2026-09-06T16:32:46.398,380,0,2,50,3225,1700,33439,3500,0,40000,0x07
2026-09-06T16:32:46.464,381,0,2,51,2665,1725,26674,3405,0,40000,0x07
2026-09-06T16:32:46.529,382,0,2,51,1284,1275,12159,2261,0,28700,0x07
2026-09-06T16:32:46.594,383,0,2,51,237,1235,2903,1504,0,19714,0x07
2026-09-06T16:32:46.659,385,0,2,51,78,765,28094,0,0,18093,0x07
