timestamp,sequence,team,robot_id,interval_ms,left_target_eps,left_measured_eps,left_duty,right_target_eps,right_measured_eps,right_duty,flags
2026-09-06T21:03:23.131,282,0,1,50,0,0,18603,0,0,22994,0x07
2026-09-06T21:03:23.184,283,0,2,51,0,0,12738,0,0,17150,0x07
2026-09-06T21:03:23.184,284,0,1,50,0,0,0,0,0,0,0x03
2026-09-06T21:03:23.249,285,0,2,50,0,0,0,0,0,0,0x03
2026-09-06T21:03:23.249,286,0,1,51,0,0,0,0,0,0,0x03
2026-09-06T21:03:23.313,287,0,2,51,0,0,0,0,0,0,0x03
2026-09-06T21:03:23.313,0,0,1,52,0,0,0,0,0,0,0x03
2026-09-06T21:03:23.378,1,0,2,51,0,0,0,0,0,0,0x03
2026-09-06T21:03:23.378,2,0,1,50,0,0,0,0,0,0,0x03
2026-09-06T21:03:23.443,3,0,2,52,0,0,0,0,0,0,0x03
2026-09-06T21:03:23.443,4,0,1,51,0,0,0,0,0,0,0x03
2026-09-06T21:03:23.508,5,0,2,51,0,0,0,0,0,0,0x03
2026-09-06T21:03:23.508,6,0,1,51,0,0,0,0,0,0,0x03
2026-09-06T21:03:23.573,7,0,2,52,0,0,0,0,0,0,0x03
2026-09-06T21:03:23.573,8,0,1,50,0,0,0,0,0,0,0x03
2026-09-06T21:03:23.654,9,0,2,50,0,0,0,0,0,0,0x03
2026-09-06T21:03:23.654,10,0,1,50,0,0,0,0,0,0,0x03
2026-09-06T21:03:23.719,11,0,2,50,0,0,0,0,0,0,0x03
2026-09-06T21:03:23.719,12,0,1,52,0,0,0,0,0,0,0x03
2026-09-06T21:03:23.784,13,0,2,51,0,0,0,0,0,0,0x03
2026-09-06T21:03:23.784,14,0,1,54,0,0,0,0,0,0,0x03
2026-09-06T21:03:23.849,15,0,2,50,0,0,0,0,0,0,0x03
2026-09-06T21:03:23.849,16,0,1,51,0,0,0,0,0,0,0x03
2026-09-06T21:03:23.914,17,0,2,51,0,0,0,0,0,0,0x03
2026-09-06T21:03:23.914,18,0,1,51,0,0,0,0,0,0,0x03
2026-09-06T21:03:23.979,19,0,2,51,0,0,0,0,0,0,0x03
2026-09-06T21:03:23.979,20,0,1,50,0,0,0,0,0,0,0x03
2026-09-06T21:03:24.044,21,0,2,51,0,0,0,0,0,0,0x03
2026-09-06T21:03:24.044,22,0,1,52,0,0,0,0,0,0,0x03
2026-09-06T21:03:24.109,23,0,2,52,0,0,0,0,0,0,0x03
2026-09-06T21:03:24.109,24,0,1,50,0,0,0,0,0,0,0x03
2026-09-06T21:03:24.190,25,0,2,51,0,0,0,0,0,0,0x03
2026-09-06T21:03:24.190,26,0,1,50,0,0,0,0,0,0,0x03
2026-09-06T21:03:24.255,27,0,2,51,0,0,0,0,0,0,0x03
2026-09-06T21:03:24.255,28,0,1,50,0,0,0,0,0,0,0x03
2026-09-06T21:03:24.320,29,0,2,50,0,0,0,0,0,0,0x03
2026-09-06T21:03:24.321,30,0,1,51,0,0,0,0,0,0,0x03
2026-09-06T21:03:24.385,31,0,2,51,0,0,0,0,0,0,0x03
2026-09-06T21:03:24.385,32,0,1,51,0,0,0,0,0,0,0x03
2026-09-06T21:03:24.450,33,0,2,51,0,0,0,0,0,0,0x03
2026-09-06T21:03:24.450,34,0,1,54,0,0,0,0,0,0,0x03
2026-09-06T21:03:24.515,35,0,2,50,0,0,0,0,0,0,0x03
2026-09-06T21:03:24.515,36,0,1,51,0,0,0,0,0,0,0x03
2026-09-06T21:03:24.580,37,0,2,51,0,0,0,0,0,0,0x03
2026-09-06T21:03:24.580,38,0,1,50,0,0,0,0,0,0,0x03
2026-09-06T21:03:24.645,39,0,2,50,0,0,0,0,0,0,0x03
2026-09-06T21:03:24.645,40,0,1,50,0,0,0,0,0,0,0x03
2026-09-06T21:03:24.726,41,0,2,52,0,0,0,0,0,0,0x03
2026-09-06T21:03:24.726,42,0,1,52,0,0,0,0,0,0,0x03
2026-09-06T21:03:24.792,43,0,2,52,0,0,0,0,0,0,0x03
2026-09-06T21:03:24.792,44,0,1,52,0,0,0,0,0,0,0x03
2026-09-06T21:03:24.857,45,0,2,51,0,0,0,0,0,0,0x03
2026-09-06T21:03:24.857,46,0,1,51,0,0,0,0,0,0,0x03
2026-09-06T21:03:24.922,47,0,2,50,0,0,0,0,0,0,0x03
2026-09-06T21:03:24.922,48,0,1,52,0,0,0,0,0,0,0x03
2026-09-06T21:03:24.987,49,0,2,51,0,0,0,0,0,0,0x03
2026-09-06T21:03:24.987,50,0,1,50,0,0,0,0,0,0,0x03
2026-09-06T21:03:25.052,51,0,2,50,0,0,0,0,0,0,0x03
2026-09-06T21:03:25.052,52,0,1,51,0,0,0,0,0,0,0x03
2026-09-06T21:03:25.117,53,0,2,50,0,0,0,0,0,0,0x03
2026-09-06T21:03:25.117,54,0,1,50,0,0,0,0,0,0,0x03
2026-09-06T21:03:25.181,55,0,2,50,0,0,0,0,0,0,0x03
2026-09-06T21:03:25.181,56,0,1,52,0,0,0,0,0,0,0x03
2026-09-06T21:03:25.263,57,0,2,52,0,0,0,0,0,0,0x03
2026-09-06T21:03:25.263,58,0,1,51,0,0,0,0,0,0,0x03
2026-09-06T21:03:25.312,59,0,2,50,0,0,0,0,0,0,0x03
2026-09-06T21:03:25.312,60,0,1,50,0,0,0,0,0,0,0x03
2026-09-06T21:03:25.393,61,0,2,50,0,0,0,0,0,0,0x03
2026-09-06T21:03:25.393,62,0,1,52,0,0,0,0,0,0,0x03
2026-09-06T21:03:25.459,63,0,2,51,0,0,0,0,0,0,0x03
2026-09-06T21:03:25.459,64,0,1,51,0,0,0,0,0,0,0x03
2026-09-06T21:03:25.525,65,0,2,53,0,0,0,0,0,0,0x03
2026-09-06T21:03:25.525,66,0,1,55,0,0,0,0,0,0,0x03
2026-09-06T21:03:25.590,67,0,2,52,0,0,0,0,0,0,0x03
2026-09-06T21:03:25.590,68,0,1,50,0,0,0,0,0,0,0x03
2026-09-06T21:03:25.656,69,0,2,52,0,0,0,0,0,0,0x03
2026-09-06T21:03:25.656,70,0,1,52,0,0,0,0,0,0,0x03
2026-09-06T21:03:25.721,71,0,2,51,0,0,0,0,0,0,0x03
2026-09-06T21:03:25.721,72,0,1,52,0,0,0,0,0,0,0x03
2026-09-06T21:03:25.787,73,0,2,52,0,0,0,0,0,0,0x03
2026-09-06T21:03:25.787,74,0,1,51,0,0,0,0,0,0,0x03
2026-09-06T21:03:25.851,75,0,2,51,0,0,0,0,0,0,0x03
2026-09-06T21:03:25.851,76,0,1,52,0,0,0,0,0,0,0x03
2026-09-06T21:03:25.916,77,0,2,50,0,0,0,0,0,0,0x03
2026-09-06T21:03:25.916,78,0,1,50,0,0,0,0,0,0,0x03
2026-09-06T21:03:25.998,79,0,2,52,0,0,0,0,0,0,0x03
2026-09-06T21:03:25.998,80,0,1,50,0,0,0,0,0,0,0x03
2026-09-06T21:03:26.064,81,0,2,50,0,0,0,0,0,0,0x03
2026-09-06T21:03:26.064,82,0,1,51,0,0,0,0,0,0,0x03
2026-09-06T21:03:26.129,83,0,2,51,0,0,0,0,0,0,0x03
2026-09-06T21:03:26.129,84,0,1,50,0,0,0,0,0,0,0x03
2026-09-06T21:03:26.195,85,0,2,51,0,0,0,0,0,0,0x03
2026-09-06T21:03:26.195,86,0,1,50,0,0,0,0,0,0,0x03
2026-09-06T21:03:26.261,87,0,2,50,0,0,0,0,0,0,0x03
2026-09-06T21:03:26.261,88,0,1,50,0,0,0,0,0,0,0x03
2026-09-06T21:03:26.326,89,0,2,52,0,0,0,0,0,0,0x03
2026-09-06T21:03:26.326,90,0,1,50,0,0,0,0,0,0,0x03
2026-09-06T21:03:26.391,91,0,2,52,0,0,0,0,0,0,0x03
2026-09-06T21:03:26.391,92,0,1,54,0,0,0,0,0,0,0x03
2026-09-06T21:03:26.456,93,0,2,50,0,0,0,0,0,0,0x03
2026-09-06T21:03:26.456,94,0,1,50,0,0,0,0,0,0,0x03
2026-09-06T21:03:26.521,95,0,2,51,0,0,0,0,0,0,0x03
2026-09-06T21:03:26.521,96,0,1,51,0,0,0,0,0,0,0x03
2026-09-06T21:03:26.602,97,0,2,51,0,0,0,0,0,0,0x03
2026-09-06T21:03:26.602,98,0,1,51,0,0,0,0,0,0,0x03
2026-09-06T21:03:26.667,99,0,2,52,0,0,0,0,0,0,0x03
2026-09-06T21:03:26.667,100,0,1,50,0,0,0,0,0,0,0x03
2026-09-06T21:03:26.732,101,0,2,51,0,0,0,0,0,0,0x03
2026-09-06T21:03:26.732,102,0,1,50,0,0,0,0,0,0,0x03
2026-09-06T21:03:26.798,103,0,2,55,0,0,0,0,0,0,0x03
2026-09-06T21:03:26.798,104,0,1,52,0,0,0,0,0,0,0x03
2026-09-06T21:03:26.862,105,0,2,52,0,0,0,0,0,0,0x03
2026-09-06T21:03:26.862,106,0,1,51,0,0,0,0,0,0,0x03
2026-09-06T21:03:26.928,107,0,2,50,0,0,0,0,0,0,0x03
2026-09-06T21:03:26.928,108,0,1,51,0,0,0,0,0,0,0x03
2026-09-06T21:03:26.993,109,0,2,52,0,0,6057,0,0,12874,0x07
2026-09-06T21:03:26.993,110,0,1,50,0,0,0,0,0,0,0x03
2026-09-06T21:03:27.059,111,0,2,58,80,34,3356,686,1034,6725,0x07
2026-09-06T21:03:27.059,112,0,1,50,0,0,0,0,0,0,0x03
2026-09-06T21:03:27.124,113,0,2,51,80,78,3169,686,451,9205,0x07
2026-09-06T21:03:27.124,114,0,1,50,0,0,0,0,0,0,0x03
2026-09-06T21:03:27.189,115,0,2,52,82,0,3527,687,96,10731,0x07
2026-09-06T21:03:27.189,116,0,1,52,0,0,0,0,0,0,0x03
2026-09-06T21:03:27.271,117,0,2,51,173,0,4659,727,98,11241,0x07
2026-09-06T21:03:27.271,118,0,1,54,0,0,0,0,0,0,0x03
2026-09-06T21:03:27.336,119,0,2,55,263,255,4706,790,218,11561,0x07
2026-09-06T21:03:27.336,120,0,1,51,0,0,0,0,0,0,0x03
2026-09-06T21:03:27.400,121,0,2,51,263,216,4871,790,255,11405,0x07
2026-09-06T21:03:27.401,122,0,1,51,0,0,0,0,0,0,0x03
2026-09-06T21:03:27.466,123,0,2,51,327,216,5674,839,255,12047,0x07
2026-09-06T21:03:27.466,124,0,1,52,0,0,0,0,0,0,0x03
2026-09-06T21:03:27.531,125,0,2,52,409,346,6141,892,327,12433,0x07
2026-09-06T21:03:27.531,126,0,1,51,0,0,0,0,0,0,0x03
2026-09-06T21:03:27.596,127,0,2,51,349,353,5369,0,0,6903,0x07
2026-09-06T21:03:27.596,128,0,1,52,0,0,0,0,0,0,0x03
2026-09-06T21:03:27.661,129,0,2,50,2206,320,28756,0,0,6361,0x07
2026-09-06T21:03:27.662,130,0,1,51,0,0,0,0,0,0,0x03
2026-09-06T21:03:27.727,131,0,2,52,1256,712,15204,447,500,5865,0x07
2026-09-06T21:03:27.727,132,0,1,50,0,0,0,0,0,0,0x03
2026-09-06T21:03:27.792,133,0,2,50,1256,740,15083,447,280,6800,0x07
2026-09-06T21:03:27.792,134,0,1,51,0,0,0,0,0,0,0x03
2026-09-06T21:03:27.874,135,0,2,51,1248,804,14707,455,314,6771,0x07
2026-09-06T21:03:27.874,136,0,1,51,0,0,0,0,0,0,0x03
2026-09-06T21:03:27.939,137,0,2,50,1744,720,21278,1916,200,26387,0x07
2026-09-06T21:03:27.939,138,0,1,54,0,0,0,0,0,0,0x03
2026-09-06T21:03:28.004,139,0,2,50,1950,940,22919,1511,640,19216,0x07
2026-09-06T21:03:28.004,140,0,1,50,0,0,0,0,0,0,0x03
2026-09-06T21:03:28.070,141,0,2,51,2296,1000,26998,2111,725,26716,0x07
2026-09-06T21:03:28.070,142,0,1,54,0,0,0,0,0,0,0x03
2026-09-06T21:03:28.135,143,0,2,57,3039,1211,35402,3093,1614,35809,0x07
2026-09-06T21:03:28.135,144,0,1,50,0,0,0,0,0,0,0x03
2026-09-06T21:03:28.199,145,0,2,50,3039,1420,34512,3093,2200,33319,0x07
2026-09-06T21:03:28.199,146,0,1,51,0,0,0,0,0,0,0x03
2026-09-06T21:03:28.264,147,0,2,50,3186,1660,35338,3205,2460,33680,0x07
2026-09-06T21:03:28.264,148,0,1,50,0,0,0,0,0,0,0x03
2026-09-06T21:03:28.330,149,0,2,51,3264,1863,35452,3500,2451,37580,0x07
2026-09-06T21:03:28.330,150,0,1,53,0,0,0,0,0,0,0x03
2026-09-06T21:03:28.394,151,0,2,56,3351,2286,34736,3500,2393,37827,0x07
2026-09-06T21:03:28.394,152,0,1,52,0,0,0,0,0,0,0x03
2026-09-06T21:03:28.459,153,0,2,50,3351,2000,35951,3500,2600,36947,0x07
2026-09-06T21:03:28.459,154,0,1,52,0,0,0,0,0,0,0x03
2026-09-06T21:03:28.541,155,0,2,50,3317,2040,35358,3500,2620,36862,0x07
2026-09-06T21:03:28.541,156,0,1,51,0,0,0,0,0,0,0x03
2026-09-06T21:03:28.606,157,0,2,50,3193,1880,34487,3500,3180,34482,0x07
2026-09-06T21:03:28.606,158,0,1,51,0,0,0,0,0,0,0x03
2026-09-06T21:03:28.671,159,0,2,51,3150,549,39603,3452,2922,34952,0x07
2026-09-06T21:03:28.671,160,0,1,51,0,0,0,0,0,0,0x03
2026-09-06T21:03:28.736,161,0,2,51,3015,588,37747,3380,3392,32007,0x07
2026-09-06T21:03:28.737,162,0,1,51,0,0,0,0,0,0,0x03
2026-09-06T21:03:28.801,163,0,2,54,2851,1093,33555,3185,3148,30494,0x07
2026-09-06T21:03:28.801,164,0,1,52,0,0,0,0,0,0,0x03
2026-09-06T21:03:28.866,165,0,2,51,2851,1549,31615,3185,2961,31290,0x07
2026-09-06T21:03:28.866,166,0,1,51,0,0,0,0,0,0,0x03
2026-09-06T21:03:28.932,167,0,2,51,2760,980,32883,3146,2784,31522,0x07
2026-09-06T21:03:28.932,168,0,1,52,0,0,0,0,0,0,0x03
2026-09-06T21:03:28.997,169,0,2,51,2740,961,32721,3113,2157,33754,0x07
2026-09-06T21:03:28.997,170,0,1,51,0,0,0,0,0,0,0x03
2026-09-06T21:03:29.078,171,0,2,57,2684,421,34313,3062,3368,27943,0x07
2026-09-06T21:03:29.078,172,0,1,52,0,0,0,0,0,0,0x03
2026-09-06T21:03:29.143,173,0,2,50,2684,760,32872,3062,3080,29169,0x07
2026-09-06T21:03:29.143,174,0,1,52,0,0,0,0,0,0,0x03
2026-09-06T21:03:29.208,175,0,2,51,2675,1000,31735,3053,2451,31719,0x07
2026-09-06T21:03:29.208,176,0,1,52,0,0,0,0,0,0,0x03
2026-09-06T21:03:29.274,177,0,2,51,2650,471,33672,3037,3118,28675,0x07
2026-09-06T21:03:29.274,178,0,1,50,0,0,0,0,0,0,0x03
2026-09-06T21:03:29.338,179,0,2,50,2768,80,36819,3091,2880,30396,0x07
2026-09-06T21:03:29.338,180,0,1,50,0,0,0,0,0,0,0x03
2026-09-06T21:03:29.403,181,0,2,50,0,0,8982,0,0,13971,0x07
2026-09-06T21:03:29.403,182,0,1,52,0,0,0,0,0,0,0x03
2026-09-06T21:03:29.468,183,0,2,55,-663,-855,7166,-1324,-709,16468,0x07
2026-09-06T21:03:29.468,184,0,1,50,0,0,0,0,0,0,0x03
2026-09-06T21:03:29.533,185,0,2,50,-663,-640,8078,-1324,-1480,13192,0x07
2026-09-06T21:03:29.533,186,0,1,51,0,0,0,0,0,0,0x03
2026-09-06T21:03:29.614,187,0,2,50,-647,-440,8725,-1293,-580,16617,0x07
2026-09-06T21:03:29.614,188,0,1,51,0,0,0,0,0,0,0x03
2026-09-06T21:03:29.680,189,0,2,52,-545,-442,7435,-1223,-596,15623,0x07
2026-09-06T21:03:29.680,190,0,1,51,0,0,0,0,0,0,0x03
2026-09-06T21:03:29.744,191,0,2,54,-497,-500,6599,-1234,-815,14849,0x07
2026-09-06T21:03:29.744,192,0,1,51,0,0,0,0,0,0,0x03
2026-09-06T21:03:29.809,193,0,2,51,-497,-471,6724,-1234,-922,14396,0x07
2026-09-06T21:03:29.809,194,0,1,50,0,0,0,0,0,0,0x03
2026-09-06T21:03:29.875,195,0,2,50,-518,-480,6941,-1213,-920,14118,0x07
2026-09-06T21:03:29.875,196,0,1,52,0,0,0,0,0,0,0x03
2026-09-06T21:03:29.940,197,0,2,50,-531,-580,6677,-1199,-1000,13605,0x07
2026-09-06T21:03:29.940,198,0,1,52,0,0,0,0,0,0,0x03
2026-09-06T21:03:30.005,199,0,2,52,-555,-596,6908,-1175,-1000,13278,0x07
2026-09-06T21:03:30.005,200,0,1,50,0,0,0,0,0,0,0x03
2026-09-06T21:03:30.071,201,0,2,51,-667,-608,8269,-1226,-1059,13706,0x07
2026-09-06T21:03:30.071,202,0,1,51,0,0,0,0,0,0,0x03
2026-09-06T21:03:30.135,203,0,2,50,-1213,-760,14454,-1694,-1040,19918,0x07
2026-09-06T21:03:30.135,204,0,1,51,0,0,0,0,0,0,0x03
2026-09-06T21:03:30.200,205,0,2,51,-1213,-882,13934,-1694,-1196,19255,0x07
2026-09-06T21:03:30.200,206,0,1,50,0,0,0,0,0,0,0x03
2026-09-06T21:03:30.281,207,0,2,52,-1657,-923,19320,-2073,-1404,23333,0x07
2026-09-06T21:03:30.281,208,0,1,52,0,0,0,0,0,0,0x03
2026-09-06T21:03:30.345,209,0,2,52,-2007,-1019,23291,-2393,-1462,27276,0x07
2026-09-06T21:03:30.345,210,0,1,50,0,0,0,0,0,0,0x03
2026-09-06T21:03:30.411,211,0,2,54,-2583,-1537,28310,-2900,-1648,33127,0x07
2026-09-06T21:03:30.411,212,0,1,52,0,0,0,0,0,0,0x03
2026-09-06T21:03:30.475,213,0,2,50,-2583,-1740,27448,-2900,-1920,31972,0x07
2026-09-06T21:03:30.475,214,0,1,50,0,0,0,0,0,0,0x03
2026-09-06T21:03:30.540,215,0,2,50,-2677,-1940,27769,-3013,-2020,33033,0x07
2026-09-06T21:03:30.540,216,0,1,50,0,0,0,0,0,0,0x03
2026-09-06T21:03:30.605,217,0,2,51,-2821,-2373,27734,-3118,-2510,32323,0x07
2026-09-06T21:03:30.605,218,0,1,50,0,0,0,0,0,0,0x03
2026-09-06T21:03:30.687,219,0,2,51,-2726,-2353,26630,-3112,-2510,32244,0x07
2026-09-06T21:03:30.687,220,0,1,50,0,0,0,0,0,0,0x03
2026-09-06T21:03:30.751,221,0,2,50,-2711,-2520,25735,-3087,-2640,31360,0x07
2026-09-06T21:03:30.751,222,0,1,54,0,0,0,0,0,0,0x03
2026-09-06T21:03:30.816,223,0,2,51,-2600,-2725,23468,-3018,-2863,29511,0x07
2026-09-06T21:03:30.816,224,0,1,50,0,0,0,0,0,0,0x03
2026-09-06T21:03:30.882,225,0,2,50,-2600,-2560,24171,-3018,-2880,29437,0x07
2026-09-06T21:03:30.882,226,0,1,52,0,0,0,0,0,0,0x03
2026-09-06T21:03:30.946,227,0,2,50,-2565,-2680,23216,-2973,-3000,28345,0x07
2026-09-06T21:03:30.946,228,0,1,51,0,0,0,0,0,0,0x03
2026-09-06T21:03:31.011,229,0,2,51,-2589,-2745,23241,-2974,-3020,28271,0x07
2026-09-06T21:03:31.011,230,0,1,50,0,0,0,0,0,0,0x03
2026-09-06T21:03:31.077,231,0,2,50,-2535,-2680,22850,-2948,-2860,28614,0x07
2026-09-06T21:03:31.077,232,0,1,50,0,0,0,0,0,0,0x03
2026-09-06T21:03:31.142,233,0,2,51,-2499,-2392,23616,-2916,-2686,28927,0x07
2026-09-06T21:03:31.142,234,0,1,52,0,0,0,0,0,0,0x03
2026-09-06T21:03:31.223,235,0,2,51,-2163,-1039,25162,-2688,-2039,28696,0x07
2026-09-06T21:03:31.223,236,0,1,50,0,0,0,0,0,0,0x03
2026-09-06T21:03:31.272,237,0,2,51,-2163,-980,25412,-2688,-1804,29696,0x07
2026-09-06T21:03:31.272,238,0,1,51,0,0,0,0,0,0,0x03
2026-09-06T21:03:31.353,239,0,2,51,-1380,-784,16442,-2120,-1098,25253,0x07
2026-09-06T21:03:31.353,240,0,1,52,0,0,0,0,0,0,0x03
2026-09-06T21:03:31.417,241,0,2,50,-393,-80,7082,-1342,-660,16927,0x07
2026-09-06T21:03:31.417,242,0,1,50,0,0,0,0,0,0,0x03
2026-09-06T21:03:31.482,243,0,2,51,-383,-98,6878,-1352,-137,19285,0x07
2026-09-06T21:03:31.482,244,0,1,52,0,0,0,0,0,0,0x03
2026-09-06T21:03:31.547,245,0,2,52,-454,-38,8020,-1279,-58,18660,0x07
2026-09-06T21:03:31.547,246,0,1,52,0,0,0,0,0,0,0x03
2026-09-06T21:03:31.613,247,0,2,52,-502,-154,8124,-1230,0,18263,0x07
2026-09-06T21:03:31.613,248,0,1,51,0,0,0,0,0,0,0x03
2026-09-06T21:03:31.678,249,0,2,52,-518,0,8986,-1212,0,18034,0x07
2026-09-06T21:03:31.678,250,0,1,52,0,0,0,0,0,0,0x03
2026-09-06T21:03:31.742,251,0,2,52,-530,0,9133,-1200,0,17873,0x07
2026-09-06T21:03:31.742,252,0,1,50,0,0,0,0,0,0,0x03
2026-09-06T21:03:31.823,253,0,2,51,-535,0,9192,-1196,0,17813,0x07
2026-09-06T21:03:31.823,254,0,1,55,0,0,0,0,0,0,0x03
2026-09-06T21:03:31.888,255,0,2,52,-539,0,9243,-1191,0,17754,0x07
2026-09-06T21:03:31.888,256,0,1,51,0,0,0,0,0,0,0x03
2026-09-06T21:03:31.954,257,0,2,51,-540,0,9255,-1190,0,17740,0x07
2026-09-06T21:03:31.954,258,0,1,52,0,0,0,0,0,0,0x03
2026-09-06T21:03:32.019,259,0,2,50,-537,0,9226,-1192,0,17772,0x07
2026-09-06T21:03:32.019,260,0,1,55,0,0,0,0,0,0,0x03
2026-09-06T21:03:32.084,261,0,2,57,-540,0,9251,-1190,0,17744,0x07
2026-09-06T21:03:32.084,262,0,1,50,0,0,0,0,0,0,0x03
2026-09-06T21:03:32.149,263,0,2,50,-540,0,9251,-1190,0,17744,0x07
2026-09-06T21:03:32.149,264,0,1,50,0,0,0,0,0,0,0x03
2026-09-06T21:03:32.215,265,0,2,52,-537,0,9222,-1193,0,17776,0x07
2026-09-06T21:03:32.215,266,0,1,50,0,0,0,0,0,0,0x03
2026-09-06T21:03:32.279,267,0,2,50,-536,0,9213,-1194,0,17785,0x07
2026-09-06T21:03:32.279,268,0,1,52,0,0,0,0,0,0,0x03
2026-09-06T21:03:32.345,269,0,2,56,-535,0,9192,-1196,0,17813,0x07
2026-09-06T21:03:32.345,270,0,1,52,0,0,0,0,0,0,0x03
2026-09-06T21:03:32.426,271,0,2,50,-535,0,9192,-1196,0,17813,0x07
2026-09-06T21:03:32.426,272,0,1,51,0,0,0,0,0,0,0x03
2026-09-06T21:03:32.492,273,0,2,51,-527,0,9100,-1203,0,17911,0x07
2026-09-06T21:03:32.492,274,0,1,50,0,0,0,0,0,0,0x03
2026-09-06T21:03:32.556,275,0,2,50,-522,0,9031,-1209,0,17983,0x07
2026-09-06T21:03:32.556,276,0,1,51,0,0,0,0,0,0,0x03
2026-09-06T21:03:32.621,277,0,2,51,-508,0,8863,-1223,0,18167,0x07
2026-09-06T21:03:32.621,278,0,1,50,0,0,0,0,0,0,0x03
2026-09-06T21:03:32.686,279,0,2,51,-501,0,8766,-1231,0,18277,0x07
2026-09-06T21:03:32.686,280,0,1,52,0,0,0,0,0,0,0x03
2026-09-06T21:03:32.750,281,0,2,52,-486,0,8584,-1246,0,18469,0x07
2026-09-06T21:03:32.750,282,0,1,51,0,0,0,0,0,0,0x03
2026-09-06T21:03:32.814,283,0,2,50,-486,0,8584,0,0,17644,0x07
2026-09-06T21:03:32.814,284,0,1,51,0,0,0,0,0,0,0x03
2026-09-06T21:03:32.879,285,0,2,50,-1687,0,23620,1750,660,22276,0x07
2026-09-06T21:03:32.879,286,0,1,50,0,0,0,0,0,0,0x03
2026-09-06T21:03:32.961,287,0,2,51,-1687,-39,23453,1750,1647,18082,0x07
2026-09-06T21:03:32.961,288,0,1,50,0,0,0,0,0,0,0x03
2026-09-06T21:03:33.025,289,0,2,50,-1687,0,23620,1750,520,22872,0x07
2026-09-06T21:03:33.025,290,0,1,51,0,0,0,0,0,0,0x03
2026-09-06T21:03:33.090,291,0,2,52,-1687,-135,23048,1750,712,22057,0x07
2026-09-06T21:03:33.091,292,0,1,54,0,0,0,0,0,0,0x03
2026-09-06T21:03:33.155,293,0,2,51,-1687,-706,20620,1750,1196,19998,0x07
2026-09-06T21:03:33.155,294,0,1,52,0,0,0,0,0,0,0x03
2026-09-06T21:03:33.220,295,0,2,50,0,0,0,0,0,0,0x03
2026-09-06T21:03:33.220,296,0,1,52,0,0,0,0,0,0,0x03
2026-09-06T21:03:33.286,297,0,2,51,0,0,27902,0,0,31872,0x07
2026-09-06T21:03:33.286,298,0,1,51,0,0,0,0,0,0,0x03
2026-09-06T21:03:33.351,299,0,2,50,3072,320,39597,3356,680,40000,0x07
2026-09-06T21:03:33.351,300,0,1,55,0,0,0,0,0,0,0x03
2026-09-06T21:03:33.416,301,0,2,50,3374,780,40000,2984,2520,30549,0x07
2026-09-06T21:03:33.416,302,0,1,51,0,0,0,0,0,0,0x03
2026-09-06T21:03:33.498,303,0,2,51,2370,1216,27002,1459,1529,14764,0x07
2026-09-06T21:03:33.498,304,0,1,51,0,0,0,0,0,0,0x03
2026-09-06T21:03:33.563,305,0,2,51,1384,667,16992,314,471,4260,0x07
2026-09-06T21:03:33.563,306,0,1,51,0,0,0,0,0,0,0x03
2026-09-06T21:03:33.628,307,0,2,52,-1496,0,21233,-993,0,15153,0x07
2026-09-06T21:03:33.628,308,0,1,50,0,0,0,0,0,0,0x03
2026-09-06T21:03:33.693,309,0,2,51,-1496,-1294,15733,-993,-745,11986,0x07
2026-09-06T21:03:33.693,310,0,1,51,0,0,0,0,0,0,0x03
2026-09-06T21:03:33.758,311,0,2,51,-1581,-627,19621,-1124,-1216,11701,0x07
2026-09-06T21:03:33.758,312,0,1,53,0,0,0,0,0,0,0x03
2026-09-06T21:03:33.823,313,0,2,57,-1768,-544,22321,-1371,-368,18542,0x07
2026-09-06T21:03:33.823,314,0,1,51,0,0,0,0,0,0,0x03
2026-09-06T21:03:33.888,315,0,2,50,-1768,-800,21233,-1371,-540,17813,0x07
2026-09-06T21:03:33.888,316,0,1,50,0,0,0,0,0,0,0x03
2026-09-06T21:03:33.952,317,0,2,50,-1946,-980,22698,-1594,-680,20141,0x07
2026-09-06T21:03:33.952,318,0,1,51,0,0,0,0,0,0,0x03
2026-09-06T21:03:34.033,319,0,2,51,-2054,-1255,22882,-1698,-882,20648,0x07
2026-09-06T21:03:34.033,320,0,1,56,0,0,0,0,0,0,0x03
2026-09-06T21:03:34.098,321,0,2,58,-2199,-1552,23433,-1880,-1190,21727,0x07
2026-09-06T21:03:34.098,322,0,1,51,0,0,0,0,0,0,0x03
2026-09-06T21:03:34.162,323,0,2,50,-2199,-1760,22548,-1880,-1280,21343,0x07
2026-09-06T21:03:34.162,324,0,1,52,0,0,0,0,0,0,0x03
2026-09-06T21:03:34.228,325,0,2,51,-2371,-1863,24261,-2122,-1373,24124,0x07
2026-09-06T21:03:34.228,326,0,1,50,0,0,0,0,0,0,0x03
2026-09-06T21:03:34.293,327,0,2,50,-2341,-1980,23395,-2082,-1800,21781,0x07
2026-09-06T21:03:34.293,328,0,1,52,0,0,0,0,0,0,0x03
2026-09-06T21:03:34.358,329,0,2,51,-2061,-2039,19637,-1863,-1706,19313,0x07
2026-09-06T21:03:34.358,330,0,1,50,0,0,0,0,0,0,0x03
2026-09-06T21:03:34.423,331,0,2,52,-1654,-1962,14869,-1264,-1846,10867,0x07
2026-09-06T21:03:34.423,332,0,1,50,0,0,0,0,0,0,0x03
2026-09-06T21:03:34.488,333,0,2,51,-796,-1451,6295,196,20,4621,0x07
2026-09-06T21:03:34.488,334,0,1,50,0,0,0,0,0,0,0x03
2026-09-06T21:03:34.568,335,0,2,51,-796,-961,8378,0,0,32093,0x07
2026-09-06T21:03:34.569,336,0,1,51,0,0,0,0,0,0,0x03
2026-09-06T21:03:34.633,337,0,2,50,-1042,-840,11976,-3381,-1140,40000,0x07
2026-09-06T21:03:34.633,338,0,1,52,0,0,0,0,0,0,0x03
2026-09-06T21:03:34.698,339,0,2,50,-3344,-1120,39606,-3166,-2860,31494,0x07
2026-09-06T21:03:34.698,340,0,1,52,0,0,0,0,0,0,0x03
2026-09-06T21:03:34.763,341,0,2,50,0,0,0,0,0,0,0x03
2026-09-06T21:03:34.763,342,0,1,51,0,0,0,0,0,0,0x03
2026-09-06T21:03:34.829,343,0,2,51,0,0,24731,0,0,29901,0x07
2026-09-06T21:03:34.829,344,0,1,50,0,0,0,0,0,0,0x03
2026-09-06T21:03:34.893,345,0,2,53,-2483,-2660,22273,-2961,-2849,28852,0x07
2026-09-06T21:03:34.893,346,0,1,52,0,0,0,0,0,0,0x03
2026-09-06T21:03:34.958,347,0,2,50,-2483,-1720,26270,-2961,-2460,30506,0x07
2026-09-06T21:03:34.959,348,0,1,50,0,0,0,0,0,0,0x03
2026-09-06T21:03:35.023,349,0,2,50,-2315,-1880,23487,-2804,-1900,30817,0x07
2026-09-06T21:03:35.023,350,0,1,50,0,0,0,0,0,0,0x03
2026-09-06T21:03:35.089,351,0,2,50,-2297,-1900,23182,-2745,-2080,29290,0x07
2026-09-06T21:03:35.089,352,0,1,52,0,0,0,0,0,0,0x03
2026-09-06T21:03:35.171,353,0,2,50,-2201,-1980,21634,-2677,-2140,28135,0x07
2026-09-06T21:03:35.171,354,0,1,50,0,0,0,0,0,0,0x03
2026-09-06T21:03:35.236,355,0,2,50,0,0,0,0,0,0,0x03
2026-09-06T21:03:35.236,356,0,1,50,0,0,0,0,0,0,0x03
2026-09-06T21:03:35.301,357,0,2,50,0,0,0,0,0,0,0x03
2026-09-06T21:03:35.301,358,0,1,52,0,0,0,0,0,0,0x03
2026-09-06T21:03:35.366,359,0,2,50,0,0,12087,0,0,19569,0x07
2026-09-06T21:03:35.366,360,0,1,52,0,0,0,0,0,0,0x03
2026-09-06T21:03:35.430,361,0,2,50,-1160,-300,15740,-1967,-100,27505,0x07
2026-09-06T21:03:35.430,362,0,1,51,0,0,0,0,0,0,0x03
2026-09-06T21:03:35.496,363,0,2,51,-330,0,6633,-1408,-78,20260,0x07
2026-09-06T21:03:35.496,364,0,1,51,0,0,0,0,0,0,0x03
2026-09-06T21:03:35.561,365,0,2,51,0,0,9376,0,0,14894,0x07
2026-09-06T21:03:35.561,366,0,1,50,0,0,0,0,0,0,0x03
2026-09-06T21:03:35.626,367,0,2,52,832,365,11358,1440,577,18560,0x07
2026-09-06T21:03:35.626,368,0,1,52,0,0,0,0,0,0,0x03
2026-09-06T21:03:35.692,369,0,2,51,1115,863,12787,1636,1529,17090,0x07
2026-09-06T21:03:35.692,370,0,1,50,0,0,0,0,0,0,0x03
2026-09-06T21:03:35.773,371,0,2,56,3374,375,40000,2094,446,27698,0x07
2026-09-06T21:03:35.773,372,0,1,51,0,0,0,0,0,0,0x03
2026-09-06T21:03:35.838,373,0,2,51,3374,863,40000,2094,1176,24595,0x07
2026-09-06T21:03:35.838,374,0,1,51,0,0,0,0,0,0,0x03
2026-09-06T21:03:35.903,375,0,2,51,3046,1314,35048,2998,1510,35022,0x07
2026-09-06T21:03:35.903,376,0,1,51,0,0,0,0,0,0,0x03
2026-09-06T21:03:35.968,377,0,2,51,3159,2020,33471,3168,2314,33835,0x07
2026-09-06T21:03:35.968,378,0,1,52,0,0,0,0,0,0,0x03
2026-09-06T21:03:36.033,379,0,2,51,3266,2196,34061,3398,2667,35349,0x07
2026-09-06T21:03:36.033,380,0,1,52,0,0,0,0,0,0,0x03
2026-09-06T21:03:36.098,381,0,2,50,3298,2360,33765,3500,2860,35867,0x07
2026-09-06T21:03:36.099,382,0,1,50,0,0,0,0,0,0,0x03
2026-09-06T21:03:36.163,383,0,2,51,3007,2608,29058,3500,3294,34022,0x07
2026-09-06T21:03:36.163,384,0,1,51,0,0,0,0,0,0,0x03
2026-09-06T21:03:36.229,385,0,2,50,2230,2680,19026,2977,3080,28073,0x07
2026-09-06T21:03:36.229,386,0,1,52,0,0,0,0,0,0,0x03
2026-09-06T21:03:36.310,387,0,2,50,643,2280,855,1664,3060,10948,0x07
2026-09-06T21:03:36.310,388,0,1,52,0,0,0,0,0,0,0x03
2026-09-06T21:03:36.376,389,0,2,51,0,0,20515,0,0,25457,0x07
2026-09-06T21:03:36.376,390,0,1,50,0,0,0,0,0,0,0x03
2026-09-06T21:03:36.440,391,0,2,51,-2179,-118,29274,-2632,-1706,29393,0x07
2026-09-06T21:03:36.440,392,0,1,50,0,0,0,0,0,0,0x03
2026-09-06T21:03:36.504,393,0,2,50,-3311,-480,40000,-3200,-2260,34485,0x07
2026-09-06T21:03:36.504,394,0,1,50,0,0,0,0,0,0,0x03
2026-09-06T21:03:36.570,395,0,2,54,-3374,-963,40000,-3387,-2278,36855,0x07
2026-09-06T21:03:36.570,396,0,1,50,0,0,0,0,0,0,0x03
2026-09-06T21:03:36.635,397,0,2,50,-3374,-1900,36666,-3387,-1940,38291,0x07
2026-09-06T21:03:36.635,398,0,1,52,0,0,0,0,0,0,0x03
2026-09-06T21:03:36.700,399,0,2,51,-3374,-1941,36492,-3376,-2078,37569,0x07
2026-09-06T21:03:36.701,400,0,1,51,0,0,0,0,0,0,0x03
2026-09-06T21:03:36.765,401,0,2,50,-3358,-2080,35708,-3420,-2520,36257,0x07
2026-09-06T21:03:36.765,402,0,1,50,0,0,0,0,0,0,0x03
2026-09-06T21:03:36.847,403,0,2,50,-3350,-2440,34067,-3499,-2520,37294,0x07
2026-09-06T21:03:36.847,404,0,1,50,0,0,0,0,0,0,0x03
2026-09-06T21:03:36.896,405,0,2,51,-3287,-2647,32398,-3500,-2549,37189,0x07
2026-09-06T21:03:36.896,406,0,1,52,0,0,0,0,0,0,0x03
2026-09-06T21:03:36.929,407,0,2,50,-3151,-2720,30394,-3500,-2740,36377,0x07
2026-09-06T21:03:36.929,408,0,1,50,0,0,0,0,0,0,0x03
