timestamp,sequence,team,robot_id,interval_ms,left_target_eps,left_measured_eps,left_duty,right_target_eps,right_measured_eps,right_duty,flags
2026-09-06T08:53:48.953,131,0,2,51,0,0,0,0,0,0,0x03
2026-09-06T08:53:49.018,132,0,2,54,0,0,0,0,0,0,0x03
2026-09-06T08:53:49.083,133,0,2,52,0,0,0,0,0,0,0x03
2026-09-06T08:53:49.148,134,0,2,51,0,0,0,0,0,0,0x03
2026-09-06T08:53:49.213,134,0,2,50,0,0,0,0,0,0,0x03
2026-09-06T08:53:49.295,134,0,2,51,0,0,0,0,0,0,0x03
2026-09-06T08:53:49.360,65535,0,2,50,0,0,0,0,0,0,0x0b
2026-09-06T08:53:49.425,65535,0,2,50,0,0,0,0,0,0,0x0b
2026-09-06T08:53:49.490,65535,0,2,50,0,0,0,0,0,0,0x0b
2026-09-06T08:53:49.555,65535,0,2,50,0,0,0,0,0,0,0x0b
2026-09-06T08:53:49.619,65535,0,2,51,0,0,0,0,0,0,0x0b
2026-09-06T08:53:49.684,65535,0,2,50,0,0,0,0,0,0,0x0b
2026-09-06T08:53:49.749,65535,0,2,50,0,0,0,0,0,0,0x0b
2026-09-06T08:53:49.830,65535,0,2,50,0,0,0,0,0,0,0x0b
2026-09-06T08:53:49.895,65535,0,2,52,0,0,0,0,0,0,0x0b
2026-09-06T08:53:49.960,65535,0,2,51,0,0,0,0,0,0,0x0b
2026-09-06T08:53:50.025,65535,0,2,51,0,0,0,0,0,0,0x0b
2026-09-06T08:53:50.090,65535,0,2,51,0,0,0,0,0,0,0x0b
2026-09-06T08:53:50.155,65535,0,2,50,0,0,0,0,0,0,0x0b
2026-09-06T08:53:50.220,65535,0,2,51,0,0,0,0,0,0,0x0b
2026-09-06T08:53:50.285,65535,0,2,51,0,0,0,0,0,0,0x0b
2026-09-06T08:53:50.366,65535,0,2,51,0,0,0,0,0,0,0x0b
2026-09-06T08:53:50.431,65535,0,2,51,0,0,0,0,0,0,0x0b
2026-09-06T08:53:50.497,65535,0,2,51,0,0,0,0,0,0,0x0b
2026-09-06T08:53:50.561,65535,0,2,50,0,0,0,0,0,0,0x0b
2026-09-06T08:53:50.626,65535,0,2,50,0,0,0,0,0,0,0x0b
2026-09-06T08:53:50.691,65535,0,2,51,0,0,0,0,0,0,0x0b
2026-09-06T08:53:50.756,65535,0,2,51,0,0,0,0,0,0,0x0b
2026-09-06T08:53:50.821,65535,0,2,51,0,0,0,0,0,0,0x0b
2026-09-06T08:53:50.902,65535,0,2,51,0,0,0,0,0,0,0x0b
2026-09-06T08:53:50.967,65535,0,2,51,0,0,0,0,0,0,0x0b
2026-09-06T08:53:51.032,65535,0,2,50,0,0,0,0,0,0,0x0b
2026-09-06T08:53:51.098,65535,0,2,51,0,0,0,0,0,0,0x0b
2026-09-06T08:53:51.162,65535,0,2,50,0,0,0,0,0,0,0x0b
2026-09-06T08:53:51.228,65535,0,2,50,0,0,0,0,0,0,0x0b
2026-09-06T08:53:51.292,65535,0,2,51,0,0,0,0,0,0,0x0b
2026-09-06T08:53:51.357,65535,0,2,50,0,0,0,0,0,0,0x0b
2026-09-06T08:53:51.438,65535,0,2,50,0,0,0,0,0,0,0x0b
2026-09-06T08:53:51.504,65535,0,2,51,0,0,0,0,0,0,0x0b
2026-09-06T08:53:51.568,65535,0,2,51,0,0,0,0,0,0,0x0b
2026-09-06T08:53:51.634,65535,0,2,50,0,0,0,0,0,0,0x0b
2026-09-06T08:53:51.699,65535,0,2,51,0,0,0,0,0,0,0x0b
2026-09-06T08:53:51.764,65535,0,2,50,0,0,0,0,0,0,0x0b
2026-09-06T08:53:51.829,65535,0,2,52,0,0,0,0,0,0,0x0b
2026-09-06T08:53:51.894,65535,0,2,50,0,0,0,0,0,0,0x0b
2026-09-06T08:53:51.975,65535,0,2,50,0,0,0,0,0,0,0x0b
2026-09-06T08:53:52.024,65535,0,2,52,0,0,0,0,0,0,0x0b
2026-09-06T08:53:52.105,65535,0,2,50,0,0,0,0,0,0,0x0b
2026-09-06T08:53:52.171,65535,0,2,51,0,0,0,0,0,0,0x0b
2026-09-06T08:53:52.236,65535,0,2,51,0,0,0,0,0,0,0x0b
2026-09-06T08:53:52.300,65535,0,2,50,0,0,0,0,0,0,0x0b
2026-09-06T08:53:52.365,65535,0,2,51,0,0,0,0,0,0,0x0b
2026-09-06T08:53:52.430,65535,0,2,50,0,0,0,0,0,0,0x0b
2026-09-06T08:53:52.511,65535,0,2,51,0,0,0,0,0,0,0x0b
2026-09-06T08:53:52.560,65535,0,2,51,0,0,0,0,0,0,0x0b
2026-09-06T08:53:52.641,65535,0,2,52,0,0,0,0,0,0,0x0b
2026-09-06T08:53:52.706,65535,0,2,50,0,0,0,0,0,0,0x0b
2026-09-06T08:53:52.772,65535,0,2,51,0,0,0,0,0,0,0x0b
2026-09-06T08:53:52.836,65535,0,2,50,0,0,0,0,0,0,0x0b
2026-09-06T08:53:52.901,65535,0,2,51,0,0,0,0,0,0,0x0b
2026-09-06T08:53:52.966,65535,0,2,52,0,0,0,0,0,0,0x0b
2026-09-06T08:53:53.047,65535,0,2,51,0,0,0,0,0,0,0x0b
2026-09-06T08:53:53.096,65535,0,2,50,0,0,0,0,0,0,0x0b
2026-09-06T08:53:53.176,65535,0,2,51,0,0,0,0,0,0,0x0b
2026-09-06T08:53:53.241,65535,0,2,51,0,0,0,0,0,0,0x0b
2026-09-06T08:53:53.306,65535,0,2,51,0,0,0,0,0,0,0x0b
2026-09-06T08:53:53.371,65535,0,2,52,0,0,0,0,0,0,0x0b
2026-09-06T08:53:53.436,65535,0,2,51,0,0,0,0,0,0,0x0b
2026-09-06T08:53:53.501,65535,0,2,50,0,0,0,0,0,0,0x0b
2026-09-06T08:53:53.566,65535,0,2,51,0,0,0,0,0,0,0x0b
2026-09-06T08:53:53.647,65535,0,2,50,0,0,0,0,0,0,0x0b
2026-09-06T08:53:53.712,65535,0,2,51,0,0,0,0,0,0,0x0b
2026-09-06T08:53:53.777,65535,0,2,51,0,0,0,0,0,0,0x0b
2026-09-06T08:53:53.842,65535,0,2,50,0,0,0,0,0,0,0x0b
2026-09-06T08:53:53.907,65535,0,2,50,0,0,0,0,0,0,0x0b
2026-09-06T08:53:53.972,65535,0,2,52,0,0,0,0,0,0,0x0b
