timestamp,sequence,team,robot_id,interval_ms,left_target_eps,left_measured_eps,left_duty,right_target_eps,right_measured_eps,right_duty,flags
2026-09-06T13:50:35.526-03:00,30,0,2,52,0,0,0,0,0,0,0x03
2026-09-06T13:50:35.626-03:00,1,0,2,52,0,0,10043,0,0,9854,0x07
2026-09-06T13:50:35.728-03:00,2,0,2,51,1012,843,11669,1050,980,11132,0x07
2026-09-06T13:50:35.828-03:00,3,0,2,55,1012,1036,10676,1050,1000,11034,0x07
2026-09-06T13:50:35.928-03:00,4,0,2,51,1012,1020,10751,1050,1039,10949,0x07
2026-09-06T13:50:36.029-03:00,5,0,2,50,1012,1040,10597,1050,1040,10946,0x07
2026-09-06T13:50:36.128-03:00,6,0,2,51,1012,922,11211,1050,1059,10828,0x07
2026-09-06T13:50:36.230-03:00,7,0,2,51,1012,980,11018,1050,980,11222,0x07
2026-09-06T13:50:36.326-03:00,8,0,2,50,1012,1000,10974,1050,900,11864,0x07
2026-09-06T13:50:36.427-03:00,9,0,2,52,1012,981,11114,1050,904,12311,0x07
2026-09-06T13:50:36.529-03:00,10,0,2,50,1012,1020,10916,1050,1080,11642,0x07
2026-09-06T13:50:36.630-03:00,11,0,2,51,1012,1000,10987,1050,1118,11304,0x07
2026-09-06T13:50:36.726-03:00,12,0,2,51,1012,961,11229,1050,1118,11186,0x07
2026-09-06T13:50:36.826-03:00,13,0,2,50,1012,1020,10999,1050,1020,11582,0x07
2026-09-06T13:50:36.927-03:00,14,0,2,52,1012,981,11188,1050,769,13032,0x07
2026-09-06T13:50:36.970-03:00,15,0,2,51,1012,1020,11017,1050,824,13032,0x07
2026-09-06T13:50:37.015-03:00,16,0,2,51,0,0,0,0,0,0,0x03
2026-09-06T13:50:37.059-03:00,17,0,2,50,0,0,0,0,0,0,0x03
2026-09-06T13:50:37.102-03:00,18,0,2,51,0,0,0,0,0,0,0x03
2026-09-06T13:50:37.146-03:00,19,0,2,51,0,0,0,0,0,0,0x03
