timestamp,sequence,team,robot_id,interval_ms,left_target_eps,left_measured_eps,left_duty,right_target_eps,right_measured_eps,right_duty,flags
2026-09-06T16:38:33.816,317,0,2,51,0,0,0,0,0,0,0x03
2026-09-06T16:38:33.869,316,0,0,52,0,0,0,0,0,0,0x03
2026-09-06T16:38:33.869,319,0,2,51,0,0,0,0,0,0,0x03
2026-09-06T16:38:33.934,318,0,0,52,0,0,0,0,0,0,0x03
2026-09-06T16:38:33.934,321,0,2,52,0,0,0,0,0,0,0x03
2026-09-06T16:38:33.999,320,0,0,50,0,0,0,0,0,0,0x03
2026-09-06T16:38:33.999,1,0,2,52,0,0,0,0,0,0,0x03
2026-09-06T16:38:34.080,0,0,0,50,0,0,0,0,0,0,0x03
2026-09-06T16:38:34.080,3,0,2,50,0,0,0,0,0,0,0x03
2026-09-06T16:38:34.145,2,0,0,51,0,0,0,0,0,0,0x03
2026-09-06T16:38:34.145,5,0,2,50,0,0,0,0,0,0,0x03
2026-09-06T16:38:34.210,4,0,0,52,0,0,0,0,0,0,0x03
2026-09-06T16:38:34.210,7,0,2,51,0,0,0,0,0,0,0x03
2026-09-06T16:38:34.275,6,0,0,51,0,0,0,0,0,0,0x03
2026-09-06T16:38:34.275,9,0,2,52,0,0,0,0,0,0,0x03
2026-09-06T16:38:34.340,8,0,0,53,0,0,0,0,0,0,0x03
2026-09-06T16:38:34.340,11,0,2,51,0,0,0,0,0,0,0x03
2026-09-06T16:38:34.405,10,0,0,51,0,0,0,0,0,0,0x03
2026-09-06T16:38:34.405,13,0,2,51,0,0,0,0,0,0,0x03
2026-09-06T16:38:34.470,12,0,0,51,0,0,0,0,0,0,0x03
2026-09-06T16:38:34.470,15,0,2,51,0,0,0,0,0,0,0x03
2026-09-06T16:38:34.535,14,0,0,51,0,0,0,0,0,0,0x03
2026-09-06T16:38:34.535,17,0,2,50,0,0,0,0,0,0,0x03
2026-09-06T16:38:34.616,16,0,0,50,0,0,0,0,0,0,0x03
2026-09-06T16:38:34.616,19,0,2,52,0,0,0,0,0,0,0x03
2026-09-06T16:38:34.681,18,0,0,52,0,0,0,0,0,0,0x03
2026-09-06T16:38:34.681,21,0,2,51,0,0,0,0,0,0,0x03
2026-09-06T16:38:34.746,20,0,0,51,0,0,0,0,0,0,0x03
2026-09-06T16:38:34.746,23,0,2,50,0,0,0,0,0,0,0x03
2026-09-06T16:38:34.811,22,0,0,51,0,0,0,0,0,0,0x03
2026-09-06T16:38:34.811,25,0,2,51,0,0,0,0,0,0,0x03
2026-09-06T16:38:34.876,24,0,0,51,0,0,0,0,0,0,0x03
2026-09-06T16:38:34.876,27,0,2,51,0,0,0,0,0,0,0x03
2026-09-06T16:38:34.941,26,0,0,51,0,0,0,0,0,0,0x03
2026-09-06T16:38:34.941,29,0,2,51,0,0,0,0,0,0,0x03
2026-09-06T16:38:35.006,28,0,0,55,0,0,0,0,0,0,0x03
2026-09-06T16:38:35.006,31,0,2,51,0,0,0,0,0,0,0x03
2026-09-06T16:38:35.071,30,0,0,52,0,0,0,0,0,0,0x03
2026-09-06T16:38:35.071,33,0,2,51,0,0,0,0,0,0,0x03
2026-09-06T16:38:35.152,32,0,0,50,0,0,0,0,0,0,0x03
2026-09-06T16:38:35.152,35,0,2,51,0,0,0,0,0,0,0x03
2026-09-06T16:38:35.218,34,0,0,51,0,0,0,0,0,0,0x03
2026-09-06T16:38:35.218,37,0,2,51,0,0,0,0,0,0,0x03
2026-09-06T16:38:35.283,36,0,0,50,0,0,0,0,0,0,0x03
2026-09-06T16:38:35.283,39,0,2,50,0,0,0,0,0,0,0x03
2026-09-06T16:38:35.348,38,0,0,50,0,0,0,0,0,0,0x03
2026-09-06T16:38:35.348,41,0,2,51,0,0,0,0,0,0,0x03
2026-09-06T16:38:35.413,40,0,0,52,0,0,0,0,0,0,0x03
2026-09-06T16:38:35.413,43,0,2,52,0,0,0,0,0,0,0x03
2026-09-06T16:38:35.479,42,0,0,52,0,0,0,0,0,0,0x03
2026-09-06T16:38:35.479,45,0,2,51,0,0,0,0,0,0,0x03
2026-09-06T16:38:35.544,44,0,0,51,0,0,0,0,0,0,0x03
2026-09-06T16:38:35.544,47,0,2,51,0,0,0,0,0,0,0x03
2026-09-06T16:38:35.609,46,0,0,50,0,0,0,0,0,0,0x03
2026-09-06T16:38:35.609,49,0,2,51,0,0,0,0,0,0,0x03
2026-09-06T16:38:35.674,48,0,0,50,0,0,0,0,0,0,0x03
2026-09-06T16:38:35.674,51,0,2,52,0,0,0,0,0,0,0x03
2026-09-06T16:38:35.739,50,0,0,51,0,0,0,0,0,0,0x03
2026-09-06T16:38:35.739,53,0,2,50,0,0,0,0,0,0,0x03
2026-09-06T16:38:35.820,52,0,0,51,0,0,0,0,0,0,0x03
2026-09-06T16:38:35.820,55,0,2,53,0,0,0,0,0,0,0x03
2026-09-06T16:38:35.885,54,0,0,50,0,0,0,0,0,0,0x03
2026-09-06T16:38:35.885,57,0,2,52,0,0,0,0,0,0,0x03
2026-09-06T16:38:35.951,56,0,0,52,0,0,0,0,0,0,0x03
2026-09-06T16:38:35.951,59,0,2,51,0,0,0,0,0,0,0x03
2026-09-06T16:38:36.017,58,0,0,51,0,0,0,0,0,0,0x03
2026-09-06T16:38:36.017,61,0,2,55,0,0,0,0,0,0,0x03
2026-09-06T16:38:36.081,60,0,0,51,0,0,0,0,0,0,0x03
2026-09-06T16:38:36.081,63,0,2,52,0,0,0,0,0,0,0x03
2026-09-06T16:38:36.146,62,0,0,50,0,0,0,0,0,0,0x03
2026-09-06T16:38:36.146,65,0,2,50,0,0,0,0,0,0,0x03
2026-09-06T16:38:36.211,64,0,0,50,0,0,0,0,0,0,0x03
2026-09-06T16:38:36.211,67,0,2,50,0,0,0,0,0,0,0x03
2026-09-06T16:38:36.276,66,0,0,50,0,0,0,0,0,0,0x03
2026-09-06T16:38:36.276,69,0,2,55,0,0,0,0,0,0,0x03
2026-09-06T16:38:36.357,68,0,0,51,0,0,0,0,0,0,0x03
2026-09-06T16:38:36.357,71,0,2,52,0,0,0,0,0,0,0x03
2026-09-06T16:38:36.422,70,0,0,51,0,0,0,0,0,0,0x03
2026-09-06T16:38:36.422,73,0,2,50,0,0,0,0,0,0,0x03
2026-09-06T16:38:36.487,72,0,0,50,0,0,0,0,0,0,0x03
2026-09-06T16:38:36.487,75,0,2,51,0,0,0,0,0,0,0x03
2026-09-06T16:38:36.553,74,0,0,50,0,0,0,0,0,0,0x03
2026-09-06T16:38:36.553,77,0,2,52,0,0,0,0,0,0,0x03
2026-09-06T16:38:36.618,76,0,0,52,0,0,0,0,0,0,0x03
2026-09-06T16:38:36.618,79,0,2,51,0,0,0,0,0,0,0x03
2026-09-06T16:38:36.683,78,0,0,50,0,0,0,0,0,0,0x03
2026-09-06T16:38:36.683,81,0,2,50,0,0,0,0,0,0,0x03
2026-09-06T16:38:36.749,80,0,0,52,0,0,0,0,0,0,0x03
2026-09-06T16:38:36.749,83,0,2,51,0,0,0,0,0,0,0x03
2026-09-06T16:38:36.813,82,0,0,52,0,0,0,0,0,0,0x03
2026-09-06T16:38:36.813,85,0,2,50,0,0,0,0,0,0,0x03
2026-09-06T16:38:36.894,84,0,0,51,0,0,0,0,0,0,0x03
2026-09-06T16:38:36.894,87,0,2,50,0,0,0,0,0,0,0x03
2026-09-06T16:38:36.960,86,0,0,52,0,0,0,0,0,0,0x03
2026-09-06T16:38:36.960,89,0,2,52,0,0,0,0,0,0,0x03
2026-09-06T16:38:37.024,88,0,0,52,0,0,0,0,0,0,0x03
2026-09-06T16:38:37.024,91,0,2,52,0,0,0,0,0,0,0x03
2026-09-06T16:38:37.089,90,0,0,52,0,0,0,0,0,0,0x03
2026-09-06T16:38:37.089,93,0,2,50,0,0,0,0,0,0,0x03
2026-09-06T16:38:37.154,92,0,0,52,0,0,0,0,0,0,0x03
2026-09-06T16:38:37.154,95,0,2,51,0,0,0,0,0,0,0x03
2026-09-06T16:38:37.219,94,0,0,50,0,0,0,0,0,0,0x03
2026-09-06T16:38:37.219,97,0,2,50,0,0,0,0,0,0,0x03
2026-09-06T16:38:37.284,96,0,0,51,0,0,0,0,0,0,0x03
2026-09-06T16:38:37.284,99,0,2,51,0,0,0,0,0,0,0x03
2026-09-06T16:38:37.349,98,0,0,54,0,0,0,0,0,0,0x03
2026-09-06T16:38:37.349,101,0,2,51,0,0,0,0,0,0,0x03
2026-09-06T16:38:37.414,100,0,0,50,0,0,0,0,0,0,0x03
2026-09-06T16:38:37.414,103,0,2,50,0,0,0,0,0,0,0x03
2026-09-06T16:38:37.479,102,0,0,50,0,0,0,0,0,0,0x03
2026-09-06T16:38:37.479,105,0,2,52,0,0,0,0,0,0,0x03
2026-09-06T16:38:37.560,104,0,0,51,0,0,0,0,0,0,0x03
2026-09-06T16:38:37.561,107,0,2,50,0,0,0,0,0,0,0x03
2026-09-06T16:38:37.626,106,0,0,51,0,0,0,0,0,0,0x03
2026-09-06T16:38:37.626,109,0,2,50,0,0,0,0,0,0,0x03
2026-09-06T16:38:37.690,108,0,0,51,0,0,0,0,0,0,0x03
2026-09-06T16:38:37.690,111,0,2,51,0,0,0,0,0,0,0x03
2026-09-06T16:38:37.755,110,0,0,50,0,0,0,0,0,0,0x03
2026-09-06T16:38:37.755,113,0,2,51,0,0,0,0,0,0,0x03
2026-09-06T16:38:37.821,112,0,0,50,0,0,0,0,0,0,0x03
2026-09-06T16:38:37.821,115,0,2,50,0,0,0,0,0,0,0x03
2026-09-06T16:38:37.886,114,0,0,51,0,0,0,0,0,0,0x03
2026-09-06T16:38:37.886,117,0,2,51,0,0,0,0,0,0,0x03
2026-09-06T16:38:37.951,116,0,0,52,0,0,0,0,0,0,0x03
2026-09-06T16:38:37.951,119,0,2,50,0,0,0,0,0,0,0x03
2026-09-06T16:38:38.017,118,0,0,50,0,0,0,0,0,0,0x03
2026-09-06T16:38:38.017,121,0,2,52,0,0,0,0,0,0,0x03
2026-09-06T16:38:38.098,120,0,0,51,0,0,0,0,0,0,0x03
2026-09-06T16:38:38.098,123,0,2,51,0,0,0,0,0,0,0x03
2026-09-06T16:38:38.163,122,0,0,50,0,0,0,0,0,0,0x03
2026-09-06T16:38:38.163,125,0,2,52,0,0,0,0,0,0,0x03
2026-09-06T16:38:38.228,124,0,0,52,0,0,0,0,0,0,0x03
2026-09-06T16:38:38.228,127,0,2,50,0,0,0,0,0,0,0x03
2026-09-06T16:38:38.293,126,0,0,51,0,0,0,0,0,0,0x03
2026-09-06T16:38:38.293,129,0,2,50,0,0,0,0,0,0,0x03
2026-09-06T16:38:38.359,128,0,0,52,0,0,0,0,0,0,0x03
2026-09-06T16:38:38.359,131,0,2,53,0,0,0,0,0,0,0x03
2026-09-06T16:38:38.423,130,0,0,54,0,0,0,0,0,0,0x03
2026-09-06T16:38:38.423,133,0,2,50,0,0,0,0,0,0,0x03
2026-09-06T16:38:38.488,132,0,0,52,0,0,0,0,0,0,0x03
2026-09-06T16:38:38.488,135,0,2,50,0,0,0,0,0,0,0x03
2026-09-06T16:38:38.554,134,0,0,51,0,0,0,0,0,0,0x03
2026-09-06T16:38:38.554,137,0,2,50,0,0,0,0,0,0,0x03
2026-09-06T16:38:38.619,136,0,0,50,0,0,0,0,0,0,0x03
2026-09-06T16:38:38.619,139,0,2,50,0,0,0,0,0,0,0x03
2026-09-06T16:38:38.701,138,0,0,50,0,0,0,0,0,0,0x03
2026-09-06T16:38:38.701,141,0,2,51,0,0,0,0,0,0,0x03
2026-09-06T16:38:38.765,140,0,0,52,0,0,0,0,0,0,0x03
2026-09-06T16:38:38.765,143,0,2,50,0,0,0,0,0,0,0x03
2026-09-06T16:38:38.831,142,0,0,50,0,0,0,0,0,0,0x03
2026-09-06T16:38:38.831,145,0,2,51,0,0,0,0,0,0,0x03
2026-09-06T16:38:38.896,144,0,0,50,0,0,0,0,0,0,0x03
2026-09-06T16:38:38.896,147,0,2,52,0,0,0,0,0,0,0x03
2026-09-06T16:38:38.961,146,0,0,52,0,0,0,0,0,0,0x03
2026-09-06T16:38:38.961,149,0,2,51,0,0,0,0,0,0,0x03
2026-09-06T16:38:39.026,148,0,0,52,0,0,0,0,0,0,0x03
2026-09-06T16:38:39.026,151,0,2,50,0,0,0,0,0,0,0x03
2026-09-06T16:38:39.091,150,0,0,51,0,0,0,0,0,0,0x03
2026-09-06T16:38:39.091,153,0,2,50,0,0,0,0,0,0,0x03
2026-09-06T16:38:39.156,152,0,0,50,0,0,0,0,0,0,0x03
2026-09-06T16:38:39.156,155,0,2,50,0,0,0,0,0,0,0x03
2026-09-06T16:38:39.236,154,0,0,52,0,0,0,0,0,0,0x03
2026-09-06T16:38:39.236,157,0,2,55,0,0,0,0,0,0,0x03
2026-09-06T16:38:39.301,156,0,0,52,0,0,0,0,0,0,0x03
2026-09-06T16:38:39.301,159,0,2,51,0,0,0,0,0,0,0x03
2026-09-06T16:38:39.366,158,0,0,50,0,0,0,0,0,0,0x03
2026-09-06T16:38:39.366,161,0,2,51,0,0,0,0,0,0,0x03
2026-09-06T16:38:39.430,160,0,0,50,0,0,0,0,0,0,0x03
2026-09-06T16:38:39.430,163,0,2,50,0,0,0,0,0,0,0x03
2026-09-06T16:38:39.496,162,0,0,51,0,0,0,0,0,0,0x03
2026-09-06T16:38:39.496,165,0,2,50,0,0,0,0,0,0,0x03
2026-09-06T16:38:39.560,164,0,0,52,0,0,0,0,0,0,0x03
2026-09-06T16:38:39.560,167,0,2,50,0,0,0,0,0,0,0x03
2026-09-06T16:38:39.626,166,0,0,50,0,0,0,0,0,0,0x03
2026-09-06T16:38:39.626,169,0,2,51,0,0,0,0,0,0,0x03
2026-09-06T16:38:39.707,168,0,0,51,0,0,0,0,0,0,0x03
2026-09-06T16:38:39.707,171,0,2,51,0,0,0,0,0,0,0x03
2026-09-06T16:38:39.771,170,0,0,52,0,0,0,0,0,0,0x03
2026-09-06T16:38:39.771,173,0,2,50,0,0,0,0,0,0,0x03
2026-09-06T16:38:39.836,172,0,0,50,0,0,0,0,0,0,0x03
2026-09-06T16:38:39.836,175,0,2,54,0,0,0,0,0,0,0x03
2026-09-06T16:38:39.901,174,0,0,51,0,0,0,0,0,0,0x03
2026-09-06T16:38:39.902,177,0,2,52,0,0,0,0,0,0,0x03
2026-09-06T16:38:39.967,176,0,0,52,0,0,0,0,0,0,0x03
2026-09-06T16:38:39.967,179,0,2,51,0,0,0,0,0,0,0x03
2026-09-06T16:38:40.031,178,0,0,52,0,0,0,0,0,0,0x03
2026-09-06T16:38:40.031,181,0,2,50,0,0,0,0,0,0,0x03
2026-09-06T16:38:40.097,180,0,0,50,0,0,0,0,0,0,0x03
2026-09-06T16:38:40.097,183,0,2,51,0,0,0,0,0,0,0x03
2026-09-06T16:38:40.162,182,0,0,51,0,0,0,0,0,0,0x03
2026-09-06T16:38:40.162,185,0,2,50,0,0,5685,0,0,17281,0x07
2026-09-06T16:38:40.228,184,0,0,51,0,0,5539,0,0,12291,0x07
2026-09-06T16:38:40.228,187,0,2,51,442,98,7147,2023,431,24047,0x07
2026-09-06T16:38:40.309,186,0,0,50,228,0,6508,1162,0,17228,0x07
2026-09-06T16:38:40.309,189,0,2,52,891,327,11511,1493,404,17861,0x07
2026-09-06T16:38:40.358,188,0,0,55,541,55,10220,894,0,13902,0x07
2026-09-06T16:38:40.358,191,0,2,50,891,480,10861,1493,560,17197,0x07
2026-09-06T16:38:40.439,190,0,0,51,541,0,10452,894,0,13902,0x07
2026-09-06T16:38:40.439,193,0,2,51,928,392,11679,1519,608,17301,0x07
2026-09-06T16:38:40.504,192,0,0,50,592,0,11093,910,0,14102,0x07
2026-09-06T16:38:40.504,195,0,2,54,992,537,11822,1570,722,17422,0x07
2026-09-06T16:38:40.570,194,0,0,51,551,0,10584,905,0,14045,0x07
2026-09-06T16:38:40.570,197,0,2,51,3374,1078,37850,3028,1725,30485,0x07
2026-09-06T16:38:40.635,196,0,0,51,597,0,11158,917,0,14184,0x07
2026-09-06T16:38:40.635,199,0,2,50,3206,1500,34065,3406,2660,31000,0x07
2026-09-06T16:38:40.699,198,0,0,51,553,0,10604,908,0,14080,0x07
2026-09-06T16:38:40.699,201,0,2,52,3176,1827,32314,3471,2750,31395,0x07
2026-09-06T16:38:40.765,200,0,0,52,596,0,11149,917,0,14193,0x07
2026-09-06T16:38:40.765,203,0,2,51,3176,1843,32245,3471,3039,30165,0x07
2026-09-06T16:38:40.830,202,0,0,50,551,0,10584,908,0,14072,0x07
2026-09-06T16:38:40.830,205,0,2,51,3027,2196,28972,3398,2647,30963,0x07
2026-09-06T16:38:40.895,204,0,0,50,594,0,11128,916,0,14176,0x07
2026-09-06T16:38:40.895,207,0,2,51,2571,2392,22713,3134,2686,27653,0x07
2026-09-06T16:38:40.976,206,0,0,51,612,0,11354,934,0,14398,0x07
2026-09-06T16:38:40.976,209,0,2,56,373,1946,0,1363,1821,10293,0x07
2026-09-06T16:38:41.041,208,0,0,53,566,0,10770,924,0,14272,0x07
2026-09-06T16:38:41.041,211,0,2,50,373,1040,2325,1363,1500,11659,0x07
2026-09-06T16:38:41.106,210,0,0,50,566,0,10770,924,0,14272,0x07
2026-09-06T16:38:41.106,213,0,2,51,248,1020,927,1492,1392,13656,0x07
2026-09-06T16:38:41.171,212,0,0,50,601,0,11204,925,0,14285,0x07
2026-09-06T16:38:41.171,215,0,2,50,190,660,1761,1553,1040,15872,0x07
2026-09-06T16:38:41.236,214,0,0,50,551,0,10574,909,0,14094,0x07
2026-09-06T16:38:41.236,217,0,2,51,142,471,2000,1602,1098,16212,0x07
2026-09-06T16:38:41.301,216,0,0,51,591,0,11085,915,0,14158,0x07
2026-09-06T16:38:41.301,219,0,2,50,154,340,2687,1591,1140,15896,0x07
2026-09-06T16:38:41.366,218,0,0,50,608,0,11302,931,0,14367,0x07
2026-09-06T16:38:41.367,221,0,2,56,297,214,4932,1442,1000,14720,0x07
2026-09-06T16:38:41.432,220,0,0,56,595,0,11136,919,0,14211,0x07
2026-09-06T16:38:41.432,223,0,2,50,297,260,4737,1442,1000,14720,0x07
2026-09-06T16:38:41.513,222,0,0,51,595,0,11136,919,0,14211,0x07
2026-09-06T16:38:41.513,225,0,2,51,438,314,6186,1295,1118,12482,0x07
2026-09-06T16:38:41.579,224,0,0,52,548,0,10545,906,0,14054,0x07
2026-09-06T16:38:41.579,227,0,2,50,558,440,7078,1171,1040,11332,0x07
2026-09-06T16:38:41.644,226,0,0,51,591,0,11081,914,0,14145,0x07
2026-09-06T16:38:41.644,229,0,2,50,668,220,9313,1058,900,10583,0x07
2026-09-06T16:38:41.709,228,0,0,52,546,0,10515,903,0,14019,0x07
2026-09-06T16:38:41.709,231,0,2,51,1416,294,17903,1641,824,17835,0x07
2026-09-06T16:38:41.773,230,0,0,51,527,0,10278,885,0,13793,0x07
2026-09-06T16:38:41.773,233,0,2,51,0,0,0,0,0,0,0x03
2026-09-06T16:38:41.837,232,0,0,52,579,0,10937,900,0,13980,0x07
2026-09-06T16:38:41.837,235,0,2,50,0,0,25854,0,0,25757,0x07
2026-09-06T16:38:41.902,234,0,0,51,604,0,11242,924,0,14280,0x07
2026-09-06T16:38:41.902,237,0,2,51,3081,1196,33864,3134,1020,34744,0x07
2026-09-06T16:38:41.968,236,0,0,50,619,0,11434,940,0,14475,0x07
2026-09-06T16:38:41.968,239,0,2,51,3262,2137,32018,3366,1863,33914,0x07
2026-09-06T16:38:42.049,238,0,0,50,565,0,10757,922,0,14246,0x07
2026-09-06T16:38:42.049,241,0,2,53,3283,2094,32446,3489,2585,32308,0x07
2026-09-06T16:38:42.115,240,0,0,51,614,0,11379,938,0,14445,0x07
2026-09-06T16:38:42.115,243,0,2,50,3283,2340,31402,3489,2920,30884,0x07
2026-09-06T16:38:42.180,242,0,0,50,614,0,11379,938,0,14445,0x07
2026-09-06T16:38:42.180,245,0,2,50,3200,2480,29824,3484,2600,32177,0x07
2026-09-06T16:38:42.246,244,0,0,51,623,0,11481,946,0,14554,0x07
2026-09-06T16:38:42.246,247,0,2,50,2851,2540,25415,3344,2920,29159,0x07
2026-09-06T16:38:42.310,246,0,0,51,627,0,11532,951,0,14615,0x07
2026-09-06T16:38:42.310,249,0,2,50,1930,2360,15229,2707,3320,19895,0x07
2026-09-06T16:38:42.375,248,0,0,50,628,0,11554,954,0,14645,0x07
2026-09-06T16:38:42.375,251,0,2,50,350,1900,3488,1387,2520,7611,0x07
2026-09-06T16:38:42.440,250,0,0,51,628,0,11554,954,0,14653,0x07
2026-09-06T16:38:42.440,253,0,2,57,-32,-35,2544,1735,1035,18051,0x07
2026-09-06T16:38:42.506,252,0,0,54,626,0,11527,953,0,14641,0x07
2026-09-06T16:38:42.506,255,0,2,51,-32,-569,276,1735,1020,18117,0x07
2026-09-06T16:38:42.571,254,0,0,51,626,0,11527,953,0,14641,0x07
2026-09-06T16:38:42.571,257,0,2,51,0,0,25266,0,0,9977,0x07
2026-09-06T16:38:42.636,256,0,0,50,625,0,11515,953,0,14632,0x07
2026-09-06T16:38:42.636,259,0,2,51,3004,373,36449,0,0,11996,0x07
2026-09-06T16:38:42.701,258,0,0,50,562,0,10720,924,0,14272,0x07
2026-09-06T16:38:42.701,261,0,2,55,1808,927,19871,1399,1109,13749,0x07
2026-09-06T16:38:42.783,260,0,0,51,594,0,11120,921,0,14237,0x07
2026-09-06T16:38:42.783,263,0,2,51,1808,882,20062,1399,1686,11296,0x07
2026-09-06T16:38:42.847,262,0,0,51,606,0,11272,932,20,14288,0x07
2026-09-06T16:38:42.847,265,0,2,50,0,0,0,0,0,0,0x03
2026-09-06T16:38:43.074,264,0,0,52,552,0,10596,0,0,4020,0x07
2026-09-06T16:38:43.074,267,0,2,50,0,0,0,0,0,0,0x03
