timestamp,sequence,team,robot_id,interval_ms,left_target_eps,left_measured_eps,left_duty,right_target_eps,right_measured_eps,right_duty,flags
2026-09-06T20:45:55.213,410,0,1,51,0,0,0,0,0,0,0x03
2026-09-06T20:45:55.249,413,0,2,51,-3006,-471,36121,-3309,-804,39340,0x07
2026-09-06T20:45:55.249,412,0,1,52,0,0,0,0,0,0,0x03
2026-09-06T20:45:55.331,415,0,2,51,-3374,-1216,37335,-3353,-1255,37971,0x07
2026-09-06T20:45:55.331,414,0,1,52,0,0,0,0,0,0,0x03
2026-09-06T20:45:55.379,417,0,2,52,0,0,0,0,0,0,0x03
2026-09-06T20:45:55.379,416,0,1,50,0,0,0,0,0,0,0x03
2026-09-06T20:45:55.461,1,0,2,52,0,0,0,0,0,0,0x03
2026-09-06T20:45:55.461,0,0,1,55,0,0,0,0,0,0,0x03
2026-09-06T20:45:55.526,3,0,2,50,0,0,0,0,0,0,0x03
2026-09-06T20:45:55.526,2,0,1,50,0,0,0,0,0,0,0x03
2026-09-06T20:45:55.591,5,0,2,51,0,0,0,0,0,0,0x03
2026-09-06T20:45:55.591,4,0,1,52,0,0,0,0,0,0,0x03
2026-09-06T20:45:55.655,7,0,2,50,0,0,0,0,0,0,0x03
2026-09-06T20:45:55.655,6,0,1,50,0,0,0,0,0,0,0x03
2026-09-06T20:45:55.720,9,0,2,50,0,0,0,0,0,0,0x03
2026-09-06T20:45:55.720,8,0,1,50,0,0,0,0,0,0,0x03
2026-09-06T20:45:55.785,11,0,2,52,0,0,0,0,0,0,0x03
2026-09-06T20:45:55.785,10,0,1,52,0,0,0,0,0,0,0x03
2026-09-06T20:45:55.850,13,0,2,50,0,0,0,0,0,0,0x03
2026-09-06T20:45:55.850,12,0,1,51,0,0,0,0,0,0,0x03
2026-09-06T20:45:55.915,15,0,2,51,0,0,0,0,0,0,0x03
2026-09-06T20:45:55.915,14,0,1,50,0,0,0,0,0,0,0x03
2026-09-06T20:45:55.997,17,0,2,50,0,0,0,0,0,0,0x03
2026-09-06T20:45:55.997,16,0,1,51,0,0,0,0,0,0,0x03
2026-09-06T20:45:56.062,19,0,2,52,0,0,0,0,0,0,0x03
2026-09-06T20:45:56.062,18,0,1,51,0,0,0,0,0,0,0x03
2026-09-06T20:45:56.126,21,0,2,50,0,0,0,0,0,0,0x03
2026-09-06T20:45:56.126,20,0,1,55,0,0,0,0,0,0,0x03
2026-09-06T20:45:56.191,23,0,2,50,0,0,0,0,0,0,0x03
2026-09-06T20:45:56.191,22,0,1,51,0,0,0,0,0,0,0x03
2026-09-06T20:45:56.255,25,0,2,51,0,0,0,0,0,0,0x03
2026-09-06T20:45:56.255,24,0,1,50,0,0,0,0,0,0,0x03
2026-09-06T20:45:56.321,27,0,2,51,0,0,0,0,0,0,0x03
2026-09-06T20:45:56.321,26,0,1,52,0,0,0,0,0,0,0x03
2026-09-06T20:45:56.386,29,0,2,50,0,0,0,0,0,0,0x03
2026-09-06T20:45:56.386,28,0,1,51,0,0,0,0,0,0,0x03
2026-09-06T20:45:56.451,31,0,2,50,0,0,0,0,0,0,0x03
2026-09-06T20:45:56.451,30,0,1,52,0,0,0,0,0,0,0x03
2026-09-06T20:45:56.533,33,0,2,50,0,0,0,0,0,0,0x03
2026-09-06T20:45:56.533,32,0,1,52,0,0,0,0,0,0,0x03
2026-09-06T20:45:56.598,35,0,2,52,0,0,0,0,0,0,0x03
2026-09-06T20:45:56.598,34,0,1,52,0,0,0,0,0,0,0x03
2026-09-06T20:45:56.663,37,0,2,51,0,0,0,0,0,0,0x03
2026-09-06T20:45:56.663,36,0,1,52,0,0,0,0,0,0,0x03
2026-09-06T20:45:56.729,39,0,2,51,0,0,0,0,0,0,0x03
2026-09-06T20:45:56.729,38,0,1,53,0,0,0,0,0,0,0x03
2026-09-06T20:45:56.794,41,0,2,53,0,0,0,0,0,0,0x03
2026-09-06T20:45:56.794,40,0,1,51,0,0,0,0,0,0,0x03
2026-09-06T20:45:56.859,43,0,2,52,0,0,0,0,0,0,0x03
2026-09-06T20:45:56.859,42,0,1,51,0,0,0,0,0,0,0x03
2026-09-06T20:45:56.924,45,0,2,51,0,0,0,0,0,0,0x03
2026-09-06T20:45:56.924,44,0,1,50,0,0,0,0,0,0,0x03
2026-09-06T20:45:56.989,47,0,2,51,0,0,0,0,0,0,0x03
2026-09-06T20:45:56.989,46,0,1,52,0,0,0,0,0,0,0x03
2026-09-06T20:45:57.054,49,0,2,51,0,0,0,0,0,0,0x03
2026-09-06T20:45:57.054,48,0,1,51,0,0,0,0,0,0,0x03
2026-09-06T20:45:57.119,51,0,2,50,0,0,0,0,0,0,0x03
2026-09-06T20:45:57.119,50,0,1,52,0,0,0,0,0,0,0x03
2026-09-06T20:45:57.200,53,0,2,51,0,0,0,0,0,0,0x03
2026-09-06T20:45:57.200,52,0,1,52,0,0,0,0,0,0,0x03
2026-09-06T20:45:57.265,55,0,2,51,0,0,0,0,0,0,0x03
2026-09-06T20:45:57.265,54,0,1,52,0,0,0,0,0,0,0x03
2026-09-06T20:45:57.330,57,0,2,51,0,0,0,0,0,0,0x03
2026-09-06T20:45:57.330,56,0,1,50,0,0,0,0,0,0,0x03
2026-09-06T20:45:57.395,59,0,2,50,0,0,0,0,0,0,0x03
2026-09-06T20:45:57.395,58,0,1,52,0,0,0,0,0,0,0x03
2026-09-06T20:45:57.460,61,0,2,50,0,0,0,0,0,0,0x03
2026-09-06T20:45:57.460,60,0,1,51,0,0,0,0,0,0,0x03
2026-09-06T20:45:57.525,63,0,2,51,0,0,0,0,0,0,0x03
2026-09-06T20:45:57.525,62,0,1,52,0,0,0,0,0,0,0x03
2026-09-06T20:45:57.590,65,0,2,51,0,0,0,0,0,0,0x03
2026-09-06T20:45:57.590,64,0,1,51,0,0,0,0,0,0,0x03
2026-09-06T20:45:57.655,67,0,2,52,0,0,0,0,0,0,0x03
2026-09-06T20:45:57.655,66,0,1,52,0,0,0,0,0,0,0x03
2026-09-06T20:45:57.736,69,0,2,52,0,0,0,0,0,0,0x03
2026-09-06T20:45:57.736,68,0,1,52,0,0,0,0,0,0,0x03
2026-09-06T20:45:57.801,71,0,2,50,0,0,0,0,0,0,0x03
2026-09-06T20:45:57.801,70,0,1,51,0,0,0,0,0,0,0x03
2026-09-06T20:45:57.865,73,0,2,50,0,0,0,0,0,0,0x03
2026-09-06T20:45:57.865,72,0,1,52,0,0,0,0,0,0,0x03
2026-09-06T20:45:57.931,75,0,2,51,0,0,0,0,0,0,0x03
2026-09-06T20:45:57.931,74,0,1,50,0,0,0,0,0,0,0x03
2026-09-06T20:45:57.996,77,0,2,50,0,0,0,0,0,0,0x03
2026-09-06T20:45:57.996,76,0,1,51,0,0,0,0,0,0,0x03
2026-09-06T20:45:58.061,79,0,2,50,0,0,0,0,0,0,0x03
2026-09-06T20:45:58.061,78,0,1,52,0,0,0,0,0,0,0x03
2026-09-06T20:45:58.142,81,0,2,50,0,0,0,0,0,0,0x03
2026-09-06T20:45:58.142,80,0,1,52,0,0,0,0,0,0,0x03
2026-09-06T20:45:58.191,83,0,2,51,0,0,0,0,0,0,0x03
2026-09-06T20:45:58.191,82,0,1,50,0,0,0,0,0,0,0x03
2026-09-06T20:45:58.273,85,0,2,50,0,0,0,0,0,0,0x03
2026-09-06T20:45:58.273,84,0,1,52,0,0,0,0,0,0,0x03
2026-09-06T20:45:58.338,87,0,2,51,0,0,0,0,0,0,0x03
2026-09-06T20:45:58.338,86,0,1,52,0,0,0,0,0,0,0x03
2026-09-06T20:45:58.402,89,0,2,51,0,0,0,0,0,0,0x03
2026-09-06T20:45:58.402,88,0,1,52,0,0,0,0,0,0,0x03
2026-09-06T20:45:58.467,91,0,2,60,0,0,0,0,0,0,0x03
2026-09-06T20:45:58.467,90,0,1,51,0,0,0,0,0,0,0x03
2026-09-06T20:45:58.532,93,0,2,50,0,0,0,0,0,0,0x03
2026-09-06T20:45:58.532,92,0,1,52,0,0,0,0,0,0,0x03
2026-09-06T20:45:58.597,95,0,2,52,0,0,0,0,0,0,0x03
2026-09-06T20:45:58.597,94,0,1,51,0,0,0,0,0,0,0x03
2026-09-06T20:45:58.663,97,0,2,50,0,0,28162,0,0,28778,0x07
2026-09-06T20:45:58.663,96,0,1,52,0,0,0,0,0,0,0x03
2026-09-06T20:45:58.728,99,0,2,51,3357,647,39555,3396,2000,35327,0x07
2026-09-06T20:45:58.728,98,0,1,50,0,0,0,0,0,0,0x03
2026-09-06T20:45:58.809,101,0,2,50,3357,1680,35165,3396,1760,36347,0x07
2026-09-06T20:45:58.809,100,0,1,51,0,0,0,0,0,0,0x03
2026-09-06T20:45:58.875,103,0,2,51,3357,1627,35389,3396,1980,35410,0x07
2026-09-06T20:45:58.875,102,0,1,50,0,0,0,0,0,0,0x03
2026-09-06T20:45:58.940,105,0,2,51,3345,1725,34827,3495,2412,34807,0x07
2026-09-06T20:45:58.940,104,0,1,50,0,0,0,0,0,0,0x03
2026-09-06T20:45:59.005,107,0,2,50,3357,2360,32275,3500,2580,34148,0x07
2026-09-06T20:45:59.005,106,0,1,51,0,0,0,0,0,0,0x03
2026-09-06T20:45:59.071,109,0,2,50,3331,2380,31876,3500,2380,34998,0x07
2026-09-06T20:45:59.071,108,0,1,50,0,0,0,0,0,0,0x03
2026-09-06T20:45:59.135,111,0,2,50,3178,2600,29122,3500,2880,32873,0x07
2026-09-06T20:45:59.135,110,0,1,51,0,0,0,0,0,0,0x03
2026-09-06T20:45:59.200,113,0,2,51,2638,2706,22237,3257,2686,30701,0x07
2026-09-06T20:45:59.200,112,0,1,50,0,0,0,0,0,0,0x03
2026-09-06T20:45:59.265,115,0,2,50,1653,2540,11210,2466,2340,22418,0x07
2026-09-06T20:45:59.265,114,0,1,51,0,0,0,0,0,0,0x03
2026-09-06T20:45:59.346,117,0,2,50,452,1980,4698,1382,2160,9812,0x07
2026-09-06T20:45:59.346,116,0,1,52,0,0,0,0,0,0,0x03
2026-09-06T20:45:59.411,119,0,2,60,-1199,-100,16167,-1769,-83,23412,0x07
2026-09-06T20:45:59.411,118,0,1,50,0,0,0,0,0,0,0x03
2026-09-06T20:45:59.476,121,0,2,51,-1199,-314,15258,-1769,-961,19682,0x07
2026-09-06T20:45:59.476,120,0,1,52,0,0,0,0,0,0,0x03
2026-09-06T20:45:59.541,123,0,2,51,-2036,-137,25976,-2326,-706,27641,0x07
2026-09-06T20:45:59.541,122,0,1,50,0,0,0,0,0,0,0x03
2026-09-06T20:45:59.606,125,0,2,50,-2398,-600,28325,-2708,-880,31606,0x07
2026-09-06T20:45:59.606,124,0,1,51,0,0,0,0,0,0,0x03
2026-09-06T20:45:59.672,127,0,2,50,-2462,-960,27559,-2841,-1540,30440,0x07
2026-09-06T20:45:59.672,126,0,1,51,0,0,0,0,0,0,0x03
2026-09-06T20:45:59.738,129,0,2,50,-2544,-1360,26839,-2915,-1400,31947,0x07
2026-09-06T20:45:59.738,128,0,1,50,0,0,0,0,0,0,0x03
2026-09-06T20:45:59.802,131,0,2,52,-1962,-1673,18576,-2541,-1596,26499,0x07
2026-09-06T20:45:59.802,130,0,1,50,0,0,0,0,0,0,0x03
2026-09-06T20:45:59.866,133,0,2,50,-1962,-1520,19227,-2541,-1680,26143,0x07
2026-09-06T20:45:59.866,132,0,1,51,0,0,0,0,0,0,0x03
2026-09-06T20:45:59.948,135,0,2,51,-1490,-1824,12314,-2148,-1882,20435,0x07
2026-09-06T20:45:59.948,134,0,1,50,0,0,0,0,0,0,0x03
2026-09-06T20:46:00.013,137,0,2,50,-945,-1600,6774,-1670,-1920,14379,0x07
2026-09-06T20:46:00.013,136,0,1,52,0,0,0,0,0,0,0x03
2026-09-06T20:46:00.079,139,0,2,50,-471,-840,4348,-1262,-1300,11986,0x07
2026-09-06T20:46:00.079,138,0,1,52,0,0,0,0,0,0,0x03
2026-09-06T20:46:00.144,141,0,2,52,-508,-962,4275,-1223,-1135,12215,0x07
2026-09-06T20:46:00.144,140,0,1,51,0,0,0,0,0,0,0x03
2026-09-06T20:46:00.208,143,0,2,53,-514,-566,6024,-1217,-1170,11992,0x07
2026-09-06T20:46:00.208,142,0,1,50,0,0,0,0,0,0,0x03
2026-09-06T20:46:00.274,145,0,2,50,-514,-540,6134,-1217,-1140,12119,0x07
2026-09-06T20:46:00.274,144,0,1,52,0,0,0,0,0,0,0x03
2026-09-06T20:46:00.339,147,0,2,52,-561,-538,6712,-1168,-1115,11610,0x07
2026-09-06T20:46:00.339,146,0,1,51,0,0,0,0,0,0,0x03
2026-09-06T20:46:00.405,149,0,2,51,-833,-549,9902,-1349,-1039,14175,0x07
2026-09-06T20:46:00.405,148,0,1,50,0,0,0,0,0,0,0x03
2026-09-06T20:46:00.469,151,0,2,51,-1581,-1275,15733,-1946,-902,22116,0x07
2026-09-06T20:46:00.469,150,0,1,50,0,0,0,0,0,0,0x03
2026-09-06T20:46:00.535,153,0,2,51,-1929,-765,22034,-2319,-1157,25638,0x07
2026-09-06T20:46:00.535,152,0,1,52,0,0,0,0,0,0,0x03
2026-09-06T20:46:00.615,155,0,2,51,-2277,-1000,25182,-2622,-1137,29446,0x07
2026-09-06T20:46:00.615,154,0,1,50,0,0,0,0,0,0,0x03
2026-09-06T20:46:00.681,157,0,2,51,-2681,-1294,28751,-2935,-1373,32314,0x07
2026-09-06T20:46:00.681,156,0,1,53,0,0,0,0,0,0,0x03
2026-09-06T20:46:00.745,159,0,2,51,-2797,-1843,27796,-3095,-1745,32699,0x07
2026-09-06T20:46:00.745,158,0,1,51,0,0,0,0,0,0,0x03
2026-09-06T20:46:00.811,161,0,2,50,-2904,-2040,28230,-3188,-2080,32431,0x07
2026-09-06T20:46:00.811,160,0,1,50,0,0,0,0,0,0,0x03
2026-09-06T20:46:00.875,163,0,2,51,-2753,-2255,25520,-3153,-2392,30665,0x07
2026-09-06T20:46:00.875,162,0,1,50,0,0,0,0,0,0,0x03
2026-09-06T20:46:00.940,165,0,2,50,-2738,-2420,24637,-3112,-2560,29443,0x07
2026-09-06T20:46:00.940,164,0,1,51,0,0,0,0,0,0,0x03
2026-09-06T20:46:01.005,167,0,2,51,-2623,-2392,23389,-3043,-2510,28805,0x07
2026-09-06T20:46:01.005,166,0,1,52,0,0,0,0,0,0,0x03
2026-09-06T20:46:01.071,169,0,2,51,-2241,-2569,18094,-2795,-2667,25088,0x07
2026-09-06T20:46:01.071,168,0,1,51,0,0,0,0,0,0,0x03
2026-09-06T20:46:01.152,171,0,2,50,-1997,-2140,17010,-2549,-2660,22086,0x07
2026-09-06T20:46:01.152,170,0,1,52,0,0,0,0,0,0,0x03
2026-09-06T20:46:01.218,173,0,2,51,-1615,-2059,12798,-2236,-2392,19361,0x07
2026-09-06T20:46:01.218,172,0,1,50,0,0,0,0,0,0,0x03
2026-09-06T20:46:01.283,175,0,2,50,-1395,-1880,10937,-2003,-2260,17044,0x07
2026-09-06T20:46:01.283,174,0,1,51,0,0,0,0,0,0,0x03
2026-09-06T20:46:01.348,177,0,2,51,-927,-1490,7023,-1629,-1686,14877,0x07
2026-09-06T20:46:01.348,176,0,1,52,0,0,0,0,0,0,0x03
2026-09-06T20:46:01.413,179,0,2,51,-463,-1333,2160,-1270,-1510,11195,0x07
2026-09-06T20:46:01.413,178,0,1,51,0,0,0,0,0,0,0x03
2026-09-06T20:46:01.478,181,0,2,51,-452,-1020,3369,-1281,-1314,12161,0x07
2026-09-06T20:46:01.478,180,0,1,51,0,0,0,0,0,0,0x03
2026-09-06T20:46:01.543,183,0,2,51,-415,-510,5093,-1319,-1216,13053,0x07
2026-09-06T20:46:01.543,182,0,1,51,0,0,0,0,0,0,0x03
2026-09-06T20:46:01.609,185,0,2,50,0,0,8369,0,0,12565,0x07
2026-09-06T20:46:01.609,184,0,1,52,0,0,0,0,0,0,0x03
2026-09-06T20:46:01.690,187,0,2,51,791,78,11395,1313,176,17396,0x07
2026-09-06T20:46:01.690,186,0,1,50,0,0,0,0,0,0,0x03
2026-09-06T20:46:01.755,189,0,2,52,1102,173,14699,1633,365,20534,0x07
2026-09-06T20:46:01.755,188,0,1,50,0,0,0,0,0,0,0x03
2026-09-06T20:46:01.820,191,0,2,51,1102,412,13685,1633,314,20754,0x07
2026-09-06T20:46:01.820,190,0,1,52,0,0,0,0,0,0,0x03
2026-09-06T20:46:01.886,193,0,2,50,967,580,11367,1562,480,19171,0x07
2026-09-06T20:46:01.886,192,0,1,51,0,0,0,0,0,0,0x03
2026-09-06T20:46:01.951,195,0,2,51,813,647,9244,1429,765,16320,0x07
2026-09-06T20:46:01.951,194,0,1,51,0,0,0,0,0,0,0x03
2026-09-06T20:46:02.015,197,0,2,51,386,647,4160,1109,902,11797,0x07
2026-09-06T20:46:02.015,196,0,1,50,0,0,0,0,0,0,0x03
2026-09-06T20:46:02.081,199,0,2,51,207,431,2943,999,902,10437,0x07
2026-09-06T20:46:02.081,198,0,1,50,0,0,0,0,0,0,0x03
2026-09-06T20:46:02.147,201,0,2,52,114,250,2613,1005,904,10502,0x07
2026-09-06T20:46:02.147,200,0,1,54,0,0,0,0,0,0,0x03
2026-09-06T20:46:02.212,203,0,2,52,0,0,13224,0,0,17874,0x07
2026-09-06T20:46:02.212,202,0,1,50,0,0,0,0,0,0,0x03
2026-09-06T20:46:02.277,205,0,2,52,-1424,-58,19032,-1970,-423,24449,0x07
2026-09-06T20:46:02.277,204,0,1,50,0,0,0,0,0,0,0x03
2026-09-06T20:46:02.357,207,0,2,51,-1047,-98,14367,-1712,-1471,16811,0x07
2026-09-06T20:46:02.357,206,0,1,50,0,0,0,0,0,0,0x03
2026-09-06T20:46:02.423,209,0,2,52,-479,-269,6878,-1253,-365,15847,0x07
2026-09-06T20:46:02.423,208,0,1,52,0,0,0,0,0,0,0x03
2026-09-06T20:46:02.488,211,0,2,52,-479,-327,6633,-1253,-558,15030,0x07
2026-09-06T20:46:02.488,210,0,1,51,0,0,0,0,0,0,0x03
2026-09-06T20:46:02.553,213,0,2,50,-461,-400,6103,-1272,-700,14663,0x07
2026-09-06T20:46:02.553,212,0,1,51,0,0,0,0,0,0,0x03
2026-09-06T20:46:02.618,215,0,2,51,-434,-431,5644,-1300,-843,14403,0x07
2026-09-06T20:46:02.619,214,0,1,51,0,0,0,0,0,0,0x03
2026-09-06T20:46:02.683,217,0,2,51,-431,-451,5524,-1303,-882,14275,0x07
2026-09-06T20:46:02.683,216,0,1,52,0,0,0,0,0,0,0x03
2026-09-06T20:46:02.749,219,0,2,51,-445,-471,5613,-1288,-922,13923,0x07
2026-09-06T20:46:02.749,218,0,1,50,0,0,0,0,0,0,0x03
2026-09-06T20:46:02.814,221,0,2,51,-571,-510,6946,-1158,-1059,11730,0x07
2026-09-06T20:46:02.814,220,0,1,50,0,0,0,0,0,0,0x03
2026-09-06T20:46:02.879,223,0,2,51,-571,-471,7112,-1158,-941,12230,0x07
2026-09-06T20:46:02.879,222,0,1,52,0,0,0,0,0,0,0x03
2026-09-06T20:46:02.960,225,0,2,50,-658,-500,8025,-1152,-940,12157,0x07
2026-09-06T20:46:02.960,224,0,1,50,0,0,0,0,0,0,0x03
2026-09-06T20:46:03.026,227,0,2,51,-211,-490,2745,-1068,-922,11204,0x07
2026-09-06T20:46:03.026,226,0,1,50,0,0,0,0,0,0,0x03
2026-09-06T20:46:03.091,229,0,2,56,-338,-357,4818,-970,-786,10577,0x07
2026-09-06T20:46:03.091,228,0,1,50,0,0,0,0,0,0,0x03
2026-09-06T20:46:03.155,231,0,2,50,-338,-460,4380,-970,-760,10686,0x07
2026-09-06T20:46:03.155,230,0,1,51,0,0,0,0,0,0,0x03
2026-09-06T20:46:03.220,233,0,2,52,-334,-385,4657,-995,-673,11358,0x07
2026-09-06T20:46:03.220,232,0,1,52,0,0,0,0,0,0,0x03
2026-09-06T20:46:03.285,235,0,2,50,-311,-360,4492,-994,-640,11490,0x07
2026-09-06T20:46:03.285,234,0,1,52,0,0,0,0,0,0,0x03
2026-09-06T20:46:03.350,237,0,2,50,-330,-340,4803,-976,-620,11355,0x07
2026-09-06T20:46:03.351,236,0,1,52,0,0,0,0,0,0,0x03
2026-09-06T20:46:03.415,239,0,2,50,-283,-240,4669,-1005,-620,11709,0x07
2026-09-06T20:46:03.416,238,0,1,52,0,0,0,0,0,0,0x03
2026-09-06T20:46:03.497,241,0,2,54,-288,-259,4647,-938,-722,10455,0x07
2026-09-06T20:46:03.497,240,0,1,52,0,0,0,0,0,0,0x03
2026-09-06T20:46:03.562,243,0,2,50,-288,-180,4984,-938,-740,10379,0x07
2026-09-06T20:46:03.563,242,0,1,50,0,0,0,0,0,0,0x03
2026-09-06T20:46:03.628,245,0,2,51,-302,-216,4997,-896,-765,9755,0x07
2026-09-06T20:46:03.628,244,0,1,51,0,0,0,0,0,0,0x03
2026-09-06T20:46:03.693,247,0,2,51,-287,-216,4817,-876,-667,9926,0x07
2026-09-06T20:46:03.693,246,0,1,50,0,0,0,0,0,0,0x03
2026-09-06T20:46:03.757,249,0,2,50,0,0,24525,0,0,23950,0x07
2026-09-06T20:46:03.757,248,0,1,51,0,0,0,0,0,0,0x03
2026-09-06T20:46:03.822,251,0,2,50,2899,480,34807,2722,360,33988,0x07
2026-09-06T20:46:03.822,250,0,1,50,0,0,0,0,0,0,0x03
2026-09-06T20:46:03.887,253,0,2,53,3267,830,37695,3415,2415,33795,0x07
2026-09-06T20:46:03.887,252,0,1,50,0,0,0,0,0,0,0x03
2026-09-06T20:46:03.951,255,0,2,50,3267,1180,36209,3415,1840,36239,0x07
2026-09-06T20:46:03.951,254,0,1,52,0,0,0,0,0,0,0x03
2026-09-06T20:46:04.033,257,0,2,50,3314,1440,35671,3500,2140,36018,0x07
2026-09-06T20:46:04.033,256,0,1,51,0,0,0,0,0,0,0x03
2026-09-06T20:46:04.097,259,0,2,50,3263,1780,33615,3500,2720,33553,0x07
2026-09-06T20:46:04.097,258,0,1,52,0,0,0,0,0,0,0x03
2026-09-06T20:46:04.162,261,0,2,51,3162,2137,30899,3500,2686,33696,0x07
2026-09-06T20:46:04.162,260,0,1,50,0,0,0,0,0,0,0x03
2026-09-06T20:46:04.227,263,0,2,50,2789,2400,25337,3311,2000,34277,0x07
2026-09-06T20:46:04.227,262,0,1,51,0,0,0,0,0,0,0x03
2026-09-06T20:46:04.292,265,0,2,53,312,1962,0,1323,2340,8328,0x07
2026-09-06T20:46:04.292,264,0,1,51,0,0,0,0,0,0,0x03
2026-09-06T20:46:04.358,267,0,2,50,0,0,6211,0,0,10803,0x07
2026-09-06T20:46:04.358,266,0,1,50,0,0,0,0,0,0,0x03
2026-09-06T20:46:04.423,269,0,2,50,-509,-480,6333,-1095,-240,14437,0x07
2026-09-06T20:46:04.423,268,0,1,51,0,0,0,0,0,0,0x03
2026-09-06T20:46:04.488,271,0,2,51,-2105,-314,26054,-1762,-784,20350,0x07
2026-09-06T20:46:04.488,270,0,1,53,0,0,0,0,0,0,0x03
