timestamp,sequence,team,robot_id,interval_ms,left_target_eps,left_measured_eps,left_duty,right_target_eps,right_measured_eps,right_duty,flags
2026-09-06T14:02:17.814-03:00,18,0,2,51,0,0,0,0,0,0,0x03
2026-09-06T14:02:17.832-03:00,19,0,2,54,0,0,0,0,0,0,0x03
2026-09-06T14:02:17.852-03:00,20,0,2,54,0,0,0,0,0,0,0x03
2026-09-06T14:02:17.874-03:00,20,0,2,54,0,0,0,0,0,0,0x03
2026-09-06T14:02:17.892-03:00,20,0,2,52,0,0,0,0,0,0,0x03
2026-09-06T14:02:17.911-03:00,20,0,2,52,0,0,0,0,0,0,0x03
2026-09-06T14:02:17.933-03:00,20,0,2,50,0,0,0,0,0,0,0x03
2026-09-06T14:02:17.952-03:00,20,0,2,50,0,0,0,0,0,0,0x03
2026-09-06T14:02:17.970-03:00,20,0,2,50,0,0,0,0,0,0,0x03
2026-09-06T14:02:17.993-03:00,20,0,2,51,0,0,0,0,0,0,0x03
2026-09-06T14:02:18.011-03:00,20,0,2,51,0,0,0,0,0,0,0x03
2026-09-06T14:02:18.032-03:00,9,0,2,53,3374,0,40000,3500,0,40000,0x07
2026-09-06T14:02:18.050-03:00,10,0,2,53,3374,0,40000,3500,0,40000,0x07
2026-09-06T14:02:18.070-03:00,11,0,2,53,3374,0,40000,3500,0,40000,0x07
2026-09-06T14:02:18.090-03:00,12,0,2,56,3374,357,40000,3500,1411,37427,0x07
2026-09-06T14:02:18.112-03:00,13,0,2,56,3374,357,40000,3500,1411,37427,0x07
2026-09-06T14:02:18.154-03:00,14,0,2,56,3374,357,40000,3500,1411,37427,0x07
2026-09-06T14:02:18.155-03:00,15,0,2,51,3374,667,39600,3500,882,39673,0x07
2026-09-06T14:02:18.174-03:00,16,0,2,51,3374,667,39600,3500,882,39673,0x07
2026-09-06T14:02:18.192-03:00,17,0,2,54,3374,1019,38105,3500,907,39567,0x07
2026-09-06T14:02:18.212-03:00,18,0,2,54,3374,1019,38105,3500,907,39567,0x07
2026-09-06T14:02:18.234-03:00,19,0,2,54,3374,1019,38105,3500,907,39567,0x07
2026-09-06T14:02:18.270-03:00,20,0,2,50,3374,1400,38230,3500,1060,38918,0x07
2026-09-06T14:02:18.295-03:00,21,0,2,50,3374,1400,38230,3500,1060,38918,0x07
2026-09-06T14:02:18.313-03:00,22,0,2,50,3374,1400,38230,3500,1060,38918,0x07
2026-09-06T14:02:18.331-03:00,23,0,2,53,3374,1623,38927,3500,1302,37890,0x07
2026-09-06T14:02:18.354-03:00,24,0,2,53,3374,1623,38927,3500,1302,37890,0x07
2026-09-06T14:02:18.370-03:00,25,0,2,56,3374,1821,39621,3500,1554,39218,0x07
2026-09-06T14:02:18.391-03:00,26,0,2,56,3374,1821,39621,3500,1554,39218,0x07
2026-09-06T14:02:18.414-03:00,27,0,2,56,3374,1821,39621,3500,1554,39218,0x07
2026-09-06T14:02:18.434-03:00,28,0,2,50,3374,2100,39565,3500,1680,38681,0x07
2026-09-06T14:02:18.452-03:00,29,0,2,50,3374,2100,39565,3500,1680,38681,0x07
2026-09-06T14:02:18.470-03:00,30,0,2,51,3374,2255,39917,3500,1922,39425,0x07
2026-09-06T14:02:18.492-03:00,31,0,2,51,3374,2255,39917,3500,1922,39425,0x07
2026-09-06T14:02:18.514-03:00,32,0,2,51,3374,2255,39917,3500,1922,39425,0x07
2026-09-06T14:02:18.530-03:00,33,0,2,57,3374,2386,39360,3500,2228,39718,0x07
2026-09-06T14:02:18.553-03:00,34,0,2,57,3374,2386,39360,3500,2228,39718,0x07
2026-09-06T14:02:18.571-03:00,35,0,2,57,3374,2386,39360,3500,2228,39718,0x07
2026-09-06T14:02:18.590-03:00,36,0,2,50,3374,2520,39546,3500,2160,40000,0x07
2026-09-06T14:02:18.612-03:00,37,0,2,50,3374,2520,39546,3500,2160,40000,0x07
2026-09-06T14:02:18.634-03:00,38,0,2,50,3374,2720,39275,3500,2480,39769,0x07
2026-09-06T14:02:18.652-03:00,39,0,2,50,3374,2720,39275,3500,2480,39769,0x07
2026-09-06T14:02:18.674-03:00,40,0,2,50,3374,2720,39275,3500,2480,39769,0x07
2026-09-06T14:02:18.711-03:00,41,0,2,50,3374,3000,38416,3500,2460,39854,0x07
2026-09-06T14:02:18.733-03:00,42,0,2,50,3374,3000,38416,3500,2460,39854,0x07
2026-09-06T14:02:18.750-03:00,43,0,2,55,3374,2836,39634,3500,2636,39104,0x07
2026-09-06T14:02:18.771-03:00,44,0,2,55,3374,2836,39634,3500,2636,39104,0x07
2026-09-06T14:02:18.793-03:00,45,0,2,58,3374,3052,39050,3500,2897,38769,0x07
2026-09-06T14:02:18.811-03:00,47,0,2,58,3374,3052,39050,3500,2897,38769,0x07
2026-09-06T14:02:18.833-03:00,48,0,2,58,3374,3052,39050,3500,2897,38769,0x07
2026-09-06T14:02:18.853-03:00,49,0,2,50,3374,3040,39395,3500,2880,39521,0x07
2026-09-06T14:02:18.873-03:00,50,0,2,50,3374,3040,39395,3500,2880,39521,0x07
2026-09-06T14:02:18.890-03:00,51,0,2,51,3374,3235,38691,3500,2902,39428,0x07
2026-09-06T14:02:18.912-03:00,52,0,2,51,3374,3235,38691,3500,2902,39428,0x07
2026-09-06T14:02:18.933-03:00,53,0,2,51,3374,3235,38691,3500,2902,39428,0x07
2026-09-06T14:02:18.973-03:00,54,0,2,56,3374,3161,39219,3500,3036,39431,0x07
2026-09-06T14:02:18.973-03:00,55,0,2,56,3374,3161,39219,3500,3036,39431,0x07
2026-09-06T14:02:18.993-03:00,56,0,2,56,3374,3161,39219,3500,3036,39431,0x07
2026-09-06T14:02:19.010-03:00,57,0,2,51,3374,3176,39330,3500,3039,39933,0x07
2026-09-06T14:02:19.034-03:00,58,0,2,51,3374,3176,39330,3500,3039,39933,0x07
2026-09-06T14:02:19.054-03:00,59,0,2,52,3374,3423,38237,3500,3077,39773,0x07
2026-09-06T14:02:19.072-03:00,60,0,2,52,3374,3423,38237,3500,3077,39773,0x07
2026-09-06T14:02:19.092-03:00,61,0,2,52,3374,3423,38237,3500,3077,39773,0x07
2026-09-06T14:02:19.111-03:00,62,0,2,50,3374,3300,38826,3500,3140,39901,0x07
2026-09-06T14:02:19.134-03:00,63,0,2,50,3374,3300,38826,3500,3140,39901,0x07
2026-09-06T14:02:19.152-03:00,64,0,2,50,3374,3300,38826,3500,3140,39901,0x07
2026-09-06T14:02:19.172-03:00,65,0,2,53,3374,3208,39375,3500,3075,40000,0x07
2026-09-06T14:02:19.194-03:00,66,0,2,53,3374,3208,39375,3500,3075,40000,0x07
2026-09-06T14:02:19.212-03:00,67,0,2,55,3374,1473,40000,3500,2000,40000,0x07
2026-09-06T14:02:19.235-03:00,68,0,2,55,3374,1473,40000,3500,2000,40000,0x07
2026-09-06T14:02:19.254-03:00,69,0,2,55,3374,1473,40000,3500,2000,40000,0x07
2026-09-06T14:02:19.274-03:00,70,0,2,50,3374,1920,40000,3500,1360,40000,0x07
2026-09-06T14:02:19.291-03:00,71,0,2,50,3374,1920,40000,3500,1360,40000,0x07
2026-09-06T14:02:19.311-03:00,72,0,2,52,3374,2115,40000,3500,865,40000,0x07
2026-09-06T14:02:19.330-03:00,73,0,2,52,3374,2115,40000,3500,865,40000,0x07
2026-09-06T14:02:19.351-03:00,74,0,2,52,3374,2115,40000,3500,865,40000,0x07
2026-09-06T14:02:19.373-03:00,75,0,2,57,3374,1579,40000,3500,596,40000,0x07
2026-09-06T14:02:19.391-03:00,76,0,2,57,3374,1579,40000,3500,596,40000,0x07
2026-09-06T14:02:19.411-03:00,77,0,2,57,3374,1579,40000,3500,596,40000,0x07
2026-09-06T14:02:19.434-03:00,78,0,2,51,3374,2118,40000,3500,20,40000,0x07
2026-09-06T14:02:19.451-03:00,79,0,2,51,3374,2118,40000,3500,20,40000,0x07
2026-09-06T14:02:19.471-03:00,80,0,2,51,3374,2118,40000,3500,20,40000,0x07
2026-09-06T14:02:19.494-03:00,81,0,2,53,3374,1151,40000,3500,38,40000,0x07
2026-09-06T14:02:19.514-03:00,82,0,2,53,3374,1151,40000,3500,38,40000,0x07
2026-09-06T14:02:19.532-03:00,83,0,2,55,3374,145,40000,3500,382,40000,0x07
2026-09-06T14:02:19.554-03:00,84,0,2,55,3374,145,40000,3500,382,40000,0x07
2026-09-06T14:02:19.573-03:00,85,0,2,55,3374,145,40000,3500,382,40000,0x07
2026-09-06T14:02:19.593-03:00,86,0,2,50,3374,0,40000,3500,800,40000,0x07
2026-09-06T14:02:19.610-03:00,87,0,2,50,3374,0,40000,3500,800,40000,0x07
2026-09-06T14:02:19.631-03:00,88,0,2,52,3374,0,40000,3500,1077,40000,0x07
2026-09-06T14:02:19.651-03:00,89,0,2,52,3374,0,40000,3500,1077,40000,0x07
2026-09-06T14:02:19.673-03:00,90,0,2,52,3374,0,40000,3500,1077,40000,0x07
2026-09-06T14:02:19.691-03:00,91,0,2,51,3374,0,40000,3500,2510,40000,0x07
2026-09-06T14:02:19.713-03:00,92,0,2,51,3374,0,40000,3500,2510,40000,0x07
2026-09-06T14:02:19.733-03:00,93,0,2,51,3374,0,40000,3500,2922,40000,0x07
2026-09-06T14:02:19.750-03:00,94,0,2,51,3374,0,40000,3500,2922,40000,0x07
2026-09-06T14:02:19.772-03:00,95,0,2,51,3374,0,40000,3500,2922,40000,0x07
2026-09-06T14:02:19.792-03:00,96,0,2,50,3374,0,40000,3500,2540,40000,0x07
2026-09-06T14:02:19.810-03:00,97,0,2,50,3374,0,40000,3500,2540,40000,0x07
2026-09-06T14:02:19.830-03:00,98,0,2,50,3374,0,40000,3500,2540,40000,0x07
2026-09-06T14:02:19.853-03:00,99,0,2,53,3374,0,40000,3500,1887,40000,0x07
2026-09-06T14:02:19.871-03:00,100,0,2,53,3374,0,40000,3500,1887,40000,0x07
2026-09-06T14:02:19.894-03:00,101,0,2,52,3374,0,40000,3500,1288,40000,0x07
2026-09-06T14:02:19.913-03:00,102,0,2,52,3374,0,40000,3500,1288,40000,0x07
2026-09-06T14:02:19.931-03:00,103,0,2,52,3374,0,40000,3500,1288,40000,0x07
2026-09-06T14:02:19.954-03:00,104,0,2,51,3374,0,40000,3500,2490,40000,0x07
2026-09-06T14:02:19.972-03:00,105,0,2,51,3374,0,40000,3500,2490,40000,0x07
2026-09-06T14:02:19.992-03:00,106,0,2,50,3374,0,40000,3500,2780,40000,0x07
2026-09-06T14:02:20.014-03:00,107,0,2,50,3374,0,40000,3500,2780,40000,0x07
2026-09-06T14:02:20.032-03:00,108,0,2,50,3374,0,40000,3500,2780,40000,0x07
2026-09-06T14:02:20.052-03:00,109,0,2,50,3374,0,40000,3500,2140,40000,0x07
2026-09-06T14:02:20.072-03:00,110,0,2,50,3374,0,40000,3500,2140,40000,0x07
2026-09-06T14:02:20.090-03:00,111,0,2,52,3374,0,40000,3500,1981,40000,0x07
2026-09-06T14:02:20.112-03:00,112,0,2,52,3374,0,40000,3500,1981,40000,0x07
2026-09-06T14:02:20.130-03:00,113,0,2,52,3374,0,40000,3500,1981,40000,0x07
2026-09-06T14:02:20.153-03:00,114,0,2,65,3374,15,40000,3500,1015,40000,0x07
2026-09-06T14:02:20.171-03:00,115,0,2,65,3374,15,40000,3500,1015,40000,0x07
2026-09-06T14:02:20.191-03:00,116,0,2,65,3374,15,40000,3500,1015,40000,0x07
2026-09-06T14:02:20.214-03:00,117,0,2,57,3374,0,40000,3500,1895,40000,0x07
2026-09-06T14:02:20.231-03:00,118,0,2,57,3374,0,40000,3500,1895,40000,0x07
2026-09-06T14:02:20.254-03:00,119,0,2,57,3374,0,40000,3500,1895,40000,0x07
2026-09-06T14:02:20.271-03:00,120,0,2,50,3374,0,40000,3500,3080,40000,0x07
2026-09-06T14:02:20.294-03:00,121,0,2,50,3374,0,40000,3500,3080,40000,0x07
2026-09-06T14:02:20.330-03:00,122,0,2,50,3374,0,40000,3500,2240,40000,0x07
2026-09-06T14:02:20.330-03:00,123,0,2,50,3374,0,40000,3500,2240,40000,0x07
2026-09-06T14:02:20.355-03:00,124,0,2,50,3374,0,40000,3500,2240,40000,0x07
2026-09-06T14:02:20.370-03:00,125,0,2,55,3374,0,40000,3500,2127,40000,0x07
2026-09-06T14:02:20.393-03:00,126,0,2,55,3374,0,40000,3500,2127,40000,0x07
2026-09-06T14:02:20.411-03:00,127,0,2,55,3374,0,40000,3500,2127,40000,0x07
2026-09-06T14:02:20.431-03:00,128,0,2,52,3374,0,40000,3500,865,40000,0x07
2026-09-06T14:02:20.453-03:00,129,0,2,52,3374,0,40000,3500,865,40000,0x07
2026-09-06T14:02:20.471-03:00,130,0,2,52,3374,0,40000,3500,865,40000,0x07
2026-09-06T14:02:20.491-03:00,131,0,2,52,3374,0,40000,3500,0,40000,0x07
2026-09-06T14:02:20.514-03:00,132,0,2,52,3374,0,40000,3500,0,40000,0x07
2026-09-06T14:02:20.532-03:00,133,0,2,50,3374,0,40000,3500,0,40000,0x07
2026-09-06T14:02:20.555-03:00,134,0,2,50,3374,0,40000,3500,0,40000,0x07
2026-09-06T14:02:20.572-03:00,135,0,2,50,3374,0,40000,3500,0,40000,0x07
2026-09-06T14:02:20.594-03:00,136,0,2,50,3374,0,40000,3500,0,40000,0x07
2026-09-06T14:02:20.612-03:00,137,0,2,50,3374,0,40000,3500,0,40000,0x07
2026-09-06T14:02:20.635-03:00,138,0,2,50,3374,0,40000,3500,0,40000,0x07
2026-09-06T14:02:20.652-03:00,139,0,2,50,3374,0,40000,3500,0,40000,0x07
2026-09-06T14:02:20.670-03:00,140,0,2,50,3374,0,40000,3500,0,40000,0x07
2026-09-06T14:02:20.690-03:00,141,0,2,52,3374,0,40000,3500,0,40000,0x07
2026-09-06T14:02:20.712-03:00,142,0,2,52,3374,0,40000,3500,0,40000,0x07
2026-09-06T14:02:20.730-03:00,143,0,2,55,3374,0,40000,3500,0,40000,0x07
2026-09-06T14:02:20.750-03:00,144,0,2,55,3374,0,40000,3500,0,40000,0x07
2026-09-06T14:02:20.770-03:00,145,0,2,55,3374,0,40000,3500,0,40000,0x07
2026-09-06T14:02:20.792-03:00,146,0,2,51,3374,0,40000,3500,0,40000,0x07
2026-09-06T14:02:20.811-03:00,147,0,2,51,3374,0,40000,3500,0,40000,0x07
2026-09-06T14:02:20.834-03:00,148,0,2,51,3374,0,40000,3500,0,40000,0x07
2026-09-06T14:02:20.852-03:00,149,0,2,51,3374,0,40000,3500,0,40000,0x07
2026-09-06T14:02:20.870-03:00,150,0,2,51,3374,0,40000,3500,0,40000,0x07
2026-09-06T14:02:20.892-03:00,151,0,2,51,3374,0,40000,3500,0,40000,0x07
2026-09-06T14:02:20.910-03:00,152,0,2,51,3374,0,40000,3500,0,40000,0x07
2026-09-06T14:02:20.933-03:00,153,0,2,51,3374,0,40000,3500,0,40000,0x07
2026-09-06T14:02:20.951-03:00,154,0,2,51,3374,0,40000,3500,0,40000,0x07
2026-09-06T14:02:20.970-03:00,155,0,2,51,3374,0,40000,3500,0,40000,0x07
2026-09-06T14:02:20.993-03:00,156,0,2,51,3374,59,40000,3500,0,40000,0x07
2026-09-06T14:02:21.011-03:00,157,0,2,51,3374,59,40000,3500,0,40000,0x07
2026-09-06T14:02:21.030-03:00,158,0,2,51,3374,59,40000,3500,0,40000,0x07
2026-09-06T14:02:21.053-03:00,159,0,2,50,3374,20,40000,3500,0,40000,0x07
2026-09-06T14:02:21.071-03:00,160,0,2,50,3374,20,40000,3500,0,40000,0x07
2026-09-06T14:02:21.091-03:00,161,0,2,54,3374,0,40000,3500,0,40000,0x07
2026-09-06T14:02:21.114-03:00,162,0,2,54,3374,0,40000,3500,0,40000,0x07
2026-09-06T14:02:21.132-03:00,163,0,2,54,3374,0,40000,3500,0,40000,0x07
2026-09-06T14:02:21.150-03:00,164,0,2,50,3374,0,40000,3500,0,40000,0x07
2026-09-06T14:02:21.170-03:00,165,0,2,50,3374,0,40000,3500,0,40000,0x07
2026-09-06T14:02:21.190-03:00,166,0,2,52,3374,0,40000,3500,558,40000,0x07
2026-09-06T14:02:21.212-03:00,167,0,2,52,3374,0,40000,3500,558,40000,0x07
2026-09-06T14:02:21.232-03:00,168,0,2,52,3374,0,40000,3500,558,40000,0x07
2026-09-06T14:02:21.250-03:00,169,0,2,50,3374,20,40000,3500,1720,40000,0x07
2026-09-06T14:02:21.270-03:00,170,0,2,50,3374,20,40000,3500,1720,40000,0x07
2026-09-06T14:02:21.293-03:00,171,0,2,51,3374,0,40000,3500,2667,40000,0x07
2026-09-06T14:02:21.311-03:00,172,0,2,51,3374,0,40000,3500,2667,40000,0x07
2026-09-06T14:02:21.334-03:00,173,0,2,51,3374,0,40000,3500,2667,40000,0x07
2026-09-06T14:02:21.351-03:00,174,0,2,50,3374,40,40000,3500,1020,40000,0x07
2026-09-06T14:02:21.371-03:00,175,0,2,50,3374,40,40000,3500,1020,40000,0x07
2026-09-06T14:02:21.394-03:00,176,0,2,52,3374,19,40000,3500,19,40000,0x07
2026-09-06T14:02:21.411-03:00,177,0,2,52,3374,19,40000,3500,19,40000,0x07
2026-09-06T14:02:21.434-03:00,178,0,2,52,3374,19,40000,3500,19,40000,0x07
2026-09-06T14:02:21.452-03:00,179,0,2,51,3374,0,40000,3500,0,40000,0x07
2026-09-06T14:02:21.470-03:00,180,0,2,51,3374,0,40000,3500,0,40000,0x07
2026-09-06T14:02:21.493-03:00,181,0,2,51,3374,0,40000,3500,0,40000,0x07
2026-09-06T14:02:21.513-03:00,182,0,2,51,3374,0,40000,3500,0,40000,0x07
2026-09-06T14:02:21.531-03:00,183,0,2,51,3374,0,40000,3500,0,40000,0x07
2026-09-06T14:02:21.553-03:00,184,0,2,55,3374,0,40000,3500,0,40000,0x07
2026-09-06T14:02:21.573-03:00,185,0,2,55,3374,0,40000,3500,0,40000,0x07
2026-09-06T14:02:21.591-03:00,186,0,2,55,3374,0,40000,3500,0,40000,0x07
2026-09-06T14:02:21.613-03:00,187,0,2,52,3374,19,40000,3500,0,40000,0x07
2026-09-06T14:02:21.631-03:00,188,0,2,52,3374,19,40000,3500,0,40000,0x07
2026-09-06T14:02:21.651-03:00,189,0,2,52,3374,19,40000,3500,0,40000,0x07
2026-09-06T14:02:21.674-03:00,190,0,2,52,3374,0,40000,3500,0,40000,0x07
2026-09-06T14:02:21.692-03:00,191,0,2,52,3374,0,40000,3500,0,40000,0x07
2026-09-06T14:02:21.714-03:00,192,0,2,55,3374,0,40000,3500,0,40000,0x07
2026-09-06T14:02:21.732-03:00,193,0,2,55,3374,0,40000,3500,0,40000,0x07
2026-09-06T14:02:21.750-03:00,194,0,2,55,3374,0,40000,3500,0,40000,0x07
2026-09-06T14:02:21.773-03:00,195,0,2,52,3374,0,40000,3500,0,40000,0x07
2026-09-06T14:02:21.793-03:00,196,0,2,52,3374,0,40000,3500,0,40000,0x07
2026-09-06T14:02:21.810-03:00,197,0,2,52,3374,0,40000,3500,0,40000,0x07
2026-09-06T14:02:21.833-03:00,198,0,2,52,3374,0,40000,3500,0,40000,0x07
2026-09-06T14:02:21.851-03:00,199,0,2,52,3374,0,40000,3500,0,40000,0x07
2026-09-06T14:02:21.871-03:00,200,0,2,55,3374,0,40000,3500,0,40000,0x07
2026-09-06T14:02:21.894-03:00,201,0,2,55,3374,0,40000,3500,0,40000,0x07
2026-09-06T14:02:21.911-03:00,202,0,2,55,3374,0,40000,3500,0,40000,0x07
2026-09-06T14:02:21.934-03:00,203,0,2,50,3374,0,40000,3500,0,40000,0x07
2026-09-06T14:02:21.952-03:00,204,0,2,50,3374,0,40000,3500,0,40000,0x07
2026-09-06T14:02:21.974-03:00,205,0,2,52,3374,0,40000,3500,0,40000,0x07
2026-09-06T14:02:21.992-03:00,206,0,2,52,3374,0,40000,3500,0,40000,0x07
2026-09-06T14:02:22.013-03:00,207,0,2,52,3374,0,40000,3500,0,40000,0x07
2026-09-06T14:02:22.031-03:00,208,0,2,50,3374,0,40000,3500,0,40000,0x07
2026-09-06T14:02:22.054-03:00,209,0,2,50,3374,0,40000,3500,0,40000,0x07
2026-09-06T14:02:22.071-03:00,210,0,2,54,3374,0,40000,3500,0,40000,0x07
2026-09-06T14:02:22.091-03:00,211,0,2,54,3374,0,40000,3500,0,40000,0x07
2026-09-06T14:02:22.114-03:00,212,0,2,54,3374,0,40000,3500,0,40000,0x07
2026-09-06T14:02:22.132-03:00,213,0,2,54,3374,0,40000,3500,0,40000,0x07
2026-09-06T14:02:22.154-03:00,214,0,2,54,3374,0,40000,3500,0,40000,0x07
2026-09-06T14:02:22.172-03:00,215,0,2,54,3374,0,40000,3500,0,40000,0x07
2026-09-06T14:02:22.190-03:00,216,0,2,51,3374,0,40000,3500,0,40000,0x07
2026-09-06T14:02:22.212-03:00,217,0,2,51,3374,0,40000,3500,0,40000,0x07
2026-09-06T14:02:22.230-03:00,218,0,2,52,3374,0,40000,3500,0,40000,0x07
2026-09-06T14:02:22.253-03:00,219,0,2,52,3374,0,40000,3500,0,40000,0x07
2026-09-06T14:02:22.270-03:00,220,0,2,52,3374,0,40000,3500,0,40000,0x07
2026-09-06T14:02:22.293-03:00,221,0,2,50,3374,0,40000,3500,0,40000,0x07
2026-09-06T14:02:22.313-03:00,222,0,2,50,3374,0,40000,3500,0,40000,0x07
2026-09-06T14:02:22.333-03:00,223,0,2,50,3374,0,40000,3500,0,40000,0x07
2026-09-06T14:02:22.353-03:00,224,0,2,51,3374,0,40000,3500,0,40000,0x07
2026-09-06T14:02:22.370-03:00,225,0,2,51,3374,0,40000,3500,0,40000,0x07
2026-09-06T14:02:22.392-03:00,226,0,2,50,3374,0,40000,3500,0,40000,0x07
2026-09-06T14:02:22.410-03:00,227,0,2,50,3374,0,40000,3500,0,40000,0x07
2026-09-06T14:02:22.432-03:00,228,0,2,50,3374,0,40000,3500,0,40000,0x07
2026-09-06T14:02:22.450-03:00,229,0,2,50,3374,0,40000,3500,0,40000,0x07
2026-09-06T14:02:22.473-03:00,230,0,2,50,3374,0,40000,3500,0,40000,0x07
2026-09-06T14:02:22.491-03:00,231,0,2,51,3374,0,40000,3500,0,40000,0x07
2026-09-06T14:02:22.513-03:00,232,0,2,51,3374,0,40000,3500,0,40000,0x07
2026-09-06T14:02:22.533-03:00,233,0,2,51,3374,0,40000,3500,0,40000,0x07
2026-09-06T14:02:22.553-03:00,234,0,2,51,3374,0,40000,3500,0,40000,0x07
2026-09-06T14:02:22.571-03:00,235,0,2,51,3374,0,40000,3500,0,40000,0x07
2026-09-06T14:02:22.593-03:00,236,0,2,56,3374,0,40000,3500,0,40000,0x07
2026-09-06T14:02:22.613-03:00,237,0,2,56,3374,0,40000,3500,0,40000,0x07
2026-09-06T14:02:22.631-03:00,238,0,2,56,3374,0,40000,3500,0,40000,0x07
2026-09-06T14:02:22.654-03:00,239,0,2,52,3374,0,40000,3500,0,40000,0x07
2026-09-06T14:02:22.671-03:00,240,0,2,52,3374,0,40000,3500,0,40000,0x07
2026-09-06T14:02:22.693-03:00,241,0,2,52,3374,0,40000,3500,0,40000,0x07
2026-09-06T14:02:22.711-03:00,242,0,2,52,3374,0,40000,3500,0,40000,0x07
2026-09-06T14:02:22.734-03:00,243,0,2,52,3374,0,40000,3500,0,40000,0x07
2026-09-06T14:02:22.751-03:00,244,0,2,50,3374,40,40000,3500,0,40000,0x07
2026-09-06T14:02:22.774-03:00,245,0,2,50,3374,40,40000,3500,0,40000,0x07
2026-09-06T14:02:22.792-03:00,246,0,2,50,3374,40,40000,3500,0,40000,0x07
2026-09-06T14:02:22.810-03:00,247,0,2,53,3374,340,40000,3500,170,40000,0x07
2026-09-06T14:02:22.833-03:00,248,0,2,53,3374,340,40000,3500,170,40000,0x07
2026-09-06T14:02:22.855-03:00,249,0,2,54,3374,1481,40000,3500,1000,40000,0x07
2026-09-06T14:02:22.872-03:00,250,0,2,54,3374,1481,40000,3500,1000,40000,0x07
2026-09-06T14:02:22.890-03:00,251,0,2,54,3374,1481,40000,3500,1000,40000,0x07
2026-09-06T14:02:22.913-03:00,252,0,2,50,3374,3420,38431,3500,1700,40000,0x07
2026-09-06T14:02:22.931-03:00,253,0,2,50,3374,3420,38431,3500,1700,40000,0x07
2026-09-06T14:02:22.953-03:00,254,0,2,51,3374,3961,35603,3500,3137,39913,0x07
2026-09-06T14:02:22.970-03:00,255,0,2,51,3374,3961,35603,3500,3137,39913,0x07
2026-09-06T14:02:22.990-03:00,256,0,2,51,3374,3961,35603,3500,3137,39913,0x07
2026-09-06T14:02:23.012-03:00,257,0,2,50,3374,4140,34164,3500,3920,36124,0x07
2026-09-06T14:02:23.031-03:00,258,0,2,50,3374,4140,34164,3500,3920,36124,0x07
2026-09-06T14:02:23.054-03:00,259,0,2,50,3374,4140,34164,3500,3920,36124,0x07
2026-09-06T14:02:23.073-03:00,260,0,2,56,3374,3946,34419,3500,3839,36049,0x07
2026-09-06T14:02:23.094-03:00,261,0,2,56,3374,3946,34419,3500,3839,36049,0x07
2026-09-06T14:02:23.112-03:00,262,0,2,57,3374,3877,34205,3500,3772,35994,0x07
2026-09-06T14:02:23.153-03:00,263,0,2,57,3374,3877,34205,3500,3772,35994,0x07
2026-09-06T14:02:23.153-03:00,264,0,2,57,3374,3877,34205,3500,3772,35994,0x07
2026-09-06T14:02:23.170-03:00,265,0,2,59,3374,3797,34107,3500,3695,36069,0x07
2026-09-06T14:02:23.193-03:00,266,0,2,59,3374,3797,34107,3500,3695,36069,0x07
2026-09-06T14:02:23.211-03:00,267,0,2,59,3374,3797,34107,3500,3695,36069,0x07
2026-09-06T14:02:23.233-03:00,268,0,2,59,3374,3814,33575,3500,3678,35910,0x07
2026-09-06T14:02:23.250-03:00,269,0,2,59,3374,3814,33575,3500,3678,35910,0x07
2026-09-06T14:02:23.273-03:00,270,0,2,59,3374,3814,33575,3500,3678,35910,0x07
2026-09-06T14:02:23.293-03:00,271,0,2,51,3374,3804,33228,3500,3725,35455,0x07
2026-09-06T14:02:23.313-03:00,272,0,2,51,3374,3804,33228,3500,3725,35455,0x07
2026-09-06T14:02:23.332-03:00,273,0,2,50,3374,3720,33279,3500,3580,35985,0x07
2026-09-06T14:02:23.352-03:00,274,0,2,50,3374,3720,33279,3500,3580,35985,0x07
2026-09-06T14:02:23.370-03:00,275,0,2,50,3374,3720,33279,3500,3580,35985,0x07
2026-09-06T14:02:23.391-03:00,276,0,2,50,3374,3740,32870,3500,3700,35255,0x07
2026-09-06T14:02:23.414-03:00,277,0,2,50,3374,3740,32870,3500,3700,35255,0x07
2026-09-06T14:02:23.431-03:00,278,0,2,50,3374,3740,32870,3500,3700,35255,0x07
2026-09-06T14:02:23.454-03:00,279,0,2,56,3374,3625,33110,3500,3607,35518,0x07
2026-09-06T14:02:23.474-03:00,280,0,2,56,3374,3625,33110,3500,3607,35518,0x07
2026-09-06T14:02:23.492-03:00,281,0,2,52,3374,3750,32233,3500,3692,34936,0x07
2026-09-06T14:02:23.510-03:00,282,0,2,52,3374,3750,32233,3500,3692,34936,0x07
2026-09-06T14:02:23.553-03:00,283,0,2,52,3374,3750,32233,3500,3692,34936,0x07
2026-09-06T14:02:23.553-03:00,284,0,2,51,3374,3588,32727,3500,3647,34963,0x07
2026-09-06T14:02:23.571-03:00,285,0,2,51,3374,3588,32727,3500,3647,34963,0x07
2026-09-06T14:02:23.594-03:00,286,0,2,51,3374,3588,32727,3500,3647,34963,0x07
2026-09-06T14:02:23.611-03:00,287,0,2,56,3374,3589,32509,3500,3607,35001,0x07
2026-09-06T14:02:23.632-03:00,288,0,2,56,3374,3589,32509,3500,3607,35001,0x07
2026-09-06T14:02:23.651-03:00,289,0,2,55,3374,3582,32338,3500,3582,35009,0x07
2026-09-06T14:02:23.674-03:00,290,0,2,55,3374,3582,32338,3500,3582,35009,0x07
2026-09-06T14:02:23.694-03:00,291,0,2,55,3374,3582,32338,3500,3582,35009,0x07
2026-09-06T14:02:23.714-03:00,292,0,2,58,3374,3638,31829,3500,3690,34309,0x07
2026-09-06T14:02:23.732-03:00,293,0,2,58,3374,3638,31829,3500,3690,34309,0x07
2026-09-06T14:02:23.750-03:00,294,0,2,58,3374,3638,31829,3500,3690,34309,0x07
2026-09-06T14:02:23.774-03:00,295,0,2,50,3374,3540,32098,3500,3560,34794,0x07
2026-09-06T14:02:23.791-03:00,296,0,2,50,3374,3540,32098,3500,3560,34794,0x07
2026-09-06T14:02:23.815-03:00,297,0,2,61,3374,3525,32001,3500,3525,34911,0x07
2026-09-06T14:02:23.834-03:00,298,0,2,61,3374,3525,32001,3500,3525,34911,0x07
2026-09-06T14:02:23.852-03:00,299,0,2,61,3374,3525,32001,3500,3525,34911,0x07
2026-09-06T14:02:23.870-03:00,300,0,2,52,3374,3577,31592,3500,3654,34186,0x07
2026-09-06T14:02:23.893-03:00,301,0,2,52,3374,3577,31592,3500,3654,34186,0x07
2026-09-06T14:02:23.910-03:00,302,0,2,52,3374,3577,31592,3500,3654,34186,0x07
2026-09-06T14:02:23.930-03:00,303,0,2,55,3374,3545,31559,3500,3564,34493,0x07
2026-09-06T14:02:23.950-03:00,304,0,2,55,3374,3545,31559,3500,3564,34493,0x07
2026-09-06T14:02:23.973-03:00,305,0,2,55,3374,3545,31559,3500,3564,34493,0x07
2026-09-06T14:02:23.991-03:00,306,0,2,51,3374,3490,31689,3500,3510,34710,0x07
2026-09-06T14:02:24.011-03:00,307,0,2,51,3374,3490,31689,3500,3510,34710,0x07
2026-09-06T14:02:24.033-03:00,308,0,2,52,3374,3500,31531,3500,3538,34545,0x07
2026-09-06T14:02:24.051-03:00,309,0,2,52,3374,3500,31531,3500,3538,34545,0x07
2026-09-06T14:02:24.074-03:00,310,0,2,52,3374,3500,31531,3500,3538,34545,0x07
2026-09-06T14:02:24.093-03:00,311,0,2,50,3374,3480,31522,3500,3520,34601,0x07
2026-09-06T14:02:24.112-03:00,312,0,2,50,3374,3480,31522,3500,3520,34601,0x07
2026-09-06T14:02:24.134-03:00,313,0,2,51,3374,3490,31374,3500,3529,34528,0x07
2026-09-06T14:02:24.152-03:00,314,0,2,51,3374,3490,31374,3500,3529,34528,0x07
2026-09-06T14:02:24.190-03:00,315,0,2,51,3374,3490,31374,3500,3529,34528,0x07
2026-09-06T14:02:24.190-03:00,316,0,2,50,3374,3480,31323,3500,3540,34439,0x07
2026-09-06T14:02:24.212-03:00,317,0,2,50,3374,3480,31323,3500,3540,34439,0x07
2026-09-06T14:02:24.230-03:00,318,0,2,50,3374,3480,31323,3500,3540,34439,0x07
2026-09-06T14:02:24.253-03:00,319,0,2,54,3374,3481,31260,3500,3500,34609,0x07
2026-09-06T14:02:24.271-03:00,320,0,2,54,3374,3481,31260,3500,3500,34609,0x07
2026-09-06T14:02:24.293-03:00,321,0,2,53,3374,3491,31156,3500,3585,34149,0x07
2026-09-06T14:02:24.311-03:00,322,0,2,53,3374,3491,31156,3500,3585,34149,0x07
2026-09-06T14:02:24.334-03:00,323,0,2,53,3374,3491,31156,3500,3585,34149,0x07
2026-09-06T14:02:24.351-03:00,324,0,2,51,3374,3451,31300,3500,3490,34563,0x07
2026-09-06T14:02:24.371-03:00,325,0,2,51,3374,3451,31300,3500,3490,34563,0x07
2026-09-06T14:02:24.394-03:00,326,0,2,52,3374,3500,31018,3500,3519,34417,0x07
2026-09-06T14:02:24.412-03:00,327,0,2,52,3374,3500,31018,3500,3519,34417,0x07
2026-09-06T14:02:24.432-03:00,328,0,2,52,3374,3500,31018,3500,3519,34417,0x07
2026-09-06T14:02:24.450-03:00,329,0,2,51,3374,3431,31300,3500,3490,34552,0x07
2026-09-06T14:02:24.473-03:00,330,0,2,51,3374,3431,31300,3500,3490,34552,0x07
2026-09-06T14:02:24.491-03:00,331,0,2,51,3374,3431,31300,3500,3490,34552,0x07
2026-09-06T14:02:24.510-03:00,332,0,2,56,3374,3464,31111,3500,3446,34875,0x07
2026-09-06T14:02:24.533-03:00,333,0,2,56,3374,3464,31111,3500,3446,34875,0x07
2026-09-06T14:02:24.551-03:00,334,0,2,50,3374,3480,30990,3500,3540,34503,0x07
2026-09-06T14:02:24.574-03:00,335,0,2,50,3374,3480,30990,3500,3540,34503,0x07
2026-09-06T14:02:24.592-03:00,336,0,2,50,3374,3480,30990,3500,3540,34503,0x07
2026-09-06T14:02:24.614-03:00,337,0,2,51,3374,3431,31185,3500,3549,34478,0x07
2026-09-06T14:02:24.631-03:00,338,0,2,51,3374,3431,31185,3500,3549,34478,0x07
2026-09-06T14:02:24.653-03:00,339,0,2,51,3374,3431,31185,3500,3549,34478,0x07
2026-09-06T14:02:24.670-03:00,340,0,2,56,3374,3446,31087,3500,3464,34950,0x07
2026-09-06T14:02:24.693-03:00,341,0,2,56,3374,3446,31087,3500,3464,34950,0x07
2026-09-06T14:02:24.711-03:00,342,0,2,54,3374,3463,30932,3500,3574,34395,0x07
2026-09-06T14:02:24.734-03:00,343,0,2,54,3374,3463,30932,3500,3574,34395,0x07
2026-09-06T14:02:24.752-03:00,344,0,2,54,3374,3463,30932,3500,3574,34395,0x07
2026-09-06T14:02:24.775-03:00,345,0,2,58,3374,3397,31191,3500,3621,34043,0x07
2026-09-06T14:02:24.792-03:00,346,0,2,58,3374,3397,31191,3500,3621,34043,0x07
2026-09-06T14:02:24.810-03:00,347,0,2,58,3374,3397,31191,3500,3621,34043,0x07
2026-09-06T14:02:24.833-03:00,348,0,2,51,3374,3431,30991,3500,3549,34293,0x07
2026-09-06T14:02:24.850-03:00,349,0,2,51,3374,3431,30991,3500,3549,34293,0x07
2026-09-06T14:02:24.870-03:00,350,0,2,50,3374,3400,31101,3500,3540,34287,0x07
2026-09-06T14:02:24.893-03:00,351,0,2,50,3374,3400,31101,3500,3540,34287,0x07
2026-09-06T14:02:24.913-03:00,352,0,2,50,3374,3400,31101,3500,3540,34287,0x07
2026-09-06T14:02:24.933-03:00,353,0,2,50,3374,3440,30873,3500,3580,34029,0x07
2026-09-06T14:02:24.952-03:00,354,0,2,50,3374,3440,30873,3500,3580,34029,0x07
2026-09-06T14:02:24.970-03:00,355,0,2,52,3374,3462,30701,3500,3519,34265,0x07
2026-09-06T14:02:24.990-03:00,356,0,2,52,3374,3462,30701,3500,3519,34265,0x07
2026-09-06T14:02:25.013-03:00,357,0,2,52,3374,3462,30701,3500,3519,34265,0x07
2026-09-06T14:02:25.030-03:00,358,0,2,58,3374,3414,30863,3500,3534,34156,0x07
2026-09-06T14:02:25.053-03:00,359,0,2,58,3374,3414,30863,3500,3534,34156,0x07
2026-09-06T14:02:25.071-03:00,360,0,2,58,3374,3414,30863,3500,3534,34156,0x07
2026-09-06T14:02:25.093-03:00,361,0,2,51,3374,3373,31039,3500,3510,34250,0x07
2026-09-06T14:02:25.113-03:00,362,0,2,51,3374,3373,31039,3500,3510,34250,0x07
2026-09-06T14:02:25.131-03:00,363,0,2,51,3374,3373,31039,3500,3510,34250,0x07
2026-09-06T14:02:25.154-03:00,364,0,2,56,3374,3411,30841,3500,3482,34390,0x07
2026-09-06T14:02:25.171-03:00,365,0,2,56,3374,3411,30841,3500,3482,34390,0x07
2026-09-06T14:02:25.191-03:00,366,0,2,53,3374,3453,30588,3500,3566,33956,0x07
2026-09-06T14:02:25.211-03:00,367,0,2,53,3374,3453,30588,3500,3566,33956,0x07
2026-09-06T14:02:25.234-03:00,368,0,2,51,3374,3373,30930,3500,3510,34184,0x07
2026-09-06T14:02:25.250-03:00,369,0,2,51,3374,3373,30930,3500,3510,34184,0x07
2026-09-06T14:02:25.273-03:00,370,0,2,51,3374,3373,30930,3500,3510,34184,0x07
2026-09-06T14:02:25.291-03:00,371,0,2,54,3374,3407,30750,3500,3463,34427,0x07
2026-09-06T14:02:25.311-03:00,372,0,2,54,3374,3407,30750,3500,3463,34427,0x07
2026-09-06T14:02:25.334-03:00,373,0,2,54,3374,3407,30750,3500,3463,34427,0x07
2026-09-06T14:02:25.354-03:00,374,0,2,56,3374,3464,30419,3500,3571,33878,0x07
2026-09-06T14:02:25.371-03:00,375,0,2,56,3374,3464,30419,3500,3571,33878,0x07
2026-09-06T14:02:25.391-03:00,376,0,2,56,3374,3464,30419,3500,3571,33878,0x07
2026-09-06T14:02:25.414-03:00,377,0,2,51,3374,3373,30810,3500,3549,33919,0x07
2026-09-06T14:02:25.432-03:00,378,0,2,51,3374,3373,30810,3500,3549,33919,0x07
2026-09-06T14:02:25.451-03:00,379,0,2,51,3374,3373,30810,3500,3549,33919,0x07
2026-09-06T14:02:25.474-03:00,380,0,2,56,3374,3375,30799,3500,3482,34225,0x07
2026-09-06T14:02:25.514-03:00,381,0,2,56,3374,3375,30799,3500,3482,34225,0x07
2026-09-06T14:02:25.515-03:00,382,0,2,52,3374,3442,30450,3500,3577,33734,0x07
2026-09-06T14:02:25.532-03:00,383,0,2,52,3374,3442,30450,3500,3577,33734,0x07
2026-09-06T14:02:25.550-03:00,384,0,2,52,3374,3442,30450,3500,3577,33734,0x07
2026-09-06T14:02:25.570-03:00,385,0,2,50,3374,3420,30504,3500,3480,34168,0x07
2026-09-06T14:02:25.592-03:00,386,0,2,50,3374,3420,30504,3500,3480,34168,0x07
2026-09-06T14:02:25.614-03:00,387,0,2,50,3374,3420,30504,3500,3480,34168,0x07
2026-09-06T14:02:25.632-03:00,388,0,2,56,3374,3357,30788,3500,3464,34279,0x07
2026-09-06T14:02:25.650-03:00,389,0,2,56,3374,3357,30788,3500,3464,34279,0x07
2026-09-06T14:02:25.673-03:00,390,0,2,58,3374,3431,30415,3500,3569,33746,0x07
2026-09-06T14:02:25.690-03:00,391,0,2,58,3374,3431,30415,3500,3569,33746,0x07
2026-09-06T14:02:25.713-03:00,392,0,2,58,3374,3431,30415,3500,3569,33746,0x07
2026-09-06T14:02:25.731-03:00,393,0,2,58,3374,3414,30448,3500,3483,34134,0x07
2026-09-06T14:02:25.753-03:00,394,0,2,58,3374,3414,30448,3500,3483,34134,0x07
2026-09-06T14:02:25.773-03:00,395,0,2,58,3374,3414,30448,3500,3483,34134,0x07
2026-09-06T14:02:25.791-03:00,396,0,2,57,3374,3351,30738,3500,3491,34109,0x07
2026-09-06T14:02:25.813-03:00,397,0,2,57,3374,3351,30738,3500,3491,34109,0x07
2026-09-06T14:02:25.831-03:00,398,0,2,57,3374,3351,30738,3500,3491,34109,0x07
2026-09-06T14:02:25.854-03:00,399,0,2,51,3374,3353,30749,3500,3549,33809,0x07
2026-09-06T14:02:25.872-03:00,400,0,2,51,3374,3353,30749,3500,3549,33809,0x07
2026-09-06T14:02:25.891-03:00,401,0,2,50,3374,3380,30628,3500,3500,34017,0x07
2026-09-06T14:02:25.914-03:00,402,0,2,50,3374,3380,30628,3500,3500,34017,0x07
2026-09-06T14:02:25.932-03:00,403,0,2,50,3374,3380,30628,3500,3500,34017,0x07
2026-09-06T14:02:25.954-03:00,404,0,2,50,3374,3380,30623,3500,3540,33803,0x07
2026-09-06T14:02:25.972-03:00,405,0,2,50,3374,3380,30623,3500,3540,33803,0x07
2026-09-06T14:02:25.990-03:00,406,0,2,52,3374,3423,30395,3500,3519,33869,0x07
2026-09-06T14:02:26.013-03:00,407,0,2,52,3374,3423,30395,3500,3519,33869,0x07
2026-09-06T14:02:26.032-03:00,408,0,2,52,3374,3423,30395,3500,3519,33869,0x07
2026-09-06T14:02:26.052-03:00,409,0,2,57,3374,3386,30540,3500,3474,34096,0x07
2026-09-06T14:02:26.070-03:00,410,0,2,57,3374,3386,30540,3500,3474,34096,0x07
2026-09-06T14:02:26.093-03:00,411,0,2,57,3374,3386,30540,3500,3474,34096,0x07
2026-09-06T14:02:26.110-03:00,412,0,2,51,3374,3314,30902,3500,3451,34247,0x07
2026-09-06T14:02:26.132-03:00,413,0,2,51,3374,3314,30902,3500,3451,34247,0x07
2026-09-06T14:02:26.150-03:00,414,0,2,52,3374,3404,30491,3500,3558,33728,0x07
2026-09-06T14:02:26.172-03:00,415,0,2,52,3374,3404,30491,3500,3558,33728,0x07
2026-09-06T14:02:26.190-03:00,416,0,2,52,3374,3404,30491,3500,3558,33728,0x07
2026-09-06T14:02:26.212-03:00,417,0,2,57,3374,3368,30648,3500,3474,34118,0x07
2026-09-06T14:02:26.235-03:00,418,0,2,57,3374,3368,30648,3500,3474,34118,0x07
2026-09-06T14:02:26.251-03:00,419,0,2,57,3374,3368,30648,3500,3474,34118,0x07
2026-09-06T14:02:26.271-03:00,420,0,2,51,3374,3333,30833,3500,3471,34164,0x07
2026-09-06T14:02:26.294-03:00,421,0,2,51,3374,3333,30833,3500,3471,34164,0x07
2026-09-06T14:02:26.312-03:00,422,0,2,50,3374,3340,30835,3500,3480,34146,0x07
2026-09-06T14:02:26.330-03:00,423,0,2,50,3374,3340,30835,3500,3480,34146,0x07
2026-09-06T14:02:26.350-03:00,424,0,2,50,3374,3340,30835,3500,3480,34146,0x07
2026-09-06T14:02:26.371-03:00,425,0,2,51,3374,3451,30294,3500,3549,33798,0x07
2026-09-06T14:02:26.394-03:00,426,0,2,51,3374,3451,30294,3500,3549,33798,0x07
2026-09-06T14:02:26.412-03:00,427,0,2,50,3374,3360,30693,3500,3460,34220,0x07
2026-09-06T14:02:26.435-03:00,428,0,2,50,3374,3360,30693,3500,3460,34220,0x07
2026-09-06T14:02:26.452-03:00,429,0,2,50,3374,3360,30693,3500,3460,34220,0x07
2026-09-06T14:02:26.471-03:00,430,0,2,50,3374,3380,30603,3500,3520,33943,0x07
2026-09-06T14:02:26.491-03:00,431,0,2,50,3374,3380,30603,3500,3520,33943,0x07
2026-09-06T14:02:26.514-03:00,432,0,2,51,3374,3431,30333,3500,3549,33765,0x07
2026-09-06T14:02:26.532-03:00,433,0,2,51,3374,3431,30333,3500,3549,33765,0x07
2026-09-06T14:02:26.554-03:00,434,0,2,51,3374,3431,30333,3500,3549,33765,0x07
2026-09-06T14:02:26.572-03:00,435,0,2,50,3374,3400,30443,3500,3540,33759,0x07
2026-09-06T14:02:26.590-03:00,436,0,2,50,3374,3400,30443,3500,3540,33759,0x07
2026-09-06T14:02:26.610-03:00,437,0,2,51,3374,3353,30662,3500,3451,34192,0x07
2026-09-06T14:02:26.632-03:00,438,0,2,51,3374,3353,30662,3500,3451,34192,0x07
2026-09-06T14:02:26.654-03:00,439,0,2,51,3374,3353,30662,3500,3451,34192,0x07
2026-09-06T14:02:26.672-03:00,440,0,2,56,3374,3411,30380,3500,3536,33788,0x07
2026-09-06T14:02:26.690-03:00,441,0,2,56,3374,3411,30380,3500,3536,33788,0x07
2026-09-06T14:02:26.715-03:00,442,0,2,51,3374,3333,30746,3500,3490,33993,0x07
2026-09-06T14:02:26.734-03:00,443,0,2,51,3374,3333,30746,3500,3490,33993,0x07
2026-09-06T14:02:26.752-03:00,444,0,2,51,3374,3333,30746,3500,3490,33993,0x07
2026-09-06T14:02:26.770-03:00,445,0,2,53,3374,3377,30555,3500,3528,33798,0x07
2026-09-06T14:02:26.793-03:00,446,0,2,53,3374,3377,30555,3500,3528,33798,0x07
2026-09-06T14:02:26.810-03:00,447,0,2,53,3374,3377,30555,3500,3528,33798,0x07
2026-09-06T14:02:26.833-03:00,448,0,2,56,3374,3393,30471,3500,3536,33722,0x07
2026-09-06T14:02:26.853-03:00,449,0,2,56,3374,3393,30471,3500,3536,33722,0x07
2026-09-06T14:02:26.871-03:00,450,0,2,56,3374,3393,30471,3500,3536,33722,0x07
2026-09-06T14:02:26.891-03:00,451,0,2,51,3374,3353,30659,3500,3529,33716,0x07
2026-09-06T14:02:26.914-03:00,452,0,2,51,3374,3353,30659,3500,3529,33716,0x07
2026-09-06T14:02:26.931-03:00,453,0,2,50,3374,3340,30745,3500,3440,34162,0x07
2026-09-06T14:02:26.954-03:00,454,0,2,50,3374,3340,30745,3500,3440,34162,0x07
2026-09-06T14:02:26.973-03:00,455,0,2,50,3374,3340,30745,3500,3440,34162,0x07
2026-09-06T14:02:26.991-03:00,456,0,2,51,3374,3431,30304,3500,3588,33433,0x07
2026-09-06T14:02:27.014-03:00,457,0,2,51,3374,3431,30304,3500,3588,33433,0x07
2026-09-06T14:02:27.032-03:00,458,0,2,52,3374,3385,30493,3500,3500,33808,0x07
2026-09-06T14:02:27.054-03:00,459,0,2,52,3374,3385,30493,3500,3500,33808,0x07
2026-09-06T14:02:27.073-03:00,460,0,2,52,3374,3385,30493,3500,3500,33808,0x07
2026-09-06T14:02:27.091-03:00,461,0,2,57,3374,3368,30568,3500,3474,33953,0x07
2026-09-06T14:02:27.114-03:00,462,0,2,57,3374,3368,30568,3500,3474,33953,0x07
2026-09-06T14:02:27.131-03:00,463,0,2,57,3374,3368,30568,3500,3474,33953,0x07
2026-09-06T14:02:27.153-03:00,464,0,2,51,3374,3353,30653,3500,3510,33788,0x07
2026-09-06T14:02:27.173-03:00,465,0,2,51,3374,3353,30653,3500,3510,33788,0x07
2026-09-06T14:02:27.193-03:00,466,0,2,51,3374,3353,30653,3500,3510,33788,0x07
2026-09-06T14:02:27.211-03:00,467,0,2,56,3374,3357,30651,3500,3464,34026,0x07
2026-09-06T14:02:27.233-03:00,468,0,2,56,3374,3357,30651,3500,3464,34026,0x07
2026-09-06T14:02:27.251-03:00,469,0,2,55,3374,3418,30349,3500,3527,33725,0x07
2026-09-06T14:02:27.274-03:00,470,0,2,55,3374,3418,30349,3500,3527,33725,0x07
2026-09-06T14:02:27.294-03:00,471,0,2,55,3374,3418,30349,3500,3527,33725,0x07
2026-09-06T14:02:27.311-03:00,472,0,2,58,3374,3362,30600,3500,3534,33650,0x07
2026-09-06T14:02:27.334-03:00,473,0,2,58,3374,3362,30600,3500,3534,33650,0x07
2026-09-06T14:02:27.352-03:00,474,0,2,58,3374,3362,30600,3500,3534,33650,0x07
2026-09-06T14:02:27.370-03:00,475,0,2,51,3374,3412,30354,3500,3529,33639,0x07
2026-09-06T14:02:27.393-03:00,476,0,2,51,3374,3412,30354,3500,3529,33639,0x07
2026-09-06T14:02:27.410-03:00,477,0,2,50,3374,3360,30587,3500,3420,34192,0x07
2026-09-06T14:02:27.433-03:00,478,0,2,50,3374,3360,30587,3500,3420,34192,0x07
2026-09-06T14:02:27.451-03:00,479,0,2,50,3374,3360,30587,3500,3420,34192,0x07
2026-09-06T14:02:27.474-03:00,480,0,2,50,3374,3380,30497,3500,3580,33424,0x07
2026-09-06T14:02:27.492-03:00,481,0,2,50,3374,3380,30497,3500,3580,33424,0x07
2026-09-06T14:02:27.510-03:00,482,0,2,50,3374,3400,30389,3500,3480,33871,0x07
2026-09-06T14:02:27.532-03:00,483,0,2,50,3374,3400,30389,3500,3480,33871,0x07
2026-09-06T14:02:27.552-03:00,484,0,2,50,3374,3400,30389,3500,3480,33871,0x07
2026-09-06T14:02:27.570-03:00,485,0,2,57,3374,3439,30159,3500,3526,33641,0x07
2026-09-06T14:02:27.593-03:00,486,0,2,57,3374,3439,30159,3500,3526,33641,0x07
2026-09-06T14:02:27.611-03:00,487,0,2,57,3374,3439,30159,3500,3526,33641,0x07
2026-09-06T14:02:27.633-03:00,488,0,2,51,3374,3373,30441,3500,3549,33490,0x07
2026-09-06T14:02:27.653-03:00,489,0,2,51,3374,3373,30441,3500,3549,33490,0x07
2026-09-06T14:02:27.671-03:00,490,0,2,52,3374,3404,30281,3500,3519,33594,0x07
2026-09-06T14:02:27.692-03:00,491,0,2,52,3374,3404,30281,3500,3519,33594,0x07
2026-09-06T14:02:27.710-03:00,492,0,2,52,3374,3404,30281,3500,3519,33594,0x07
2026-09-06T14:02:27.733-03:00,493,0,2,58,3374,3379,30380,3500,3517,33581,0x07
2026-09-06T14:02:27.751-03:00,494,0,2,58,3374,3379,30380,3500,3517,33581,0x07
2026-09-06T14:02:27.774-03:00,495,0,2,58,3374,3379,30380,3500,3517,33581,0x07
2026-09-06T14:02:27.792-03:00,496,0,2,50,3374,3360,30474,3500,3520,33547,0x07
2026-09-06T14:02:27.835-03:00,497,0,2,50,3374,3360,30474,3500,3520,33547,0x07
2026-09-06T14:02:27.878-03:00,498,0,2,54,3374,3352,30530,3500,3463,33833,0x07
2026-09-06T14:02:27.918-03:00,499,0,2,54,3374,3352,30530,3500,3463,33833,0x07
2026-09-06T14:02:27.962-03:00,500,0,2,51,3374,3353,30544,3500,3451,33939,0x07
2026-09-06T14:02:28.005-03:00,501,0,2,52,0,0,0,0,0,0,0x03
