timestamp,sequence,team,robot_id,interval_ms,left_target_eps,left_measured_eps,left_duty,right_target_eps,right_measured_eps,right_duty,flags
2026-09-06T13:40:38.574-03:00,438,0,0,52,0,0,0,0,0,0,0x03
2026-09-06T13:40:38.598-03:00,438,0,0,51,0,0,0,0,0,0,0x03
2026-09-06T13:40:38.617-03:00,1,0,0,55,3374,0,40000,3500,0,40000,0x07
2026-09-06T13:40:38.635-03:00,2,0,0,55,3374,0,40000,3500,0,40000,0x07
2026-09-06T13:40:38.658-03:00,3,0,0,55,3374,0,40000,3500,0,40000,0x07
2026-09-06T13:40:38.676-03:00,4,0,0,51,3374,0,40000,3500,0,40000,0x07
2026-09-06T13:40:38.694-03:00,5,0,0,51,3374,0,40000,3500,0,40000,0x07
2026-09-06T13:40:38.716-03:00,6,0,0,51,3374,0,40000,3500,0,40000,0x07
2026-09-06T13:40:38.736-03:00,7,0,0,51,3374,0,40000,3500,0,40000,0x07
2026-09-06T13:40:38.754-03:00,8,0,0,51,3374,0,40000,3500,0,40000,0x07
2026-09-06T13:40:38.774-03:00,9,0,0,51,3374,0,40000,3500,0,40000,0x07
2026-09-06T13:40:38.797-03:00,10,0,0,51,3374,0,40000,3500,0,40000,0x07
2026-09-06T13:40:38.817-03:00,11,0,0,51,3374,0,40000,3500,0,40000,0x07
2026-09-06T13:40:38.835-03:00,12,0,0,52,3374,0,40000,3500,0,40000,0x07
2026-09-06T13:40:38.854-03:00,13,0,0,52,3374,0,40000,3500,0,40000,0x07
2026-09-06T13:40:38.876-03:00,14,0,0,56,3374,0,40000,3500,0,40000,0x07
2026-09-06T13:40:38.897-03:00,15,0,0,56,3374,0,40000,3500,0,40000,0x07
2026-09-06T13:40:38.914-03:00,16,0,0,56,3374,0,40000,3500,0,40000,0x07
2026-09-06T13:40:38.934-03:00,17,0,0,50,3374,0,40000,3500,0,40000,0x07
2026-09-06T13:40:38.959-03:00,18,0,0,50,3374,0,40000,3500,0,40000,0x07
2026-09-06T13:40:38.977-03:00,19,0,0,50,3374,0,40000,3500,0,40000,0x07
2026-09-06T13:40:38.995-03:00,20,0,0,51,3374,0,40000,3500,0,40000,0x07
2026-09-06T13:40:39.015-03:00,21,0,0,51,3374,0,40000,3500,0,40000,0x07
2026-09-06T13:40:39.036-03:00,22,0,0,51,3374,0,40000,3500,0,40000,0x07
2026-09-06T13:40:39.056-03:00,23,0,0,51,3374,0,40000,3500,0,40000,0x07
2026-09-06T13:40:39.074-03:00,24,0,0,51,3374,0,40000,3500,0,40000,0x07
2026-09-06T13:40:39.098-03:00,25,0,0,54,3374,0,40000,3500,0,40000,0x07
2026-09-06T13:40:39.116-03:00,26,0,0,54,3374,0,40000,3500,0,40000,0x07
2026-09-06T13:40:39.139-03:00,27,0,0,51,3374,0,40000,3500,0,40000,0x07
2026-09-06T13:40:39.157-03:00,28,0,0,51,3374,0,40000,3500,0,40000,0x07
2026-09-06T13:40:39.174-03:00,29,0,0,51,3374,0,40000,3500,0,40000,0x07
2026-09-06T13:40:39.197-03:00,30,0,0,52,3374,0,40000,3500,0,40000,0x07
2026-09-06T13:40:39.215-03:00,31,0,0,52,3374,0,40000,3500,0,40000,0x07
2026-09-06T13:40:39.238-03:00,32,0,0,50,3374,0,40000,3500,0,40000,0x07
2026-09-06T13:40:39.275-03:00,33,0,0,50,3374,0,40000,3500,0,40000,0x07
2026-09-06T13:40:39.297-03:00,34,0,0,50,3374,0,40000,3500,0,40000,0x07
2026-09-06T13:40:39.315-03:00,35,0,0,52,3374,0,40000,3500,0,40000,0x07
2026-09-06T13:40:39.338-03:00,36,0,0,52,3374,0,40000,3500,0,40000,0x07
2026-09-06T13:40:39.356-03:00,37,0,0,52,3374,0,40000,3500,0,40000,0x07
2026-09-06T13:40:39.376-03:00,38,0,0,52,3374,0,40000,3500,0,40000,0x07
2026-09-06T13:40:39.396-03:00,39,0,0,52,3374,0,40000,3500,0,40000,0x07
2026-09-06T13:40:39.414-03:00,40,0,0,52,3374,0,40000,3500,0,40000,0x07
2026-09-06T13:40:39.436-03:00,41,0,0,52,3374,0,40000,3500,0,40000,0x07
2026-09-06T13:40:39.454-03:00,42,0,0,51,3374,0,40000,3500,0,40000,0x07
2026-09-06T13:40:39.477-03:00,43,0,0,51,3374,0,40000,3500,0,40000,0x07
2026-09-06T13:40:39.495-03:00,44,0,0,53,3374,0,40000,3500,0,40000,0x07
2026-09-06T13:40:39.518-03:00,45,0,0,53,3374,0,40000,3500,0,40000,0x07
2026-09-06T13:40:39.539-03:00,46,0,0,53,3374,0,40000,3500,0,40000,0x07
2026-09-06T13:40:39.557-03:00,47,0,0,51,3374,0,40000,3500,0,40000,0x07
2026-09-06T13:40:39.575-03:00,48,0,0,51,3374,0,40000,3500,0,40000,0x07
2026-09-06T13:40:39.598-03:00,49,0,0,51,3374,0,40000,3500,0,40000,0x07
2026-09-06T13:40:39.616-03:00,50,0,0,51,3374,0,40000,3500,0,40000,0x07
2026-09-06T13:40:39.636-03:00,51,0,0,51,3374,0,40000,3500,0,40000,0x07
2026-09-06T13:40:39.658-03:00,52,0,0,51,3374,0,40000,3500,0,40000,0x07
2026-09-06T13:40:39.676-03:00,53,0,0,51,3374,0,40000,3500,0,40000,0x07
2026-09-06T13:40:39.694-03:00,54,0,0,51,3374,0,40000,3500,0,40000,0x07
2026-09-06T13:40:39.714-03:00,55,0,0,51,3374,0,40000,3500,0,40000,0x07
2026-09-06T13:40:39.736-03:00,56,0,0,51,3374,0,40000,3500,0,40000,0x07
2026-09-06T13:40:39.754-03:00,57,0,0,54,3374,0,40000,3500,0,40000,0x07
2026-09-06T13:40:39.777-03:00,58,0,0,54,3374,0,40000,3500,0,40000,0x07
2026-09-06T13:40:39.794-03:00,59,0,0,54,3374,0,40000,3500,0,40000,0x07
2026-09-06T13:40:39.818-03:00,60,0,0,52,3374,0,40000,3500,0,40000,0x07
2026-09-06T13:40:39.836-03:00,61,0,0,52,3374,0,40000,3500,0,40000,0x07
2026-09-06T13:40:39.857-03:00,62,0,0,52,3374,0,40000,3500,0,40000,0x07
2026-09-06T13:40:39.876-03:00,63,0,0,53,3374,0,40000,3500,0,40000,0x07
2026-09-06T13:40:39.896-03:00,64,0,0,53,3374,0,40000,3500,0,40000,0x07
2026-09-06T13:40:39.914-03:00,65,0,0,50,3374,0,40000,3500,0,40000,0x07
2026-09-06T13:40:39.936-03:00,66,0,0,50,3374,0,40000,3500,0,40000,0x07
2026-09-06T13:40:39.956-03:00,67,0,0,50,3374,0,40000,3500,0,40000,0x07
2026-09-06T13:40:39.974-03:00,68,0,0,54,3374,0,40000,3500,0,40000,0x07
2026-09-06T13:40:39.997-03:00,69,0,0,54,3374,0,40000,3500,0,40000,0x07
2026-09-06T13:40:40.015-03:00,70,0,0,54,3374,0,40000,3500,0,40000,0x07
2026-09-06T13:40:40.038-03:00,71,0,0,54,3374,0,40000,3500,0,40000,0x07
2026-09-06T13:40:40.056-03:00,72,0,0,54,3374,0,40000,3500,0,40000,0x07
2026-09-06T13:40:40.074-03:00,73,0,0,52,3374,0,40000,3500,0,40000,0x07
2026-09-06T13:40:40.097-03:00,74,0,0,52,3374,0,40000,3500,0,40000,0x07
2026-09-06T13:40:40.117-03:00,75,0,0,52,3374,0,40000,3500,0,40000,0x07
2026-09-06T13:40:40.135-03:00,76,0,0,52,3374,0,40000,3500,0,40000,0x07
2026-09-06T13:40:40.158-03:00,77,0,0,52,3374,0,40000,3500,0,40000,0x07
2026-09-06T13:40:40.176-03:00,78,0,0,51,3374,0,40000,3500,0,40000,0x07
2026-09-06T13:40:40.194-03:00,79,0,0,51,3374,0,40000,3500,0,40000,0x07
2026-09-06T13:40:40.217-03:00,80,0,0,51,3374,0,40000,3500,0,40000,0x07
2026-09-06T13:40:40.235-03:00,81,0,0,52,3374,0,40000,3500,0,40000,0x07
2026-09-06T13:40:40.258-03:00,82,0,0,52,3374,0,40000,3500,0,40000,0x07
2026-09-06T13:40:40.278-03:00,83,0,0,55,3374,0,40000,3500,0,40000,0x07
2026-09-06T13:40:40.298-03:00,84,0,0,55,3374,0,40000,3500,0,40000,0x07
2026-09-06T13:40:40.316-03:00,85,0,0,55,3374,0,40000,3500,0,40000,0x07
2026-09-06T13:40:40.334-03:00,86,0,0,51,3374,0,40000,3500,0,40000,0x07
2026-09-06T13:40:40.358-03:00,87,0,0,51,3374,0,40000,3500,0,40000,0x07
2026-09-06T13:40:40.375-03:00,88,0,0,51,3374,0,40000,3500,0,40000,0x07
2026-09-06T13:40:40.394-03:00,89,0,0,51,3374,0,40000,3500,0,40000,0x07
2026-09-06T13:40:40.417-03:00,90,0,0,51,3374,0,40000,3500,0,40000,0x07
2026-09-06T13:40:40.435-03:00,91,0,0,55,3374,0,40000,3500,0,40000,0x07
2026-09-06T13:40:40.454-03:00,92,0,0,55,3374,0,40000,3500,0,40000,0x07
2026-09-06T13:40:40.474-03:00,93,0,0,55,3374,0,40000,3500,0,40000,0x07
2026-09-06T13:40:40.494-03:00,94,0,0,50,3374,0,40000,3500,0,40000,0x07
2026-09-06T13:40:40.519-03:00,95,0,0,50,3374,0,40000,3500,0,40000,0x07
2026-09-06T13:40:40.536-03:00,96,0,0,50,3374,0,40000,3500,0,40000,0x07
2026-09-06T13:40:40.557-03:00,97,0,0,50,3374,0,40000,3500,0,40000,0x07
2026-09-06T13:40:40.577-03:00,98,0,0,50,3374,0,40000,3500,0,40000,0x07
2026-09-06T13:40:40.595-03:00,99,0,0,50,3374,0,40000,3500,0,40000,0x07
2026-09-06T13:40:40.615-03:00,100,0,0,50,3374,0,40000,3500,0,40000,0x07
2026-09-06T13:40:40.638-03:00,101,0,0,52,3374,0,40000,3500,0,40000,0x07
2026-09-06T13:40:40.656-03:00,102,0,0,52,3374,0,40000,3500,0,40000,0x07
2026-09-06T13:40:40.679-03:00,103,0,0,52,3374,0,40000,3500,0,40000,0x07
2026-09-06T13:40:40.697-03:00,104,0,0,52,3374,0,40000,3500,0,40000,0x07
2026-09-06T13:40:40.715-03:00,105,0,0,52,3374,0,40000,3500,0,40000,0x07
2026-09-06T13:40:40.734-03:00,106,0,0,50,3374,0,40000,3500,0,40000,0x07
2026-09-06T13:40:40.757-03:00,107,0,0,50,3374,0,40000,3500,0,40000,0x07
2026-09-06T13:40:40.777-03:00,108,0,0,50,3374,0,40000,3500,0,40000,0x07
2026-09-06T13:40:40.795-03:00,109,0,0,56,3374,0,40000,3500,0,40000,0x07
2026-09-06T13:40:40.818-03:00,110,0,0,56,3374,0,40000,3500,0,40000,0x07
2026-09-06T13:40:40.836-03:00,111,0,0,56,3374,0,40000,3500,0,40000,0x07
2026-09-06T13:40:40.854-03:00,112,0,0,51,3374,0,40000,3500,0,40000,0x07
2026-09-06T13:40:40.877-03:00,113,0,0,51,3374,0,40000,3500,0,40000,0x07
2026-09-06T13:40:40.894-03:00,114,0,0,51,3374,0,40000,3500,0,40000,0x07
2026-09-06T13:40:40.914-03:00,115,0,0,54,3374,0,40000,3500,0,40000,0x07
2026-09-06T13:40:40.936-03:00,116,0,0,54,3374,0,40000,3500,0,40000,0x07
2026-09-06T13:40:40.954-03:00,117,0,0,54,3374,0,40000,3500,0,40000,0x07
2026-09-06T13:40:40.977-03:00,118,0,0,54,3374,0,40000,3500,0,40000,0x07
2026-09-06T13:40:40.995-03:00,119,0,0,54,3374,0,40000,3500,0,40000,0x07
2026-09-06T13:40:41.018-03:00,120,0,0,50,3374,0,40000,3500,0,40000,0x07
2026-09-06T13:40:41.036-03:00,121,0,0,50,3374,0,40000,3500,0,40000,0x07
2026-09-06T13:40:41.054-03:00,122,0,0,52,3374,0,40000,3500,0,40000,0x07
2026-09-06T13:40:41.077-03:00,123,0,0,52,3374,0,40000,3500,0,40000,0x07
2026-09-06T13:40:41.098-03:00,124,0,0,52,3374,0,40000,3500,0,40000,0x07
2026-09-06T13:40:41.115-03:00,125,0,0,51,3374,0,40000,3500,0,40000,0x07
2026-09-06T13:40:41.138-03:00,126,0,0,51,3374,0,40000,3500,0,40000,0x07
2026-09-06T13:40:41.156-03:00,127,0,0,50,3374,0,40000,3500,0,40000,0x07
2026-09-06T13:40:41.174-03:00,128,0,0,50,3374,0,40000,3500,0,40000,0x07
2026-09-06T13:40:41.194-03:00,129,0,0,50,3374,0,40000,3500,0,40000,0x07
2026-09-06T13:40:41.217-03:00,130,0,0,51,3374,0,40000,3500,0,40000,0x07
2026-09-06T13:40:41.235-03:00,131,0,0,51,3374,0,40000,3500,0,40000,0x07
2026-09-06T13:40:41.258-03:00,132,0,0,51,3374,0,40000,3500,0,40000,0x07
2026-09-06T13:40:41.276-03:00,133,0,0,52,3374,0,40000,3500,0,40000,0x07
2026-09-06T13:40:41.299-03:00,134,0,0,52,3374,0,40000,3500,0,40000,0x07
2026-09-06T13:40:41.337-03:00,135,0,0,50,3374,0,40000,3500,0,40000,0x07
2026-09-06T13:40:41.337-03:00,136,0,0,50,3374,0,40000,3500,0,40000,0x07
2026-09-06T13:40:41.357-03:00,137,0,0,50,3374,0,40000,3500,0,40000,0x07
2026-09-06T13:40:41.375-03:00,138,0,0,50,3374,0,40000,3500,0,40000,0x07
2026-09-06T13:40:41.398-03:00,139,0,0,50,3374,0,40000,3500,0,40000,0x07
2026-09-06T13:40:41.416-03:00,140,0,0,56,3374,0,40000,3500,0,40000,0x07
2026-09-06T13:40:41.434-03:00,141,0,0,56,3374,0,40000,3500,0,40000,0x07
2026-09-06T13:40:41.457-03:00,142,0,0,56,3374,0,40000,3500,0,40000,0x07
2026-09-06T13:40:41.475-03:00,143,0,0,50,3374,0,40000,3500,0,40000,0x07
2026-09-06T13:40:41.498-03:00,144,0,0,50,3374,0,40000,3500,0,40000,0x07
2026-09-06T13:40:41.518-03:00,145,0,0,52,3374,0,40000,3500,0,40000,0x07
2026-09-06T13:40:41.536-03:00,146,0,0,52,3374,0,40000,3500,0,40000,0x07
2026-09-06T13:40:41.556-03:00,147,0,0,52,3374,0,40000,3500,0,40000,0x07
2026-09-06T13:40:41.578-03:00,148,0,0,51,3374,0,40000,3500,0,40000,0x07
2026-09-06T13:40:41.598-03:00,149,0,0,51,3374,0,40000,3500,0,40000,0x07
2026-09-06T13:40:41.615-03:00,150,0,0,51,3374,0,40000,3500,0,40000,0x07
2026-09-06T13:40:41.638-03:00,151,0,0,52,3374,0,40000,3500,0,40000,0x07
2026-09-06T13:40:41.655-03:00,152,0,0,52,3374,0,40000,3500,0,40000,0x07
2026-09-06T13:40:41.675-03:00,153,0,0,55,3374,0,40000,3500,0,40000,0x07
2026-09-06T13:40:41.698-03:00,154,0,0,55,3374,0,40000,3500,0,40000,0x07
2026-09-06T13:40:41.716-03:00,155,0,0,55,3374,0,40000,3500,0,40000,0x07
2026-09-06T13:40:41.734-03:00,156,0,0,51,3374,0,40000,3500,0,40000,0x07
2026-09-06T13:40:41.757-03:00,157,0,0,51,3374,0,40000,3500,0,40000,0x07
2026-09-06T13:40:41.775-03:00,158,0,0,51,3374,0,40000,3500,0,40000,0x07
2026-09-06T13:40:41.795-03:00,159,0,0,53,3374,0,40000,3500,0,40000,0x07
2026-09-06T13:40:41.815-03:00,160,0,0,53,3374,0,40000,3500,0,40000,0x07
2026-09-06T13:40:41.839-03:00,161,0,0,55,3374,0,40000,3500,0,40000,0x07
2026-09-06T13:40:41.856-03:00,162,0,0,55,3374,0,40000,3500,0,40000,0x07
2026-09-06T13:40:41.878-03:00,163,0,0,55,3374,0,40000,3500,0,40000,0x07
2026-09-06T13:40:41.896-03:00,164,0,0,51,3374,0,40000,3500,0,40000,0x07
2026-09-06T13:40:41.914-03:00,165,0,0,51,3374,0,40000,3500,0,40000,0x07
2026-09-06T13:40:41.937-03:00,166,0,0,52,3374,0,40000,3500,0,40000,0x07
2026-09-06T13:40:41.957-03:00,167,0,0,52,3374,0,40000,3500,0,40000,0x07
2026-09-06T13:40:41.975-03:00,168,0,0,52,3374,0,40000,3500,0,40000,0x07
2026-09-06T13:40:41.998-03:00,169,0,0,50,3374,0,40000,3500,0,40000,0x07
2026-09-06T13:40:42.016-03:00,170,0,0,50,3374,0,40000,3500,0,40000,0x07
2026-09-06T13:40:42.034-03:00,171,0,0,50,3374,0,40000,3500,0,40000,0x07
2026-09-06T13:40:42.054-03:00,172,0,0,53,3374,0,40000,3500,0,40000,0x07
2026-09-06T13:40:42.074-03:00,173,0,0,53,3374,0,40000,3500,0,40000,0x07
2026-09-06T13:40:42.098-03:00,174,0,0,54,3374,0,40000,3500,0,40000,0x07
2026-09-06T13:40:42.116-03:00,175,0,0,54,3374,0,40000,3500,0,40000,0x07
2026-09-06T13:40:42.137-03:00,176,0,0,54,3374,0,40000,3500,0,40000,0x07
2026-09-06T13:40:42.155-03:00,177,0,0,51,3374,0,40000,3500,0,40000,0x07
2026-09-06T13:40:42.178-03:00,178,0,0,51,3374,0,40000,3500,0,40000,0x07
2026-09-06T13:40:42.197-03:00,179,0,0,50,3374,0,40000,3500,0,40000,0x07
2026-09-06T13:40:42.215-03:00,180,0,0,50,3374,0,40000,3500,0,40000,0x07
2026-09-06T13:40:42.238-03:00,181,0,0,50,3374,0,40000,3500,0,40000,0x07
2026-09-06T13:40:42.255-03:00,182,0,0,52,3374,0,40000,3500,0,40000,0x07
2026-09-06T13:40:42.278-03:00,183,0,0,52,3374,0,40000,3500,0,40000,0x07
2026-09-06T13:40:42.296-03:00,184,0,0,52,3374,0,40000,3500,0,40000,0x07
2026-09-06T13:40:42.314-03:00,185,0,0,53,3374,0,40000,3500,0,40000,0x07
2026-09-06T13:40:42.334-03:00,186,0,0,53,3374,0,40000,3500,0,40000,0x07
2026-09-06T13:40:42.357-03:00,187,0,0,55,3374,0,40000,3500,0,40000,0x07
2026-09-06T13:40:42.375-03:00,188,0,0,55,3374,0,40000,3500,0,40000,0x07
2026-09-06T13:40:42.395-03:00,189,0,0,55,3374,0,40000,3500,0,40000,0x07
2026-09-06T13:40:42.418-03:00,190,0,0,51,3374,0,40000,3500,0,40000,0x07
2026-09-06T13:40:42.438-03:00,191,0,0,51,3374,0,40000,3500,0,40000,0x07
2026-09-06T13:40:42.456-03:00,192,0,0,51,3374,0,40000,3500,0,40000,0x07
2026-09-06T13:40:42.474-03:00,193,0,0,53,3374,0,40000,3500,0,40000,0x07
2026-09-06T13:40:42.498-03:00,194,0,0,53,3374,0,40000,3500,0,40000,0x07
2026-09-06T13:40:42.516-03:00,195,0,0,64,3374,0,40000,3500,0,40000,0x07
2026-09-06T13:40:42.534-03:00,196,0,0,64,3374,0,40000,3500,0,40000,0x07
2026-09-06T13:40:42.556-03:00,197,0,0,64,3374,0,40000,3500,0,40000,0x07
2026-09-06T13:40:42.574-03:00,198,0,0,53,3374,0,40000,3500,0,40000,0x07
2026-09-06T13:40:42.597-03:00,199,0,0,53,3374,0,40000,3500,0,40000,0x07
2026-09-06T13:40:42.615-03:00,200,0,0,53,3374,0,40000,3500,0,40000,0x07
2026-09-06T13:40:42.639-03:00,201,0,0,50,3374,0,40000,3500,0,40000,0x07
2026-09-06T13:40:42.657-03:00,202,0,0,50,3374,0,40000,3500,0,40000,0x07
2026-09-06T13:40:42.677-03:00,203,0,0,50,3374,0,40000,3500,0,40000,0x07
2026-09-06T13:40:42.717-03:00,204,0,0,53,3374,0,40000,3500,0,40000,0x07
2026-09-06T13:40:42.717-03:00,205,0,0,53,3374,0,40000,3500,0,40000,0x07
2026-09-06T13:40:42.735-03:00,206,0,0,50,3374,0,40000,3500,0,40000,0x07
2026-09-06T13:40:42.754-03:00,207,0,0,50,3374,0,40000,3500,0,40000,0x07
2026-09-06T13:40:42.775-03:00,208,0,0,50,3374,0,40000,3500,0,40000,0x07
2026-09-06T13:40:42.797-03:00,209,0,0,51,3374,0,40000,3500,0,40000,0x07
2026-09-06T13:40:42.816-03:00,210,0,0,51,3374,0,40000,3500,0,40000,0x07
2026-09-06T13:40:42.834-03:00,211,0,0,54,3374,0,40000,3500,0,40000,0x07
2026-09-06T13:40:42.854-03:00,212,0,0,54,3374,0,40000,3500,0,40000,0x07
2026-09-06T13:40:42.877-03:00,213,0,0,54,3374,0,40000,3500,0,40000,0x07
2026-09-06T13:40:42.896-03:00,214,0,0,50,3374,0,40000,3500,0,40000,0x07
2026-09-06T13:40:42.914-03:00,215,0,0,50,3374,0,40000,3500,0,40000,0x07
2026-09-06T13:40:42.938-03:00,216,0,0,53,3374,0,40000,3500,0,40000,0x07
2026-09-06T13:40:42.956-03:00,217,0,0,53,3374,0,40000,3500,0,40000,0x07
2026-09-06T13:40:42.974-03:00,218,0,0,53,3374,0,40000,3500,0,40000,0x07
2026-09-06T13:40:42.997-03:00,219,0,0,50,3374,0,40000,3500,0,40000,0x07
2026-09-06T13:40:43.015-03:00,220,0,0,50,3374,0,40000,3500,0,40000,0x07
2026-09-06T13:40:43.039-03:00,221,0,0,50,3374,0,40000,3500,0,40000,0x07
2026-09-06T13:40:43.059-03:00,222,0,0,51,3374,0,40000,3500,0,40000,0x07
2026-09-06T13:40:43.074-03:00,223,0,0,51,3374,0,40000,3500,0,40000,0x07
2026-09-06T13:40:43.097-03:00,224,0,0,50,3374,0,40000,3500,0,40000,0x07
2026-09-06T13:40:43.115-03:00,225,0,0,50,3374,0,40000,3500,0,40000,0x07
2026-09-06T13:40:43.138-03:00,226,0,0,50,3374,0,40000,3500,0,40000,0x07
2026-09-06T13:40:43.154-03:00,227,0,0,50,3374,0,40000,3500,0,40000,0x07
2026-09-06T13:40:43.178-03:00,228,0,0,50,3374,0,40000,3500,0,40000,0x07
2026-09-06T13:40:43.195-03:00,229,0,0,52,3374,0,40000,3500,0,40000,0x07
2026-09-06T13:40:43.218-03:00,230,0,0,52,3374,0,40000,3500,0,40000,0x07
2026-09-06T13:40:43.236-03:00,231,0,0,52,3374,0,40000,3500,0,40000,0x07
2026-09-06T13:40:43.258-03:00,232,0,0,50,3374,0,40000,3500,0,40000,0x07
2026-09-06T13:40:43.276-03:00,233,0,0,50,3374,0,40000,3500,0,40000,0x07
2026-09-06T13:40:43.296-03:00,234,0,0,55,3374,0,40000,3500,0,40000,0x07
2026-09-06T13:40:43.314-03:00,235,0,0,55,3374,0,40000,3500,0,40000,0x07
2026-09-06T13:40:43.337-03:00,236,0,0,55,3374,0,40000,3500,0,40000,0x07
2026-09-06T13:40:43.357-03:00,237,0,0,52,3374,0,40000,3500,0,40000,0x07
2026-09-06T13:40:43.376-03:00,238,0,0,52,3374,0,40000,3500,0,40000,0x07
2026-09-06T13:40:43.396-03:00,239,0,0,52,3374,0,40000,3500,0,40000,0x07
2026-09-06T13:40:43.414-03:00,240,0,0,54,3374,0,40000,3500,0,40000,0x07
2026-09-06T13:40:43.436-03:00,241,0,0,54,3374,0,40000,3500,0,40000,0x07
2026-09-06T13:40:43.454-03:00,242,0,0,55,3374,0,40000,3500,0,40000,0x07
2026-09-06T13:40:43.478-03:00,243,0,0,55,3374,0,40000,3500,0,40000,0x07
2026-09-06T13:40:43.495-03:00,244,0,0,55,3374,0,40000,3500,0,40000,0x07
2026-09-06T13:40:43.519-03:00,245,0,0,51,3374,0,40000,3500,0,40000,0x07
2026-09-06T13:40:43.534-03:00,246,0,0,51,3374,0,40000,3500,0,40000,0x07
2026-09-06T13:40:43.558-03:00,247,0,0,51,3374,0,40000,3500,0,40000,0x07
2026-09-06T13:40:43.575-03:00,248,0,0,52,3374,0,40000,3500,0,40000,0x07
2026-09-06T13:40:43.596-03:00,249,0,0,52,3374,0,40000,3500,0,40000,0x07
2026-09-06T13:40:43.616-03:00,250,0,0,51,3374,0,40000,3500,0,40000,0x07
2026-09-06T13:40:43.637-03:00,251,0,0,51,3374,0,40000,3500,0,40000,0x07
2026-09-06T13:40:43.655-03:00,252,0,0,51,3374,0,40000,3500,0,40000,0x07
2026-09-06T13:40:43.678-03:00,253,0,0,50,3374,0,40000,3500,0,40000,0x07
2026-09-06T13:40:43.697-03:00,254,0,0,50,3374,0,40000,3500,0,40000,0x07
2026-09-06T13:40:43.717-03:00,255,0,0,54,3374,0,40000,3500,0,40000,0x07
2026-09-06T13:40:43.759-03:00,256,0,0,54,3374,0,40000,3500,0,40000,0x07
2026-09-06T13:40:43.759-03:00,257,0,0,54,3374,0,40000,3500,0,40000,0x07
2026-09-06T13:40:43.777-03:00,258,0,0,50,3374,0,40000,3500,0,40000,0x07
2026-09-06T13:40:43.795-03:00,259,0,0,50,3374,0,40000,3500,0,40000,0x07
2026-09-06T13:40:43.818-03:00,260,0,0,55,3374,0,40000,3500,0,40000,0x07
2026-09-06T13:40:43.836-03:00,261,0,0,55,3374,0,40000,3500,0,40000,0x07
2026-09-06T13:40:43.854-03:00,262,0,0,55,3374,0,40000,3500,0,40000,0x07
2026-09-06T13:40:43.877-03:00,263,0,0,52,3374,0,40000,3500,0,40000,0x07
2026-09-06T13:40:43.895-03:00,264,0,0,52,3374,0,40000,3500,0,40000,0x07
2026-09-06T13:40:43.919-03:00,265,0,0,52,3374,0,40000,3500,0,40000,0x07
2026-09-06T13:40:43.937-03:00,266,0,0,52,3374,0,40000,3500,0,40000,0x07
2026-09-06T13:40:43.955-03:00,267,0,0,52,3374,0,40000,3500,0,40000,0x07
2026-09-06T13:40:43.978-03:00,268,0,0,56,3374,0,40000,3500,0,40000,0x07
2026-09-06T13:40:43.996-03:00,269,0,0,56,3374,0,40000,3500,0,40000,0x07
2026-09-06T13:40:44.017-03:00,270,0,0,56,3374,0,40000,3500,0,40000,0x07
2026-09-06T13:40:44.035-03:00,271,0,0,50,3374,0,40000,3500,0,40000,0x07
2026-09-06T13:40:44.058-03:00,272,0,0,50,3374,0,40000,3500,0,40000,0x07
2026-09-06T13:40:44.094-03:00,273,0,0,50,3374,0,40000,3500,0,40000,0x07
2026-09-06T13:40:44.094-03:00,274,0,0,51,3374,0,40000,3500,0,40000,0x07
2026-09-06T13:40:44.118-03:00,275,0,0,51,3374,0,40000,3500,0,40000,0x07
2026-09-06T13:40:44.136-03:00,276,0,0,55,3374,0,40000,3500,0,40000,0x07
2026-09-06T13:40:44.158-03:00,277,0,0,55,3374,0,40000,3500,0,40000,0x07
2026-09-06T13:40:44.176-03:00,278,0,0,55,3374,0,40000,3500,0,40000,0x07
2026-09-06T13:40:44.195-03:00,279,0,0,52,3374,0,40000,3500,0,40000,0x07
2026-09-06T13:40:44.218-03:00,280,0,0,52,3374,0,40000,3500,0,40000,0x07
2026-09-06T13:40:44.238-03:00,281,0,0,52,3374,0,40000,3500,0,40000,0x07
2026-09-06T13:40:44.256-03:00,282,0,0,54,3374,0,40000,3500,0,40000,0x07
2026-09-06T13:40:44.275-03:00,283,0,0,54,3374,0,40000,3500,0,40000,0x07
2026-09-06T13:40:44.298-03:00,284,0,0,56,3374,0,40000,3500,0,40000,0x07
2026-09-06T13:40:44.316-03:00,285,0,0,56,3374,0,40000,3500,0,40000,0x07
2026-09-06T13:40:44.334-03:00,286,0,0,56,3374,0,40000,3500,0,40000,0x07
2026-09-06T13:40:44.357-03:00,287,0,0,51,3374,0,40000,3500,0,40000,0x07
2026-09-06T13:40:44.376-03:00,288,0,0,51,3374,0,40000,3500,0,40000,0x07
2026-09-06T13:40:44.394-03:00,289,0,0,51,3374,0,40000,3500,0,40000,0x07
2026-09-06T13:40:44.417-03:00,290,0,0,50,3374,0,40000,3500,0,40000,0x07
2026-09-06T13:40:44.434-03:00,291,0,0,50,3374,0,40000,3500,0,40000,0x07
2026-09-06T13:40:44.454-03:00,292,0,0,55,3374,0,40000,3500,0,40000,0x07
2026-09-06T13:40:44.477-03:00,293,0,0,55,3374,0,40000,3500,0,40000,0x07
2026-09-06T13:40:44.496-03:00,294,0,0,55,3374,0,40000,3500,0,40000,0x07
2026-09-06T13:40:44.514-03:00,295,0,0,52,3374,0,40000,3500,0,40000,0x07
2026-09-06T13:40:44.537-03:00,296,0,0,52,3374,0,40000,3500,0,40000,0x07
2026-09-06T13:40:44.557-03:00,297,0,0,52,3374,0,40000,3500,0,40000,0x07
2026-09-06T13:40:44.578-03:00,298,0,0,53,3374,0,40000,3500,0,40000,0x07
2026-09-06T13:40:44.596-03:00,299,0,0,53,3374,0,40000,3500,0,40000,0x07
2026-09-06T13:40:44.614-03:00,300,0,0,50,3374,0,40000,3500,0,40000,0x07
2026-09-06T13:40:44.637-03:00,301,0,0,50,3374,0,40000,3500,0,40000,0x07
2026-09-06T13:40:44.655-03:00,302,0,0,50,3374,0,40000,3500,0,40000,0x07
2026-09-06T13:40:44.679-03:00,303,0,0,51,3374,0,40000,3500,0,40000,0x07
2026-09-06T13:40:44.697-03:00,304,0,0,51,3374,0,40000,3500,0,40000,0x07
2026-09-06T13:40:44.714-03:00,305,0,0,50,3374,0,40000,3500,0,40000,0x07
2026-09-06T13:40:44.735-03:00,306,0,0,50,3374,0,40000,3500,0,40000,0x07
2026-09-06T13:40:44.758-03:00,307,0,0,50,3374,0,40000,3500,0,40000,0x07
2026-09-06T13:40:44.776-03:00,308,0,0,53,3374,0,40000,3500,0,40000,0x07
2026-09-06T13:40:44.794-03:00,309,0,0,53,3374,0,40000,3500,0,40000,0x07
2026-09-06T13:40:44.817-03:00,310,0,0,56,3374,0,40000,3500,0,40000,0x07
2026-09-06T13:40:44.837-03:00,311,0,0,56,3374,0,40000,3500,0,40000,0x07
2026-09-06T13:40:44.856-03:00,312,0,0,56,3374,0,40000,3500,0,40000,0x07
2026-09-06T13:40:44.897-03:00,313,0,0,52,3374,0,40000,3500,0,40000,0x07
2026-09-06T13:40:44.897-03:00,314,0,0,52,3374,0,40000,3500,0,40000,0x07
2026-09-06T13:40:44.915-03:00,315,0,0,52,3374,0,40000,3500,0,40000,0x07
2026-09-06T13:40:44.939-03:00,316,0,0,50,3374,0,40000,3500,0,40000,0x07
2026-09-06T13:40:44.954-03:00,317,0,0,50,3374,0,40000,3500,0,40000,0x07
2026-09-06T13:40:44.977-03:00,318,0,0,55,3374,0,40000,3500,0,40000,0x07
2026-09-06T13:40:44.997-03:00,319,0,0,55,3374,0,40000,3500,0,40000,0x07
2026-09-06T13:40:45.015-03:00,320,0,0,55,3374,0,40000,3500,0,40000,0x07
2026-09-06T13:40:45.035-03:00,321,0,0,52,3374,0,40000,3500,0,40000,0x07
2026-09-06T13:40:45.058-03:00,322,0,0,52,3374,0,40000,3500,0,40000,0x07
2026-09-06T13:40:45.078-03:00,323,0,0,52,3374,0,40000,3500,0,40000,0x07
2026-09-06T13:40:45.098-03:00,324,0,0,51,3374,0,40000,3500,0,40000,0x07
2026-09-06T13:40:45.115-03:00,325,0,0,51,3374,0,40000,3500,0,40000,0x07
2026-09-06T13:40:45.138-03:00,326,0,0,50,3374,0,40000,3500,0,40000,0x07
2026-09-06T13:40:45.156-03:00,327,0,0,50,3374,0,40000,3500,0,40000,0x07
2026-09-06T13:40:45.178-03:00,328,0,0,50,3374,0,40000,3500,0,40000,0x07
2026-09-06T13:40:45.195-03:00,329,0,0,51,3374,0,40000,3500,0,40000,0x07
2026-09-06T13:40:45.218-03:00,330,0,0,51,3374,0,40000,3500,0,40000,0x07
2026-09-06T13:40:45.236-03:00,331,0,0,51,3374,0,40000,3500,0,40000,0x07
2026-09-06T13:40:45.254-03:00,332,0,0,51,3374,0,40000,3500,0,40000,0x07
2026-09-06T13:40:45.277-03:00,333,0,0,51,3374,0,40000,3500,0,40000,0x07
2026-09-06T13:40:45.295-03:00,334,0,0,51,3374,0,40000,3500,0,40000,0x07
2026-09-06T13:40:45.318-03:00,335,0,0,51,3374,0,40000,3500,0,40000,0x07
2026-09-06T13:40:45.336-03:00,336,0,0,55,3374,0,40000,3500,0,40000,0x07
2026-09-06T13:40:45.354-03:00,337,0,0,55,3374,0,40000,3500,0,40000,0x07
2026-09-06T13:40:45.374-03:00,338,0,0,55,3374,0,40000,3500,0,40000,0x07
2026-09-06T13:40:45.394-03:00,339,0,0,51,3374,0,40000,3500,0,40000,0x07
2026-09-06T13:40:45.417-03:00,340,0,0,51,3374,0,40000,3500,0,40000,0x07
2026-09-06T13:40:45.437-03:00,341,0,0,51,3374,0,40000,3500,0,40000,0x07
2026-09-06T13:40:45.477-03:00,342,0,0,51,3374,0,40000,3500,0,40000,0x07
2026-09-06T13:40:45.477-03:00,343,0,0,51,3374,0,40000,3500,0,40000,0x07
2026-09-06T13:40:45.497-03:00,344,0,0,51,3374,0,40000,3500,0,40000,0x07
2026-09-06T13:40:45.515-03:00,345,0,0,51,3374,0,40000,3500,0,40000,0x07
2026-09-06T13:40:45.536-03:00,346,0,0,51,3374,0,40000,3500,0,40000,0x07
2026-09-06T13:40:45.554-03:00,347,0,0,51,3374,0,40000,3500,0,40000,0x07
2026-09-06T13:40:45.574-03:00,348,0,0,51,3374,0,40000,3500,0,40000,0x07
2026-09-06T13:40:45.597-03:00,349,0,0,54,3374,0,40000,3500,0,40000,0x07
2026-09-06T13:40:45.617-03:00,350,0,0,54,3374,0,40000,3500,0,40000,0x07
2026-09-06T13:40:45.634-03:00,351,0,0,54,3374,0,40000,3500,0,40000,0x07
2026-09-06T13:40:45.657-03:00,352,0,0,52,3374,0,40000,3500,0,40000,0x07
2026-09-06T13:40:45.676-03:00,353,0,0,52,3374,0,40000,3500,0,40000,0x07
2026-09-06T13:40:45.694-03:00,354,0,0,52,3374,0,40000,3500,0,40000,0x07
2026-09-06T13:40:45.717-03:00,355,0,0,51,3374,0,40000,3500,0,40000,0x07
2026-09-06T13:40:45.735-03:00,356,0,0,51,3374,0,40000,3500,0,40000,0x07
2026-09-06T13:40:45.757-03:00,357,0,0,50,3374,0,40000,3500,0,40000,0x07
2026-09-06T13:40:45.775-03:00,358,0,0,50,3374,0,40000,3500,0,40000,0x07
2026-09-06T13:40:45.799-03:00,359,0,0,50,3374,0,40000,3500,0,40000,0x07
2026-09-06T13:40:45.817-03:00,360,0,0,52,3374,0,40000,3500,0,40000,0x07
2026-09-06T13:40:45.835-03:00,361,0,0,52,3374,0,40000,3500,0,40000,0x07
2026-09-06T13:40:45.855-03:00,362,0,0,50,3374,0,40000,3500,0,40000,0x07
2026-09-06T13:40:45.874-03:00,363,0,0,50,3374,0,40000,3500,0,40000,0x07
2026-09-06T13:40:45.897-03:00,364,0,0,50,3374,0,40000,3500,0,40000,0x07
2026-09-06T13:40:45.915-03:00,365,0,0,51,3374,0,40000,3500,0,40000,0x07
2026-09-06T13:40:45.935-03:00,366,0,0,51,3374,0,40000,3500,0,40000,0x07
2026-09-06T13:40:45.956-03:00,367,0,0,56,3374,0,40000,3500,0,40000,0x07
2026-09-06T13:40:45.976-03:00,368,0,0,56,3374,0,40000,3500,0,40000,0x07
2026-09-06T13:40:45.996-03:00,369,0,0,56,3374,0,40000,3500,0,40000,0x07
2026-09-06T13:40:46.014-03:00,370,0,0,50,3374,0,40000,3500,0,40000,0x07
2026-09-06T13:40:46.037-03:00,371,0,0,50,3374,0,40000,3500,0,40000,0x07
2026-09-06T13:40:46.055-03:00,372,0,0,50,3374,0,40000,3500,0,40000,0x07
2026-09-06T13:40:46.078-03:00,373,0,0,50,3374,0,40000,3500,0,40000,0x07
2026-09-06T13:40:46.096-03:00,374,0,0,50,3374,0,40000,3500,0,40000,0x07
2026-09-06T13:40:46.134-03:00,375,0,0,51,3374,0,40000,3500,0,40000,0x07
2026-09-06T13:40:46.134-03:00,376,0,0,51,3374,0,40000,3500,0,40000,0x07
2026-09-06T13:40:46.157-03:00,377,0,0,51,3374,0,40000,3500,0,40000,0x07
2026-09-06T13:40:46.174-03:00,378,0,0,54,3374,0,40000,3500,0,40000,0x07
2026-09-06T13:40:46.194-03:00,379,0,0,54,3374,0,40000,3500,0,40000,0x07
2026-09-06T13:40:46.216-03:00,380,0,0,56,3374,0,40000,3500,0,40000,0x07
2026-09-06T13:40:46.236-03:00,381,0,0,56,3374,0,40000,3500,0,40000,0x07
2026-09-06T13:40:46.277-03:00,382,0,0,56,3374,0,40000,3500,0,40000,0x07
2026-09-06T13:40:46.277-03:00,383,0,0,50,3374,0,40000,3500,0,40000,0x07
2026-09-06T13:40:46.295-03:00,384,0,0,50,3374,0,40000,3500,0,40000,0x07
2026-09-06T13:40:46.316-03:00,385,0,0,50,3374,0,40000,3500,0,40000,0x07
2026-09-06T13:40:46.338-03:00,386,0,0,51,3374,0,40000,3500,0,40000,0x07
2026-09-06T13:40:46.356-03:00,387,0,0,51,3374,0,40000,3500,0,40000,0x07
2026-09-06T13:40:46.375-03:00,388,0,0,50,3374,0,40000,3500,0,40000,0x07
2026-09-06T13:40:46.398-03:00,389,0,0,50,3374,0,40000,3500,0,40000,0x07
2026-09-06T13:40:46.416-03:00,390,0,0,50,3374,0,40000,3500,0,40000,0x07
2026-09-06T13:40:46.434-03:00,391,0,0,53,3374,0,40000,3500,0,40000,0x07
2026-09-06T13:40:46.458-03:00,392,0,0,53,3374,0,40000,3500,0,40000,0x07
2026-09-06T13:40:46.476-03:00,393,0,0,56,3374,0,40000,3500,0,40000,0x07
2026-09-06T13:40:46.494-03:00,394,0,0,56,3374,0,40000,3500,0,40000,0x07
2026-09-06T13:40:46.537-03:00,395,0,0,56,3374,0,40000,3500,0,40000,0x07
2026-09-06T13:40:46.537-03:00,396,0,0,51,3374,0,40000,3500,0,40000,0x07
2026-09-06T13:40:46.555-03:00,397,0,0,51,3374,0,40000,3500,0,40000,0x07
2026-09-06T13:40:46.594-03:00,398,0,0,51,3374,0,40000,3500,0,40000,0x07
2026-09-06T13:40:46.615-03:00,399,0,0,51,3374,0,40000,3500,0,40000,0x07
2026-09-06T13:40:46.637-03:00,400,0,0,51,3374,0,40000,3500,0,40000,0x07
2026-09-06T13:40:46.655-03:00,401,0,0,52,3374,0,40000,3500,0,40000,0x07
2026-09-06T13:40:46.678-03:00,402,0,0,52,3374,0,40000,3500,0,40000,0x07
2026-09-06T13:40:46.698-03:00,403,0,0,50,3374,0,40000,3500,0,40000,0x07
2026-09-06T13:40:46.715-03:00,404,0,0,50,3374,0,40000,3500,0,40000,0x07
2026-09-06T13:40:46.738-03:00,405,0,0,56,3374,0,40000,3500,0,40000,0x07
2026-09-06T13:40:46.756-03:00,406,0,0,56,3374,0,40000,3500,0,40000,0x07
2026-09-06T13:40:46.778-03:00,407,0,0,56,3374,0,40000,3500,0,40000,0x07
2026-09-06T13:40:46.798-03:00,408,0,0,52,3374,0,40000,3500,0,40000,0x07
2026-09-06T13:40:46.816-03:00,409,0,0,52,3374,0,40000,3500,0,40000,0x07
2026-09-06T13:40:46.837-03:00,410,0,0,50,3374,0,40000,3500,0,40000,0x07
2026-09-06T13:40:46.854-03:00,411,0,0,50,3374,0,40000,3500,0,40000,0x07
2026-09-06T13:40:46.876-03:00,412,0,0,50,3374,0,40000,3500,0,40000,0x07
2026-09-06T13:40:46.898-03:00,413,0,0,51,3374,0,40000,3500,0,40000,0x07
2026-09-06T13:40:46.915-03:00,414,0,0,51,3374,0,40000,3500,0,40000,0x07
2026-09-06T13:40:46.958-03:00,415,0,0,51,3374,0,40000,3500,0,40000,0x07
2026-09-06T13:40:46.958-03:00,416,0,0,51,3374,0,40000,3500,0,40000,0x07
2026-09-06T13:40:46.978-03:00,417,0,0,51,3374,0,40000,3500,0,40000,0x07
2026-09-06T13:40:46.995-03:00,418,0,0,55,3374,0,40000,3500,0,40000,0x07
2026-09-06T13:40:47.018-03:00,419,0,0,55,3374,0,40000,3500,0,40000,0x07
2026-09-06T13:40:47.038-03:00,420,0,0,55,3374,0,40000,3500,0,40000,0x07
2026-09-06T13:40:47.056-03:00,421,0,0,51,3374,0,40000,3500,0,40000,0x07
2026-09-06T13:40:47.074-03:00,422,0,0,51,3374,0,40000,3500,0,40000,0x07
2026-09-06T13:40:47.094-03:00,423,0,0,50,3374,0,40000,3500,0,40000,0x07
2026-09-06T13:40:47.117-03:00,424,0,0,50,3374,0,40000,3500,0,40000,0x07
2026-09-06T13:40:47.137-03:00,425,0,0,50,3374,0,40000,3500,0,40000,0x07
2026-09-06T13:40:47.155-03:00,426,0,0,56,3374,0,40000,3500,0,40000,0x07
2026-09-06T13:40:47.175-03:00,427,0,0,56,3374,0,40000,3500,0,40000,0x07
2026-09-06T13:40:47.195-03:00,428,0,0,56,3374,0,40000,3500,0,40000,0x07
2026-09-06T13:40:47.218-03:00,429,0,0,51,3374,0,40000,3500,0,40000,0x07
2026-09-06T13:40:47.237-03:00,430,0,0,51,3374,0,40000,3500,0,40000,0x07
2026-09-06T13:40:47.255-03:00,431,0,0,50,3374,0,40000,3500,0,40000,0x07
2026-09-06T13:40:47.278-03:00,432,0,0,50,3374,0,40000,3500,0,40000,0x07
2026-09-06T13:40:47.298-03:00,433,0,0,50,3374,0,40000,3500,0,40000,0x07
2026-09-06T13:40:47.317-03:00,434,0,0,51,3374,0,40000,3500,0,40000,0x07
2026-09-06T13:40:47.337-03:00,435,0,0,51,3374,0,40000,3500,0,40000,0x07
2026-09-06T13:40:47.357-03:00,436,0,0,53,3374,0,40000,3500,0,40000,0x07
2026-09-06T13:40:47.377-03:00,437,0,0,53,3374,0,40000,3500,0,40000,0x07
2026-09-06T13:40:47.398-03:00,438,0,0,53,3374,0,40000,3500,0,40000,0x07
2026-09-06T13:40:47.418-03:00,439,0,0,52,3374,0,40000,3500,0,40000,0x07
2026-09-06T13:40:47.438-03:00,440,0,0,52,3374,0,40000,3500,0,40000,0x07
2026-09-06T13:40:47.457-03:00,441,0,0,52,3374,0,40000,3500,0,40000,0x07
2026-09-06T13:40:47.475-03:00,442,0,0,52,3374,0,40000,3500,0,40000,0x07
2026-09-06T13:40:47.498-03:00,443,0,0,52,3374,0,40000,3500,0,40000,0x07
2026-09-06T13:40:47.518-03:00,444,0,0,54,3374,0,40000,3500,0,40000,0x07
2026-09-06T13:40:47.536-03:00,445,0,0,54,3374,0,40000,3500,0,40000,0x07
2026-09-06T13:40:47.554-03:00,446,0,0,54,3374,0,40000,3500,0,40000,0x07
2026-09-06T13:40:47.578-03:00,447,0,0,51,3374,0,40000,3500,0,40000,0x07
2026-09-06T13:40:47.596-03:00,448,0,0,51,3374,0,40000,3500,0,40000,0x07
2026-09-06T13:40:47.618-03:00,449,0,0,51,3374,0,40000,3500,0,40000,0x07
2026-09-06T13:40:47.638-03:00,450,0,0,53,3374,0,40000,3500,0,40000,0x07
2026-09-06T13:40:47.656-03:00,451,0,0,53,3374,0,40000,3500,0,40000,0x07
2026-09-06T13:40:47.675-03:00,452,0,0,50,3374,0,40000,3500,0,40000,0x07
2026-09-06T13:40:47.695-03:00,453,0,0,50,3374,0,40000,3500,0,40000,0x07
2026-09-06T13:40:47.714-03:00,454,0,0,50,3374,0,40000,3500,0,40000,0x07
2026-09-06T13:40:47.738-03:00,455,0,0,50,3374,0,40000,3500,0,40000,0x07
2026-09-06T13:40:47.758-03:00,456,0,0,50,3374,0,40000,3500,0,40000,0x07
2026-09-06T13:40:47.775-03:00,457,0,0,53,3374,0,40000,3500,0,40000,0x07
2026-09-06T13:40:47.798-03:00,458,0,0,53,3374,0,40000,3500,0,40000,0x07
2026-09-06T13:40:47.816-03:00,459,0,0,53,3374,0,40000,3500,0,40000,0x07
2026-09-06T13:40:47.834-03:00,460,0,0,50,3374,0,40000,3500,0,40000,0x07
2026-09-06T13:40:47.857-03:00,461,0,0,50,3374,0,40000,3500,0,40000,0x07
2026-09-06T13:40:47.874-03:00,462,0,0,52,3374,0,40000,3500,0,40000,0x07
2026-09-06T13:40:47.897-03:00,463,0,0,52,3374,0,40000,3500,0,40000,0x07
2026-09-06T13:40:47.918-03:00,464,0,0,52,3374,0,40000,3500,0,40000,0x07
2026-09-06T13:40:47.938-03:00,465,0,0,51,3374,0,40000,3500,0,40000,0x07
2026-09-06T13:40:47.956-03:00,466,0,0,51,3374,0,40000,3500,0,40000,0x07
2026-09-06T13:40:47.974-03:00,467,0,0,53,3374,0,40000,3500,0,40000,0x07
2026-09-06T13:40:47.997-03:00,468,0,0,53,3374,0,40000,3500,0,40000,0x07
2026-09-06T13:40:48.015-03:00,469,0,0,53,3374,0,40000,3500,0,40000,0x07
2026-09-06T13:40:48.036-03:00,470,0,0,55,3374,0,40000,3500,0,40000,0x07
2026-09-06T13:40:48.056-03:00,471,0,0,55,3374,0,40000,3500,0,40000,0x07
2026-09-06T13:40:48.074-03:00,472,0,0,55,3374,0,40000,3500,0,40000,0x07
2026-09-06T13:40:48.097-03:00,473,0,0,52,3374,0,40000,3500,0,40000,0x07
2026-09-06T13:40:48.118-03:00,474,0,0,52,3374,0,40000,3500,0,40000,0x07
2026-09-06T13:40:48.136-03:00,475,0,0,52,3374,0,40000,3500,0,40000,0x07
2026-09-06T13:40:48.154-03:00,476,0,0,54,3374,0,40000,3500,0,40000,0x07
2026-09-06T13:40:48.174-03:00,477,0,0,54,3374,0,40000,3500,0,40000,0x07
2026-09-06T13:40:48.198-03:00,478,0,0,50,3374,0,40000,3500,0,40000,0x07
2026-09-06T13:40:48.216-03:00,479,0,0,50,3374,0,40000,3500,0,40000,0x07
2026-09-06T13:40:48.239-03:00,480,0,0,50,3374,0,40000,3500,0,40000,0x07
2026-09-06T13:40:48.257-03:00,481,0,0,50,3374,0,40000,3500,0,40000,0x07
2026-09-06T13:40:48.275-03:00,482,0,0,50,3374,0,40000,3500,0,40000,0x07
2026-09-06T13:40:48.299-03:00,483,0,0,51,3374,0,40000,3500,0,40000,0x07
2026-09-06T13:40:48.316-03:00,484,0,0,51,3374,0,40000,3500,0,40000,0x07
2026-09-06T13:40:48.339-03:00,485,0,0,51,3374,0,40000,3500,0,40000,0x07
2026-09-06T13:40:48.356-03:00,486,0,0,50,3374,0,40000,3500,0,40000,0x07
2026-09-06T13:40:48.378-03:00,487,0,0,50,3374,0,40000,3500,0,40000,0x07
2026-09-06T13:40:48.398-03:00,488,0,0,50,3374,0,40000,3500,0,40000,0x07
2026-09-06T13:40:48.416-03:00,489,0,0,50,3374,0,40000,3500,0,40000,0x07
2026-09-06T13:40:48.434-03:00,490,0,0,50,3374,0,40000,3500,0,40000,0x07
2026-09-06T13:40:48.454-03:00,491,0,0,51,3374,0,40000,3500,0,40000,0x07
2026-09-06T13:40:48.476-03:00,492,0,0,51,3374,0,40000,3500,0,40000,0x07
2026-09-06T13:40:48.495-03:00,493,0,0,52,3374,0,40000,3500,0,40000,0x07
2026-09-06T13:40:48.518-03:00,494,0,0,52,3374,0,40000,3500,0,40000,0x07
2026-09-06T13:40:48.535-03:00,495,0,0,52,3374,0,40000,3500,0,40000,0x07
2026-09-06T13:40:48.558-03:00,496,0,0,50,3374,0,40000,3500,0,40000,0x07
2026-09-06T13:40:48.601-03:00,497,0,0,50,3374,0,40000,3500,0,40000,0x07
2026-09-06T13:40:48.644-03:00,498,0,0,52,3374,0,40000,3500,0,40000,0x07
2026-09-06T13:40:48.689-03:00,499,0,0,52,3374,0,40000,3500,0,40000,0x07
2026-09-06T13:40:48.733-03:00,500,0,0,51,3374,0,40000,3500,0,40000,0x07
2026-09-06T13:40:48.776-03:00,501,0,0,50,0,0,0,0,0,0,0x03
