timestamp,sequence,team,robot_id,interval_ms,left_target_eps,left_measured_eps,left_duty,right_target_eps,right_measured_eps,right_duty,flags
2026-09-06T20:30:35.516,65535,0,2,50,0,0,0,0,0,0,0x0b
2026-09-06T20:30:35.581,65535,0,2,52,0,0,0,0,0,0,0x0b
2026-09-06T20:30:35.646,65535,0,2,50,0,0,0,0,0,0,0x0b
2026-09-06T20:30:35.711,65535,0,2,51,0,0,0,0,0,0,0x0b
2026-09-06T20:30:35.776,65535,0,2,50,0,0,0,0,0,0,0x0b
2026-09-06T20:30:35.857,65535,0,2,52,0,0,0,0,0,0,0x0b
2026-09-06T20:30:35.922,65535,0,2,50,0,0,0,0,0,0,0x0b
2026-09-06T20:30:35.987,65535,0,2,50,0,0,0,0,0,0,0x0b
2026-09-06T20:30:36.052,65535,0,2,51,0,0,0,0,0,0,0x0b
2026-09-06T20:30:36.116,65535,0,2,51,0,0,0,0,0,0,0x0b
2026-09-06T20:30:36.181,65535,0,2,52,0,0,0,0,0,0,0x0b
2026-09-06T20:30:36.246,65535,0,2,51,0,0,0,0,0,0,0x0b
2026-09-06T20:30:36.327,65535,0,2,51,0,0,0,0,0,0,0x0b
2026-09-06T20:30:36.392,65535,0,2,51,0,0,0,0,0,0,0x0b
2026-09-06T20:30:36.458,65535,0,2,51,0,0,0,0,0,0,0x0b
2026-09-06T20:30:36.522,65535,0,2,50,0,0,0,0,0,0,0x0b
2026-09-06T20:30:36.587,65535,0,2,50,0,0,0,0,0,0,0x0b
2026-09-06T20:30:36.653,65535,0,2,50,0,0,0,0,0,0,0x0b
2026-09-06T20:30:36.718,65535,0,2,50,0,0,0,0,0,0,0x0b
2026-09-06T20:30:36.783,65535,0,2,51,0,0,0,0,0,0,0x0b
2026-09-06T20:30:36.848,65535,0,2,50,0,0,0,0,0,0,0x0b
2026-09-06T20:30:36.929,65535,0,2,50,0,0,0,0,0,0,0x0b
2026-09-06T20:30:36.994,65535,0,2,50,0,0,0,0,0,0,0x0b
2026-09-06T20:30:37.059,65535,0,2,52,0,0,0,0,0,0,0x0b
2026-09-06T20:30:37.124,65535,0,2,50,0,0,0,0,0,0,0x0b
2026-09-06T20:30:37.189,65535,0,2,51,0,0,0,0,0,0,0x0b
2026-09-06T20:30:37.254,65535,0,2,50,0,0,0,0,0,0,0x0b
2026-09-06T20:30:37.320,65535,0,2,52,0,0,0,0,0,0,0x0b
2026-09-06T20:30:37.384,65535,0,2,51,0,0,0,0,0,0,0x0b
2026-09-06T20:30:37.465,65535,0,2,52,0,0,0,0,0,0,0x0b
2026-09-06T20:30:37.530,65535,0,2,51,0,0,0,0,0,0,0x0b
2026-09-06T20:30:37.595,65535,0,2,50,0,0,0,0,0,0,0x0b
2026-09-06T20:30:37.660,65535,0,2,51,0,0,0,0,0,0,0x0b
2026-09-06T20:30:37.724,65535,0,2,52,0,0,0,0,0,0,0x0b
2026-09-06T20:30:37.790,65535,0,2,50,0,0,0,0,0,0,0x0b
2026-09-06T20:30:37.855,65535,0,2,50,0,0,0,0,0,0,0x0b
2026-09-06T20:30:37.920,65535,0,2,51,0,0,0,0,0,0,0x0b
2026-09-06T20:30:37.986,65535,0,2,50,0,0,0,0,0,0,0x0b
2026-09-06T20:30:38.067,65535,0,2,50,0,0,0,0,0,0,0x0b
2026-09-06T20:30:38.132,65535,0,2,52,0,0,0,0,0,0,0x0b
2026-09-06T20:30:38.197,65535,0,2,50,0,0,0,0,0,0,0x0b
2026-09-06T20:30:38.262,65535,0,2,51,0,0,0,0,0,0,0x0b
2026-09-06T20:30:38.327,65535,0,2,50,0,0,0,0,0,0,0x0b
2026-09-06T20:30:38.392,65535,0,2,51,0,0,0,0,0,0,0x0b
2026-09-06T20:30:38.457,65535,0,2,52,0,0,0,0,0,0,0x0b
2026-09-06T20:30:38.522,65535,0,2,52,0,0,0,0,0,0,0x0b
2026-09-06T20:30:38.603,65535,0,2,51,0,0,0,0,0,0,0x0b
2026-09-06T20:30:38.669,65535,0,2,50,0,0,0,0,0,0,0x0b
2026-09-06T20:30:38.734,65535,0,2,51,0,0,0,0,0,0,0x0b
2026-09-06T20:30:38.799,65535,0,2,51,0,0,0,0,0,0,0x0b
2026-09-06T20:30:38.864,65535,0,2,51,0,0,0,0,0,0,0x0b
2026-09-06T20:30:38.928,65535,0,2,52,0,0,0,0,0,0,0x0b
2026-09-06T20:30:38.993,65535,0,2,50,0,0,0,0,0,0,0x0b
2026-09-06T20:30:39.058,65535,0,2,52,0,0,0,0,0,0,0x0b
2026-09-06T20:30:39.139,65535,0,2,52,0,0,0,0,0,0,0x0b
2026-09-06T20:30:39.204,65535,0,2,52,0,0,0,0,0,0,0x0b
2026-09-06T20:30:39.269,65535,0,2,50,0,0,0,0,0,0,0x0b
2026-09-06T20:30:39.335,65535,0,2,50,0,0,0,0,0,0,0x0b
2026-09-06T20:30:39.400,65535,0,2,50,0,0,0,0,0,0,0x0b
2026-09-06T20:30:39.464,65535,0,2,54,0,0,0,0,0,0,0x0b
2026-09-06T20:30:39.529,65535,0,2,52,0,0,0,0,0,0,0x0b
2026-09-06T20:30:39.594,65535,0,2,51,0,0,0,0,0,0,0x0b
2026-09-06T20:30:39.676,65535,0,2,50,0,0,0,0,0,0,0x0b
2026-09-06T20:30:39.741,65535,0,2,51,0,0,0,0,0,0,0x0b
2026-09-06T20:30:39.806,65535,0,2,51,0,0,0,0,0,0,0x0b
2026-09-06T20:30:39.870,65535,0,2,52,0,0,0,0,0,0,0x0b
2026-09-06T20:30:39.935,65535,0,2,51,0,0,0,0,0,0,0x0b
2026-09-06T20:30:40.000,65535,0,2,50,0,0,0,0,0,0,0x0b
2026-09-06T20:30:40.065,65535,0,2,52,0,0,0,0,0,0,0x0b
2026-09-06T20:30:40.130,65535,0,2,54,0,0,0,0,0,0,0x0b
2026-09-06T20:30:40.211,65535,0,2,51,0,0,0,0,0,0,0x0b
2026-09-06T20:30:40.277,65535,0,2,50,0,0,0,0,0,0,0x0b
2026-09-06T20:30:40.342,65535,0,2,51,0,0,0,0,0,0,0x0b
2026-09-06T20:30:40.407,65535,0,2,51,0,0,0,0,0,0,0x0b
2026-09-06T20:30:40.472,65535,0,2,51,0,0,0,0,0,0,0x0b
2026-09-06T20:30:40.537,65535,0,2,50,0,0,0,0,0,0,0x0b
2026-09-06T20:30:40.602,65535,0,2,52,0,0,0,0,0,0,0x0b
2026-09-06T20:30:40.667,65535,0,2,51,0,0,0,0,0,0,0x0b
2026-09-06T20:30:40.731,65535,0,2,51,0,0,0,0,0,0,0x0b
2026-09-06T20:30:40.813,65535,0,2,50,0,0,0,0,0,0,0x0b
2026-09-06T20:30:40.878,65535,0,2,51,0,0,0,0,0,0,0x0b
2026-09-06T20:30:40.943,65535,0,2,52,0,0,0,0,0,0,0x0b
2026-09-06T20:30:41.008,65535,0,2,50,0,0,0,0,0,0,0x0b
2026-09-06T20:30:41.072,65535,0,2,52,0,0,0,0,0,0,0x0b
2026-09-06T20:30:41.138,65535,0,2,51,0,0,0,0,0,0,0x0b
2026-09-06T20:30:41.203,65535,0,2,50,0,0,0,0,0,0,0x0b
2026-09-06T20:30:41.268,65535,0,2,50,0,0,0,0,0,0,0x0b
2026-09-06T20:30:41.333,65535,0,2,51,0,0,0,0,0,0,0x0b
2026-09-06T20:30:41.413,65535,0,2,51,0,0,0,0,0,0,0x0b
2026-09-06T20:30:41.478,65535,0,2,51,0,0,0,0,0,0,0x0b
2026-09-06T20:30:41.543,65535,0,2,51,0,0,0,0,0,0,0x0b
2026-09-06T20:30:41.608,65535,0,2,54,0,0,0,0,0,0,0x0b
2026-09-06T20:30:41.673,65535,0,2,51,0,0,0,0,0,0,0x0b
2026-09-06T20:30:41.737,65535,0,2,52,0,0,0,0,0,0,0x0b
2026-09-06T20:30:41.819,65535,0,2,51,0,0,0,0,0,0,0x0b
2026-09-06T20:30:41.867,65535,0,2,52,0,0,0,0,0,0,0x0b
2026-09-06T20:30:41.949,65535,0,2,51,0,0,0,0,0,0,0x0b
2026-09-06T20:30:42.014,65535,0,2,51,0,0,0,0,0,0,0x0b
2026-09-06T20:30:42.079,65535,0,2,50,0,0,0,0,0,0,0x0b
2026-09-06T20:30:42.144,65535,0,2,51,0,0,0,0,0,0,0x0b
2026-09-06T20:30:42.210,65535,0,2,52,0,0,0,0,0,0,0x0b
2026-09-06T20:30:42.275,65535,0,2,51,0,0,0,0,0,0,0x0b
2026-09-06T20:30:42.340,65535,0,2,52,0,0,0,0,0,0,0x0b
2026-09-06T20:30:42.405,65535,0,2,52,0,0,0,0,0,0,0x0b
2026-09-06T20:30:42.486,65535,0,2,52,0,0,0,0,0,0,0x0b
2026-09-06T20:30:42.552,65535,0,2,50,0,0,0,0,0,0,0x0b
2026-09-06T20:30:42.617,65535,0,2,50,0,0,0,0,0,0,0x0b
2026-09-06T20:30:42.682,65535,0,2,50,0,0,0,0,0,0,0x0b
2026-09-06T20:30:42.747,65535,0,2,51,0,0,0,0,0,0,0x0b
2026-09-06T20:30:42.812,65535,0,2,51,0,0,0,0,0,0,0x0b
2026-09-06T20:30:42.877,65535,0,2,51,0,0,0,0,0,0,0x0b
2026-09-06T20:30:42.942,65535,0,2,50,0,0,0,0,0,0,0x0b
2026-09-06T20:30:43.008,65535,0,2,51,0,0,0,0,0,0,0x0b
2026-09-06T20:30:43.089,65535,0,2,50,0,0,0,0,0,0,0x0b
2026-09-06T20:30:43.154,65535,0,2,51,0,0,0,0,0,0,0x0b
2026-09-06T20:30:43.220,65535,0,2,50,0,0,0,0,0,0,0x0b
2026-09-06T20:30:43.286,65535,0,2,52,0,0,0,0,0,0,0x0b
2026-09-06T20:30:43.350,65535,0,2,50,0,0,0,0,0,0,0x0b
2026-09-06T20:30:43.415,65535,0,2,51,0,0,0,0,0,0,0x0b
2026-09-06T20:30:43.480,65535,0,2,51,0,0,0,0,0,0,0x0b
2026-09-06T20:30:43.545,65535,0,2,51,0,0,0,0,0,0,0x0b
2026-09-06T20:30:43.626,65535,0,2,50,0,0,0,0,0,0,0x0b
2026-09-06T20:30:43.691,65535,0,2,51,0,0,0,0,0,0,0x0b
2026-09-06T20:30:43.756,65535,0,2,51,0,0,0,0,0,0,0x0b
2026-09-06T20:30:43.822,65535,0,2,51,0,0,0,0,0,0,0x0b
2026-09-06T20:30:43.887,65535,0,2,51,0,0,0,0,0,0,0x0b
2026-09-06T20:30:43.952,65535,0,2,52,0,0,0,0,0,0,0x0b
2026-09-06T20:30:44.017,65535,0,2,51,0,0,0,0,0,0,0x0b
2026-09-06T20:30:44.082,65535,0,2,50,0,0,0,0,0,0,0x0b
2026-09-06T20:30:44.163,65535,0,2,52,0,0,0,0,0,0,0x0b
2026-09-06T20:30:44.212,65535,0,2,52,0,0,0,0,0,0,0x0b
2026-09-06T20:30:44.294,65535,0,2,51,0,0,0,0,0,0,0x0b
2026-09-06T20:30:44.358,65535,0,2,51,0,0,0,0,0,0,0x0b
2026-09-06T20:30:44.423,65535,0,2,52,0,0,0,0,0,0,0x0b
2026-09-06T20:30:44.488,65535,0,2,52,0,0,0,0,0,0,0x0b
2026-09-06T20:30:44.553,65535,0,2,51,0,0,0,0,0,0,0x0b
2026-09-06T20:30:44.618,65535,0,2,50,0,0,0,0,0,0,0x0b
2026-09-06T20:30:44.682,65535,0,2,51,0,0,0,0,0,0,0x0b
2026-09-06T20:30:44.747,65535,0,2,51,0,0,0,0,0,0,0x0b
2026-09-06T20:30:44.828,65535,0,2,51,0,0,0,0,0,0,0x0b
2026-09-06T20:30:44.893,65535,0,2,54,0,0,0,0,0,0,0x0b
2026-09-06T20:30:44.958,65535,0,2,51,0,0,0,0,0,0,0x0b
2026-09-06T20:30:45.023,65535,0,2,50,0,0,0,0,0,0,0x0b
2026-09-06T20:30:45.088,65535,0,2,50,0,0,0,0,0,0,0x0b
2026-09-06T20:30:45.153,65535,0,2,51,0,0,0,0,0,0,0x0b
2026-09-06T20:30:45.218,65535,0,2,50,0,0,0,0,0,0,0x0b
2026-09-06T20:30:45.283,65535,0,2,51,0,0,0,0,0,0,0x0b
2026-09-06T20:30:45.364,65535,0,2,52,0,0,0,0,0,0,0x0b
2026-09-06T20:30:45.429,65535,0,2,52,0,0,0,0,0,0,0x0b
2026-09-06T20:30:45.494,65535,0,2,51,0,0,0,0,0,0,0x0b
2026-09-06T20:30:45.559,65535,0,2,51,0,0,0,0,0,0,0x0b
2026-09-06T20:30:45.624,65535,0,2,50,0,0,0,0,0,0,0x0b
2026-09-06T20:30:45.689,65535,0,2,50,0,0,0,0,0,0,0x0b
2026-09-06T20:30:45.754,65535,0,2,58,0,0,0,0,0,0,0x0b
2026-09-06T20:30:45.820,65535,0,2,50,0,0,0,0,0,0,0x0b
2026-09-06T20:30:45.901,65535,0,2,50,0,0,0,0,0,0,0x0b
2026-09-06T20:30:45.966,65535,0,2,51,0,0,0,0,0,0,0x0b
2026-09-06T20:30:46.031,65535,0,2,50,0,0,0,0,0,0,0x0b
2026-09-06T20:30:46.096,65535,0,2,51,0,0,0,0,0,0,0x0b
2026-09-06T20:30:46.161,65535,0,2,51,0,0,0,0,0,0,0x0b
2026-09-06T20:30:46.226,65535,0,2,51,0,0,0,0,0,0,0x0b
2026-09-06T20:30:46.291,65535,0,2,51,0,0,0,0,0,0,0x0b
2026-09-06T20:30:46.356,65535,0,2,54,0,0,0,0,0,0,0x0b
2026-09-06T20:30:46.437,65535,0,2,50,0,0,0,0,0,0,0x0b
2026-09-06T20:30:46.502,65535,0,2,51,0,0,0,0,0,0,0x0b
2026-09-06T20:30:46.567,65535,0,2,50,0,0,0,0,0,0,0x0b
2026-09-06T20:30:46.632,65535,0,2,52,0,0,0,0,0,0,0x0b
2026-09-06T20:30:46.696,65535,0,2,50,0,0,0,0,0,0,0x0b
2026-09-06T20:30:46.761,65535,0,2,51,0,0,0,0,0,0,0x0b
2026-09-06T20:30:46.826,65535,0,2,50,0,0,0,0,0,0,0x0b
2026-09-06T20:30:46.907,65535,0,2,50,0,0,0,0,0,0,0x0b
2026-09-06T20:30:46.972,65535,0,2,52,0,0,0,0,0,0,0x0b
2026-09-06T20:30:47.037,65535,0,2,50,0,0,0,0,0,0,0x0b
2026-09-06T20:30:47.102,65535,0,2,51,0,0,0,0,0,0,0x0b
2026-09-06T20:30:47.167,65535,0,2,50,0,0,0,0,0,0,0x0b
2026-09-06T20:30:47.232,65535,0,2,51,0,0,0,0,0,0,0x0b
2026-09-06T20:30:47.297,65535,0,2,50,0,0,0,0,0,0,0x0b
2026-09-06T20:30:47.362,65535,0,2,50,0,0,0,0,0,0,0x0b
2026-09-06T20:30:47.427,65535,0,2,51,0,0,0,0,0,0,0x0b
2026-09-06T20:30:47.509,65535,0,2,51,0,0,0,0,0,0,0x0b
2026-09-06T20:30:47.574,65535,0,2,52,0,0,0,0,0,0,0x0b
2026-09-06T20:30:47.639,65535,0,2,51,0,0,0,0,0,0,0x0b
2026-09-06T20:30:47.703,65535,0,2,51,0,0,0,0,0,0,0x0b
2026-09-06T20:30:47.768,65535,0,2,51,0,0,0,0,0,0,0x0b
2026-09-06T20:30:47.833,65535,0,2,52,0,0,0,0,0,0,0x0b
2026-09-06T20:30:47.899,65535,0,2,51,0,0,0,0,0,0,0x0b
2026-09-06T20:30:47.963,65535,0,2,50,0,0,0,0,0,0,0x0b
2026-09-06T20:30:48.028,65535,0,2,51,0,0,0,0,0,0,0x0b
2026-09-06T20:30:48.109,65535,0,2,51,0,0,0,0,0,0,0x0b
2026-09-06T20:30:48.174,65535,0,2,51,0,0,0,0,0,0,0x0b
2026-09-06T20:30:48.239,65535,0,2,51,0,0,0,0,0,0,0x0b
2026-09-06T20:30:48.304,65535,0,2,50,0,0,0,0,0,0,0x0b
2026-09-06T20:30:48.369,65535,0,2,51,0,0,0,0,0,0,0x0b
2026-09-06T20:30:48.434,65535,0,2,52,0,0,0,0,0,0,0x0b
2026-09-06T20:30:48.499,65535,0,2,50,0,0,0,0,0,0,0x0b
2026-09-06T20:30:48.564,65535,0,2,51,0,0,0,0,0,0,0x0b
2026-09-06T20:30:48.646,65535,0,2,51,0,0,0,0,0,0,0x0b
2026-09-06T20:30:48.711,65535,0,2,51,0,0,0,0,0,0,0x0b
2026-09-06T20:30:48.776,65535,0,2,51,0,0,0,0,0,0,0x0b
2026-09-06T20:30:48.841,65535,0,2,52,0,0,0,0,0,0,0x0b
2026-09-06T20:30:48.907,65535,0,2,53,0,0,0,0,0,0,0x0b
2026-09-06T20:30:48.972,65535,0,2,51,0,0,0,0,0,0,0x0b
2026-09-06T20:30:49.037,65535,0,2,52,0,0,0,0,0,0,0x0b
2026-09-06T20:30:49.102,65535,0,2,50,0,0,0,0,0,0,0x0b
2026-09-06T20:30:49.168,65535,0,2,50,0,0,0,0,0,0,0x0b
2026-09-06T20:30:49.249,65535,0,2,51,0,0,0,0,0,0,0x0b
2026-09-06T20:30:49.315,65535,0,2,52,0,0,0,0,0,0,0x0b
2026-09-06T20:30:49.380,65535,0,2,52,0,0,0,0,0,0,0x0b
2026-09-06T20:30:49.445,65535,0,2,50,0,0,0,0,0,0,0x0b
2026-09-06T20:30:49.510,65535,0,2,51,0,0,0,0,0,0,0x0b
2026-09-06T20:30:49.576,65535,0,2,50,0,0,0,0,0,0,0x0b
2026-09-06T20:30:49.641,65535,0,2,51,0,0,0,0,0,0,0x0b
2026-09-06T20:30:49.706,65535,0,2,51,0,0,0,0,0,0,0x0b
2026-09-06T20:30:49.772,65535,0,2,52,0,0,0,0,0,0,0x0b
2026-09-06T20:30:49.837,65535,0,2,51,0,0,0,0,0,0,0x0b
2026-09-06T20:30:49.918,65535,0,2,51,0,0,0,0,0,0,0x0b
2026-09-06T20:30:49.982,65535,0,2,51,0,0,0,0,0,0,0x0b
2026-09-06T20:30:50.046,65535,0,2,52,0,0,0,0,0,0,0x0b
2026-09-06T20:30:50.112,65535,0,2,52,0,0,0,0,0,0,0x0b
2026-09-06T20:30:50.177,65535,0,2,52,0,0,0,0,0,0,0x0b
2026-09-06T20:30:50.242,65535,0,2,50,0,0,0,0,0,0,0x0b
2026-09-06T20:30:50.307,65535,0,2,51,0,0,0,0,0,0,0x0b
2026-09-06T20:30:50.372,65535,0,2,51,0,0,0,0,0,0,0x0b
2026-09-06T20:30:50.453,65535,0,2,50,0,0,0,0,0,0,0x0b
2026-09-06T20:30:50.518,65535,0,2,50,0,0,0,0,0,0,0x0b
2026-09-06T20:30:50.583,65535,0,2,50,0,0,0,0,0,0,0x0b
2026-09-06T20:30:50.648,65535,0,2,50,0,0,0,0,0,0,0x0b
2026-09-06T20:30:50.713,65535,0,2,50,0,0,0,0,0,0,0x0b
2026-09-06T20:30:50.778,65535,0,2,50,0,0,0,0,0,0,0x0b
2026-09-06T20:30:50.859,65535,0,2,50,0,0,0,0,0,0,0x0b
2026-09-06T20:30:50.908,65535,0,2,52,0,0,0,0,0,0,0x0b
2026-09-06T20:30:50.990,65535,0,2,51,0,0,0,0,0,0,0x0b
2026-09-06T20:30:51.055,65535,0,2,52,0,0,0,0,0,0,0x0b
2026-09-06T20:30:51.121,65535,0,2,52,0,0,0,0,0,0,0x0b
2026-09-06T20:30:51.186,65535,0,2,51,0,0,0,0,0,0,0x0b
2026-09-06T20:30:51.251,65535,0,2,50,0,0,0,0,0,0,0x0b
2026-09-06T20:30:51.316,65535,0,2,51,0,0,0,0,0,0,0x0b
2026-09-06T20:30:51.381,65535,0,2,51,0,0,0,0,0,0,0x0b
2026-09-06T20:30:51.446,65535,0,2,51,0,0,0,0,0,0,0x0b
2026-09-06T20:30:51.511,65535,0,2,51,0,0,0,0,0,0,0x0b
2026-09-06T20:30:51.593,65535,0,2,50,0,0,0,0,0,0,0x0b
2026-09-06T20:30:51.658,65535,0,2,51,0,0,0,0,0,0,0x0b
2026-09-06T20:30:51.723,65535,0,2,51,0,0,0,0,0,0,0x0b
2026-09-06T20:30:51.853,65535,0,2,50,0,0,0,0,0,0,0x0b
2026-09-06T20:30:51.984,65535,0,2,50,0,0,0,0,0,0,0x0b
2026-09-06T20:30:52.048,65535,0,2,51,0,0,0,0,0,0,0x0b
2026-09-06T20:30:52.128,65535,0,2,50,0,0,0,0,0,0,0x0b
2026-09-06T20:30:52.193,65535,0,2,50,0,0,0,0,0,0,0x0b
2026-09-06T20:30:52.259,65535,0,2,50,0,0,0,0,0,0,0x0b
2026-09-06T20:30:52.323,65535,0,2,51,0,0,0,0,0,0,0x0b
2026-09-06T20:30:52.388,65535,0,2,50,0,0,0,0,0,0,0x0b
2026-09-06T20:30:52.453,65535,0,2,51,0,0,0,0,0,0,0x0b
2026-09-06T20:30:52.519,65535,0,2,50,0,0,0,0,0,0,0x0b
2026-09-06T20:30:52.584,65535,0,2,52,0,0,0,0,0,0,0x0b
2026-09-06T20:30:52.665,65535,0,2,52,0,0,0,0,0,0,0x0b
2026-09-06T20:30:52.730,65535,0,2,50,0,0,0,0,0,0,0x0b
2026-09-06T20:30:52.795,65535,0,2,50,0,0,0,0,0,0,0x0b
2026-09-06T20:30:52.860,65535,0,2,51,0,0,0,0,0,0,0x0b
2026-09-06T20:30:52.924,65535,0,2,51,0,0,0,0,0,0,0x0b
2026-09-06T20:30:52.989,65535,0,2,50,0,0,0,0,0,0,0x0b
2026-09-06T20:30:53.054,65535,0,2,52,0,0,0,0,0,0,0x0b
2026-09-06T20:30:53.119,65535,0,2,51,0,0,0,0,0,0,0x0b
2026-09-06T20:30:53.184,65535,0,2,52,0,0,0,0,0,0,0x0b
2026-09-06T20:30:53.265,65535,0,2,50,0,0,0,0,0,0,0x0b
2026-09-06T20:30:53.331,65535,0,2,50,0,0,0,0,0,0,0x0b
2026-09-06T20:30:53.396,65535,0,2,51,0,0,0,0,0,0,0x0b
2026-09-06T20:30:53.461,65535,0,2,51,0,0,0,0,0,0,0x0b
2026-09-06T20:30:53.526,65535,0,2,52,0,0,0,0,0,0,0x0b
2026-09-06T20:30:53.591,65535,0,2,50,0,0,0,0,0,0,0x0b
2026-09-06T20:30:53.656,65535,0,2,51,0,0,0,0,0,0,0x0b
2026-09-06T20:30:53.720,65535,0,2,50,0,0,0,0,0,0,0x0b
2026-09-06T20:30:53.801,65535,0,2,50,0,0,0,0,0,0,0x0b
2026-09-06T20:30:53.866,65535,0,2,51,0,0,0,0,0,0,0x0b
2026-09-06T20:30:53.932,65535,0,2,50,0,0,0,0,0,0,0x0b
2026-09-06T20:30:53.997,65535,0,2,50,0,0,0,0,0,0,0x0b
2026-09-06T20:30:54.062,65535,0,2,50,0,0,0,0,0,0,0x0b
2026-09-06T20:30:54.127,65535,0,2,51,0,0,0,0,0,0,0x0b
2026-09-06T20:30:54.192,65535,0,2,52,0,0,0,0,0,0,0x0b
2026-09-06T20:30:54.257,65535,0,2,51,0,0,0,0,0,0,0x0b
2026-09-06T20:30:54.338,65535,0,2,50,0,0,0,0,0,0,0x0b
2026-09-06T20:30:54.405,65535,0,2,52,0,0,0,0,0,0,0x0b
2026-09-06T20:30:54.470,65535,0,2,51,0,0,0,0,0,0,0x0b
2026-09-06T20:30:54.536,65535,0,2,51,0,0,0,0,0,0,0x0b
2026-09-06T20:30:54.601,65535,0,2,51,0,0,0,0,0,0,0x0b
2026-09-06T20:30:54.667,65535,0,2,52,0,0,0,0,0,0,0x0b
2026-09-06T20:30:54.732,65535,0,2,50,0,0,0,0,0,0,0x0b
2026-09-06T20:30:54.796,65535,0,2,52,0,0,0,0,0,0,0x0b
2026-09-06T20:30:54.861,65535,0,2,52,0,0,0,0,0,0,0x0b
2026-09-06T20:30:54.942,65535,0,2,51,0,0,0,0,0,0,0x0b
2026-09-06T20:30:54.992,65535,0,2,52,0,0,0,0,0,0,0x0b
2026-09-06T20:30:55.073,65535,0,2,52,0,0,0,0,0,0,0x0b
2026-09-06T20:30:55.332,65535,0,2,50,0,0,0,0,0,0,0x0b
2026-09-06T20:30:55.591,65535,0,2,51,0,0,0,0,0,0,0x0b
2026-09-06T20:30:55.607,65535,0,2,51,0,0,0,0,0,0,0x0b
2026-09-06T20:30:55.673,65535,0,2,50,0,0,0,0,0,0,0x0b
2026-09-06T20:30:55.738,65535,0,2,51,0,0,0,0,0,0,0x0b
2026-09-06T20:30:55.803,65535,0,2,51,0,0,0,0,0,0,0x0b
2026-09-06T20:30:55.868,65535,0,2,50,0,0,0,0,0,0,0x0b
2026-09-06T20:30:55.933,65535,0,2,50,0,0,0,0,0,0,0x0b
2026-09-06T20:30:56.014,65535,0,2,50,0,0,0,0,0,0,0x0b
2026-09-06T20:30:56.063,65535,0,2,50,0,0,0,0,0,0,0x0b
2026-09-06T20:30:56.145,65535,0,2,52,0,0,0,0,0,0,0x0b
2026-09-06T20:30:56.210,65535,0,2,50,0,0,0,0,0,0,0x0b
2026-09-06T20:30:56.275,65535,0,2,51,0,0,0,0,0,0,0x0b
2026-09-06T20:30:56.340,65535,0,2,51,0,0,0,0,0,0,0x0b
2026-09-06T20:30:56.405,65535,0,2,51,0,0,0,0,0,0,0x0b
2026-09-06T20:30:56.470,65535,0,2,51,0,0,0,0,0,0,0x0b
2026-09-06T20:30:56.535,65535,0,2,50,0,0,0,0,0,0,0x0b
2026-09-06T20:30:56.600,65535,0,2,50,0,0,0,0,0,0,0x0b
2026-09-06T20:30:56.681,65535,0,2,51,0,0,0,0,0,0,0x0b
2026-09-06T20:30:56.746,65535,0,2,50,0,0,0,0,0,0,0x0b
2026-09-06T20:30:56.812,65535,0,2,52,0,0,0,0,0,0,0x0b
2026-09-06T20:30:56.877,65535,0,2,50,0,0,0,0,0,0,0x0b
2026-09-06T20:30:56.942,65535,0,2,51,0,0,0,0,0,0,0x0b
2026-09-06T20:30:57.008,65535,0,2,50,0,0,0,0,0,0,0x0b
2026-09-06T20:30:57.073,65535,0,2,50,0,0,0,0,0,0,0x0b
2026-09-06T20:30:57.138,65535,0,2,51,0,0,0,0,0,0,0x0b
2026-09-06T20:30:57.204,65535,0,2,51,0,0,0,0,0,0,0x0b
2026-09-06T20:30:57.285,65535,0,2,51,0,0,0,0,0,0,0x0b
2026-09-06T20:30:57.351,65535,0,2,50,0,0,0,0,0,0,0x0b
2026-09-06T20:30:57.416,65535,0,2,51,0,0,0,0,0,0,0x0b
2026-09-06T20:30:57.480,65535,0,2,51,0,0,0,0,0,0,0x0b
2026-09-06T20:30:57.545,65535,0,2,51,0,0,0,0,0,0,0x0b
2026-09-06T20:30:57.610,65535,0,2,50,0,0,0,0,0,0,0x0b
2026-09-06T20:30:57.675,65535,0,2,52,0,0,0,0,0,0,0x0b
2026-09-06T20:30:57.740,65535,0,2,51,0,0,0,0,0,0,0x0b
2026-09-06T20:30:57.821,65535,0,2,51,0,0,0,0,0,0,0x0b
2026-09-06T20:30:57.886,65535,0,2,52,0,0,0,0,0,0,0x0b
2026-09-06T20:30:57.951,65535,0,2,51,0,0,0,0,0,0,0x0b
2026-09-06T20:30:58.017,65535,0,2,51,0,0,0,0,0,0,0x0b
2026-09-06T20:30:58.082,65535,0,2,50,0,0,0,0,0,0,0x0b
2026-09-06T20:30:58.146,65535,0,2,51,0,0,0,0,0,0,0x0b
2026-09-06T20:30:58.211,65535,0,2,51,0,0,0,0,0,0,0x0b
2026-09-06T20:30:58.277,65535,0,2,51,0,0,0,0,0,0,0x0b
2026-09-06T20:30:58.343,65535,0,2,51,0,0,0,0,0,0,0x0b
2026-09-06T20:30:58.408,65535,0,2,51,0,0,0,0,0,0,0x0b
2026-09-06T20:30:58.666,65535,0,2,52,0,0,0,0,0,0,0x0b
2026-09-06T20:30:58.813,65535,0,2,53,0,0,0,0,0,0,0x0b
2026-09-06T20:30:58.878,65535,0,2,50,0,0,0,0,0,0,0x0b
2026-09-06T20:30:58.959,65535,0,2,50,0,0,0,0,0,0,0x0b
2026-09-06T20:30:59.024,65535,0,2,51,0,0,0,0,0,0,0x0b
2026-09-06T20:30:59.090,65535,0,2,50,0,0,0,0,0,0,0x0b
2026-09-06T20:30:59.155,65535,0,2,51,0,0,0,0,0,0,0x0b
2026-09-06T20:30:59.220,65535,0,2,51,0,0,0,0,0,0,0x0b
2026-09-06T20:30:59.285,65535,0,2,50,0,0,0,0,0,0,0x0b
2026-09-06T20:30:59.351,65535,0,2,50,0,0,0,0,0,0,0x0b
2026-09-06T20:30:59.415,65535,0,2,51,0,0,0,0,0,0,0x0b
2026-09-06T20:30:59.481,65535,0,2,51,0,0,0,0,0,0,0x0b
2026-09-06T20:30:59.562,65535,0,2,51,0,0,0,0,0,0,0x0b
2026-09-06T20:30:59.628,65535,0,2,50,0,0,0,0,0,0,0x0b
2026-09-06T20:30:59.693,65535,0,2,52,0,0,0,0,0,0,0x0b
2026-09-06T20:30:59.758,65535,0,2,53,0,0,0,0,0,0,0x0b
2026-09-06T20:30:59.824,65535,0,2,52,0,0,0,0,0,0,0x0b
2026-09-06T20:30:59.889,65535,0,2,52,0,0,0,0,0,0,0x0b
2026-09-06T20:30:59.955,65535,0,2,51,0,0,0,0,0,0,0x0b
2026-09-06T20:31:00.019,65535,0,2,51,0,0,0,0,0,0,0x0b
2026-09-06T20:31:00.084,65535,0,2,51,0,0,0,0,0,0,0x0b
2026-09-06T20:31:00.148,65535,0,2,51,0,0,0,0,0,0,0x0b
2026-09-06T20:31:00.294,65535,0,2,51,0,0,0,0,0,0,0x0b
2026-09-06T20:31:00.359,65535,0,2,51,0,0,0,0,0,0,0x0b
2026-09-06T20:31:00.424,65535,0,2,50,0,0,0,0,0,0,0x0b
2026-09-06T20:31:00.489,65535,0,2,50,0,0,0,0,0,0,0x0b
2026-09-06T20:31:00.554,65535,0,2,52,0,0,0,0,0,0,0x0b
2026-09-06T20:31:00.635,65535,0,2,50,0,0,0,0,0,0,0x0b
2026-09-06T20:31:00.684,65535,0,2,50,0,0,0,0,0,0,0x0b
2026-09-06T20:31:00.765,65535,0,2,52,0,0,0,0,0,0,0x0b
2026-09-06T20:31:00.830,65535,0,2,50,0,0,0,0,0,0,0x0b
2026-09-06T20:31:00.895,65535,0,2,54,0,0,0,0,0,0,0x0b
2026-09-06T20:31:00.960,65535,0,2,51,0,0,0,0,0,0,0x0b
2026-09-06T20:31:01.025,65535,0,2,52,0,0,0,0,0,0,0x0b
2026-09-06T20:31:01.091,65535,0,2,50,0,0,0,0,0,0,0x0b
2026-09-06T20:31:01.155,65535,0,2,52,0,0,0,0,0,0,0x0b
2026-09-06T20:31:01.220,65535,0,2,52,0,0,0,0,0,0,0x0b
2026-09-06T20:31:01.302,65535,0,2,51,0,0,0,0,0,0,0x0b
2026-09-06T20:31:01.367,65535,0,2,50,0,0,0,0,0,0,0x0b
2026-09-06T20:31:01.432,65535,0,2,51,0,0,0,0,0,0,0x0b
2026-09-06T20:31:01.497,65535,0,2,50,0,0,0,0,0,0,0x0b
2026-09-06T20:31:01.562,65535,0,2,52,0,0,0,0,0,0,0x0b
2026-09-06T20:31:01.628,65535,0,2,52,0,0,0,0,0,0,0x0b
2026-09-06T20:31:01.693,65535,0,2,52,0,0,0,0,0,0,0x0b
2026-09-06T20:31:01.759,65535,0,2,52,0,0,0,0,0,0,0x0b
2026-09-06T20:31:01.824,65535,0,2,51,0,0,0,0,0,0,0x0b
2026-09-06T20:31:01.906,65535,0,2,51,0,0,0,0,0,0,0x0b
2026-09-06T20:31:01.971,65535,0,2,52,0,0,0,0,0,0,0x0b
2026-09-06T20:31:02.036,65535,0,2,51,0,0,0,0,0,0,0x0b
2026-09-06T20:31:02.101,65535,0,2,50,0,0,0,0,0,0,0x0b
2026-09-06T20:31:02.166,65535,0,2,51,0,0,0,0,0,0,0x0b
2026-09-06T20:31:02.230,65535,0,2,51,0,0,0,0,0,0,0x0b
2026-09-06T20:31:02.295,65535,0,2,52,0,0,0,0,0,0,0x0b
2026-09-06T20:31:02.360,65535,0,2,52,0,0,0,0,0,0,0x0b
2026-09-06T20:31:02.441,65535,0,2,52,0,0,0,0,0,0,0x0b
2026-09-06T20:31:02.506,65535,0,2,50,0,0,0,0,0,0,0x0b
2026-09-06T20:31:02.572,65535,0,2,52,0,0,0,0,0,0,0x0b
2026-09-06T20:31:02.637,65535,0,2,50,0,0,0,0,0,0,0x0b
2026-09-06T20:31:02.702,65535,0,2,50,0,0,0,0,0,0,0x0b
2026-09-06T20:31:02.766,65535,0,2,52,0,0,0,0,0,0,0x0b
2026-09-06T20:31:02.831,65535,0,2,51,0,0,0,0,0,0,0x0b
2026-09-06T20:31:02.896,65535,0,2,50,0,0,0,0,0,0,0x0b
2026-09-06T20:31:02.978,65535,0,2,51,0,0,0,0,0,0,0x0b
2026-09-06T20:31:03.043,65535,0,2,54,0,0,0,0,0,0,0x0b
2026-09-06T20:31:03.108,65535,0,2,50,0,0,0,0,0,0,0x0b
2026-09-06T20:31:03.173,65535,0,2,52,0,0,0,0,0,0,0x0b
2026-09-06T20:31:03.238,65535,0,2,50,0,0,0,0,0,0,0x0b
2026-09-06T20:31:03.303,65535,0,2,52,0,0,0,0,0,0,0x0b
2026-09-06T20:31:03.368,65535,0,2,52,0,0,0,0,0,0,0x0b
2026-09-06T20:31:03.433,65535,0,2,51,0,0,0,0,0,0,0x0b
2026-09-06T20:31:03.498,65535,0,2,50,0,0,0,0,0,0,0x0b
2026-09-06T20:31:03.563,65535,0,2,52,0,0,0,0,0,0,0x0b
2026-09-06T20:31:03.644,65535,0,2,51,0,0,0,0,0,0,0x0b
2026-09-06T20:31:03.710,65535,0,2,52,0,0,0,0,0,0,0x0b
2026-09-06T20:31:03.775,65535,0,2,52,0,0,0,0,0,0,0x0b
2026-09-06T20:31:03.840,65535,0,2,51,0,0,0,0,0,0,0x0b
2026-09-06T20:31:03.905,65535,0,2,50,0,0,0,0,0,0,0x0b
2026-09-06T20:31:03.970,65535,0,2,52,0,0,0,0,0,0,0x0b
2026-09-06T20:31:04.035,65535,0,2,52,0,0,0,0,0,0,0x0b
2026-09-06T20:31:04.099,65535,0,2,51,0,0,0,0,0,0,0x0b
2026-09-06T20:31:04.180,65535,0,2,50,0,0,0,0,0,0,0x0b
2026-09-06T20:31:04.246,65535,0,2,50,0,0,0,0,0,0,0x0b
2026-09-06T20:31:04.262,65535,0,2,51,0,0,0,0,0,0,0x0b
