timestamp,sequence,team,robot_id,interval_ms,left_target_eps,left_measured_eps,left_duty,right_target_eps,right_measured_eps,right_duty,flags
2026-09-06T17:11:51.100,344,0,1,53,0,0,0,0,0,0,0x03
2026-09-06T17:11:51.120,347,0,2,51,0,0,0,0,0,0,0x03
2026-09-06T17:11:51.120,346,0,1,51,0,0,0,0,0,0,0x03
2026-09-06T17:11:51.185,349,0,2,50,0,0,0,0,0,0,0x03
2026-09-06T17:11:51.185,348,0,1,51,0,0,0,0,0,0,0x03
2026-09-06T17:11:51.266,1,0,2,50,0,0,0,0,0,0,0x03
2026-09-06T17:11:51.266,0,0,1,51,0,0,0,0,0,0,0x03
2026-09-06T17:11:51.332,3,0,2,52,0,0,0,0,0,0,0x03
2026-09-06T17:11:51.332,2,0,1,51,0,0,0,0,0,0,0x03
2026-09-06T17:11:51.397,5,0,2,50,0,0,0,0,0,0,0x03
2026-09-06T17:11:51.397,4,0,1,50,0,0,0,0,0,0,0x03
2026-09-06T17:11:51.462,7,0,2,51,0,0,0,0,0,0,0x03
2026-09-06T17:11:51.462,6,0,1,52,0,0,0,0,0,0,0x03
2026-09-06T17:11:51.527,9,0,2,50,0,0,0,0,0,0,0x03
2026-09-06T17:11:51.527,8,0,1,51,0,0,0,0,0,0,0x03
2026-09-06T17:11:51.592,11,0,2,52,0,0,0,0,0,0,0x03
2026-09-06T17:11:51.592,10,0,1,52,0,0,0,0,0,0,0x03
2026-09-06T17:11:51.656,13,0,2,50,0,0,0,0,0,0,0x03
2026-09-06T17:11:51.656,12,0,1,52,0,0,0,0,0,0,0x03
2026-09-06T17:11:51.721,15,0,2,51,0,0,0,0,0,0,0x03
2026-09-06T17:11:51.721,14,0,1,50,0,0,0,0,0,0,0x03
2026-09-06T17:11:51.803,17,0,2,50,0,0,0,0,0,0,0x03
2026-09-06T17:11:51.803,16,0,1,51,0,0,0,0,0,0,0x03
2026-09-06T17:11:51.868,19,0,2,51,0,0,0,0,0,0,0x03
2026-09-06T17:11:51.868,18,0,1,51,0,0,0,0,0,0,0x03
2026-09-06T17:11:51.934,21,0,2,51,0,0,0,0,0,0,0x03
2026-09-06T17:11:51.934,20,0,1,51,0,0,0,0,0,0,0x03
2026-09-06T17:11:51.998,23,0,2,55,0,0,0,0,0,0,0x03
2026-09-06T17:11:51.998,22,0,1,52,0,0,0,0,0,0,0x03
2026-09-06T17:11:52.064,25,0,2,52,0,0,0,0,0,0,0x03
2026-09-06T17:11:52.064,24,0,1,50,0,0,0,0,0,0,0x03
2026-09-06T17:11:52.129,27,0,2,50,0,0,0,0,0,0,0x03
2026-09-06T17:11:52.129,26,0,1,51,0,0,0,0,0,0,0x03
2026-09-06T17:11:52.194,29,0,2,52,0,0,0,0,0,0,0x03
2026-09-06T17:11:52.194,28,0,1,53,0,0,0,0,0,0,0x03
2026-09-06T17:11:52.259,31,0,2,51,0,0,0,0,0,0,0x03
2026-09-06T17:11:52.259,30,0,1,51,0,0,0,0,0,0,0x03
2026-09-06T17:11:52.340,33,0,2,51,0,0,0,0,0,0,0x03
2026-09-06T17:11:52.340,32,0,1,50,0,0,0,0,0,0,0x03
2026-09-06T17:11:52.389,35,0,2,51,0,0,0,0,0,0,0x03
2026-09-06T17:11:52.389,34,0,1,50,0,0,0,0,0,0,0x03
2026-09-06T17:11:52.470,37,0,2,50,0,0,0,0,0,0,0x03
2026-09-06T17:11:52.470,36,0,1,52,0,0,0,0,0,0,0x03
2026-09-06T17:11:52.535,39,0,2,50,0,0,0,0,0,0,0x03
2026-09-06T17:11:52.535,38,0,1,50,0,0,0,0,0,0,0x03
2026-09-06T17:11:52.600,41,0,2,51,0,0,0,0,0,0,0x03
2026-09-06T17:11:52.600,40,0,1,50,0,0,0,0,0,0,0x03
2026-09-06T17:11:52.665,43,0,2,50,0,0,0,0,0,0,0x03
2026-09-06T17:11:52.665,42,0,1,51,0,0,0,0,0,0,0x03
2026-09-06T17:11:52.730,45,0,2,51,0,0,0,0,0,0,0x03
2026-09-06T17:11:52.730,44,0,1,51,0,0,0,0,0,0,0x03
2026-09-06T17:11:52.795,47,0,2,52,0,0,0,0,0,0,0x03
2026-09-06T17:11:52.795,46,0,1,51,0,0,0,0,0,0,0x03
2026-09-06T17:11:52.860,49,0,2,51,0,0,0,0,0,0,0x03
2026-09-06T17:11:52.860,48,0,1,52,0,0,0,0,0,0,0x03
2026-09-06T17:11:52.925,51,0,2,50,0,0,0,0,0,0,0x03
2026-09-06T17:11:52.925,50,0,1,52,0,0,0,0,0,0,0x03
2026-09-06T17:11:53.006,53,0,2,51,0,0,0,0,0,0,0x03
2026-09-06T17:11:53.071,55,0,2,52,0,0,0,0,0,0,0x03
2026-09-06T17:11:53.072,54,0,1,52,0,0,0,0,0,0,0x03
2026-09-06T17:11:53.136,55,0,2,51,0,0,0,0,0,0,0x03
2026-09-06T17:11:53.136,54,0,1,51,0,0,0,0,0,0,0x03
2026-09-06T17:11:53.201,55,0,2,50,0,0,0,0,0,0,0x03
2026-09-06T17:11:53.201,58,0,1,51,0,0,0,0,0,0,0x03
2026-09-06T17:11:53.266,61,0,2,50,0,0,0,0,0,0,0x03
2026-09-06T17:11:53.266,60,0,1,51,0,0,0,0,0,0,0x03
2026-09-06T17:11:53.331,63,0,2,50,0,0,0,0,0,0,0x03
2026-09-06T17:11:53.331,62,0,1,52,0,0,0,0,0,0,0x03
2026-09-06T17:11:53.396,65,0,2,51,0,0,0,0,0,0,0x03
2026-09-06T17:11:53.396,64,0,1,51,0,0,0,0,0,0,0x03
2026-09-06T17:11:53.461,67,0,2,51,0,0,0,0,0,0,0x03
2026-09-06T17:11:53.461,66,0,1,50,0,0,0,0,0,0,0x03
2026-09-06T17:11:53.543,69,0,2,52,0,0,0,0,0,0,0x03
2026-09-06T17:11:53.543,68,0,1,50,0,0,0,0,0,0,0x03
2026-09-06T17:11:53.607,71,0,2,52,0,0,0,0,0,0,0x03
2026-09-06T17:11:53.607,70,0,1,51,0,0,0,0,0,0,0x03
2026-09-06T17:11:53.672,73,0,2,51,0,0,0,0,0,0,0x03
2026-09-06T17:11:53.672,72,0,1,50,0,0,0,0,0,0,0x03
2026-09-06T17:11:53.738,75,0,2,51,0,0,0,0,0,0,0x03
2026-09-06T17:11:53.738,74,0,1,50,0,0,0,0,0,0,0x03
2026-09-06T17:11:53.803,77,0,2,50,0,0,0,0,0,0,0x03
2026-09-06T17:11:53.803,76,0,1,50,0,0,0,0,0,0,0x03
2026-09-06T17:11:53.868,79,0,2,52,0,0,0,0,0,0,0x03
2026-09-06T17:11:53.933,81,0,2,50,0,0,0,0,0,0,0x03
2026-09-06T17:11:53.933,80,0,1,50,0,0,0,0,0,0,0x03
2026-09-06T17:11:53.998,81,0,2,52,0,0,0,0,0,0,0x03
2026-09-06T17:11:53.998,80,0,1,50,0,0,0,0,0,0,0x03
2026-09-06T17:11:54.079,81,0,2,52,0,0,0,0,0,0,0x03
2026-09-06T17:11:54.079,84,0,1,50,0,0,0,0,0,0,0x03
2026-09-06T17:11:54.144,87,0,2,52,0,0,0,0,0,0,0x03
2026-09-06T17:11:54.144,86,0,1,53,0,0,0,0,0,0,0x03
2026-09-06T17:11:54.209,89,0,2,50,0,0,0,0,0,0,0x03
2026-09-06T17:11:54.209,88,0,1,50,0,0,0,0,0,0,0x03
2026-09-06T17:11:54.274,91,0,2,51,0,0,0,0,0,0,0x03
2026-09-06T17:11:54.274,90,0,1,50,0,0,0,0,0,0,0x03
2026-09-06T17:11:54.339,93,0,2,50,0,0,0,0,0,0,0x03
2026-09-06T17:11:54.340,92,0,1,50,0,0,0,0,0,0,0x03
2026-09-06T17:11:54.405,95,0,2,55,0,0,0,0,0,0,0x03
2026-09-06T17:11:54.405,94,0,1,50,0,0,0,0,0,0,0x03
2026-09-06T17:11:54.470,97,0,2,51,0,0,0,0,0,0,0x03
2026-09-06T17:11:54.470,96,0,1,50,0,0,0,0,0,0,0x03
2026-09-06T17:11:54.535,99,0,2,51,0,0,0,0,0,0,0x03
2026-09-06T17:11:54.535,98,0,1,50,0,0,0,0,0,0,0x03
2026-09-06T17:11:54.617,101,0,2,51,0,0,0,0,0,0,0x03
2026-09-06T17:11:54.617,100,0,1,52,0,0,0,0,0,0,0x03
2026-09-06T17:11:54.665,103,0,2,50,0,0,0,0,0,0,0x03
2026-09-06T17:11:54.665,102,0,1,50,0,0,0,0,0,0,0x03
2026-09-06T17:11:54.747,105,0,2,50,0,0,0,0,0,0,0x03
2026-09-06T17:11:54.747,104,0,1,50,0,0,0,0,0,0,0x03
2026-09-06T17:11:54.812,107,0,2,51,0,0,0,0,0,0,0x03
2026-09-06T17:11:54.812,106,0,1,51,0,0,0,0,0,0,0x03
2026-09-06T17:11:54.877,109,0,2,51,0,0,0,0,0,0,0x03
2026-09-06T17:11:54.877,108,0,1,52,0,0,0,0,0,0,0x03
2026-09-06T17:11:54.943,111,0,2,50,0,0,0,0,0,0,0x03
2026-09-06T17:11:54.943,110,0,1,50,0,0,0,0,0,0,0x03
2026-09-06T17:11:55.008,113,0,2,51,0,0,0,0,0,0,0x03
2026-09-06T17:11:55.008,112,0,1,50,0,0,0,0,0,0,0x03
2026-09-06T17:11:55.073,115,0,2,51,0,0,0,0,0,0,0x03
2026-09-06T17:11:55.073,114,0,1,52,0,0,0,0,0,0,0x03
2026-09-06T17:11:55.138,117,0,2,51,0,0,0,0,0,0,0x03
2026-09-06T17:11:55.138,116,0,1,52,0,0,0,0,0,0,0x03
2026-09-06T17:11:55.203,119,0,2,51,0,0,0,0,0,0,0x03
2026-09-06T17:11:55.203,118,0,1,52,0,0,0,0,0,0,0x03
2026-09-06T17:11:55.285,121,0,2,54,0,0,0,0,0,0,0x03
2026-09-06T17:11:55.285,120,0,1,50,0,0,0,0,0,0,0x03
2026-09-06T17:11:55.350,123,0,2,52,0,0,0,0,0,0,0x03
2026-09-06T17:11:55.350,122,0,1,52,0,0,0,0,0,0,0x03
2026-09-06T17:11:55.414,125,0,2,51,0,0,0,0,0,0,0x03
2026-09-06T17:11:55.414,124,0,1,52,0,0,0,0,0,0,0x03
2026-09-06T17:11:55.479,127,0,2,50,0,0,0,0,0,0,0x03
2026-09-06T17:11:55.479,126,0,1,50,0,0,0,0,0,0,0x03
2026-09-06T17:11:55.544,129,0,2,50,0,0,0,0,0,0,0x03
2026-09-06T17:11:55.544,128,0,1,50,0,0,0,0,0,0,0x03
2026-09-06T17:11:55.610,131,0,2,51,0,0,0,0,0,0,0x03
2026-09-06T17:11:55.610,130,0,1,52,0,0,0,0,0,0,0x03
2026-09-06T17:11:55.675,133,0,2,51,0,0,0,0,0,0,0x03
2026-09-06T17:11:55.675,132,0,1,51,0,0,0,0,0,0,0x03
2026-09-06T17:11:55.739,135,0,2,51,0,0,0,0,0,0,0x03
2026-09-06T17:11:55.739,134,0,1,52,0,0,0,0,0,0,0x03
2026-09-06T17:11:55.821,137,0,2,51,0,0,0,0,0,0,0x03
2026-09-06T17:11:55.821,136,0,1,52,0,0,0,0,0,0,0x03
2026-09-06T17:11:55.886,139,0,2,50,0,0,0,0,0,0,0x03
2026-09-06T17:11:55.886,138,0,1,51,0,0,0,0,0,0,0x03
2026-09-06T17:11:55.950,141,0,2,50,0,0,29858,0,0,33257,0x07
2026-09-06T17:11:55.950,140,0,1,51,0,0,29131,0,0,31098,0x07
2026-09-06T17:11:56.015,143,0,2,52,3374,635,40000,3493,692,40000,0x07
2026-09-06T17:11:56.015,142,0,1,50,2997,1160,36940,3500,0,40000,0x07
2026-09-06T17:11:56.080,145,0,2,51,3374,1627,37281,3486,2706,36509,0x07
2026-09-06T17:11:56.080,144,0,1,50,3128,880,39790,3395,0,40000,0x07
2026-09-06T17:11:56.146,147,0,2,51,3374,1294,38698,3486,3373,33676,0x07
2026-09-06T17:11:56.146,146,0,1,51,3127,1137,38682,3395,0,40000,0x07
2026-09-06T17:11:56.211,149,0,2,50,3357,1400,38043,3500,2820,36212,0x07
2026-09-06T17:11:56.211,148,0,1,51,3124,1549,36894,3394,0,40000,0x07
2026-09-06T17:11:56.276,151,0,2,51,3364,1588,37327,3500,2824,36197,0x07
2026-09-06T17:11:56.276,150,0,1,52,2879,1885,32348,3305,0,40000,0x07
2026-09-06T17:11:56.341,153,0,2,50,3237,2000,34003,3500,2840,36127,0x07
2026-09-06T17:11:56.341,152,0,1,51,2388,2039,25446,2978,0,39536,0x07
2026-09-06T17:11:56.423,155,0,2,50,3127,2360,31107,3476,2540,37089,0x07
2026-09-06T17:11:56.423,154,0,1,50,1037,1960,8567,1967,0,27045,0x07
2026-09-06T17:11:56.488,157,0,2,50,2794,2420,26738,3292,2700,33987,0x07
2026-09-06T17:11:56.488,156,0,1,55,408,1018,4555,1327,0,19152,0x07
2026-09-06T17:11:56.554,159,0,2,50,2437,2420,22319,2986,2620,30293,0x07
2026-09-06T17:11:56.554,158,0,1,52,408,808,5450,1327,0,19152,0x07
2026-09-06T17:11:56.619,161,0,2,50,1772,2500,13752,2465,2180,25316,0x07
2026-09-06T17:11:56.619,160,0,1,50,0,0,4272,1695,0,23697,0x07
2026-09-06T17:11:56.683,163,0,2,54,351,1148,1917,1386,2074,11566,0x07
2026-09-06T17:11:56.683,162,0,1,51,0,0,32327,0,0,20358,0x07
2026-09-06T17:11:56.748,165,0,2,50,0,0,10052,1386,1740,12986,0x07
2026-09-06T17:11:56.748,164,0,1,52,3374,923,40000,0,0,6435,0x07
2026-09-06T17:11:56.813,167,0,2,50,-936,-360,12498,1558,1620,15766,0x07
2026-09-06T17:11:56.813,166,0,1,51,1250,1020,15284,453,549,6026,0x07
2026-09-06T17:11:56.878,169,0,2,50,0,0,3978,1163,1680,10317,0x07
2026-09-06T17:11:56.878,168,0,1,50,1249,740,16459,454,20,8287,0x07
2026-09-06T17:11:56.959,171,0,2,50,188,400,3077,1406,1160,15714,0x07
2026-09-06T17:11:56.959,170,0,1,50,1261,800,16350,442,0,8226,0x07
2026-09-06T17:11:57.008,173,0,2,50,350,240,5765,1387,1140,15550,0x07
2026-09-06T17:11:57.008,172,0,1,52,1204,846,15433,501,0,8952,0x07
2026-09-06T17:11:57.090,175,0,2,51,428,255,6662,1307,1059,14840,0x07
2026-09-06T17:11:57.090,174,0,1,53,1074,830,13845,636,0,10615,0x07
2026-09-06T17:11:57.155,177,0,2,54,560,463,7418,1169,1019,13198,0x07
2026-09-06T17:11:57.155,176,0,1,53,1074,830,13845,636,0,10615,0x07
2026-09-06T17:11:57.221,179,0,2,51,708,216,10289,1016,922,11602,0x07
2026-09-06T17:11:57.221,178,0,1,52,1416,865,18049,1141,0,16849,0x07
2026-09-06T17:11:57.286,181,0,2,51,2186,314,28166,2204,843,27563,0x07
2026-09-06T17:11:57.286,180,0,1,51,2143,922,27072,2016,0,27658,0x07
2026-09-06T17:11:57.351,183,0,2,55,3374,1127,39407,3330,1927,37774,0x07
2026-09-06T17:11:57.351,182,0,1,55,3130,1255,38228,3354,0,40000,0x07
2026-09-06T17:11:57.415,185,0,2,50,3374,1800,36548,3330,2400,35765,0x07
2026-09-06T17:11:57.415,184,0,1,51,3130,1510,37143,3354,20,40000,0x07
2026-09-06T17:11:57.497,187,0,2,50,3374,2100,35272,3127,2240,33765,0x07
2026-09-06T17:11:57.497,186,0,1,51,3272,1804,37697,3500,0,40000,0x07
2026-09-06T17:11:57.545,189,0,2,51,3062,2294,30583,2667,2510,26571,0x07
2026-09-06T17:11:57.546,188,0,1,51,3069,2000,34277,3500,0,40000,0x07
2026-09-06T17:11:57.627,191,0,2,51,2704,2471,25403,2316,2039,23958,0x07
2026-09-06T17:11:57.627,190,0,1,51,1635,1765,17012,2646,0,35432,0x07
2026-09-06T17:11:57.692,193,0,2,51,2515,2608,22481,2168,1980,22260,0x07
2026-09-06T17:11:57.692,192,0,1,50,0,0,3931,1561,20,21958,0x07
2026-09-06T17:11:57.757,195,0,2,51,2725,2471,25666,2598,2157,27164,0x07
2026-09-06T17:11:57.757,194,0,1,53,-126,-453,3368,1881,0,25982,0x07
2026-09-06T17:11:57.822,197,0,2,51,2725,2588,25166,2598,2216,26914,0x07
2026-09-06T17:11:57.823,196,0,1,51,0,0,32327,0,0,19381,0x07
2026-09-06T17:11:57.887,199,0,2,50,2911,2560,27595,2836,2280,29778,0x07
2026-09-06T17:11:57.887,198,0,1,51,3374,1039,40000,0,0,8118,0x07
2026-09-06T17:11:57.952,201,0,2,50,3087,2820,28660,3099,2420,32631,0x07
2026-09-06T17:11:57.952,200,0,1,52,1050,1385,11179,661,115,10436,0x07
2026-09-06T17:11:58.017,203,0,2,51,2242,2549,19359,1762,2235,15836,0x07
2026-09-06T17:11:58.017,202,0,1,54,1070,685,14406,640,0,10671,0x07
2026-09-06T17:11:58.082,205,0,2,51,1883,2451,15333,1501,2078,13062,0x07
2026-09-06T17:11:58.082,204,0,1,52,1070,635,14621,640,0,10671,0x07
2026-09-06T17:11:58.163,207,0,2,52,1410,2250,10331,760,1865,4224,0x07
2026-09-06T17:11:58.163,206,0,1,51,1529,588,20667,1213,0,17744,0x07
2026-09-06T17:11:58.227,209,0,2,50,-1213,-80,17120,3008,780,38413,0x07
2026-09-06T17:11:58.227,208,0,1,51,2148,745,27877,1992,20,27273,0x07
2026-09-06T17:11:58.292,211,0,2,50,0,0,3693,3008,2380,31613,0x07
2026-09-06T17:11:58.292,210,0,1,52,2683,1135,33043,2671,0,35738,0x07
2026-09-06T17:11:58.357,213,0,2,50,153,180,3578,1591,2760,11359,0x07
2026-09-06T17:11:58.357,212,0,1,50,3026,1440,36115,3085,0,40000,0x07
2026-09-06T17:11:58.421,215,0,2,51,1849,1451,19166,638,1078,5961,0x07
2026-09-06T17:11:58.422,214,0,1,51,3237,1608,38092,3440,0,40000,0x07
2026-09-06T17:11:58.486,217,0,2,50,1,780,3901,1032,700,12751,0x07
2026-09-06T17:11:58.486,216,0,1,50,3214,2060,35879,3500,0,40000,0x07
2026-09-06T17:11:58.552,219,0,2,50,178,280,3470,900,1020,9655,0x07
2026-09-06T17:11:58.552,218,0,1,52,2718,2115,29325,3378,0,40000,0x07
2026-09-06T17:11:58.617,221,0,2,51,1596,451,20281,1878,1098,22188,0x07
2026-09-06T17:11:58.617,220,0,1,51,1467,2118,13376,2388,0,32247,0x07
2026-09-06T17:11:58.698,222,0,1,51,219,1647,4391,1522,0,21563,0x07
2026-09-06T17:11:58.764,223,0,2,50,1596,1400,16248,1878,1720,19544,0x07
2026-09-06T17:11:58.764,222,0,1,52,83,769,1473,1664,0,23312,0x07
2026-09-06T17:11:58.829,223,0,2,50,1748,820,20591,2050,1180,24105,0x07
2026-09-06T17:11:58.829,222,0,1,58,83,552,2397,1664,0,23312,0x07
2026-09-06T17:11:58.894,229,0,2,51,0,0,15664,0,0,20813,0x07
2026-09-06T17:11:58.894,228,0,1,50,0,0,13237,0,0,7491,0x07
2026-09-06T17:11:58.959,231,0,2,51,1627,314,21244,2095,745,26552,0x07
2026-09-06T17:11:58.959,230,0,1,51,1125,824,14518,583,0,9971,0x07
2026-09-06T17:11:59.025,233,0,2,54,2317,685,28211,2641,1019,32564,0x07
2026-09-06T17:11:59.025,232,0,1,50,1094,220,16683,616,0,10369,0x07
2026-09-06T17:11:59.090,235,0,2,50,2317,880,27383,2641,880,33153,0x07
2026-09-06T17:11:59.090,234,0,1,52,1093,288,16388,616,0,10373,0x07
2026-09-06T17:11:59.155,237,0,2,51,2725,804,32749,2964,608,38569,0x07
2026-09-06T17:11:59.155,236,0,1,54,1207,352,17571,755,0,12089,0x07
2026-09-06T17:11:59.237,239,0,2,50,2891,960,34144,3150,1040,39174,0x07
2026-09-06T17:11:59.237,238,0,1,50,1207,460,17112,755,0,12089,0x07
2026-09-06T17:11:59.286,241,0,2,51,2747,980,32279,3141,2059,34728,0x07
2026-09-06T17:11:59.286,240,0,1,51,1596,490,21935,1232,0,17981,0x07
2026-09-06T17:11:59.367,243,0,2,51,2510,1157,28586,2989,2667,30141,0x07
2026-09-06T17:11:59.367,242,0,1,51,1948,784,25175,1651,0,23149,0x07
2026-09-06T17:11:59.431,245,0,2,50,2083,700,25250,2673,2160,28141,0x07
2026-09-06T17:11:59.431,244,0,1,50,2262,1000,28247,2030,0,27832,0x07
2026-09-06T17:11:59.496,247,0,2,50,1466,0,20594,2167,0,30658,0x07
2026-09-06T17:11:59.561,249,0,2,51,441,0,7913,1318,0,19497,0x07
2026-09-06T17:11:59.561,248,0,1,50,3200,1540,37908,3423,0,40000,0x07
2026-09-06T17:11:59.626,249,0,2,50,433,0,7812,1301,0,19263,0x07
2026-09-06T17:11:59.627,248,0,1,51,3200,1804,36786,3423,0,40000,0x07
2026-09-06T17:11:59.691,249,0,2,51,433,0,7812,1301,0,19263,0x07
2026-09-06T17:11:59.692,252,0,1,50,3200,2020,35868,3423,0,40000,0x07
2026-09-06T17:11:59.772,255,0,2,50,0,0,6283,0,0,13379,0x07
2026-09-06T17:11:59.772,254,0,1,50,2428,2140,25516,3201,0,40000,0x07
2026-09-06T17:11:59.821,257,0,2,52,472,19,8206,1261,58,18492,0x07
2026-09-06T17:11:59.821,256,0,1,51,3003,2039,33277,3188,0,40000,0x07
2026-09-06T17:11:59.902,259,0,2,52,483,0,8425,1249,0,18585,0x07
2026-09-06T17:11:59.902,258,0,1,51,1239,2000,10967,2259,0,30653,0x07
2026-09-06T17:11:59.968,261,0,2,50,488,0,8484,1244,0,18521,0x07
2026-09-06T17:11:59.968,260,0,1,50,195,1480,4117,1548,0,21883,0x07
2026-09-06T17:12:00.032,263,0,2,52,3,0,2485,1748,0,25142,0x07
2026-09-06T17:12:00.032,262,0,1,52,0,0,4629,1698,0,23727,0x07
2026-09-06T17:12:00.097,265,0,2,51,350,0,6778,1387,0,20404,0x07
2026-09-06T17:12:00.097,264,0,1,50,0,0,32327,0,0,19268,0x07
2026-09-06T17:12:00.162,267,0,2,52,342,0,6688,1395,0,20501,0x07
2026-09-06T17:12:00.162,266,0,1,51,3374,353,40000,0,0,7763,0x07
2026-09-06T17:12:00.227,269,0,2,50,349,0,6768,1388,0,20418,0x07
2026-09-06T17:12:00.227,268,0,1,55,1067,491,15193,644,418,8937,0x07
2026-09-06T17:12:00.309,271,0,2,51,351,0,6789,1386,0,20390,0x07
2026-09-06T17:12:00.309,270,0,1,50,1067,780,13964,644,0,10715,0x07
2026-09-06T17:12:00.357,273,0,2,50,351,0,6789,1386,0,20390,0x07
2026-09-06T17:12:00.357,272,0,1,50,1097,700,14682,612,0,10330,0x07
2026-09-06T17:12:00.438,275,0,2,51,375,0,7095,1361,0,20054,0x07
2026-09-06T17:12:00.438,274,0,1,51,1256,706,16694,897,0,13847,0x07
2026-09-06T17:12:00.503,277,0,2,50,353,0,6822,1384,0,20353,0x07
2026-09-06T17:12:00.503,276,0,1,51,1895,725,24746,1677,39,23301,0x07
2026-09-06T17:12:00.568,279,0,2,51,379,0,7140,1357,0,20004,0x07
2026-09-06T17:12:00.568,278,0,1,50,2515,860,32069,2475,0,33323,0x07
2026-09-06T17:12:00.633,281,0,2,50,361,0,6915,0,0,17737,0x07
2026-09-06T17:12:00.633,280,0,1,54,3236,1426,38849,3481,0,40000,0x07
2026-09-06T17:12:00.699,283,0,2,50,1687,80,22985,-1750,-1700,17950,0x07
2026-09-06T17:12:00.699,282,0,1,50,3236,1720,37599,3481,0,40000,0x07
2026-09-06T17:12:00.764,285,0,2,52,1687,0,23325,-1750,-827,21660,0x07
2026-09-06T17:12:00.764,284,0,1,50,3238,1880,36939,3500,0,40000,0x07
2026-09-06T17:12:00.829,287,0,2,51,1687,0,23325,-1750,-529,22924,0x07
2026-09-06T17:12:00.829,286,0,1,50,2831,2040,31077,3434,0,40000,0x07
2026-09-06T17:12:00.894,289,0,2,50,1687,40,23155,-1750,-740,22030,0x07
2026-09-06T17:12:00.894,288,0,1,50,1928,1760,20767,2721,0,36360,0x07
2026-09-06T17:12:00.974,291,0,2,50,1687,640,20605,-1750,-1060,20670,0x07
2026-09-06T17:12:00.974,290,0,1,51,348,1902,42,1389,0,19912,0x07
2026-09-06T17:12:01.039,293,0,2,50,0,0,0,0,0,0,0x03
2026-09-06T17:12:01.039,292,0,1,52,197,981,2036,1545,0,21843,0x07
2026-09-06T17:12:01.104,295,0,2,58,3374,17,40000,-1906,0,27229,0x07
2026-09-06T17:12:01.104,294,0,1,52,0,0,4699,1706,0,23823,0x07
2026-09-06T17:12:01.169,297,0,2,51,3374,2098,35281,0,0,7413,0x07
2026-09-06T17:12:01.169,296,0,1,51,0,0,32327,0,0,19591,0x07
2026-09-06T17:12:01.234,299,0,2,50,1117,1640,9308,591,280,8734,0x07
2026-09-06T17:12:01.234,298,0,1,51,3374,549,40000,0,0,7265,0x07
2026-09-06T17:12:01.300,301,0,2,50,0,0,0,0,0,0,0x03
2026-09-06T17:12:01.300,300,0,1,57,1104,649,14993,605,158,9563,0x07
2026-09-06T17:12:01.364,303,0,2,53,2561,38,33981,3213,0,40000,0x07
2026-09-06T17:12:01.364,302,0,1,51,1104,725,14669,605,20,10151,0x07
2026-09-06T17:12:01.429,305,0,2,50,2561,2260,24536,3213,1320,38808,0x07
2026-09-06T17:12:01.429,304,0,1,52,1172,654,15845,534,0,9362,0x07
2026-09-06T17:12:01.511,307,0,2,50,2917,1580,31825,3500,2460,37742,0x07
2026-09-06T17:12:01.511,306,0,1,50,1127,720,14983,581,0,9945,0x07
2026-09-06T17:12:01.576,309,0,2,51,1678,1784,15633,2698,1627,30731,0x07
2026-09-06T17:12:01.576,308,0,1,55,3042,836,38887,3442,0,40000,0x07
2026-09-06T17:12:01.640,311,0,2,51,285,451,4067,1454,1373,15445,0x07
2026-09-06T17:12:01.640,310,0,1,51,3042,1196,37359,3442,0,40000,0x07
2026-09-06T17:12:01.705,313,0,2,50,221,220,4251,1521,320,20798,0x07
2026-09-06T17:12:01.705,312,0,1,50,3282,1500,39114,3500,0,40000,0x07
2026-09-06T17:12:01.770,315,0,2,53,72,151,2703,1675,0,24189,0x07
2026-09-06T17:12:01.770,314,0,1,51,3149,1961,35471,3500,0,40000,0x07
2026-09-06T17:12:01.834,317,0,2,51,72,0,3345,1675,0,24189,0x07
2026-09-06T17:12:01.834,316,0,1,50,2638,2120,28280,3271,0,40000,0x07
2026-09-06T17:12:01.899,319,0,2,50,18,20,2588,0,0,23048,0x07
2026-09-06T17:12:01.899,318,0,1,50,1363,2040,12383,2282,0,30934,0x07
2026-09-06T17:12:01.980,321,0,2,50,3374,0,40000,0,0,4346,0x07
2026-09-06T17:12:01.980,320,0,1,56,110,1018,761,1636,0,22967,0x07
2026-09-06T17:12:02.045,323,0,2,56,1462,304,19246,234,179,4469,0x07
2026-09-06T17:12:02.045,322,0,1,51,0,0,4022,1636,0,22967,0x07
2026-09-06T17:12:02.110,325,0,2,51,1462,0,20536,234,255,4144,0x07
2026-09-06T17:12:02.110,324,0,1,51,0,0,32327,0,0,20072,0x07
2026-09-06T17:12:02.176,327,0,2,50,1463,0,20557,232,160,4524,0x07
2026-09-06T17:12:02.176,326,0,1,56,1146,1446,12137,561,107,9244,0x07
2026-09-06T17:12:02.241,329,0,2,50,1472,0,20662,223,0,5089,0x07
2026-09-06T17:12:02.241,328,0,1,52,1146,615,15669,561,231,8718,0x07
2026-09-06T17:12:02.307,331,0,2,51,1476,0,20716,219,0,5029,0x07
2026-09-06T17:12:02.307,330,0,1,51,1155,686,15484,552,0,9582,0x07
2026-09-06T17:12:02.371,333,0,2,52,1483,0,20804,211,0,4932,0x07
2026-09-06T17:12:02.371,332,0,1,51,1194,686,15979,512,0,9086,0x07
2026-09-06T17:12:02.437,335,0,2,51,1487,0,20845,208,0,4886,0x07
2026-09-06T17:12:02.437,334,0,1,54,1099,815,14224,610,0,10300,0x07
2026-09-06T17:12:02.501,337,0,2,52,1487,0,20845,208,0,4886,0x07
2026-09-06T17:12:02.502,336,0,1,52,1099,750,14500,610,0,10300,0x07
2026-09-06T17:12:02.582,339,0,2,52,1488,0,20858,207,0,4872,0x07
2026-09-06T17:12:02.582,338,0,1,51,1268,784,16511,904,0,13925,0x07
2026-09-06T17:12:02.647,341,0,2,50,1493,0,20920,202,0,4803,0x07
2026-09-06T17:12:02.647,340,0,1,50,2001,800,25784,1846,0,25560,0x07
2026-09-06T17:12:02.712,343,0,2,52,1493,0,20924,201,0,4799,0x07
2026-09-06T17:12:02.712,342,0,1,51,2588,1098,31982,2553,0,34282,0x07
2026-09-06T17:12:02.776,345,0,2,51,1494,0,20933,201,0,4789,0x07
2026-09-06T17:12:02.776,344,0,1,50,3022,1360,36399,3141,0,40000,0x07
2026-09-06T17:12:02.842,347,0,2,52,1495,0,20949,200,0,4776,0x07
2026-09-06T17:12:02.842,346,0,1,54,3130,1815,35847,3500,0,40000,0x07
2026-09-06T17:12:02.908,349,0,2,50,1495,0,20949,199,0,4771,0x07
2026-09-06T17:12:02.908,348,0,1,50,3130,1960,35230,3500,0,40000,0x07
2026-09-06T17:12:02.974,351,0,2,51,1495,0,20953,199,0,4767,0x07
2026-09-06T17:12:02.974,350,0,1,50,2555,2080,27400,3233,0,40000,0x07
2026-09-06T17:12:03.038,353,0,2,50,1497,0,20970,197,0,4748,0x07
2026-09-06T17:12:03.038,352,0,1,51,1188,2000,10322,2141,0,29197,0x07
2026-09-06T17:12:03.119,355,0,2,57,-1698,0,23458,3500,0,40000,0x07
2026-09-06T17:12:03.119,354,0,1,51,244,1157,1876,1497,0,21252,0x07
2026-09-06T17:12:03.185,357,0,2,50,0,0,5193,3500,1740,40000,0x07
2026-09-06T17:12:03.185,356,0,1,51,1711,863,21811,1761,0,24509,0x07
2026-09-06T17:12:03.250,359,0,2,51,337,176,5877,1400,1804,12903,0x07
2026-09-06T17:12:03.250,358,0,1,51,196,1333,525,1546,0,21857,0x07
2026-09-06T17:12:03.315,361,0,2,50,332,380,4944,1406,20,20559,0x07
2026-09-06T17:12:03.315,360,0,1,52,72,250,3547,1675,0,23446,0x07
2026-09-06T17:12:03.379,363,0,2,51,301,98,5763,1437,0,21063,0x07
2026-09-06T17:12:03.379,362,0,1,52,35,250,3069,1714,0,23926,0x07
2026-09-06T17:12:03.445,365,0,2,52,319,58,6152,1419,0,20823,0x07
2026-09-06T17:12:03.445,364,0,1,52,3,192,2912,0,0,21452,0x07
2026-09-06T17:12:03.510,367,0,2,51,337,39,6456,1400,20,20491,0x07
2026-09-06T17:12:03.510,366,0,1,50,3374,1200,40000,0,0,5265,0x07
2026-09-06T17:12:03.575,369,0,2,51,336,0,6614,1401,0,20589,0x07
2026-09-06T17:12:03.575,368,0,1,51,1390,1118,16642,308,39,6409,0x07
2026-09-06T17:12:03.657,371,0,2,50,306,0,6233,1433,0,21003,0x07
2026-09-06T17:12:03.657,370,0,1,51,1403,863,17893,295,0,6406,0x07
2026-09-06T17:12:03.706,373,0,2,51,299,0,6146,1441,0,21105,0x07
2026-09-06T17:12:03.706,372,0,1,51,1394,1000,17193,304,0,6524,0x07
2026-09-06T17:12:03.788,375,0,2,50,318,0,6384,1420,0,20837,0x07
2026-09-06T17:12:03.788,374,0,1,50,1316,980,16285,385,0,7521,0x07
2026-09-06T17:12:03.853,377,0,2,50,312,0,6318,1426,0,20911,0x07
2026-09-06T17:12:03.853,376,0,1,50,1209,940,15098,496,0,8886,0x07
2026-09-06T17:12:03.919,379,0,2,52,280,19,5834,1460,0,21353,0x07
2026-09-06T17:12:03.919,378,0,1,55,1060,945,13170,651,0,10800,0x07
2026-09-06T17:12:03.984,380,0,1,52,1060,885,13428,651,0,10800,0x07
2026-09-06T17:12:04.049,383,0,2,52,275,19,5769,1465,0,21427,0x07
2026-09-06T17:12:04.049,380,0,1,51,1409,863,17966,1189,0,17445,0x07
2026-09-06T17:12:04.115,383,0,2,52,294,0,6092,1445,0,21159,0x07
2026-09-06T17:12:04.115,380,0,1,50,1409,900,17808,1189,0,17445,0x07
2026-09-06T17:12:04.180,387,0,2,55,287,0,6005,1452,0,21256,0x07
2026-09-06T17:12:04.180,386,0,1,51,0,0,29793,0,0,28758,0x07
2026-09-06T17:12:04.245,389,0,2,50,287,0,6005,1452,0,21256,0x07
2026-09-06T17:12:04.245,388,0,1,51,3075,1235,37613,3211,0,40000,0x07
2026-09-06T17:12:04.311,391,0,2,51,283,0,5959,1456,0,21306,0x07
2026-09-06T17:12:04.311,390,0,1,51,3265,1216,40000,3500,0,40000,0x07
2026-09-06T17:12:04.392,393,0,2,52,256,0,5617,1485,0,21684,0x07
2026-09-06T17:12:04.392,392,0,1,53,3001,1887,33898,3492,0,40000,0x07
2026-09-06T17:12:04.457,395,0,2,51,250,0,5546,1491,0,21762,0x07
2026-09-06T17:12:04.457,394,0,1,51,3001,2020,33334,3492,0,40000,0x07
2026-09-06T17:12:04.522,397,0,2,52,241,0,5437,1500,0,21882,0x07
2026-09-06T17:12:04.522,396,0,1,50,2496,2060,26734,3112,0,40000,0x07
2026-09-06T17:12:04.588,399,0,2,50,229,20,5202,1512,0,22047,0x07
2026-09-06T17:12:04.588,398,0,1,56,287,1536,821,1452,0,20695,0x07
2026-09-06T17:12:04.653,401,0,2,51,229,0,5287,1512,0,22047,0x07
2026-09-06T17:12:04.653,400,0,1,50,287,980,3182,1452,0,20695,0x07
2026-09-06T17:12:04.717,403,0,2,50,241,0,5432,1500,0,21886,0x07
2026-09-06T17:12:04.717,402,0,1,50,0,0,4380,1636,0,22967,0x07
2026-09-06T17:12:04.782,405,0,2,52,264,0,5716,1476,0,21573,0x07
2026-09-06T17:12:04.782,404,0,1,51,0,0,32327,0,0,19568,0x07
2026-09-06T17:12:04.846,407,0,2,54,225,0,5241,1517,0,22102,0x07
2026-09-06T17:12:04.846,406,0,1,51,3374,1549,40000,0,0,7548,0x07
2026-09-06T17:12:04.928,409,0,2,50,225,0,5241,1517,0,22102,0x07
2026-09-06T17:12:04.928,408,0,1,51,1118,1353,12179,590,314,8724,0x07
2026-09-06T17:12:04.993,411,0,2,51,244,0,5466,1497,0,21850,0x07
2026-09-06T17:12:04.993,410,0,1,51,1146,863,14618,562,59,9453,0x07
2026-09-06T17:12:05.058,413,0,2,50,252,0,5575,1488,0,21730,0x07
2026-09-06T17:12:05.058,412,0,1,50,1145,960,14196,562,0,9708,0x07
2026-09-06T17:12:05.317,415,0,2,51,224,0,5223,1518,0,22117,0x07
2026-09-06T17:12:05.317,414,0,1,51,1079,1000,13184,631,0,10554,0x07
2026-09-06T17:12:05.919,417,0,2,51,247,0,5503,1494,0,21808,0x07
2026-09-06T17:12:05.919,416,0,1,52,2256,942,28414,2168,0,29525,0x07
2026-09-06T17:12:05.984,419,0,2,51,0,0,4313,0,0,15620,0x07
2026-09-06T17:12:05.984,418,0,1,54,2873,93,39891,2991,0,39691,0x07
2026-09-06T17:12:06.244,421,0,2,51,0,0,0,0,0,0,0x03
2026-09-06T17:12:06.244,420,0,1,51,0,0,0,0,0,0,0x03
2026-09-06T17:12:08.205,423,0,2,50,0,0,7670,0,0,11802,0x07
2026-09-06T17:12:08.205,422,0,1,52,0,0,30823,0,0,31098,0x07
2026-09-06T17:12:08.270,425,0,2,50,0,0,4825,0,0,15038,0x07
2026-09-06T17:12:08.270,424,0,1,51,0,0,31811,0,0,31098,0x07
2026-09-06T17:12:08.336,427,0,2,51,0,0,0,0,0,0,0x03
2026-09-06T17:12:08.336,426,0,1,51,0,0,0,0,0,0,0x03
2026-09-06T17:12:08.400,429,0,2,56,2590,18,34425,-1064,0,16153,0x07
2026-09-06T17:12:08.400,428,0,1,50,0,0,25208,0,0,9891,0x07
2026-09-06T17:12:08.465,431,0,2,57,1055,1018,11185,585,70,9546,0x07
2026-09-06T17:12:08.465,430,0,1,50,2535,820,32498,0,0,4778,0x07
2026-09-06T17:12:08.529,432,0,1,50,1448,700,19156,248,20,5748,0x07
2026-09-06T17:12:08.594,433,0,2,50,0,0,13836,585,480,7805,0x07
2026-09-06T17:12:08.594,432,0,1,51,1444,765,18833,252,0,5880,0x07
2026-09-06T17:12:08.676,433,0,2,50,-1402,-1060,15288,3204,820,40000,0x07
2026-09-06T17:12:08.676,432,0,1,50,1444,840,18513,252,0,5880,0x07
2026-09-06T17:12:08.740,439,0,2,50,0,0,4170,0,0,15782,0x07
2026-09-06T17:12:08.741,438,0,1,51,0,0,14884,0,0,5860,0x07
2026-09-06T17:12:08.805,441,0,2,52,212,19,4987,1531,38,22123,0x07
2026-09-06T17:12:08.805,440,0,1,51,1319,1157,15573,382,0,7483,0x07
2026-09-06T17:12:08.870,443,0,2,50,316,260,5254,1422,40,20694,0x07
2026-09-06T17:12:08.870,442,0,1,51,1241,765,16251,462,0,8476,0x07
2026-09-06T17:12:08.935,445,0,2,52,316,135,5787,1422,0,20864,0x07
2026-09-06T17:12:08.935,444,0,1,51,1153,843,14787,555,0,9617,0x07
2026-09-06T17:12:09.000,447,0,2,52,348,0,6756,1389,0,20427,0x07
2026-09-06T17:12:09.000,446,0,1,54,1053,852,13487,658,0,10887,0x07
2026-09-06T17:12:09.066,449,0,2,51,372,0,7056,1364,0,20096,0x07
2026-09-06T17:12:09.066,448,0,1,51,1053,765,13858,658,0,10887,0x07
2026-09-06T17:12:09.131,451,0,2,55,363,0,6947,1373,0,20214,0x07
2026-09-06T17:12:09.131,450,0,1,51,1672,863,21322,1451,0,20681,0x07
2026-09-06T17:12:09.391,453,0,2,50,363,0,6947,1373,0,20214,0x07
2026-09-06T17:12:09.391,452,0,1,51,2384,922,30136,2327,0,31491,0x07
2026-09-06T17:12:11.287,455,0,2,51,359,0,6894,1378,0,20275,0x07
2026-09-06T17:12:11.287,454,0,1,50,2855,1400,34106,2882,0,38348,0x07
2026-09-06T17:12:11.352,457,0,2,51,0,0,5288,0,0,14511,0x07
2026-09-06T17:12:11.352,456,0,1,50,0,0,31176,0,0,31098,0x07
2026-09-06T17:12:11.417,459,0,2,52,0,0,0,0,0,0,0x03
2026-09-06T17:12:11.417,458,0,1,50,0,0,0,0,0,0,0x03
2026-09-06T17:12:11.482,461,0,2,50,0,0,16155,0,0,17737,0x07
2026-09-06T17:12:11.482,460,0,1,53,3374,0,40000,3467,0,40000,0x07
2026-09-06T17:12:11.545,463,0,2,51,1687,118,22825,-1750,-431,23341,0x07
2026-09-06T17:12:11.546,462,0,1,51,3374,1333,40000,3467,0,40000,0x07
2026-09-06T17:12:11.610,465,0,2,50,1687,300,22050,-1750,-1800,17524,0x07
2026-09-06T17:12:11.610,464,0,1,51,3374,1216,40000,3493,0,40000,0x07
2026-09-06T17:12:11.676,467,0,2,50,1687,700,20350,-1750,-800,21774,0x07
2026-09-06T17:12:11.676,466,0,1,51,3356,1176,40000,3500,0,40000,0x07
2026-09-06T17:12:11.741,469,0,2,50,1687,160,22645,-1750,-740,22030,0x07
2026-09-06T17:12:11.741,468,0,1,54,3326,1815,38347,3500,0,40000,0x07
2026-09-06T17:12:11.823,471,0,2,51,1687,275,22158,-1750,-863,21508,0x07
2026-09-06T17:12:11.823,470,0,1,50,3326,2100,37135,3500,0,40000,0x07
2026-09-06T17:12:11.887,473,0,2,51,0,0,0,0,0,0,0x03
2026-09-06T17:12:11.953,475,0,2,52,0,0,29858,0,0,19635,0x07
2026-09-06T17:12:11.953,474,0,1,55,222,1891,0,1519,0,21524,0x07
2026-09-06T17:12:12.018,475,0,2,51,3374,412,40000,-1963,-255,26895,0x07
2026-09-06T17:12:12.018,474,0,1,51,222,980,2356,1519,0,21524,0x07
2026-09-06T17:12:12.084,475,0,2,51,3374,1647,37198,-1963,-1020,23645,0x07
2026-09-06T17:12:12.084,478,0,1,50,0,0,4818,1519,0,21524,0x07
2026-09-06T17:12:12.148,481,0,2,50,0,0,10186,0,0,8940,0x07
2026-09-06T17:12:12.148,480,0,1,50,0,0,32327,0,0,19160,0x07
2026-09-06T17:12:12.213,483,0,2,51,952,588,11733,762,98,11763,0x07
2026-09-06T17:12:12.213,482,0,1,51,3374,1706,39416,0,0,8426,0x07
2026-09-06T17:12:12.278,484,0,1,50,1013,1800,8946,699,0,11397,0x07
2026-09-06T17:12:12.360,487,0,2,50,3026,1400,33940,3487,2160,38847,0x07
2026-09-06T17:12:12.360,484,0,1,50,977,920,12226,736,0,11859,0x07
2026-09-06T17:12:12.425,487,0,2,51,2743,1510,29979,3500,2725,36614,0x07
2026-09-06T17:12:12.425,484,0,1,51,977,824,12636,736,0,11859,0x07
2026-09-06T17:12:12.490,491,0,2,50,2743,860,32740,3500,1740,40000,0x07
2026-09-06T17:12:12.490,490,0,1,52,0,0,26857,0,0,24650,0x07
2026-09-06T17:12:12.555,493,0,2,50,167,600,1964,1577,1000,18650,0x07
2026-09-06T17:12:12.556,492,0,1,54,3102,1444,37059,3260,0,40000,0x07
2026-09-06T17:12:12.621,495,0,2,52,168,96,4121,1576,96,22473,0x07
2026-09-06T17:12:12.621,494,0,1,50,3102,1240,37928,3260,0,40000,0x07
2026-09-06T17:12:12.686,497,0,2,53,190,0,4806,1553,0,22577,0x07
2026-09-06T17:12:12.686,496,0,1,51,3270,1569,38681,3500,20,40000,0x07
2026-09-06T17:12:12.751,499,0,2,50,190,0,4806,1553,0,22577,0x07
2026-09-06T17:12:12.751,498,0,1,52,3203,1885,36482,3500,0,40000,0x07
2026-09-06T17:12:12.817,501,0,2,51,222,0,5203,1519,0,22140,0x07
2026-09-06T17:12:12.817,500,0,1,50,2754,2100,29842,3359,0,40000,0x07
2026-09-06T17:12:12.881,503,0,2,50,210,0,5053,1532,0,22306,0x07
2026-09-06T17:12:12.881,502,0,1,50,1926,2060,19466,2687,0,35937,0x07
2026-09-06T17:12:12.946,505,0,2,50,216,0,5128,1526,0,22223,0x07
2026-09-06T17:12:12.946,504,0,1,51,298,1863,4232,1441,0,20556,0x07
2026-09-06T17:12:13.027,507,0,2,50,221,0,5183,1521,0,22163,0x07
2026-09-06T17:12:13.027,506,0,1,50,0,0,4435,1684,20,23469,0x07
2026-09-06T17:12:13.092,509,0,2,52,251,0,5553,1490,0,21752,0x07
2026-09-06T17:12:13.092,508,0,1,50,0,0,32327,0,0,19313,0x07
2026-09-06T17:12:13.157,511,0,2,51,232,0,5328,1509,0,22003,0x07
2026-09-06T17:12:13.157,510,0,1,51,3374,1078,40000,0,0,8582,0x07
2026-09-06T17:12:13.222,513,0,2,52,262,0,5696,1478,0,21597,0x07
2026-09-06T17:12:13.222,512,0,1,50,995,740,13214,718,0,11634,0x07
2026-09-06T17:12:13.287,515,0,2,50,246,0,5491,1495,0,21822,0x07
2026-09-06T17:12:13.287,514,0,1,52,962,769,12674,752,0,12054,0x07
2026-09-06T17:12:13.352,517,0,2,56,252,0,5570,1489,0,21735,0x07
2026-09-06T17:12:13.352,516,0,1,52,1550,788,20083,1325,0,19126,0x07
2026-09-06T17:12:13.417,519,0,2,50,252,0,5570,1489,0,21735,0x07
2026-09-06T17:12:13.417,518,0,1,50,2192,800,28208,2043,0,27988,0x07
2026-09-06T17:12:13.482,521,0,2,51,276,0,5863,1464,0,21412,0x07
2026-09-06T17:12:13.482,520,0,1,55,3106,1309,37695,3262,0,40000,0x07
2026-09-06T17:12:13.563,523,0,2,51,251,0,5558,1490,0,21749,0x07
2026-09-06T17:12:13.563,522,0,1,50,3106,1580,36543,3262,0,40000,0x07
2026-09-06T17:12:13.628,525,0,2,50,257,0,5637,1483,0,21662,0x07
2026-09-06T17:12:13.628,524,0,1,50,3253,1800,37474,3500,20,40000,0x07
2026-09-06T17:12:13.692,527,0,2,50,282,0,5937,1458,0,21329,0x07
2026-09-06T17:12:13.692,526,0,1,50,3019,2100,33216,3500,0,40000,0x07
2026-09-06T17:12:13.758,529,0,2,57,1687,0,23325,-1750,0,25174,0x07
2026-09-06T17:12:13.758,528,0,1,50,2184,2120,22494,2963,0,39345,0x07
2026-09-06T17:12:13.822,531,0,2,51,1687,39,23158,-1750,-1529,18674,0x07
2026-09-06T17:12:13.822,530,0,1,50,448,1960,1067,1524,0,21576,0x07
2026-09-06T17:12:13.887,533,0,2,50,1687,20,23240,-1750,-1140,20330,0x07
2026-09-06T17:12:13.887,532,0,1,51,0,0,4137,1603,39,22386,0x07
2026-09-06T17:12:13.969,535,0,2,50,1687,0,23325,-1750,-500,23050,0x07
2026-09-06T17:12:13.969,534,0,1,51,0,0,32327,0,0,19605,0x07
2026-09-06T17:12:14.018,537,0,2,51,1687,314,21991,-1750,-922,21258,0x07
2026-09-06T17:12:14.018,536,0,1,51,3374,941,40000,0,0,8217,0x07
2026-09-06T17:12:14.100,539,0,2,51,1687,569,20908,-1750,-1059,20674,0x07
2026-09-06T17:12:14.100,538,0,1,50,1038,700,13938,673,400,9377,0x07
2026-09-06T17:12:14.165,541,0,2,50,0,0,0,0,0,0,0x03
2026-09-06T17:12:14.165,540,0,1,50,1010,840,12983,702,0,11440,0x07
2026-09-06T17:12:14.230,543,0,2,50,0,0,28297,0,0,15960,0x07
2026-09-06T17:12:14.230,542,0,1,51,2750,745,35552,3500,0,40000,0x07
2026-09-06T17:12:14.295,545,0,2,51,3182,1000,37569,0,0,9040,0x07
2026-09-06T17:12:14.295,544,0,1,50,3275,1260,40000,3500,0,40000,0x07
2026-09-06T17:12:14.360,547,0,2,51,941,1784,6516,774,412,10577,0x07
2026-09-06T17:12:14.360,546,0,1,50,3091,1660,36001,3500,0,40000,0x07
2026-09-06T17:12:14.425,549,0,2,51,2218,1686,22729,2479,1373,28933,0x07
2026-09-06T17:12:14.489,551,0,2,50,3105,1360,35087,3500,1120,40000,0x07
2026-09-06T17:12:14.489,550,0,1,54,598,1833,3513,1566,19,22016,0x07
2026-09-06T17:12:14.554,551,0,2,50,2944,1500,32505,3500,1580,40000,0x07
2026-09-06T17:12:14.554,550,0,1,50,598,1200,6205,1566,0,22095,0x07
2026-09-06T17:12:14.635,551,0,2,50,2944,1740,31485,3500,2800,36297,0x07
2026-09-06T17:12:14.635,554,0,1,51,598,1059,6805,1566,0,22095,0x07
2026-09-06T17:12:14.700,557,0,2,51,0,0,5642,0,0,14108,0x07
2026-09-06T17:12:14.700,556,0,1,51,0,0,4443,1729,0,24116,0x07
2026-09-06T17:12:14.765,559,0,2,51,393,961,3228,1343,1176,14814,0x07
2026-09-06T17:12:14.765,558,0,1,50,0,0,32327,0,0,19857,0x07
2026-09-06T17:12:14.829,561,0,2,52,226,962,1166,1515,1327,16446,0x07
2026-09-06T17:12:14.830,560,0,1,51,3374,627,40000,0,0,7222,0x07
2026-09-06T17:12:14.894,563,0,2,51,226,588,2752,1515,1333,16419,0x07
2026-09-06T17:12:14.894,562,0,1,56,1165,714,15489,542,0,9457,0x07
2026-09-06T17:12:14.959,565,0,2,50,17,280,1475,1732,1180,19924,0x07
2026-09-06T17:12:14.959,564,0,1,51,1165,804,15108,542,0,9457,0x07
2026-09-06T17:12:15.024,567,0,2,51,63,78,2895,1685,1118,19572,0x07
2026-09-06T17:12:15.024,566,0,1,50,1170,800,15198,536,0,9383,0x07
2026-09-06T17:12:15.090,569,0,2,50,126,500,1879,1620,860,19806,0x07
2026-09-06T17:12:15.090,568,0,1,51,1137,843,14590,570,0,9812,0x07
2026-09-06T17:12:15.171,571,0,2,51,239,353,3912,1502,980,17748,0x07
2026-09-06T17:12:15.171,570,0,1,53,1405,811,18132,1088,0,16201,0x07
2026-09-06T17:12:15.237,573,0,2,52,335,346,5130,1402,1038,16183,0x07
2026-09-06T17:12:15.237,572,0,1,50,1405,820,18096,1088,0,16201,0x07
2026-09-06T17:12:15.302,575,0,2,51,395,392,5678,1340,1137,14945,0x07
2026-09-06T17:12:15.302,574,0,1,50,2814,1040,35108,2892,0,38464,0x07
2026-09-06T17:12:15.368,577,0,2,50,448,400,6292,1286,1040,14645,0x07
2026-09-06T17:12:15.368,576,0,1,50,2814,1240,34258,2892,0,38464,0x07
2026-09-06T17:12:15.433,579,0,2,51,884,471,11389,833,1020,8777,0x07
2026-09-06T17:12:15.433,578,0,1,51,3179,1529,37678,3415,0,40000,0x07
2026-09-06T17:12:15.498,581,0,2,51,1215,686,14572,1636,1176,18668,0x07
2026-09-06T17:12:15.498,580,0,1,50,3240,1760,37476,3500,0,40000,0x07
2026-09-06T17:12:15.563,583,0,2,51,1955,706,23639,2260,1118,27137,0x07
2026-09-06T17:12:15.563,582,0,1,51,2968,2078,32667,3500,0,40000,0x07
2026-09-06T17:12:15.629,585,0,2,51,2484,941,29189,2739,1333,32525,0x07
2026-09-06T17:12:15.629,584,0,1,50,2094,2160,21177,2876,0,38265,0x07
2026-09-06T17:12:15.694,587,0,2,52,3124,1635,34153,3289,1865,37489,0x07
2026-09-06T17:12:15.694,586,0,1,50,635,1940,3528,1628,0,22859,0x07
2026-09-06T17:12:15.776,589,0,2,51,3124,2137,32017,3289,2020,36833,0x07
2026-09-06T17:12:15.776,588,0,1,51,203,1196,1198,1539,20,21682,0x07
2026-09-06T17:12:15.840,591,0,2,51,3127,2235,31637,3370,2333,36572,0x07
2026-09-06T17:12:15.840,590,0,1,51,15,667,1050,0,0,20044,0x07
2026-09-06T17:12:15.906,593,0,2,51,3029,2667,28590,3358,2647,35078,0x07
2026-09-06T17:12:15.906,592,0,1,51,3374,412,40000,0,0,7766,0x07
2026-09-06T17:12:15.971,595,0,2,51,2924,2804,26712,3292,2745,33791,0x07
2026-09-06T17:12:15.971,594,0,1,56,1041,946,12921,671,0,11047,0x07
2026-09-06T17:12:16.037,597,0,2,51,2704,2941,23411,3154,2941,31144,0x07
2026-09-06T17:12:16.037,596,0,1,51,1041,588,14443,671,0,11047,0x07
2026-09-06T17:12:16.102,599,0,2,52,1146,2519,5926,1969,2846,15957,0x07
2026-09-06T17:12:16.103,598,0,1,52,1041,558,14573,671,0,11047,0x07
2026-09-06T17:12:16.167,601,0,2,50,1146,1680,9493,1969,2600,17003,0x07
2026-09-06T17:12:16.167,600,0,1,52,1216,577,16731,850,0,13268,0x07
2026-09-06T17:12:16.232,603,0,2,50,372,1420,1021,1364,2300,10321,0x07
2026-09-06T17:12:16.233,602,0,1,55,2433,727,31585,2305,0,31227,0x07
2026-09-06T17:12:16.298,605,0,2,50,291,1460,4493,1448,1820,13470,0x07
2026-09-06T17:12:16.298,604,0,1,50,2433,980,30511,2305,0,31227,0x07
2026-09-06T17:12:16.364,607,0,2,50,251,860,1906,1489,1640,14774,0x07
2026-09-06T17:12:16.364,606,0,1,50,2811,1260,34139,2784,0,37138,0x07
2026-09-06T17:12:16.445,609,0,2,50,0,0,0,0,0,0,0x03
2026-09-06T17:12:16.445,608,0,1,54,2654,1759,30022,2001,0,27465,0x07
2026-09-06T17:12:16.510,611,0,2,51,0,0,5812,0,0,13915,0x07
2026-09-06T17:12:16.510,610,0,1,51,2654,1824,29749,2001,0,27465,0x07
2026-09-06T17:12:16.575,613,0,2,51,414,549,5237,1321,1608,12695,0x07
2026-09-06T17:12:16.575,612,0,1,52,2780,1942,30848,3500,0,40000,0x07
2026-09-06T17:12:16.640,615,0,2,51,493,510,6380,1239,1471,12202,0x07
2026-09-06T17:12:16.640,614,0,1,51,345,1863,170,1430,0,20426,0x07
2026-09-06T17:12:16.705,617,0,2,50,577,500,7466,1152,960,13221,0x07
2026-09-06T17:12:16.705,616,0,1,50,345,1040,3667,1430,0,20426,0x07
2026-09-06T17:12:16.770,619,0,2,51,648,235,9475,1077,843,12741,0x07
2026-09-06T17:12:16.770,618,0,1,52,188,942,2074,1555,38,21805,0x07
2026-09-06T17:12:16.836,621,0,2,51,1300,314,17207,1665,804,20634,0x07
2026-09-06T17:12:16.901,623,0,2,51,2129,490,26714,2384,902,29680,0x07
2026-09-06T17:12:16.901,620,0,1,50,17,780,590,0,0,20514,0x07
2026-09-06T17:12:16.966,623,0,2,51,2779,1275,31421,2938,1471,34549,0x07
2026-09-06T17:12:16.966,620,0,1,50,3374,1860,38762,-2192,0,29832,0x07
2026-09-06T17:12:17.048,623,0,2,51,2779,1765,29337,2938,1588,34049,0x07
2026-09-06T17:12:17.048,626,0,1,50,0,0,13911,0,0,6823,0x07
2026-09-06T17:12:17.113,629,0,2,51,0,0,29477,0,0,32927,0x07
2026-09-06T17:12:17.113,628,0,1,50,1204,300,17754,501,0,8952,0x07
2026-09-06T17:12:17.177,631,0,2,51,3327,2569,32701,3456,2627,36446,0x07
2026-09-06T17:12:17.177,630,0,1,50,1147,1080,13712,560,0,9682,0x07
2026-09-06T17:12:17.242,633,0,2,51,3311,2314,33588,3490,2725,36482,0x07
2026-09-06T17:12:17.242,632,0,1,50,1026,980,12589,686,0,11236,0x07
2026-09-06T17:12:17.307,635,0,2,50,3326,2660,32300,3493,2480,37570,0x07
2026-09-06T17:12:17.307,634,0,1,51,1851,1039,22854,1782,0,24764,0x07
2026-09-06T17:12:17.373,637,0,2,58,3137,2948,28737,3469,2828,35770,0x07
2026-09-06T17:12:17.373,636,0,1,50,2739,1080,33989,2889,0,38425,0x07
2026-09-06T17:12:17.438,639,0,2,50,3137,2900,28942,3469,2980,35123,0x07
2026-09-06T17:12:17.438,638,0,1,50,3187,1360,38510,3500,0,40000,0x07
2026-09-06T17:12:17.502,641,0,2,50,2982,3120,26092,3370,3080,33399,0x07
2026-09-06T17:12:17.502,640,0,1,52,2603,1865,28922,3270,0,40000,0x07
2026-09-06T17:12:17.583,643,0,2,51,2557,2549,23262,3109,3196,29466,0x07
2026-09-06T17:12:17.583,642,0,1,50,2603,1940,28605,3270,0,40000,0x07
2026-09-06T17:12:17.648,645,0,2,54,343,1778,0,1395,2519,9797,0x07
2026-09-06T17:12:17.648,644,0,1,50,1493,1960,14377,2361,0,31910,0x07
2026-09-06T17:12:17.714,647,0,2,50,343,880,2953,1395,1580,13786,0x07
2026-09-06T17:12:17.714,646,0,1,50,309,1000,3376,1429,0,20414,0x07
2026-09-06T17:12:17.779,649,0,2,52,232,135,4748,1510,1058,17516,0x07
2026-09-06T17:12:17.779,648,0,1,50,169,920,1932,1575,100,21781,0x07
2026-09-06T17:12:17.844,651,0,2,50,250,340,4104,1491,420,19977,0x07
2026-09-06T17:12:17.844,650,0,1,51,35,706,1132,0,0,20509,0x07
2026-09-06T17:12:17.909,653,0,2,51,267,314,4416,1474,275,20374,0x07
2026-09-06T17:12:17.909,652,0,1,53,1209,1547,12512,496,0,8891,0x07
2026-09-06T17:12:17.974,655,0,2,50,183,220,3780,1560,40,22508,0x07
2026-09-06T17:12:17.974,654,0,1,52,1209,731,15982,496,0,8891,0x07
2026-09-06T17:12:18.039,657,0,2,54,195,0,4860,1548,0,22518,0x07
2026-09-06T17:12:18.039,656,0,1,50,1195,760,15686,510,0,9064,0x07
2026-09-06T17:12:18.104,659,0,2,50,195,0,4860,1548,0,22518,0x07
2026-09-06T17:12:18.104,658,0,1,51,1327,745,17430,373,0,7375,0x07
2026-09-06T17:12:18.170,661,0,2,50,219,0,5165,1522,0,22182,0x07
2026-09-06T17:12:18.170,660,0,1,50,1325,840,16993,376,0,7410,0x07
2026-09-06T17:12:18.250,663,0,2,51,216,0,5128,1526,0,22223,0x07
2026-09-06T17:12:18.250,662,0,1,51,1282,902,16192,420,0,7950,0x07
2026-09-06T17:12:18.316,665,0,2,55,222,0,5203,1519,0,22140,0x07
2026-09-06T17:12:18.316,664,0,1,50,1179,880,14962,527,0,9280,0x07
2026-09-06T17:12:18.381,667,0,2,51,222,0,5203,1519,0,22140,0x07
2026-09-06T17:12:18.381,666,0,1,50,1092,880,13857,618,0,10394,0x07
2026-09-06T17:12:18.446,669,0,2,51,226,0,5252,1515,0,22085,0x07
2026-09-06T17:12:18.446,668,0,1,51,1034,863,13195,690,0,11285,0x07
2026-09-06T17:12:18.511,671,0,2,51,226,0,5252,1515,0,22085,0x07
2026-09-06T17:12:18.511,670,0,1,50,1902,880,24180,1757,0,24457,0x07
2026-09-06T17:12:18.576,673,0,2,51,227,0,5261,1514,0,22075,0x07
2026-09-06T17:12:18.576,672,0,1,50,2672,1220,32534,2750,0,36710,0x07
2026-09-06T17:12:18.642,675,0,2,50,227,0,5261,1514,0,22075,0x07
2026-09-06T17:12:18.642,674,0,1,51,3129,1412,37546,3354,0,40000,0x07
2026-09-06T17:12:18.707,677,0,2,50,227,0,5258,1515,0,22080,0x07
2026-09-06T17:12:18.707,676,0,1,51,3242,1667,37902,3500,0,40000,0x07
2026-09-06T17:12:18.788,679,0,2,50,227,120,4748,1515,500,19955,0x07
2026-09-06T17:12:18.788,678,0,1,51,2955,1922,33166,3500,0,40000,0x07
2026-09-06T17:12:18.853,681,0,2,50,230,380,3687,1511,980,17865,0x07
2026-09-06T17:12:18.853,680,0,1,51,2107,1922,22362,2884,0,38373,0x07
2026-09-06T17:12:18.919,683,0,2,51,250,333,4129,1491,510,19600,0x07
2026-09-06T17:12:18.919,682,0,1,50,746,1800,5538,1708,0,23856,0x07
2026-09-06T17:12:18.984,685,0,2,52,201,173,4204,1541,404,20714,0x07
2026-09-06T17:12:18.984,684,0,1,50,236,1020,2358,1505,0,21351,0x07
2026-09-06T17:12:19.049,687,0,2,50,97,200,2800,1650,20,23768,0x07
2026-09-06T17:12:19.049,686,0,1,51,0,0,4684,1695,0,23688,0x07
2026-09-06T17:12:19.115,689,0,2,53,1427,245,19065,2130,491,28095,0x07
2026-09-06T17:12:19.115,688,0,1,51,0,0,32327,0,0,19554,0x07
2026-09-06T17:12:19.180,691,0,2,51,1427,0,20107,2130,804,26763,0x07
2026-09-06T17:12:19.180,690,0,1,56,1135,1429,12076,573,0,9838,0x07
2026-09-06T17:12:19.244,693,0,2,51,1286,0,18365,1895,1510,20669,0x07
2026-09-06T17:12:19.244,692,0,1,51,1135,627,15481,573,0,9838,0x07
2026-09-06T17:12:19.310,695,0,2,51,1449,0,20377,1962,1255,22635,0x07
2026-09-06T17:12:19.310,694,0,1,52,1144,731,15152,564,0,9725,0x07
2026-09-06T17:12:19.375,697,0,2,55,1740,0,23981,2228,600,28919,0x07
2026-09-06T17:12:19.375,696,0,1,50,1159,760,15223,548,0,9530,0x07
2026-09-06T17:12:19.456,699,0,2,51,1740,0,23981,2228,882,27719,0x07
2026-09-06T17:12:19.456,698,0,1,50,1085,760,14277,625,0,10481,0x07
2026-09-06T17:12:19.522,701,0,2,50,1758,0,24205,2259,1640,24904,0x07
2026-09-06T17:12:19.522,700,0,1,51,1250,863,15946,885,0,13695,0x07
2026-09-06T17:12:19.586,703,0,2,50,1787,0,24565,2284,460,30246,0x07
2026-09-06T17:12:19.586,702,0,1,51,1877,843,24019,1651,0,23149,0x07
2026-09-06T17:12:19.651,705,0,2,50,1813,0,24883,2307,980,28340,0x07
2026-09-06T17:12:19.651,704,0,1,56,3018,1179,37119,3156,0,40000,0x07
2026-09-06T17:12:19.717,707,0,2,51,1833,0,25132,2326,471,30753,0x07
2026-09-06T17:12:19.717,706,0,1,51,3018,1471,35878,3156,0,40000,0x07
2026-09-06T17:12:19.781,709,0,2,56,3079,0,40000,-1444,0,21149,0x07
2026-09-06T17:12:19.781,708,0,1,50,3239,1700,37722,3500,0,40000,0x07
2026-09-06T17:12:19.846,711,0,2,51,3079,98,40000,0,0,3745,0x07
2026-09-06T17:12:19.846,710,0,1,51,3114,1863,35436,3500,0,40000,0x07
2026-09-06T17:12:19.911,713,0,2,51,1515,196,20359,179,392,2838,0x07
2026-09-06T17:12:19.912,712,0,1,50,2428,1940,26366,3149,0,40000,0x07
2026-09-06T17:12:19.992,715,0,2,50,1516,80,20864,178,0,4491,0x07
2026-09-06T17:12:19.992,714,0,1,50,1274,2040,11249,2162,0,29452,0x07
2026-09-06T17:12:20.058,717,0,2,51,1532,0,21405,161,0,4269,0x07
2026-09-06T17:12:20.058,716,0,1,50,277,1460,1013,1463,0,20824,0x07
2026-09-06T17:12:20.123,719,0,2,52,1514,0,21187,179,0,4509,0x07
2026-09-06T17:12:20.123,718,0,1,51,0,0,4305,1645,20,22995,0x07
2026-09-06T17:12:20.188,721,0,2,52,1515,0,21200,178,0,4495,0x07
2026-09-06T17:12:20.188,720,0,1,51,0,0,32327,0,0,19795,0x07
2026-09-06T17:12:20.252,723,0,2,50,1515,0,21196,178,0,4500,0x07
2026-09-06T17:12:20.252,722,0,1,51,3374,392,40000,0,0,7545,0x07
2026-09-06T17:12:20.383,725,0,2,50,1515,0,21192,179,0,4505,0x07
2026-09-06T17:12:20.383,724,0,1,52,1118,673,15073,590,0,10053,0x07
2026-09-06T17:12:20.448,727,0,2,50,1515,0,21192,179,0,4505,0x07
2026-09-06T17:12:20.448,726,0,1,52,1111,712,14815,598,0,10152,0x07
2026-09-06T17:12:20.515,729,0,2,52,1499,0,20999,195,0,4720,0x07
2026-09-06T17:12:20.515,730,0,1,52,1133,808,14689,575,0,9863,0x07
2026-09-06T17:12:20.595,733,0,2,51,1518,0,21229,176,0,4467,0x07
2026-09-06T17:12:20.595,732,0,1,51,1195,804,15492,800,0,12650,0x07
2026-09-06T17:12:20.660,735,0,2,51,1517,0,21225,176,0,4467,0x07
2026-09-06T17:12:20.660,734,0,1,51,1912,824,24540,1729,0,24112,0x07
2026-09-06T17:12:20.725,737,0,2,50,1520,0,21262,173,0,4426,0x07
2026-09-06T17:12:20.725,736,0,1,56,3033,1161,37388,3177,0,40000,0x07
2026-09-06T17:12:20.791,739,0,2,51,1531,0,21392,162,0,4283,0x07
2026-09-06T17:12:20.791,738,0,1,50,3033,1500,35946,3177,0,40000,0x07
2026-09-06T17:12:20.856,741,0,2,57,1687,0,23325,-1750,0,25174,0x07
2026-09-06T17:12:20.856,740,0,1,52,3250,1692,37892,3500,0,40000,0x07
2026-09-06T17:12:20.921,743,0,2,50,1687,0,23325,-1750,-180,24410,0x07
2026-09-06T17:12:20.921,742,0,1,50,3154,2040,35194,3500,0,40000,0x07
2026-09-06T17:12:20.985,745,0,2,51,1687,0,23325,-1750,-451,23258,0x07
2026-09-06T17:12:20.985,744,0,1,57,1309,2158,11198,2224,0,30221,0x07
2026-09-06T17:12:21.051,747,0,2,51,1687,0,23325,-1750,-667,22341,0x07
2026-09-06T17:12:21.051,746,0,1,50,1309,1520,13909,2224,0,30221,0x07
2026-09-06T17:12:21.132,749,0,2,51,1687,608,20741,-1750,-1039,20758,0x07
2026-09-06T17:12:21.133,748,0,1,51,284,1627,397,1455,0,20729,0x07
2026-09-06T17:12:21.197,751,0,2,50,1687,660,20520,-1750,-1140,20330,0x07
2026-09-06T17:12:21.197,750,0,1,50,0,0,4495,1650,0,23135,0x07
2026-09-06T17:12:21.262,753,0,2,57,0,0,0,0,0,0,0x03
2026-09-06T17:12:21.262,752,0,1,51,0,0,32327,0,0,19398,0x07
2026-09-06T17:12:21.328,755,0,2,50,0,0,9369,0,0,9869,0x07
2026-09-06T17:12:21.328,754,0,1,51,3374,275,40000,0,0,7812,0x07
2026-09-06T17:12:21.393,757,0,2,50,852,600,10438,867,280,12362,0x07
2026-09-06T17:12:21.393,756,0,1,52,840,346,12924,878,0,13609,0x07
2026-09-06T17:12:21.459,759,0,2,51,1539,1039,17076,154,20,4089,0x07
2026-09-06T17:12:21.459,758,0,1,52,840,577,11943,878,0,13609,0x07
2026-09-06T17:12:21.523,761,0,2,53,2380,604,29337,2861,264,38662,0x07
2026-09-06T17:12:21.523,760,0,1,51,1687,529,22923,1432,0,20440,0x07
2026-09-06T17:12:21.588,763,0,2,50,2380,940,27909,2861,1500,33409,0x07
2026-09-06T17:12:21.588,762,0,1,52,2277,712,29671,2144,0,29235,0x07
2026-09-06T17:12:21.653,765,0,2,51,3123,1216,35928,3500,1980,39780,0x07
2026-09-06T17:12:21.653,764,0,1,50,2718,1220,33122,2676,0,35802,0x07
2026-09-06T17:12:21.718,766,0,1,51,3058,1490,36306,3151,0,40000,0x07
2026-09-06T17:12:21.800,769,0,2,51,2054,1098,23199,2810,2529,28377,0x07
2026-09-06T17:12:21.800,766,0,1,53,3248,1830,37285,3500,0,40000,0x07
2026-09-06T17:12:21.865,769,0,2,50,1288,1260,13031,2062,2260,19672,0x07
2026-09-06T17:12:21.865,766,0,1,53,3248,1830,37285,3500,0,40000,0x07
2026-09-06T17:12:21.929,773,0,2,50,1288,280,17196,2062,900,25452,0x07
2026-09-06T17:12:21.929,772,0,1,51,0,0,6027,0,0,14622,0x07
2026-09-06T17:12:21.994,775,0,2,52,331,0,6551,1406,0,20653,0x07
2026-09-06T17:12:21.994,774,0,1,51,275,647,4447,1464,0,20846,0x07
2026-09-06T17:12:22.059,777,0,2,51,259,0,5657,1482,0,21643,0x07
2026-09-06T17:12:22.059,776,0,1,56,-81,-18,4642,1834,18,25332,0x07
2026-09-06T17:12:22.124,779,0,2,51,234,0,5345,1507,0,21984,0x07
2026-09-06T17:12:22.124,778,0,1,50,0,0,32327,0,0,19747,0x07
2026-09-06T17:12:22.205,781,0,2,57,248,0,5524,1492,0,21786,0x07
2026-09-06T17:12:22.205,780,0,1,50,3374,960,40000,0,0,7361,0x07
2026-09-06T17:12:22.254,783,0,2,52,248,0,5524,1492,0,21786,0x07
2026-09-06T17:12:22.254,782,0,1,53,1185,698,15812,521,0,9202,0x07
2026-09-06T17:12:22.334,785,0,2,51,257,0,5637,1483,0,21662,0x07
2026-09-06T17:12:22.335,784,0,1,51,1185,941,14779,521,0,9202,0x07
2026-09-06T17:12:22.399,787,0,2,52,264,0,5716,1476,0,21573,0x07
2026-09-06T17:12:22.399,786,0,1,51,1156,902,14585,551,0,9565,0x07
2026-09-06T17:12:22.465,789,0,2,51,269,0,5779,1471,0,21504,0x07
2026-09-06T17:12:22.465,788,0,1,51,1044,843,13408,667,0,11000,0x07
2026-09-06T17:12:22.724,791,0,2,50,268,0,5771,1472,0,21513,0x07
2026-09-06T17:12:22.724,790,0,1,52,1044,808,13558,667,0,11000,0x07
2026-09-06T17:12:23.195,793,0,2,51,273,0,5829,1467,0,21449,0x07
2026-09-06T17:12:23.195,792,0,1,50,1785,900,22599,1586,0,22345,0x07
2026-09-06T17:12:23.260,795,0,2,51,0,0,4740,0,0,15134,0x07
2026-09-06T17:12:23.260,794,0,1,50,0,0,29077,0,0,28194,0x07
2026-09-06T17:12:23.341,797,0,2,50,0,0,0,0,0,0,0x03
2026-09-06T17:12:23.341,796,0,1,51,0,0,0,0,0,0,0x03
2026-09-06T17:12:23.599,799,0,2,50,0,0,29858,0,0,17915,0x07
2026-09-06T17:12:23.599,798,0,1,50,0,0,24927,0,0,9610,0x07
2026-09-06T17:12:24.542,801,0,2,54,1297,704,15504,330,111,6020,0x07
2026-09-06T17:12:24.542,800,0,1,50,2502,1080,30971,0,0,5846,0x07
2026-09-06T17:12:24.607,803,0,2,54,-398,-19,7304,2622,0,36645,0x07
2026-09-06T17:12:24.607,802,0,1,54,1306,37,20168,395,0,7646,0x07
2026-09-06T17:12:24.672,805,0,2,51,0,0,0,0,0,0,0x03
2026-09-06T17:12:24.672,804,0,1,52,0,0,0,0,0,0,0x03
2026-09-06T17:12:24.737,807,0,2,50,0,0,4321,0,0,19863,0x07
2026-09-06T17:12:24.737,806,0,1,50,0,0,12584,0,0,31098,0x07
2026-09-06T17:12:24.802,809,0,2,53,234,0,5349,1507,245,20936,0x07
2026-09-06T17:12:24.802,808,0,1,51,1048,78,16705,3500,0,40000,0x07
2026-09-06T17:12:24.866,811,0,2,50,234,300,4074,1507,0,21978,0x07
2026-09-06T17:12:24.866,810,0,1,51,2434,373,33110,2819,0,37570,0x07
2026-09-06T17:12:24.948,813,0,2,50,279,260,4803,1460,0,21361,0x07
2026-09-06T17:12:24.948,812,0,1,51,2511,784,32340,2889,0,38430,0x07
2026-09-06T17:12:25.013,815,0,2,51,300,275,4997,1439,0,21080,0x07
2026-09-06T17:12:25.013,814,0,1,52,2600,1077,32227,2959,0,39298,0x07
2026-09-06T17:12:25.078,817,0,2,50,274,0,5841,1466,0,21436,0x07
2026-09-06T17:12:25.078,816,0,1,50,2595,1520,30279,2981,0,39562,0x07
2026-09-06T17:12:25.143,819,0,2,51,323,20,6367,1415,0,20768,0x07
2026-09-06T17:12:25.143,818,0,1,50,2257,1700,25216,2791,0,37224,0x07
2026-09-06T17:12:25.208,821,0,2,50,297,0,6129,1442,0,21122,0x07
2026-09-06T17:12:25.208,820,0,1,51,374,1510,2032,1363,0,19588,0x07
2026-09-06T17:12:25.272,823,0,2,50,294,0,6092,1445,0,21159,0x07
2026-09-06T17:12:25.272,822,0,1,51,374,980,4282,1363,0,19588,0x07
2026-09-06T17:12:25.337,825,0,2,51,291,0,6046,1449,0,21210,0x07
2026-09-06T17:12:25.337,824,0,1,52,209,827,2832,1534,0,21701,0x07
2026-09-06T17:12:25.402,827,0,2,50,288,0,6017,1451,0,21242,0x07
2026-09-06T17:12:25.402,826,0,1,51,0,0,4048,1734,0,24177,0x07
2026-09-06T17:12:25.483,829,0,2,54,282,0,5945,1457,0,21319,0x07
2026-09-06T17:12:25.483,828,0,1,53,3374,0,40000,-2188,0,29775,0x07
2026-09-06T17:12:25.548,831,0,2,51,282,0,5945,1457,0,21319,0x07
2026-09-06T17:12:25.548,830,0,1,50,3374,1500,40000,0,0,6078,0x07
2026-09-06T17:12:25.614,833,0,2,51,282,0,5942,1457,0,21325,0x07
2026-09-06T17:12:25.614,832,0,1,52,1293,981,15990,409,0,7815,0x07
2026-09-06T17:12:25.679,835,0,2,55,334,18,6503,1404,0,20620,0x07
2026-09-06T17:12:25.679,834,0,1,52,1324,981,16381,377,0,7422,0x07
2026-09-06T17:12:25.744,837,0,2,51,334,0,6580,0,0,17737,0x07
2026-09-06T17:12:25.745,836,0,1,51,1324,980,16383,377,0,7422,0x07
2026-09-06T17:12:25.810,839,0,2,52,1687,0,23325,-1750,-500,23050,0x07
2026-09-06T17:12:25.810,838,0,1,52,1333,1000,16415,368,0,7306,0x07
2026-09-06T17:12:25.875,841,0,2,50,0,0,17018,0,0,33322,0x07
2026-09-06T17:12:25.875,840,0,1,50,1213,980,14975,492,0,8839,0x07
2026-09-06T17:12:25.940,843,0,2,58,329,69,6233,1409,2414,10427,0x07
2026-09-06T17:12:25.940,842,0,1,50,1213,880,15400,492,0,8839,0x07
2026-09-06T17:12:26.005,845,0,2,51,329,353,5027,1409,863,17019,0x07
2026-09-06T17:12:26.005,844,0,1,52,1125,981,13845,583,0,9971,0x07
2026-09-06T17:12:26.070,847,0,2,52,304,423,4411,1435,346,19559,0x07
2026-09-06T17:12:26.070,846,0,1,52,1069,904,13468,641,0,10680,0x07
2026-09-06T17:12:26.152,849,0,2,50,282,80,5605,1457,200,20469,0x07
2026-09-06T17:12:26.152,848,0,1,53,2232,962,28033,2185,0,29741,0x07
2026-09-06T17:12:26.216,851,0,2,55,362,0,6936,1374,0,20229,0x07
2026-09-06T17:12:26.216,850,0,1,50,2232,1000,27873,2185,0,29741,0x07
2026-09-06T17:12:26.280,853,0,2,50,362,0,6936,1374,0,20229,0x07
2026-09-06T17:12:26.280,852,0,1,50,2959,1200,36275,3191,0,40000,0x07
2026-09-06T17:12:26.346,855,0,2,53,369,0,7023,1367,0,20132,0x07
2026-09-06T17:12:26.346,854,0,1,51,3230,1824,37077,3500,0,40000,0x07
2026-09-06T17:12:26.411,857,0,2,52,222,0,5203,1519,0,22140,0x07
2026-09-06T17:12:26.411,856,0,1,50,2904,1960,32345,3500,0,40000,0x07
2026-09-06T17:12:26.475,859,0,2,52,222,0,5203,1519,0,22140,0x07
2026-09-06T17:12:26.476,858,0,1,51,1796,2078,17729,2685,0,35911,0x07
2026-09-06T17:12:26.541,861,0,2,51,319,0,6393,1420,0,20832,0x07
2026-09-06T17:12:26.541,860,0,1,51,267,1784,4383,1473,0,20954,0x07
2026-09-06T17:12:26.606,863,0,2,51,317,0,6380,1421,0,20842,0x07
2026-09-06T17:12:26.606,862,0,1,50,0,0,4498,1665,0,23326,0x07
2026-09-06T17:12:26.687,865,0,2,50,317,0,6380,1421,0,20842,0x07
2026-09-06T17:12:26.687,864,0,1,50,0,0,32327,0,0,19409,0x07
2026-09-06T17:12:26.752,867,0,2,52,318,0,6389,1420,0,20832,0x07
2026-09-06T17:12:26.752,866,0,1,51,3374,706,40000,0,0,8129,0x07
2026-09-06T17:12:26.817,869,0,2,51,3374,0,40000,-2057,0,29213,0x07
2026-09-06T17:12:26.817,868,0,1,51,1049,765,13798,662,373,9360,0x07
2026-09-06T17:12:26.882,871,0,2,50,3374,520,40000,0,0,3666,0x07
2026-09-06T17:12:26.882,870,0,1,50,0,0,0,0,0,0,0x03
2026-09-06T17:12:26.947,873,0,2,52,1523,885,17536,170,173,3653,0x07
2026-09-06T17:12:26.947,872,0,1,50,1107,40,17616,602,0,10200,0x07
2026-09-06T17:12:27.012,875,0,2,50,1525,600,18766,168,80,4026,0x07
2026-09-06T17:12:27.012,874,0,1,51,1107,1078,13203,602,0,10200,0x07
2026-09-06T17:12:27.077,877,0,2,56,-1804,0,24769,3500,0,40000,0x07
2026-09-06T17:12:27.077,876,0,1,51,1054,608,14537,656,0,10870,0x07
2026-09-06T17:12:27.143,879,0,2,50,0,0,29858,0,0,19298,0x07
2026-09-06T17:12:27.143,878,0,1,50,0,0,0,0,0,0,0x03
2026-09-06T17:12:27.224,881,0,2,51,0,0,17725,0,0,33322,0x07
2026-09-06T17:12:27.224,880,0,1,57,3026,0,40000,3500,0,40000,0x07
2026-09-06T17:12:27.289,883,0,2,50,0,0,4570,3500,340,40000,0x07
2026-09-06T17:12:27.289,882,0,1,50,3026,1740,34836,3500,0,40000,0x07
2026-09-06T17:12:27.354,885,0,2,51,261,373,4095,1480,510,19453,0x07
2026-09-06T17:12:27.354,884,0,1,51,3221,1235,39469,3500,0,40000,0x07
2026-09-06T17:12:27.418,887,0,2,51,305,294,4975,1434,20,20928,0x07
2026-09-06T17:12:27.418,886,0,1,51,2960,1784,33814,3470,0,40000,0x07
2026-09-06T17:12:27.483,889,0,2,56,335,214,5682,1403,18,20530,0x07
2026-09-06T17:12:27.483,888,0,1,50,2465,1860,27183,3078,0,40000,0x07
2026-09-06T17:12:27.548,891,0,2,52,335,19,6511,1403,0,20606,0x07
2026-09-06T17:12:27.548,890,0,1,52,1539,1885,15282,2333,0,31564,0x07
2026-09-06T17:12:27.613,893,0,2,50,286,20,5910,1453,0,21265,0x07
2026-09-06T17:12:27.613,892,0,1,54,146,944,1541,1598,0,22496,0x07
2026-09-06T17:12:27.678,895,0,2,51,307,0,6246,1432,0,20994,0x07
2026-09-06T17:12:27.678,894,0,1,57,-15,-35,3730,1765,0,24561,0x07
2026-09-06T17:12:27.825,897,0,2,52,290,0,6042,1449,0,21214,0x07
2026-09-06T17:12:27.825,896,0,1,51,0,0,32327,0,0,20118,0x07
