timestamp,sequence,team,robot_id,interval_ms,left_target_eps,left_measured_eps,left_duty,right_target_eps,right_measured_eps,right_duty,flags
2026-09-06T20:55:34.660,182,0,1,54,0,0,0,0,0,0,0x03
2026-09-06T20:55:34.729,185,0,2,51,0,0,0,0,0,0,0x03
2026-09-06T20:55:34.794,187,0,2,51,0,0,0,0,0,0,0x03
2026-09-06T20:55:34.859,189,0,2,50,0,0,0,0,0,0,0x03
2026-09-06T20:55:34.924,189,0,2,50,0,0,0,0,0,0,0x03
2026-09-06T20:55:34.989,1,0,2,50,0,0,0,0,0,0,0x03
2026-09-06T20:55:35.054,1,0,2,50,0,0,0,0,0,0,0x03
2026-09-06T20:55:35.119,1,0,2,50,0,0,0,0,0,0,0x03
2026-09-06T20:55:35.200,65535,0,2,50,0,0,0,0,0,0,0x0b
2026-09-06T20:55:35.265,65535,0,2,52,0,0,0,0,0,0,0x0b
2026-09-06T20:55:35.329,65535,0,2,51,0,0,0,0,0,0,0x0b
2026-09-06T20:55:35.394,65535,0,2,53,0,0,0,0,0,0,0x0b
2026-09-06T20:55:35.459,65535,0,2,51,0,0,0,0,0,0,0x0b
2026-09-06T20:55:35.524,65535,0,2,52,0,0,0,0,0,0,0x0b
2026-09-06T20:55:35.589,65535,0,2,51,0,0,0,0,0,0,0x0b
2026-09-06T20:55:35.654,65535,0,2,53,0,0,0,0,0,0,0x0b
2026-09-06T20:55:35.735,65535,0,2,51,0,0,0,0,0,0,0x0b
2026-09-06T20:55:35.801,65535,0,2,51,0,0,0,0,0,0,0x0b
2026-09-06T20:55:35.866,65535,0,2,50,0,0,0,0,0,0,0x0b
2026-09-06T20:55:35.931,65535,0,2,50,0,0,0,0,0,0,0x0b
2026-09-06T20:55:35.996,65535,0,2,52,0,0,0,0,0,0,0x0b
2026-09-06T20:55:36.061,65535,0,2,51,0,0,0,0,0,0,0x0b
2026-09-06T20:55:36.126,65535,0,2,51,0,0,0,0,0,0,0x0b
2026-09-06T20:55:36.191,65535,0,2,51,0,0,0,0,0,0,0x0b
2026-09-06T20:55:36.272,65535,0,2,51,0,0,0,0,0,0,0x0b
2026-09-06T20:55:36.337,65535,0,2,50,0,0,0,0,0,0,0x0b
2026-09-06T20:55:36.402,65535,0,2,51,0,0,0,0,0,0,0x0b
2026-09-06T20:55:36.467,65535,0,2,50,0,0,0,0,0,0,0x0b
2026-09-06T20:55:36.533,65535,0,2,51,0,0,0,0,0,0,0x0b
2026-09-06T20:55:36.598,65535,0,2,52,0,0,0,0,0,0,0x0b
2026-09-06T20:55:36.663,65535,0,2,51,0,0,0,0,0,0,0x0b
2026-09-06T20:55:36.727,65535,0,2,52,0,0,0,0,0,0,0x0b
2026-09-06T20:55:36.808,65535,0,2,51,0,0,0,0,0,0,0x0b
2026-09-06T20:55:36.873,65535,0,2,50,0,0,0,0,0,0,0x0b
2026-09-06T20:55:36.938,65535,0,2,50,0,0,0,0,0,0,0x0b
2026-09-06T20:55:37.004,65535,0,2,51,0,0,0,0,0,0,0x0b
2026-09-06T20:55:37.069,65535,0,2,51,0,0,0,0,0,0,0x0b
2026-09-06T20:55:37.134,65535,0,2,50,0,0,0,0,0,0,0x0b
2026-09-06T20:55:37.200,65535,0,2,51,0,0,0,0,0,0,0x0b
2026-09-06T20:55:37.265,65535,0,2,50,0,0,0,0,0,0,0x0b
2026-09-06T20:55:37.330,65535,0,2,51,0,0,0,0,0,0,0x0b
2026-09-06T20:55:37.395,65535,0,2,50,0,0,0,0,0,0,0x0b
2026-09-06T20:55:37.476,65535,0,2,52,0,0,0,0,0,0,0x0b
2026-09-06T20:55:37.540,65535,0,2,50,0,0,0,0,0,0,0x0b
2026-09-06T20:55:37.605,65535,0,2,52,0,0,0,0,0,0,0x0b
2026-09-06T20:55:37.670,65535,0,2,51,0,0,0,0,0,0,0x0b
2026-09-06T20:55:37.735,65535,0,2,52,0,0,0,0,0,0,0x0b
2026-09-06T20:55:37.800,65535,0,2,52,0,0,0,0,0,0,0x0b
2026-09-06T20:55:37.882,65535,0,2,51,0,0,0,0,0,0,0x0b
2026-09-06T20:55:37.930,65535,0,2,51,0,0,0,0,0,0,0x0b
2026-09-06T20:55:38.011,65535,0,2,51,0,0,0,0,0,0,0x0b
2026-09-06T20:55:38.076,65535,0,2,52,0,0,0,0,0,0,0x0b
2026-09-06T20:55:38.141,65535,0,2,50,0,0,0,0,0,0,0x0b
2026-09-06T20:55:38.206,65535,0,2,52,0,0,0,0,0,0,0x0b
2026-09-06T20:55:38.271,65535,0,2,50,0,0,0,0,0,0,0x0b
2026-09-06T20:55:38.336,65535,0,2,50,0,0,0,0,0,0,0x0b
2026-09-06T20:55:38.402,65535,0,2,52,0,0,0,0,0,0,0x0b
2026-09-06T20:55:38.467,65535,0,2,50,0,0,0,0,0,0,0x0b
2026-09-06T20:55:38.549,65535,0,2,51,0,0,0,0,0,0,0x0b
2026-09-06T20:55:38.614,65535,0,2,50,0,0,0,0,0,0,0x0b
2026-09-06T20:55:38.680,65535,0,2,50,0,0,0,0,0,0,0x0b
2026-09-06T20:55:38.745,65535,0,2,52,0,0,0,0,0,0,0x0b
2026-09-06T20:55:38.810,65535,0,2,52,0,0,0,0,0,0,0x0b
2026-09-06T20:55:38.875,65535,0,2,51,0,0,0,0,0,0,0x0b
2026-09-06T20:55:38.940,65535,0,2,52,0,0,0,0,0,0,0x0b
2026-09-06T20:55:39.005,65535,0,2,51,0,0,0,0,0,0,0x0b
2026-09-06T20:55:39.071,65535,0,2,51,0,0,0,0,0,0,0x0b
2026-09-06T20:55:39.152,65535,0,2,51,0,0,0,0,0,0,0x0b
2026-09-06T20:55:39.217,65535,0,2,50,0,0,0,0,0,0,0x0b
2026-09-06T20:55:39.282,65535,0,2,50,0,0,0,0,0,0,0x0b
2026-09-06T20:55:39.347,65535,0,2,51,0,0,0,0,0,0,0x0b
2026-09-06T20:55:39.412,65535,0,2,50,0,0,0,0,0,0,0x0b
2026-09-06T20:55:39.476,65535,0,2,51,0,0,0,0,0,0,0x0b
2026-09-06T20:55:39.541,65535,0,2,52,0,0,0,0,0,0,0x0b
2026-09-06T20:55:39.606,65535,0,2,51,0,0,0,0,0,0,0x0b
2026-09-06T20:55:39.670,65535,0,2,51,0,0,0,0,0,0,0x0b
2026-09-06T20:55:39.751,65535,0,2,50,0,0,0,0,0,0,0x0b
2026-09-06T20:55:39.816,65535,0,2,51,0,0,0,0,0,0,0x0b
2026-09-06T20:55:39.880,65535,0,2,50,0,0,0,0,0,0,0x0b
2026-09-06T20:55:39.945,65535,0,2,52,0,0,0,0,0,0,0x0b
2026-09-06T20:55:40.010,65535,0,2,51,0,0,0,0,0,0,0x0b
2026-09-06T20:55:40.075,65535,0,2,50,0,0,0,0,0,0,0x0b
2026-09-06T20:55:40.156,65535,0,2,51,0,0,0,0,0,0,0x0b
2026-09-06T20:55:40.221,65535,0,2,51,0,0,0,0,0,0,0x0b
2026-09-06T20:55:40.286,65535,0,2,50,0,0,0,0,0,0,0x0b
2026-09-06T20:55:40.351,65535,0,2,51,0,0,0,0,0,0,0x0b
2026-09-06T20:55:40.416,65535,0,2,50,0,0,0,0,0,0,0x0b
2026-09-06T20:55:40.481,65535,0,2,53,0,0,0,0,0,0,0x0b
2026-09-06T20:55:40.546,65535,0,2,52,0,0,0,0,0,0,0x0b
2026-09-06T20:55:40.610,65535,0,2,52,0,0,0,0,0,0,0x0b
2026-09-06T20:55:40.691,65535,0,2,52,0,0,0,0,0,0,0x0b
2026-09-06T20:55:40.756,65535,0,2,50,0,0,0,0,0,0,0x0b
2026-09-06T20:55:40.822,65535,0,2,51,0,0,0,0,0,0,0x0b
2026-09-06T20:55:40.887,65535,0,2,51,0,0,0,0,0,0,0x0b
2026-09-06T20:55:40.952,65535,0,2,51,0,0,0,0,0,0,0x0b
2026-09-06T20:55:41.065,65535,0,2,51,0,0,0,0,0,0,0x0b
