timestamp,sequence,team,robot_id,interval_ms,left_target_eps,left_measured_eps,left_duty,right_target_eps,right_measured_eps,right_duty,flags
2026-09-06T11:19:04.329-03:00,65535,255,0,0,0,0,0,0,0,0,0x03
2026-09-06T11:19:04.347-03:00,54,0,0,51,0,0,0,0,0,0,0x03
2026-09-06T11:19:04.370-03:00,55,0,0,51,0,0,0,0,0,0,0x03
2026-09-06T11:19:04.390-03:00,55,0,0,52,0,0,0,0,0,0,0x03
2026-09-06T11:19:04.408-03:00,55,0,0,52,0,0,0,0,0,0,0x03
2026-09-06T11:19:04.426-03:00,55,0,0,52,0,0,0,0,0,0,0x03
2026-09-06T11:19:04.449-03:00,55,0,0,52,0,0,0,0,0,0,0x03
2026-09-06T11:19:04.467-03:00,55,0,0,52,0,0,0,0,0,0,0x03
2026-09-06T11:19:04.488-03:00,55,0,0,50,0,0,0,0,0,0,0x03
2026-09-06T11:19:04.506-03:00,55,0,0,50,0,0,0,0,0,0,0x03
2026-09-06T11:19:04.526-03:00,8,0,0,54,675,0,10332,700,0,10159,0x07
2026-09-06T11:19:04.549-03:00,9,0,0,54,675,0,10332,700,0,10159,0x07
2026-09-06T11:19:04.567-03:00,10,0,0,54,675,0,10332,700,0,10159,0x07
2026-09-06T11:19:04.587-03:00,11,0,0,51,675,0,10332,700,0,10159,0x07
2026-09-06T11:19:04.606-03:00,12,0,0,51,675,0,10332,700,0,10159,0x07
2026-09-06T11:19:04.626-03:00,13,0,0,51,675,0,10332,700,0,10159,0x07
2026-09-06T11:19:04.648-03:00,14,0,0,51,675,0,10332,700,0,10159,0x07
2026-09-06T11:19:04.666-03:00,15,0,0,51,675,0,10332,700,0,10159,0x07
2026-09-06T11:19:04.686-03:00,16,0,0,55,675,0,10332,700,0,10159,0x07
2026-09-06T11:19:04.706-03:00,17,0,0,55,675,0,10332,700,0,10159,0x07
2026-09-06T11:19:04.727-03:00,18,0,0,55,675,0,10332,700,0,10159,0x07
2026-09-06T11:19:04.750-03:00,19,0,0,51,675,0,10332,700,0,10159,0x07
2026-09-06T11:19:04.768-03:00,20,0,0,51,675,0,10332,700,0,10159,0x07
2026-09-06T11:19:04.786-03:00,21,0,0,53,675,0,10332,700,0,10159,0x07
2026-09-06T11:19:04.806-03:00,22,0,0,53,675,0,10332,700,0,10159,0x07
2026-09-06T11:19:04.830-03:00,23,0,0,53,675,0,10332,700,0,10159,0x07
2026-09-06T11:19:04.847-03:00,24,0,0,54,675,0,10332,700,0,10159,0x07
2026-09-06T11:19:04.865-03:00,25,0,0,54,675,0,10332,700,0,10159,0x07
2026-09-06T11:19:04.888-03:00,26,0,0,54,675,0,10332,700,0,10159,0x07
2026-09-06T11:19:04.948-03:00,27,0,0,52,675,0,10332,700,0,10159,0x07
2026-09-06T11:19:04.948-03:00,28,0,0,52,675,0,10332,700,0,10159,0x07
2026-09-06T11:19:04.968-03:00,29,0,0,50,675,0,10332,700,0,10159,0x07
2026-09-06T11:19:04.988-03:00,30,0,0,50,675,0,10332,700,0,10159,0x07
2026-09-06T11:19:05.006-03:00,32,0,0,51,675,0,10332,700,0,10159,0x07
2026-09-06T11:19:05.030-03:00,33,0,0,51,675,0,10332,700,0,10159,0x07
2026-09-06T11:19:05.050-03:00,34,0,0,51,675,0,10332,700,0,10159,0x07
2026-09-06T11:19:05.070-03:00,35,0,0,52,675,0,10332,700,0,10159,0x07
2026-09-06T11:19:05.088-03:00,36,0,0,52,675,0,10332,700,0,10159,0x07
2026-09-06T11:19:05.110-03:00,37,0,0,50,675,0,10332,700,0,10159,0x07
2026-09-06T11:19:05.130-03:00,38,0,0,50,675,0,10332,700,0,10159,0x07
2026-09-06T11:19:05.148-03:00,39,0,0,50,675,0,10332,700,0,10159,0x07
2026-09-06T11:19:05.168-03:00,40,0,0,53,675,0,10332,700,0,10159,0x07
2026-09-06T11:19:05.187-03:00,41,0,0,53,675,0,10332,700,0,10159,0x07
2026-09-06T11:19:05.210-03:00,42,0,0,54,675,0,10332,700,0,10159,0x07
2026-09-06T11:19:05.228-03:00,43,0,0,54,675,0,10332,700,0,10159,0x07
2026-09-06T11:19:05.246-03:00,44,0,0,54,675,0,10332,700,0,10159,0x07
2026-09-06T11:19:05.270-03:00,45,0,0,50,675,0,10332,700,0,10159,0x07
2026-09-06T11:19:05.288-03:00,46,0,0,50,675,0,10332,700,0,10159,0x07
2026-09-06T11:19:05.308-03:00,47,0,0,54,675,0,10332,700,0,10159,0x07
2026-09-06T11:19:05.354-03:00,48,0,0,54,675,0,10332,700,0,10159,0x07
2026-09-06T11:19:05.394-03:00,49,0,0,54,675,0,10332,700,0,10159,0x07
2026-09-06T11:19:05.442-03:00,50,0,0,51,675,0,10332,700,0,10159,0x07
2026-09-06T11:19:05.482-03:00,51,0,0,51,0,0,0,0,0,0,0x03
2026-09-06T11:19:05.523-03:00,52,0,0,52,0,0,0,0,0,0,0x03
