timestamp,sequence,team,robot_id,interval_ms,left_target_eps,left_measured_eps,left_duty,right_target_eps,right_measured_eps,right_duty,flags
2026-09-06T13:31:40.639-03:00,65535,255,0,0,0,0,0,0,0,0,0x03
2026-09-06T13:31:40.680-03:00,65535,255,0,52,0,0,0,0,0,0,0x03
2026-09-06T13:31:40.757-03:00,65535,255,0,50,0,0,0,0,0,0,0x03
2026-09-06T13:31:40.961-03:00,1,0,0,50,0,0,30741,0,0,31098,0x07
2026-09-06T13:31:41.061-03:00,2,0,0,50,3374,1000,40000,3500,660,40000,0x07
2026-09-06T13:31:41.138-03:00,4,0,0,51,0,0,30741,0,0,31098,0x07
2026-09-06T13:31:41.337-03:00,7,0,0,72,3374,2347,35105,3500,1958,37650,0x07
2026-09-06T13:31:41.379-03:00,17,0,0,114,3374,2711,33561,3500,2728,34379,0x07
2026-09-06T13:31:41.479-03:00,23,0,0,89,3374,2820,33095,3500,3011,33175,0x07
2026-09-06T13:31:41.497-03:00,26,0,0,63,3374,2603,34017,3500,2635,34775,0x07
2026-09-06T13:31:41.537-03:00,27,0,0,62,3374,2806,33153,3500,2597,34937,0x07
2026-09-06T13:31:41.558-03:00,28,0,0,70,3374,2643,33848,3500,2586,34984,0x07
2026-09-06T13:31:41.679-03:00,36,0,0,63,3374,2381,34961,3500,2508,35314,0x07
2026-09-06T13:31:41.737-03:00,38,0,0,75,3374,2840,33010,3500,2653,34696,0x07
2026-09-06T13:31:41.881-03:00,44,0,0,70,3374,2643,33848,3500,2671,34619,0x07
2026-09-06T13:31:41.881-03:00,45,0,0,69,3374,2768,33316,3500,2913,33593,0x07
2026-09-06T13:31:42.036-03:00,46,0,0,65,3374,2738,33442,3500,2631,34792,0x07
2026-09-06T13:31:42.096-03:00,48,0,0,61,3374,2639,33863,3500,2492,35383,0x07
2026-09-06T13:31:42.158-03:00,53,0,0,68,3374,2721,33518,3500,2691,34536,0x07
2026-09-06T13:31:42.158-03:00,56,0,0,65,3374,2523,34357,3500,2692,34531,0x07
2026-09-06T13:31:42.176-03:00,63,0,0,66,3374,2652,33812,3500,2545,35155,0x07
2026-09-06T13:31:42.240-03:00,64,0,0,71,3374,2620,33947,3500,2718,34420,0x07
2026-09-06T13:31:42.341-03:00,71,0,0,77,3374,2468,34593,3500,2338,36038,0x07
2026-09-06T13:31:42.399-03:00,74,0,0,78,3374,2846,32984,3500,2846,33877,0x07
2026-09-06T13:31:42.597-03:00,77,0,0,67,3374,2746,33409,3500,2612,34872,0x07
2026-09-06T13:31:42.617-03:00,78,0,0,68,3374,2544,34268,3500,2456,35536,0x07
2026-09-06T13:31:42.700-03:00,79,0,0,65,3374,2523,34357,3500,2492,35381,0x07
2026-09-06T13:31:42.739-03:00,82,0,0,72,3374,2597,34042,3500,2611,34876,0x07
2026-09-06T13:31:42.817-03:00,86,0,0,74,3374,2689,33651,3500,2716,34429,0x07
2026-09-06T13:31:42.879-03:00,89,0,0,70,3374,2771,33302,3500,2800,34073,0x07
2026-09-06T13:31:42.940-03:00,90,0,0,70,3374,2557,34213,3500,2714,34437,0x07
2026-09-06T13:31:43.037-03:00,99,0,0,62,3374,2484,34524,3500,2548,35142,0x07
2026-09-06T13:31:43.100-03:00,100,0,0,75,3374,2827,33067,3500,2760,34243,0x07
2026-09-06T13:31:43.139-03:00,104,0,0,65,3374,2554,34227,3500,2708,34465,0x07
2026-09-06T13:31:43.157-03:00,107,0,0,66,3374,2727,33490,3500,2682,34575,0x07
2026-09-06T13:31:43.217-03:00,110,0,0,63,3374,2571,34152,3500,2571,35044,0x07
2026-09-06T13:31:43.278-03:00,113,0,0,70,3374,2800,33180,3500,2614,34862,0x07
2026-09-06T13:31:43.359-03:00,116,0,0,72,3374,2611,33983,3500,2653,34699,0x07
2026-09-06T13:31:43.498-03:00,121,0,0,67,3374,2597,34043,3500,2701,34492,0x07
2026-09-06T13:31:43.517-03:00,124,0,0,73,3374,2603,34019,3500,2575,35028,0x07
