timestamp,sequence,team,robot_id,interval_ms,left_target_eps,left_measured_eps,left_duty,right_target_eps,right_measured_eps,right_duty,flags
2026-09-06T21:04:04.833,410,0,1,50,0,0,0,0,0,0,0x03
2026-09-06T21:04:04.886,411,0,2,51,-2600,-2961,22462,-3114,-3176,29466,0x07
2026-09-06T21:04:04.887,412,0,1,50,0,0,0,0,0,0,0x03
2026-09-06T21:04:04.967,413,0,2,51,-1991,-2725,15838,-2551,-3098,22417,0x07
2026-09-06T21:04:04.967,414,0,1,50,0,0,0,0,0,0,0x03
2026-09-06T21:04:05.032,415,0,2,51,0,0,0,0,0,0,0x03
2026-09-06T21:04:05.032,0,0,1,51,0,0,0,0,0,0,0x03
2026-09-06T21:04:05.097,1,0,2,50,0,0,0,0,0,0,0x03
2026-09-06T21:04:05.097,2,0,1,50,0,0,0,0,0,0,0x03
2026-09-06T21:04:05.163,3,0,2,51,0,0,0,0,0,0,0x03
2026-09-06T21:04:05.163,4,0,1,51,0,0,0,0,0,0,0x03
2026-09-06T21:04:05.228,5,0,2,51,0,0,0,0,0,0,0x03
2026-09-06T21:04:05.228,6,0,1,51,0,0,0,0,0,0,0x03
2026-09-06T21:04:05.293,7,0,2,51,0,0,0,0,0,0,0x03
2026-09-06T21:04:05.293,8,0,1,50,0,0,0,0,0,0,0x03
2026-09-06T21:04:05.358,9,0,2,51,0,0,0,0,0,0,0x03
2026-09-06T21:04:05.358,10,0,1,52,0,0,0,0,0,0,0x03
2026-09-06T21:04:05.424,11,0,2,51,0,0,0,0,0,0,0x03
2026-09-06T21:04:05.424,12,0,1,51,0,0,0,0,0,0,0x03
2026-09-06T21:04:05.488,13,0,2,51,0,0,0,0,0,0,0x03
2026-09-06T21:04:05.488,14,0,1,55,0,0,0,0,0,0,0x03
2026-09-06T21:04:05.569,15,0,2,50,0,0,0,0,0,0,0x03
2026-09-06T21:04:05.569,16,0,1,51,0,0,0,0,0,0,0x03
2026-09-06T21:04:05.635,17,0,2,52,0,0,0,0,0,0,0x03
2026-09-06T21:04:05.635,18,0,1,50,0,0,0,0,0,0,0x03
2026-09-06T21:04:05.699,19,0,2,50,0,0,0,0,0,0,0x03
2026-09-06T21:04:05.699,20,0,1,51,0,0,0,0,0,0,0x03
2026-09-06T21:04:05.764,21,0,2,52,0,0,0,0,0,0,0x03
2026-09-06T21:04:05.764,22,0,1,52,0,0,0,0,0,0,0x03
2026-09-06T21:04:05.829,23,0,2,51,0,0,0,0,0,0,0x03
2026-09-06T21:04:05.829,24,0,1,50,0,0,0,0,0,0,0x03
2026-09-06T21:04:05.894,25,0,2,50,0,0,0,0,0,0,0x03
2026-09-06T21:04:05.894,26,0,1,52,0,0,0,0,0,0,0x03
2026-09-06T21:04:05.959,27,0,2,50,0,0,0,0,0,0,0x03
2026-09-06T21:04:05.959,28,0,1,50,0,0,0,0,0,0,0x03
2026-09-06T21:04:06.024,29,0,2,52,0,0,0,0,0,0,0x03
2026-09-06T21:04:06.024,30,0,1,51,0,0,0,0,0,0,0x03
2026-09-06T21:04:06.105,31,0,2,52,0,0,0,0,0,0,0x03
2026-09-06T21:04:06.105,32,0,1,50,0,0,0,0,0,0,0x03
2026-09-06T21:04:06.170,33,0,2,52,0,0,0,0,0,0,0x03
2026-09-06T21:04:06.170,34,0,1,55,0,0,0,0,0,0,0x03
2026-09-06T21:04:06.236,35,0,2,50,0,0,0,0,0,0,0x03
2026-09-06T21:04:06.236,36,0,1,52,0,0,0,0,0,0,0x03
2026-09-06T21:04:06.301,37,0,2,51,0,0,0,0,0,0,0x03
2026-09-06T21:04:06.301,38,0,1,52,0,0,0,0,0,0,0x03
2026-09-06T21:04:06.366,39,0,2,52,0,0,0,0,0,0,0x03
2026-09-06T21:04:06.366,40,0,1,50,0,0,0,0,0,0,0x03
2026-09-06T21:04:06.431,41,0,2,50,0,0,0,0,0,0,0x03
2026-09-06T21:04:06.431,42,0,1,51,0,0,0,0,0,0,0x03
2026-09-06T21:04:06.497,43,0,2,52,0,0,0,0,0,0,0x03
2026-09-06T21:04:06.497,44,0,1,51,0,0,0,0,0,0,0x03
2026-09-06T21:04:06.562,45,0,2,51,0,0,0,0,0,0,0x03
2026-09-06T21:04:06.562,46,0,1,50,0,0,0,0,0,0,0x03
2026-09-06T21:04:06.626,47,0,2,50,0,0,0,0,0,0,0x03
2026-09-06T21:04:06.627,48,0,1,51,0,0,0,0,0,0,0x03
2026-09-06T21:04:06.707,49,0,2,50,0,0,0,0,0,0,0x03
2026-09-06T21:04:06.707,50,0,1,50,0,0,0,0,0,0,0x03
2026-09-06T21:04:06.772,51,0,2,52,0,0,0,0,0,0,0x03
2026-09-06T21:04:06.772,52,0,1,51,0,0,0,0,0,0,0x03
2026-09-06T21:04:06.837,53,0,2,55,0,0,0,0,0,0,0x03
2026-09-06T21:04:06.837,54,0,1,52,0,0,0,0,0,0,0x03
2026-09-06T21:04:06.901,55,0,2,51,0,0,0,0,0,0,0x03
2026-09-06T21:04:06.901,56,0,1,51,0,0,0,0,0,0,0x03
2026-09-06T21:04:06.966,57,0,2,50,0,0,0,0,0,0,0x03
2026-09-06T21:04:06.966,58,0,1,51,0,0,0,0,0,0,0x03
2026-09-06T21:04:07.031,59,0,2,50,0,0,0,0,0,0,0x03
2026-09-06T21:04:07.031,60,0,1,50,0,0,0,0,0,0,0x03
2026-09-06T21:04:07.096,61,0,2,50,0,0,0,0,0,0,0x03
2026-09-06T21:04:07.096,62,0,1,50,0,0,0,0,0,0,0x03
2026-09-06T21:04:07.178,63,0,2,51,0,0,0,0,0,0,0x03
2026-09-06T21:04:07.178,64,0,1,52,0,0,0,0,0,0,0x03
2026-09-06T21:04:07.243,65,0,2,52,0,0,0,0,0,0,0x03
2026-09-06T21:04:07.243,66,0,1,50,0,0,0,0,0,0,0x03
2026-09-06T21:04:07.309,67,0,2,50,0,0,0,0,0,0,0x03
2026-09-06T21:04:07.309,68,0,1,52,0,0,0,0,0,0,0x03
2026-09-06T21:04:07.374,69,0,2,50,0,0,0,0,0,0,0x03
2026-09-06T21:04:07.374,70,0,1,51,0,0,0,0,0,0,0x03
2026-09-06T21:04:07.439,71,0,2,50,0,0,0,0,0,0,0x03
2026-09-06T21:04:07.439,72,0,1,50,0,0,0,0,0,0,0x03
2026-09-06T21:04:07.505,73,0,2,51,0,0,0,0,0,0,0x03
2026-09-06T21:04:07.505,74,0,1,50,0,0,0,0,0,0,0x03
2026-09-06T21:04:07.571,75,0,2,51,0,0,0,0,0,0,0x03
2026-09-06T21:04:07.571,76,0,1,52,0,0,0,0,0,0,0x03
2026-09-06T21:04:07.636,77,0,2,53,0,0,0,0,0,0,0x03
2026-09-06T21:04:07.636,78,0,1,51,0,0,0,0,0,0,0x03
2026-09-06T21:04:07.701,79,0,2,52,0,0,0,0,0,0,0x03
2026-09-06T21:04:07.701,80,0,1,51,0,0,0,0,0,0,0x03
2026-09-06T21:04:07.782,81,0,2,51,0,0,0,0,0,0,0x03
2026-09-06T21:04:07.782,82,0,1,51,0,0,0,0,0,0,0x03
2026-09-06T21:04:07.831,83,0,2,50,0,0,0,0,0,0,0x03
2026-09-06T21:04:07.831,84,0,1,52,0,0,0,0,0,0,0x03
2026-09-06T21:04:07.912,85,0,2,51,0,0,0,0,0,0,0x03
2026-09-06T21:04:07.912,86,0,1,50,0,0,0,0,0,0,0x03
2026-09-06T21:04:07.978,87,0,2,50,0,0,0,0,0,0,0x03
2026-09-06T21:04:07.978,88,0,1,50,0,0,0,0,0,0,0x03
2026-09-06T21:04:08.043,89,0,2,50,0,0,0,0,0,0,0x03
2026-09-06T21:04:08.043,90,0,1,53,0,0,0,0,0,0,0x03
2026-09-06T21:04:08.108,91,0,2,50,0,0,0,0,0,0,0x03
2026-09-06T21:04:08.108,92,0,1,51,0,0,0,0,0,0,0x03
2026-09-06T21:04:08.173,93,0,2,50,0,0,0,0,0,0,0x03
2026-09-06T21:04:08.173,94,0,1,50,0,0,0,0,0,0,0x03
2026-09-06T21:04:08.239,95,0,2,51,0,0,0,0,0,0,0x03
2026-09-06T21:04:08.239,96,0,1,50,0,0,0,0,0,0,0x03
2026-09-06T21:04:08.303,97,0,2,51,0,0,0,0,0,0,0x03
2026-09-06T21:04:08.303,98,0,1,51,0,0,0,0,0,0,0x03
2026-09-06T21:04:08.368,99,0,2,51,0,0,0,0,0,0,0x03
2026-09-06T21:04:08.368,100,0,1,51,0,0,0,0,0,0,0x03
2026-09-06T21:04:08.449,101,0,2,51,0,0,0,0,0,0,0x03
2026-09-06T21:04:08.449,102,0,1,50,0,0,0,0,0,0,0x03
2026-09-06T21:04:08.515,103,0,2,50,0,0,0,0,0,0,0x03
2026-09-06T21:04:08.515,104,0,1,51,0,0,0,0,0,0,0x03
2026-09-06T21:04:08.579,105,0,2,50,0,0,0,0,0,0,0x03
2026-09-06T21:04:08.579,106,0,1,50,0,0,0,0,0,0,0x03
2026-09-06T21:04:08.644,107,0,2,51,0,0,0,0,0,0,0x03
2026-09-06T21:04:08.645,108,0,1,50,0,0,0,0,0,0,0x03
2026-09-06T21:04:08.710,109,0,2,52,0,0,0,0,0,0,0x03
2026-09-06T21:04:08.710,110,0,1,50,0,0,0,0,0,0,0x03
2026-09-06T21:04:08.775,111,0,2,50,0,0,0,0,0,0,0x03
2026-09-06T21:04:08.775,112,0,1,50,0,0,0,0,0,0,0x03
2026-09-06T21:04:08.840,113,0,2,50,0,0,0,0,0,0,0x03
2026-09-06T21:04:08.841,114,0,1,50,0,0,0,0,0,0,0x03
2026-09-06T21:04:08.906,115,0,2,50,0,0,0,0,0,0,0x03
2026-09-06T21:04:08.906,116,0,1,52,0,0,0,0,0,0,0x03
2026-09-06T21:04:08.987,117,0,2,51,0,0,0,0,0,0,0x03
2026-09-06T21:04:08.987,118,0,1,51,0,0,0,0,0,0,0x03
2026-09-06T21:04:09.052,119,0,2,50,0,0,0,0,0,0,0x03
2026-09-06T21:04:09.052,120,0,1,51,0,0,0,0,0,0,0x03
2026-09-06T21:04:09.117,121,0,2,51,0,0,0,0,0,0,0x03
2026-09-06T21:04:09.117,122,0,1,52,0,0,0,0,0,0,0x03
2026-09-06T21:04:09.183,123,0,2,50,0,0,0,0,0,0,0x03
2026-09-06T21:04:09.183,124,0,1,52,0,0,0,0,0,0,0x03
2026-09-06T21:04:09.248,125,0,2,50,0,0,0,0,0,0,0x03
2026-09-06T21:04:09.248,126,0,1,51,0,0,0,0,0,0,0x03
2026-09-06T21:04:09.313,127,0,2,52,0,0,0,0,0,0,0x03
2026-09-06T21:04:09.313,128,0,1,50,0,0,0,0,0,0,0x03
2026-09-06T21:04:09.377,129,0,2,52,0,0,0,0,0,0,0x03
2026-09-06T21:04:09.377,130,0,1,52,0,0,0,0,0,0,0x03
2026-09-06T21:04:09.443,131,0,2,52,0,0,0,0,0,0,0x03
2026-09-06T21:04:09.443,132,0,1,50,0,0,0,0,0,0,0x03
2026-09-06T21:04:09.508,133,0,2,51,0,0,0,0,0,0,0x03
2026-09-06T21:04:09.508,134,0,1,51,0,0,0,0,0,0,0x03
2026-09-06T21:04:09.589,135,0,2,53,0,0,0,0,0,0,0x03
2026-09-06T21:04:09.589,136,0,1,53,0,0,0,0,0,0,0x03
2026-09-06T21:04:09.654,137,0,2,50,0,0,0,0,0,0,0x03
2026-09-06T21:04:09.654,138,0,1,50,0,0,0,0,0,0,0x03
2026-09-06T21:04:09.719,139,0,2,50,0,0,0,0,0,0,0x03
2026-09-06T21:04:09.719,140,0,1,50,0,0,0,0,0,0,0x03
2026-09-06T21:04:09.785,141,0,2,50,0,0,0,0,0,0,0x03
2026-09-06T21:04:09.785,142,0,1,52,0,0,0,0,0,0,0x03
2026-09-06T21:04:09.849,143,0,2,52,0,0,0,0,0,0,0x03
2026-09-06T21:04:09.849,144,0,1,50,0,0,0,0,0,0,0x03
2026-09-06T21:04:09.914,145,0,2,52,0,0,0,0,0,0,0x03
2026-09-06T21:04:09.915,146,0,1,51,0,0,0,0,0,0,0x03
2026-09-06T21:04:09.979,147,0,2,52,0,0,0,0,0,0,0x03
2026-09-06T21:04:09.979,148,0,1,51,0,0,0,0,0,0,0x03
2026-09-06T21:04:10.044,149,0,2,52,0,0,0,0,0,0,0x03
2026-09-06T21:04:10.044,150,0,1,51,0,0,0,0,0,0,0x03
2026-09-06T21:04:10.126,151,0,2,51,0,0,0,0,0,0,0x03
2026-09-06T21:04:10.126,152,0,1,52,0,0,0,0,0,0,0x03
2026-09-06T21:04:10.190,153,0,2,50,0,0,0,0,0,0,0x03
2026-09-06T21:04:10.190,154,0,1,50,0,0,0,0,0,0,0x03
2026-09-06T21:04:10.255,155,0,2,50,0,0,0,0,0,0,0x03
2026-09-06T21:04:10.255,156,0,1,52,0,0,0,0,0,0,0x03
2026-09-06T21:04:10.320,157,0,2,51,0,0,0,0,0,0,0x03
2026-09-06T21:04:10.320,158,0,1,51,0,0,0,0,0,0,0x03
2026-09-06T21:04:10.385,159,0,2,51,0,0,0,0,0,0,0x03
2026-09-06T21:04:10.385,160,0,1,50,0,0,0,0,0,0,0x03
2026-09-06T21:04:10.451,161,0,2,50,0,0,0,0,0,0,0x03
2026-09-06T21:04:10.451,162,0,1,52,0,0,0,0,0,0,0x03
2026-09-06T21:04:10.515,163,0,2,50,0,0,0,0,0,0,0x03
2026-09-06T21:04:10.515,164,0,1,50,0,0,0,0,0,0,0x03
2026-09-06T21:04:10.581,165,0,2,50,0,0,0,0,0,0,0x03
2026-09-06T21:04:10.581,166,0,1,50,0,0,0,0,0,0,0x03
2026-09-06T21:04:10.646,167,0,2,50,0,0,0,0,0,0,0x03
2026-09-06T21:04:10.647,168,0,1,53,0,0,0,0,0,0,0x03
2026-09-06T21:04:10.727,169,0,2,50,0,0,0,0,0,0,0x03
2026-09-06T21:04:10.727,170,0,1,51,0,0,0,0,0,0,0x03
2026-09-06T21:04:10.793,171,0,2,51,0,0,0,0,0,0,0x03
2026-09-06T21:04:10.793,172,0,1,50,0,0,0,0,0,0,0x03
2026-09-06T21:04:10.858,173,0,2,52,0,0,0,0,0,0,0x03
2026-09-06T21:04:10.858,174,0,1,51,0,0,0,0,0,0,0x03
2026-09-06T21:04:10.924,175,0,2,51,0,0,0,0,0,0,0x03
2026-09-06T21:04:10.924,176,0,1,60,0,0,0,0,0,0,0x03
2026-09-06T21:04:10.990,177,0,2,51,0,0,0,0,0,0,0x03
2026-09-06T21:04:10.990,178,0,1,51,0,0,0,0,0,0,0x03
2026-09-06T21:04:11.055,179,0,2,51,0,0,0,0,0,0,0x03
2026-09-06T21:04:11.055,180,0,1,50,0,0,0,0,0,0,0x03
2026-09-06T21:04:11.120,181,0,2,50,0,0,0,0,0,0,0x03
2026-09-06T21:04:11.120,182,0,1,51,0,0,0,0,0,0,0x03
2026-09-06T21:04:11.186,183,0,2,50,0,0,0,0,0,0,0x03
2026-09-06T21:04:11.186,184,0,1,52,0,0,0,0,0,0,0x03
2026-09-06T21:04:11.251,185,0,2,51,0,0,0,0,0,0,0x03
2026-09-06T21:04:11.251,186,0,1,51,0,0,0,0,0,0,0x03
2026-09-06T21:04:11.317,187,0,2,50,0,0,0,0,0,0,0x03
2026-09-06T21:04:11.317,188,0,1,52,0,0,0,0,0,0,0x03
2026-09-06T21:04:11.398,189,0,2,50,0,0,0,0,0,0,0x03
2026-09-06T21:04:11.399,190,0,1,52,0,0,0,0,0,0,0x03
2026-09-06T21:04:11.448,191,0,2,51,0,0,0,0,0,0,0x03
2026-09-06T21:04:11.448,192,0,1,50,0,0,0,0,0,0,0x03
2026-09-06T21:04:11.529,193,0,2,50,0,0,0,0,0,0,0x03
2026-09-06T21:04:11.529,194,0,1,55,0,0,0,0,0,0,0x03
2026-09-06T21:04:11.594,195,0,2,52,0,0,0,0,0,0,0x03
2026-09-06T21:04:11.594,196,0,1,52,0,0,0,0,0,0,0x03
2026-09-06T21:04:11.659,197,0,2,51,0,0,0,0,0,0,0x03
2026-09-06T21:04:11.659,198,0,1,50,0,0,0,0,0,0,0x03
2026-09-06T21:04:11.724,199,0,2,50,0,0,0,0,0,0,0x03
2026-09-06T21:04:11.724,200,0,1,50,0,0,0,0,0,0,0x03
2026-09-06T21:04:11.789,201,0,2,51,0,0,0,0,0,0,0x03
2026-09-06T21:04:11.789,202,0,1,55,0,0,0,0,0,0,0x03
2026-09-06T21:04:11.854,203,0,2,51,0,0,0,0,0,0,0x03
2026-09-06T21:04:11.854,204,0,1,50,0,0,0,0,0,0,0x03
2026-09-06T21:04:11.919,205,0,2,50,0,0,0,0,0,0,0x03
2026-09-06T21:04:11.919,206,0,1,51,0,0,0,0,0,0,0x03
2026-09-06T21:04:11.985,207,0,2,50,0,0,0,0,0,0,0x03
2026-09-06T21:04:11.985,208,0,1,50,0,0,0,0,0,0,0x03
2026-09-06T21:04:12.065,209,0,2,51,0,0,0,0,0,0,0x03
2026-09-06T21:04:12.065,210,0,1,50,0,0,0,0,0,0,0x03
2026-09-06T21:04:12.131,211,0,2,51,0,0,0,0,0,0,0x03
2026-09-06T21:04:12.131,212,0,1,51,0,0,0,0,0,0,0x03
2026-09-06T21:04:12.196,213,0,2,51,0,0,0,0,0,0,0x03
2026-09-06T21:04:12.196,214,0,1,54,0,0,0,0,0,0,0x03
2026-09-06T21:04:12.262,215,0,2,50,0,0,0,0,0,0,0x03
2026-09-06T21:04:12.262,216,0,1,51,0,0,0,0,0,0,0x03
2026-09-06T21:04:12.326,217,0,2,50,0,0,0,0,0,0,0x03
2026-09-06T21:04:12.326,218,0,1,50,0,0,0,0,0,0,0x03
2026-09-06T21:04:12.391,219,0,2,50,0,0,0,0,0,0,0x03
2026-09-06T21:04:12.391,220,0,1,52,0,0,0,0,0,0,0x03
2026-09-06T21:04:12.457,221,0,2,51,0,0,0,0,0,0,0x03
2026-09-06T21:04:12.457,222,0,1,51,0,0,0,0,0,0,0x03
2026-09-06T21:04:12.522,223,0,2,51,0,0,0,0,0,0,0x03
2026-09-06T21:04:12.522,224,0,1,50,0,0,0,0,0,0,0x03
2026-09-06T21:04:12.587,225,0,2,51,0,0,0,0,0,0,0x03
2026-09-06T21:04:12.587,226,0,1,50,0,0,0,0,0,0,0x03
2026-09-06T21:04:12.669,227,0,2,51,0,0,0,0,0,0,0x03
2026-09-06T21:04:12.669,228,0,1,51,0,0,0,0,0,0,0x03
2026-09-06T21:04:12.718,229,0,2,51,0,0,0,0,0,0,0x03
2026-09-06T21:04:12.718,230,0,1,50,0,0,0,0,0,0,0x03
2026-09-06T21:04:12.800,231,0,2,52,0,0,0,0,0,0,0x03
2026-09-06T21:04:12.800,232,0,1,52,0,0,0,0,0,0,0x03
2026-09-06T21:04:12.865,233,0,2,50,0,0,0,0,0,0,0x03
2026-09-06T21:04:12.865,234,0,1,51,0,0,0,0,0,0,0x03
2026-09-06T21:04:12.930,235,0,2,52,0,0,0,0,0,0,0x03
2026-09-06T21:04:12.930,236,0,1,50,0,0,0,0,0,0,0x03
2026-09-06T21:04:12.995,237,0,2,50,0,0,0,0,0,0,0x03
2026-09-06T21:04:12.995,238,0,1,50,0,0,0,0,0,0,0x03
2026-09-06T21:04:13.060,239,0,2,50,0,0,0,0,0,0,0x03
2026-09-06T21:04:13.060,240,0,1,55,0,0,0,0,0,0,0x03
2026-09-06T21:04:13.126,241,0,2,54,0,0,0,0,0,0,0x03
2026-09-06T21:04:13.126,242,0,1,50,0,0,0,0,0,0,0x03
2026-09-06T21:04:13.191,243,0,2,51,0,0,0,0,0,0,0x03
2026-09-06T21:04:13.191,244,0,1,50,0,0,0,0,0,0,0x03
2026-09-06T21:04:13.256,245,0,2,50,0,0,0,0,0,0,0x03
2026-09-06T21:04:13.256,246,0,1,51,0,0,0,0,0,0,0x03
2026-09-06T21:04:13.338,247,0,2,52,0,0,0,0,0,0,0x03
2026-09-06T21:04:13.338,248,0,1,52,0,0,0,0,0,0,0x03
2026-09-06T21:04:13.403,249,0,2,51,0,0,0,0,0,0,0x03
2026-09-06T21:04:13.403,250,0,1,50,0,0,0,0,0,0,0x03
2026-09-06T21:04:13.469,251,0,2,51,0,0,0,0,0,0,0x03
2026-09-06T21:04:13.469,252,0,1,54,0,0,0,0,0,0,0x03
2026-09-06T21:04:13.534,253,0,2,51,0,0,0,0,0,0,0x03
2026-09-06T21:04:13.534,254,0,1,51,0,0,0,0,0,0,0x03
2026-09-06T21:04:13.599,255,0,2,52,0,0,0,0,0,0,0x03
2026-09-06T21:04:13.599,256,0,1,52,0,0,0,0,0,0,0x03
2026-09-06T21:04:13.665,257,0,2,51,0,0,0,0,0,0,0x03
2026-09-06T21:04:13.665,258,0,1,50,0,0,0,0,0,0,0x03
2026-09-06T21:04:13.730,259,0,2,51,0,0,0,0,0,0,0x03
2026-09-06T21:04:13.730,260,0,1,52,0,0,0,0,0,0,0x03
2026-09-06T21:04:13.795,261,0,2,50,0,0,0,0,0,0,0x03
2026-09-06T21:04:13.795,262,0,1,52,0,0,0,0,0,0,0x03
2026-09-06T21:04:13.861,263,0,2,50,0,0,0,0,0,0,0x03
2026-09-06T21:04:13.861,264,0,1,52,0,0,0,0,0,0,0x03
2026-09-06T21:04:13.942,265,0,2,51,0,0,0,0,0,0,0x03
2026-09-06T21:04:13.943,266,0,1,50,0,0,0,0,0,0,0x03
2026-09-06T21:04:13.990,267,0,2,53,0,0,0,0,0,0,0x03
2026-09-06T21:04:13.990,268,0,1,52,0,0,0,0,0,0,0x03
2026-09-06T21:04:14.072,269,0,2,52,0,0,0,0,0,0,0x03
2026-09-06T21:04:14.072,270,0,1,50,0,0,0,0,0,0,0x03
2026-09-06T21:04:14.137,271,0,2,50,0,0,0,0,0,0,0x03
2026-09-06T21:04:14.137,272,0,1,51,0,0,0,0,0,0,0x03
2026-09-06T21:04:14.201,273,0,2,50,0,0,0,0,0,0,0x03
2026-09-06T21:04:14.201,274,0,1,50,0,0,0,0,0,0,0x03
2026-09-06T21:04:14.267,275,0,2,50,0,0,0,0,0,0,0x03
2026-09-06T21:04:14.267,276,0,1,50,0,0,0,0,0,0,0x03
2026-09-06T21:04:14.332,277,0,2,50,0,0,0,0,0,0,0x03
2026-09-06T21:04:14.332,278,0,1,50,0,0,0,0,0,0,0x03
2026-09-06T21:04:14.397,279,0,2,52,0,0,0,0,0,0,0x03
2026-09-06T21:04:14.397,280,0,1,50,0,0,0,0,0,0,0x03
2026-09-06T21:04:14.463,281,0,2,51,0,0,0,0,0,0,0x03
2026-09-06T21:04:14.463,282,0,1,51,0,0,0,0,0,0,0x03
2026-09-06T21:04:14.529,283,0,2,51,0,0,0,0,0,0,0x03
2026-09-06T21:04:14.529,284,0,1,51,0,0,0,0,0,0,0x03
2026-09-06T21:04:14.594,285,0,2,50,0,0,0,0,0,0,0x03
2026-09-06T21:04:14.594,286,0,1,51,0,0,0,0,0,0,0x03
2026-09-06T21:04:14.676,287,0,2,51,0,0,0,0,0,0,0x03
2026-09-06T21:04:14.676,288,0,1,51,0,0,0,0,0,0,0x03
2026-09-06T21:04:14.741,289,0,2,52,0,0,0,0,0,0,0x03
2026-09-06T21:04:14.741,290,0,1,52,0,0,0,0,0,0,0x03
2026-09-06T21:04:14.807,291,0,2,50,0,0,0,0,0,0,0x03
2026-09-06T21:04:14.807,292,0,1,51,0,0,0,0,0,0,0x03
2026-09-06T21:04:14.872,293,0,2,51,0,0,0,0,0,0,0x03
2026-09-06T21:04:14.872,294,0,1,51,0,0,0,0,0,0,0x03
2026-09-06T21:04:14.937,295,0,2,50,0,0,0,0,0,0,0x03
2026-09-06T21:04:14.937,296,0,1,51,0,0,0,0,0,0,0x03
2026-09-06T21:04:15.001,297,0,2,52,0,0,0,0,0,0,0x03
2026-09-06T21:04:15.001,298,0,1,55,0,0,0,0,0,0,0x03
2026-09-06T21:04:15.067,299,0,2,52,0,0,0,0,0,0,0x03
2026-09-06T21:04:15.067,300,0,1,51,0,0,0,0,0,0,0x03
2026-09-06T21:04:15.132,301,0,2,50,0,0,0,0,0,0,0x03
2026-09-06T21:04:15.132,302,0,1,51,0,0,0,0,0,0,0x03
2026-09-06T21:04:15.213,303,0,2,51,0,0,0,0,0,0,0x03
2026-09-06T21:04:15.213,304,0,1,51,0,0,0,0,0,0,0x03
2026-09-06T21:04:15.278,305,0,2,51,0,0,0,0,0,0,0x03
2026-09-06T21:04:15.278,306,0,1,50,0,0,0,0,0,0,0x03
2026-09-06T21:04:15.343,307,0,2,51,0,0,0,0,0,0,0x03
2026-09-06T21:04:15.343,308,0,1,50,0,0,0,0,0,0,0x03
2026-09-06T21:04:15.408,309,0,2,52,0,0,0,0,0,0,0x03
2026-09-06T21:04:15.408,310,0,1,52,0,0,0,0,0,0,0x03
2026-09-06T21:04:15.473,311,0,2,52,0,0,0,0,0,0,0x03
2026-09-06T21:04:15.473,312,0,1,51,0,0,0,0,0,0,0x03
2026-09-06T21:04:15.539,313,0,2,51,0,0,0,0,0,0,0x03
2026-09-06T21:04:15.539,314,0,1,50,0,0,0,0,0,0,0x03
2026-09-06T21:04:15.603,315,0,2,51,0,0,0,0,0,0,0x03
2026-09-06T21:04:15.603,316,0,1,52,0,0,0,0,0,0,0x03
2026-09-06T21:04:15.668,317,0,2,52,0,0,0,0,0,0,0x03
2026-09-06T21:04:15.668,318,0,1,50,0,0,0,0,0,0,0x03
2026-09-06T21:04:15.750,319,0,2,51,0,0,0,0,0,0,0x03
2026-09-06T21:04:15.750,320,0,1,52,0,0,0,0,0,0,0x03
2026-09-06T21:04:15.814,321,0,2,51,0,0,0,0,0,0,0x03
2026-09-06T21:04:15.814,322,0,1,51,0,0,0,0,0,0,0x03
2026-09-06T21:04:15.879,323,0,2,52,0,0,17875,0,0,5117,0x07
2026-09-06T21:04:15.879,324,0,1,52,0,0,0,0,0,0,0x03
2026-09-06T21:04:15.945,325,0,2,52,1859,827,22263,336,135,5973,0x07
2026-09-06T21:04:15.945,326,0,1,52,0,0,0,0,0,0,0x03
2026-09-06T21:04:16.009,327,0,2,51,1389,471,17890,871,118,13055,0x07
2026-09-06T21:04:16.009,328,0,1,50,0,0,0,0,0,0,0x03
2026-09-06T21:04:16.074,329,0,2,51,1319,647,16265,756,275,10889,0x07
2026-09-06T21:04:16.074,330,0,1,53,0,0,0,0,0,0,0x03
2026-09-06T21:04:16.140,331,0,2,50,1342,900,15473,819,400,11181,0x07
2026-09-06T21:04:16.140,332,0,1,51,0,0,0,0,0,0,0x03
2026-09-06T21:04:16.205,333,0,2,51,1614,667,19874,1227,529,15981,0x07
2026-09-06T21:04:16.205,334,0,1,50,0,0,0,0,0,0,0x03
2026-09-06T21:04:16.287,335,0,2,50,1912,780,23118,1588,640,20241,0x07
2026-09-06T21:04:16.287,336,0,1,51,0,0,0,0,0,0,0x03
2026-09-06T21:04:16.351,337,0,2,50,2387,1060,27884,2193,1040,26470,0x07
2026-09-06T21:04:16.351,338,0,1,52,0,0,0,0,0,0,0x03
2026-09-06T21:04:16.416,339,0,2,50,2387,1540,25844,2193,1820,23155,0x07
2026-09-06T21:04:16.416,340,0,1,52,0,0,0,0,0,0,0x03
2026-09-06T21:04:16.482,341,0,2,51,2660,804,32390,2529,1824,27549,0x07
2026-09-06T21:04:16.482,342,0,1,51,0,0,0,0,0,0,0x03
2026-09-06T21:04:16.547,343,0,2,56,1132,232,15679,-255,-54,5258,0x07
2026-09-06T21:04:16.547,344,0,1,52,0,0,0,0,0,0,0x03
2026-09-06T21:04:16.612,345,0,2,50,0,0,15810,-255,-260,4380,0x07
2026-09-06T21:04:16.612,346,0,1,52,0,0,0,0,0,0,0x03
2026-09-06T21:04:16.677,347,0,2,51,-1610,-706,19651,-1328,-314,18210,0x07
2026-09-06T21:04:16.677,348,0,1,50,0,0,0,0,0,0,0x03
2026-09-06T21:04:16.743,349,0,2,50,-2140,-1720,21978,-2673,-1020,32850,0x07
2026-09-06T21:04:16.743,350,0,1,50,0,0,0,0,0,0,0x03
2026-09-06T21:04:16.808,351,0,2,50,-2607,-1540,28599,-3094,-1780,35131,0x07
2026-09-06T21:04:16.808,352,0,1,50,0,0,0,0,0,0,0x03
2026-09-06T21:04:16.873,353,0,2,51,-2675,-1765,28488,-3266,-1922,36785,0x07
2026-09-06T21:04:16.873,354,0,1,50,0,0,0,0,0,0,0x03
2026-09-06T21:04:16.939,355,0,2,50,-2166,-2240,20098,-2798,-2160,29634,0x07
2026-09-06T21:04:16.939,356,0,1,52,0,0,0,0,0,0,0x03
2026-09-06T21:04:17.021,357,0,2,55,-1403,-2018,11484,-2029,-2473,18224,0x07
2026-09-06T21:04:17.021,358,0,1,50,0,0,0,0,0,0,0x03
2026-09-06T21:04:17.085,359,0,2,50,0,0,0,0,0,0,0x03
2026-09-06T21:04:17.085,360,0,1,50,0,0,0,0,0,0,0x03
2026-09-06T21:04:17.151,361,0,2,50,0,0,0,0,0,0,0x03
2026-09-06T21:04:17.151,362,0,1,51,0,0,0,0,0,0,0x03
2026-09-06T21:04:17.216,363,0,2,51,0,0,0,0,0,0,0x03
2026-09-06T21:04:17.216,364,0,1,52,0,0,0,0,0,0,0x03
2026-09-06T21:04:17.281,365,0,2,50,0,0,10430,0,0,16804,0x07
2026-09-06T21:04:17.281,366,0,1,50,0,0,0,0,0,0,0x03
2026-09-06T21:04:17.346,367,0,2,51,0,0,0,0,0,0,0x03
2026-09-06T21:04:17.346,368,0,1,52,0,0,0,0,0,0,0x03
2026-09-06T21:04:17.606,369,0,2,53,0,0,0,0,0,0,0x03
2026-09-06T21:04:17.606,370,0,1,52,0,0,0,0,0,0,0x03
2026-09-06T21:04:17.948,371,0,2,51,0,0,5630,0,0,14162,0x07
2026-09-06T21:04:17.948,372,0,1,50,0,0,0,0,0,0,0x03
2026-09-06T21:04:18.013,373,0,2,51,0,0,7428,0,0,13011,0x07
2026-09-06T21:04:18.013,374,0,1,52,0,0,0,0,0,0,0x03
2026-09-06T21:04:18.094,375,0,2,51,0,0,13899,0,0,17832,0x07
2026-09-06T21:04:18.094,376,0,1,50,0,0,0,0,0,0,0x03
2026-09-06T21:04:18.143,377,0,2,51,0,0,0,0,0,0,0x03
2026-09-06T21:04:18.143,378,0,1,52,0,0,0,0,0,0,0x03
2026-09-06T21:04:18.224,379,0,2,50,0,0,5661,0,0,14127,0x07
2026-09-06T21:04:18.224,380,0,1,50,0,0,0,0,0,0,0x03
2026-09-06T21:04:18.289,381,0,2,51,383,0,7287,1353,0,19878,0x07
2026-09-06T21:04:18.289,382,0,1,50,0,0,0,0,0,0,0x03
2026-09-06T21:04:18.353,383,0,2,50,486,0,8579,1246,0,18474,0x07
2026-09-06T21:04:18.353,384,0,1,50,0,0,0,0,0,0,0x03
2026-09-06T21:04:18.419,385,0,2,51,472,0,8403,1261,0,18671,0x07
2026-09-06T21:04:18.419,386,0,1,55,0,0,0,0,0,0,0x03
2026-09-06T21:04:18.484,387,0,2,51,468,0,8351,1265,0,18722,0x07
2026-09-06T21:04:18.484,388,0,1,52,0,0,0,0,0,0,0x03
2026-09-06T21:04:18.549,389,0,2,50,457,0,8212,1276,160,18193,0x07
2026-09-06T21:04:18.549,390,0,1,50,0,0,0,0,0,0,0x03
2026-09-06T21:04:18.614,391,0,2,50,457,40,8050,1276,60,18609,0x07
2026-09-06T21:04:18.614,392,0,1,52,0,0,0,0,0,0,0x03
2026-09-06T21:04:18.680,393,0,2,51,469,59,8115,1264,118,18207,0x07
2026-09-06T21:04:18.680,394,0,1,51,0,0,0,0,0,0,0x03
2026-09-06T21:04:18.761,395,0,2,51,469,0,8365,1264,176,17957,0x07
2026-09-06T21:04:18.761,396,0,1,50,0,0,0,0,0,0,0x03
2026-09-06T21:04:18.826,397,0,2,50,469,100,7943,1264,160,18024,0x07
2026-09-06T21:04:18.826,398,0,1,51,0,0,0,0,0,0,0x03
2026-09-06T21:04:18.891,399,0,2,50,469,60,8118,1263,120,18189,0x07
2026-09-06T21:04:18.891,400,0,1,52,0,0,0,0,0,0,0x03
2026-09-06T21:04:18.956,401,0,2,51,470,137,7794,1263,333,17283,0x07
2026-09-06T21:04:18.956,402,0,1,50,0,0,0,0,0,0,0x03
2026-09-06T21:04:19.022,403,0,2,51,470,0,8377,1263,314,17361,0x07
2026-09-06T21:04:19.022,404,0,1,50,0,0,0,0,0,0,0x03
2026-09-06T21:04:19.087,405,0,2,50,470,200,7527,1263,340,17249,0x07
2026-09-06T21:04:19.087,406,0,1,51,0,0,0,0,0,0,0x03
2026-09-06T21:04:19.151,407,0,2,50,493,260,7564,1239,480,16338,0x07
2026-09-06T21:04:19.151,408,0,1,50,0,0,0,0,0,0,0x03
2026-09-06T21:04:19.217,409,0,2,52,490,288,7404,1242,558,16048,0x07
2026-09-06T21:04:19.217,410,0,1,51,0,0,0,0,0,0,0x03
2026-09-06T21:04:19.298,412,0,1,51,0,0,0,0,0,0,0x03
2026-09-06T21:04:19.363,413,0,2,51,480,412,6754,1252,804,15140,0x07
2026-09-06T21:04:19.363,412,0,1,50,0,0,0,0,0,0,0x03
2026-09-06T21:04:19.427,415,0,2,50,527,420,7305,1204,800,14520,0x07
2026-09-06T21:04:19.427,412,0,1,51,0,0,0,0,0,0,0x03
2026-09-06T21:04:19.493,415,0,2,52,554,519,7222,1176,788,14201,0x07
2026-09-06T21:04:19.493,418,0,1,51,0,0,0,0,0,0,0x03
2026-09-06T21:04:19.558,419,0,2,50,554,520,7219,1176,860,13897,0x07
2026-09-06T21:04:19.558,420,0,1,51,0,0,0,0,0,0,0x03
2026-09-06T21:04:19.624,421,0,2,50,492,540,6364,1239,840,14816,0x07
2026-09-06T21:04:19.624,422,0,1,52,0,0,0,0,0,0,0x03
2026-09-06T21:04:19.688,423,0,2,51,518,549,6652,1212,902,14200,0x07
2026-09-06T21:04:19.688,424,0,1,52,0,0,0,0,0,0,0x03
2026-09-06T21:04:19.754,425,0,2,51,521,510,6857,1209,961,13909,0x07
2026-09-06T21:04:19.754,426,0,1,51,0,0,0,0,0,0,0x03
2026-09-06T21:04:19.835,427,0,2,51,530,471,7129,1200,941,13878,0x07
2026-09-06T21:04:19.835,428,0,1,52,0,0,0,0,0,0,0x03
2026-09-06T21:04:19.899,429,0,2,51,533,431,7334,1197,922,13920,0x07
2026-09-06T21:04:19.900,430,0,1,51,0,0,0,0,0,0,0x03
2026-09-06T21:04:19.964,431,0,2,53,539,396,7559,1189,1038,13317,0x07
2026-09-06T21:04:19.964,432,0,1,51,0,0,0,0,0,0,0x03
2026-09-06T21:04:20.029,433,0,2,51,539,431,7410,1189,1000,13477,0x07
2026-09-06T21:04:20.029,434,0,1,51,0,0,0,0,0,0,0x03
2026-09-06T21:04:20.094,435,0,2,50,524,520,6847,1145,1020,12813,0x07
2026-09-06T21:04:20.094,436,0,1,52,0,0,0,0,0,0,0x03
2026-09-06T21:04:20.159,437,0,2,52,542,442,7401,1131,846,13368,0x07
2026-09-06T21:04:20.159,438,0,1,55,0,0,0,0,0,0,0x03
2026-09-06T21:04:20.225,439,0,2,51,2595,529,32742,166,1314,5293,0x07
2026-09-06T21:04:20.225,440,0,1,51,0,0,0,0,0,0,0x03
2026-09-06T21:04:20.289,441,0,2,50,1203,1620,10672,356,600,4256,0x07
2026-09-06T21:04:20.289,442,0,1,51,0,0,0,0,0,0,0x03
2026-09-06T21:04:20.355,443,0,2,51,-917,-78,13650,2207,294,29828,0x07
2026-09-06T21:04:20.355,444,0,1,50,0,0,0,0,0,0,0x03
2026-09-06T21:04:20.420,445,0,2,50,-917,-560,11603,0,0,31705,0x07
2026-09-06T21:04:20.420,446,0,1,50,0,0,0,0,0,0,0x03
2026-09-06T21:04:20.502,447,0,2,50,-3045,-160,39947,-3337,-720,40000,0x07
2026-09-06T21:04:20.502,448,0,1,50,0,0,0,0,0,0,0x03
2026-09-06T21:04:20.566,449,0,2,50,-303,-660,3480,-1449,-2580,10170,0x07
2026-09-06T21:04:20.567,450,0,1,51,0,0,0,0,0,0,0x03
2026-09-06T21:04:20.631,451,0,2,50,-1849,-940,21648,-1664,-240,22933,0x07
2026-09-06T21:04:20.631,452,0,1,51,0,0,0,0,0,0,0x03
2026-09-06T21:04:20.696,453,0,2,50,-2474,-880,29740,-2052,-880,25300,0x07
2026-09-06T21:04:20.697,454,0,1,51,0,0,0,0,0,0,0x03
2026-09-06T21:04:20.761,455,0,2,56,-2366,-732,29012,-1973,-839,24437,0x07
2026-09-06T21:04:20.761,456,0,1,50,0,0,0,0,0,0,0x03
2026-09-06T21:04:20.827,457,0,2,52,-2366,-1096,27465,-1973,-846,24408,0x07
2026-09-06T21:04:20.827,458,0,1,51,0,0,0,0,0,0,0x03
2026-09-06T21:04:20.892,459,0,2,50,-2521,-1360,28278,-2322,-980,28419,0x07
2026-09-06T21:04:20.892,460,0,1,52,0,0,0,0,0,0,0x03
2026-09-06T21:04:20.957,461,0,2,51,-2905,-1667,31786,-2877,-1373,34017,0x07
2026-09-06T21:04:20.957,462,0,1,50,0,0,0,0,0,0,0x03
2026-09-06T21:04:21.023,463,0,2,56,-2970,-1679,32547,-3048,-946,38073,0x07
2026-09-06T21:04:21.023,464,0,1,52,0,0,0,0,0,0,0x03
2026-09-06T21:04:21.104,465,0,2,50,-2970,-680,36791,-3048,-1940,33850,0x07
2026-09-06T21:04:21.104,466,0,1,52,0,0,0,0,0,0,0x03
2026-09-06T21:04:21.169,467,0,2,50,-2667,-1020,31552,-2947,-2160,31597,0x07
2026-09-06T21:04:21.169,468,0,1,52,0,0,0,0,0,0,0x03
2026-09-06T21:04:21.233,469,0,2,50,0,0,18129,0,0,19560,0x07
2026-09-06T21:04:21.233,470,0,1,50,0,0,0,0,0,0,0x03
2026-09-06T21:04:21.298,471,0,2,51,1890,647,23412,1966,1275,22500,0x07
2026-09-06T21:04:21.298,472,0,1,50,0,0,0,0,0,0,0x03
2026-09-06T21:04:21.364,473,0,2,51,2145,608,26768,2008,1961,20129,0x07
2026-09-06T21:04:21.364,474,0,1,51,0,0,0,0,0,0,0x03
2026-09-06T21:04:21.428,475,0,2,51,-666,-20,10748,-1181,-78,17283,0x07
2026-09-06T21:04:21.428,476,0,1,51,0,0,0,0,0,0,0x03
2026-09-06T21:04:21.494,477,0,2,51,0,0,2954,-1181,-667,14783,0x07
2026-09-06T21:04:21.494,478,0,1,50,0,0,0,0,0,0,0x03
2026-09-06T21:04:21.559,479,0,2,52,55,269,2045,-908,-1288,8562,0x07
2026-09-06T21:04:21.559,480,0,1,50,0,0,0,0,0,0,0x03
2026-09-06T21:04:21.641,481,0,2,51,0,0,2742,-896,-294,12635,0x07
2026-09-06T21:04:21.641,482,0,1,52,0,0,0,0,0,0,0x03
2026-09-06T21:04:21.705,483,0,2,56,-159,-18,4414,-739,-339,10389,0x07
2026-09-06T21:04:21.705,484,0,1,55,0,0,0,0,0,0,0x03
2026-09-06T21:04:21.771,485,0,2,52,-159,-19,4408,-739,-365,10278,0x07
2026-09-06T21:04:21.771,486,0,1,50,0,0,0,0,0,0,0x03
2026-09-06T21:04:21.835,487,0,2,52,-204,-38,4894,-753,-481,9971,0x07
2026-09-06T21:04:21.835,488,0,1,50,0,0,0,0,0,0,0x03
2026-09-06T21:04:21.901,489,0,2,56,-772,-161,11475,-1178,-571,15161,0x07
2026-09-06T21:04:21.901,490,0,1,50,0,0,0,0,0,0,0x03
2026-09-06T21:04:21.966,491,0,2,51,-772,-275,10992,-1178,-647,14839,0x07
2026-09-06T21:04:21.966,492,0,1,50,0,0,0,0,0,0,0x03
2026-09-06T21:04:22.031,493,0,2,50,-1273,-360,16906,-1540,-740,19180,0x07
2026-09-06T21:04:22.031,494,0,1,51,0,0,0,0,0,0,0x03
2026-09-06T21:04:22.097,495,0,2,51,-1439,-588,18018,-1744,-863,21337,0x07
2026-09-06T21:04:22.097,496,0,1,50,0,0,0,0,0,0,0x03
2026-09-06T21:04:22.178,497,0,2,51,-1541,-941,17794,-1838,-1039,21816,0x07
2026-09-06T21:04:22.178,498,0,1,50,0,0,0,0,0,0,0x03
2026-09-06T21:04:22.228,499,0,2,51,-1586,-1137,17518,-1852,-1118,21662,0x07
2026-09-06T21:04:22.228,500,0,1,50,0,0,0,0,0,0,0x03
2026-09-06T21:04:22.309,501,0,2,50,-1662,-1300,17782,-1816,-1320,20338,0x07
2026-09-06T21:04:22.309,502,0,1,50,0,0,0,0,0,0,0x03
2026-09-06T21:04:22.374,503,0,2,51,-1462,-1294,15305,-1646,-1431,17634,0x07
2026-09-06T21:04:22.374,504,0,1,52,0,0,0,0,0,0,0x03
2026-09-06T21:04:22.440,505,0,2,51,-1130,-1314,11061,-1371,-1510,13700,0x07
2026-09-06T21:04:22.440,506,0,1,51,0,0,0,0,0,0,0x03
2026-09-06T21:04:22.505,507,0,2,50,0,0,3819,-987,-1440,8963,0x07
2026-09-06T21:04:22.505,508,0,1,51,0,0,0,0,0,0,0x03
2026-09-06T21:04:22.571,509,0,2,50,160,120,3989,0,0,31721,0x07
2026-09-06T21:04:22.571,510,0,1,51,0,0,0,0,0,0,0x03
2026-09-06T21:04:22.636,511,0,2,51,3048,333,39240,3339,863,40000,0x07
2026-09-06T21:04:22.636,512,0,1,50,0,0,0,0,0,0,0x03
2026-09-06T21:04:22.702,513,0,2,50,3094,660,38430,3354,2440,35743,0x07
2026-09-06T21:04:22.702,514,0,1,54,0,0,0,0,0,0,0x03
2026-09-06T21:04:22.766,515,0,2,56,3068,1179,35905,3355,2732,34511,0x07
2026-09-06T21:04:22.766,516,0,1,51,0,0,0,0,0,0,0x03
2026-09-06T21:04:22.846,517,0,2,51,3068,1627,33998,3355,2471,35622,0x07
2026-09-06T21:04:22.846,518,0,1,52,0,0,0,0,0,0,0x03
2026-09-06T21:04:22.912,519,0,2,50,2921,1740,31673,3298,2880,33140,0x07
2026-09-06T21:04:22.912,520,0,1,52,0,0,0,0,0,0,0x03
2026-09-06T21:04:22.976,521,0,2,51,2720,2098,27633,3161,2824,31581,0x07
2026-09-06T21:04:22.976,522,0,1,51,0,0,0,0,0,0,0x03
2026-09-06T21:04:23.042,523,0,2,50,2237,2160,21322,2829,2320,29371,0x07
2026-09-06T21:04:23.042,524,0,1,52,0,0,0,0,0,0,0x03
2026-09-06T21:04:23.106,525,0,2,50,1284,2180,9305,2085,1720,22167,0x07
2026-09-06T21:04:23.106,526,0,1,52,0,0,0,0,0,0,0x03
2026-09-06T21:04:23.171,527,0,2,55,-1019,-73,14949,-1381,-109,19786,0x07
2026-09-06T21:04:23.171,528,0,1,52,0,0,0,0,0,0,0x03
2026-09-06T21:04:23.236,529,0,2,51,-1019,-647,12508,-1381,-882,16499,0x07
2026-09-06T21:04:23.237,530,0,1,52,0,0,0,0,0,0,0x03
2026-09-06T21:04:23.301,531,0,2,50,-2176,-1160,24810,-1894,-760,23731,0x07
2026-09-06T21:04:23.301,532,0,1,51,0,0,0,0,0,0,0x03
2026-09-06T21:04:23.382,533,0,2,50,0,0,12057,0,0,17474,0x07
2026-09-06T21:04:23.382,534,0,1,51,0,0,0,0,0,0,0x03
2026-09-06T21:04:23.447,535,0,2,55,1130,418,14871,1713,1145,19726,0x07
2026-09-06T21:04:23.447,536,0,1,50,0,0,0,0,0,0,0x03
2026-09-06T21:04:23.512,537,0,2,51,1130,118,16149,1713,1686,17427,0x07
2026-09-06T21:04:23.512,538,0,1,50,0,0,0,0,0,0,0x03
2026-09-06T21:04:23.577,539,0,2,50,0,0,25857,0,0,30022,0x07
2026-09-06T21:04:23.577,540,0,1,53,0,0,0,0,0,0,0x03
2026-09-06T21:04:23.642,541,0,2,50,-2824,-2540,27066,-3147,-1940,35153,0x07
2026-09-06T21:04:23.643,542,0,1,50,0,0,0,0,0,0,0x03
2026-09-06T21:04:23.708,543,0,2,50,-2183,-2380,19710,-2652,-3280,22969,0x07
2026-09-06T21:04:23.708,544,0,1,50,0,0,0,0,0,0,0x03
2026-09-06T21:04:23.772,545,0,2,50,-1287,-2040,9938,-1953,-2120,18728,0x07
2026-09-06T21:04:23.772,546,0,1,50,0,0,0,0,0,0,0x03
2026-09-06T21:04:23.838,547,0,2,54,-442,-981,3864,-1291,-1630,12139,0x07
2026-09-06T21:04:23.838,548,0,1,50,0,0,0,0,0,0,0x03
2026-09-06T21:04:23.903,549,0,2,51,-442,-627,5368,-1291,-1176,14065,0x07
2026-09-06T21:04:23.903,550,0,1,50,0,0,0,0,0,0,0x03
2026-09-06T21:04:23.985,551,0,2,50,0,0,7899,0,0,13467,0x07
2026-09-06T21:04:23.985,552,0,1,50,0,0,0,0,0,0,0x03
2026-09-06T21:04:24.049,553,0,2,50,653,80,10335,1279,220,17966,0x07
2026-09-06T21:04:24.049,554,0,1,53,0,0,0,0,0,0,0x03
2026-09-06T21:04:24.115,555,0,2,51,549,118,8866,1205,745,14766,0x07
2026-09-06T21:04:24.115,556,0,1,51,0,0,0,0,0,0,0x03
2026-09-06T21:04:24.180,557,0,2,52,524,250,7994,1207,269,16816,0x07
2026-09-06T21:04:24.180,558,0,1,51,0,0,0,0,0,0,0x03
2026-09-06T21:04:24.245,559,0,2,52,750,404,10171,1337,481,17628,0x07
2026-09-06T21:04:24.245,560,0,1,50,0,0,0,0,0,0,0x03
2026-09-06T21:04:24.310,561,0,2,52,750,500,9763,1337,558,17302,0x07
2026-09-06T21:04:24.310,562,0,1,50,0,0,0,0,0,0,0x03
2026-09-06T21:04:24.375,563,0,2,51,780,569,9842,1384,686,17360,0x07
2026-09-06T21:04:24.375,564,0,1,52,0,0,0,0,0,0,0x03
2026-09-06T21:04:24.440,565,0,2,50,757,580,9512,1376,760,16946,0x07
2026-09-06T21:04:24.440,566,0,1,51,0,0,0,0,0,0,0x03
2026-09-06T21:04:24.522,567,0,2,50,709,420,9582,1338,820,16200,0x07
2026-09-06T21:04:24.522,568,0,1,51,0,0,0,0,0,0,0x03
2026-09-06T21:04:24.586,569,0,2,51,538,490,7147,1209,1039,13576,0x07
2026-09-06T21:04:24.587,570,0,1,52,0,0,0,0,0,0,0x03
2026-09-06T21:04:24.652,571,0,2,50,620,520,8055,1236,980,14181,0x07
2026-09-06T21:04:24.652,572,0,1,50,0,0,0,0,0,0,0x03
2026-09-06T21:04:24.716,573,0,2,51,737,627,9061,1330,1039,15153,0x07
2026-09-06T21:04:24.716,574,0,1,50,0,0,0,0,0,0,0x03
2026-09-06T21:04:24.781,575,0,2,51,1206,569,15174,1678,980,19968,0x07
2026-09-06T21:04:24.781,576,0,1,50,0,0,0,0,0,0,0x03
2026-09-06T21:04:24.846,577,0,2,51,1482,725,17968,1953,1078,23154,0x07
2026-09-06T21:04:24.846,578,0,1,52,0,0,0,0,0,0,0x03
2026-09-06T21:04:24.911,579,0,2,51,1906,1157,21448,2294,1333,26549,0x07
2026-09-06T21:04:24.911,580,0,1,51,0,0,0,0,0,0,0x03
2026-09-06T21:04:24.977,581,0,2,50,2646,1420,29586,2831,1380,33389,0x07
2026-09-06T21:04:24.977,582,0,1,50,0,0,0,0,0,0,0x03
2026-09-06T21:04:25.059,583,0,2,50,3099,1500,34924,3209,1740,36809,0x07
2026-09-06T21:04:25.059,584,0,1,50,0,0,0,0,0,0,0x03
2026-09-06T21:04:25.108,585,0,2,54,3374,2352,34746,3458,2315,37635,0x07
2026-09-06T21:04:25.108,586,0,1,52,0,0,0,0,0,0,0x03
2026-09-06T21:04:25.189,587,0,2,50,3374,2500,34116,3458,2800,35572,0x07
2026-09-06T21:04:25.189,588,0,1,50,0,0,0,0,0,0,0x03
2026-09-06T21:04:25.254,589,0,2,50,3374,2780,32926,3457,2520,36744,0x07
2026-09-06T21:04:25.254,590,0,1,50,0,0,0,0,0,0,0x03
2026-09-06T21:04:25.319,591,0,2,54,3374,2722,33172,3467,2833,35544,0x07
2026-09-06T21:04:25.319,592,0,1,52,0,0,0,0,0,0,0x03
2026-09-06T21:04:25.383,593,0,2,51,3374,3000,31992,3462,2941,35017,0x07
2026-09-06T21:04:25.383,594,0,1,50,0,0,0,0,0,0,0x03
2026-09-06T21:04:25.447,595,0,2,52,3373,3192,31165,3488,2846,35770,0x07
2026-09-06T21:04:25.447,596,0,1,52,0,0,0,0,0,0,0x03
2026-09-06T21:04:25.512,597,0,2,50,3218,2980,30125,3500,2720,36462,0x07
2026-09-06T21:04:25.512,598,0,1,51,0,0,0,0,0,0,0x03
2026-09-06T21:04:25.577,599,0,2,52,3218,2577,31838,3500,2269,38378,0x07
2026-09-06T21:04:25.577,600,0,1,52,0,0,0,0,0,0,0x03
2026-09-06T21:04:25.643,601,0,2,50,3116,2720,29951,3459,2600,36436,0x07
2026-09-06T21:04:25.643,602,0,1,51,0,0,0,0,0,0,0x03
2026-09-06T21:04:25.724,603,0,2,50,2840,2640,26830,3302,2840,33360,0x07
2026-09-06T21:04:25.724,604,0,1,50,0,0,0,0,0,0,0x03
2026-09-06T21:04:25.789,605,0,2,50,2522,2760,22341,3042,2640,30796,0x07
2026-09-06T21:04:25.789,606,0,1,51,0,0,0,0,0,0,0x03
2026-09-06T21:04:25.854,607,0,2,50,1439,2600,9460,2267,2740,20208,0x07
2026-09-06T21:04:25.854,608,0,1,52,0,0,0,0,0,0,0x03
2026-09-06T21:04:25.919,609,0,2,53,-1763,-75,24244,-2264,-94,31425,0x07
2026-09-06T21:04:25.920,610,0,1,50,0,0,0,0,0,0,0x03
2026-09-06T21:04:25.984,611,0,2,50,-1763,-540,22270,-2264,-740,28681,0x07
2026-09-06T21:04:25.984,612,0,1,50,0,0,0,0,0,0,0x03
2026-09-06T21:04:26.049,613,0,2,51,-2850,-1078,33598,-2928,-1157,35604,0x07
2026-09-06T21:04:26.049,614,0,1,50,0,0,0,0,0,0,0x03
2026-09-06T21:04:26.113,615,0,2,50,-119,-640,1264,-1627,-2000,14966,0x07
2026-09-06T21:04:26.114,616,0,1,51,0,0,0,0,0,0,0x03
2026-09-06T21:04:26.178,617,0,2,54,-770,-93,11747,-1303,-148,18592,0x07
2026-09-06T21:04:26.178,618,0,1,51,0,0,0,0,0,0,0x03
2026-09-06T21:04:26.260,619,0,2,52,-770,-231,11160,-1303,-462,17260,0x07
2026-09-06T21:04:26.260,620,0,1,50,0,0,0,0,0,0,0x03
2026-09-06T21:04:26.326,621,0,2,51,-758,-353,10485,-1367,-451,18140,0x07
2026-09-06T21:04:26.326,622,0,1,50,0,0,0,0,0,0,0x03
2026-09-06T21:04:26.391,623,0,2,52,-944,-442,12436,-1503,-654,19058,0x07
2026-09-06T21:04:26.391,624,0,1,51,0,0,0,0,0,0,0x03
2026-09-06T21:04:26.456,625,0,2,52,-1024,-769,12044,-1592,-962,18921,0x07
2026-09-06T21:04:26.456,626,0,1,52,0,0,0,0,0,0,0x03
2026-09-06T21:04:26.520,627,0,2,51,-1334,-843,15617,-1824,-1078,21466,0x07
2026-09-06T21:04:26.520,628,0,1,51,0,0,0,0,0,0,0x03
2026-09-06T21:04:26.586,629,0,2,51,-1408,-980,15964,-1933,-1216,22314,0x07
2026-09-06T21:04:26.586,630,0,1,51,0,0,0,0,0,0,0x03
