timestamp,sequence,team,robot_id,interval_ms,left_target_eps,left_measured_eps,left_duty,right_target_eps,right_measured_eps,right_duty,flags
2026-09-06T15:25:57.213-03:00,49,0,0,51,3374,0,40000,0,0,0,0x07
2026-09-06T15:25:57.234-03:00,50,0,0,51,3374,0,40000,0,0,0,0x07
2026-09-06T15:25:57.252-03:00,51,0,0,50,0,0,0,0,0,0,0x03
2026-09-06T15:25:57.270-03:00,52,0,0,52,0,0,0,0,0,0,0x03
2026-09-06T15:25:57.293-03:00,52,0,0,52,0,0,0,0,0,0,0x03
2026-09-06T15:25:57.311-03:00,52,0,0,52,0,0,0,0,0,0,0x03
2026-09-06T15:25:57.333-03:00,52,0,0,51,0,0,0,0,0,0,0x03
2026-09-06T15:25:57.355-03:00,52,0,0,51,0,0,0,0,0,0,0x03
2026-09-06T15:25:57.372-03:00,52,0,0,51,0,0,0,0,0,0,0x03
2026-09-06T15:25:57.390-03:00,52,0,0,51,0,0,0,0,0,0,0x03
2026-09-06T15:25:57.410-03:00,52,0,0,51,0,0,0,0,0,0,0x03
2026-09-06T15:25:57.434-03:00,9,0,0,53,0,0,0,0,0,31098,0x07
2026-09-06T15:25:57.452-03:00,10,0,0,53,0,0,0,0,0,31098,0x07
2026-09-06T15:25:57.473-03:00,11,0,0,50,0,0,0,3500,0,40000,0x07
2026-09-06T15:25:57.493-03:00,12,0,0,50,0,0,0,3500,0,40000,0x07
2026-09-06T15:25:57.513-03:00,13,0,0,50,0,0,0,3500,0,40000,0x07
2026-09-06T15:25:57.533-03:00,14,0,0,54,0,0,0,3500,0,40000,0x07
2026-09-06T15:25:57.551-03:00,15,0,0,54,0,0,0,3500,0,40000,0x07
2026-09-06T15:25:57.591-03:00,16,0,0,55,0,0,0,3500,0,40000,0x07
2026-09-06T15:25:57.591-03:00,17,0,0,55,0,0,0,3500,0,40000,0x07
2026-09-06T15:25:57.613-03:00,18,0,0,55,0,0,0,3500,0,40000,0x07
2026-09-06T15:25:57.631-03:00,19,0,0,56,0,0,0,3500,0,40000,0x07
2026-09-06T15:25:57.655-03:00,20,0,0,56,0,0,0,3500,0,40000,0x07
2026-09-06T15:25:57.673-03:00,21,0,0,56,0,0,0,3500,0,40000,0x07
2026-09-06T15:25:57.694-03:00,22,0,0,51,0,0,0,3500,0,40000,0x07
2026-09-06T15:25:57.712-03:00,23,0,0,51,0,0,0,3500,0,40000,0x07
2026-09-06T15:25:57.730-03:00,24,0,0,54,0,0,0,3500,0,40000,0x07
2026-09-06T15:25:57.754-03:00,25,0,0,54,0,0,0,3500,0,40000,0x07
2026-09-06T15:25:57.772-03:00,26,0,0,54,0,0,0,3500,0,40000,0x07
2026-09-06T15:25:57.790-03:00,27,0,0,50,0,0,0,3500,0,40000,0x07
2026-09-06T15:25:57.813-03:00,28,0,0,50,0,0,0,3500,0,40000,0x07
2026-09-06T15:25:57.831-03:00,29,0,0,50,0,0,0,3500,0,40000,0x07
2026-09-06T15:25:57.854-03:00,30,0,0,51,0,0,0,3500,0,40000,0x07
2026-09-06T15:25:57.874-03:00,31,0,0,51,0,0,0,3500,0,40000,0x07
2026-09-06T15:25:57.891-03:00,32,0,0,51,0,0,0,3500,0,40000,0x07
2026-09-06T15:25:57.915-03:00,33,0,0,51,0,0,0,3500,0,40000,0x07
2026-09-06T15:25:57.932-03:00,34,0,0,51,0,0,0,3500,0,40000,0x07
2026-09-06T15:25:57.950-03:00,35,0,0,51,0,0,0,3500,0,40000,0x07
2026-09-06T15:25:57.973-03:00,36,0,0,51,0,0,0,3500,0,40000,0x07
2026-09-06T15:25:57.990-03:00,37,0,0,53,0,0,0,3500,0,40000,0x07
2026-09-06T15:25:58.010-03:00,38,0,0,53,0,0,0,3500,0,40000,0x07
2026-09-06T15:25:58.034-03:00,39,0,0,53,0,0,0,3500,0,40000,0x07
2026-09-06T15:25:58.052-03:00,40,0,0,50,0,0,0,3500,0,40000,0x07
2026-09-06T15:25:58.072-03:00,41,0,0,50,0,0,0,3500,0,40000,0x07
2026-09-06T15:25:58.091-03:00,42,0,0,54,0,0,0,3500,0,40000,0x07
2026-09-06T15:25:58.114-03:00,43,0,0,54,0,0,0,3500,0,40000,0x07
2026-09-06T15:25:58.135-03:00,44,0,0,54,0,0,0,3500,0,40000,0x07
2026-09-06T15:25:58.153-03:00,45,0,0,50,0,0,0,3500,0,40000,0x07
2026-09-06T15:25:58.171-03:00,46,0,0,50,0,0,0,3500,0,40000,0x07
2026-09-06T15:25:58.194-03:00,47,0,0,50,0,0,0,3500,0,40000,0x07
2026-09-06T15:25:58.238-03:00,48,0,0,52,0,0,0,3500,0,40000,0x07
2026-09-06T15:25:58.281-03:00,49,0,0,52,0,0,0,3500,0,40000,0x07
2026-09-06T15:25:58.325-03:00,50,0,0,51,0,0,0,3500,0,40000,0x07
2026-09-06T15:25:58.369-03:00,51,0,0,50,0,0,0,0,0,0,0x03
2026-09-06T15:25:58.411-03:00,52,0,0,51,0,0,0,0,0,0,0x03
