timestamp,sequence,team,robot_id,interval_ms,left_target_eps,left_measured_eps,left_duty,right_target_eps,right_measured_eps,right_duty,flags
2026-09-06T12:17:09.191-03:00,65535,255,0,0,0,0,0,0,0,0,0x03
2026-09-06T12:17:09.209-03:00,504,0,0,51,0,0,0,0,0,0,0x03
2026-09-06T12:17:09.229-03:00,505,0,0,51,0,0,0,0,0,0,0x03
2026-09-06T12:17:09.247-03:00,505,0,0,51,0,0,0,0,0,0,0x03
2026-09-06T12:17:09.270-03:00,505,0,0,54,0,0,0,0,0,0,0x03
2026-09-06T12:17:09.288-03:00,505,0,0,54,0,0,0,0,0,0,0x03
2026-09-06T12:17:09.311-03:00,505,0,0,50,0,0,0,0,0,0,0x03
2026-09-06T12:17:09.329-03:00,505,0,0,50,0,0,0,0,0,0,0x03
2026-09-06T12:17:09.347-03:00,505,0,0,50,0,0,0,0,0,0,0x03
2026-09-06T12:17:09.370-03:00,505,0,0,52,0,0,0,0,0,0,0x03
2026-09-06T12:17:09.388-03:00,8,0,0,52,0,0,30741,0,0,31098,0x07
2026-09-06T12:17:09.409-03:00,9,0,0,57,3374,298,40000,3500,0,40000,0x07
2026-09-06T12:17:09.427-03:00,10,0,0,57,3374,298,40000,3500,0,40000,0x07
2026-09-06T12:17:09.466-03:00,11,0,0,57,3374,298,40000,3500,0,40000,0x07
2026-09-06T12:17:09.489-03:00,12,0,0,62,3374,2355,35072,3500,0,40000,0x07
2026-09-06T12:17:09.507-03:00,13,0,0,62,3374,2355,35072,3500,0,40000,0x07
2026-09-06T12:17:09.527-03:00,14,0,0,62,3374,2355,35072,3500,0,40000,0x07
2026-09-06T12:17:09.551-03:00,15,0,0,62,3374,2935,32605,3500,0,40000,0x07
2026-09-06T12:17:09.570-03:00,16,0,0,62,3374,2935,32605,3500,0,40000,0x07
2026-09-06T12:17:09.590-03:00,17,0,0,62,3374,2935,32605,3500,0,40000,0x07
2026-09-06T12:17:09.608-03:00,18,0,0,51,3374,2706,33580,3500,0,40000,0x07
2026-09-06T12:17:09.626-03:00,19,0,0,51,3374,2706,33580,3500,0,40000,0x07
2026-09-06T12:17:09.646-03:00,20,0,0,52,3374,2692,33638,3500,0,40000,0x07
2026-09-06T12:17:09.669-03:00,21,0,0,52,3374,2692,33638,3500,0,40000,0x07
2026-09-06T12:17:09.710-03:00,22,0,0,52,3374,2692,33638,3500,0,40000,0x07
2026-09-06T12:17:09.710-03:00,23,0,0,58,3374,2690,33649,3500,0,40000,0x07
2026-09-06T12:17:09.729-03:00,24,0,0,58,3374,2690,33649,3500,0,40000,0x07
2026-09-06T12:17:09.747-03:00,25,0,0,58,3374,2690,33649,3500,0,40000,0x07
2026-09-06T12:17:09.767-03:00,26,0,0,59,3374,2610,33987,3500,0,40000,0x07
2026-09-06T12:17:09.790-03:00,27,0,0,59,3374,2610,33987,3500,0,40000,0x07
2026-09-06T12:17:09.808-03:00,28,0,0,59,3374,2610,33987,3500,0,40000,0x07
2026-09-06T12:17:09.828-03:00,29,0,0,59,3374,2559,34203,3500,0,40000,0x07
2026-09-06T12:17:09.846-03:00,30,0,0,59,3374,2559,34203,3500,0,40000,0x07
2026-09-06T12:17:09.868-03:00,31,0,0,59,3374,2559,34203,3500,0,40000,0x07
2026-09-06T12:17:09.888-03:00,32,0,0,67,3374,2433,34741,3500,0,40000,0x07
2026-09-06T12:17:09.929-03:00,33,0,0,67,3374,2433,34741,3500,0,40000,0x07
2026-09-06T12:17:09.929-03:00,34,0,0,67,3374,2433,34741,3500,0,40000,0x07
2026-09-06T12:17:09.967-03:00,35,0,0,60,3374,2783,33251,3500,0,40000,0x07
2026-09-06T12:17:09.967-03:00,36,0,0,60,3374,2783,33251,3500,0,40000,0x07
2026-09-06T12:17:09.987-03:00,37,0,0,60,3374,2783,33251,3500,0,40000,0x07
2026-09-06T12:17:10.010-03:00,38,0,0,60,3374,2650,33818,3500,0,40000,0x07
2026-09-06T12:17:10.027-03:00,39,0,0,60,3374,2650,33818,3500,0,40000,0x07
2026-09-06T12:17:10.047-03:00,40,0,0,60,3374,2650,33818,3500,0,40000,0x07
2026-09-06T12:17:10.070-03:00,41,0,0,58,3374,2707,33576,3500,0,40000,0x07
2026-09-06T12:17:10.088-03:00,42,0,0,58,3374,2707,33576,3500,0,40000,0x07
2026-09-06T12:17:10.106-03:00,43,0,0,58,3374,2707,33576,3500,0,40000,0x07
2026-09-06T12:17:10.129-03:00,44,0,0,59,3374,2695,33627,3500,0,40000,0x07
2026-09-06T12:17:10.147-03:00,45,0,0,59,3374,2695,33627,3500,0,40000,0x07
2026-09-06T12:17:10.170-03:00,46,0,0,59,3374,2695,33627,3500,0,40000,0x07
2026-09-06T12:17:10.190-03:00,47,0,0,59,3374,2610,33987,3500,0,40000,0x07
2026-09-06T12:17:10.208-03:00,48,0,0,59,3374,2610,33987,3500,0,40000,0x07
2026-09-06T12:17:10.231-03:00,49,0,0,59,3374,2610,33987,3500,0,40000,0x07
2026-09-06T12:17:10.251-03:00,50,0,0,59,3374,2729,33483,3500,0,40000,0x07
2026-09-06T12:17:10.268-03:00,51,0,0,59,3374,2729,33483,3500,0,40000,0x07
2026-09-06T12:17:10.288-03:00,52,0,0,59,3374,2729,33483,3500,0,40000,0x07
2026-09-06T12:17:10.308-03:00,53,0,0,50,3374,2680,33690,3500,0,40000,0x07
2026-09-06T12:17:10.326-03:00,54,0,0,50,3374,2680,33690,3500,0,40000,0x07
2026-09-06T12:17:10.348-03:00,55,0,0,52,3374,2731,33475,3500,0,40000,0x07
2026-09-06T12:17:10.367-03:00,56,0,0,52,3374,2731,33475,3500,0,40000,0x07
2026-09-06T12:17:10.390-03:00,57,0,0,52,3374,2731,33475,3500,0,40000,0x07
2026-09-06T12:17:10.408-03:00,58,0,0,58,3374,2638,33869,3500,0,40000,0x07
2026-09-06T12:17:10.426-03:00,59,0,0,58,3374,2638,33869,3500,0,40000,0x07
2026-09-06T12:17:10.450-03:00,60,0,0,58,3374,2638,33869,3500,0,40000,0x07
2026-09-06T12:17:10.468-03:00,61,0,0,59,3374,2644,33843,3500,0,40000,0x07
2026-09-06T12:17:10.488-03:00,62,0,0,59,3374,2644,33843,3500,0,40000,0x07
2026-09-06T12:17:10.506-03:00,63,0,0,59,3374,2644,33843,3500,0,40000,0x07
2026-09-06T12:17:10.530-03:00,64,0,0,59,3374,2729,33483,3500,0,40000,0x07
2026-09-06T12:17:10.548-03:00,65,0,0,59,3374,2729,33483,3500,0,40000,0x07
2026-09-06T12:17:10.566-03:00,66,0,0,59,3374,2729,33483,3500,0,40000,0x07
2026-09-06T12:17:10.589-03:00,67,0,0,50,3374,2700,33606,3500,0,40000,0x07
2026-09-06T12:17:10.607-03:00,68,0,0,50,3374,2700,33606,3500,0,40000,0x07
2026-09-06T12:17:10.630-03:00,69,0,0,52,3374,2731,33475,3500,0,40000,0x07
2026-09-06T12:17:10.647-03:00,70,0,0,52,3374,2731,33475,3500,0,40000,0x07
2026-09-06T12:17:10.668-03:00,71,0,0,52,3374,2731,33475,3500,0,40000,0x07
2026-09-06T12:17:10.691-03:00,72,0,0,59,3374,2627,33915,3500,0,40000,0x07
2026-09-06T12:17:10.708-03:00,73,0,0,59,3374,2627,33915,3500,0,40000,0x07
2026-09-06T12:17:10.730-03:00,74,0,0,59,3374,2627,33915,3500,0,40000,0x07
2026-09-06T12:17:10.748-03:00,75,0,0,50,3374,2700,33606,3500,0,40000,0x07
2026-09-06T12:17:10.767-03:00,76,0,0,50,3374,2700,33606,3500,0,40000,0x07
2026-09-06T12:17:10.790-03:00,77,0,0,52,3374,2731,33475,3500,0,40000,0x07
2026-09-06T12:17:10.808-03:00,78,0,0,52,3374,2731,33475,3500,0,40000,0x07
2026-09-06T12:17:10.831-03:00,79,0,0,52,3374,2731,33475,3500,0,40000,0x07
2026-09-06T12:17:10.846-03:00,80,0,0,59,3374,2610,33987,3500,0,40000,0x07
2026-09-06T12:17:10.871-03:00,81,0,0,59,3374,2610,33987,3500,0,40000,0x07
2026-09-06T12:17:10.889-03:00,82,0,0,59,3374,2610,33987,3500,0,40000,0x07
2026-09-06T12:17:10.906-03:00,83,0,0,59,3374,2712,33555,3500,0,40000,0x07
2026-09-06T12:17:10.930-03:00,84,0,0,59,3374,2712,33555,3500,0,40000,0x07
2026-09-06T12:17:10.947-03:00,85,0,0,59,3374,2712,33555,3500,0,40000,0x07
2026-09-06T12:17:10.969-03:00,86,0,0,58,3374,2724,33503,3500,0,40000,0x07
2026-09-06T12:17:11.010-03:00,87,0,0,58,3374,2724,33503,3500,0,40000,0x07
2026-09-06T12:17:11.010-03:00,88,0,0,58,3374,2724,33503,3500,0,40000,0x07
2026-09-06T12:17:11.028-03:00,89,0,0,50,3374,2640,33860,3500,0,40000,0x07
2026-09-06T12:17:11.046-03:00,90,0,0,50,3374,2640,33860,3500,0,40000,0x07
2026-09-06T12:17:11.069-03:00,91,0,0,52,3374,2673,33720,3500,0,40000,0x07
2026-09-06T12:17:11.087-03:00,92,0,0,52,3374,2673,33720,3500,0,40000,0x07
2026-09-06T12:17:11.110-03:00,93,0,0,52,3374,2673,33720,3500,0,40000,0x07
2026-09-06T12:17:11.129-03:00,94,0,0,59,3374,2644,33843,3500,0,40000,0x07
2026-09-06T12:17:11.146-03:00,95,0,0,59,3374,2644,33843,3500,0,40000,0x07
2026-09-06T12:17:11.170-03:00,96,0,0,59,3374,2644,33843,3500,0,40000,0x07
2026-09-06T12:17:11.187-03:00,97,0,0,59,3374,2763,33339,3500,0,40000,0x07
2026-09-06T12:17:11.211-03:00,98,0,0,59,3374,2763,33339,3500,0,40000,0x07
2026-09-06T12:17:11.228-03:00,99,0,0,59,3374,2763,33339,3500,0,40000,0x07
2026-09-06T12:17:11.246-03:00,100,0,0,62,3374,2677,33701,3500,0,40000,0x07
2026-09-06T12:17:11.269-03:00,101,0,0,62,3374,2677,33701,3500,0,40000,0x07
2026-09-06T12:17:11.287-03:00,102,0,0,62,3374,2677,33701,3500,0,40000,0x07
2026-09-06T12:17:11.310-03:00,103,0,0,58,3374,2603,34016,3500,0,40000,0x07
2026-09-06T12:17:11.331-03:00,104,0,0,58,3374,2603,34016,3500,0,40000,0x07
2026-09-06T12:17:11.346-03:00,105,0,0,58,3374,2603,34016,3500,0,40000,0x07
2026-09-06T12:17:11.369-03:00,106,0,0,51,3374,2725,33497,3500,0,40000,0x07
2026-09-06T12:17:11.388-03:00,107,0,0,51,3374,2725,33497,3500,0,40000,0x07
2026-09-06T12:17:11.411-03:00,108,0,0,52,3374,2769,33311,3500,0,40000,0x07
2026-09-06T12:17:11.428-03:00,109,0,0,52,3374,2769,33311,3500,0,40000,0x07
2026-09-06T12:17:11.447-03:00,110,0,0,52,3374,2769,33311,3500,0,40000,0x07
2026-09-06T12:17:11.467-03:00,111,0,0,50,3374,2660,33776,3500,0,40000,0x07
2026-09-06T12:17:11.486-03:00,112,0,0,50,3374,2660,33776,3500,0,40000,0x07
2026-09-06T12:17:11.507-03:00,113,0,0,52,3374,2654,33802,3500,0,40000,0x07
2026-09-06T12:17:11.530-03:00,114,0,0,52,3374,2654,33802,3500,0,40000,0x07
2026-09-06T12:17:11.550-03:00,115,0,0,52,3374,2654,33802,3500,0,40000,0x07
2026-09-06T12:17:11.569-03:00,116,0,0,59,3374,2729,33483,3500,0,40000,0x07
2026-09-06T12:17:11.587-03:00,117,0,0,59,3374,2729,33483,3500,0,40000,0x07
2026-09-06T12:17:11.607-03:00,118,0,0,59,3374,2729,33483,3500,0,40000,0x07
2026-09-06T12:17:11.631-03:00,119,0,0,59,3374,2712,33555,3500,0,40000,0x07
2026-09-06T12:17:11.651-03:00,120,0,0,59,3374,2712,33555,3500,0,40000,0x07
2026-09-06T12:17:11.669-03:00,121,0,0,59,3374,2712,33555,3500,0,40000,0x07
2026-09-06T12:17:11.687-03:00,122,0,0,50,3374,2640,33860,3500,0,40000,0x07
2026-09-06T12:17:11.710-03:00,123,0,0,50,3374,2640,33860,3500,0,40000,0x07
2026-09-06T12:17:11.728-03:00,124,0,0,53,3374,2679,33694,3500,0,40000,0x07
2026-09-06T12:17:11.746-03:00,125,0,0,53,3374,2679,33694,3500,0,40000,0x07
2026-09-06T12:17:11.770-03:00,126,0,0,53,3374,2679,33694,3500,0,40000,0x07
2026-09-06T12:17:11.787-03:00,127,0,0,59,3374,2729,33483,3500,0,40000,0x07
2026-09-06T12:17:11.810-03:00,128,0,0,59,3374,2729,33483,3500,0,40000,0x07
2026-09-06T12:17:11.828-03:00,129,0,0,59,3374,2729,33483,3500,0,40000,0x07
2026-09-06T12:17:11.846-03:00,130,0,0,58,3374,2724,33503,3500,0,40000,0x07
2026-09-06T12:17:11.869-03:00,131,0,0,58,3374,2724,33503,3500,0,40000,0x07
2026-09-06T12:17:11.888-03:00,132,0,0,58,3374,2724,33503,3500,0,40000,0x07
2026-09-06T12:17:11.907-03:00,133,0,0,59,3374,2644,33843,3500,0,40000,0x07
2026-09-06T12:17:11.931-03:00,134,0,0,59,3374,2644,33843,3500,0,40000,0x07
2026-09-06T12:17:11.988-03:00,135,0,0,59,3374,2644,33843,3500,0,40000,0x07
2026-09-06T12:17:11.988-03:00,136,0,0,59,3374,2627,33915,3500,0,40000,0x07
2026-09-06T12:17:12.009-03:00,137,0,0,59,3374,2627,33915,3500,0,40000,0x07
2026-09-06T12:17:12.029-03:00,138,0,0,59,3374,2847,32979,3500,51,40000,0x07
2026-09-06T12:17:12.048-03:00,139,0,0,59,3374,2847,32979,3500,51,40000,0x07
2026-09-06T12:17:12.066-03:00,141,0,0,59,3374,2847,32979,3500,51,40000,0x07
2026-09-06T12:17:12.090-03:00,142,0,0,62,3374,2758,33359,3500,16,40000,0x07
2026-09-06T12:17:12.110-03:00,143,0,0,62,3374,2758,33359,3500,16,40000,0x07
2026-09-06T12:17:12.128-03:00,144,0,0,62,3374,2758,33359,3500,16,40000,0x07
2026-09-06T12:17:12.148-03:00,145,0,0,50,3374,2680,33690,3500,0,40000,0x07
2026-09-06T12:17:12.167-03:00,146,0,0,50,3374,2680,33690,3500,0,40000,0x07
2026-09-06T12:17:12.187-03:00,147,0,0,52,3374,2731,33475,3500,0,40000,0x07
2026-09-06T12:17:12.210-03:00,148,0,0,52,3374,2731,33475,3500,0,40000,0x07
2026-09-06T12:17:12.230-03:00,149,0,0,52,3374,2731,33475,3500,0,40000,0x07
2026-09-06T12:17:12.249-03:00,150,0,0,59,3374,2678,33699,3500,17,40000,0x07
2026-09-06T12:17:12.269-03:00,151,0,0,59,3374,2678,33699,3500,17,40000,0x07
2026-09-06T12:17:12.287-03:00,152,0,0,59,3374,2678,33699,3500,17,40000,0x07
2026-09-06T12:17:12.310-03:00,153,0,0,59,3374,2678,33699,3500,17,40000,0x07
2026-09-06T12:17:12.328-03:00,154,0,0,59,3374,2678,33699,3500,17,40000,0x07
2026-09-06T12:17:12.348-03:00,155,0,0,59,3374,2678,33699,3500,17,40000,0x07
2026-09-06T12:17:12.366-03:00,156,0,0,50,3374,2720,33520,3500,0,40000,0x07
2026-09-06T12:17:12.389-03:00,157,0,0,50,3374,2720,33520,3500,0,40000,0x07
2026-09-06T12:17:12.407-03:00,158,0,0,52,3374,2788,33230,3500,0,40000,0x07
2026-09-06T12:17:12.430-03:00,159,0,0,52,3374,2788,33230,3500,0,40000,0x07
2026-09-06T12:17:12.449-03:00,160,0,0,52,3374,2788,33230,3500,0,40000,0x07
2026-09-06T12:17:12.469-03:00,161,0,0,59,3374,2627,33915,3500,0,40000,0x07
2026-09-06T12:17:12.487-03:00,162,0,0,59,3374,2627,33915,3500,0,40000,0x07
2026-09-06T12:17:12.510-03:00,163,0,0,59,3374,2627,33915,3500,0,40000,0x07
2026-09-06T12:17:12.528-03:00,164,0,0,59,3374,2475,34564,3500,0,40000,0x07
2026-09-06T12:17:12.546-03:00,165,0,0,59,3374,2475,34564,3500,0,40000,0x07
2026-09-06T12:17:12.570-03:00,166,0,0,59,3374,2475,34564,3500,0,40000,0x07
2026-09-06T12:17:12.588-03:00,167,0,0,59,3374,2847,32979,3500,0,40000,0x07
2026-09-06T12:17:12.606-03:00,168,0,0,59,3374,2847,32979,3500,0,40000,0x07
2026-09-06T12:17:12.631-03:00,169,0,0,59,3374,2847,32979,3500,0,40000,0x07
2026-09-06T12:17:12.649-03:00,170,0,0,59,3374,2661,33771,3500,0,40000,0x07
2026-09-06T12:17:12.667-03:00,171,0,0,59,3374,2661,33771,3500,0,40000,0x07
2026-09-06T12:17:12.690-03:00,172,0,0,50,3374,2280,35390,3500,0,40000,0x07
2026-09-06T12:17:12.708-03:00,173,0,0,50,3374,2280,35390,3500,0,40000,0x07
2026-09-06T12:17:12.726-03:00,174,0,0,50,3374,2280,35390,3500,0,40000,0x07
2026-09-06T12:17:12.746-03:00,175,0,0,61,3374,2885,32818,3500,0,40000,0x07
2026-09-06T12:17:12.769-03:00,176,0,0,61,3374,2885,32818,3500,0,40000,0x07
2026-09-06T12:17:12.789-03:00,177,0,0,61,3374,2885,32818,3500,0,40000,0x07
2026-09-06T12:17:12.807-03:00,178,0,0,59,3374,2780,33267,3500,0,40000,0x07
2026-09-06T12:17:12.830-03:00,179,0,0,59,3374,2780,33267,3500,0,40000,0x07
2026-09-06T12:17:12.849-03:00,180,0,0,59,3374,2780,33267,3500,0,40000,0x07
2026-09-06T12:17:12.867-03:00,181,0,0,59,3374,2644,33843,3500,0,40000,0x07
2026-09-06T12:17:12.887-03:00,182,0,0,59,3374,2644,33843,3500,0,40000,0x07
2026-09-06T12:17:12.909-03:00,183,0,0,59,3374,2644,33843,3500,0,40000,0x07
2026-09-06T12:17:12.952-03:00,184,0,0,58,3374,2621,33943,3500,0,40000,0x07
2026-09-06T12:17:12.993-03:00,185,0,0,58,3374,2621,33943,3500,0,40000,0x07
2026-09-06T12:17:13.034-03:00,186,0,0,58,3374,2621,33943,3500,0,40000,0x07
2026-09-06T12:17:13.074-03:00,187,0,0,51,3374,2745,33414,3500,0,40000,0x07
2026-09-06T12:17:13.118-03:00,189,0,0,50,0,0,0,0,0,0,0x03
