timestamp,sequence,team,robot_id,interval_ms,left_target_eps,left_measured_eps,left_duty,right_target_eps,right_measured_eps,right_duty,flags
2026-09-06T16:29:42.511-03:00,498,0,2,53,3374,3189,28882,3500,0,40000,0x07
2026-09-06T16:29:42.528-03:00,502,0,2,50,0,0,0,0,0,0,0x03
2026-09-06T16:29:42.549-03:00,503,0,2,51,0,0,0,0,0,0,0x03
2026-09-06T16:29:42.567-03:00,504,0,2,50,0,0,0,0,0,0,0x03
2026-09-06T16:29:42.592-03:00,505,0,2,50,0,0,0,0,0,0,0x03
2026-09-06T16:29:42.612-03:00,505,0,2,50,0,0,0,0,0,0,0x03
2026-09-06T16:29:42.630-03:00,505,0,2,50,0,0,0,0,0,0,0x03
2026-09-06T16:29:42.647-03:00,505,0,2,50,0,0,0,0,0,0,0x03
2026-09-06T16:29:42.671-03:00,505,0,2,50,0,0,0,0,0,0,0x03
2026-09-06T16:29:42.689-03:00,505,0,2,52,0,0,0,0,0,0,0x03
2026-09-06T16:29:42.707-03:00,505,0,2,52,0,0,0,0,0,0,0x03
2026-09-06T16:29:42.730-03:00,505,0,2,51,0,0,0,0,0,0,0x03
2026-09-06T16:29:42.748-03:00,9,0,2,51,0,0,28094,0,0,28548,0x07
2026-09-06T16:29:42.772-03:00,10,0,2,51,0,0,28094,0,0,28548,0x07
2026-09-06T16:29:42.789-03:00,11,0,2,50,3374,440,40000,3500,0,40000,0x07
2026-09-06T16:29:42.829-03:00,12,0,2,50,3374,440,40000,3500,0,40000,0x07
2026-09-06T16:29:42.829-03:00,13,0,2,55,3374,2745,30765,3500,0,40000,0x07
2026-09-06T16:29:42.851-03:00,14,0,2,55,3374,2745,30765,3500,0,40000,0x07
2026-09-06T16:29:42.870-03:00,15,0,2,55,3374,2745,30765,3500,0,40000,0x07
2026-09-06T16:29:42.888-03:00,16,0,2,50,3374,3560,27304,3500,0,40000,0x07
2026-09-06T16:29:42.931-03:00,17,0,2,50,3374,3560,27304,3500,0,40000,0x07
2026-09-06T16:29:42.949-03:00,18,0,2,53,3374,3396,28000,3500,0,40000,0x07
2026-09-06T16:29:43.009-03:00,19,0,2,53,3374,3396,28000,3500,0,40000,0x07
2026-09-06T16:29:43.009-03:00,20,0,2,51,3374,3275,28517,3500,0,40000,0x07
2026-09-06T16:29:43.048-03:00,21,0,2,51,3374,3275,28517,3500,0,40000,0x07
2026-09-06T16:29:43.069-03:00,23,0,2,50,3374,3200,28834,3500,0,40000,0x07
2026-09-06T16:29:43.069-03:00,24,0,2,50,3374,3200,28834,3500,0,40000,0x07
2026-09-06T16:29:43.092-03:00,26,0,2,50,3374,3260,28578,3500,0,40000,0x07
2026-09-06T16:29:43.111-03:00,27,0,2,50,3374,3260,28578,3500,0,40000,0x07
2026-09-06T16:29:43.130-03:00,28,0,2,50,3374,3260,28578,3500,0,40000,0x07
2026-09-06T16:29:43.150-03:00,29,0,2,52,3374,3250,28621,3500,0,40000,0x07
2026-09-06T16:29:43.190-03:00,30,0,2,52,3374,3250,28621,3500,0,40000,0x07
2026-09-06T16:29:43.211-03:00,31,0,2,57,3374,3193,28863,3500,0,40000,0x07
2026-09-06T16:29:43.231-03:00,32,0,2,57,3374,3193,28863,3500,0,40000,0x07
2026-09-06T16:29:43.291-03:00,33,0,2,57,3374,3193,28863,3500,0,40000,0x07
2026-09-06T16:29:43.328-03:00,34,0,2,51,3374,3235,28684,3500,0,40000,0x07
2026-09-06T16:29:43.347-03:00,35,0,2,50,3374,3220,28748,3500,0,40000,0x07
2026-09-06T16:29:43.368-03:00,36,0,2,50,3374,3220,28748,3500,0,40000,0x07
2026-09-06T16:29:43.609-03:00,38,0,2,51,3374,3235,28684,3500,0,40000,0x07
2026-09-06T16:29:43.730-03:00,40,0,2,57,3374,3211,28789,3500,0,40000,0x07
2026-09-06T16:29:43.790-03:00,42,0,2,57,3374,3211,28789,3500,0,40000,0x07
2026-09-06T16:29:43.808-03:00,43,0,2,50,0,0,28094,0,0,28548,0x07
2026-09-06T16:29:43.832-03:00,44,0,2,50,3374,3040,29514,3500,0,40000,0x07
2026-09-06T16:29:43.871-03:00,56,0,2,51,3374,3627,27017,3500,0,40000,0x07
2026-09-06T16:29:43.871-03:00,63,0,2,50,3374,3360,28154,3500,0,40000,0x07
2026-09-06T16:29:43.889-03:00,66,0,2,50,3374,3360,28154,3500,0,40000,0x07
2026-09-06T16:29:43.907-03:00,67,0,2,51,3374,3235,28684,3500,0,40000,0x07
2026-09-06T16:29:43.927-03:00,68,0,2,51,3374,3235,28684,3500,0,40000,0x07
2026-09-06T16:29:43.951-03:00,69,0,2,51,3374,3235,28684,3500,0,40000,0x07
2026-09-06T16:29:43.969-03:00,70,0,2,50,3374,3260,28578,3500,0,40000,0x07
2026-09-06T16:29:43.987-03:00,71,0,2,50,3374,3260,28578,3500,0,40000,0x07
2026-09-06T16:29:44.029-03:00,72,0,2,54,3374,3259,28582,3500,0,40000,0x07
2026-09-06T16:29:44.029-03:00,73,0,2,54,3374,3259,28582,3500,0,40000,0x07
2026-09-06T16:29:44.049-03:00,74,0,2,54,3374,3259,28582,3500,0,40000,0x07
2026-09-06T16:29:44.091-03:00,75,0,2,52,3374,3250,28621,3500,0,40000,0x07
2026-09-06T16:29:44.108-03:00,76,0,2,52,3374,3250,28621,3500,0,40000,0x07
2026-09-06T16:29:44.131-03:00,77,0,2,52,3374,3250,28621,3500,0,40000,0x07
2026-09-06T16:29:44.149-03:00,78,0,2,51,3374,3216,28767,3500,0,40000,0x07
2026-09-06T16:29:44.208-03:00,79,0,2,55,3374,3255,28602,3500,0,40000,0x07
2026-09-06T16:29:44.232-03:00,80,0,2,55,3374,3255,28602,3500,0,40000,0x07
2026-09-06T16:29:44.232-03:00,82,0,2,55,3374,3255,28602,3500,0,40000,0x07
2026-09-06T16:29:44.249-03:00,83,0,2,51,3374,3255,28600,3500,0,40000,0x07
2026-09-06T16:29:44.290-03:00,84,0,2,51,3374,3255,28600,3500,0,40000,0x07
2026-09-06T16:29:44.290-03:00,86,0,2,54,3374,3259,28582,3500,0,40000,0x07
2026-09-06T16:29:44.311-03:00,87,0,2,54,3374,3259,28582,3500,0,40000,0x07
2026-09-06T16:29:44.329-03:00,88,0,2,56,3374,3214,28773,3500,0,40000,0x07
2026-09-06T16:29:44.369-03:00,89,0,2,56,3374,3214,28773,3500,0,40000,0x07
2026-09-06T16:29:44.427-03:00,90,0,2,56,3374,3214,28773,3500,0,40000,0x07
2026-09-06T16:29:44.427-03:00,91,0,2,50,3374,3280,28494,3500,0,40000,0x07
2026-09-06T16:29:44.449-03:00,92,0,2,50,3374,3280,28494,3500,0,40000,0x07
2026-09-06T16:29:44.491-03:00,93,0,2,51,3374,3235,28684,3500,0,40000,0x07
2026-09-06T16:29:44.529-03:00,94,0,2,51,3374,3235,28684,3500,0,40000,0x07
2026-09-06T16:29:44.529-03:00,97,0,2,51,3374,3235,28684,3500,0,40000,0x07
2026-09-06T16:29:44.547-03:00,98,0,2,51,3374,3255,28600,3500,0,40000,0x07
2026-09-06T16:29:44.567-03:00,99,0,2,51,3374,3255,28600,3500,0,40000,0x07
2026-09-06T16:29:44.611-03:00,101,0,2,57,3374,3193,28863,3500,0,40000,0x07
2026-09-06T16:29:44.630-03:00,102,0,2,57,3374,3193,28863,3500,0,40000,0x07
2026-09-06T16:29:44.650-03:00,103,0,2,57,3374,3193,28863,3500,0,40000,0x07
2026-09-06T16:29:44.688-03:00,104,0,2,50,3374,3280,28494,3500,0,40000,0x07
2026-09-06T16:29:44.688-03:00,105,0,2,53,3374,3226,28721,3500,0,40000,0x07
2026-09-06T16:29:44.708-03:00,107,0,2,53,3374,3226,28721,3500,0,40000,0x07
2026-09-06T16:29:44.728-03:00,108,0,2,53,3374,3226,28721,3500,0,40000,0x07
2026-09-06T16:29:44.748-03:00,109,0,2,55,3374,3236,28679,3500,0,40000,0x07
2026-09-06T16:29:44.771-03:00,110,0,2,55,3374,3236,28679,3500,0,40000,0x07
2026-09-06T16:29:44.790-03:00,111,0,2,55,3374,3236,28679,3500,0,40000,0x07
2026-09-06T16:29:44.810-03:00,112,0,2,51,3374,3235,28684,3500,0,40000,0x07
2026-09-06T16:29:44.828-03:00,113,0,2,51,3374,3235,28684,3500,0,40000,0x07
2026-09-06T16:29:44.848-03:00,114,0,2,51,3374,3216,28767,3500,0,40000,0x07
2026-09-06T16:29:44.871-03:00,115,0,2,51,3374,3216,28767,3500,0,40000,0x07
2026-09-06T16:29:44.890-03:00,116,0,2,51,3374,3216,28767,3500,0,40000,0x07
2026-09-06T16:29:44.908-03:00,117,0,2,50,3374,3260,28578,3500,0,40000,0x07
2026-09-06T16:29:44.931-03:00,118,0,2,50,3374,3260,28578,3500,0,40000,0x07
2026-09-06T16:29:44.949-03:00,119,0,2,50,3374,3220,28748,3500,0,40000,0x07
2026-09-06T16:29:44.968-03:00,120,0,2,50,3374,3220,28748,3500,0,40000,0x07
2026-09-06T16:29:44.991-03:00,121,0,2,50,3374,3220,28748,3500,0,40000,0x07
2026-09-06T16:29:45.009-03:00,122,0,2,50,3374,3260,28578,3500,0,40000,0x07
2026-09-06T16:29:45.031-03:00,123,0,2,50,3374,3260,28578,3500,0,40000,0x07
2026-09-06T16:29:45.048-03:00,124,0,2,52,3374,3212,28784,3500,0,40000,0x07
2026-09-06T16:29:45.071-03:00,125,0,2,52,3374,3212,28784,3500,0,40000,0x07
2026-09-06T16:29:45.090-03:00,126,0,2,52,3374,3212,28784,3500,0,40000,0x07
2026-09-06T16:29:45.108-03:00,127,0,2,56,3374,3214,28773,3500,0,40000,0x07
2026-09-06T16:29:45.128-03:00,128,0,2,56,3374,3214,28773,3500,0,40000,0x07
2026-09-06T16:29:45.152-03:00,129,0,2,56,3374,3214,28773,3500,0,40000,0x07
2026-09-06T16:29:45.170-03:00,130,0,2,51,3374,3275,28517,3500,0,40000,0x07
2026-09-06T16:29:45.190-03:00,131,0,2,51,3374,3275,28517,3500,0,40000,0x07
2026-09-06T16:29:45.210-03:00,132,0,2,54,3374,3222,28739,3500,0,40000,0x07
2026-09-06T16:29:45.229-03:00,133,0,2,54,3374,3222,28739,3500,0,40000,0x07
2026-09-06T16:29:45.251-03:00,134,0,2,54,3374,3222,28739,3500,0,40000,0x07
2026-09-06T16:29:45.270-03:00,135,0,2,50,3374,3260,28578,3500,0,40000,0x07
2026-09-06T16:29:45.291-03:00,136,0,2,50,3374,3260,28578,3500,0,40000,0x07
2026-09-06T16:29:45.311-03:00,137,0,2,50,3374,3260,28578,3500,0,40000,0x07
2026-09-06T16:29:45.331-03:00,138,0,2,53,3374,3245,28641,3500,0,40000,0x07
2026-09-06T16:29:45.349-03:00,139,0,2,53,3374,3245,28641,3500,0,40000,0x07
2026-09-06T16:29:45.368-03:00,140,0,2,56,3374,3179,28925,3500,0,40000,0x07
2026-09-06T16:29:45.388-03:00,141,0,2,56,3374,3179,28925,3500,0,40000,0x07
2026-09-06T16:29:45.409-03:00,142,0,2,56,3374,3179,28925,3500,0,40000,0x07
2026-09-06T16:29:45.431-03:00,143,0,2,55,3374,3273,28524,3500,0,40000,0x07
2026-09-06T16:29:45.452-03:00,144,0,2,55,3374,3273,28524,3500,0,40000,0x07
2026-09-06T16:29:45.469-03:00,145,0,2,55,3374,3273,28524,3500,0,40000,0x07
2026-09-06T16:29:45.492-03:00,146,0,2,51,3374,3255,28600,3500,0,40000,0x07
2026-09-06T16:29:45.510-03:00,147,0,2,51,3374,3255,28600,3500,0,40000,0x07
2026-09-06T16:29:45.532-03:00,148,0,2,51,3374,3235,28684,3500,0,40000,0x07
2026-09-06T16:29:45.549-03:00,149,0,2,51,3374,3235,28684,3500,0,40000,0x07
2026-09-06T16:29:45.567-03:00,150,0,2,51,3374,3235,28684,3500,0,40000,0x07
2026-09-06T16:29:45.589-03:00,151,0,2,50,3374,3260,28578,3500,0,40000,0x07
2026-09-06T16:29:45.610-03:00,152,0,2,50,3374,3260,28578,3500,0,40000,0x07
2026-09-06T16:29:45.628-03:00,153,0,2,50,3374,3260,28578,3500,0,40000,0x07
2026-09-06T16:29:45.651-03:00,154,0,2,53,3374,3245,28641,3500,0,40000,0x07
2026-09-06T16:29:45.669-03:00,155,0,2,53,3374,3245,28641,3500,0,40000,0x07
2026-09-06T16:29:45.687-03:00,156,0,2,57,3374,3246,28640,3500,0,40000,0x07
2026-09-06T16:29:45.710-03:00,157,0,2,57,3374,3246,28640,3500,0,40000,0x07
2026-09-06T16:29:45.730-03:00,158,0,2,57,3374,3246,28640,3500,0,40000,0x07
2026-09-06T16:29:45.751-03:00,159,0,2,50,3374,3220,28748,3500,0,40000,0x07
2026-09-06T16:29:45.769-03:00,160,0,2,50,3374,3220,28748,3500,0,40000,0x07
2026-09-06T16:29:45.789-03:00,161,0,2,51,3374,3235,28684,3500,0,40000,0x07
2026-09-06T16:29:45.809-03:00,162,0,2,51,3374,3235,28684,3500,0,40000,0x07
2026-09-06T16:29:45.828-03:00,163,0,2,51,3374,3235,28684,3500,0,40000,0x07
2026-09-06T16:29:45.848-03:00,164,0,2,50,3374,3260,28578,3500,0,40000,0x07
2026-09-06T16:29:45.871-03:00,165,0,2,50,3374,3260,28578,3500,0,40000,0x07
2026-09-06T16:29:45.888-03:00,166,0,2,50,3374,3260,28578,3500,0,40000,0x07
2026-09-06T16:29:45.912-03:00,167,0,2,53,3374,3226,28721,3500,0,40000,0x07
2026-09-06T16:29:45.931-03:00,168,0,2,53,3374,3226,28721,3500,0,40000,0x07
2026-09-06T16:29:45.949-03:00,169,0,2,55,3374,3255,28602,3500,0,40000,0x07
2026-09-06T16:29:45.968-03:00,170,0,2,55,3374,3255,28602,3500,0,40000,0x07
2026-09-06T16:29:45.990-03:00,171,0,2,55,3374,3255,28602,3500,0,40000,0x07
2026-09-06T16:29:46.008-03:00,172,0,2,52,3374,3250,28621,3500,0,40000,0x07
2026-09-06T16:29:46.029-03:00,173,0,2,52,3374,3250,28621,3500,0,40000,0x07
2026-09-06T16:29:46.052-03:00,174,0,2,50,3374,3220,28748,3500,0,40000,0x07
2026-09-06T16:29:46.070-03:00,175,0,2,50,3374,3220,28748,3500,0,40000,0x07
2026-09-06T16:29:46.088-03:00,176,0,2,50,3374,3220,28748,3500,0,40000,0x07
2026-09-06T16:29:46.111-03:00,177,0,2,50,3374,3260,28578,3500,0,40000,0x07
2026-09-06T16:29:46.129-03:00,178,0,2,50,3374,3260,28578,3500,0,40000,0x07
2026-09-06T16:29:46.151-03:00,179,0,2,50,3374,3260,28578,3500,0,40000,0x07
2026-09-06T16:29:46.168-03:00,180,0,2,53,3374,3245,28641,3500,0,40000,0x07
2026-09-06T16:29:46.191-03:00,181,0,2,53,3374,3245,28641,3500,0,40000,0x07
2026-09-06T16:29:46.209-03:00,182,0,2,51,3374,3255,28600,3500,0,40000,0x07
2026-09-06T16:29:46.227-03:00,183,0,2,51,3374,3255,28600,3500,0,40000,0x07
2026-09-06T16:29:46.251-03:00,184,0,2,51,3374,3255,28600,3500,0,40000,0x07
2026-09-06T16:29:46.269-03:00,185,0,2,53,3374,3226,28721,3500,0,40000,0x07
2026-09-06T16:29:46.289-03:00,186,0,2,53,3374,3226,28721,3500,0,40000,0x07
2026-09-06T16:29:46.330-03:00,187,0,2,54,3374,3222,28739,3500,0,40000,0x07
2026-09-06T16:29:46.330-03:00,188,0,2,54,3374,3222,28739,3500,0,40000,0x07
2026-09-06T16:29:46.348-03:00,189,0,2,54,3374,3222,28739,3500,0,40000,0x07
2026-09-06T16:29:46.371-03:00,190,0,2,56,3374,3250,28621,3500,0,40000,0x07
2026-09-06T16:29:46.389-03:00,191,0,2,56,3374,3250,28621,3500,0,40000,0x07
2026-09-06T16:29:46.407-03:00,192,0,2,56,3374,3250,28621,3500,0,40000,0x07
2026-09-06T16:29:46.428-03:00,193,0,2,55,3374,3236,28679,3500,0,40000,0x07
2026-09-06T16:29:46.452-03:00,194,0,2,55,3374,3236,28679,3500,0,40000,0x07
2026-09-06T16:29:46.470-03:00,195,0,2,55,3374,3236,28679,3500,0,40000,0x07
2026-09-06T16:29:46.488-03:00,196,0,2,50,3374,3260,28578,3500,0,40000,0x07
2026-09-06T16:29:46.508-03:00,197,0,2,50,3374,3260,28578,3500,0,40000,0x07
2026-09-06T16:29:46.531-03:00,198,0,2,51,3374,3216,28767,3500,0,40000,0x07
2026-09-06T16:29:46.548-03:00,199,0,2,51,3374,3216,28767,3500,0,40000,0x07
2026-09-06T16:29:46.571-03:00,200,0,2,51,3374,3216,28767,3500,0,40000,0x07
2026-09-06T16:29:46.591-03:00,201,0,2,51,3374,3235,28684,3500,0,40000,0x07
2026-09-06T16:29:46.612-03:00,202,0,2,51,3374,3235,28684,3500,0,40000,0x07
2026-09-06T16:29:46.627-03:00,203,0,2,51,3374,3235,28684,3500,0,40000,0x07
2026-09-06T16:29:46.650-03:00,204,0,2,51,3374,3235,28684,3500,0,40000,0x07
2026-09-06T16:29:46.669-03:00,205,0,2,51,3374,3235,28684,3500,0,40000,0x07
2026-09-06T16:29:46.692-03:00,206,0,2,53,3374,3245,28641,3500,0,40000,0x07
2026-09-06T16:29:46.710-03:00,207,0,2,53,3374,3245,28641,3500,0,40000,0x07
2026-09-06T16:29:46.728-03:00,208,0,2,50,3374,3240,28664,3500,0,40000,0x07
2026-09-06T16:29:46.752-03:00,209,0,2,50,3374,3240,28664,3500,0,40000,0x07
2026-09-06T16:29:46.771-03:00,210,0,2,50,3374,3240,28664,3500,0,40000,0x07
2026-09-06T16:29:46.790-03:00,211,0,2,50,3374,3220,28748,3500,0,40000,0x07
2026-09-06T16:29:46.808-03:00,212,0,2,50,3374,3220,28748,3500,0,40000,0x07
2026-09-06T16:29:46.829-03:00,213,0,2,54,3374,3259,28582,3500,0,40000,0x07
2026-09-06T16:29:46.852-03:00,214,0,2,54,3374,3259,28582,3500,0,40000,0x07
2026-09-06T16:29:46.870-03:00,215,0,2,54,3374,3259,28582,3500,0,40000,0x07
2026-09-06T16:29:46.888-03:00,216,0,2,57,3374,3211,28789,3500,0,40000,0x07
2026-09-06T16:29:46.911-03:00,217,0,2,57,3374,3211,28789,3500,0,40000,0x07
2026-09-06T16:29:46.929-03:00,218,0,2,57,3374,3211,28789,3500,0,40000,0x07
2026-09-06T16:29:46.952-03:00,219,0,2,50,3374,3260,28578,3500,0,40000,0x07
2026-09-06T16:29:46.972-03:00,220,0,2,50,3374,3260,28578,3500,0,40000,0x07
2026-09-06T16:29:47.011-03:00,221,0,2,50,3374,3220,28748,3500,0,40000,0x07
2026-09-06T16:29:47.011-03:00,222,0,2,50,3374,3220,28748,3500,0,40000,0x07
2026-09-06T16:29:47.032-03:00,223,0,2,50,3374,3220,28748,3500,0,40000,0x07
2026-09-06T16:29:47.049-03:00,224,0,2,50,3374,3260,28578,3500,0,40000,0x07
2026-09-06T16:29:47.071-03:00,225,0,2,50,3374,3260,28578,3500,0,40000,0x07
2026-09-06T16:29:47.090-03:00,226,0,2,54,3374,3222,28739,3500,0,40000,0x07
2026-09-06T16:29:47.108-03:00,227,0,2,54,3374,3222,28739,3500,0,40000,0x07
2026-09-06T16:29:47.150-03:00,228,0,2,54,3374,3222,28739,3500,0,40000,0x07
2026-09-06T16:29:47.168-03:00,229,0,2,50,3374,3240,28664,3500,0,40000,0x07
2026-09-06T16:29:47.191-03:00,230,0,2,50,3374,3240,28664,3500,0,40000,0x07
2026-09-06T16:29:47.210-03:00,231,0,2,50,3374,3260,28578,3500,0,40000,0x07
2026-09-06T16:29:47.232-03:00,232,0,2,50,3374,3260,28578,3500,0,40000,0x07
2026-09-06T16:29:47.250-03:00,234,0,2,51,3374,3216,28767,3500,0,40000,0x07
2026-09-06T16:29:47.268-03:00,235,0,2,51,3374,3216,28767,3500,0,40000,0x07
2026-09-06T16:29:47.291-03:00,236,0,2,51,3374,3216,28767,3500,0,40000,0x07
2026-09-06T16:29:47.309-03:00,237,0,2,53,3374,3245,28641,3500,0,40000,0x07
2026-09-06T16:29:47.327-03:00,238,0,2,53,3374,3245,28641,3500,0,40000,0x07
2026-09-06T16:29:47.351-03:00,239,0,2,55,3374,3218,28756,3500,0,40000,0x07
2026-09-06T16:29:47.369-03:00,240,0,2,55,3374,3218,28756,3500,0,40000,0x07
2026-09-06T16:29:47.391-03:00,241,0,2,55,3374,3218,28756,3500,0,40000,0x07
2026-09-06T16:29:47.409-03:00,242,0,2,50,3374,3260,28578,3500,0,40000,0x07
2026-09-06T16:29:47.432-03:00,243,0,2,50,3374,3260,28578,3500,0,40000,0x07
2026-09-06T16:29:47.449-03:00,244,0,2,50,3374,3240,28664,3500,0,40000,0x07
2026-09-06T16:29:47.467-03:00,245,0,2,50,3374,3240,28664,3500,0,40000,0x07
2026-09-06T16:29:47.490-03:00,246,0,2,50,3374,3240,28664,3500,0,40000,0x07
2026-09-06T16:29:47.507-03:00,247,0,2,57,3374,3246,28640,3500,0,40000,0x07
2026-09-06T16:29:47.531-03:00,248,0,2,57,3374,3246,28640,3500,0,40000,0x07
2026-09-06T16:29:47.551-03:00,249,0,2,57,3374,3246,28640,3500,0,40000,0x07
2026-09-06T16:29:47.569-03:00,250,0,2,51,3374,3255,28600,3500,0,40000,0x07
2026-09-06T16:29:47.589-03:00,251,0,2,51,3374,3255,28600,3500,0,40000,0x07
2026-09-06T16:29:47.607-03:00,252,0,2,52,3374,3250,28621,3500,0,40000,0x07
2026-09-06T16:29:47.630-03:00,253,0,2,52,3374,3250,28621,3500,0,40000,0x07
2026-09-06T16:29:47.649-03:00,254,0,2,52,3374,3250,28621,3500,0,40000,0x07
2026-09-06T16:29:47.669-03:00,255,0,2,56,3374,3232,28697,3500,0,40000,0x07
2026-09-06T16:29:47.691-03:00,256,0,2,56,3374,3232,28697,3500,0,40000,0x07
2026-09-06T16:29:47.709-03:00,257,0,2,56,3374,3232,28697,3500,0,40000,0x07
2026-09-06T16:29:47.751-03:00,258,0,2,50,3374,3280,28494,3500,0,40000,0x07
2026-09-06T16:29:47.771-03:00,259,0,2,50,3374,3280,28494,3500,0,40000,0x07
2026-09-06T16:29:47.788-03:00,260,0,2,50,3374,3240,28664,3500,0,40000,0x07
2026-09-06T16:29:47.812-03:00,261,0,2,50,3374,3240,28664,3500,0,40000,0x07
2026-09-06T16:29:47.832-03:00,262,0,2,50,3374,3220,28748,3500,0,40000,0x07
2026-09-06T16:29:47.851-03:00,264,0,2,50,3374,3220,28748,3500,0,40000,0x07
2026-09-06T16:29:47.871-03:00,265,0,2,53,3374,3226,28721,3500,0,40000,0x07
2026-09-06T16:29:47.889-03:00,266,0,2,53,3374,3226,28721,3500,0,40000,0x07
2026-09-06T16:29:47.910-03:00,267,0,2,53,3374,3226,28721,3500,0,40000,0x07
2026-09-06T16:29:47.928-03:00,268,0,2,51,3374,3275,28517,3500,0,40000,0x07
2026-09-06T16:29:47.952-03:00,269,0,2,51,3374,3275,28517,3500,0,40000,0x07
2026-09-06T16:29:48.068-03:00,270,0,2,51,3374,3275,28517,3500,0,40000,0x07
2026-09-06T16:29:48.167-03:00,271,0,2,53,3374,3264,28561,3500,0,40000,0x07
2026-09-06T16:29:48.188-03:00,272,0,2,53,3374,3264,28561,3500,0,40000,0x07
2026-09-06T16:29:48.209-03:00,273,0,2,53,3374,3189,28882,3500,0,40000,0x07
2026-09-06T16:29:48.209-03:00,274,0,2,51,3374,3255,28600,3500,0,40000,0x07
2026-09-06T16:29:48.247-03:00,280,0,2,51,3374,3255,28600,3500,0,40000,0x07
2026-09-06T16:29:48.247-03:00,284,0,2,54,3374,3241,28660,3500,0,40000,0x07
2026-09-06T16:29:48.271-03:00,285,0,2,54,3374,3241,28660,3500,0,40000,0x07
2026-09-06T16:29:48.291-03:00,286,0,2,52,3374,3173,28948,3500,0,40000,0x07
2026-09-06T16:29:48.309-03:00,287,0,2,52,3374,3173,28948,3500,0,40000,0x07
2026-09-06T16:29:48.332-03:00,288,0,2,52,3374,3173,28948,3500,0,40000,0x07
2026-09-06T16:29:48.350-03:00,289,0,2,50,3374,3320,28324,3500,0,40000,0x07
2026-09-06T16:29:48.368-03:00,290,0,2,50,3374,3320,28324,3500,0,40000,0x07
2026-09-06T16:29:48.388-03:00,291,0,2,56,3374,3196,28849,3500,0,40000,0x07
2026-09-06T16:29:48.408-03:00,292,0,2,56,3374,3196,28849,3500,0,40000,0x07
2026-09-06T16:29:48.431-03:00,293,0,2,56,3374,3196,28849,3500,0,40000,0x07
2026-09-06T16:29:48.448-03:00,294,0,2,55,3374,3236,28679,3500,0,40000,0x07
2026-09-06T16:29:48.471-03:00,295,0,2,55,3374,3236,28679,3500,0,40000,0x07
2026-09-06T16:29:48.490-03:00,296,0,2,55,3374,3236,28679,3500,0,40000,0x07
2026-09-06T16:29:48.509-03:00,297,0,2,50,3374,3260,28578,3500,0,40000,0x07
2026-09-06T16:29:48.527-03:00,298,0,2,50,3374,3260,28578,3500,0,40000,0x07
2026-09-06T16:29:48.547-03:00,299,0,2,54,3374,3222,28739,3500,0,40000,0x07
2026-09-06T16:29:48.571-03:00,300,0,2,54,3374,3222,28739,3500,0,40000,0x07
2026-09-06T16:29:48.590-03:00,301,0,2,54,3374,3222,28739,3500,0,40000,0x07
2026-09-06T16:29:48.608-03:00,302,0,2,56,3374,3286,28469,3500,0,40000,0x07
2026-09-06T16:29:48.627-03:00,303,0,2,56,3374,3286,28469,3500,0,40000,0x07
2026-09-06T16:29:48.651-03:00,304,0,2,56,3374,3286,28469,3500,0,40000,0x07
2026-09-06T16:29:48.671-03:00,305,0,2,50,3374,3240,28664,3500,0,40000,0x07
2026-09-06T16:29:48.708-03:00,306,0,2,50,3374,3240,28664,3500,0,40000,0x07
2026-09-06T16:29:48.751-03:00,307,0,2,56,3374,3232,28697,3500,0,40000,0x07
2026-09-06T16:29:48.751-03:00,308,0,2,56,3374,3232,28697,3500,0,40000,0x07
2026-09-06T16:29:48.772-03:00,309,0,2,55,3374,3273,28524,3500,0,40000,0x07
2026-09-06T16:29:48.791-03:00,310,0,2,55,3374,3273,28524,3500,0,40000,0x07
2026-09-06T16:29:48.828-03:00,312,0,2,55,3374,3273,28524,3500,0,40000,0x07
2026-09-06T16:29:48.848-03:00,313,0,2,51,3374,3255,28600,3500,0,40000,0x07
2026-09-06T16:29:48.872-03:00,314,0,2,51,3374,3255,28600,3500,0,40000,0x07
2026-09-06T16:29:48.887-03:00,315,0,2,50,3374,3280,28494,3500,0,40000,0x07
2026-09-06T16:29:48.910-03:00,316,0,2,50,3374,3280,28494,3500,0,40000,0x07
2026-09-06T16:29:48.929-03:00,318,0,2,51,3374,3216,28767,3500,0,40000,0x07
2026-09-06T16:29:48.947-03:00,319,0,2,51,3374,3216,28767,3500,0,40000,0x07
2026-09-06T16:29:48.971-03:00,320,0,2,50,3374,3240,28664,3500,0,40000,0x07
2026-09-06T16:29:48.991-03:00,321,0,2,50,3374,3240,28664,3500,0,40000,0x07
2026-09-06T16:29:49.009-03:00,322,0,2,50,3374,3240,28664,3500,0,40000,0x07
2026-09-06T16:29:49.027-03:00,323,0,2,50,3374,3240,28664,3500,0,40000,0x07
2026-09-06T16:29:49.048-03:00,324,0,2,50,3374,3240,28664,3500,0,40000,0x07
2026-09-06T16:29:49.068-03:00,325,0,2,50,3374,3240,28664,3500,0,40000,0x07
2026-09-06T16:29:49.088-03:00,326,0,2,50,3374,3240,28664,3500,0,40000,0x07
2026-09-06T16:29:49.111-03:00,327,0,2,50,3374,3240,28664,3500,0,40000,0x07
2026-09-06T16:29:49.130-03:00,328,0,2,57,3374,3281,28491,3500,0,40000,0x07
2026-09-06T16:29:49.148-03:00,329,0,2,57,3374,3281,28491,3500,0,40000,0x07
2026-09-06T16:29:49.171-03:00,330,0,2,57,3374,3281,28491,3500,0,40000,0x07
2026-09-06T16:29:49.189-03:00,331,0,2,50,3374,3220,28748,3500,0,40000,0x07
2026-09-06T16:29:49.210-03:00,332,0,2,50,3374,3220,28748,3500,0,40000,0x07
2026-09-06T16:29:49.229-03:00,333,0,2,53,3374,3226,28721,3500,0,40000,0x07
2026-09-06T16:29:49.249-03:00,334,0,2,53,3374,3226,28721,3500,0,40000,0x07
2026-09-06T16:29:49.269-03:00,335,0,2,53,3374,3226,28721,3500,0,40000,0x07
2026-09-06T16:29:49.288-03:00,336,0,2,51,3374,3235,28684,3500,0,40000,0x07
2026-09-06T16:29:49.308-03:00,337,0,2,51,3374,3235,28684,3500,0,40000,0x07
2026-09-06T16:29:49.331-03:00,338,0,2,51,3374,3235,28684,3500,0,40000,0x07
2026-09-06T16:29:49.349-03:00,339,0,2,54,3374,3241,28660,3500,0,40000,0x07
2026-09-06T16:29:49.369-03:00,340,0,2,54,3374,3241,28660,3500,0,40000,0x07
2026-09-06T16:29:49.409-03:00,341,0,2,56,3374,3232,28697,3500,0,40000,0x07
2026-09-06T16:29:49.428-03:00,342,0,2,56,3374,3232,28697,3500,0,40000,0x07
2026-09-06T16:29:49.429-03:00,343,0,2,56,3374,3232,28697,3500,0,40000,0x07
2026-09-06T16:29:49.452-03:00,344,0,2,50,3374,3260,28578,3500,0,40000,0x07
2026-09-06T16:29:49.469-03:00,345,0,2,50,3374,3260,28578,3500,0,40000,0x07
2026-09-06T16:29:49.492-03:00,346,0,2,50,3374,3260,28578,3500,0,40000,0x07
2026-09-06T16:29:49.510-03:00,347,0,2,53,3374,3283,28481,3500,0,40000,0x07
2026-09-06T16:29:49.531-03:00,348,0,2,53,3374,3283,28481,3500,0,40000,0x07
2026-09-06T16:29:49.549-03:00,349,0,2,50,3374,3180,28918,3500,0,40000,0x07
2026-09-06T16:29:49.567-03:00,350,0,2,50,3374,3180,28918,3500,0,40000,0x07
2026-09-06T16:29:49.590-03:00,351,0,2,50,3374,3180,28918,3500,0,40000,0x07
2026-09-06T16:29:49.610-03:00,352,0,2,52,3374,3288,28458,3500,0,40000,0x07
2026-09-06T16:29:49.628-03:00,353,0,2,52,3374,3288,28458,3500,0,40000,0x07
2026-09-06T16:29:49.651-03:00,354,0,2,56,3374,3196,28849,3500,0,40000,0x07
2026-09-06T16:29:49.669-03:00,355,0,2,56,3374,3196,28849,3500,0,40000,0x07
2026-09-06T16:29:49.687-03:00,356,0,2,56,3374,3196,28849,3500,0,40000,0x07
2026-09-06T16:29:49.710-03:00,357,0,2,50,3374,3280,28494,3500,0,40000,0x07
2026-09-06T16:29:49.728-03:00,358,0,2,50,3374,3280,28494,3500,0,40000,0x07
2026-09-06T16:29:49.751-03:00,359,0,2,50,3374,3280,28494,3500,0,40000,0x07
2026-09-06T16:29:49.769-03:00,360,0,2,51,3374,3275,28517,3500,0,40000,0x07
2026-09-06T16:29:49.789-03:00,361,0,2,51,3374,3275,28517,3500,0,40000,0x07
2026-09-06T16:29:49.807-03:00,362,0,2,50,3374,3200,28834,3500,0,40000,0x07
2026-09-06T16:29:49.830-03:00,363,0,2,50,3374,3200,28834,3500,0,40000,0x07
2026-09-06T16:29:49.848-03:00,364,0,2,50,3374,3200,28834,3500,0,40000,0x07
2026-09-06T16:29:49.871-03:00,365,0,2,51,3374,3314,28350,3500,0,40000,0x07
2026-09-06T16:29:49.891-03:00,366,0,2,51,3374,3314,28350,3500,0,40000,0x07
2026-09-06T16:29:49.911-03:00,367,0,2,55,3374,3200,28834,3500,0,40000,0x07
2026-09-06T16:29:49.930-03:00,368,0,2,55,3374,3200,28834,3500,0,40000,0x07
2026-09-06T16:29:49.948-03:00,369,0,2,55,3374,3200,28834,3500,0,40000,0x07
2026-09-06T16:29:49.971-03:00,370,0,2,50,3374,3240,28664,3500,0,40000,0x07
2026-09-06T16:29:49.992-03:00,371,0,2,50,3374,3240,28664,3500,0,40000,0x07
2026-09-06T16:29:50.010-03:00,372,0,2,50,3374,3240,28664,3500,0,40000,0x07
2026-09-06T16:29:50.051-03:00,373,0,2,53,3374,3264,28561,3500,0,40000,0x07
2026-09-06T16:29:50.069-03:00,374,0,2,53,3374,3264,28561,3500,0,40000,0x07
2026-09-06T16:29:50.092-03:00,375,0,2,51,3374,3196,28850,3500,0,40000,0x07
2026-09-06T16:29:50.110-03:00,376,0,2,51,3374,3196,28850,3500,0,40000,0x07
2026-09-06T16:29:50.128-03:00,377,0,2,54,3374,3222,28739,3500,0,40000,0x07
2026-09-06T16:29:50.152-03:00,379,0,2,54,3374,3222,28739,3500,0,40000,0x07
2026-09-06T16:29:50.170-03:00,380,0,2,54,3374,3222,28739,3500,0,40000,0x07
2026-09-06T16:29:50.190-03:00,381,0,2,54,3374,3222,28739,3500,0,40000,0x07
2026-09-06T16:29:50.208-03:00,382,0,2,54,3374,3222,28739,3500,0,40000,0x07
2026-09-06T16:29:50.232-03:00,383,0,2,50,3374,3260,28578,3500,0,40000,0x07
2026-09-06T16:29:50.270-03:00,384,0,2,50,3374,3260,28578,3500,0,40000,0x07
2026-09-06T16:29:50.288-03:00,385,0,2,50,3374,3260,28578,3500,0,40000,0x07
2026-09-06T16:29:50.288-03:00,386,0,2,52,3374,3250,28621,3500,0,40000,0x07
2026-09-06T16:29:50.307-03:00,387,0,2,52,3374,3250,28621,3500,0,40000,0x07
2026-09-06T16:29:50.332-03:00,388,0,2,57,3374,3193,28863,3500,0,40000,0x07
2026-09-06T16:29:50.350-03:00,389,0,2,57,3374,3193,28863,3500,0,40000,0x07
2026-09-06T16:29:50.392-03:00,390,0,2,57,3374,3193,28863,3500,0,40000,0x07
2026-09-06T16:29:50.392-03:00,391,0,2,50,3374,3260,28578,3500,0,40000,0x07
2026-09-06T16:29:50.409-03:00,392,0,2,50,3374,3260,28578,3500,0,40000,0x07
2026-09-06T16:29:50.427-03:00,393,0,2,50,3374,3260,28578,3500,0,40000,0x07
2026-09-06T16:29:50.450-03:00,394,0,2,54,3374,3241,28660,3500,0,40000,0x07
2026-09-06T16:29:50.468-03:00,395,0,2,54,3374,3241,28660,3500,0,40000,0x07
2026-09-06T16:29:50.491-03:00,396,0,2,53,3374,3226,28721,3500,0,40000,0x07
2026-09-06T16:29:50.512-03:00,397,0,2,53,3374,3226,28721,3500,0,40000,0x07
2026-09-06T16:29:50.530-03:00,398,0,2,53,3374,3226,28721,3500,0,40000,0x07
2026-09-06T16:29:50.550-03:00,399,0,2,51,3374,3255,28600,3500,0,40000,0x07
2026-09-06T16:29:50.570-03:00,400,0,2,51,3374,3255,28600,3500,0,40000,0x07
2026-09-06T16:29:50.590-03:00,401,0,2,51,3374,3216,28767,3500,0,40000,0x07
2026-09-06T16:29:50.608-03:00,402,0,2,51,3374,3216,28767,3500,0,40000,0x07
2026-09-06T16:29:50.631-03:00,403,0,2,51,3374,3216,28767,3500,0,40000,0x07
2026-09-06T16:29:50.649-03:00,404,0,2,51,3374,3314,28350,3500,0,40000,0x07
2026-09-06T16:29:50.667-03:00,405,0,2,51,3374,3314,28350,3500,0,40000,0x07
2026-09-06T16:29:50.691-03:00,406,0,2,52,3374,3212,28784,3500,0,40000,0x07
2026-09-06T16:29:50.710-03:00,407,0,2,52,3374,3212,28784,3500,0,40000,0x07
2026-09-06T16:29:50.728-03:00,408,0,2,52,3374,3212,28784,3500,0,40000,0x07
2026-09-06T16:29:50.751-03:00,409,0,2,50,3374,3300,28408,3500,0,40000,0x07
2026-09-06T16:29:50.769-03:00,410,0,2,50,3374,3300,28408,3500,0,40000,0x07
2026-09-06T16:29:50.791-03:00,411,0,2,50,3374,3300,28408,3500,0,40000,0x07
2026-09-06T16:29:50.830-03:00,412,0,2,51,3374,3235,28684,3500,0,40000,0x07
2026-09-06T16:29:50.830-03:00,413,0,2,51,3374,3235,28684,3500,0,40000,0x07
2026-09-06T16:29:50.847-03:00,414,0,2,50,3374,3220,28748,3500,0,40000,0x07
2026-09-06T16:29:50.867-03:00,415,0,2,50,3374,3220,28748,3500,0,40000,0x07
2026-09-06T16:29:50.889-03:00,416,0,2,50,3374,3220,28748,3500,0,40000,0x07
2026-09-06T16:29:50.910-03:00,417,0,2,52,3374,3288,28458,3500,0,40000,0x07
2026-09-06T16:29:50.928-03:00,418,0,2,52,3374,3288,28458,3500,0,40000,0x07
2026-09-06T16:29:50.951-03:00,419,0,2,54,3374,3204,28818,3500,0,40000,0x07
2026-09-06T16:29:50.971-03:00,420,0,2,54,3374,3204,28818,3500,0,40000,0x07
2026-09-06T16:29:50.991-03:00,421,0,2,54,3374,3204,28818,3500,0,40000,0x07
2026-09-06T16:29:51.007-03:00,422,0,2,50,3374,3240,28664,3500,0,40000,0x07
2026-09-06T16:29:51.031-03:00,423,0,2,50,3374,3240,28664,3500,0,40000,0x07
2026-09-06T16:29:51.068-03:00,424,0,2,52,3374,3212,28784,3500,0,40000,0x07
2026-09-06T16:29:51.069-03:00,425,0,2,52,3374,3212,28784,3500,0,40000,0x07
2026-09-06T16:29:51.089-03:00,426,0,2,52,3374,3212,28784,3500,0,40000,0x07
2026-09-06T16:29:51.112-03:00,427,0,2,50,3374,3260,28578,3500,0,40000,0x07
2026-09-06T16:29:51.152-03:00,428,0,2,50,3374,3260,28578,3500,0,40000,0x07
2026-09-06T16:29:51.152-03:00,429,0,2,50,3374,3260,28578,3500,0,40000,0x07
2026-09-06T16:29:51.172-03:00,430,0,2,52,3374,3231,28703,3500,0,40000,0x07
2026-09-06T16:29:51.191-03:00,431,0,2,52,3374,3231,28703,3500,0,40000,0x07
2026-09-06T16:29:51.209-03:00,432,0,2,51,3374,3176,28934,3500,0,40000,0x07
2026-09-06T16:29:51.229-03:00,433,0,2,51,3374,3176,28934,3500,0,40000,0x07
2026-09-06T16:29:51.247-03:00,434,0,2,51,3374,3176,28934,3500,0,40000,0x07
2026-09-06T16:29:51.270-03:00,435,0,2,52,3374,3288,28458,3500,0,40000,0x07
2026-09-06T16:29:51.289-03:00,436,0,2,52,3374,3288,28458,3500,0,40000,0x07
2026-09-06T16:29:51.328-03:00,437,0,2,50,3374,3200,28834,3500,0,40000,0x07
2026-09-06T16:29:51.328-03:00,438,0,2,50,3374,3200,28834,3500,0,40000,0x07
2026-09-06T16:29:51.348-03:00,439,0,2,50,3374,3200,28834,3500,0,40000,0x07
2026-09-06T16:29:51.370-03:00,440,0,2,53,3374,3245,28641,3500,0,40000,0x07
2026-09-06T16:29:51.411-03:00,441,0,2,53,3374,3245,28641,3500,0,40000,0x07
2026-09-06T16:29:51.430-03:00,442,0,2,53,3374,3245,28641,3500,0,40000,0x07
2026-09-06T16:29:51.449-03:00,443,0,2,54,3374,3241,28660,3500,0,40000,0x07
2026-09-06T16:29:51.468-03:00,444,0,2,54,3374,3241,28660,3500,0,40000,0x07
2026-09-06T16:29:51.468-03:00,445,0,2,51,3374,3235,28684,3500,0,40000,0x07
2026-09-06T16:29:51.491-03:00,446,0,2,51,3374,3235,28684,3500,0,40000,0x07
2026-09-06T16:29:51.510-03:00,447,0,2,51,3374,3235,28684,3500,0,40000,0x07
2026-09-06T16:29:51.547-03:00,448,0,2,52,3374,3269,28539,3500,0,40000,0x07
2026-09-06T16:29:51.547-03:00,449,0,2,52,3374,3269,28539,3500,0,40000,0x07
2026-09-06T16:29:51.571-03:00,450,0,2,55,3374,3218,28756,3500,0,40000,0x07
2026-09-06T16:29:51.591-03:00,451,0,2,55,3374,3218,28756,3500,0,40000,0x07
2026-09-06T16:29:51.611-03:00,452,0,2,55,3374,3218,28756,3500,0,40000,0x07
2026-09-06T16:29:51.649-03:00,453,0,2,51,3374,3294,28434,3500,0,40000,0x07
2026-09-06T16:29:51.667-03:00,454,0,2,51,3374,3294,28434,3500,0,40000,0x07
2026-09-06T16:29:51.667-03:00,455,0,2,50,3374,3220,28748,3500,0,40000,0x07
2026-09-06T16:29:51.711-03:00,456,0,2,50,3374,3220,28748,3500,0,40000,0x07
2026-09-06T16:29:51.711-03:00,457,0,2,50,3374,3220,28748,3500,0,40000,0x07
2026-09-06T16:29:51.729-03:00,458,0,2,55,3374,3255,28602,3500,0,40000,0x07
2026-09-06T16:29:51.749-03:00,459,0,2,55,3374,3255,28602,3500,0,40000,0x07
2026-09-06T16:29:51.772-03:00,460,0,2,55,3374,3255,28602,3500,0,40000,0x07
2026-09-06T16:29:51.790-03:00,461,0,2,51,3374,3294,28434,3500,0,40000,0x07
2026-09-06T16:29:51.810-03:00,462,0,2,51,3374,3294,28434,3500,0,40000,0x07
2026-09-06T16:29:51.832-03:00,463,0,2,54,3374,3222,28739,3500,0,40000,0x07
2026-09-06T16:29:51.850-03:00,464,0,2,54,3374,3222,28739,3500,0,40000,0x07
2026-09-06T16:29:51.868-03:00,465,0,2,54,3374,3222,28739,3500,0,40000,0x07
2026-09-06T16:29:51.891-03:00,466,0,2,50,3374,3280,28494,3500,0,40000,0x07
2026-09-06T16:29:51.910-03:00,467,0,2,50,3374,3280,28494,3500,0,40000,0x07
2026-09-06T16:29:51.928-03:00,468,0,2,50,3374,3280,28494,3500,0,40000,0x07
2026-09-06T16:29:51.969-03:00,469,0,2,51,3374,3235,28684,3500,0,40000,0x07
2026-09-06T16:29:51.969-03:00,470,0,2,51,3374,3235,28684,3500,0,40000,0x07
2026-09-06T16:29:51.992-03:00,471,0,2,51,3374,3216,28767,3500,0,40000,0x07
2026-09-06T16:29:52.009-03:00,472,0,2,51,3374,3216,28767,3500,0,40000,0x07
2026-09-06T16:29:52.067-03:00,473,0,2,51,3374,3216,28767,3500,0,40000,0x07
2026-09-06T16:29:52.067-03:00,474,0,2,51,3374,3235,28684,3500,0,40000,0x07
2026-09-06T16:29:52.089-03:00,475,0,2,51,3374,3235,28684,3500,0,40000,0x07
2026-09-06T16:29:52.108-03:00,476,0,2,50,3374,3220,28748,3500,0,40000,0x07
2026-09-06T16:29:52.131-03:00,477,0,2,50,3374,3220,28748,3500,0,40000,0x07
2026-09-06T16:29:52.151-03:00,479,0,2,51,3374,3275,28517,3500,0,40000,0x07
2026-09-06T16:29:52.169-03:00,480,0,2,51,3374,3275,28517,3500,0,40000,0x07
2026-09-06T16:29:52.192-03:00,481,0,2,56,3374,3196,28849,3500,0,40000,0x07
2026-09-06T16:29:52.210-03:00,482,0,2,56,3374,3196,28849,3500,0,40000,0x07
2026-09-06T16:29:52.228-03:00,483,0,2,56,3374,3196,28849,3500,0,40000,0x07
2026-09-06T16:29:52.248-03:00,484,0,2,50,3374,3240,28664,3500,0,40000,0x07
2026-09-06T16:29:52.290-03:00,485,0,2,50,3374,3240,28664,3500,0,40000,0x07
2026-09-06T16:29:52.307-03:00,486,0,2,50,3374,3240,28664,3500,0,40000,0x07
2026-09-06T16:29:52.369-03:00,487,0,2,53,3374,3264,28561,3500,0,40000,0x07
2026-09-06T16:29:52.390-03:00,488,0,2,55,3374,3200,28834,3500,0,40000,0x07
2026-09-06T16:29:52.390-03:00,489,0,2,55,3374,3200,28834,3500,0,40000,0x07
2026-09-06T16:29:52.409-03:00,491,0,2,51,3374,3275,28517,3500,0,40000,0x07
2026-09-06T16:29:52.450-03:00,492,0,2,51,3374,3275,28517,3500,0,40000,0x07
2026-09-06T16:29:52.489-03:00,494,0,2,55,3374,3200,28834,3500,0,40000,0x07
2026-09-06T16:29:52.489-03:00,495,0,2,55,3374,3200,28834,3500,0,40000,0x07
2026-09-06T16:29:52.574-03:00,496,0,2,55,3374,3200,28834,3500,0,40000,0x07
2026-09-06T16:29:52.661-03:00,497,0,2,50,3374,3300,28408,3500,0,40000,0x07
2026-09-06T16:29:52.702-03:00,498,0,2,50,3374,3300,28408,3500,0,40000,0x07
