timestamp,sequence,team,robot_id,interval_ms,left_target_eps,left_measured_eps,left_duty,right_target_eps,right_measured_eps,right_duty,flags
2026-09-06T11:40:33.328-03:00,502,0,0,52,0,0,0,0,0,0,0x03
2026-09-06T11:40:33.346-03:00,503,0,0,51,0,0,0,0,0,0,0x03
2026-09-06T11:40:33.369-03:00,504,0,0,50,0,0,0,0,0,0,0x03
2026-09-06T11:40:33.387-03:00,505,0,0,50,0,0,0,0,0,0,0x03
2026-09-06T11:40:33.405-03:00,505,0,0,50,0,0,0,0,0,0,0x03
2026-09-06T11:40:33.428-03:00,505,0,0,50,0,0,0,0,0,0,0x03
2026-09-06T11:40:33.446-03:00,505,0,0,50,0,0,0,0,0,0,0x03
2026-09-06T11:40:33.469-03:00,505,0,0,52,0,0,0,0,0,0,0x03
2026-09-06T11:40:33.488-03:00,505,0,0,52,0,0,0,0,0,0,0x03
2026-09-06T11:40:33.506-03:00,505,0,0,50,0,0,0,0,0,0,0x03
2026-09-06T11:40:33.529-03:00,505,0,0,50,0,0,0,0,0,0,0x03
2026-09-06T11:40:33.547-03:00,8,0,0,50,3374,0,40000,3500,0,40000,0x07
2026-09-06T11:40:33.565-03:00,9,0,0,50,3374,0,40000,3500,0,40000,0x07
2026-09-06T11:40:33.588-03:00,10,0,0,50,3374,0,40000,3500,0,40000,0x07
2026-09-06T11:40:33.606-03:00,11,0,0,61,3374,1770,37556,3500,0,40000,0x07
2026-09-06T11:40:33.627-03:00,12,0,0,61,3374,1770,37556,3500,0,40000,0x07
2026-09-06T11:40:33.645-03:00,13,0,0,61,3374,1770,37556,3500,0,40000,0x07
2026-09-06T11:40:33.668-03:00,14,0,0,63,3374,2778,33275,3500,0,40000,0x07
2026-09-06T11:40:33.686-03:00,15,0,0,63,3374,2778,33275,3500,0,40000,0x07
2026-09-06T11:40:33.709-03:00,16,0,0,63,3374,2778,33275,3500,0,40000,0x07
2026-09-06T11:40:33.727-03:00,17,0,0,62,3374,2919,32673,3500,0,40000,0x07
2026-09-06T11:40:33.746-03:00,18,0,0,62,3374,2919,32673,3500,0,40000,0x07
2026-09-06T11:40:33.769-03:00,19,0,0,62,3374,2919,32673,3500,0,40000,0x07
2026-09-06T11:40:33.789-03:00,20,0,0,58,3374,2638,33869,3500,0,40000,0x07
2026-09-06T11:40:33.807-03:00,21,0,0,58,3374,2638,33869,3500,0,40000,0x07
2026-09-06T11:40:33.828-03:00,22,0,0,58,3374,2638,33869,3500,0,40000,0x07
2026-09-06T11:40:33.848-03:00,23,0,0,62,3374,2694,33633,3500,0,40000,0x07
2026-09-06T11:40:33.865-03:00,24,0,0,62,3374,2694,33633,3500,0,40000,0x07
2026-09-06T11:40:33.888-03:00,25,0,0,62,3374,2694,33633,3500,0,40000,0x07
2026-09-06T11:40:33.905-03:00,26,0,0,59,3374,2797,33195,3500,0,40000,0x07
2026-09-06T11:40:33.927-03:00,27,0,0,59,3374,2797,33195,3500,0,40000,0x07
2026-09-06T11:40:33.945-03:00,28,0,0,59,3374,2797,33195,3500,0,40000,0x07
2026-09-06T11:40:33.965-03:00,29,0,0,59,3374,2712,33555,3500,0,40000,0x07
2026-09-06T11:40:33.985-03:00,30,0,0,59,3374,2712,33555,3500,0,40000,0x07
2026-09-06T11:40:34.008-03:00,31,0,0,59,3374,2712,33555,3500,0,40000,0x07
2026-09-06T11:40:34.026-03:00,32,0,0,58,3374,2845,32990,3500,0,40000,0x07
2026-09-06T11:40:34.049-03:00,33,0,0,58,3374,2845,32990,3500,0,40000,0x07
2026-09-06T11:40:34.069-03:00,34,0,0,58,3374,2845,32990,3500,0,40000,0x07
2026-09-06T11:40:34.087-03:00,35,0,0,59,3374,2678,33699,3500,0,40000,0x07
2026-09-06T11:40:34.105-03:00,36,0,0,59,3374,2678,33699,3500,0,40000,0x07
2026-09-06T11:40:34.128-03:00,37,0,0,59,3374,2678,33699,3500,0,40000,0x07
2026-09-06T11:40:34.148-03:00,38,0,0,61,3374,2623,33933,3500,0,40000,0x07
2026-09-06T11:40:34.166-03:00,39,0,0,61,3374,2623,33933,3500,0,40000,0x07
2026-09-06T11:40:34.189-03:00,40,0,0,50,3374,2780,33266,3500,0,40000,0x07
2026-09-06T11:40:34.209-03:00,41,0,0,50,3374,2780,33266,3500,0,40000,0x07
2026-09-06T11:40:34.227-03:00,42,0,0,50,3374,2780,33266,3500,0,40000,0x07
2026-09-06T11:40:34.249-03:00,43,0,0,59,3374,2610,33987,3500,0,40000,0x07
2026-09-06T11:40:34.268-03:00,44,0,0,59,3374,2610,33987,3500,0,40000,0x07
2026-09-06T11:40:34.288-03:00,45,0,0,59,3374,2610,33987,3500,0,40000,0x07
2026-09-06T11:40:34.306-03:00,46,0,0,59,3374,2729,33483,3500,0,40000,0x07
2026-09-06T11:40:34.327-03:00,47,0,0,59,3374,2729,33483,3500,0,40000,0x07
2026-09-06T11:40:34.347-03:00,48,0,0,59,3374,2729,33483,3500,0,40000,0x07
2026-09-06T11:40:34.365-03:00,49,0,0,59,3374,2746,33411,3500,0,40000,0x07
2026-09-06T11:40:34.389-03:00,50,0,0,59,3374,2746,33411,3500,0,40000,0x07
2026-09-06T11:40:34.407-03:00,51,0,0,59,3374,2746,33411,3500,0,40000,0x07
2026-09-06T11:40:34.427-03:00,52,0,0,59,3374,2559,34203,3500,0,40000,0x07
2026-09-06T11:40:34.445-03:00,53,0,0,59,3374,2559,34203,3500,0,40000,0x07
2026-09-06T11:40:34.465-03:00,54,0,0,59,3374,2559,34203,3500,0,40000,0x07
2026-09-06T11:40:34.485-03:00,55,0,0,59,3374,2746,33411,3500,0,40000,0x07
2026-09-06T11:40:34.508-03:00,56,0,0,59,3374,2746,33411,3500,0,40000,0x07
2026-09-06T11:40:34.526-03:00,57,0,0,59,3374,2746,33411,3500,0,40000,0x07
2026-09-06T11:40:34.549-03:00,58,0,0,60,3374,2667,33747,3500,0,40000,0x07
2026-09-06T11:40:34.567-03:00,59,0,0,60,3374,2667,33747,3500,0,40000,0x07
2026-09-06T11:40:34.587-03:00,60,0,0,60,3374,2667,33747,3500,0,40000,0x07
2026-09-06T11:40:34.605-03:00,61,0,0,58,3374,2741,33430,3500,0,40000,0x07
2026-09-06T11:40:34.628-03:00,62,0,0,58,3374,2741,33430,3500,0,40000,0x07
2026-09-06T11:40:34.646-03:00,63,0,0,58,3374,2741,33430,3500,0,40000,0x07
2026-09-06T11:40:34.669-03:00,64,0,0,60,3374,2750,33393,3500,0,40000,0x07
2026-09-06T11:40:34.689-03:00,65,0,0,60,3374,2750,33393,3500,0,40000,0x07
2026-09-06T11:40:34.707-03:00,66,0,0,60,3374,2750,33393,3500,0,40000,0x07
2026-09-06T11:40:34.725-03:00,67,0,0,67,3374,2388,34931,3500,0,40000,0x07
2026-09-06T11:40:34.748-03:00,68,0,0,67,3374,2388,34931,3500,0,40000,0x07
2026-09-06T11:40:34.766-03:00,69,0,0,67,3374,2388,34931,3500,0,40000,0x07
2026-09-06T11:40:34.789-03:00,70,0,0,60,3374,2883,32826,3500,0,40000,0x07
2026-09-06T11:40:34.807-03:00,71,0,0,60,3374,2883,32826,3500,0,40000,0x07
2026-09-06T11:40:34.826-03:00,72,0,0,60,3374,2883,32826,3500,0,40000,0x07
2026-09-06T11:40:34.848-03:00,73,0,0,60,3374,2750,33393,3500,0,40000,0x07
2026-09-06T11:40:34.868-03:00,74,0,0,60,3374,2750,33393,3500,0,40000,0x07
2026-09-06T11:40:34.886-03:00,75,0,0,60,3374,2750,33393,3500,0,40000,0x07
2026-09-06T11:40:34.909-03:00,76,0,0,59,3374,2661,33771,3500,0,40000,0x07
2026-09-06T11:40:34.929-03:00,77,0,0,59,3374,2661,33771,3500,0,40000,0x07
2026-09-06T11:40:34.949-03:00,78,0,0,59,3374,2661,33771,3500,0,40000,0x07
2026-09-06T11:40:34.967-03:00,79,0,0,59,3374,2864,32907,3500,0,40000,0x07
2026-09-06T11:40:34.985-03:00,80,0,0,59,3374,2864,32907,3500,0,40000,0x07
2026-09-06T11:40:35.008-03:00,81,0,0,59,3374,2864,32907,3500,0,40000,0x07
2026-09-06T11:40:35.028-03:00,82,0,0,59,3374,2559,34203,3500,0,40000,0x07
2026-09-06T11:40:35.045-03:00,83,0,0,59,3374,2559,34203,3500,0,40000,0x07
2026-09-06T11:40:35.066-03:00,84,0,0,59,3374,2559,34203,3500,0,40000,0x07
2026-09-06T11:40:35.089-03:00,85,0,0,59,3374,2661,33771,3500,0,40000,0x07
2026-09-06T11:40:35.106-03:00,86,0,0,59,3374,2661,33771,3500,0,40000,0x07
2026-09-06T11:40:35.127-03:00,87,0,0,59,3374,2661,33771,3500,0,40000,0x07
2026-09-06T11:40:35.147-03:00,88,0,0,60,3374,2800,33180,3500,0,40000,0x07
2026-09-06T11:40:35.165-03:00,89,0,0,60,3374,2800,33180,3500,0,40000,0x07
2026-09-06T11:40:35.185-03:00,90,0,0,60,3374,2800,33180,3500,0,40000,0x07
2026-09-06T11:40:35.208-03:00,91,0,0,58,3374,2586,34089,3500,0,40000,0x07
2026-09-06T11:40:35.226-03:00,92,0,0,58,3374,2586,34089,3500,0,40000,0x07
2026-09-06T11:40:35.246-03:00,93,0,0,58,3374,2586,34089,3500,0,40000,0x07
2026-09-06T11:40:35.269-03:00,94,0,0,60,3374,2717,33535,3500,0,40000,0x07
2026-09-06T11:40:35.287-03:00,95,0,0,60,3374,2717,33535,3500,0,40000,0x07
2026-09-06T11:40:35.309-03:00,96,0,0,60,3374,2717,33535,3500,0,40000,0x07
2026-09-06T11:40:35.326-03:00,97,0,0,59,3374,2763,33339,3500,0,40000,0x07
2026-09-06T11:40:35.346-03:00,98,0,0,59,3374,2763,33339,3500,0,40000,0x07
2026-09-06T11:40:35.370-03:00,99,0,0,59,3374,2763,33339,3500,0,40000,0x07
2026-09-06T11:40:35.385-03:00,100,0,0,59,3374,2644,33843,3500,0,40000,0x07
2026-09-06T11:40:35.405-03:00,101,0,0,59,3374,2644,33843,3500,0,40000,0x07
2026-09-06T11:40:35.428-03:00,102,0,0,59,3374,2644,33843,3500,0,40000,0x07
2026-09-06T11:40:35.446-03:00,103,0,0,62,3374,2758,33359,3500,0,40000,0x07
2026-09-06T11:40:35.466-03:00,104,0,0,62,3374,2758,33359,3500,0,40000,0x07
2026-09-06T11:40:35.486-03:00,105,0,0,62,3374,2758,33359,3500,0,40000,0x07
2026-09-06T11:40:35.509-03:00,106,0,0,50,3374,2680,33690,3500,0,40000,0x07
2026-09-06T11:40:35.528-03:00,107,0,0,50,3374,2680,33690,3500,0,40000,0x07
2026-09-06T11:40:35.545-03:00,108,0,0,53,3374,2755,33373,3500,0,40000,0x07
2026-09-06T11:40:35.568-03:00,109,0,0,53,3374,2755,33373,3500,0,40000,0x07
2026-09-06T11:40:35.586-03:00,110,0,0,53,3374,2755,33373,3500,0,40000,0x07
2026-09-06T11:40:35.610-03:00,111,0,0,58,3374,2690,33649,3500,0,40000,0x07
2026-09-06T11:40:35.628-03:00,112,0,0,58,3374,2690,33649,3500,0,40000,0x07
2026-09-06T11:40:35.645-03:00,113,0,0,58,3374,2690,33649,3500,0,40000,0x07
2026-09-06T11:40:35.669-03:00,114,0,0,59,3374,2627,33915,3500,0,40000,0x07
2026-09-06T11:40:35.689-03:00,115,0,0,59,3374,2627,33915,3500,0,40000,0x07
2026-09-06T11:40:35.709-03:00,116,0,0,59,3374,2627,33915,3500,0,40000,0x07
2026-09-06T11:40:35.727-03:00,117,0,0,59,3374,2864,32907,3500,0,40000,0x07
2026-09-06T11:40:35.749-03:00,118,0,0,59,3374,2864,32907,3500,0,40000,0x07
2026-09-06T11:40:35.767-03:00,119,0,0,59,3374,2864,32907,3500,0,40000,0x07
2026-09-06T11:40:35.787-03:00,120,0,0,59,3374,2627,33915,3500,0,40000,0x07
2026-09-06T11:40:35.805-03:00,121,0,0,59,3374,2627,33915,3500,0,40000,0x07
2026-09-06T11:40:35.828-03:00,122,0,0,59,3374,2627,33915,3500,0,40000,0x07
2026-09-06T11:40:35.849-03:00,123,0,0,58,3374,2603,34016,3500,0,40000,0x07
2026-09-06T11:40:35.866-03:00,124,0,0,58,3374,2603,34016,3500,0,40000,0x07
2026-09-06T11:40:35.885-03:00,125,0,0,58,3374,2603,34016,3500,0,40000,0x07
2026-09-06T11:40:35.909-03:00,126,0,0,51,3374,2863,32914,3500,0,40000,0x07
2026-09-06T11:40:35.927-03:00,127,0,0,51,3374,2863,32914,3500,0,40000,0x07
2026-09-06T11:40:35.945-03:00,128,0,0,53,3374,2642,33854,3500,0,40000,0x07
2026-09-06T11:40:35.968-03:00,129,0,0,53,3374,2642,33854,3500,0,40000,0x07
2026-09-06T11:40:35.986-03:00,130,0,0,53,3374,2642,33854,3500,0,40000,0x07
2026-09-06T11:40:36.009-03:00,131,0,0,59,3374,2661,33771,3500,0,40000,0x07
2026-09-06T11:40:36.029-03:00,132,0,0,59,3374,2661,33771,3500,0,40000,0x07
2026-09-06T11:40:36.047-03:00,133,0,0,59,3374,2661,33771,3500,0,40000,0x07
2026-09-06T11:40:36.065-03:00,134,0,0,60,3374,2667,33747,3500,0,40000,0x07
2026-09-06T11:40:36.087-03:00,135,0,0,60,3374,2667,33747,3500,0,40000,0x07
2026-09-06T11:40:36.105-03:00,136,0,0,60,3374,2667,33747,3500,0,40000,0x07
2026-09-06T11:40:36.128-03:00,137,0,0,59,3374,2712,33555,3500,0,40000,0x07
2026-09-06T11:40:36.146-03:00,138,0,0,59,3374,2712,33555,3500,0,40000,0x07
2026-09-06T11:40:36.169-03:00,139,0,0,59,3374,2712,33555,3500,0,40000,0x07
2026-09-06T11:40:36.187-03:00,140,0,0,59,3374,2831,33051,3500,0,40000,0x07
2026-09-06T11:40:36.210-03:00,141,0,0,59,3374,2831,33051,3500,0,40000,0x07
2026-09-06T11:40:36.227-03:00,142,0,0,59,3374,2831,33051,3500,0,40000,0x07
2026-09-06T11:40:36.249-03:00,143,0,0,59,3374,2678,33699,3500,0,40000,0x07
2026-09-06T11:40:36.267-03:00,144,0,0,59,3374,2678,33699,3500,0,40000,0x07
2026-09-06T11:40:36.288-03:00,145,0,0,59,3374,2678,33699,3500,0,40000,0x07
2026-09-06T11:40:36.306-03:00,146,0,0,52,3374,2635,33883,3500,0,40000,0x07
2026-09-06T11:40:36.328-03:00,147,0,0,52,3374,2635,33883,3500,0,40000,0x07
2026-09-06T11:40:36.346-03:00,148,0,0,54,3374,2759,33354,3500,0,40000,0x07
2026-09-06T11:40:36.369-03:00,149,0,0,54,3374,2759,33354,3500,0,40000,0x07
2026-09-06T11:40:36.387-03:00,150,0,0,54,3374,2759,33354,3500,0,40000,0x07
2026-09-06T11:40:36.405-03:00,151,0,0,58,3374,2724,33503,3500,0,40000,0x07
2026-09-06T11:40:36.428-03:00,152,0,0,58,3374,2724,33503,3500,0,40000,0x07
2026-09-06T11:40:36.448-03:00,153,0,0,58,3374,2724,33503,3500,0,40000,0x07
2026-09-06T11:40:36.465-03:00,154,0,0,59,3374,2661,33771,3500,0,40000,0x07
2026-09-06T11:40:36.488-03:00,155,0,0,59,3374,2661,33771,3500,0,40000,0x07
2026-09-06T11:40:36.506-03:00,156,0,0,59,3374,2661,33771,3500,0,40000,0x07
2026-09-06T11:40:36.526-03:00,157,0,0,59,3374,2814,33123,3500,0,40000,0x07
2026-09-06T11:40:36.549-03:00,158,0,0,59,3374,2814,33123,3500,0,40000,0x07
2026-09-06T11:40:36.565-03:00,159,0,0,59,3374,2814,33123,3500,0,40000,0x07
2026-09-06T11:40:36.588-03:00,160,0,0,59,3374,2644,33843,3500,0,40000,0x07
2026-09-06T11:40:36.608-03:00,161,0,0,59,3374,2644,33843,3500,0,40000,0x07
2026-09-06T11:40:36.626-03:00,162,0,0,59,3374,2644,33843,3500,0,40000,0x07
2026-09-06T11:40:36.646-03:00,163,0,0,61,3374,2787,33236,3500,0,40000,0x07
2026-09-06T11:40:36.669-03:00,164,0,0,61,3374,2787,33236,3500,0,40000,0x07
2026-09-06T11:40:36.689-03:00,165,0,0,61,3374,2787,33236,3500,0,40000,0x07
2026-09-06T11:40:36.706-03:00,166,0,0,59,3374,2746,33411,3500,0,40000,0x07
2026-09-06T11:40:36.729-03:00,167,0,0,59,3374,2746,33411,3500,0,40000,0x07
2026-09-06T11:40:36.749-03:00,168,0,0,59,3374,2746,33411,3500,0,40000,0x07
2026-09-06T11:40:36.767-03:00,169,0,0,58,3374,2638,33869,3500,0,40000,0x07
2026-09-06T11:40:36.785-03:00,170,0,0,58,3374,2638,33869,3500,0,40000,0x07
2026-09-06T11:40:36.808-03:00,171,0,0,58,3374,2638,33869,3500,0,40000,0x07
2026-09-06T11:40:36.828-03:00,172,0,0,63,3374,2794,33207,3500,0,40000,0x07
2026-09-06T11:40:36.846-03:00,173,0,0,63,3374,2794,33207,3500,0,40000,0x07
2026-09-06T11:40:36.869-03:00,174,0,0,63,3374,2794,33207,3500,0,40000,0x07
2026-09-06T11:40:36.887-03:00,175,0,0,50,3374,2580,34116,3500,0,40000,0x07
2026-09-06T11:40:36.905-03:00,176,0,0,50,3374,2580,34116,3500,0,40000,0x07
2026-09-06T11:40:36.928-03:00,177,0,0,53,3374,2811,33132,3500,0,40000,0x07
2026-09-06T11:40:36.948-03:00,178,0,0,53,3374,2811,33132,3500,0,40000,0x07
2026-09-06T11:40:36.965-03:00,179,0,0,53,3374,2811,33132,3500,0,40000,0x07
2026-09-06T11:40:36.988-03:00,180,0,0,59,3374,2729,33483,3500,0,40000,0x07
2026-09-06T11:40:37.008-03:00,181,0,0,59,3374,2729,33483,3500,0,40000,0x07
2026-09-06T11:40:37.026-03:00,182,0,0,59,3374,2729,33483,3500,0,40000,0x07
2026-09-06T11:40:37.049-03:00,183,0,0,58,3374,2655,33796,3500,0,40000,0x07
2026-09-06T11:40:37.067-03:00,184,0,0,58,3374,2655,33796,3500,0,40000,0x07
2026-09-06T11:40:37.085-03:00,185,0,0,58,3374,2655,33796,3500,0,40000,0x07
2026-09-06T11:40:37.108-03:00,186,0,0,50,3374,2660,33776,3500,0,40000,0x07
2026-09-06T11:40:37.127-03:00,187,0,0,50,3374,2660,33776,3500,0,40000,0x07
2026-09-06T11:40:37.147-03:00,188,0,0,53,3374,2736,33453,3500,0,40000,0x07
2026-09-06T11:40:37.165-03:00,189,0,0,53,3374,2736,33453,3500,0,40000,0x07
2026-09-06T11:40:37.188-03:00,190,0,0,53,3374,2736,33453,3500,0,40000,0x07
2026-09-06T11:40:37.207-03:00,191,0,0,59,3374,2695,33627,3500,0,40000,0x07
2026-09-06T11:40:37.225-03:00,192,0,0,59,3374,2695,33627,3500,0,40000,0x07
2026-09-06T11:40:37.248-03:00,193,0,0,59,3374,2695,33627,3500,0,40000,0x07
2026-09-06T11:40:37.266-03:00,194,0,0,60,3374,2717,33535,3500,0,40000,0x07
2026-09-06T11:40:37.289-03:00,195,0,0,60,3374,2717,33535,3500,0,40000,0x07
2026-09-06T11:40:37.307-03:00,196,0,0,60,3374,2717,33535,3500,0,40000,0x07
2026-09-06T11:40:37.327-03:00,197,0,0,59,3374,2695,33627,3500,0,40000,0x07
2026-09-06T11:40:37.349-03:00,198,0,0,59,3374,2695,33627,3500,0,40000,0x07
2026-09-06T11:40:37.367-03:00,199,0,0,59,3374,2695,33627,3500,0,40000,0x07
2026-09-06T11:40:37.386-03:00,200,0,0,58,3374,2638,33869,3500,0,40000,0x07
2026-09-06T11:40:37.409-03:00,201,0,0,58,3374,2638,33869,3500,0,40000,0x07
2026-09-06T11:40:37.427-03:00,202,0,0,58,3374,2638,33869,3500,0,40000,0x07
2026-09-06T11:40:37.445-03:00,203,0,0,60,3374,2767,33322,3500,0,40000,0x07
2026-09-06T11:40:37.465-03:00,204,0,0,60,3374,2767,33322,3500,0,40000,0x07
2026-09-06T11:40:37.488-03:00,205,0,0,60,3374,2767,33322,3500,0,40000,0x07
2026-09-06T11:40:37.508-03:00,206,0,0,58,3374,2707,33576,3500,0,40000,0x07
2026-09-06T11:40:37.526-03:00,207,0,0,58,3374,2707,33576,3500,0,40000,0x07
2026-09-06T11:40:37.546-03:00,208,0,0,50,3374,2280,35390,3500,0,40000,0x07
2026-09-06T11:40:37.566-03:00,209,0,0,50,3374,2280,35390,3500,0,40000,0x07
2026-09-06T11:40:37.589-03:00,210,0,0,50,3374,2280,35390,3500,0,40000,0x07
2026-09-06T11:40:37.607-03:00,211,0,0,61,3374,2803,33167,3500,0,40000,0x07
2026-09-06T11:40:37.627-03:00,212,0,0,61,3374,2803,33167,3500,0,40000,0x07
2026-09-06T11:40:37.647-03:00,213,0,0,61,3374,2803,33167,3500,0,40000,0x07
2026-09-06T11:40:37.665-03:00,214,0,0,59,3374,2746,33411,3500,0,40000,0x07
2026-09-06T11:40:37.687-03:00,215,0,0,59,3374,2746,33411,3500,0,40000,0x07
2026-09-06T11:40:37.705-03:00,216,0,0,59,3374,2746,33411,3500,0,40000,0x07
2026-09-06T11:40:37.728-03:00,217,0,0,60,3374,2767,33322,3500,0,40000,0x07
2026-09-06T11:40:37.746-03:00,218,0,0,60,3374,2767,33322,3500,0,40000,0x07
2026-09-06T11:40:37.769-03:00,219,0,0,60,3374,2767,33322,3500,0,40000,0x07
2026-09-06T11:40:37.787-03:00,220,0,0,58,3374,2672,33723,3500,0,40000,0x07
2026-09-06T11:40:37.807-03:00,221,0,0,58,3374,2672,33723,3500,0,40000,0x07
2026-09-06T11:40:37.827-03:00,222,0,0,58,3374,2672,33723,3500,0,40000,0x07
2026-09-06T11:40:37.845-03:00,223,0,0,59,3374,2644,33843,3500,0,40000,0x07
2026-09-06T11:40:37.867-03:00,224,0,0,59,3374,2644,33843,3500,0,40000,0x07
2026-09-06T11:40:37.889-03:00,225,0,0,59,3374,2644,33843,3500,0,40000,0x07
2026-09-06T11:40:37.906-03:00,226,0,0,60,3374,2767,33322,3500,0,40000,0x07
2026-09-06T11:40:37.927-03:00,227,0,0,60,3374,2767,33322,3500,0,40000,0x07
2026-09-06T11:40:37.947-03:00,228,0,0,60,3374,2767,33322,3500,0,40000,0x07
2026-09-06T11:40:37.967-03:00,229,0,0,58,3374,2707,33576,3500,0,40000,0x07
2026-09-06T11:40:37.985-03:00,230,0,0,58,3374,2707,33576,3500,0,40000,0x07
2026-09-06T11:40:38.008-03:00,231,0,0,58,3374,2707,33576,3500,0,40000,0x07
2026-09-06T11:40:38.029-03:00,232,0,0,59,3374,2746,33411,3500,0,40000,0x07
2026-09-06T11:40:38.046-03:00,233,0,0,59,3374,2746,33411,3500,0,40000,0x07
2026-09-06T11:40:38.066-03:00,234,0,0,59,3374,2746,33411,3500,0,40000,0x07
2026-09-06T11:40:38.089-03:00,235,0,0,65,3374,2692,33638,3500,0,40000,0x07
2026-09-06T11:40:38.107-03:00,236,0,0,65,3374,2692,33638,3500,0,40000,0x07
2026-09-06T11:40:38.124-03:00,237,0,0,65,3374,2692,33638,3500,0,40000,0x07
2026-09-06T11:40:38.148-03:00,238,0,0,58,3374,2724,33503,3500,0,40000,0x07
2026-09-06T11:40:38.168-03:00,239,0,0,58,3374,2724,33503,3500,0,40000,0x07
2026-09-06T11:40:38.188-03:00,240,0,0,58,3374,2724,33503,3500,0,40000,0x07
2026-09-06T11:40:38.206-03:00,241,0,0,60,3374,2733,33464,3500,0,40000,0x07
2026-09-06T11:40:38.226-03:00,242,0,0,60,3374,2733,33464,3500,0,40000,0x07
2026-09-06T11:40:38.245-03:00,243,0,0,60,3374,2733,33464,3500,0,40000,0x07
2026-09-06T11:40:38.265-03:00,244,0,0,58,3374,2638,33869,3500,0,40000,0x07
2026-09-06T11:40:38.288-03:00,245,0,0,58,3374,2638,33869,3500,0,40000,0x07
2026-09-06T11:40:38.306-03:00,246,0,0,58,3374,2638,33869,3500,0,40000,0x07
2026-09-06T11:40:38.329-03:00,247,0,0,59,3374,2746,33411,3500,0,40000,0x07
2026-09-06T11:40:38.349-03:00,248,0,0,59,3374,2746,33411,3500,0,40000,0x07
2026-09-06T11:40:38.367-03:00,249,0,0,59,3374,2746,33411,3500,0,40000,0x07
2026-09-06T11:40:38.385-03:00,250,0,0,60,3374,2700,33606,3500,0,40000,0x07
2026-09-06T11:40:38.409-03:00,251,0,0,60,3374,2700,33606,3500,0,40000,0x07
2026-09-06T11:40:38.429-03:00,252,0,0,60,3374,2700,33606,3500,0,40000,0x07
2026-09-06T11:40:38.447-03:00,253,0,0,58,3374,2724,33503,3500,0,40000,0x07
2026-09-06T11:40:38.465-03:00,254,0,0,58,3374,2724,33503,3500,0,40000,0x07
2026-09-06T11:40:38.488-03:00,255,0,0,58,3374,2724,33503,3500,0,40000,0x07
2026-09-06T11:40:38.506-03:00,256,0,0,60,3374,2750,33393,3500,0,40000,0x07
2026-09-06T11:40:38.530-03:00,257,0,0,60,3374,2750,33393,3500,0,40000,0x07
2026-09-06T11:40:38.548-03:00,258,0,0,60,3374,2750,33393,3500,0,40000,0x07
2026-09-06T11:40:38.566-03:00,259,0,0,61,3374,2754,33376,3500,0,40000,0x07
2026-09-06T11:40:38.588-03:00,260,0,0,61,3374,2754,33376,3500,0,40000,0x07
2026-09-06T11:40:38.606-03:00,261,0,0,61,3374,2754,33376,3500,0,40000,0x07
2026-09-06T11:40:38.625-03:00,262,0,0,58,3374,2724,33503,3500,0,40000,0x07
2026-09-06T11:40:38.645-03:00,263,0,0,58,3374,2724,33503,3500,0,40000,0x07
2026-09-06T11:40:38.665-03:00,264,0,0,58,3374,2724,33503,3500,0,40000,0x07
2026-09-06T11:40:38.685-03:00,265,0,0,59,3374,2678,33699,3500,0,40000,0x07
2026-09-06T11:40:38.709-03:00,266,0,0,59,3374,2678,33699,3500,0,40000,0x07
2026-09-06T11:40:38.727-03:00,267,0,0,59,3374,2678,33699,3500,0,40000,0x07
2026-09-06T11:40:38.745-03:00,268,0,0,50,3374,2720,33520,3500,0,40000,0x07
2026-09-06T11:40:38.768-03:00,269,0,0,50,3374,2720,33520,3500,0,40000,0x07
2026-09-06T11:40:38.786-03:00,270,0,0,53,3374,2717,33533,3500,0,40000,0x07
2026-09-06T11:40:38.806-03:00,271,0,0,53,3374,2717,33533,3500,0,40000,0x07
2026-09-06T11:40:38.829-03:00,272,0,0,53,3374,2717,33533,3500,0,40000,0x07
2026-09-06T11:40:38.847-03:00,273,0,0,59,3374,2746,33411,3500,0,40000,0x07
2026-09-06T11:40:38.865-03:00,274,0,0,59,3374,2746,33411,3500,0,40000,0x07
2026-09-06T11:40:38.885-03:00,275,0,0,59,3374,2746,33411,3500,0,40000,0x07
2026-09-06T11:40:38.905-03:00,276,0,0,61,3374,2689,33654,3500,0,40000,0x07
2026-09-06T11:40:38.925-03:00,277,0,0,61,3374,2689,33654,3500,0,40000,0x07
2026-09-06T11:40:38.945-03:00,278,0,0,61,3374,2689,33654,3500,0,40000,0x07
2026-09-06T11:40:38.966-03:00,279,0,0,59,3374,2797,33195,3500,0,40000,0x07
2026-09-06T11:40:38.989-03:00,280,0,0,59,3374,2797,33195,3500,0,40000,0x07
2026-09-06T11:40:39.008-03:00,281,0,0,59,3374,2797,33195,3500,0,40000,0x07
2026-09-06T11:40:39.028-03:00,282,0,0,59,3374,2627,33915,3500,0,40000,0x07
2026-09-06T11:40:39.048-03:00,283,0,0,59,3374,2627,33915,3500,0,40000,0x07
2026-09-06T11:40:39.066-03:00,284,0,0,59,3374,2627,33915,3500,0,40000,0x07
2026-09-06T11:40:39.089-03:00,285,0,0,53,3374,2604,34014,3500,0,40000,0x07
2026-09-06T11:40:39.107-03:00,286,0,0,53,3374,2604,34014,3500,0,40000,0x07
2026-09-06T11:40:39.125-03:00,287,0,0,53,3374,2755,33373,3500,0,40000,0x07
2026-09-06T11:40:39.148-03:00,288,0,0,53,3374,2755,33373,3500,0,40000,0x07
2026-09-06T11:40:39.166-03:00,289,0,0,53,3374,2755,33373,3500,0,40000,0x07
2026-09-06T11:40:39.189-03:00,290,0,0,59,3374,2678,33699,3500,0,40000,0x07
2026-09-06T11:40:39.208-03:00,291,0,0,59,3374,2678,33699,3500,0,40000,0x07
2026-09-06T11:40:39.226-03:00,292,0,0,59,3374,2678,33699,3500,0,40000,0x07
2026-09-06T11:40:39.249-03:00,293,0,0,59,3374,2610,33987,3500,0,40000,0x07
2026-09-06T11:40:39.267-03:00,294,0,0,59,3374,2610,33987,3500,0,40000,0x07
2026-09-06T11:40:39.285-03:00,295,0,0,59,3374,2610,33987,3500,0,40000,0x07
2026-09-06T11:40:39.308-03:00,296,0,0,59,3374,2814,33123,3500,0,40000,0x07
2026-09-06T11:40:39.326-03:00,297,0,0,59,3374,2814,33123,3500,0,40000,0x07
2026-09-06T11:40:39.349-03:00,298,0,0,59,3374,2814,33123,3500,0,40000,0x07
2026-09-06T11:40:39.369-03:00,299,0,0,59,3374,2576,34131,3500,0,40000,0x07
2026-09-06T11:40:39.389-03:00,300,0,0,59,3374,2576,34131,3500,0,40000,0x07
2026-09-06T11:40:39.407-03:00,301,0,0,59,3374,2576,34131,3500,0,40000,0x07
2026-09-06T11:40:39.427-03:00,302,0,0,51,3374,2686,33664,3500,0,40000,0x07
2026-09-06T11:40:39.445-03:00,303,0,0,51,3374,2686,33664,3500,0,40000,0x07
2026-09-06T11:40:39.468-03:00,304,0,0,52,3374,2750,33393,3500,0,40000,0x07
2026-09-06T11:40:39.487-03:00,305,0,0,52,3374,2750,33393,3500,0,40000,0x07
2026-09-06T11:40:39.505-03:00,306,0,0,52,3374,2750,33393,3500,0,40000,0x07
2026-09-06T11:40:39.525-03:00,307,0,0,59,3374,2627,33915,3500,0,40000,0x07
2026-09-06T11:40:39.548-03:00,308,0,0,59,3374,2627,33915,3500,0,40000,0x07
2026-09-06T11:40:39.566-03:00,309,0,0,59,3374,2627,33915,3500,0,40000,0x07
2026-09-06T11:40:39.587-03:00,310,0,0,60,3374,2817,33110,3500,0,40000,0x07
2026-09-06T11:40:39.605-03:00,311,0,0,60,3374,2817,33110,3500,0,40000,0x07
2026-09-06T11:40:39.628-03:00,312,0,0,60,3374,2817,33110,3500,0,40000,0x07
2026-09-06T11:40:39.646-03:00,313,0,0,58,3374,2741,33430,3500,0,40000,0x07
2026-09-06T11:40:39.669-03:00,314,0,0,58,3374,2741,33430,3500,0,40000,0x07
2026-09-06T11:40:39.689-03:00,315,0,0,58,3374,2741,33430,3500,0,40000,0x07
2026-09-06T11:40:39.709-03:00,316,0,0,59,3374,2610,33987,3500,0,40000,0x07
2026-09-06T11:40:39.728-03:00,317,0,0,59,3374,2610,33987,3500,0,40000,0x07
2026-09-06T11:40:39.748-03:00,318,0,0,59,3374,2610,33987,3500,0,40000,0x07
2026-09-06T11:40:39.766-03:00,319,0,0,51,3374,2765,33330,3500,0,40000,0x07
2026-09-06T11:40:39.786-03:00,320,0,0,51,3374,2765,33330,3500,0,40000,0x07
2026-09-06T11:40:39.808-03:00,321,0,0,52,3374,2673,33720,3500,0,40000,0x07
2026-09-06T11:40:39.826-03:00,322,0,0,52,3374,2673,33720,3500,0,40000,0x07
2026-09-06T11:40:39.849-03:00,323,0,0,52,3374,2673,33720,3500,0,40000,0x07
2026-09-06T11:40:39.867-03:00,324,0,0,59,3374,2627,33915,3500,0,40000,0x07
2026-09-06T11:40:39.885-03:00,325,0,0,59,3374,2627,33915,3500,0,40000,0x07
2026-09-06T11:40:39.909-03:00,326,0,0,59,3374,2627,33915,3500,0,40000,0x07
2026-09-06T11:40:39.927-03:00,327,0,0,60,3374,2767,33322,3500,0,40000,0x07
2026-09-06T11:40:39.947-03:00,328,0,0,60,3374,2767,33322,3500,0,40000,0x07
2026-09-06T11:40:39.965-03:00,329,0,0,60,3374,2767,33322,3500,0,40000,0x07
2026-09-06T11:40:39.985-03:00,330,0,0,58,3374,2707,33576,3500,0,40000,0x07
2026-09-06T11:40:40.005-03:00,331,0,0,58,3374,2707,33576,3500,0,40000,0x07
2026-09-06T11:40:40.028-03:00,332,0,0,58,3374,2707,33576,3500,0,40000,0x07
2026-09-06T11:40:40.046-03:00,333,0,0,60,3374,2683,33676,3500,0,40000,0x07
2026-09-06T11:40:40.066-03:00,334,0,0,60,3374,2683,33676,3500,0,40000,0x07
2026-09-06T11:40:40.089-03:00,335,0,0,60,3374,2683,33676,3500,0,40000,0x07
2026-09-06T11:40:40.108-03:00,336,0,0,59,3374,2797,33195,3500,0,40000,0x07
2026-09-06T11:40:40.128-03:00,337,0,0,59,3374,2797,33195,3500,0,40000,0x07
2026-09-06T11:40:40.146-03:00,338,0,0,59,3374,2797,33195,3500,0,40000,0x07
2026-09-06T11:40:40.169-03:00,339,0,0,52,3374,2731,33475,3500,0,40000,0x07
2026-09-06T11:40:40.187-03:00,340,0,0,52,3374,2731,33475,3500,0,40000,0x07
2026-09-06T11:40:40.209-03:00,341,0,0,52,3374,2769,33311,3500,0,40000,0x07
2026-09-06T11:40:40.228-03:00,342,0,0,52,3374,2769,33311,3500,0,40000,0x07
2026-09-06T11:40:40.245-03:00,343,0,0,52,3374,2769,33311,3500,0,40000,0x07
2026-09-06T11:40:40.268-03:00,344,0,0,59,3374,2508,34419,3500,0,40000,0x07
2026-09-06T11:40:40.307-03:00,345,0,0,59,3374,2508,34419,3500,0,40000,0x07
2026-09-06T11:40:40.307-03:00,346,0,0,59,3374,2508,34419,3500,0,40000,0x07
2026-09-06T11:40:40.325-03:00,347,0,0,50,3374,2720,33520,3500,0,40000,0x07
2026-09-06T11:40:40.348-03:00,348,0,0,50,3374,2720,33520,3500,0,40000,0x07
2026-09-06T11:40:40.368-03:00,349,0,0,62,3374,2468,34593,3500,0,40000,0x07
2026-09-06T11:40:40.388-03:00,350,0,0,62,3374,2468,34593,3500,0,40000,0x07
2026-09-06T11:40:40.406-03:00,351,0,0,62,3374,2468,34593,3500,0,40000,0x07
2026-09-06T11:40:40.427-03:00,352,0,0,60,3374,2733,33464,3500,0,40000,0x07
2026-09-06T11:40:40.447-03:00,353,0,0,60,3374,2733,33464,3500,0,40000,0x07
2026-09-06T11:40:40.467-03:00,354,0,0,60,3374,2733,33464,3500,0,40000,0x07
2026-09-06T11:40:40.485-03:00,355,0,0,60,3374,2800,33180,3500,0,40000,0x07
2026-09-06T11:40:40.508-03:00,356,0,0,60,3374,2800,33180,3500,0,40000,0x07
2026-09-06T11:40:40.528-03:00,357,0,0,60,3374,2800,33180,3500,0,40000,0x07
2026-09-06T11:40:40.548-03:00,358,0,0,60,3374,2633,33889,3500,0,40000,0x07
2026-09-06T11:40:40.566-03:00,359,0,0,60,3374,2633,33889,3500,0,40000,0x07
2026-09-06T11:40:40.589-03:00,360,0,0,60,3374,2633,33889,3500,0,40000,0x07
2026-09-06T11:40:40.607-03:00,361,0,0,58,3374,2672,33723,3500,0,40000,0x07
2026-09-06T11:40:40.628-03:00,362,0,0,58,3374,2672,33723,3500,0,40000,0x07
2026-09-06T11:40:40.646-03:00,363,0,0,58,3374,2672,33723,3500,0,40000,0x07
2026-09-06T11:40:40.669-03:00,364,0,0,60,3374,2850,32968,3500,0,40000,0x07
2026-09-06T11:40:40.687-03:00,365,0,0,60,3374,2850,32968,3500,0,40000,0x07
2026-09-06T11:40:40.705-03:00,366,0,0,60,3374,2850,32968,3500,0,40000,0x07
2026-09-06T11:40:40.727-03:00,367,0,0,59,3374,2627,33915,3500,0,40000,0x07
2026-09-06T11:40:40.745-03:00,368,0,0,59,3374,2627,33915,3500,0,40000,0x07
2026-09-06T11:40:40.769-03:00,369,0,0,59,3374,2627,33915,3500,0,40000,0x07
2026-09-06T11:40:40.787-03:00,370,0,0,58,3374,2707,33576,3500,0,40000,0x07
2026-09-06T11:40:40.809-03:00,371,0,0,58,3374,2707,33576,3500,0,40000,0x07
2026-09-06T11:40:40.828-03:00,372,0,0,58,3374,2707,33576,3500,0,40000,0x07
2026-09-06T11:40:40.846-03:00,373,0,0,60,3374,2667,33747,3500,0,40000,0x07
2026-09-06T11:40:40.866-03:00,374,0,0,60,3374,2667,33747,3500,0,40000,0x07
2026-09-06T11:40:40.889-03:00,375,0,0,60,3374,2667,33747,3500,0,40000,0x07
2026-09-06T11:40:40.908-03:00,376,0,0,58,3374,2707,33576,3500,0,40000,0x07
2026-09-06T11:40:40.928-03:00,377,0,0,58,3374,2707,33576,3500,0,40000,0x07
2026-09-06T11:40:40.946-03:00,378,0,0,58,3374,2707,33576,3500,0,40000,0x07
2026-09-06T11:40:40.969-03:00,379,0,0,60,3374,2767,33322,3500,0,40000,0x07
2026-09-06T11:40:40.987-03:00,380,0,0,60,3374,2767,33322,3500,0,40000,0x07
2026-09-06T11:40:41.005-03:00,381,0,0,60,3374,2767,33322,3500,0,40000,0x07
2026-09-06T11:40:41.028-03:00,382,0,0,59,3374,2593,34059,3500,0,40000,0x07
2026-09-06T11:40:41.046-03:00,383,0,0,59,3374,2593,34059,3500,0,40000,0x07
2026-09-06T11:40:41.069-03:00,384,0,0,59,3374,2593,34059,3500,0,40000,0x07
2026-09-06T11:40:41.087-03:00,385,0,0,58,3374,2690,33649,3500,0,40000,0x07
2026-09-06T11:40:41.105-03:00,386,0,0,58,3374,2690,33649,3500,0,40000,0x07
2026-09-06T11:40:41.129-03:00,387,0,0,58,3374,2690,33649,3500,0,40000,0x07
2026-09-06T11:40:41.148-03:00,388,0,0,60,3374,2717,33535,3500,0,40000,0x07
2026-09-06T11:40:41.168-03:00,389,0,0,60,3374,2717,33535,3500,0,40000,0x07
2026-09-06T11:40:41.186-03:00,390,0,0,60,3374,2717,33535,3500,0,40000,0x07
2026-09-06T11:40:41.210-03:00,391,0,0,59,3374,2712,33555,3500,0,40000,0x07
2026-09-06T11:40:41.228-03:00,392,0,0,59,3374,2712,33555,3500,0,40000,0x07
2026-09-06T11:40:41.246-03:00,393,0,0,59,3374,2712,33555,3500,0,40000,0x07
2026-09-06T11:40:41.270-03:00,394,0,0,60,3374,2700,33606,3500,0,40000,0x07
2026-09-06T11:40:41.287-03:00,395,0,0,60,3374,2700,33606,3500,0,40000,0x07
2026-09-06T11:40:41.305-03:00,396,0,0,60,3374,2700,33606,3500,0,40000,0x07
2026-09-06T11:40:41.325-03:00,397,0,0,59,3374,2746,33411,3500,0,40000,0x07
2026-09-06T11:40:41.348-03:00,398,0,0,59,3374,2746,33411,3500,0,40000,0x07
2026-09-06T11:40:41.366-03:00,399,0,0,59,3374,2746,33411,3500,0,40000,0x07
2026-09-06T11:40:41.389-03:00,400,0,0,58,3374,2707,33576,3500,0,40000,0x07
2026-09-06T11:40:41.407-03:00,401,0,0,58,3374,2707,33576,3500,0,40000,0x07
2026-09-06T11:40:41.425-03:00,402,0,0,58,3374,2707,33576,3500,0,40000,0x07
2026-09-06T11:40:41.448-03:00,403,0,0,51,3374,2784,33247,3500,0,40000,0x07
2026-09-06T11:40:41.466-03:00,404,0,0,51,3374,2784,33247,3500,0,40000,0x07
2026-09-06T11:40:41.489-03:00,405,0,0,52,3374,2692,33638,3500,0,40000,0x07
2026-09-06T11:40:41.507-03:00,406,0,0,52,3374,2692,33638,3500,0,40000,0x07
2026-09-06T11:40:41.525-03:00,407,0,0,52,3374,2692,33638,3500,0,40000,0x07
2026-09-06T11:40:41.548-03:00,408,0,0,59,3374,2644,33843,3500,0,40000,0x07
2026-09-06T11:40:41.568-03:00,409,0,0,59,3374,2644,33843,3500,0,40000,0x07
2026-09-06T11:40:41.587-03:00,410,0,0,59,3374,2644,33843,3500,0,40000,0x07
2026-09-06T11:40:41.605-03:00,411,0,0,51,3374,2706,33580,3500,0,40000,0x07
2026-09-06T11:40:41.628-03:00,412,0,0,51,3374,2706,33580,3500,0,40000,0x07
2026-09-06T11:40:41.646-03:00,413,0,0,53,3374,2755,33373,3500,0,40000,0x07
2026-09-06T11:40:41.669-03:00,414,0,0,53,3374,2755,33373,3500,0,40000,0x07
2026-09-06T11:40:41.687-03:00,415,0,0,53,3374,2755,33373,3500,0,40000,0x07
2026-09-06T11:40:41.705-03:00,416,0,0,58,3374,2741,33430,3500,0,40000,0x07
2026-09-06T11:40:41.725-03:00,417,0,0,58,3374,2741,33430,3500,0,40000,0x07
2026-09-06T11:40:41.746-03:00,418,0,0,58,3374,2741,33430,3500,0,40000,0x07
2026-09-06T11:40:41.905-03:00,419,0,0,59,3374,2746,33411,3500,0,40000,0x07
2026-09-06T11:40:41.925-03:00,420,0,0,59,3374,2746,33411,3500,0,40000,0x07
2026-09-06T11:40:41.946-03:00,421,0,0,51,0,0,30741,0,0,31098,0x07
2026-09-06T11:40:41.969-03:00,422,0,0,51,0,0,30741,0,0,31098,0x07
2026-09-06T11:40:41.989-03:00,423,0,0,51,3374,451,40000,3500,0,40000,0x07
2026-09-06T11:40:42.006-03:00,431,0,0,51,3374,451,40000,3500,0,40000,0x07
2026-09-06T11:40:42.029-03:00,432,0,0,54,3374,2019,36502,3500,0,40000,0x07
2026-09-06T11:40:42.047-03:00,433,0,0,54,3374,2019,36502,3500,0,40000,0x07
2026-09-06T11:40:42.065-03:00,434,0,0,54,3374,2019,36502,3500,0,40000,0x07
2026-09-06T11:40:42.088-03:00,435,0,0,51,3374,2706,33580,3500,0,40000,0x07
2026-09-06T11:40:42.105-03:00,436,0,0,51,3374,2706,33580,3500,0,40000,0x07
2026-09-06T11:40:42.128-03:00,437,0,0,54,3374,2833,33039,3500,0,40000,0x07
2026-09-06T11:40:42.146-03:00,438,0,0,54,3374,2833,33039,3500,0,40000,0x07
2026-09-06T11:40:42.169-03:00,439,0,0,54,3374,2833,33039,3500,0,40000,0x07
2026-09-06T11:40:42.187-03:00,440,0,0,59,3374,2559,34203,3500,0,40000,0x07
2026-09-06T11:40:42.205-03:00,441,0,0,59,3374,2559,34203,3500,0,40000,0x07
2026-09-06T11:40:42.228-03:00,442,0,0,59,3374,2559,34203,3500,0,40000,0x07
2026-09-06T11:40:42.247-03:00,443,0,0,59,3374,2678,33699,3500,0,40000,0x07
2026-09-06T11:40:42.265-03:00,444,0,0,59,3374,2678,33699,3500,0,40000,0x07
2026-09-06T11:40:42.288-03:00,445,0,0,59,3374,2678,33699,3500,0,40000,0x07
2026-09-06T11:40:42.306-03:00,446,0,0,58,3374,2724,33503,3500,0,40000,0x07
2026-09-06T11:40:42.329-03:00,447,0,0,58,3374,2724,33503,3500,0,40000,0x07
2026-09-06T11:40:42.347-03:00,448,0,0,58,3374,2724,33503,3500,0,40000,0x07
2026-09-06T11:40:42.365-03:00,449,0,0,59,3374,2644,33843,3500,0,40000,0x07
2026-09-06T11:40:42.386-03:00,450,0,0,59,3374,2644,33843,3500,0,40000,0x07
2026-09-06T11:40:42.406-03:00,451,0,0,59,3374,2644,33843,3500,0,40000,0x07
2026-09-06T11:40:42.429-03:00,452,0,0,59,3374,2763,33339,3500,0,40000,0x07
2026-09-06T11:40:42.447-03:00,453,0,0,59,3374,2763,33339,3500,0,40000,0x07
2026-09-06T11:40:42.465-03:00,454,0,0,59,3374,2763,33339,3500,0,40000,0x07
2026-09-06T11:40:42.488-03:00,455,0,0,50,3374,2580,34116,3500,0,40000,0x07
2026-09-06T11:40:42.505-03:00,456,0,0,50,3374,2580,34116,3500,0,40000,0x07
2026-09-06T11:40:42.528-03:00,457,0,0,53,3374,2830,33052,3500,0,40000,0x07
2026-09-06T11:40:42.546-03:00,458,0,0,53,3374,2830,33052,3500,0,40000,0x07
2026-09-06T11:40:42.569-03:00,459,0,0,53,3374,2830,33052,3500,0,40000,0x07
2026-09-06T11:40:42.586-03:00,460,0,0,59,3374,2678,33699,3500,0,40000,0x07
2026-09-06T11:40:42.609-03:00,461,0,0,59,3374,2678,33699,3500,0,40000,0x07
2026-09-06T11:40:42.627-03:00,462,0,0,59,3374,2678,33699,3500,0,40000,0x07
2026-09-06T11:40:42.645-03:00,463,0,0,58,3374,2690,33649,3500,0,40000,0x07
2026-09-06T11:40:42.665-03:00,464,0,0,58,3374,2690,33649,3500,0,40000,0x07
2026-09-06T11:40:42.686-03:00,465,0,0,58,3374,2690,33649,3500,0,40000,0x07
2026-09-06T11:40:42.709-03:00,466,0,0,59,3374,2729,33483,3500,0,40000,0x07
2026-09-06T11:40:42.727-03:00,467,0,0,59,3374,2729,33483,3500,0,40000,0x07
2026-09-06T11:40:42.745-03:00,468,0,0,59,3374,2729,33483,3500,0,40000,0x07
2026-09-06T11:40:42.765-03:00,469,0,0,51,3374,2667,33747,3500,0,40000,0x07
2026-09-06T11:40:42.788-03:00,470,0,0,51,3374,2667,33747,3500,0,40000,0x07
2026-09-06T11:40:42.806-03:00,471,0,0,53,3374,2660,33774,3500,0,40000,0x07
2026-09-06T11:40:42.830-03:00,472,0,0,53,3374,2660,33774,3500,0,40000,0x07
2026-09-06T11:40:42.848-03:00,473,0,0,53,3374,2660,33774,3500,0,40000,0x07
2026-09-06T11:40:42.866-03:00,474,0,0,59,3374,2814,33123,3500,0,40000,0x07
2026-09-06T11:40:42.889-03:00,475,0,0,59,3374,2814,33123,3500,0,40000,0x07
2026-09-06T11:40:42.907-03:00,476,0,0,59,3374,2814,33123,3500,0,40000,0x07
2026-09-06T11:40:42.925-03:00,477,0,0,59,3374,2661,33771,3500,0,40000,0x07
2026-09-06T11:40:42.948-03:00,478,0,0,59,3374,2661,33771,3500,0,40000,0x07
2026-09-06T11:40:42.966-03:00,479,0,0,59,3374,2661,33771,3500,0,40000,0x07
2026-09-06T11:40:42.989-03:00,480,0,0,59,3374,2780,33267,3500,0,40000,0x07
2026-09-06T11:40:43.008-03:00,481,0,0,59,3374,2780,33267,3500,0,40000,0x07
2026-09-06T11:40:43.026-03:00,482,0,0,59,3374,2780,33267,3500,0,40000,0x07
2026-09-06T11:40:43.049-03:00,483,0,0,50,3374,2620,33946,3500,0,40000,0x07
2026-09-06T11:40:43.067-03:00,484,0,0,50,3374,2620,33946,3500,0,40000,0x07
2026-09-06T11:40:43.085-03:00,485,0,0,52,3374,2808,33148,3500,0,40000,0x07
2026-09-06T11:40:43.108-03:00,486,0,0,52,3374,2808,33148,3500,0,40000,0x07
2026-09-06T11:40:43.126-03:00,487,0,0,52,3374,2808,33148,3500,0,40000,0x07
2026-09-06T11:40:43.149-03:00,488,0,0,59,3374,2678,33699,3500,0,40000,0x07
2026-09-06T11:40:43.169-03:00,489,0,0,59,3374,2678,33699,3500,0,40000,0x07
2026-09-06T11:40:43.187-03:00,490,0,0,59,3374,2678,33699,3500,0,40000,0x07
2026-09-06T11:40:43.205-03:00,491,0,0,51,3374,2745,33414,3500,0,40000,0x07
2026-09-06T11:40:43.228-03:00,492,0,0,51,3374,2745,33414,3500,0,40000,0x07
2026-09-06T11:40:43.246-03:00,493,0,0,61,3374,2361,35048,3500,0,40000,0x07
2026-09-06T11:40:43.269-03:00,494,0,0,61,3374,2361,35048,3500,0,40000,0x07
2026-09-06T11:40:43.289-03:00,495,0,0,61,3374,2361,35048,3500,0,40000,0x07
2026-09-06T11:40:43.307-03:00,496,0,0,60,3374,2700,33606,3500,0,40000,0x07
2026-09-06T11:40:43.351-03:00,497,0,0,60,3374,2700,33606,3500,0,40000,0x07
2026-09-06T11:40:43.396-03:00,498,0,0,60,3374,2700,33606,3500,0,40000,0x07
2026-09-06T11:40:43.441-03:00,499,0,0,60,3374,2767,33322,3500,0,40000,0x07
2026-09-06T11:40:43.485-03:00,500,0,0,60,3374,2767,33322,3500,0,40000,0x07
2026-09-06T11:40:43.529-03:00,501,0,0,50,0,0,0,0,0,0,0x03
