timestamp,sequence,team,robot_id,interval_ms,left_target_eps,left_measured_eps,left_duty,right_target_eps,right_measured_eps,right_duty,flags
2026-09-06T14:33:57.808-03:00,502,0,0,52,0,0,0,0,0,0,0x03
2026-09-06T14:33:57.826-03:00,503,0,0,52,0,0,0,0,0,0,0x03
2026-09-06T14:33:57.844-03:00,504,0,0,51,0,0,0,0,0,0,0x03
2026-09-06T14:33:57.867-03:00,505,0,0,51,0,0,0,0,0,0,0x03
2026-09-06T14:33:57.885-03:00,505,0,0,51,0,0,0,0,0,0,0x03
2026-09-06T14:33:57.908-03:00,505,0,0,52,0,0,0,0,0,0,0x03
2026-09-06T14:33:57.927-03:00,505,0,0,52,0,0,0,0,0,0,0x03
2026-09-06T14:33:57.947-03:00,505,0,0,53,0,0,0,0,0,0,0x03
2026-09-06T14:33:57.965-03:00,505,0,0,53,0,0,0,0,0,0,0x03
2026-09-06T14:33:57.988-03:00,505,0,0,53,0,0,0,0,0,0,0x03
2026-09-06T14:33:58.005-03:00,505,0,0,52,0,0,0,0,0,0,0x03
2026-09-06T14:33:58.029-03:00,8,0,0,52,0,0,30073,0,0,28548,0x07
2026-09-06T14:33:58.047-03:00,9,0,0,55,3374,0,40000,3500,0,40000,0x07
2026-09-06T14:33:58.065-03:00,10,0,0,55,3374,0,40000,3500,0,40000,0x07
2026-09-06T14:33:58.089-03:00,11,0,0,55,3374,0,40000,3500,0,40000,0x07
2026-09-06T14:33:58.107-03:00,12,0,0,50,3374,0,40000,3500,0,40000,0x07
2026-09-06T14:33:58.125-03:00,13,0,0,50,3374,0,40000,3500,0,40000,0x07
2026-09-06T14:33:58.149-03:00,14,0,0,52,3374,0,40000,3500,0,40000,0x07
2026-09-06T14:33:58.167-03:00,15,0,0,52,3374,0,40000,3500,0,40000,0x07
2026-09-06T14:33:58.186-03:00,16,0,0,52,3374,0,40000,3500,0,40000,0x07
2026-09-06T14:33:58.204-03:00,17,0,0,51,3374,0,40000,3500,0,40000,0x07
2026-09-06T14:33:58.228-03:00,18,0,0,51,3374,0,40000,3500,0,40000,0x07
2026-09-06T14:33:58.246-03:00,19,0,0,51,3374,0,40000,3500,0,40000,0x07
2026-09-06T14:33:58.264-03:00,20,0,0,52,3374,0,40000,3500,0,40000,0x07
2026-09-06T14:33:58.287-03:00,21,0,0,52,3374,0,40000,3500,0,40000,0x07
2026-09-06T14:33:58.324-03:00,22,0,0,52,3374,0,40000,3500,0,40000,0x07
2026-09-06T14:33:58.324-03:00,23,0,0,52,3374,0,40000,3500,0,40000,0x07
2026-09-06T14:33:58.345-03:00,24,0,0,52,3374,0,40000,3500,0,40000,0x07
2026-09-06T14:33:58.365-03:00,25,0,0,52,3374,0,40000,3500,0,40000,0x07
2026-09-06T14:33:58.388-03:00,26,0,0,52,3374,0,40000,3500,0,40000,0x07
2026-09-06T14:33:58.406-03:00,27,0,0,52,3374,0,40000,3500,0,40000,0x07
2026-09-06T14:33:58.429-03:00,28,0,0,53,3374,0,40000,3500,0,40000,0x07
2026-09-06T14:33:58.447-03:00,29,0,0,53,3374,0,40000,3500,0,40000,0x07
2026-09-06T14:33:58.466-03:00,30,0,0,54,3374,0,40000,3500,0,40000,0x07
2026-09-06T14:33:58.489-03:00,31,0,0,54,3374,0,40000,3500,0,40000,0x07
2026-09-06T14:33:58.507-03:00,32,0,0,54,3374,0,40000,3500,0,40000,0x07
2026-09-06T14:33:58.525-03:00,33,0,0,52,3374,0,40000,3500,0,40000,0x07
2026-09-06T14:33:58.548-03:00,34,0,0,52,3374,0,40000,3500,0,40000,0x07
2026-09-06T14:33:58.567-03:00,35,0,0,51,3374,0,40000,3500,0,40000,0x07
2026-09-06T14:33:58.585-03:00,36,0,0,51,3374,0,40000,3500,0,40000,0x07
2026-09-06T14:33:58.608-03:00,37,0,0,51,3374,0,40000,3500,0,40000,0x07
2026-09-06T14:33:58.626-03:00,38,0,0,50,3374,0,40000,3500,0,40000,0x07
2026-09-06T14:33:58.644-03:00,39,0,0,50,3374,0,40000,3500,0,40000,0x07
2026-09-06T14:33:58.664-03:00,40,0,0,51,3374,0,40000,3500,0,40000,0x07
2026-09-06T14:33:58.687-03:00,41,0,0,51,3374,0,40000,3500,0,40000,0x07
2026-09-06T14:33:58.708-03:00,42,0,0,51,3374,0,40000,3500,0,40000,0x07
2026-09-06T14:33:58.726-03:00,43,0,0,56,3374,0,40000,3500,0,40000,0x07
2026-09-06T14:33:58.744-03:00,44,0,0,56,3374,0,40000,3500,0,40000,0x07
2026-09-06T14:33:58.768-03:00,45,0,0,56,3374,0,40000,3500,0,40000,0x07
2026-09-06T14:33:58.788-03:00,46,0,0,52,3374,0,40000,3500,0,40000,0x07
2026-09-06T14:33:58.806-03:00,47,0,0,52,3374,0,40000,3500,0,40000,0x07
2026-09-06T14:33:58.824-03:00,48,0,0,52,3374,0,40000,3500,0,40000,0x07
2026-09-06T14:33:58.848-03:00,49,0,0,52,3374,0,40000,3500,0,40000,0x07
2026-09-06T14:33:58.868-03:00,50,0,0,52,3374,0,40000,3500,0,40000,0x07
2026-09-06T14:33:58.888-03:00,51,0,0,55,3374,0,40000,3500,0,40000,0x07
2026-09-06T14:33:58.906-03:00,52,0,0,55,3374,0,40000,3500,0,40000,0x07
2026-09-06T14:33:58.929-03:00,53,0,0,55,3374,0,40000,3500,0,40000,0x07
2026-09-06T14:33:58.944-03:00,54,0,0,50,3374,0,40000,3500,0,40000,0x07
2026-09-06T14:33:58.964-03:00,55,0,0,50,3374,0,40000,3500,0,40000,0x07
2026-09-06T14:33:58.988-03:00,56,0,0,56,3374,0,40000,3500,0,40000,0x07
2026-09-06T14:33:59.006-03:00,57,0,0,56,3374,0,40000,3500,0,40000,0x07
2026-09-06T14:33:59.026-03:00,58,0,0,56,3374,0,40000,3500,0,40000,0x07
2026-09-06T14:33:59.044-03:00,59,0,0,50,3374,0,40000,3500,0,40000,0x07
2026-09-06T14:33:59.068-03:00,60,0,0,50,3374,0,40000,3500,0,40000,0x07
2026-09-06T14:33:59.086-03:00,61,0,0,50,3374,0,40000,3500,0,40000,0x07
2026-09-06T14:33:59.104-03:00,62,0,0,50,3374,0,40000,3500,0,40000,0x07
2026-09-06T14:33:59.127-03:00,63,0,0,50,3374,0,40000,3500,0,40000,0x07
2026-09-06T14:33:59.145-03:00,64,0,0,56,3374,0,40000,3500,0,40000,0x07
2026-09-06T14:33:59.169-03:00,65,0,0,56,3374,0,40000,3500,0,40000,0x07
2026-09-06T14:33:59.187-03:00,66,0,0,56,3374,0,40000,3500,0,40000,0x07
2026-09-06T14:33:59.205-03:00,67,0,0,51,3374,0,40000,3500,0,40000,0x07
2026-09-06T14:33:59.228-03:00,68,0,0,51,3374,0,40000,3500,0,40000,0x07
2026-09-06T14:33:59.246-03:00,69,0,0,50,3374,0,40000,3500,0,40000,0x07
2026-09-06T14:33:59.264-03:00,70,0,0,50,3374,0,40000,3500,0,40000,0x07
2026-09-06T14:33:59.287-03:00,71,0,0,50,3374,0,40000,3500,0,40000,0x07
2026-09-06T14:33:59.305-03:00,72,0,0,52,3374,0,40000,3500,0,40000,0x07
2026-09-06T14:33:59.328-03:00,73,0,0,52,3374,0,40000,3500,0,40000,0x07
2026-09-06T14:33:59.346-03:00,74,0,0,50,3374,0,40000,3500,0,40000,0x07
2026-09-06T14:33:59.364-03:00,75,0,0,50,3374,0,40000,3500,0,40000,0x07
2026-09-06T14:33:59.387-03:00,76,0,0,50,3374,0,40000,3500,0,40000,0x07
2026-09-06T14:33:59.405-03:00,77,0,0,51,3374,0,40000,3500,0,40000,0x07
2026-09-06T14:33:59.428-03:00,78,0,0,51,3374,0,40000,3500,0,40000,0x07
2026-09-06T14:33:59.448-03:00,79,0,0,51,3374,0,40000,3500,0,40000,0x07
2026-09-06T14:33:59.468-03:00,80,0,0,50,3374,0,40000,3500,0,40000,0x07
2026-09-06T14:33:59.486-03:00,81,0,0,50,3374,0,40000,3500,0,40000,0x07
2026-09-06T14:33:59.504-03:00,82,0,0,52,3374,0,40000,3500,0,40000,0x07
2026-09-06T14:33:59.524-03:00,83,0,0,52,3374,0,40000,3500,0,40000,0x07
2026-09-06T14:33:59.548-03:00,84,0,0,52,3374,0,40000,3500,0,40000,0x07
2026-09-06T14:33:59.566-03:00,85,0,0,51,3374,0,40000,3500,0,40000,0x07
2026-09-06T14:33:59.584-03:00,86,0,0,51,3374,0,40000,3500,0,40000,0x07
2026-09-06T14:33:59.607-03:00,87,0,0,56,3374,0,40000,3500,0,40000,0x07
2026-09-06T14:33:59.625-03:00,88,0,0,56,3374,0,40000,3500,0,40000,0x07
2026-09-06T14:33:59.645-03:00,89,0,0,56,3374,0,40000,3500,0,40000,0x07
2026-09-06T14:33:59.669-03:00,90,0,0,51,3374,0,40000,3500,0,40000,0x07
2026-09-06T14:33:59.687-03:00,91,0,0,51,3374,0,40000,3500,0,40000,0x07
2026-09-06T14:33:59.707-03:00,92,0,0,51,3374,0,40000,3500,0,40000,0x07
2026-09-06T14:33:59.725-03:00,93,0,0,51,3374,0,40000,3500,0,40000,0x07
2026-09-06T14:33:59.749-03:00,94,0,0,51,3374,0,40000,3500,0,40000,0x07
2026-09-06T14:33:59.767-03:00,95,0,0,50,3374,0,40000,3500,0,40000,0x07
2026-09-06T14:33:59.787-03:00,96,0,0,50,3374,0,40000,3500,0,40000,0x07
2026-09-06T14:33:59.807-03:00,97,0,0,50,3374,0,40000,3500,0,40000,0x07
2026-09-06T14:33:59.826-03:00,98,0,0,53,3374,0,40000,3500,0,40000,0x07
2026-09-06T14:33:59.846-03:00,99,0,0,53,3374,0,40000,3500,0,40000,0x07
2026-09-06T14:33:59.864-03:00,100,0,0,54,3374,0,40000,3500,0,40000,0x07
2026-09-06T14:33:59.888-03:00,101,0,0,54,3374,0,40000,3500,0,40000,0x07
2026-09-06T14:33:59.906-03:00,102,0,0,54,3374,0,40000,3500,0,40000,0x07
2026-09-06T14:33:59.924-03:00,103,0,0,50,3374,0,40000,3500,0,40000,0x07
2026-09-06T14:33:59.944-03:00,104,0,0,50,3374,0,40000,3500,0,40000,0x07
2026-09-06T14:33:59.967-03:00,105,0,0,50,3374,0,40000,3500,0,40000,0x07
2026-09-06T14:33:59.985-03:00,106,0,0,51,3374,0,40000,3500,0,40000,0x07
2026-09-06T14:34:00.008-03:00,107,0,0,51,3374,0,40000,3500,0,40000,0x07
2026-09-06T14:34:00.026-03:00,108,0,0,53,3374,0,40000,3500,0,40000,0x07
2026-09-06T14:34:00.049-03:00,109,0,0,53,3374,0,40000,3500,0,40000,0x07
2026-09-06T14:34:00.067-03:00,110,0,0,53,3374,0,40000,3500,0,40000,0x07
2026-09-06T14:34:00.085-03:00,111,0,0,50,3374,0,40000,3500,0,40000,0x07
2026-09-06T14:34:00.108-03:00,112,0,0,50,3374,0,40000,3500,0,40000,0x07
2026-09-06T14:34:00.126-03:00,113,0,0,55,3374,0,40000,3500,0,40000,0x07
2026-09-06T14:34:00.149-03:00,114,0,0,55,3374,0,40000,3500,0,40000,0x07
2026-09-06T14:34:00.166-03:00,115,0,0,55,3374,0,40000,3500,0,40000,0x07
2026-09-06T14:34:00.184-03:00,116,0,0,50,3374,0,40000,3500,0,40000,0x07
2026-09-06T14:34:00.208-03:00,117,0,0,50,3374,0,40000,3500,0,40000,0x07
2026-09-06T14:34:00.226-03:00,118,0,0,50,3374,0,40000,3500,0,40000,0x07
2026-09-06T14:34:00.244-03:00,119,0,0,50,3374,0,40000,3500,0,40000,0x07
2026-09-06T14:34:00.267-03:00,120,0,0,50,3374,0,40000,3500,0,40000,0x07
2026-09-06T14:34:00.284-03:00,121,0,0,52,3374,0,40000,3500,0,40000,0x07
2026-09-06T14:34:00.308-03:00,122,0,0,52,3374,0,40000,3500,0,40000,0x07
2026-09-06T14:34:00.326-03:00,123,0,0,52,3374,0,40000,3500,0,40000,0x07
2026-09-06T14:34:00.344-03:00,124,0,0,52,3374,0,40000,3500,0,40000,0x07
2026-09-06T14:34:00.367-03:00,125,0,0,52,3374,0,40000,3500,0,40000,0x07
2026-09-06T14:34:00.387-03:00,126,0,0,54,3374,0,40000,3500,0,40000,0x07
2026-09-06T14:34:00.405-03:00,127,0,0,54,3374,0,40000,3500,0,40000,0x07
2026-09-06T14:34:00.428-03:00,128,0,0,54,3374,0,40000,3500,0,40000,0x07
2026-09-06T14:34:00.446-03:00,129,0,0,50,3374,0,40000,3500,0,40000,0x07
2026-09-06T14:34:00.467-03:00,130,0,0,50,3374,0,40000,3500,0,40000,0x07
2026-09-06T14:34:00.485-03:00,131,0,0,54,3374,0,40000,3500,0,40000,0x07
2026-09-06T14:34:00.508-03:00,132,0,0,54,3374,0,40000,3500,0,40000,0x07
2026-09-06T14:34:00.527-03:00,133,0,0,54,3374,0,40000,3500,0,40000,0x07
2026-09-06T14:34:00.545-03:00,134,0,0,56,3374,0,40000,3500,0,40000,0x07
2026-09-06T14:34:00.569-03:00,135,0,0,56,3374,0,40000,3500,0,40000,0x07
2026-09-06T14:34:00.584-03:00,136,0,0,56,3374,0,40000,3500,0,40000,0x07
2026-09-06T14:34:00.608-03:00,137,0,0,51,3374,0,40000,3500,0,40000,0x07
2026-09-06T14:34:00.626-03:00,138,0,0,51,3374,0,40000,3500,0,40000,0x07
2026-09-06T14:34:00.645-03:00,139,0,0,51,3374,0,40000,3500,0,40000,0x07
2026-09-06T14:34:00.668-03:00,140,0,0,53,3374,0,40000,3500,0,40000,0x07
2026-09-06T14:34:00.689-03:00,141,0,0,53,3374,0,40000,3500,0,40000,0x07
2026-09-06T14:34:00.728-03:00,142,0,0,55,3374,0,40000,3500,0,40000,0x07
2026-09-06T14:34:00.728-03:00,143,0,0,55,3374,0,40000,3500,0,40000,0x07
2026-09-06T14:34:00.746-03:00,144,0,0,55,3374,0,40000,3500,0,40000,0x07
2026-09-06T14:34:00.764-03:00,145,0,0,50,3374,0,40000,3500,0,40000,0x07
2026-09-06T14:34:00.787-03:00,146,0,0,50,3374,0,40000,3500,0,40000,0x07
2026-09-06T14:34:00.806-03:00,147,0,0,54,3374,0,40000,3500,0,40000,0x07
2026-09-06T14:34:00.826-03:00,148,0,0,54,3374,0,40000,3500,0,40000,0x07
2026-09-06T14:34:00.845-03:00,149,0,0,54,3374,0,40000,3500,0,40000,0x07
2026-09-06T14:34:00.868-03:00,150,0,0,50,3374,0,40000,3500,0,40000,0x07
2026-09-06T14:34:00.886-03:00,151,0,0,50,3374,0,40000,3500,0,40000,0x07
2026-09-06T14:34:00.904-03:00,152,0,0,50,3374,0,40000,3500,0,40000,0x07
2026-09-06T14:34:00.924-03:00,153,0,0,51,3374,0,40000,3500,0,40000,0x07
2026-09-06T14:34:00.947-03:00,154,0,0,51,3374,0,40000,3500,0,40000,0x07
2026-09-06T14:34:00.966-03:00,155,0,0,55,3374,0,40000,3500,0,40000,0x07
2026-09-06T14:34:00.986-03:00,156,0,0,55,3374,0,40000,3500,0,40000,0x07
2026-09-06T14:34:01.004-03:00,157,0,0,55,3374,0,40000,3500,0,40000,0x07
2026-09-06T14:34:01.028-03:00,158,0,0,50,3374,0,40000,3500,0,40000,0x07
2026-09-06T14:34:01.046-03:00,159,0,0,50,3374,0,40000,3500,0,40000,0x07
2026-09-06T14:34:01.064-03:00,160,0,0,52,3374,0,40000,3500,0,40000,0x07
2026-09-06T14:34:01.088-03:00,161,0,0,52,3374,0,40000,3500,0,40000,0x07
2026-09-06T14:34:01.106-03:00,162,0,0,52,3374,0,40000,3500,0,40000,0x07
2026-09-06T14:34:01.125-03:00,163,0,0,50,3374,0,40000,3500,0,40000,0x07
2026-09-06T14:34:01.148-03:00,164,0,0,50,3374,0,40000,3500,0,40000,0x07
2026-09-06T14:34:01.166-03:00,165,0,0,52,3374,0,40000,3500,0,40000,0x07
2026-09-06T14:34:01.186-03:00,166,0,0,52,3374,0,40000,3500,0,40000,0x07
2026-09-06T14:34:01.205-03:00,167,0,0,52,3374,0,40000,3500,0,40000,0x07
2026-09-06T14:34:01.225-03:00,168,0,0,50,3374,0,40000,3500,0,40000,0x07
2026-09-06T14:34:01.248-03:00,169,0,0,50,3374,0,40000,3500,0,40000,0x07
2026-09-06T14:34:01.267-03:00,170,0,0,50,3374,0,40000,3500,0,40000,0x07
2026-09-06T14:34:01.285-03:00,171,0,0,51,3374,0,40000,3500,0,40000,0x07
2026-09-06T14:34:01.306-03:00,172,0,0,51,3374,0,40000,3500,0,40000,0x07
2026-09-06T14:34:01.329-03:00,173,0,0,52,3374,0,40000,3500,0,40000,0x07
2026-09-06T14:34:01.347-03:00,174,0,0,52,3374,0,40000,3500,0,40000,0x07
2026-09-06T14:34:01.365-03:00,175,0,0,52,3374,0,40000,3500,0,40000,0x07
2026-09-06T14:34:01.389-03:00,176,0,0,50,3374,0,40000,3500,0,40000,0x07
2026-09-06T14:34:01.407-03:00,177,0,0,50,3374,0,40000,3500,0,40000,0x07
2026-09-06T14:34:01.426-03:00,178,0,0,54,3374,0,40000,3500,0,40000,0x07
2026-09-06T14:34:01.444-03:00,179,0,0,54,3374,0,40000,3500,0,40000,0x07
2026-09-06T14:34:01.468-03:00,180,0,0,54,3374,0,40000,3500,0,40000,0x07
2026-09-06T14:34:01.486-03:00,181,0,0,52,3374,0,40000,3500,0,40000,0x07
2026-09-06T14:34:01.506-03:00,182,0,0,52,3374,0,40000,3500,0,40000,0x07
2026-09-06T14:34:01.525-03:00,183,0,0,51,3374,0,40000,3500,0,40000,0x07
2026-09-06T14:34:01.548-03:00,184,0,0,51,3374,0,40000,3500,0,40000,0x07
2026-09-06T14:34:01.567-03:00,185,0,0,51,3374,0,40000,3500,0,40000,0x07
2026-09-06T14:34:01.585-03:00,186,0,0,56,3374,0,40000,3500,0,40000,0x07
2026-09-06T14:34:01.608-03:00,187,0,0,56,3374,0,40000,3500,0,40000,0x07
2026-09-06T14:34:01.627-03:00,188,0,0,56,3374,0,40000,3500,0,40000,0x07
2026-09-06T14:34:01.645-03:00,189,0,0,52,3374,0,40000,3500,0,40000,0x07
2026-09-06T14:34:01.668-03:00,190,0,0,52,3374,0,40000,3500,0,40000,0x07
2026-09-06T14:34:01.686-03:00,191,0,0,52,3374,0,40000,3500,0,40000,0x07
2026-09-06T14:34:01.705-03:00,192,0,0,52,3374,0,40000,3500,0,40000,0x07
2026-09-06T14:34:01.729-03:00,193,0,0,52,3374,0,40000,3500,0,40000,0x07
2026-09-06T14:34:01.749-03:00,194,0,0,51,3374,0,40000,3500,0,40000,0x07
2026-09-06T14:34:01.767-03:00,195,0,0,51,3374,0,40000,3500,0,40000,0x07
2026-09-06T14:34:01.787-03:00,196,0,0,51,3374,0,40000,3500,0,40000,0x07
2026-09-06T14:34:01.806-03:00,197,0,0,54,3374,0,40000,3500,0,40000,0x07
2026-09-06T14:34:01.824-03:00,198,0,0,54,3374,0,40000,3500,0,40000,0x07
2026-09-06T14:34:01.847-03:00,199,0,0,55,3374,0,40000,3500,0,40000,0x07
2026-09-06T14:34:01.866-03:00,200,0,0,55,3374,0,40000,3500,0,40000,0x07
2026-09-06T14:34:01.884-03:00,201,0,0,55,3374,0,40000,3500,0,40000,0x07
2026-09-06T14:34:01.908-03:00,202,0,0,52,3374,0,40000,3500,0,40000,0x07
2026-09-06T14:34:01.926-03:00,203,0,0,52,3374,0,40000,3500,0,40000,0x07
2026-09-06T14:34:01.944-03:00,204,0,0,52,3374,0,40000,3500,0,40000,0x07
2026-09-06T14:34:01.968-03:00,205,0,0,50,3374,0,40000,3500,0,40000,0x07
2026-09-06T14:34:01.986-03:00,206,0,0,50,3374,0,40000,3500,0,40000,0x07
2026-09-06T14:34:02.005-03:00,207,0,0,55,3374,0,40000,3500,0,40000,0x07
2026-09-06T14:34:02.028-03:00,208,0,0,55,3374,0,40000,3500,0,40000,0x07
2026-09-06T14:34:02.046-03:00,209,0,0,55,3374,0,40000,3500,0,40000,0x07
2026-09-06T14:34:02.066-03:00,210,0,0,52,3374,0,40000,3500,0,40000,0x07
2026-09-06T14:34:02.084-03:00,211,0,0,52,3374,0,40000,3500,0,40000,0x07
2026-09-06T14:34:02.108-03:00,212,0,0,50,3374,0,40000,3500,0,40000,0x07
2026-09-06T14:34:02.127-03:00,213,0,0,50,3374,0,40000,3500,0,40000,0x07
2026-09-06T14:34:02.145-03:00,214,0,0,50,3374,0,40000,3500,0,40000,0x07
2026-09-06T14:34:02.169-03:00,215,0,0,50,3374,0,40000,3500,0,40000,0x07
2026-09-06T14:34:02.187-03:00,216,0,0,50,3374,0,40000,3500,0,40000,0x07
2026-09-06T14:34:02.207-03:00,217,0,0,50,3374,0,40000,3500,0,40000,0x07
2026-09-06T14:34:02.226-03:00,218,0,0,53,3374,0,40000,3500,0,40000,0x07
2026-09-06T14:34:02.244-03:00,219,0,0,53,3374,0,40000,3500,0,40000,0x07
2026-09-06T14:34:02.267-03:00,220,0,0,50,3374,0,40000,3500,0,40000,0x07
2026-09-06T14:34:02.285-03:00,221,0,0,50,3374,0,40000,3500,0,40000,0x07
2026-09-06T14:34:02.309-03:00,222,0,0,50,3374,0,40000,3500,0,40000,0x07
2026-09-06T14:34:02.327-03:00,223,0,0,50,3374,0,40000,3500,0,40000,0x07
2026-09-06T14:34:02.346-03:00,224,0,0,50,3374,0,40000,3500,0,40000,0x07
2026-09-06T14:34:02.369-03:00,225,0,0,51,3374,0,40000,3500,0,40000,0x07
2026-09-06T14:34:02.387-03:00,226,0,0,51,3374,0,40000,3500,0,40000,0x07
2026-09-06T14:34:02.405-03:00,227,0,0,51,3374,0,40000,3500,0,40000,0x07
2026-09-06T14:34:02.426-03:00,228,0,0,52,3374,0,40000,3500,0,40000,0x07
2026-09-06T14:34:02.444-03:00,229,0,0,52,3374,0,40000,3500,0,40000,0x07
2026-09-06T14:34:02.467-03:00,230,0,0,53,3374,0,40000,3500,0,40000,0x07
2026-09-06T14:34:02.485-03:00,231,0,0,53,3374,0,40000,3500,0,40000,0x07
2026-09-06T14:34:02.509-03:00,232,0,0,53,3374,0,40000,3500,0,40000,0x07
2026-09-06T14:34:02.527-03:00,233,0,0,50,3374,0,40000,3500,0,40000,0x07
2026-09-06T14:34:02.544-03:00,234,0,0,50,3374,0,40000,3500,0,40000,0x07
2026-09-06T14:34:02.567-03:00,235,0,0,54,3374,0,40000,3500,0,40000,0x07
2026-09-06T14:34:02.585-03:00,236,0,0,54,3374,0,40000,3500,0,40000,0x07
2026-09-06T14:34:02.609-03:00,237,0,0,54,3374,0,40000,3500,0,40000,0x07
2026-09-06T14:34:02.627-03:00,238,0,0,50,3374,0,40000,3500,0,40000,0x07
2026-09-06T14:34:02.645-03:00,239,0,0,50,3374,0,40000,3500,0,40000,0x07
2026-09-06T14:34:02.666-03:00,240,0,0,50,3374,0,40000,3500,0,40000,0x07
2026-09-06T14:34:02.686-03:00,241,0,0,50,3374,0,40000,3500,0,40000,0x07
2026-09-06T14:34:02.704-03:00,242,0,0,50,3374,0,40000,3500,0,40000,0x07
2026-09-06T14:34:02.725-03:00,243,0,0,50,3374,0,40000,3500,0,40000,0x07
2026-09-06T14:34:02.745-03:00,244,0,0,50,3374,0,40000,3500,0,40000,0x07
2026-09-06T14:34:02.769-03:00,245,0,0,50,3374,0,40000,3500,0,40000,0x07
2026-09-06T14:34:02.787-03:00,246,0,0,50,3374,0,40000,3500,0,40000,0x07
2026-09-06T14:34:02.805-03:00,247,0,0,50,3374,0,40000,3500,0,40000,0x07
2026-09-06T14:34:02.826-03:00,248,0,0,51,3374,0,40000,3500,0,40000,0x07
2026-09-06T14:34:02.845-03:00,249,0,0,51,3374,0,40000,3500,0,40000,0x07
2026-09-06T14:34:02.868-03:00,250,0,0,51,3374,0,40000,3500,0,40000,0x07
2026-09-06T14:34:02.886-03:00,251,0,0,51,3374,0,40000,3500,0,40000,0x07
2026-09-06T14:34:02.905-03:00,252,0,0,51,3374,0,40000,3500,0,40000,0x07
2026-09-06T14:34:02.928-03:00,253,0,0,56,3374,0,40000,3500,0,40000,0x07
2026-09-06T14:34:02.947-03:00,254,0,0,56,3374,0,40000,3500,0,40000,0x07
2026-09-06T14:34:02.965-03:00,255,0,0,56,3374,0,40000,3500,0,40000,0x07
2026-09-06T14:34:02.989-03:00,256,0,0,50,3374,0,40000,3500,0,40000,0x07
2026-09-06T14:34:03.007-03:00,257,0,0,50,3374,0,40000,3500,0,40000,0x07
2026-09-06T14:34:03.026-03:00,258,0,0,50,3374,0,40000,3500,0,40000,0x07
2026-09-06T14:34:03.049-03:00,259,0,0,52,3374,0,40000,3500,0,40000,0x07
2026-09-06T14:34:03.067-03:00,260,0,0,52,3374,0,40000,3500,0,40000,0x07
2026-09-06T14:34:03.086-03:00,261,0,0,55,3374,0,40000,3500,0,40000,0x07
2026-09-06T14:34:03.104-03:00,262,0,0,55,3374,0,40000,3500,0,40000,0x07
2026-09-06T14:34:03.128-03:00,263,0,0,55,3374,0,40000,3500,0,40000,0x07
2026-09-06T14:34:03.146-03:00,264,0,0,51,3374,0,40000,3500,0,40000,0x07
2026-09-06T14:34:03.165-03:00,265,0,0,51,3374,0,40000,3500,0,40000,0x07
2026-09-06T14:34:03.185-03:00,266,0,0,52,3374,0,40000,3500,0,40000,0x07
2026-09-06T14:34:03.209-03:00,267,0,0,52,3374,0,40000,3500,0,40000,0x07
2026-09-06T14:34:03.224-03:00,268,0,0,52,3374,0,40000,3500,0,40000,0x07
2026-09-06T14:34:03.245-03:00,269,0,0,50,3374,0,40000,3500,0,40000,0x07
2026-09-06T14:34:03.268-03:00,270,0,0,50,3374,0,40000,3500,0,40000,0x07
2026-09-06T14:34:03.287-03:00,271,0,0,50,3374,0,40000,3500,0,40000,0x07
2026-09-06T14:34:03.305-03:00,272,0,0,50,3374,0,40000,3500,0,40000,0x07
2026-09-06T14:34:03.329-03:00,273,0,0,50,3374,0,40000,3500,0,40000,0x07
2026-09-06T14:34:03.349-03:00,274,0,0,50,3374,0,40000,3500,0,40000,0x07
2026-09-06T14:34:03.368-03:00,275,0,0,50,3374,0,40000,3500,0,40000,0x07
2026-09-06T14:34:03.386-03:00,276,0,0,52,3374,0,40000,3500,0,40000,0x07
2026-09-06T14:34:03.405-03:00,277,0,0,52,3374,0,40000,3500,0,40000,0x07
2026-09-06T14:34:03.425-03:00,278,0,0,52,3374,0,40000,3500,0,40000,0x07
2026-09-06T14:34:03.449-03:00,279,0,0,56,3374,0,40000,3500,0,40000,0x07
2026-09-06T14:34:03.469-03:00,280,0,0,56,3374,0,40000,3500,0,40000,0x07
2026-09-06T14:34:03.487-03:00,281,0,0,56,3374,0,40000,3500,0,40000,0x07
2026-09-06T14:34:03.506-03:00,282,0,0,51,3374,0,40000,3500,0,40000,0x07
2026-09-06T14:34:03.524-03:00,283,0,0,51,3374,0,40000,3500,0,40000,0x07
2026-09-06T14:34:03.545-03:00,284,0,0,50,3374,0,40000,3500,0,40000,0x07
2026-09-06T14:34:03.564-03:00,285,0,0,50,3374,0,40000,3500,0,40000,0x07
2026-09-06T14:34:03.588-03:00,286,0,0,50,3374,0,40000,3500,0,40000,0x07
2026-09-06T14:34:03.606-03:00,287,0,0,50,3374,0,40000,3500,0,40000,0x07
2026-09-06T14:34:03.626-03:00,288,0,0,50,3374,0,40000,3500,0,40000,0x07
2026-09-06T14:34:03.645-03:00,289,0,0,50,3374,0,40000,3500,0,40000,0x07
2026-09-06T14:34:03.665-03:00,290,0,0,50,3374,0,40000,3500,0,40000,0x07
2026-09-06T14:34:03.689-03:00,291,0,0,50,3374,0,40000,3500,0,40000,0x07
2026-09-06T14:34:03.706-03:00,292,0,0,51,3374,0,40000,3500,0,40000,0x07
2026-09-06T14:34:03.725-03:00,293,0,0,51,3374,0,40000,3500,0,40000,0x07
2026-09-06T14:34:03.745-03:00,294,0,0,52,3374,0,40000,3500,0,40000,0x07
2026-09-06T14:34:03.766-03:00,295,0,0,52,3374,0,40000,3500,0,40000,0x07
2026-09-06T14:34:03.784-03:00,296,0,0,52,3374,0,40000,3500,0,40000,0x07
2026-09-06T14:34:03.808-03:00,297,0,0,56,3374,0,40000,3500,0,40000,0x07
2026-09-06T14:34:03.826-03:00,298,0,0,56,3374,0,40000,3500,0,40000,0x07
2026-09-06T14:34:03.845-03:00,299,0,0,56,3374,0,40000,3500,0,40000,0x07
2026-09-06T14:34:03.868-03:00,300,0,0,51,3374,0,40000,3500,0,40000,0x07
2026-09-06T14:34:03.887-03:00,301,0,0,51,3374,0,40000,3500,0,40000,0x07
2026-09-06T14:34:03.905-03:00,302,0,0,51,3374,0,40000,3500,0,40000,0x07
2026-09-06T14:34:03.928-03:00,303,0,0,54,3374,0,40000,3500,0,40000,0x07
2026-09-06T14:34:03.947-03:00,304,0,0,54,3374,0,40000,3500,0,40000,0x07
2026-09-06T14:34:03.965-03:00,305,0,0,55,3374,0,40000,3500,0,40000,0x07
2026-09-06T14:34:03.989-03:00,306,0,0,55,3374,0,40000,3500,0,40000,0x07
2026-09-06T14:34:04.008-03:00,307,0,0,55,3374,0,40000,3500,0,40000,0x07
2026-09-06T14:34:04.028-03:00,308,0,0,52,3374,0,40000,3500,0,40000,0x07
2026-09-06T14:34:04.047-03:00,309,0,0,52,3374,0,40000,3500,0,40000,0x07
2026-09-06T14:34:04.065-03:00,310,0,0,51,3374,0,40000,3500,0,40000,0x07
2026-09-06T14:34:04.088-03:00,311,0,0,51,3374,0,40000,3500,0,40000,0x07
2026-09-06T14:34:04.106-03:00,312,0,0,51,3374,0,40000,3500,0,40000,0x07
2026-09-06T14:34:04.125-03:00,313,0,0,50,3374,0,40000,3500,0,40000,0x07
2026-09-06T14:34:04.148-03:00,314,0,0,50,3374,0,40000,3500,0,40000,0x07
2026-09-06T14:34:04.168-03:00,315,0,0,50,3374,0,40000,3500,0,40000,0x07
2026-09-06T14:34:04.187-03:00,316,0,0,51,3374,0,40000,3500,0,40000,0x07
2026-09-06T14:34:04.205-03:00,317,0,0,51,3374,0,40000,3500,0,40000,0x07
2026-09-06T14:34:04.228-03:00,318,0,0,50,3374,0,40000,3500,0,40000,0x07
2026-09-06T14:34:04.246-03:00,319,0,0,50,3374,0,40000,3500,0,40000,0x07
2026-09-06T14:34:04.264-03:00,320,0,0,50,3374,0,40000,3500,0,40000,0x07
2026-09-06T14:34:04.288-03:00,321,0,0,50,3374,0,40000,3500,0,40000,0x07
2026-09-06T14:34:04.306-03:00,322,0,0,50,3374,0,40000,3500,0,40000,0x07
2026-09-06T14:34:04.324-03:00,323,0,0,55,3374,0,40000,3500,0,40000,0x07
2026-09-06T14:34:04.347-03:00,324,0,0,55,3374,0,40000,3500,0,40000,0x07
2026-09-06T14:34:04.365-03:00,325,0,0,55,3374,0,40000,3500,0,40000,0x07
2026-09-06T14:34:04.385-03:00,326,0,0,50,3374,0,40000,3500,0,40000,0x07
2026-09-06T14:34:04.408-03:00,327,0,0,50,3374,0,40000,3500,0,40000,0x07
2026-09-06T14:34:04.428-03:00,328,0,0,50,3374,0,40000,3500,0,40000,0x07
2026-09-06T14:34:04.446-03:00,329,0,0,54,3374,0,40000,3500,0,40000,0x07
2026-09-06T14:34:04.464-03:00,330,0,0,54,3374,0,40000,3500,0,40000,0x07
2026-09-06T14:34:04.484-03:00,331,0,0,51,3374,0,40000,3500,0,40000,0x07
2026-09-06T14:34:04.504-03:00,332,0,0,51,3374,0,40000,3500,0,40000,0x07
2026-09-06T14:34:04.528-03:00,333,0,0,51,3374,0,40000,3500,0,40000,0x07
2026-09-06T14:34:04.548-03:00,334,0,0,50,3374,0,40000,3500,0,40000,0x07
2026-09-06T14:34:04.566-03:00,335,0,0,50,3374,0,40000,3500,0,40000,0x07
2026-09-06T14:34:04.585-03:00,336,0,0,52,3374,0,40000,3500,0,40000,0x07
2026-09-06T14:34:04.608-03:00,337,0,0,52,3374,0,40000,3500,0,40000,0x07
2026-09-06T14:34:04.627-03:00,338,0,0,52,3374,0,40000,3500,0,40000,0x07
2026-09-06T14:34:04.645-03:00,339,0,0,50,3374,0,40000,3500,0,40000,0x07
2026-09-06T14:34:04.668-03:00,340,0,0,50,3374,0,40000,3500,0,40000,0x07
2026-09-06T14:34:04.688-03:00,341,0,0,56,3374,0,40000,3500,0,40000,0x07
2026-09-06T14:34:04.709-03:00,342,0,0,56,3374,0,40000,3500,0,40000,0x07
2026-09-06T14:34:04.727-03:00,343,0,0,56,3374,0,40000,3500,0,40000,0x07
2026-09-06T14:34:04.746-03:00,344,0,0,50,3374,0,40000,3500,0,40000,0x07
2026-09-06T14:34:04.764-03:00,345,0,0,50,3374,0,40000,3500,0,40000,0x07
2026-09-06T14:34:04.786-03:00,346,0,0,50,3374,0,40000,3500,0,40000,0x07
2026-09-06T14:34:04.805-03:00,347,0,0,50,3374,0,40000,3500,0,40000,0x07
2026-09-06T14:34:04.828-03:00,348,0,0,50,3374,0,40000,3500,0,40000,0x07
2026-09-06T14:34:04.847-03:00,349,0,0,50,3374,0,40000,3500,0,40000,0x07
2026-09-06T14:34:04.865-03:00,350,0,0,50,3374,0,40000,3500,0,40000,0x07
2026-09-06T14:34:04.888-03:00,351,0,0,52,3374,0,40000,3500,0,40000,0x07
2026-09-06T14:34:04.909-03:00,352,0,0,52,3374,0,40000,3500,0,40000,0x07
2026-09-06T14:34:04.927-03:00,353,0,0,52,3374,0,40000,3500,0,40000,0x07
2026-09-06T14:34:04.945-03:00,354,0,0,52,3374,0,40000,3500,0,40000,0x07
2026-09-06T14:34:04.969-03:00,355,0,0,52,3374,0,40000,3500,0,40000,0x07
2026-09-06T14:34:04.989-03:00,356,0,0,52,3374,0,40000,3500,0,40000,0x07
2026-09-06T14:34:05.007-03:00,357,0,0,52,3374,0,40000,3500,0,40000,0x07
2026-09-06T14:34:05.025-03:00,358,0,0,52,3374,0,40000,3500,0,40000,0x07
2026-09-06T14:34:05.046-03:00,359,0,0,56,3374,0,40000,3500,0,40000,0x07
2026-09-06T14:34:05.066-03:00,360,0,0,56,3374,0,40000,3500,0,40000,0x07
2026-09-06T14:34:05.086-03:00,361,0,0,56,3374,0,40000,3500,0,40000,0x07
2026-09-06T14:34:05.104-03:00,362,0,0,50,3374,0,40000,3500,0,40000,0x07
2026-09-06T14:34:05.128-03:00,363,0,0,50,3374,0,40000,3500,0,40000,0x07
2026-09-06T14:34:05.146-03:00,364,0,0,50,3374,0,40000,3500,0,40000,0x07
2026-09-06T14:34:05.166-03:00,365,0,0,52,3374,0,40000,3500,0,40000,0x07
2026-09-06T14:34:05.189-03:00,366,0,0,52,3374,0,40000,3500,0,40000,0x07
2026-09-06T14:34:05.207-03:00,367,0,0,54,3374,0,40000,3500,0,40000,0x07
2026-09-06T14:34:05.226-03:00,368,0,0,54,3374,0,40000,3500,0,40000,0x07
2026-09-06T14:34:05.244-03:00,369,0,0,54,3374,0,40000,3500,0,40000,0x07
2026-09-06T14:34:05.267-03:00,370,0,0,52,3374,0,40000,3500,0,40000,0x07
2026-09-06T14:34:05.286-03:00,371,0,0,52,3374,0,40000,3500,0,40000,0x07
2026-09-06T14:34:05.304-03:00,372,0,0,52,3374,0,40000,3500,0,40000,0x07
2026-09-06T14:34:05.328-03:00,373,0,0,51,3374,0,40000,3500,0,40000,0x07
2026-09-06T14:34:05.346-03:00,374,0,0,51,3374,0,40000,3500,0,40000,0x07
2026-09-06T14:34:05.367-03:00,375,0,0,55,3374,0,40000,3500,0,40000,0x07
2026-09-06T14:34:05.385-03:00,376,0,0,55,3374,0,40000,3500,0,40000,0x07
2026-09-06T14:34:05.409-03:00,377,0,0,55,3374,0,40000,3500,0,40000,0x07
2026-09-06T14:34:05.427-03:00,378,0,0,51,3374,0,40000,3500,0,40000,0x07
2026-09-06T14:34:05.447-03:00,379,0,0,51,3374,0,40000,3500,0,40000,0x07
2026-09-06T14:34:05.467-03:00,380,0,0,55,3374,0,40000,3500,0,40000,0x07
2026-09-06T14:34:05.487-03:00,381,0,0,55,3374,0,40000,3500,0,40000,0x07
2026-09-06T14:34:05.505-03:00,382,0,0,55,3374,0,40000,3500,0,40000,0x07
2026-09-06T14:34:05.529-03:00,383,0,0,51,3374,0,40000,3500,0,40000,0x07
2026-09-06T14:34:05.547-03:00,384,0,0,51,3374,0,40000,3500,0,40000,0x07
2026-09-06T14:34:05.565-03:00,385,0,0,51,3374,0,40000,3500,0,40000,0x07
2026-09-06T14:34:05.588-03:00,386,0,0,50,3374,0,40000,3500,0,40000,0x07
2026-09-06T14:34:05.607-03:00,387,0,0,50,3374,0,40000,3500,0,40000,0x07
2026-09-06T14:34:05.627-03:00,388,0,0,55,3374,0,40000,3500,0,40000,0x07
2026-09-06T14:34:05.645-03:00,389,0,0,55,3374,0,40000,3500,0,40000,0x07
2026-09-06T14:34:05.668-03:00,390,0,0,55,3374,0,40000,3500,0,40000,0x07
2026-09-06T14:34:05.687-03:00,391,0,0,50,3374,0,40000,3500,0,40000,0x07
2026-09-06T14:34:05.705-03:00,392,0,0,50,3374,0,40000,3500,0,40000,0x07
2026-09-06T14:34:05.728-03:00,393,0,0,54,3374,0,40000,3500,0,40000,0x07
2026-09-06T14:34:05.747-03:00,394,0,0,54,3374,0,40000,3500,0,40000,0x07
2026-09-06T14:34:05.767-03:00,395,0,0,54,3374,0,40000,3500,0,40000,0x07
2026-09-06T14:34:05.787-03:00,396,0,0,51,3374,0,40000,3500,0,40000,0x07
2026-09-06T14:34:05.806-03:00,397,0,0,51,3374,0,40000,3500,0,40000,0x07
2026-09-06T14:34:05.824-03:00,398,0,0,51,3374,0,40000,3500,0,40000,0x07
2026-09-06T14:34:05.847-03:00,399,0,0,52,3374,0,40000,3500,0,40000,0x07
2026-09-06T14:34:05.866-03:00,400,0,0,52,3374,0,40000,3500,0,40000,0x07
2026-09-06T14:34:05.888-03:00,401,0,0,52,3374,0,40000,3500,0,40000,0x07
2026-09-06T14:34:05.906-03:00,402,0,0,52,3374,0,40000,3500,0,40000,0x07
2026-09-06T14:34:05.925-03:00,403,0,0,52,3374,0,40000,3500,0,40000,0x07
2026-09-06T14:34:05.948-03:00,404,0,0,52,3374,0,40000,3500,0,40000,0x07
2026-09-06T14:34:05.967-03:00,405,0,0,52,3374,0,40000,3500,0,40000,0x07
2026-09-06T14:34:05.985-03:00,406,0,0,52,3374,0,40000,3500,0,40000,0x07
2026-09-06T14:34:06.009-03:00,407,0,0,51,3374,0,40000,3500,0,40000,0x07
2026-09-06T14:34:06.027-03:00,408,0,0,51,3374,0,40000,3500,0,40000,0x07
2026-09-06T14:34:06.045-03:00,409,0,0,51,3374,0,40000,3500,0,40000,0x07
2026-09-06T14:34:06.066-03:00,410,0,0,51,3374,0,40000,3500,0,40000,0x07
2026-09-06T14:34:06.084-03:00,411,0,0,51,3374,0,40000,3500,0,40000,0x07
2026-09-06T14:34:06.107-03:00,412,0,0,53,3374,0,40000,3500,0,40000,0x07
2026-09-06T14:34:06.125-03:00,413,0,0,53,3374,0,40000,3500,0,40000,0x07
2026-09-06T14:34:06.146-03:00,414,0,0,52,3374,0,40000,3500,0,40000,0x07
2026-09-06T14:34:06.164-03:00,415,0,0,52,3374,0,40000,3500,0,40000,0x07
2026-09-06T14:34:06.187-03:00,416,0,0,52,3374,0,40000,3500,0,40000,0x07
2026-09-06T14:34:06.206-03:00,417,0,0,50,3374,0,40000,3500,0,40000,0x07
2026-09-06T14:34:06.224-03:00,418,0,0,50,3374,0,40000,3500,0,40000,0x07
2026-09-06T14:34:06.248-03:00,419,0,0,55,3374,0,40000,3500,0,40000,0x07
2026-09-06T14:34:06.266-03:00,420,0,0,55,3374,0,40000,3500,0,40000,0x07
2026-09-06T14:34:06.287-03:00,421,0,0,55,3374,0,40000,3500,0,40000,0x07
2026-09-06T14:34:06.305-03:00,422,0,0,50,3374,0,40000,3500,0,40000,0x07
2026-09-06T14:34:06.324-03:00,423,0,0,50,3374,0,40000,3500,0,40000,0x07
2026-09-06T14:34:06.344-03:00,424,0,0,50,3374,0,40000,3500,0,40000,0x07
2026-09-06T14:34:06.365-03:00,425,0,0,52,3374,0,40000,3500,0,40000,0x07
2026-09-06T14:34:06.388-03:00,426,0,0,52,3374,0,40000,3500,0,40000,0x07
2026-09-06T14:34:06.408-03:00,427,0,0,53,3374,0,40000,3500,0,40000,0x07
2026-09-06T14:34:06.426-03:00,428,0,0,53,3374,0,40000,3500,0,40000,0x07
2026-09-06T14:34:06.447-03:00,429,0,0,53,3374,0,40000,3500,0,40000,0x07
2026-09-06T14:34:06.465-03:00,430,0,0,50,3374,0,40000,3500,0,40000,0x07
2026-09-06T14:34:06.485-03:00,431,0,0,50,3374,0,40000,3500,0,40000,0x07
2026-09-06T14:34:06.509-03:00,432,0,0,54,3374,0,40000,3500,0,40000,0x07
2026-09-06T14:34:06.527-03:00,433,0,0,54,3374,0,40000,3500,0,40000,0x07
2026-09-06T14:34:06.545-03:00,434,0,0,54,3374,0,40000,3500,0,40000,0x07
2026-09-06T14:34:06.569-03:00,435,0,0,51,3374,0,40000,3500,0,40000,0x07
2026-09-06T14:34:06.587-03:00,436,0,0,51,3374,0,40000,3500,0,40000,0x07
2026-09-06T14:34:06.607-03:00,437,0,0,51,3374,0,40000,3500,0,40000,0x07
2026-09-06T14:34:06.625-03:00,438,0,0,52,3374,0,40000,3500,0,40000,0x07
2026-09-06T14:34:06.649-03:00,439,0,0,52,3374,0,40000,3500,0,40000,0x07
2026-09-06T14:34:06.667-03:00,440,0,0,55,3374,0,40000,3500,0,40000,0x07
2026-09-06T14:34:06.685-03:00,441,0,0,55,3374,0,40000,3500,0,40000,0x07
2026-09-06T14:34:06.705-03:00,442,0,0,55,3374,0,40000,3500,0,40000,0x07
2026-09-06T14:34:06.728-03:00,443,0,0,51,3374,0,40000,3500,0,40000,0x07
2026-09-06T14:34:06.747-03:00,444,0,0,51,3374,0,40000,3500,0,40000,0x07
2026-09-06T14:34:06.765-03:00,445,0,0,51,3374,0,40000,3500,0,40000,0x07
2026-09-06T14:34:06.789-03:00,446,0,0,53,3374,0,40000,3500,0,40000,0x07
2026-09-06T14:34:06.807-03:00,447,0,0,53,3374,0,40000,3500,0,40000,0x07
2026-09-06T14:34:06.825-03:00,448,0,0,56,3374,0,40000,3500,0,40000,0x07
2026-09-06T14:34:06.849-03:00,449,0,0,56,3374,0,40000,3500,0,40000,0x07
2026-09-06T14:34:06.869-03:00,450,0,0,56,3374,0,40000,3500,0,40000,0x07
2026-09-06T14:34:06.887-03:00,451,0,0,51,3374,0,40000,3500,0,40000,0x07
2026-09-06T14:34:06.905-03:00,452,0,0,51,3374,0,40000,3500,0,40000,0x07
2026-09-06T14:34:06.929-03:00,453,0,0,53,3374,0,40000,3500,0,40000,0x07
2026-09-06T14:34:06.947-03:00,454,0,0,53,3374,0,40000,3500,0,40000,0x07
2026-09-06T14:34:06.966-03:00,455,0,0,53,3374,0,40000,3500,0,40000,0x07
2026-09-06T14:34:06.989-03:00,456,0,0,51,3374,0,40000,3500,0,40000,0x07
2026-09-06T14:34:07.007-03:00,457,0,0,51,3374,0,40000,3500,0,40000,0x07
2026-09-06T14:34:07.025-03:00,458,0,0,51,3374,0,40000,3500,0,40000,0x07
2026-09-06T14:34:07.047-03:00,459,0,0,51,3374,0,40000,3500,0,40000,0x07
2026-09-06T14:34:07.066-03:00,460,0,0,51,3374,0,40000,3500,0,40000,0x07
2026-09-06T14:34:07.084-03:00,461,0,0,53,3374,0,40000,3500,0,40000,0x07
2026-09-06T14:34:07.108-03:00,462,0,0,53,3374,0,40000,3500,0,40000,0x07
2026-09-06T14:34:07.125-03:00,463,0,0,53,3374,0,40000,3500,0,40000,0x07
2026-09-06T14:34:07.148-03:00,464,0,0,50,3374,0,40000,3500,0,40000,0x07
2026-09-06T14:34:07.166-03:00,465,0,0,50,3374,0,40000,3500,0,40000,0x07
2026-09-06T14:34:07.187-03:00,466,0,0,50,3374,0,40000,3500,0,40000,0x07
2026-09-06T14:34:07.205-03:00,467,0,0,54,3374,0,40000,3500,0,40000,0x07
2026-09-06T14:34:07.229-03:00,468,0,0,54,3374,0,40000,3500,0,40000,0x07
2026-09-06T14:34:07.247-03:00,469,0,0,52,3374,0,40000,3500,0,40000,0x07
2026-09-06T14:34:07.266-03:00,470,0,0,52,3374,0,40000,3500,0,40000,0x07
2026-09-06T14:34:07.286-03:00,471,0,0,50,3374,0,40000,3500,0,40000,0x07
2026-09-06T14:34:07.304-03:00,472,0,0,50,3374,0,40000,3500,0,40000,0x07
2026-09-06T14:34:07.327-03:00,473,0,0,50,3374,0,40000,3500,0,40000,0x07
2026-09-06T14:34:07.345-03:00,474,0,0,55,3374,0,40000,3500,0,40000,0x07
2026-09-06T14:34:07.365-03:00,475,0,0,55,3374,0,40000,3500,0,40000,0x07
2026-09-06T14:34:07.385-03:00,476,0,0,55,3374,0,40000,3500,0,40000,0x07
2026-09-06T14:34:07.409-03:00,477,0,0,52,3374,0,40000,3500,0,40000,0x07
2026-09-06T14:34:07.427-03:00,478,0,0,52,3374,0,40000,3500,0,40000,0x07
2026-09-06T14:34:07.446-03:00,479,0,0,52,3374,0,40000,3500,0,40000,0x07
2026-09-06T14:34:07.464-03:00,480,0,0,51,3374,0,40000,3500,0,40000,0x07
2026-09-06T14:34:07.487-03:00,481,0,0,51,3374,0,40000,3500,0,40000,0x07
2026-09-06T14:34:07.506-03:00,482,0,0,56,3374,0,40000,3500,0,40000,0x07
2026-09-06T14:34:07.529-03:00,483,0,0,56,3374,0,40000,3500,0,40000,0x07
2026-09-06T14:34:07.544-03:00,484,0,0,56,3374,0,40000,3500,0,40000,0x07
2026-09-06T14:34:07.567-03:00,485,0,0,52,3374,0,40000,3500,0,40000,0x07
2026-09-06T14:34:07.585-03:00,486,0,0,52,3374,0,40000,3500,0,40000,0x07
2026-09-06T14:34:07.609-03:00,487,0,0,52,3374,0,40000,3500,0,40000,0x07
2026-09-06T14:34:07.627-03:00,488,0,0,52,3374,0,40000,3500,0,40000,0x07
2026-09-06T14:34:07.645-03:00,489,0,0,52,3374,0,40000,3500,0,40000,0x07
2026-09-06T14:34:07.669-03:00,490,0,0,52,3374,0,40000,3500,0,40000,0x07
2026-09-06T14:34:07.687-03:00,491,0,0,52,3374,0,40000,3500,0,40000,0x07
2026-09-06T14:34:07.707-03:00,492,0,0,52,3374,0,40000,3500,0,40000,0x07
2026-09-06T14:34:07.726-03:00,493,0,0,51,3374,0,40000,3500,0,40000,0x07
2026-09-06T14:34:07.744-03:00,494,0,0,51,3374,0,40000,3500,0,40000,0x07
2026-09-06T14:34:07.765-03:00,495,0,0,56,3374,0,40000,3500,0,40000,0x07
2026-09-06T14:34:07.788-03:00,496,0,0,56,3374,0,40000,3500,0,40000,0x07
2026-09-06T14:34:07.833-03:00,497,0,0,56,3374,0,40000,3500,0,40000,0x07
2026-09-06T14:34:07.878-03:00,498,0,0,56,3374,0,40000,3500,0,40000,0x07
2026-09-06T14:34:07.922-03:00,499,0,0,56,3374,0,40000,3500,0,40000,0x07
2026-09-06T14:34:07.967-03:00,500,0,0,51,3374,0,40000,3500,0,40000,0x07
2026-09-06T14:34:08.011-03:00,501,0,0,51,0,0,0,0,0,0,0x03
