timestamp,sequence,team,robot_id,interval_ms,left_target_eps,left_measured_eps,left_duty,right_target_eps,right_measured_eps,right_duty,flags
2026-09-06T10:47:29.668,90,0,2,50,0,0,0,0,0,0,0x03
2026-09-06T10:47:29.732,91,0,2,52,0,0,0,0,0,0,0x03
2026-09-06T10:47:29.797,92,0,2,52,0,0,0,0,0,0,0x03
2026-09-06T10:47:29.862,0,0,2,50,0,0,0,0,0,0,0x03
2026-09-06T10:47:29.943,1,0,2,51,0,0,0,0,0,0,0x03
2026-09-06T10:47:29.991,2,0,2,50,0,0,0,0,0,0,0x03
2026-09-06T10:47:30.072,3,0,2,50,0,0,0,0,0,0,0x03
2026-09-06T10:47:30.138,4,0,2,51,0,0,0,0,0,0,0x03
2026-09-06T10:47:30.203,5,0,2,50,0,0,0,0,0,0,0x03
2026-09-06T10:47:30.267,6,0,2,50,0,0,0,0,0,0,0x03
2026-09-06T10:47:30.332,7,0,2,51,0,0,0,0,0,0,0x03
2026-09-06T10:47:30.397,8,0,2,50,0,0,0,0,0,0,0x03
2026-09-06T10:47:30.462,9,0,2,54,0,0,0,0,0,0,0x03
2026-09-06T10:47:30.527,10,0,2,50,0,0,0,0,0,0,0x03
2026-09-06T10:47:30.609,11,0,2,50,0,0,0,0,0,0,0x03
2026-09-06T10:47:30.673,12,0,2,51,0,0,0,0,0,0,0x03
2026-09-06T10:47:30.739,13,0,2,50,0,0,0,0,0,0,0x03
2026-09-06T10:47:30.803,14,0,2,51,0,0,0,0,0,0,0x03
2026-09-06T10:47:30.868,15,0,2,54,0,0,0,0,0,0,0x03
2026-09-06T10:47:30.933,16,0,2,51,0,0,0,0,0,0,0x03
2026-09-06T10:47:30.998,17,0,2,51,0,0,0,0,0,0,0x03
2026-09-06T10:47:31.078,18,0,2,51,0,0,0,0,0,0,0x03
2026-09-06T10:47:31.143,19,0,2,51,0,0,0,0,0,0,0x03
2026-09-06T10:47:31.208,20,0,2,51,0,0,23626,0,0,28214,0x07
2026-09-06T10:47:31.467,21,0,2,50,2943,700,34339,3268,1000,36420,0x07
2026-09-06T10:47:38.048,22,0,2,50,2943,580,34849,3268,780,37355,0x07
