timestamp,sequence,team,robot_id,interval_ms,left_target_eps,left_measured_eps,left_duty,right_target_eps,right_measured_eps,right_duty,flags
2026-09-06T13:57:41.753-03:00,51,0,0,51,0,0,0,0,0,0,0x03
2026-09-06T13:57:41.776-03:00,52,0,0,51,0,0,0,0,0,0,0x03
2026-09-06T13:57:41.792-03:00,53,0,0,51,0,0,0,0,0,0,0x03
2026-09-06T13:57:41.834-03:00,55,0,0,54,0,0,0,0,0,0,0x03
2026-09-06T13:57:41.874-03:00,55,0,0,54,0,0,0,0,0,0,0x03
2026-09-06T13:57:41.874-03:00,55,0,0,50,0,0,0,0,0,0,0x03
2026-09-06T13:57:41.913-03:00,55,0,0,50,0,0,0,0,0,0,0x03
2026-09-06T13:57:41.953-03:00,55,0,0,50,0,0,0,0,0,0,0x03
2026-09-06T13:57:41.953-03:00,55,0,0,52,0,0,0,0,0,0,0x03
2026-09-06T13:57:41.995-03:00,10,0,0,58,3374,0,40000,3500,0,40000,0x07
2026-09-06T13:57:42.035-03:00,12,0,0,58,3374,0,40000,3500,0,40000,0x07
2026-09-06T13:57:42.035-03:00,13,0,0,50,3374,0,40000,3500,0,40000,0x07
2026-09-06T13:57:42.056-03:00,14,0,0,50,3374,0,40000,3500,0,40000,0x07
2026-09-06T13:57:42.076-03:00,16,0,0,52,3374,0,40000,3500,0,40000,0x07
2026-09-06T13:57:42.156-03:00,17,0,0,52,3374,0,40000,3500,0,40000,0x07
2026-09-06T13:57:42.156-03:00,18,0,0,52,3374,0,40000,3500,0,40000,0x07
2026-09-06T13:57:42.236-03:00,19,0,0,56,3374,0,40000,3500,0,40000,0x07
2026-09-06T13:57:42.236-03:00,20,0,0,56,3374,0,40000,3500,0,40000,0x07
2026-09-06T13:57:42.314-03:00,23,0,0,51,3374,0,40000,3500,0,40000,0x07
2026-09-06T13:57:42.314-03:00,24,0,0,51,3374,0,40000,3500,0,40000,0x07
2026-09-06T13:57:42.394-03:00,27,0,0,52,3374,0,40000,3500,0,40000,0x07
2026-09-06T13:57:42.414-03:00,28,0,0,52,3374,0,40000,3500,0,40000,0x07
2026-09-06T13:57:42.454-03:00,31,0,0,51,3374,0,40000,3500,0,40000,0x07
2026-09-06T13:57:42.477-03:00,32,0,0,51,3374,0,40000,3500,0,40000,0x07
2026-09-06T13:57:42.554-03:00,35,0,0,52,3374,0,40000,3500,0,40000,0x07
2026-09-06T13:57:42.554-03:00,36,0,0,52,3374,0,40000,3500,0,40000,0x07
2026-09-06T13:57:42.654-03:00,38,0,0,51,3374,0,40000,3500,0,40000,0x07
2026-09-06T13:57:42.693-03:00,40,0,0,53,3374,0,40000,3500,0,40000,0x07
2026-09-06T13:57:42.714-03:00,43,0,0,50,3374,0,40000,3500,0,40000,0x07
2026-09-06T13:57:42.757-03:00,44,0,0,52,3374,0,40000,3500,0,40000,0x07
2026-09-06T13:57:42.757-03:00,48,0,0,56,3374,0,40000,3500,0,40000,0x07
2026-09-06T13:57:42.774-03:00,50,0,0,56,3374,0,40000,3500,0,40000,0x07
2026-09-06T13:57:42.792-03:00,52,0,0,56,3374,0,40000,3500,0,40000,0x07
2026-09-06T13:57:42.815-03:00,53,0,0,52,3374,0,40000,3500,0,40000,0x07
2026-09-06T13:57:42.833-03:00,54,0,0,52,3374,0,40000,3500,0,40000,0x07
2026-09-06T13:57:42.855-03:00,55,0,0,52,3374,0,40000,3500,0,40000,0x07
2026-09-06T13:57:42.874-03:00,56,0,0,54,3374,0,40000,3500,0,40000,0x07
2026-09-06T13:57:42.892-03:00,57,0,0,54,3374,0,40000,3500,0,40000,0x07
2026-09-06T13:57:42.914-03:00,58,0,0,54,3374,0,40000,3500,0,40000,0x07
2026-09-06T13:57:42.937-03:00,59,0,0,54,3374,0,40000,3500,0,40000,0x07
2026-09-06T13:57:42.955-03:00,60,0,0,54,3374,0,40000,3500,0,40000,0x07
2026-09-06T13:57:42.973-03:00,61,0,0,52,3374,0,40000,3500,0,40000,0x07
2026-09-06T13:57:42.993-03:00,62,0,0,52,3374,0,40000,3500,0,40000,0x07
2026-09-06T13:57:43.015-03:00,63,0,0,52,3374,0,40000,3500,0,40000,0x07
2026-09-06T13:57:43.033-03:00,64,0,0,51,3374,0,40000,3500,0,40000,0x07
2026-09-06T13:57:43.056-03:00,65,0,0,51,3374,0,40000,3500,0,40000,0x07
2026-09-06T13:57:43.074-03:00,66,0,0,50,3374,0,40000,3500,0,40000,0x07
2026-09-06T13:57:43.097-03:00,67,0,0,50,3374,0,40000,3500,0,40000,0x07
2026-09-06T13:57:43.114-03:00,68,0,0,50,3374,0,40000,3500,0,40000,0x07
2026-09-06T13:57:43.134-03:00,69,0,0,51,3374,0,40000,3500,0,40000,0x07
2026-09-06T13:57:43.155-03:00,70,0,0,51,3374,0,40000,3500,0,40000,0x07
2026-09-06T13:57:43.173-03:00,71,0,0,50,3374,0,40000,3500,0,40000,0x07
2026-09-06T13:57:43.196-03:00,72,0,0,50,3374,0,40000,3500,0,40000,0x07
2026-09-06T13:57:43.214-03:00,73,0,0,50,3374,0,40000,3500,0,40000,0x07
2026-09-06T13:57:43.237-03:00,74,0,0,52,3374,0,40000,3500,0,40000,0x07
2026-09-06T13:57:43.253-03:00,75,0,0,52,3374,0,40000,3500,0,40000,0x07
2026-09-06T13:57:43.275-03:00,76,0,0,50,3374,0,40000,3500,0,40000,0x07
2026-09-06T13:57:43.314-03:00,77,0,0,50,3374,0,40000,3500,0,40000,0x07
2026-09-06T13:57:43.332-03:00,78,0,0,51,3374,0,40000,3500,0,40000,0x07
2026-09-06T13:57:43.355-03:00,79,0,0,51,3374,0,40000,3500,0,40000,0x07
2026-09-06T13:57:43.394-03:00,80,0,0,51,3374,0,40000,3500,0,40000,0x07
2026-09-06T13:57:43.412-03:00,81,0,0,51,3374,0,40000,3500,0,40000,0x07
2026-09-06T13:57:43.412-03:00,82,0,0,51,3374,0,40000,3500,0,40000,0x07
2026-09-06T13:57:43.434-03:00,83,0,0,51,3374,0,40000,3500,0,40000,0x07
2026-09-06T13:57:43.453-03:00,84,0,0,52,3374,0,40000,3500,0,40000,0x07
2026-09-06T13:57:43.476-03:00,85,0,0,52,3374,0,40000,3500,0,40000,0x07
2026-09-06T13:57:43.495-03:00,86,0,0,51,3374,0,40000,3500,0,40000,0x07
2026-09-06T13:57:43.513-03:00,87,0,0,51,3374,0,40000,3500,0,40000,0x07
2026-09-06T13:57:43.535-03:00,88,0,0,51,3374,0,40000,3500,0,40000,0x07
2026-09-06T13:57:43.553-03:00,89,0,0,50,3374,0,40000,3500,0,40000,0x07
2026-09-06T13:57:43.574-03:00,90,0,0,50,3374,0,40000,3500,0,40000,0x07
2026-09-06T13:57:43.613-03:00,91,0,0,51,3374,0,40000,3500,0,40000,0x07
2026-09-06T13:57:43.613-03:00,92,0,0,51,3374,0,40000,3500,0,40000,0x07
2026-09-06T13:57:43.633-03:00,93,0,0,51,3374,0,40000,3500,0,40000,0x07
2026-09-06T13:57:43.656-03:00,94,0,0,51,3374,0,40000,3500,0,40000,0x07
2026-09-06T13:57:43.674-03:00,95,0,0,51,3374,0,40000,3500,0,40000,0x07
2026-09-06T13:57:43.695-03:00,96,0,0,51,3374,0,40000,3500,0,40000,0x07
2026-09-06T13:57:43.754-03:00,97,0,0,50,3374,0,40000,3500,0,40000,0x07
2026-09-06T13:57:43.834-03:00,98,0,0,50,3374,0,40000,3500,0,40000,0x07
2026-09-06T13:57:43.834-03:00,99,0,0,51,3374,0,40000,3500,0,40000,0x07
2026-09-06T13:57:43.853-03:00,100,0,0,50,3374,0,40000,3500,0,40000,0x07
2026-09-06T13:57:43.913-03:00,101,0,0,52,3374,0,40000,3500,0,40000,0x07
2026-09-06T13:57:43.995-03:00,104,0,0,52,3374,0,40000,3500,0,40000,0x07
2026-09-06T13:57:43.995-03:00,107,0,0,52,3374,0,40000,3500,0,40000,0x07
2026-09-06T13:57:44.072-03:00,108,0,0,50,3374,0,40000,3500,0,40000,0x07
2026-09-06T13:57:44.073-03:00,109,0,0,50,3374,0,40000,3500,0,40000,0x07
2026-09-06T13:57:44.137-03:00,112,0,0,54,3374,0,40000,3500,0,40000,0x07
2026-09-06T13:57:44.214-03:00,115,0,0,51,3374,0,40000,3500,0,40000,0x07
2026-09-06T13:57:44.234-03:00,116,0,0,51,3374,0,40000,3500,0,40000,0x07
2026-09-06T13:57:44.234-03:00,119,0,0,50,3374,0,40000,3500,0,40000,0x07
2026-09-06T13:57:44.293-03:00,120,0,0,57,3374,0,40000,3500,0,40000,0x07
2026-09-06T13:57:44.293-03:00,123,0,0,57,3374,0,40000,3500,0,40000,0x07
2026-09-06T13:57:44.313-03:00,126,0,0,57,3374,0,40000,3500,0,40000,0x07
2026-09-06T13:57:44.335-03:00,127,0,0,50,3374,0,40000,3500,0,40000,0x07
2026-09-06T13:57:44.437-03:00,128,0,0,50,3374,0,40000,3500,0,40000,0x07
2026-09-06T13:57:44.472-03:00,130,0,0,51,3374,0,40000,3500,0,40000,0x07
2026-09-06T13:57:44.556-03:00,131,0,0,51,3374,0,40000,3500,0,40000,0x07
2026-09-06T13:57:44.556-03:00,132,0,0,51,3374,0,40000,3500,0,40000,0x07
2026-09-06T13:57:44.633-03:00,133,0,0,50,3374,0,40000,3500,0,40000,0x07
2026-09-06T13:57:44.654-03:00,137,0,0,50,3374,0,40000,3500,0,40000,0x07
2026-09-06T13:57:44.654-03:00,140,0,0,50,3374,0,40000,3500,0,40000,0x07
2026-09-06T13:57:44.714-03:00,143,0,0,50,3374,0,40000,3500,0,40000,0x07
2026-09-06T13:57:44.755-03:00,144,0,0,50,3374,0,40000,3500,0,40000,0x07
2026-09-06T13:57:44.792-03:00,147,0,0,50,3374,0,40000,3500,0,40000,0x07
2026-09-06T13:57:44.814-03:00,148,0,0,50,3374,0,40000,3500,0,40000,0x07
2026-09-06T13:57:44.894-03:00,149,0,0,50,3374,0,40000,3500,0,40000,0x07
2026-09-06T13:57:44.953-03:00,152,0,0,51,3374,0,40000,3500,0,40000,0x07
2026-09-06T13:57:44.972-03:00,153,0,0,51,3374,0,40000,3500,0,40000,0x07
2026-09-06T13:57:45.036-03:00,155,0,0,50,3374,0,40000,3500,0,40000,0x07
2026-09-06T13:57:45.037-03:00,156,0,0,52,3374,0,40000,3500,0,40000,0x07
2026-09-06T13:57:45.055-03:00,160,0,0,52,3374,0,40000,3500,0,40000,0x07
2026-09-06T13:57:45.115-03:00,163,0,0,55,3374,0,40000,3500,0,40000,0x07
2026-09-06T13:57:45.155-03:00,164,0,0,55,3374,0,40000,3500,0,40000,0x07
2026-09-06T13:57:45.155-03:00,167,0,0,55,3374,0,40000,3500,0,40000,0x07
2026-09-06T13:57:45.196-03:00,168,0,0,51,3374,0,40000,3500,0,40000,0x07
2026-09-06T13:57:45.255-03:00,169,0,0,51,3374,0,40000,3500,0,40000,0x07
2026-09-06T13:57:45.293-03:00,172,0,0,51,3374,0,40000,3500,0,40000,0x07
2026-09-06T13:57:45.353-03:00,173,0,0,50,3374,0,40000,3500,0,40000,0x07
2026-09-06T13:57:45.353-03:00,174,0,0,50,3374,0,40000,3500,0,40000,0x07
2026-09-06T13:57:45.375-03:00,176,0,0,54,3374,0,40000,3500,0,40000,0x07
2026-09-06T13:57:45.413-03:00,178,0,0,51,3374,0,40000,3500,0,40000,0x07
2026-09-06T13:57:45.436-03:00,180,0,0,51,3374,0,40000,3500,0,40000,0x07
2026-09-06T13:57:45.593-03:00,183,0,0,51,3374,0,40000,3500,0,40000,0x07
2026-09-06T13:57:45.593-03:00,184,0,0,51,3374,0,40000,3500,0,40000,0x07
2026-09-06T13:57:45.616-03:00,185,0,0,56,3374,0,40000,3500,0,40000,0x07
2026-09-06T13:57:45.676-03:00,186,0,0,50,3374,0,40000,3500,0,40000,0x07
2026-09-06T13:57:45.676-03:00,188,0,0,56,3374,0,40000,3500,0,40000,0x07
2026-09-06T13:57:45.753-03:00,195,0,0,56,3374,0,40000,3500,0,40000,0x07
2026-09-06T13:57:45.776-03:00,196,0,0,50,3374,0,40000,3500,0,40000,0x07
2026-09-06T13:57:45.796-03:00,197,0,0,50,3374,0,40000,3500,0,40000,0x07
2026-09-06T13:57:45.833-03:00,199,0,0,53,3374,0,40000,3500,0,40000,0x07
2026-09-06T13:57:45.853-03:00,200,0,0,53,3374,0,40000,3500,0,40000,0x07
2026-09-06T13:57:45.914-03:00,203,0,0,50,3374,0,40000,3500,0,40000,0x07
2026-09-06T13:57:45.914-03:00,204,0,0,50,3374,0,40000,3500,0,40000,0x07
2026-09-06T13:57:45.993-03:00,206,0,0,50,3374,0,40000,3500,0,40000,0x07
2026-09-06T13:57:46.012-03:00,208,0,0,54,3374,0,40000,3500,0,40000,0x07
2026-09-06T13:57:46.072-03:00,209,0,0,54,3374,0,40000,3500,0,40000,0x07
2026-09-06T13:57:46.072-03:00,211,0,0,51,3374,0,40000,3500,0,40000,0x07
2026-09-06T13:57:46.154-03:00,212,0,0,51,3374,0,40000,3500,0,40000,0x07
2026-09-06T13:57:46.154-03:00,215,0,0,54,3374,0,40000,3500,0,40000,0x07
2026-09-06T13:57:46.193-03:00,216,0,0,54,3374,0,40000,3500,0,40000,0x07
2026-09-06T13:57:46.193-03:00,219,0,0,51,3374,0,40000,3500,0,40000,0x07
2026-09-06T13:57:46.213-03:00,220,0,0,51,3374,0,40000,3500,0,40000,0x07
2026-09-06T13:57:46.235-03:00,223,0,0,52,3374,0,40000,3500,0,40000,0x07
2026-09-06T13:57:46.296-03:00,224,0,0,52,3374,0,40000,3500,0,40000,0x07
2026-09-06T13:57:46.354-03:00,225,0,0,55,3374,0,40000,3500,0,40000,0x07
2026-09-06T13:57:46.596-03:00,226,0,0,55,3374,0,40000,3500,0,40000,0x07
2026-09-06T13:57:46.655-03:00,227,0,0,50,3374,0,40000,3500,0,40000,0x07
2026-09-06T13:57:47.057-03:00,228,0,0,50,3374,0,40000,3500,0,40000,0x07
2026-09-06T13:57:47.097-03:00,230,0,0,51,0,0,28094,0,0,28548,0x07
2026-09-06T13:57:47.174-03:00,233,0,0,50,3374,0,40000,3500,0,40000,0x07
2026-09-06T13:57:47.333-03:00,245,0,0,50,0,0,28094,0,0,28548,0x07
2026-09-06T13:57:47.375-03:00,248,0,0,51,3374,0,40000,3500,0,40000,0x07
2026-09-06T13:57:47.413-03:00,268,0,0,51,3374,0,40000,3500,0,40000,0x07
2026-09-06T13:57:47.457-03:00,271,0,0,50,0,0,28094,0,0,28548,0x07
2026-09-06T13:57:47.457-03:00,274,0,0,50,3374,0,40000,3500,0,40000,0x07
2026-09-06T13:57:47.476-03:00,282,0,0,51,3374,0,40000,3500,0,40000,0x07
2026-09-06T13:57:47.555-03:00,285,0,0,55,3374,0,40000,3500,0,40000,0x07
2026-09-06T13:57:47.677-03:00,286,0,0,55,3374,0,40000,3500,0,40000,0x07
2026-09-06T13:57:47.695-03:00,288,0,0,55,3374,0,40000,3500,0,40000,0x07
2026-09-06T13:57:47.756-03:00,289,0,0,51,3374,0,40000,3500,0,40000,0x07
2026-09-06T13:57:47.853-03:00,290,0,0,50,3374,0,40000,3500,0,40000,0x07
2026-09-06T13:57:47.876-03:00,293,0,0,50,3374,0,40000,3500,0,40000,0x07
2026-09-06T13:57:47.877-03:00,299,0,0,57,3374,0,40000,3500,0,40000,0x07
2026-09-06T13:57:47.932-03:00,300,0,0,51,3374,0,40000,3500,0,40000,0x07
2026-09-06T13:57:47.933-03:00,303,0,0,55,3374,0,40000,3500,0,40000,0x07
2026-09-06T13:57:48.036-03:00,308,0,0,55,3374,0,40000,3500,0,40000,0x07
2026-09-06T13:57:48.036-03:00,309,0,0,51,3374,0,40000,3500,0,40000,0x07
2026-09-06T13:57:48.054-03:00,310,0,0,51,3374,0,40000,3500,0,40000,0x07
2026-09-06T13:57:48.175-03:00,312,0,0,50,3374,0,40000,3500,0,40000,0x07
2026-09-06T13:57:48.193-03:00,313,0,0,50,3374,0,40000,3500,0,40000,0x07
2026-09-06T13:57:48.294-03:00,317,0,0,50,3374,0,40000,3500,0,40000,0x07
2026-09-06T13:57:48.333-03:00,318,0,0,55,3374,0,40000,3500,0,40000,0x07
2026-09-06T13:57:48.376-03:00,319,0,0,55,3374,0,40000,3500,0,40000,0x07
2026-09-06T13:57:48.397-03:00,324,0,0,50,3374,0,40000,3500,0,40000,0x07
2026-09-06T13:57:48.715-03:00,325,0,0,51,3374,0,40000,3500,0,40000,0x07
2026-09-06T13:57:48.835-03:00,330,0,0,51,3374,0,40000,3500,0,40000,0x07
2026-09-06T13:57:48.895-03:00,333,0,0,50,3374,0,40000,3500,0,40000,0x07
2026-09-06T13:57:49.034-03:00,334,0,0,50,0,0,28094,0,0,28548,0x07
2026-09-06T13:57:49.116-03:00,336,0,0,52,3374,0,40000,3500,0,40000,0x07
2026-09-06T13:57:49.175-03:00,352,0,0,51,3374,0,40000,3500,0,40000,0x07
2026-09-06T13:57:49.277-03:00,357,0,0,50,3374,0,40000,3500,0,40000,0x07
2026-09-06T13:57:49.277-03:00,360,0,0,50,3374,0,40000,3500,0,40000,0x07
2026-09-06T13:57:49.334-03:00,367,0,0,51,3374,0,40000,3500,0,40000,0x07
2026-09-06T13:57:49.496-03:00,371,0,0,52,3374,0,40000,3500,0,40000,0x07
2026-09-06T13:57:49.496-03:00,375,0,0,52,3374,0,40000,3500,0,40000,0x07
2026-09-06T13:57:49.635-03:00,379,0,0,52,3374,0,40000,3500,0,40000,0x07
2026-09-06T13:57:49.635-03:00,380,0,0,51,0,0,28094,0,0,28548,0x07
2026-09-06T13:57:49.835-03:00,382,0,0,51,3374,0,40000,3500,0,40000,0x07
2026-09-06T13:57:50.012-03:00,390,0,0,51,3374,0,40000,3500,0,40000,0x07
2026-09-06T13:57:50.013-03:00,391,0,0,51,3374,0,40000,3500,0,40000,0x07
2026-09-06T13:57:50.074-03:00,397,0,0,51,0,0,28094,0,0,28548,0x07
2026-09-06T13:57:50.094-03:00,398,0,0,58,3374,0,40000,3500,0,40000,0x07
2026-09-06T13:57:50.132-03:00,407,0,0,58,3374,0,40000,3500,0,40000,0x07
2026-09-06T13:57:50.132-03:00,416,0,0,50,3374,0,40000,3500,0,40000,0x07
2026-09-06T13:57:50.156-03:00,417,0,0,50,3374,0,40000,3500,0,40000,0x07
2026-09-06T13:57:50.176-03:00,419,0,0,52,3374,0,40000,3500,0,40000,0x07
2026-09-06T13:57:50.194-03:00,421,0,0,52,3374,0,40000,3500,0,40000,0x07
2026-09-06T13:57:50.213-03:00,422,0,0,54,3374,0,40000,3500,0,40000,0x07
2026-09-06T13:57:50.235-03:00,423,0,0,54,3374,0,40000,3500,0,40000,0x07
2026-09-06T13:57:50.275-03:00,424,0,0,54,3374,0,40000,3500,0,40000,0x07
2026-09-06T13:57:50.275-03:00,425,0,0,56,3374,0,40000,3500,0,40000,0x07
2026-09-06T13:57:50.294-03:00,426,0,0,56,3374,0,40000,3500,0,40000,0x07
2026-09-06T13:57:50.312-03:00,427,0,0,56,3374,0,40000,3500,0,40000,0x07
2026-09-06T13:57:50.335-03:00,428,0,0,52,3374,0,40000,3500,0,40000,0x07
2026-09-06T13:57:50.357-03:00,429,0,0,52,3374,0,40000,3500,0,40000,0x07
2026-09-06T13:57:50.375-03:00,430,0,0,52,3374,0,40000,3500,0,40000,0x07
2026-09-06T13:57:50.394-03:00,431,0,0,51,3374,0,40000,3500,0,40000,0x07
2026-09-06T13:57:50.414-03:00,432,0,0,51,3374,0,40000,3500,0,40000,0x07
2026-09-06T13:57:50.434-03:00,433,0,0,50,3374,0,40000,3500,0,40000,0x07
2026-09-06T13:57:50.452-03:00,434,0,0,50,3374,0,40000,3500,0,40000,0x07
2026-09-06T13:57:50.475-03:00,435,0,0,50,3374,0,40000,3500,0,40000,0x07
2026-09-06T13:57:50.492-03:00,436,0,0,54,3374,0,40000,3500,0,40000,0x07
2026-09-06T13:57:50.516-03:00,437,0,0,54,3374,0,40000,3500,0,40000,0x07
2026-09-06T13:57:50.557-03:00,438,0,0,56,3374,0,40000,3500,0,40000,0x07
2026-09-06T13:57:50.557-03:00,439,0,0,56,3374,0,40000,3500,0,40000,0x07
2026-09-06T13:57:50.573-03:00,440,0,0,56,3374,0,40000,3500,0,40000,0x07
2026-09-06T13:57:50.595-03:00,441,0,0,57,3374,0,40000,3500,0,40000,0x07
2026-09-06T13:57:50.636-03:00,442,0,0,57,3374,0,40000,3500,0,40000,0x07
2026-09-06T13:57:50.652-03:00,443,0,0,57,3374,0,40000,3500,0,40000,0x07
2026-09-06T13:57:50.675-03:00,444,0,0,52,3374,0,40000,3500,0,40000,0x07
2026-09-06T13:57:50.715-03:00,445,0,0,54,3374,0,40000,3500,0,40000,0x07
2026-09-06T13:57:50.715-03:00,446,0,0,54,3374,0,40000,3500,0,40000,0x07
2026-09-06T13:57:50.755-03:00,448,0,0,54,3374,0,40000,3500,0,40000,0x07
2026-09-06T13:57:50.776-03:00,449,0,0,54,3374,0,40000,3500,0,40000,0x07
2026-09-06T13:57:50.793-03:00,450,0,0,54,3374,0,40000,3500,0,40000,0x07
2026-09-06T13:57:50.816-03:00,451,0,0,54,3374,0,40000,3500,0,40000,0x07
2026-09-06T13:57:50.894-03:00,452,0,0,52,3374,0,40000,3500,0,40000,0x07
2026-09-06T13:57:50.916-03:00,453,0,0,52,3374,0,40000,3500,0,40000,0x07
2026-09-06T13:57:50.916-03:00,455,0,0,53,3374,0,40000,3500,0,40000,0x07
2026-09-06T13:57:50.933-03:00,456,0,0,51,3374,0,40000,3500,0,40000,0x07
2026-09-06T13:57:50.952-03:00,457,0,0,51,3374,0,40000,3500,0,40000,0x07
2026-09-06T13:57:50.972-03:00,460,0,0,51,3374,0,40000,3500,0,40000,0x07
2026-09-06T13:57:50.994-03:00,461,0,0,51,3374,0,40000,3500,0,40000,0x07
2026-09-06T13:57:51.015-03:00,462,0,0,52,3374,0,40000,3500,0,40000,0x07
2026-09-06T13:57:51.036-03:00,463,0,0,52,3374,0,40000,3500,0,40000,0x07
2026-09-06T13:57:51.096-03:00,464,0,0,52,3374,0,40000,3500,0,40000,0x07
2026-09-06T13:57:51.116-03:00,465,0,0,51,3374,0,40000,3500,0,40000,0x07
2026-09-06T13:57:51.156-03:00,466,0,0,51,3374,0,40000,3500,0,40000,0x07
2026-09-06T13:57:51.156-03:00,467,0,0,51,3374,0,40000,3500,0,40000,0x07
2026-09-06T13:57:51.195-03:00,468,0,0,52,3374,0,40000,3500,0,40000,0x07
2026-09-06T13:57:51.195-03:00,471,0,0,52,3374,0,40000,3500,0,40000,0x07
2026-09-06T13:57:51.212-03:00,472,0,0,50,3374,0,40000,3500,0,40000,0x07
2026-09-06T13:57:51.255-03:00,473,0,0,50,3374,0,40000,3500,0,40000,0x07
2026-09-06T13:57:51.255-03:00,474,0,0,50,3374,0,40000,3500,0,40000,0x07
2026-09-06T13:57:51.272-03:00,475,0,0,50,3374,0,40000,3500,0,40000,0x07
2026-09-06T13:57:51.292-03:00,476,0,0,50,3374,0,40000,3500,0,40000,0x07
2026-09-06T13:57:51.315-03:00,477,0,0,50,3374,0,40000,3500,0,40000,0x07
2026-09-06T13:57:51.337-03:00,478,0,0,50,3374,0,40000,3500,0,40000,0x07
2026-09-06T13:57:51.354-03:00,479,0,0,50,3374,0,40000,3500,0,40000,0x07
2026-09-06T13:57:51.372-03:00,480,0,0,51,3374,0,40000,3500,0,40000,0x07
2026-09-06T13:57:51.392-03:00,481,0,0,51,3374,0,40000,3500,0,40000,0x07
2026-09-06T13:57:51.415-03:00,482,0,0,51,3374,0,40000,3500,0,40000,0x07
2026-09-06T13:57:51.433-03:00,483,0,0,52,3374,0,40000,3500,0,40000,0x07
2026-09-06T13:57:51.452-03:00,484,0,0,52,3374,0,40000,3500,0,40000,0x07
2026-09-06T13:57:51.473-03:00,485,0,0,57,3374,0,40000,3500,0,40000,0x07
2026-09-06T13:57:51.496-03:00,486,0,0,57,3374,0,40000,3500,0,40000,0x07
2026-09-06T13:57:51.514-03:00,487,0,0,57,3374,0,40000,3500,0,40000,0x07
2026-09-06T13:57:51.533-03:00,488,0,0,51,3374,0,40000,3500,0,40000,0x07
2026-09-06T13:57:51.556-03:00,489,0,0,51,3374,0,40000,3500,0,40000,0x07
2026-09-06T13:57:51.613-03:00,490,0,0,51,3374,0,40000,3500,0,40000,0x07
2026-09-06T13:57:51.633-03:00,491,0,0,53,3374,0,40000,3500,0,40000,0x07
2026-09-06T13:57:51.633-03:00,492,0,0,53,3374,0,40000,3500,0,40000,0x07
2026-09-06T13:57:51.676-03:00,493,0,0,50,3374,0,40000,3500,0,40000,0x07
2026-09-06T13:57:51.676-03:00,494,0,0,50,3374,0,40000,3500,0,40000,0x07
2026-09-06T13:57:51.694-03:00,496,0,0,50,3374,0,40000,3500,0,40000,0x07
2026-09-06T13:57:51.735-03:00,497,0,0,50,3374,0,40000,3500,0,40000,0x07
2026-09-06T13:57:51.779-03:00,498,0,0,55,3374,0,40000,3500,0,40000,0x07
2026-09-06T13:57:51.823-03:00,499,0,0,55,3374,0,40000,3500,0,40000,0x07
2026-09-06T13:57:51.868-03:00,500,0,0,50,3374,0,40000,3500,0,40000,0x07
2026-09-06T13:57:51.911-03:00,501,0,0,53,0,0,0,0,0,0,0x03
