timestamp,sequence,team,robot_id,interval_ms,left_target_eps,left_measured_eps,left_duty,right_target_eps,right_measured_eps,right_duty,flags
2026-09-06T13:56:44.256-03:00,65535,255,0,0,0,0,0,0,0,0,0x03
2026-09-06T13:56:44.277-03:00,1,0,0,52,0,0,28094,0,0,28548,0x07
2026-09-06T13:56:44.297-03:00,2,0,0,52,3374,0,40000,3500,0,40000,0x07
2026-09-06T13:56:44.320-03:00,3,0,0,52,3374,0,40000,3500,0,40000,0x07
2026-09-06T13:56:44.337-03:00,4,0,0,53,3374,0,40000,3500,0,40000,0x07
2026-09-06T13:56:44.357-03:00,5,0,0,53,3374,0,40000,3500,0,40000,0x07
2026-09-06T13:56:44.380-03:00,6,0,0,53,3374,0,40000,3500,0,40000,0x07
2026-09-06T13:56:44.396-03:00,7,0,0,50,3374,0,40000,3500,0,40000,0x07
2026-09-06T13:56:44.419-03:00,8,0,0,50,3374,0,40000,3500,0,40000,0x07
2026-09-06T13:56:44.436-03:00,9,0,0,50,3374,0,40000,3500,0,40000,0x07
2026-09-06T13:56:44.459-03:00,10,0,0,50,3374,0,40000,3500,0,40000,0x07
2026-09-06T13:56:44.476-03:00,11,0,0,50,3374,0,40000,3500,0,40000,0x07
2026-09-06T13:56:44.498-03:00,12,0,0,50,3374,0,40000,3500,0,40000,0x07
2026-09-06T13:56:44.517-03:00,13,0,0,50,3374,0,40000,3500,0,40000,0x07
2026-09-06T13:56:44.539-03:00,14,0,0,52,3374,0,40000,3500,0,40000,0x07
2026-09-06T13:56:44.600-03:00,15,0,0,52,3374,0,40000,3500,0,40000,0x07
2026-09-06T13:56:44.600-03:00,16,0,0,52,3374,0,40000,3500,0,40000,0x07
2026-09-06T13:56:44.620-03:00,17,0,0,52,3374,0,40000,3500,0,40000,0x07
2026-09-06T13:56:44.636-03:00,18,0,0,52,3374,0,40000,3500,0,40000,0x07
2026-09-06T13:56:44.656-03:00,19,0,0,53,3374,0,40000,3500,0,40000,0x07
2026-09-06T13:56:44.679-03:00,20,0,0,53,3374,0,40000,3500,0,40000,0x07
2026-09-06T13:56:44.696-03:00,21,0,0,51,3374,0,40000,3500,0,40000,0x07
2026-09-06T13:56:44.720-03:00,22,0,0,51,3374,0,40000,3500,0,40000,0x07
2026-09-06T13:56:44.737-03:00,23,0,0,51,3374,0,40000,3500,0,40000,0x07
2026-09-06T13:56:44.760-03:00,24,0,0,51,3374,0,40000,3500,0,40000,0x07
2026-09-06T13:56:44.780-03:00,25,0,0,51,3374,0,40000,3500,0,40000,0x07
2026-09-06T13:56:44.797-03:00,26,0,0,55,3374,0,40000,3500,0,40000,0x07
2026-09-06T13:56:44.817-03:00,27,0,0,55,3374,0,40000,3500,0,40000,0x07
2026-09-06T13:56:44.840-03:00,28,0,0,55,3374,0,40000,3500,0,40000,0x07
2026-09-06T13:56:44.858-03:00,29,0,0,54,3374,0,40000,3500,0,40000,0x07
2026-09-06T13:56:44.877-03:00,30,0,0,54,3374,0,40000,3500,0,40000,0x07
2026-09-06T13:56:44.901-03:00,31,0,0,54,3374,0,40000,3500,0,40000,0x07
2026-09-06T13:56:44.918-03:00,32,0,0,52,3374,0,40000,3500,0,40000,0x07
2026-09-06T13:56:44.938-03:00,33,0,0,52,3374,0,40000,3500,0,40000,0x07
2026-09-06T13:56:44.960-03:00,34,0,0,51,3374,0,40000,3500,0,40000,0x07
2026-09-06T13:56:44.979-03:00,35,0,0,51,3374,0,40000,3500,0,40000,0x07
2026-09-06T13:56:44.996-03:00,36,0,0,51,3374,0,40000,3500,0,40000,0x07
2026-09-06T13:56:45.016-03:00,37,0,0,50,3374,0,40000,3500,0,40000,0x07
2026-09-06T13:56:45.039-03:00,38,0,0,50,3374,0,40000,3500,0,40000,0x07
2026-09-06T13:56:45.057-03:00,39,0,0,50,3374,0,40000,3500,0,40000,0x07
2026-09-06T13:56:45.080-03:00,40,0,0,51,3374,0,40000,3500,0,40000,0x07
2026-09-06T13:56:45.098-03:00,41,0,0,51,3374,0,40000,3500,0,40000,0x07
2026-09-06T13:56:45.116-03:00,42,0,0,51,3374,0,40000,3500,0,40000,0x07
2026-09-06T13:56:45.139-03:00,43,0,0,51,3374,0,40000,3500,0,40000,0x07
2026-09-06T13:56:45.161-03:00,44,0,0,51,3374,0,40000,3500,0,40000,0x07
2026-09-06T13:56:45.177-03:00,45,0,0,51,3374,0,40000,3500,0,40000,0x07
2026-09-06T13:56:45.200-03:00,46,0,0,51,3374,0,40000,3500,0,40000,0x07
2026-09-06T13:56:45.218-03:00,47,0,0,55,3374,0,40000,3500,0,40000,0x07
2026-09-06T13:56:45.241-03:00,48,0,0,55,3374,0,40000,3500,0,40000,0x07
2026-09-06T13:56:45.258-03:00,49,0,0,55,3374,0,40000,3500,0,40000,0x07
2026-09-06T13:56:45.276-03:00,50,0,0,52,3374,0,40000,3500,0,40000,0x07
2026-09-06T13:56:45.298-03:00,51,0,0,52,3374,0,40000,3500,0,40000,0x07
2026-09-06T13:56:45.321-03:00,52,0,0,52,3374,0,40000,3500,0,40000,0x07
2026-09-06T13:56:45.338-03:00,53,0,0,51,3374,0,40000,3500,0,40000,0x07
2026-09-06T13:56:45.356-03:00,54,0,0,51,3374,0,40000,3500,0,40000,0x07
2026-09-06T13:56:45.376-03:00,55,0,0,51,3374,0,40000,3500,0,40000,0x07
2026-09-06T13:56:45.401-03:00,56,0,0,51,3374,0,40000,3500,0,40000,0x07
2026-09-06T13:56:45.420-03:00,57,0,0,51,3374,0,40000,3500,0,40000,0x07
2026-09-06T13:56:45.437-03:00,58,0,0,50,3374,0,40000,3500,0,40000,0x07
2026-09-06T13:56:45.457-03:00,59,0,0,50,3374,0,40000,3500,0,40000,0x07
2026-09-06T13:56:45.480-03:00,60,0,0,56,3374,0,40000,3500,0,40000,0x07
2026-09-06T13:56:45.496-03:00,61,0,0,56,3374,0,40000,3500,0,40000,0x07
2026-09-06T13:56:45.519-03:00,62,0,0,56,3374,0,40000,3500,0,40000,0x07
2026-09-06T13:56:45.537-03:00,63,0,0,50,3374,0,40000,3500,0,40000,0x07
2026-09-06T13:56:45.560-03:00,64,0,0,50,3374,0,40000,3500,0,40000,0x07
2026-09-06T13:56:45.578-03:00,65,0,0,51,3374,0,40000,3500,0,40000,0x07
2026-09-06T13:56:45.600-03:00,66,0,0,51,3374,0,40000,3500,0,40000,0x07
2026-09-06T13:56:45.618-03:00,67,0,0,51,3374,0,40000,3500,0,40000,0x07
2026-09-06T13:56:45.636-03:00,68,0,0,51,3374,0,40000,3500,0,40000,0x07
2026-09-06T13:56:45.659-03:00,69,0,0,51,3374,0,40000,3500,0,40000,0x07
2026-09-06T13:56:45.677-03:00,70,0,0,51,3374,0,40000,3500,0,40000,0x07
2026-09-06T13:56:45.700-03:00,71,0,0,53,3374,0,40000,3500,0,40000,0x07
2026-09-06T13:56:45.717-03:00,72,0,0,53,3374,0,40000,3500,0,40000,0x07
2026-09-06T13:56:45.739-03:00,73,0,0,52,3374,0,40000,3500,0,40000,0x07
2026-09-06T13:56:45.757-03:00,74,0,0,52,3374,0,40000,3500,0,40000,0x07
2026-09-06T13:56:45.780-03:00,75,0,0,52,3374,0,40000,3500,0,40000,0x07
2026-09-06T13:56:45.797-03:00,76,0,0,51,3374,0,40000,3500,0,40000,0x07
2026-09-06T13:56:45.817-03:00,77,0,0,51,3374,0,40000,3500,0,40000,0x07
2026-09-06T13:56:45.837-03:00,78,0,0,55,3374,0,40000,3500,0,40000,0x07
2026-09-06T13:56:45.860-03:00,79,0,0,55,3374,0,40000,3500,0,40000,0x07
2026-09-06T13:56:45.877-03:00,80,0,0,55,3374,0,40000,3500,0,40000,0x07
2026-09-06T13:56:45.897-03:00,81,0,0,51,3374,0,40000,3500,0,40000,0x07
2026-09-06T13:56:45.920-03:00,82,0,0,51,3374,0,40000,3500,0,40000,0x07
2026-09-06T13:56:45.940-03:00,83,0,0,51,3374,0,40000,3500,0,40000,0x07
2026-09-06T13:56:45.958-03:00,84,0,0,51,3374,0,40000,3500,0,40000,0x07
2026-09-06T13:56:45.981-03:00,85,0,0,51,3374,0,40000,3500,0,40000,0x07
2026-09-06T13:56:46.000-03:00,86,0,0,56,3374,0,40000,3500,0,40000,0x07
2026-09-06T13:56:46.018-03:00,87,0,0,56,3374,0,40000,3500,0,40000,0x07
2026-09-06T13:56:46.040-03:00,88,0,0,56,3374,0,40000,3500,0,40000,0x07
2026-09-06T13:56:46.058-03:00,89,0,0,50,3374,0,40000,3500,0,40000,0x07
2026-09-06T13:56:46.081-03:00,90,0,0,50,3374,0,40000,3500,0,40000,0x07
2026-09-06T13:56:46.099-03:00,91,0,0,51,3374,0,40000,3500,0,40000,0x07
2026-09-06T13:56:46.116-03:00,92,0,0,51,3374,0,40000,3500,0,40000,0x07
2026-09-06T13:56:46.139-03:00,93,0,0,51,3374,0,40000,3500,0,40000,0x07
2026-09-06T13:56:46.157-03:00,94,0,0,52,3374,0,40000,3500,0,40000,0x07
2026-09-06T13:56:46.179-03:00,95,0,0,52,3374,0,40000,3500,0,40000,0x07
2026-09-06T13:56:46.197-03:00,96,0,0,52,3374,0,40000,3500,0,40000,0x07
2026-09-06T13:56:46.217-03:00,97,0,0,52,3374,0,40000,3500,0,40000,0x07
2026-09-06T13:56:46.240-03:00,98,0,0,52,3374,0,40000,3500,0,40000,0x07
2026-09-06T13:56:46.257-03:00,99,0,0,55,3374,0,40000,3500,0,40000,0x07
2026-09-06T13:56:46.280-03:00,100,0,0,55,3374,0,40000,3500,0,40000,0x07
2026-09-06T13:56:46.299-03:00,101,0,0,55,3374,0,40000,3500,0,40000,0x07
2026-09-06T13:56:46.317-03:00,102,0,0,51,3374,0,40000,3500,0,40000,0x07
2026-09-06T13:56:46.341-03:00,103,0,0,51,3374,0,40000,3500,0,40000,0x07
2026-09-06T13:56:46.359-03:00,104,0,0,51,3374,0,40000,3500,0,40000,0x07
2026-09-06T13:56:46.376-03:00,105,0,0,53,3374,0,40000,3500,0,40000,0x07
2026-09-06T13:56:46.396-03:00,106,0,0,53,3374,0,40000,3500,0,40000,0x07
2026-09-06T13:56:46.419-03:00,107,0,0,55,3374,0,40000,3500,0,40000,0x07
2026-09-06T13:56:46.437-03:00,108,0,0,55,3374,0,40000,3500,0,40000,0x07
2026-09-06T13:56:46.460-03:00,109,0,0,55,3374,0,40000,3500,0,40000,0x07
2026-09-06T13:56:46.478-03:00,110,0,0,52,3374,0,40000,3500,0,40000,0x07
2026-09-06T13:56:46.501-03:00,111,0,0,52,3374,0,40000,3500,0,40000,0x07
2026-09-06T13:56:46.518-03:00,112,0,0,52,3374,0,40000,3500,0,40000,0x07
2026-09-06T13:56:46.536-03:00,113,0,0,53,3374,0,40000,3500,0,40000,0x07
2026-09-06T13:56:46.559-03:00,114,0,0,53,3374,0,40000,3500,0,40000,0x07
2026-09-06T13:56:46.577-03:00,115,0,0,55,3374,0,40000,3500,0,40000,0x07
2026-09-06T13:56:46.600-03:00,116,0,0,55,3374,0,40000,3500,0,40000,0x07
2026-09-06T13:56:46.618-03:00,117,0,0,55,3374,0,40000,3500,0,40000,0x07
2026-09-06T13:56:46.641-03:00,118,0,0,52,3374,0,40000,3500,0,40000,0x07
2026-09-06T13:56:46.658-03:00,119,0,0,52,3374,0,40000,3500,0,40000,0x07
2026-09-06T13:56:46.678-03:00,120,0,0,51,3374,0,40000,3500,0,40000,0x07
2026-09-06T13:56:46.698-03:00,121,0,0,51,3374,0,40000,3500,0,40000,0x07
2026-09-06T13:56:46.721-03:00,122,0,0,51,3374,0,40000,3500,0,40000,0x07
2026-09-06T13:56:46.740-03:00,123,0,0,51,3374,0,40000,3500,0,40000,0x07
2026-09-06T13:56:46.758-03:00,124,0,0,51,3374,0,40000,3500,0,40000,0x07
2026-09-06T13:56:46.776-03:00,125,0,0,51,3374,0,40000,3500,0,40000,0x07
2026-09-06T13:56:46.800-03:00,126,0,0,54,3374,0,40000,3500,0,40000,0x07
2026-09-06T13:56:46.818-03:00,127,0,0,54,3374,0,40000,3500,0,40000,0x07
2026-09-06T13:56:46.837-03:00,128,0,0,56,3374,0,40000,3500,0,40000,0x07
2026-09-06T13:56:46.857-03:00,129,0,0,56,3374,0,40000,3500,0,40000,0x07
2026-09-06T13:56:46.877-03:00,130,0,0,56,3374,0,40000,3500,0,40000,0x07
2026-09-06T13:56:46.897-03:00,131,0,0,57,3374,0,40000,3500,0,40000,0x07
2026-09-06T13:56:46.917-03:00,132,0,0,57,3374,0,40000,3500,0,40000,0x07
2026-09-06T13:56:46.940-03:00,133,0,0,57,3374,0,40000,3500,0,40000,0x07
2026-09-06T13:56:46.958-03:00,134,0,0,51,3374,0,40000,3500,0,40000,0x07
2026-09-06T13:56:46.978-03:00,135,0,0,51,3374,0,40000,3500,0,40000,0x07
2026-09-06T13:56:47.001-03:00,136,0,0,51,3374,0,40000,3500,0,40000,0x07
2026-09-06T13:56:47.018-03:00,137,0,0,51,3374,0,40000,3500,0,40000,0x07
2026-09-06T13:56:47.036-03:00,138,0,0,51,3374,0,40000,3500,0,40000,0x07
2026-09-06T13:56:47.059-03:00,139,0,0,50,3374,0,40000,3500,0,40000,0x07
2026-09-06T13:56:47.078-03:00,140,0,0,50,3374,0,40000,3500,0,40000,0x07
2026-09-06T13:56:47.099-03:00,141,0,0,50,3374,0,40000,3500,0,40000,0x07
2026-09-06T13:56:47.120-03:00,142,0,0,50,3374,0,40000,3500,0,40000,0x07
2026-09-06T13:56:47.158-03:00,143,0,0,50,3374,0,40000,3500,0,40000,0x07
2026-09-06T13:56:47.176-03:00,144,0,0,52,3374,0,40000,3500,0,40000,0x07
2026-09-06T13:56:47.176-03:00,145,0,0,52,3374,0,40000,3500,0,40000,0x07
2026-09-06T13:56:47.236-03:00,146,0,0,52,3374,0,40000,3500,0,40000,0x07
2026-09-06T13:56:47.236-03:00,147,0,0,52,3374,0,40000,3500,0,40000,0x07
2026-09-06T13:56:47.258-03:00,148,0,0,54,3374,0,40000,3500,0,40000,0x07
2026-09-06T13:56:47.298-03:00,149,0,0,54,3374,0,40000,3500,0,40000,0x07
2026-09-06T13:56:47.298-03:00,150,0,0,54,3374,0,40000,3500,0,40000,0x07
2026-09-06T13:56:47.336-03:00,151,0,0,51,3374,0,40000,3500,0,40000,0x07
2026-09-06T13:56:47.359-03:00,152,0,0,51,3374,0,40000,3500,0,40000,0x07
2026-09-06T13:56:47.401-03:00,153,0,0,51,3374,0,40000,3500,0,40000,0x07
2026-09-06T13:56:47.420-03:00,154,0,0,51,3374,0,40000,3500,0,40000,0x07
2026-09-06T13:56:47.439-03:00,156,0,0,51,3374,0,40000,3500,0,40000,0x07
2026-09-06T13:56:47.458-03:00,157,0,0,50,3374,0,40000,3500,0,40000,0x07
2026-09-06T13:56:47.478-03:00,159,0,0,50,3374,0,40000,3500,0,40000,0x07
2026-09-06T13:56:47.500-03:00,160,0,0,50,3374,0,40000,3500,0,40000,0x07
2026-09-06T13:56:47.518-03:00,161,0,0,56,3374,0,40000,3500,0,40000,0x07
2026-09-06T13:56:47.536-03:00,162,0,0,56,3374,0,40000,3500,0,40000,0x07
2026-09-06T13:56:47.558-03:00,163,0,0,56,3374,0,40000,3500,0,40000,0x07
2026-09-06T13:56:47.580-03:00,164,0,0,50,3374,0,40000,3500,0,40000,0x07
2026-09-06T13:56:47.597-03:00,165,0,0,50,3374,0,40000,3500,0,40000,0x07
2026-09-06T13:56:47.620-03:00,166,0,0,55,3374,0,40000,3500,0,40000,0x07
2026-09-06T13:56:47.640-03:00,167,0,0,55,3374,0,40000,3500,0,40000,0x07
2026-09-06T13:56:47.658-03:00,168,0,0,55,3374,0,40000,3500,0,40000,0x07
2026-09-06T13:56:47.680-03:00,169,0,0,51,3374,0,40000,3500,0,40000,0x07
2026-09-06T13:56:47.698-03:00,170,0,0,51,3374,0,40000,3500,0,40000,0x07
2026-09-06T13:56:47.740-03:00,171,0,0,51,3374,0,40000,3500,0,40000,0x07
2026-09-06T13:56:47.740-03:00,172,0,0,52,3374,0,40000,3500,0,40000,0x07
2026-09-06T13:56:47.778-03:00,173,0,0,52,3374,0,40000,3500,0,40000,0x07
2026-09-06T13:56:47.797-03:00,174,0,0,57,3374,0,40000,3500,0,40000,0x07
2026-09-06T13:56:47.798-03:00,175,0,0,57,3374,0,40000,3500,0,40000,0x07
2026-09-06T13:56:47.820-03:00,176,0,0,57,3374,0,40000,3500,0,40000,0x07
2026-09-06T13:56:47.837-03:00,177,0,0,56,3374,0,40000,3500,0,40000,0x07
2026-09-06T13:56:47.860-03:00,178,0,0,56,3374,0,40000,3500,0,40000,0x07
2026-09-06T13:56:47.878-03:00,179,0,0,56,3374,0,40000,3500,0,40000,0x07
2026-09-06T13:56:47.900-03:00,180,0,0,52,3374,0,40000,3500,0,40000,0x07
2026-09-06T13:56:47.919-03:00,181,0,0,52,3374,0,40000,3500,0,40000,0x07
2026-09-06T13:56:47.937-03:00,182,0,0,51,3374,0,40000,3500,0,40000,0x07
2026-09-06T13:56:47.959-03:00,183,0,0,51,3374,0,40000,3500,0,40000,0x07
2026-09-06T13:56:47.979-03:00,184,0,0,51,3374,0,40000,3500,0,40000,0x07
2026-09-06T13:56:47.999-03:00,185,0,0,52,3374,0,40000,3500,0,40000,0x07
2026-09-06T13:56:48.018-03:00,186,0,0,52,3374,0,40000,3500,0,40000,0x07
2026-09-06T13:56:48.036-03:00,187,0,0,52,3374,0,40000,3500,0,40000,0x07
2026-09-06T13:56:48.057-03:00,188,0,0,52,3374,0,40000,3500,0,40000,0x07
2026-09-06T13:56:48.081-03:00,189,0,0,52,3374,0,40000,3500,0,40000,0x07
2026-09-06T13:56:48.097-03:00,190,0,0,52,3374,0,40000,3500,0,40000,0x07
2026-09-06T13:56:48.120-03:00,191,0,0,52,3374,0,40000,3500,0,40000,0x07
2026-09-06T13:56:48.139-03:00,192,0,0,52,3374,0,40000,3500,0,40000,0x07
2026-09-06T13:56:48.159-03:00,193,0,0,50,3374,0,40000,3500,0,40000,0x07
2026-09-06T13:56:48.177-03:00,194,0,0,50,3374,0,40000,3500,0,40000,0x07
2026-09-06T13:56:48.196-03:00,195,0,0,52,3374,0,40000,3500,0,40000,0x07
2026-09-06T13:56:48.220-03:00,196,0,0,52,3374,0,40000,3500,0,40000,0x07
2026-09-06T13:56:48.238-03:00,197,0,0,52,3374,0,40000,3500,0,40000,0x07
2026-09-06T13:56:48.258-03:00,198,0,0,51,3374,0,40000,3500,0,40000,0x07
2026-09-06T13:56:48.278-03:00,199,0,0,51,3374,0,40000,3500,0,40000,0x07
2026-09-06T13:56:48.297-03:00,200,0,0,51,3374,0,40000,3500,0,40000,0x07
2026-09-06T13:56:48.320-03:00,201,0,0,53,3374,0,40000,3500,0,40000,0x07
2026-09-06T13:56:48.338-03:00,202,0,0,53,3374,0,40000,3500,0,40000,0x07
2026-09-06T13:56:48.360-03:00,203,0,0,52,3374,0,40000,3500,0,40000,0x07
2026-09-06T13:56:48.378-03:00,204,0,0,52,3374,0,40000,3500,0,40000,0x07
2026-09-06T13:56:48.396-03:00,205,0,0,52,3374,0,40000,3500,0,40000,0x07
2026-09-06T13:56:48.418-03:00,206,0,0,51,3374,0,40000,3500,0,40000,0x07
2026-09-06T13:56:48.438-03:00,207,0,0,51,3374,0,40000,3500,0,40000,0x07
2026-09-06T13:56:48.479-03:00,208,0,0,52,3374,0,40000,3500,0,40000,0x07
2026-09-06T13:56:48.517-03:00,209,0,0,52,3374,0,40000,3500,0,40000,0x07
2026-09-06T13:56:48.517-03:00,210,0,0,50,3374,0,40000,3500,0,40000,0x07
2026-09-06T13:56:48.536-03:00,211,0,0,50,3374,0,40000,3500,0,40000,0x07
2026-09-06T13:56:48.559-03:00,213,0,0,50,3374,0,40000,3500,0,40000,0x07
2026-09-06T13:56:48.577-03:00,214,0,0,54,3374,0,40000,3500,0,40000,0x07
2026-09-06T13:56:48.599-03:00,215,0,0,54,3374,0,40000,3500,0,40000,0x07
2026-09-06T13:56:48.619-03:00,216,0,0,56,3374,0,40000,3500,0,40000,0x07
2026-09-06T13:56:48.637-03:00,217,0,0,56,3374,0,40000,3500,0,40000,0x07
2026-09-06T13:56:48.660-03:00,218,0,0,56,3374,0,40000,3500,0,40000,0x07
2026-09-06T13:56:48.680-03:00,219,0,0,50,3374,0,40000,3500,0,40000,0x07
2026-09-06T13:56:48.699-03:00,220,0,0,50,3374,0,40000,3500,0,40000,0x07
2026-09-06T13:56:48.717-03:00,221,0,0,53,3374,0,40000,3500,0,40000,0x07
2026-09-06T13:56:48.740-03:00,222,0,0,53,3374,0,40000,3500,0,40000,0x07
2026-09-06T13:56:48.758-03:00,223,0,0,53,3374,0,40000,3500,0,40000,0x07
2026-09-06T13:56:48.778-03:00,224,0,0,50,3374,0,40000,3500,0,40000,0x07
2026-09-06T13:56:48.798-03:00,225,0,0,50,3374,0,40000,3500,0,40000,0x07
2026-09-06T13:56:48.816-03:00,226,0,0,50,3374,0,40000,3500,0,40000,0x07
2026-09-06T13:56:48.841-03:00,227,0,0,51,3374,0,40000,3500,0,40000,0x07
2026-09-06T13:56:48.858-03:00,228,0,0,51,3374,0,40000,3500,0,40000,0x07
2026-09-06T13:56:48.876-03:00,229,0,0,50,3374,0,40000,3500,0,40000,0x07
2026-09-06T13:56:48.896-03:00,230,0,0,50,3374,0,40000,3500,0,40000,0x07
2026-09-06T13:56:48.919-03:00,231,0,0,50,3374,0,40000,3500,0,40000,0x07
2026-09-06T13:56:48.936-03:00,232,0,0,51,3374,0,40000,3500,0,40000,0x07
2026-09-06T13:56:48.959-03:00,233,0,0,51,3374,0,40000,3500,0,40000,0x07
2026-09-06T13:56:48.977-03:00,234,0,0,54,3374,0,40000,3500,0,40000,0x07
2026-09-06T13:56:48.999-03:00,235,0,0,54,3374,0,40000,3500,0,40000,0x07
2026-09-06T13:56:49.017-03:00,236,0,0,54,3374,0,40000,3500,0,40000,0x07
2026-09-06T13:56:49.037-03:00,237,0,0,52,3374,0,40000,3500,0,40000,0x07
2026-09-06T13:56:49.058-03:00,238,0,0,52,3374,0,40000,3500,0,40000,0x07
2026-09-06T13:56:49.076-03:00,239,0,0,50,3374,0,40000,3500,0,40000,0x07
2026-09-06T13:56:49.099-03:00,240,0,0,50,3374,0,40000,3500,0,40000,0x07
2026-09-06T13:56:49.117-03:00,241,0,0,50,3374,0,40000,3500,0,40000,0x07
2026-09-06T13:56:49.139-03:00,242,0,0,51,3374,0,40000,3500,0,40000,0x07
2026-09-06T13:56:49.157-03:00,243,0,0,51,3374,0,40000,3500,0,40000,0x07
2026-09-06T13:56:49.180-03:00,244,0,0,50,3374,0,40000,3500,0,40000,0x07
2026-09-06T13:56:49.199-03:00,245,0,0,50,3374,0,40000,3500,0,40000,0x07
2026-09-06T13:56:49.218-03:00,246,0,0,50,3374,0,40000,3500,0,40000,0x07
2026-09-06T13:56:49.238-03:00,247,0,0,52,3374,0,40000,3500,0,40000,0x07
2026-09-06T13:56:49.257-03:00,248,0,0,52,3374,0,40000,3500,0,40000,0x07
2026-09-06T13:56:49.277-03:00,249,0,0,52,3374,0,40000,3500,0,40000,0x07
2026-09-06T13:56:49.299-03:00,250,0,0,51,3374,0,40000,3500,0,40000,0x07
2026-09-06T13:56:49.316-03:00,251,0,0,51,3374,0,40000,3500,0,40000,0x07
2026-09-06T13:56:49.339-03:00,252,0,0,50,3374,0,40000,3500,0,40000,0x07
2026-09-06T13:56:49.376-03:00,253,0,0,50,3374,0,40000,3500,0,40000,0x07
2026-09-06T13:56:49.397-03:00,254,0,0,50,3374,0,40000,3500,0,40000,0x07
2026-09-06T13:56:49.417-03:00,255,0,0,52,3374,0,40000,3500,0,40000,0x07
2026-09-06T13:56:49.460-03:00,256,0,0,53,3374,0,40000,3500,0,40000,0x07
2026-09-06T13:56:49.460-03:00,258,0,0,53,3374,0,40000,3500,0,40000,0x07
2026-09-06T13:56:49.480-03:00,259,0,0,53,3374,0,40000,3500,0,40000,0x07
2026-09-06T13:56:49.498-03:00,260,0,0,51,3374,0,40000,3500,0,40000,0x07
2026-09-06T13:56:49.516-03:00,261,0,0,51,3374,0,40000,3500,0,40000,0x07
2026-09-06T13:56:49.539-03:00,262,0,0,51,3374,0,40000,3500,0,40000,0x07
2026-09-06T13:56:49.557-03:00,263,0,0,53,3374,0,40000,3500,0,40000,0x07
2026-09-06T13:56:49.580-03:00,264,0,0,53,3374,0,40000,3500,0,40000,0x07
2026-09-06T13:56:49.598-03:00,265,0,0,55,3374,0,40000,3500,0,40000,0x07
2026-09-06T13:56:49.616-03:00,266,0,0,55,3374,0,40000,3500,0,40000,0x07
2026-09-06T13:56:49.638-03:00,267,0,0,55,3374,0,40000,3500,0,40000,0x07
2026-09-06T13:56:49.660-03:00,268,0,0,51,3374,0,40000,3500,0,40000,0x07
2026-09-06T13:56:49.677-03:00,269,0,0,51,3374,0,40000,3500,0,40000,0x07
2026-09-06T13:56:49.700-03:00,270,0,0,54,3374,0,40000,3500,0,40000,0x07
2026-09-06T13:56:49.718-03:00,271,0,0,54,3374,0,40000,3500,0,40000,0x07
2026-09-06T13:56:49.737-03:00,272,0,0,54,3374,0,40000,3500,0,40000,0x07
2026-09-06T13:56:49.759-03:00,273,0,0,51,3374,0,40000,3500,0,40000,0x07
2026-09-06T13:56:49.777-03:00,274,0,0,51,3374,0,40000,3500,0,40000,0x07
2026-09-06T13:56:49.818-03:00,275,0,0,51,3374,0,40000,3500,0,40000,0x07
2026-09-06T13:56:49.836-03:00,276,0,0,51,3374,0,40000,3500,0,40000,0x07
2026-09-06T13:56:49.859-03:00,277,0,0,56,3374,0,40000,3500,0,40000,0x07
2026-09-06T13:56:49.876-03:00,278,0,0,56,3374,0,40000,3500,0,40000,0x07
2026-09-06T13:56:49.899-03:00,280,0,0,56,3374,0,40000,3500,0,40000,0x07
2026-09-06T13:56:49.916-03:00,281,0,0,51,3374,0,40000,3500,0,40000,0x07
2026-09-06T13:56:49.938-03:00,282,0,0,51,3374,0,40000,3500,0,40000,0x07
2026-09-06T13:56:49.956-03:00,283,0,0,51,3374,0,40000,3500,0,40000,0x07
2026-09-06T13:56:49.979-03:00,284,0,0,51,3374,0,40000,3500,0,40000,0x07
2026-09-06T13:56:49.997-03:00,285,0,0,51,3374,0,40000,3500,0,40000,0x07
2026-09-06T13:56:50.017-03:00,286,0,0,51,3374,0,40000,3500,0,40000,0x07
2026-09-06T13:56:50.037-03:00,287,0,0,51,3374,0,40000,3500,0,40000,0x07
2026-09-06T13:56:50.057-03:00,288,0,0,51,3374,0,40000,3500,0,40000,0x07
2026-09-06T13:56:50.078-03:00,289,0,0,52,3374,0,40000,3500,0,40000,0x07
2026-09-06T13:56:50.096-03:00,290,0,0,52,3374,0,40000,3500,0,40000,0x07
2026-09-06T13:56:50.116-03:00,291,0,0,54,3374,0,40000,3500,0,40000,0x07
2026-09-06T13:56:50.139-03:00,292,0,0,54,3374,0,40000,3500,0,40000,0x07
2026-09-06T13:56:50.158-03:00,293,0,0,54,3374,0,40000,3500,0,40000,0x07
2026-09-06T13:56:50.178-03:00,294,0,0,52,3374,0,40000,3500,0,40000,0x07
2026-09-06T13:56:50.198-03:00,295,0,0,52,3374,0,40000,3500,0,40000,0x07
2026-09-06T13:56:50.216-03:00,296,0,0,52,3374,0,40000,3500,0,40000,0x07
2026-09-06T13:56:50.239-03:00,297,0,0,53,3374,0,40000,3500,0,40000,0x07
2026-09-06T13:56:50.256-03:00,298,0,0,53,3374,0,40000,3500,0,40000,0x07
2026-09-06T13:56:50.277-03:00,299,0,0,55,3374,0,40000,3500,0,40000,0x07
2026-09-06T13:56:50.300-03:00,300,0,0,55,3374,0,40000,3500,0,40000,0x07
2026-09-06T13:56:50.318-03:00,301,0,0,55,3374,0,40000,3500,0,40000,0x07
2026-09-06T13:56:50.337-03:00,302,0,0,51,3374,0,40000,3500,0,40000,0x07
2026-09-06T13:56:50.360-03:00,303,0,0,51,3374,0,40000,3500,0,40000,0x07
2026-09-06T13:56:50.378-03:00,304,0,0,51,3374,0,40000,3500,0,40000,0x07
2026-09-06T13:56:50.401-03:00,305,0,0,53,3374,0,40000,3500,0,40000,0x07
2026-09-06T13:56:50.421-03:00,306,0,0,53,3374,0,40000,3500,0,40000,0x07
2026-09-06T13:56:50.438-03:00,307,0,0,52,3374,0,40000,3500,0,40000,0x07
2026-09-06T13:56:50.456-03:00,308,0,0,52,3374,0,40000,3500,0,40000,0x07
2026-09-06T13:56:50.476-03:00,309,0,0,52,3374,0,40000,3500,0,40000,0x07
2026-09-06T13:56:50.499-03:00,310,0,0,50,3374,0,40000,3500,0,40000,0x07
2026-09-06T13:56:50.519-03:00,311,0,0,50,3374,0,40000,3500,0,40000,0x07
2026-09-06T13:56:50.536-03:00,312,0,0,55,3374,0,40000,3500,0,40000,0x07
2026-09-06T13:56:50.557-03:00,313,0,0,55,3374,0,40000,3500,0,40000,0x07
2026-09-06T13:56:50.577-03:00,314,0,0,55,3374,0,40000,3500,0,40000,0x07
2026-09-06T13:56:50.600-03:00,315,0,0,50,3374,0,40000,3500,0,40000,0x07
2026-09-06T13:56:50.618-03:00,316,0,0,50,3374,0,40000,3500,0,40000,0x07
2026-09-06T13:56:50.641-03:00,317,0,0,52,3374,0,40000,3500,0,40000,0x07
2026-09-06T13:56:50.658-03:00,318,0,0,52,3374,0,40000,3500,0,40000,0x07
2026-09-06T13:56:50.676-03:00,319,0,0,52,3374,0,40000,3500,0,40000,0x07
2026-09-06T13:56:50.699-03:00,320,0,0,51,3374,0,40000,3500,0,40000,0x07
2026-09-06T13:56:50.717-03:00,321,0,0,51,3374,0,40000,3500,0,40000,0x07
2026-09-06T13:56:50.736-03:00,322,0,0,51,3374,0,40000,3500,0,40000,0x07
2026-09-06T13:56:50.759-03:00,323,0,0,51,3374,0,40000,3500,0,40000,0x07
2026-09-06T13:56:50.777-03:00,324,0,0,51,3374,0,40000,3500,0,40000,0x07
2026-09-06T13:56:50.800-03:00,325,0,0,50,3374,0,40000,3500,0,40000,0x07
2026-09-06T13:56:50.817-03:00,326,0,0,50,3374,0,40000,3500,0,40000,0x07
2026-09-06T13:56:50.837-03:00,327,0,0,50,3374,0,40000,3500,0,40000,0x07
2026-09-06T13:56:50.859-03:00,328,0,0,51,3374,0,40000,3500,0,40000,0x07
2026-09-06T13:56:50.878-03:00,329,0,0,51,3374,0,40000,3500,0,40000,0x07
2026-09-06T13:56:50.899-03:00,330,0,0,50,3374,0,40000,3500,0,40000,0x07
2026-09-06T13:56:50.918-03:00,331,0,0,50,3374,0,40000,3500,0,40000,0x07
2026-09-06T13:56:50.940-03:00,332,0,0,50,3374,0,40000,3500,0,40000,0x07
2026-09-06T13:56:50.958-03:00,333,0,0,50,3374,0,40000,3500,0,40000,0x07
2026-09-06T13:56:50.981-03:00,334,0,0,50,3374,0,40000,3500,0,40000,0x07
2026-09-06T13:56:50.998-03:00,335,0,0,53,3374,0,40000,3500,0,40000,0x07
2026-09-06T13:56:51.020-03:00,336,0,0,53,3374,0,40000,3500,0,40000,0x07
2026-09-06T13:56:51.038-03:00,337,0,0,53,3374,0,40000,3500,0,40000,0x07
2026-09-06T13:56:51.060-03:00,338,0,0,51,3374,0,40000,3500,0,40000,0x07
2026-09-06T13:56:51.078-03:00,339,0,0,51,3374,0,40000,3500,0,40000,0x07
2026-09-06T13:56:51.097-03:00,340,0,0,52,3374,0,40000,3500,0,40000,0x07
2026-09-06T13:56:51.118-03:00,341,0,0,52,3374,0,40000,3500,0,40000,0x07
2026-09-06T13:56:51.136-03:00,342,0,0,52,3374,0,40000,3500,0,40000,0x07
2026-09-06T13:56:51.158-03:00,343,0,0,52,3374,0,40000,3500,0,40000,0x07
2026-09-06T13:56:51.176-03:00,344,0,0,52,3374,0,40000,3500,0,40000,0x07
2026-09-06T13:56:51.196-03:00,345,0,0,52,3374,0,40000,3500,0,40000,0x07
2026-09-06T13:56:51.221-03:00,346,0,0,50,3374,0,40000,3500,0,40000,0x07
2026-09-06T13:56:51.239-03:00,347,0,0,50,3374,0,40000,3500,0,40000,0x07
2026-09-06T13:56:51.280-03:00,348,0,0,50,3374,0,40000,3500,0,40000,0x07
2026-09-06T13:56:51.297-03:00,349,0,0,50,3374,0,40000,3500,0,40000,0x07
2026-09-06T13:56:51.317-03:00,350,0,0,50,3374,0,40000,3500,0,40000,0x07
2026-09-06T13:56:51.337-03:00,351,0,0,50,3374,0,40000,3500,0,40000,0x07
2026-09-06T13:56:51.357-03:00,353,0,0,56,3374,0,40000,3500,0,40000,0x07
2026-09-06T13:56:51.380-03:00,354,0,0,56,3374,0,40000,3500,0,40000,0x07
2026-09-06T13:56:51.397-03:00,355,0,0,56,3374,0,40000,3500,0,40000,0x07
2026-09-06T13:56:51.420-03:00,356,0,0,51,3374,0,40000,3500,0,40000,0x07
2026-09-06T13:56:51.439-03:00,357,0,0,51,3374,0,40000,3500,0,40000,0x07
2026-09-06T13:56:51.458-03:00,358,0,0,50,3374,0,40000,3500,0,40000,0x07
2026-09-06T13:56:51.480-03:00,359,0,0,50,3374,0,40000,3500,0,40000,0x07
2026-09-06T13:56:51.498-03:00,360,0,0,50,3374,0,40000,3500,0,40000,0x07
2026-09-06T13:56:51.516-03:00,361,0,0,50,3374,0,40000,3500,0,40000,0x07
2026-09-06T13:56:51.541-03:00,362,0,0,50,3374,0,40000,3500,0,40000,0x07
2026-09-06T13:56:51.558-03:00,363,0,0,50,3374,0,40000,3500,0,40000,0x07
2026-09-06T13:56:51.578-03:00,364,0,0,51,3374,0,40000,3500,0,40000,0x07
2026-09-06T13:56:51.601-03:00,365,0,0,51,3374,0,40000,3500,0,40000,0x07
2026-09-06T13:56:51.620-03:00,366,0,0,51,3374,0,40000,3500,0,40000,0x07
2026-09-06T13:56:51.640-03:00,367,0,0,51,3374,0,40000,3500,0,40000,0x07
2026-09-06T13:56:51.658-03:00,368,0,0,51,3374,0,40000,3500,0,40000,0x07
2026-09-06T13:56:51.678-03:00,369,0,0,54,3374,0,40000,3500,0,40000,0x07
2026-09-06T13:56:51.698-03:00,370,0,0,54,3374,0,40000,3500,0,40000,0x07
2026-09-06T13:56:51.719-03:00,371,0,0,54,3374,0,40000,3500,0,40000,0x07
2026-09-06T13:56:51.737-03:00,372,0,0,54,3374,0,40000,3500,0,40000,0x07
2026-09-06T13:56:51.760-03:00,373,0,0,54,3374,0,40000,3500,0,40000,0x07
2026-09-06T13:56:51.778-03:00,374,0,0,50,3374,0,40000,3500,0,40000,0x07
2026-09-06T13:56:51.801-03:00,375,0,0,50,3374,0,40000,3500,0,40000,0x07
2026-09-06T13:56:51.819-03:00,376,0,0,50,3374,0,40000,3500,0,40000,0x07
2026-09-06T13:56:51.838-03:00,377,0,0,50,3374,0,40000,3500,0,40000,0x07
2026-09-06T13:56:51.856-03:00,378,0,0,50,3374,0,40000,3500,0,40000,0x07
2026-09-06T13:56:51.878-03:00,379,0,0,50,3374,0,40000,3500,0,40000,0x07
2026-09-06T13:56:51.900-03:00,380,0,0,50,3374,0,40000,3500,0,40000,0x07
2026-09-06T13:56:51.920-03:00,381,0,0,50,3374,0,40000,3500,0,40000,0x07
2026-09-06T13:56:51.939-03:00,382,0,0,54,3374,0,40000,3500,0,40000,0x07
2026-09-06T13:56:51.957-03:00,383,0,0,54,3374,0,40000,3500,0,40000,0x07
2026-09-06T13:56:51.980-03:00,384,0,0,56,3374,0,40000,3500,0,40000,0x07
2026-09-06T13:56:52.000-03:00,385,0,0,56,3374,0,40000,3500,0,40000,0x07
2026-09-06T13:56:52.017-03:00,386,0,0,56,3374,0,40000,3500,0,40000,0x07
2026-09-06T13:56:52.040-03:00,387,0,0,52,3374,0,40000,3500,0,40000,0x07
2026-09-06T13:56:52.077-03:00,388,0,0,52,3374,0,40000,3500,0,40000,0x07
2026-09-06T13:56:52.097-03:00,389,0,0,50,3374,0,40000,3500,0,40000,0x07
2026-09-06T13:56:52.120-03:00,390,0,0,50,3374,0,40000,3500,0,40000,0x07
2026-09-06T13:56:52.138-03:00,391,0,0,50,3374,0,40000,3500,0,40000,0x07
2026-09-06T13:56:52.161-03:00,393,0,0,50,3374,0,40000,3500,0,40000,0x07
2026-09-06T13:56:52.178-03:00,394,0,0,50,3374,0,40000,3500,0,40000,0x07
2026-09-06T13:56:52.197-03:00,395,0,0,51,3374,0,40000,3500,0,40000,0x07
2026-09-06T13:56:52.220-03:00,396,0,0,51,3374,0,40000,3500,0,40000,0x07
2026-09-06T13:56:52.237-03:00,397,0,0,56,3374,0,40000,3500,0,40000,0x07
2026-09-06T13:56:52.257-03:00,398,0,0,56,3374,0,40000,3500,0,40000,0x07
2026-09-06T13:56:52.280-03:00,399,0,0,56,3374,0,40000,3500,0,40000,0x07
2026-09-06T13:56:52.297-03:00,400,0,0,50,3374,0,40000,3500,0,40000,0x07
2026-09-06T13:56:52.321-03:00,401,0,0,50,3374,0,40000,3500,0,40000,0x07
2026-09-06T13:56:52.338-03:00,402,0,0,50,3374,0,40000,3500,0,40000,0x07
2026-09-06T13:56:52.356-03:00,403,0,0,50,3374,0,40000,3500,0,40000,0x07
2026-09-06T13:56:52.381-03:00,404,0,0,50,3374,0,40000,3500,0,40000,0x07
2026-09-06T13:56:52.397-03:00,405,0,0,50,3374,0,40000,3500,0,40000,0x07
2026-09-06T13:56:52.420-03:00,406,0,0,50,3374,0,40000,3500,0,40000,0x07
2026-09-06T13:56:52.438-03:00,407,0,0,50,3374,0,40000,3500,0,40000,0x07
2026-09-06T13:56:52.458-03:00,408,0,0,54,3374,0,40000,3500,0,40000,0x07
2026-09-06T13:56:52.481-03:00,409,0,0,54,3374,0,40000,3500,0,40000,0x07
2026-09-06T13:56:52.498-03:00,410,0,0,55,3374,0,40000,3500,0,40000,0x07
2026-09-06T13:56:52.518-03:00,411,0,0,55,3374,0,40000,3500,0,40000,0x07
2026-09-06T13:56:52.536-03:00,412,0,0,55,3374,0,40000,3500,0,40000,0x07
2026-09-06T13:56:52.559-03:00,413,0,0,50,3374,0,40000,3500,0,40000,0x07
2026-09-06T13:56:52.577-03:00,414,0,0,50,3374,0,40000,3500,0,40000,0x07
2026-09-06T13:56:52.596-03:00,415,0,0,52,3374,0,40000,3500,0,40000,0x07
2026-09-06T13:56:52.616-03:00,416,0,0,52,3374,0,40000,3500,0,40000,0x07
2026-09-06T13:56:52.639-03:00,417,0,0,52,3374,0,40000,3500,0,40000,0x07
2026-09-06T13:56:52.658-03:00,418,0,0,51,3374,0,40000,3500,0,40000,0x07
2026-09-06T13:56:52.680-03:00,419,0,0,51,3374,0,40000,3500,0,40000,0x07
2026-09-06T13:56:52.698-03:00,420,0,0,51,3374,0,40000,3500,0,40000,0x07
2026-09-06T13:56:52.721-03:00,421,0,0,52,3374,0,40000,3500,0,40000,0x07
2026-09-06T13:56:52.738-03:00,422,0,0,52,3374,0,40000,3500,0,40000,0x07
2026-09-06T13:56:52.756-03:00,423,0,0,51,3374,0,40000,3500,0,40000,0x07
2026-09-06T13:56:52.779-03:00,424,0,0,51,3374,0,40000,3500,0,40000,0x07
2026-09-06T13:56:52.799-03:00,425,0,0,51,3374,0,40000,3500,0,40000,0x07
2026-09-06T13:56:52.816-03:00,426,0,0,51,3374,0,40000,3500,0,40000,0x07
2026-09-06T13:56:52.839-03:00,427,0,0,51,3374,0,40000,3500,0,40000,0x07
2026-09-06T13:56:52.860-03:00,428,0,0,51,3374,0,40000,3500,0,40000,0x07
2026-09-06T13:56:52.878-03:00,429,0,0,51,3374,0,40000,3500,0,40000,0x07
2026-09-06T13:56:52.896-03:00,430,0,0,51,3374,0,40000,3500,0,40000,0x07
2026-09-06T13:56:52.919-03:00,431,0,0,50,3374,0,40000,3500,0,40000,0x07
2026-09-06T13:56:52.937-03:00,432,0,0,50,3374,0,40000,3500,0,40000,0x07
2026-09-06T13:56:52.957-03:00,433,0,0,55,3374,0,40000,3500,0,40000,0x07
2026-09-06T13:56:52.979-03:00,434,0,0,55,3374,0,40000,3500,0,40000,0x07
2026-09-06T13:56:52.997-03:00,435,0,0,55,3374,0,40000,3500,0,40000,0x07
2026-09-06T13:56:53.020-03:00,436,0,0,51,3374,0,40000,3500,0,40000,0x07
2026-09-06T13:56:53.040-03:00,437,0,0,51,3374,0,40000,3500,0,40000,0x07
2026-09-06T13:56:53.059-03:00,438,0,0,50,3374,0,40000,3500,0,40000,0x07
2026-09-06T13:56:53.079-03:00,439,0,0,50,3374,0,40000,3500,0,40000,0x07
2026-09-06T13:56:53.096-03:00,440,0,0,50,3374,0,40000,3500,0,40000,0x07
2026-09-06T13:56:53.121-03:00,441,0,0,51,3374,0,40000,3500,0,40000,0x07
2026-09-06T13:56:53.140-03:00,442,0,0,51,3374,0,40000,3500,0,40000,0x07
2026-09-06T13:56:53.158-03:00,443,0,0,50,3374,0,40000,3500,0,40000,0x07
2026-09-06T13:56:53.176-03:00,444,0,0,50,3374,0,40000,3500,0,40000,0x07
2026-09-06T13:56:53.199-03:00,445,0,0,50,3374,0,40000,3500,0,40000,0x07
2026-09-06T13:56:53.217-03:00,446,0,0,53,3374,0,40000,3500,0,40000,0x07
2026-09-06T13:56:53.237-03:00,447,0,0,53,3374,0,40000,3500,0,40000,0x07
2026-09-06T13:56:53.260-03:00,448,0,0,53,3374,0,40000,3500,0,40000,0x07
2026-09-06T13:56:53.278-03:00,449,0,0,51,3374,0,40000,3500,0,40000,0x07
2026-09-06T13:56:53.300-03:00,450,0,0,51,3374,0,40000,3500,0,40000,0x07
2026-09-06T13:56:53.318-03:00,451,0,0,53,3374,0,40000,3500,0,40000,0x07
2026-09-06T13:56:53.337-03:00,452,0,0,53,3374,0,40000,3500,0,40000,0x07
2026-09-06T13:56:53.360-03:00,453,0,0,53,3374,0,40000,3500,0,40000,0x07
2026-09-06T13:56:53.378-03:00,454,0,0,50,3374,0,40000,3500,0,40000,0x07
2026-09-06T13:56:53.397-03:00,455,0,0,50,3374,0,40000,3500,0,40000,0x07
2026-09-06T13:56:53.420-03:00,456,0,0,50,3374,0,40000,3500,0,40000,0x07
2026-09-06T13:56:53.438-03:00,457,0,0,50,3374,0,40000,3500,0,40000,0x07
2026-09-06T13:56:53.461-03:00,458,0,0,50,3374,0,40000,3500,0,40000,0x07
2026-09-06T13:56:53.477-03:00,459,0,0,50,3374,0,40000,3500,0,40000,0x07
2026-09-06T13:56:53.500-03:00,460,0,0,50,3374,0,40000,3500,0,40000,0x07
2026-09-06T13:56:53.518-03:00,461,0,0,50,3374,0,40000,3500,0,40000,0x07
2026-09-06T13:56:53.540-03:00,462,0,0,54,3374,0,40000,3500,0,40000,0x07
2026-09-06T13:56:53.559-03:00,463,0,0,54,3374,0,40000,3500,0,40000,0x07
2026-09-06T13:56:53.577-03:00,464,0,0,51,3374,0,40000,3500,0,40000,0x07
2026-09-06T13:56:53.601-03:00,465,0,0,51,3374,0,40000,3500,0,40000,0x07
2026-09-06T13:56:53.618-03:00,466,0,0,51,3374,0,40000,3500,0,40000,0x07
2026-09-06T13:56:53.638-03:00,467,0,0,51,3374,0,40000,3500,0,40000,0x07
2026-09-06T13:56:53.660-03:00,468,0,0,51,3374,0,40000,3500,0,40000,0x07
2026-09-06T13:56:53.678-03:00,469,0,0,54,3374,0,40000,3500,0,40000,0x07
2026-09-06T13:56:53.696-03:00,470,0,0,54,3374,0,40000,3500,0,40000,0x07
2026-09-06T13:56:53.720-03:00,471,0,0,54,3374,0,40000,3500,0,40000,0x07
2026-09-06T13:56:53.740-03:00,472,0,0,50,3374,0,40000,3500,0,40000,0x07
2026-09-06T13:56:53.759-03:00,473,0,0,50,3374,0,40000,3500,0,40000,0x07
2026-09-06T13:56:53.776-03:00,474,0,0,52,3374,0,40000,3500,0,40000,0x07
2026-09-06T13:56:53.796-03:00,475,0,0,52,3374,0,40000,3500,0,40000,0x07
2026-09-06T13:56:53.818-03:00,476,0,0,52,3374,0,40000,3500,0,40000,0x07
2026-09-06T13:56:53.838-03:00,477,0,0,54,3374,0,40000,3500,0,40000,0x07
2026-09-06T13:56:53.858-03:00,478,0,0,54,3374,0,40000,3500,0,40000,0x07
2026-09-06T13:56:53.881-03:00,479,0,0,54,3374,0,40000,3500,0,40000,0x07
2026-09-06T13:56:53.898-03:00,480,0,0,51,3374,0,40000,3500,0,40000,0x07
2026-09-06T13:56:53.916-03:00,481,0,0,51,3374,0,40000,3500,0,40000,0x07
2026-09-06T13:56:53.940-03:00,482,0,0,52,3374,0,40000,3500,0,40000,0x07
2026-09-06T13:56:53.958-03:00,483,0,0,52,3374,0,40000,3500,0,40000,0x07
2026-09-06T13:56:53.981-03:00,484,0,0,52,3374,0,40000,3500,0,40000,0x07
2026-09-06T13:56:54.000-03:00,485,0,0,52,3374,0,40000,3500,0,40000,0x07
2026-09-06T13:56:54.018-03:00,486,0,0,52,3374,0,40000,3500,0,40000,0x07
2026-09-06T13:56:54.037-03:00,487,0,0,50,3374,0,40000,3500,0,40000,0x07
2026-09-06T13:56:54.059-03:00,488,0,0,50,3374,0,40000,3500,0,40000,0x07
2026-09-06T13:56:54.078-03:00,489,0,0,50,3374,0,40000,3500,0,40000,0x07
2026-09-06T13:56:54.096-03:00,490,0,0,51,3374,0,40000,3500,0,40000,0x07
2026-09-06T13:56:54.119-03:00,491,0,0,51,3374,0,40000,3500,0,40000,0x07
2026-09-06T13:56:54.136-03:00,492,0,0,51,3374,0,40000,3500,0,40000,0x07
2026-09-06T13:56:54.160-03:00,493,0,0,51,3374,0,40000,3500,0,40000,0x07
2026-09-06T13:56:54.177-03:00,494,0,0,51,3374,0,40000,3500,0,40000,0x07
2026-09-06T13:56:54.201-03:00,495,0,0,50,3374,0,40000,3500,0,40000,0x07
2026-09-06T13:56:54.217-03:00,496,0,0,50,3374,0,40000,3500,0,40000,0x07
2026-09-06T13:56:54.240-03:00,497,0,0,50,3374,0,40000,3500,0,40000,0x07
2026-09-06T13:56:54.281-03:00,498,0,0,50,3374,0,40000,3500,0,40000,0x07
2026-09-06T13:56:54.325-03:00,499,0,0,50,3374,0,40000,3500,0,40000,0x07
2026-09-06T13:56:54.368-03:00,500,0,0,50,3374,0,40000,3500,0,40000,0x07
2026-09-06T13:56:54.411-03:00,501,0,0,50,0,0,0,0,0,0,0x03
2026-09-06T13:56:54.454-03:00,502,0,0,50,0,0,0,0,0,0,0x03
