timestamp,sequence,team,robot_id,interval_ms,left_target_eps,left_measured_eps,left_duty,right_target_eps,right_measured_eps,right_duty,flags
2026-09-06T16:20:06.704-03:00,502,0,0,50,0,0,0,0,0,0,0x03
2026-09-06T16:20:06.722-03:00,503,0,0,50,0,0,0,0,0,0,0x03
2026-09-06T16:20:06.745-03:00,504,0,0,50,0,0,0,0,0,0,0x03
2026-09-06T16:20:06.763-03:00,505,0,0,51,0,0,0,0,0,0,0x03
2026-09-06T16:20:06.781-03:00,505,0,0,51,0,0,0,0,0,0,0x03
2026-09-06T16:20:06.801-03:00,505,0,0,51,0,0,0,0,0,0,0x03
2026-09-06T16:20:06.824-03:00,505,0,0,50,0,0,0,0,0,0,0x03
2026-09-06T16:20:06.845-03:00,505,0,0,50,0,0,0,0,0,0,0x03
2026-09-06T16:20:06.863-03:00,505,0,0,50,0,0,0,0,0,0,0x03
2026-09-06T16:20:06.883-03:00,505,0,0,51,0,0,0,0,0,0,0x03
2026-09-06T16:20:06.901-03:00,505,0,0,51,0,0,0,0,0,0,0x03
2026-09-06T16:20:06.924-03:00,8,0,0,53,0,0,30992,0,0,31404,0x07
2026-09-06T16:20:06.942-03:00,9,0,0,53,0,0,30992,0,0,31404,0x07
2026-09-06T16:20:06.965-03:00,10,0,0,53,0,0,30992,0,0,31404,0x07
2026-09-06T16:20:06.983-03:00,11,0,0,51,3374,1020,40000,3500,627,40000,0x07
2026-09-06T16:20:07.003-03:00,12,0,0,51,3374,1020,40000,3500,627,40000,0x07
2026-09-06T16:20:07.023-03:00,13,0,0,57,3374,2737,33700,3500,386,40000,0x07
2026-09-06T16:20:07.041-03:00,14,0,0,57,3374,2737,33700,3500,386,40000,0x07
2026-09-06T16:20:07.064-03:00,15,0,0,57,3374,2737,33700,3500,386,40000,0x07
2026-09-06T16:20:07.082-03:00,16,0,0,50,3374,3500,30456,3500,40,40000,0x07
2026-09-06T16:20:07.100-03:00,17,0,0,50,3374,3500,30456,3500,40,40000,0x07
2026-09-06T16:20:07.123-03:00,18,0,0,50,3374,3440,30712,3500,0,40000,0x07
2026-09-06T16:20:07.141-03:00,19,0,0,50,3374,3440,30712,3500,0,40000,0x07
2026-09-06T16:20:07.161-03:00,20,0,0,50,3374,3440,30712,3500,0,40000,0x07
2026-09-06T16:20:07.182-03:00,21,0,0,57,3374,3298,31314,3500,0,40000,0x07
2026-09-06T16:20:07.205-03:00,22,0,0,57,3374,3298,31314,3500,0,40000,0x07
2026-09-06T16:20:07.223-03:00,23,0,0,57,3374,3298,31314,3500,0,40000,0x07
2026-09-06T16:20:07.241-03:00,24,0,0,51,3374,3314,31248,3500,0,40000,0x07
2026-09-06T16:20:07.263-03:00,25,0,0,51,3374,3314,31248,3500,0,40000,0x07
2026-09-06T16:20:07.280-03:00,26,0,0,50,3374,3220,31646,3500,0,40000,0x07
2026-09-06T16:20:07.303-03:00,27,0,0,50,3374,3220,31646,3500,0,40000,0x07
2026-09-06T16:20:07.323-03:00,28,0,0,50,3374,3220,31646,3500,0,40000,0x07
2026-09-06T16:20:07.344-03:00,29,0,0,50,3374,3200,31732,3500,0,40000,0x07
2026-09-06T16:20:07.361-03:00,30,0,0,50,3374,3200,31732,3500,0,40000,0x07
2026-09-06T16:20:07.384-03:00,31,0,0,50,3374,3300,31306,3500,0,40000,0x07
2026-09-06T16:20:07.402-03:00,32,0,0,50,3374,3300,31306,3500,0,40000,0x07
2026-09-06T16:20:07.420-03:00,33,0,0,50,3374,3300,31306,3500,0,40000,0x07
2026-09-06T16:20:07.443-03:00,34,0,0,51,3374,3353,31082,3500,0,40000,0x07
2026-09-06T16:20:07.464-03:00,35,0,0,51,3374,3353,31082,3500,0,40000,0x07
2026-09-06T16:20:07.482-03:00,36,0,0,51,3374,3353,31082,3500,0,40000,0x07
2026-09-06T16:20:07.504-03:00,37,0,0,51,3374,3255,31498,3500,0,40000,0x07
2026-09-06T16:20:07.522-03:00,38,0,0,51,3374,3255,31498,3500,0,40000,0x07
2026-09-06T16:20:07.540-03:00,39,0,0,57,3374,3175,31836,3500,0,40000,0x07
2026-09-06T16:20:07.565-03:00,40,0,0,57,3374,3175,31836,3500,0,40000,0x07
2026-09-06T16:20:07.583-03:00,41,0,0,57,3374,3175,31836,3500,0,40000,0x07
2026-09-06T16:20:07.603-03:00,42,0,0,51,3374,3353,31082,3500,0,40000,0x07
2026-09-06T16:20:07.622-03:00,43,0,0,51,3374,3353,31082,3500,0,40000,0x07
2026-09-06T16:20:07.640-03:00,44,0,0,50,3374,3240,31562,3500,0,40000,0x07
2026-09-06T16:20:07.660-03:00,45,0,0,50,3374,3240,31562,3500,0,40000,0x07
2026-09-06T16:20:07.681-03:00,46,0,0,50,3374,3240,31562,3500,0,40000,0x07
2026-09-06T16:20:07.704-03:00,47,0,0,56,3374,3196,31747,3500,0,40000,0x07
2026-09-06T16:20:07.722-03:00,48,0,0,56,3374,3196,31747,3500,0,40000,0x07
2026-09-06T16:20:07.740-03:00,49,0,0,56,3374,3196,31747,3500,0,40000,0x07
2026-09-06T16:20:07.761-03:00,50,0,0,50,3374,3380,30966,3500,0,40000,0x07
2026-09-06T16:20:07.784-03:00,51,0,0,50,3374,3380,30966,3500,0,40000,0x07
2026-09-06T16:20:07.805-03:00,52,0,0,53,3374,3170,31860,3500,0,40000,0x07
2026-09-06T16:20:07.822-03:00,53,0,0,53,3374,3170,31860,3500,0,40000,0x07
2026-09-06T16:20:07.845-03:00,54,0,0,53,3374,3170,31860,3500,0,40000,0x07
2026-09-06T16:20:07.863-03:00,55,0,0,50,3374,3140,31986,3500,0,40000,0x07
2026-09-06T16:20:07.881-03:00,56,0,0,50,3374,3140,31986,3500,0,40000,0x07
2026-09-06T16:20:07.904-03:00,57,0,0,53,3374,3226,31619,3500,0,40000,0x07
2026-09-06T16:20:07.924-03:00,58,0,0,53,3374,3226,31619,3500,0,40000,0x07
2026-09-06T16:20:07.942-03:00,59,0,0,53,3374,3226,31619,3500,0,40000,0x07
2026-09-06T16:20:07.960-03:00,60,0,0,51,3374,3353,31082,3500,0,40000,0x07
2026-09-06T16:20:07.981-03:00,61,0,0,51,3374,3353,31082,3500,0,40000,0x07
2026-09-06T16:20:08.004-03:00,62,0,0,51,3374,3353,31082,3500,0,40000,0x07
2026-09-06T16:20:08.021-03:00,63,0,0,51,3374,3255,31498,3500,0,40000,0x07
2026-09-06T16:20:08.043-03:00,64,0,0,51,3374,3255,31498,3500,0,40000,0x07
2026-09-06T16:20:08.062-03:00,65,0,0,51,3374,3216,31665,3500,0,40000,0x07
2026-09-06T16:20:08.085-03:00,66,0,0,51,3374,3216,31665,3500,0,40000,0x07
2026-09-06T16:20:08.103-03:00,67,0,0,51,3374,3216,31665,3500,0,40000,0x07
2026-09-06T16:20:08.121-03:00,68,0,0,51,3374,3294,31332,3500,0,40000,0x07
2026-09-06T16:20:08.141-03:00,69,0,0,51,3374,3294,31332,3500,0,40000,0x07
2026-09-06T16:20:08.164-03:00,70,0,0,54,3374,3278,31401,3500,0,40000,0x07
2026-09-06T16:20:08.184-03:00,71,0,0,54,3374,3278,31401,3500,0,40000,0x07
2026-09-06T16:20:08.202-03:00,72,0,0,54,3374,3278,31401,3500,0,40000,0x07
2026-09-06T16:20:08.222-03:00,73,0,0,50,3374,3260,31476,3500,0,40000,0x07
2026-09-06T16:20:08.245-03:00,74,0,0,50,3374,3260,31476,3500,0,40000,0x07
2026-09-06T16:20:08.265-03:00,75,0,0,50,3374,3260,31476,3500,0,40000,0x07
2026-09-06T16:20:08.283-03:00,76,0,0,53,3374,3340,31138,3500,0,40000,0x07
2026-09-06T16:20:08.301-03:00,77,0,0,53,3374,3340,31138,3500,0,40000,0x07
2026-09-06T16:20:08.324-03:00,78,0,0,51,3374,3275,31415,3500,0,40000,0x07
2026-09-06T16:20:08.342-03:00,79,0,0,51,3374,3275,31415,3500,0,40000,0x07
2026-09-06T16:20:08.362-03:00,80,0,0,51,3374,3275,31415,3500,0,40000,0x07
2026-09-06T16:20:08.380-03:00,81,0,0,51,3374,3255,31498,3500,0,40000,0x07
2026-09-06T16:20:08.401-03:00,82,0,0,51,3374,3255,31498,3500,0,40000,0x07
2026-09-06T16:20:08.424-03:00,83,0,0,53,3374,3302,31298,3500,0,40000,0x07
2026-09-06T16:20:08.442-03:00,84,0,0,53,3374,3302,31298,3500,0,40000,0x07
2026-09-06T16:20:08.462-03:00,85,0,0,53,3374,3302,31298,3500,0,40000,0x07
2026-09-06T16:20:08.480-03:00,86,0,0,50,3374,3300,31306,3500,0,40000,0x07
2026-09-06T16:20:08.504-03:00,87,0,0,50,3374,3300,31306,3500,0,40000,0x07
2026-09-06T16:20:08.522-03:00,88,0,0,51,3374,3294,31332,3500,0,40000,0x07
2026-09-06T16:20:08.540-03:00,89,0,0,51,3374,3294,31332,3500,0,40000,0x07
2026-09-06T16:20:08.564-03:00,90,0,0,51,3374,3294,31332,3500,0,40000,0x07
2026-09-06T16:20:08.582-03:00,91,0,0,50,3374,3300,31306,3500,0,40000,0x07
2026-09-06T16:20:08.601-03:00,92,0,0,50,3374,3300,31306,3500,0,40000,0x07
2026-09-06T16:20:08.623-03:00,93,0,0,52,3374,3308,31274,3500,0,40000,0x07
2026-09-06T16:20:08.641-03:00,94,0,0,52,3374,3308,31274,3500,0,40000,0x07
2026-09-06T16:20:08.661-03:00,95,0,0,52,3374,3308,31274,3500,0,40000,0x07
2026-09-06T16:20:08.684-03:00,96,0,0,50,3374,3300,31306,3500,0,40000,0x07
2026-09-06T16:20:08.702-03:00,97,0,0,50,3374,3300,31306,3500,0,40000,0x07
2026-09-06T16:20:08.743-03:00,98,0,0,50,3374,3300,31306,3500,0,40000,0x07
2026-09-06T16:20:08.743-03:00,99,0,0,51,3374,3294,31332,3500,0,40000,0x07
2026-09-06T16:20:08.761-03:00,100,0,0,51,3374,3294,31332,3500,0,40000,0x07
2026-09-06T16:20:08.785-03:00,101,0,0,51,3374,3314,31248,3500,0,40000,0x07
2026-09-06T16:20:08.805-03:00,102,0,0,51,3374,3314,31248,3500,0,40000,0x07
2026-09-06T16:20:08.824-03:00,103,0,0,51,3374,3314,31248,3500,0,40000,0x07
2026-09-06T16:20:08.841-03:00,104,0,0,50,3374,3280,31392,3500,0,40000,0x07
2026-09-06T16:20:08.861-03:00,105,0,0,50,3374,3280,31392,3500,0,40000,0x07
2026-09-06T16:20:08.881-03:00,106,0,0,56,3374,3286,31367,3500,0,40000,0x07
2026-09-06T16:20:08.904-03:00,107,0,0,56,3374,3286,31367,3500,0,40000,0x07
2026-09-06T16:20:08.923-03:00,108,0,0,56,3374,3286,31367,3500,0,40000,0x07
2026-09-06T16:20:08.941-03:00,109,0,0,50,3374,3320,31222,3500,0,40000,0x07
2026-09-06T16:20:08.961-03:00,110,0,0,50,3374,3320,31222,3500,0,40000,0x07
2026-09-06T16:20:08.981-03:00,111,0,0,50,3374,3320,31222,3500,0,40000,0x07
2026-09-06T16:20:09.004-03:00,112,0,0,54,3374,3315,31244,3500,0,40000,0x07
2026-09-06T16:20:09.023-03:00,113,0,0,54,3374,3315,31244,3500,0,40000,0x07
2026-09-06T16:20:09.040-03:00,114,0,0,55,3374,3273,31422,3500,0,40000,0x07
2026-09-06T16:20:09.060-03:00,115,0,0,55,3374,3273,31422,3500,0,40000,0x07
2026-09-06T16:20:09.083-03:00,116,0,0,55,3374,3273,31422,3500,0,40000,0x07
2026-09-06T16:20:09.101-03:00,117,0,0,51,3374,3314,31248,3500,0,40000,0x07
2026-09-06T16:20:09.125-03:00,118,0,0,51,3374,3314,31248,3500,0,40000,0x07
2026-09-06T16:20:09.143-03:00,119,0,0,50,3374,3300,31306,3500,0,40000,0x07
2026-09-06T16:20:09.161-03:00,120,0,0,50,3374,3300,31306,3500,0,40000,0x07
2026-09-06T16:20:09.184-03:00,121,0,0,50,3374,3300,31306,3500,0,40000,0x07
2026-09-06T16:20:09.203-03:00,122,0,0,51,3374,3333,31165,3500,0,40000,0x07
2026-09-06T16:20:09.221-03:00,123,0,0,51,3374,3333,31165,3500,0,40000,0x07
2026-09-06T16:20:09.241-03:00,124,0,0,51,3374,3255,31498,3500,0,40000,0x07
2026-09-06T16:20:09.264-03:00,125,0,0,51,3374,3255,31498,3500,0,40000,0x07
2026-09-06T16:20:09.284-03:00,126,0,0,51,3374,3255,31498,3500,0,40000,0x07
2026-09-06T16:20:09.302-03:00,127,0,0,56,3374,3339,31140,3500,0,40000,0x07
2026-09-06T16:20:09.320-03:00,128,0,0,56,3374,3339,31140,3500,0,40000,0x07
2026-09-06T16:20:09.344-03:00,129,0,0,56,3374,3339,31140,3500,0,40000,0x07
2026-09-06T16:20:09.362-03:00,130,0,0,50,3374,3320,31222,3500,0,40000,0x07
2026-09-06T16:20:09.380-03:00,131,0,0,50,3374,3320,31222,3500,0,40000,0x07
2026-09-06T16:20:09.402-03:00,132,0,0,53,3374,3264,31459,3500,0,40000,0x07
2026-09-06T16:20:09.421-03:00,133,0,0,53,3374,3264,31459,3500,0,40000,0x07
2026-09-06T16:20:09.444-03:00,134,0,0,53,3374,3264,31459,3500,0,40000,0x07
2026-09-06T16:20:09.463-03:00,135,0,0,51,3374,3333,31165,3500,0,40000,0x07
2026-09-06T16:20:09.481-03:00,136,0,0,51,3374,3333,31165,3500,0,40000,0x07
2026-09-06T16:20:09.502-03:00,137,0,0,51,3374,3333,31165,3500,0,40000,0x07
2026-09-06T16:20:09.522-03:00,138,0,0,54,3374,3315,31244,3500,0,40000,0x07
2026-09-06T16:20:09.541-03:00,139,0,0,54,3374,3315,31244,3500,0,40000,0x07
2026-09-06T16:20:09.561-03:00,140,0,0,55,3374,3291,31345,3500,0,40000,0x07
2026-09-06T16:20:09.581-03:00,141,0,0,55,3374,3291,31345,3500,0,40000,0x07
2026-09-06T16:20:09.602-03:00,142,0,0,55,3374,3291,31345,3500,0,40000,0x07
2026-09-06T16:20:09.622-03:00,143,0,0,57,3374,3281,31389,3500,0,40000,0x07
2026-09-06T16:20:09.643-03:00,144,0,0,57,3374,3281,31389,3500,0,40000,0x07
2026-09-06T16:20:09.661-03:00,145,0,0,57,3374,3281,31389,3500,0,40000,0x07
2026-09-06T16:20:09.685-03:00,146,0,0,51,3374,3333,31165,3500,0,40000,0x07
2026-09-06T16:20:09.703-03:00,147,0,0,51,3374,3333,31165,3500,0,40000,0x07
2026-09-06T16:20:09.721-03:00,148,0,0,51,3374,3333,31165,3500,0,40000,0x07
2026-09-06T16:20:09.745-03:00,149,0,0,53,3374,3321,31218,3500,0,40000,0x07
2026-09-06T16:20:09.763-03:00,150,0,0,53,3374,3321,31218,3500,0,40000,0x07
2026-09-06T16:20:09.781-03:00,151,0,0,56,3374,3268,31443,3500,0,40000,0x07
2026-09-06T16:20:09.804-03:00,152,0,0,56,3374,3268,31443,3500,0,40000,0x07
2026-09-06T16:20:09.822-03:00,153,0,0,56,3374,3268,31443,3500,0,40000,0x07
2026-09-06T16:20:09.841-03:00,154,0,0,50,3374,3340,31136,3500,0,40000,0x07
2026-09-06T16:20:09.864-03:00,155,0,0,50,3374,3340,31136,3500,0,40000,0x07
2026-09-06T16:20:09.882-03:00,156,0,0,51,3374,3294,31332,3500,0,40000,0x07
2026-09-06T16:20:09.905-03:00,157,0,0,51,3374,3294,31332,3500,0,40000,0x07
2026-09-06T16:20:09.924-03:00,158,0,0,51,3374,3294,31332,3500,0,40000,0x07
2026-09-06T16:20:09.942-03:00,159,0,0,51,3374,3314,31248,3500,0,40000,0x07
2026-09-06T16:20:09.965-03:00,160,0,0,51,3374,3314,31248,3500,0,40000,0x07
2026-09-06T16:20:09.980-03:00,161,0,0,56,3374,3321,31215,3500,0,40000,0x07
2026-09-06T16:20:10.004-03:00,162,0,0,56,3374,3321,31215,3500,0,40000,0x07
2026-09-06T16:20:10.024-03:00,163,0,0,56,3374,3321,31215,3500,0,40000,0x07
2026-09-06T16:20:10.042-03:00,164,0,0,50,3374,3260,31476,3500,0,40000,0x07
2026-09-06T16:20:10.065-03:00,165,0,0,50,3374,3260,31476,3500,0,40000,0x07
2026-09-06T16:20:10.083-03:00,166,0,0,50,3374,3260,31476,3500,0,40000,0x07
2026-09-06T16:20:10.103-03:00,167,0,0,50,3374,3320,31222,3500,0,40000,0x07
2026-09-06T16:20:10.121-03:00,168,0,0,50,3374,3320,31222,3500,0,40000,0x07
2026-09-06T16:20:10.144-03:00,169,0,0,53,3374,3283,31379,3500,0,40000,0x07
2026-09-06T16:20:10.165-03:00,170,0,0,53,3374,3283,31379,3500,0,40000,0x07
2026-09-06T16:20:10.183-03:00,171,0,0,53,3374,3283,31379,3500,0,40000,0x07
2026-09-06T16:20:10.201-03:00,172,0,0,51,3374,3353,31082,3500,0,40000,0x07
2026-09-06T16:20:10.225-03:00,173,0,0,51,3374,3353,31082,3500,0,40000,0x07
2026-09-06T16:20:10.243-03:00,174,0,0,50,3374,3280,31392,3500,0,40000,0x07
2026-09-06T16:20:10.261-03:00,175,0,0,50,3374,3280,31392,3500,0,40000,0x07
2026-09-06T16:20:10.285-03:00,176,0,0,50,3374,3280,31392,3500,0,40000,0x07
2026-09-06T16:20:10.302-03:00,177,0,0,51,3374,3294,31332,3500,0,40000,0x07
2026-09-06T16:20:10.322-03:00,178,0,0,51,3374,3294,31332,3500,0,40000,0x07
2026-09-06T16:20:10.340-03:00,179,0,0,53,3374,3340,31138,3500,0,40000,0x07
2026-09-06T16:20:10.363-03:00,180,0,0,53,3374,3340,31138,3500,0,40000,0x07
2026-09-06T16:20:10.384-03:00,181,0,0,53,3374,3340,31138,3500,0,40000,0x07
2026-09-06T16:20:10.404-03:00,182,0,0,53,3374,3283,31379,3500,0,40000,0x07
2026-09-06T16:20:10.422-03:00,183,0,0,53,3374,3283,31379,3500,0,40000,0x07
2026-09-06T16:20:10.442-03:00,184,0,0,53,3374,3283,31379,3500,0,40000,0x07
2026-09-06T16:20:10.463-03:00,185,0,0,50,3374,3300,31306,3500,0,40000,0x07
2026-09-06T16:20:10.483-03:00,186,0,0,50,3374,3300,31306,3500,0,40000,0x07
2026-09-06T16:20:10.503-03:00,187,0,0,51,3374,3294,31332,3500,0,40000,0x07
2026-09-06T16:20:10.520-03:00,188,0,0,51,3374,3294,31332,3500,0,40000,0x07
2026-09-06T16:20:10.544-03:00,189,0,0,51,3374,3294,31332,3500,0,40000,0x07
2026-09-06T16:20:10.562-03:00,190,0,0,51,3374,3333,31165,3500,0,40000,0x07
2026-09-06T16:20:10.581-03:00,191,0,0,51,3374,3333,31165,3500,0,40000,0x07
2026-09-06T16:20:10.604-03:00,192,0,0,51,3374,3275,31415,3500,0,40000,0x07
2026-09-06T16:20:10.622-03:00,193,0,0,51,3374,3275,31415,3500,0,40000,0x07
2026-09-06T16:20:10.645-03:00,194,0,0,51,3374,3275,31415,3500,0,40000,0x07
2026-09-06T16:20:10.665-03:00,195,0,0,51,3374,3314,31248,3500,0,40000,0x07
2026-09-06T16:20:10.685-03:00,196,0,0,51,3374,3314,31248,3500,0,40000,0x07
2026-09-06T16:20:10.703-03:00,197,0,0,51,3374,3314,31248,3500,0,40000,0x07
2026-09-06T16:20:10.723-03:00,198,0,0,51,3374,3314,31248,3500,0,40000,0x07
2026-09-06T16:20:10.742-03:00,199,0,0,51,3374,3314,31248,3500,0,40000,0x07
2026-09-06T16:20:10.765-03:00,200,0,0,57,3374,3298,31314,3500,0,40000,0x07
2026-09-06T16:20:10.783-03:00,201,0,0,57,3374,3298,31314,3500,0,40000,0x07
2026-09-06T16:20:10.801-03:00,202,0,0,57,3374,3298,31314,3500,0,40000,0x07
2026-09-06T16:20:10.824-03:00,203,0,0,51,3374,3294,31332,3500,0,40000,0x07
2026-09-06T16:20:10.842-03:00,204,0,0,51,3374,3294,31332,3500,0,40000,0x07
2026-09-06T16:20:10.861-03:00,205,0,0,51,3374,3294,31332,3500,0,40000,0x07
2026-09-06T16:20:10.881-03:00,206,0,0,53,3374,3340,31138,3500,0,40000,0x07
2026-09-06T16:20:10.901-03:00,207,0,0,53,3374,3340,31138,3500,0,40000,0x07
2026-09-06T16:20:10.924-03:00,208,0,0,54,3374,3259,31480,3500,0,40000,0x07
2026-09-06T16:20:10.942-03:00,209,0,0,54,3374,3259,31480,3500,0,40000,0x07
2026-09-06T16:20:10.961-03:00,210,0,0,54,3374,3259,31480,3500,0,40000,0x07
2026-09-06T16:20:10.983-03:00,211,0,0,50,3374,3320,31222,3500,0,40000,0x07
2026-09-06T16:20:11.003-03:00,212,0,0,50,3374,3320,31222,3500,0,40000,0x07
2026-09-06T16:20:11.025-03:00,213,0,0,55,3374,3309,31268,3500,0,40000,0x07
2026-09-06T16:20:11.045-03:00,214,0,0,55,3374,3309,31268,3500,0,40000,0x07
2026-09-06T16:20:11.062-03:00,215,0,0,55,3374,3309,31268,3500,0,40000,0x07
2026-09-06T16:20:11.084-03:00,216,0,0,51,3374,3275,31415,3500,0,40000,0x07
2026-09-06T16:20:11.101-03:00,217,0,0,51,3374,3275,31415,3500,0,40000,0x07
2026-09-06T16:20:11.121-03:00,218,0,0,51,3374,3275,31415,3500,0,40000,0x07
2026-09-06T16:20:11.141-03:00,219,0,0,50,3374,3300,31306,3500,0,40000,0x07
2026-09-06T16:20:11.163-03:00,220,0,0,50,3374,3300,31306,3500,0,40000,0x07
2026-09-06T16:20:11.182-03:00,221,0,0,55,3374,3273,31422,3500,0,40000,0x07
2026-09-06T16:20:11.205-03:00,222,0,0,55,3374,3273,31422,3500,0,40000,0x07
2026-09-06T16:20:11.223-03:00,223,0,0,55,3374,3273,31422,3500,0,40000,0x07
2026-09-06T16:20:11.243-03:00,224,0,0,50,3374,3360,31052,3500,0,40000,0x07
2026-09-06T16:20:11.262-03:00,225,0,0,50,3374,3360,31052,3500,0,40000,0x07
2026-09-06T16:20:11.280-03:00,226,0,0,51,3374,3294,31332,3500,0,40000,0x07
2026-09-06T16:20:11.304-03:00,227,0,0,51,3374,3294,31332,3500,0,40000,0x07
2026-09-06T16:20:11.322-03:00,228,0,0,51,3374,3294,31332,3500,0,40000,0x07
2026-09-06T16:20:11.345-03:00,229,0,0,57,3374,3263,31463,3500,0,40000,0x07
2026-09-06T16:20:11.365-03:00,230,0,0,57,3374,3263,31463,3500,0,40000,0x07
2026-09-06T16:20:11.383-03:00,231,0,0,57,3374,3263,31463,3500,0,40000,0x07
2026-09-06T16:20:11.403-03:00,232,0,0,51,3374,3353,31082,3500,0,40000,0x07
2026-09-06T16:20:11.420-03:00,233,0,0,51,3374,3353,31082,3500,0,40000,0x07
2026-09-06T16:20:11.443-03:00,234,0,0,55,3374,3273,31422,3500,0,40000,0x07
2026-09-06T16:20:11.461-03:00,235,0,0,55,3374,3273,31422,3500,0,40000,0x07
2026-09-06T16:20:11.481-03:00,236,0,0,55,3374,3273,31422,3500,0,40000,0x07
2026-09-06T16:20:11.504-03:00,237,0,0,57,3374,3263,31463,3500,0,40000,0x07
2026-09-06T16:20:11.522-03:00,238,0,0,57,3374,3263,31463,3500,0,40000,0x07
2026-09-06T16:20:11.545-03:00,239,0,0,57,3374,3263,31463,3500,0,40000,0x07
2026-09-06T16:20:11.562-03:00,240,0,0,51,3374,3373,30998,3500,0,40000,0x07
2026-09-06T16:20:11.584-03:00,241,0,0,51,3374,3373,30998,3500,0,40000,0x07
2026-09-06T16:20:11.602-03:00,242,0,0,56,3374,3286,31367,3500,0,40000,0x07
2026-09-06T16:20:11.623-03:00,243,0,0,56,3374,3286,31367,3500,0,40000,0x07
2026-09-06T16:20:11.643-03:00,244,0,0,56,3374,3286,31367,3500,0,40000,0x07
2026-09-06T16:20:11.662-03:00,245,0,0,53,3374,3264,31459,3500,0,40000,0x07
2026-09-06T16:20:11.685-03:00,246,0,0,53,3374,3264,31459,3500,0,40000,0x07
2026-09-06T16:20:11.704-03:00,247,0,0,53,3374,3264,31459,3500,0,40000,0x07
2026-09-06T16:20:11.722-03:00,248,0,0,50,3374,3340,31136,3500,0,40000,0x07
2026-09-06T16:20:11.745-03:00,249,0,0,50,3374,3340,31136,3500,0,40000,0x07
2026-09-06T16:20:11.763-03:00,250,0,0,51,3374,3275,31415,3500,0,40000,0x07
2026-09-06T16:20:11.781-03:00,251,0,0,51,3374,3275,31415,3500,0,40000,0x07
2026-09-06T16:20:11.804-03:00,252,0,0,51,3374,3275,31415,3500,0,40000,0x07
2026-09-06T16:20:11.843-03:00,253,0,0,51,3374,3294,31332,3500,0,40000,0x07
2026-09-06T16:20:11.885-03:00,254,0,0,51,3374,3294,31332,3500,0,40000,0x07
2026-09-06T16:20:11.904-03:00,255,0,0,51,3374,3275,31415,3500,0,40000,0x07
2026-09-06T16:20:11.921-03:00,256,0,0,54,3374,3333,31165,3500,0,40000,0x07
2026-09-06T16:20:11.945-03:00,257,0,0,54,3374,3333,31165,3500,0,40000,0x07
2026-09-06T16:20:11.962-03:00,259,0,0,54,3374,3333,31165,3500,0,40000,0x07
2026-09-06T16:20:11.985-03:00,261,0,0,52,3374,3308,31274,3500,0,40000,0x07
2026-09-06T16:20:12.000-03:00,262,0,0,52,3374,3308,31274,3500,0,40000,0x07
2026-09-06T16:20:12.021-03:00,263,0,0,50,3374,3260,31476,3500,0,40000,0x07
2026-09-06T16:20:12.041-03:00,264,0,0,50,3374,3260,31476,3500,0,40000,0x07
2026-09-06T16:20:12.065-03:00,265,0,0,50,3374,3260,31476,3500,0,40000,0x07
2026-09-06T16:20:12.083-03:00,266,0,0,51,3374,3353,31082,3500,0,40000,0x07
2026-09-06T16:20:12.101-03:00,267,0,0,51,3374,3353,31082,3500,0,40000,0x07
2026-09-06T16:20:12.124-03:00,268,0,0,51,3374,3255,31498,3500,0,40000,0x07
2026-09-06T16:20:12.143-03:00,269,0,0,51,3374,3255,31498,3500,0,40000,0x07
2026-09-06T16:20:12.163-03:00,270,0,0,51,3374,3255,31498,3500,0,40000,0x07
2026-09-06T16:20:12.181-03:00,271,0,0,51,3374,3275,31415,3500,0,40000,0x07
2026-09-06T16:20:12.205-03:00,272,0,0,51,3374,3275,31415,3500,0,40000,0x07
2026-09-06T16:20:12.224-03:00,273,0,0,51,3374,3275,31415,3500,0,40000,0x07
2026-09-06T16:20:12.242-03:00,274,0,0,52,3374,3346,31110,3500,0,40000,0x07
2026-09-06T16:20:12.261-03:00,275,0,0,52,3374,3346,31110,3500,0,40000,0x07
2026-09-06T16:20:12.281-03:00,276,0,0,57,3374,3298,31314,3500,0,40000,0x07
2026-09-06T16:20:12.304-03:00,277,0,0,57,3374,3298,31314,3500,0,40000,0x07
2026-09-06T16:20:12.322-03:00,278,0,0,57,3374,3298,31314,3500,0,40000,0x07
2026-09-06T16:20:12.343-03:00,279,0,0,57,3374,3281,31389,3500,0,40000,0x07
2026-09-06T16:20:12.363-03:00,280,0,0,57,3374,3281,31389,3500,0,40000,0x07
2026-09-06T16:20:12.381-03:00,281,0,0,57,3374,3281,31389,3500,0,40000,0x07
2026-09-06T16:20:12.401-03:00,282,0,0,50,3374,3320,31222,3500,0,40000,0x07
2026-09-06T16:20:12.425-03:00,283,0,0,50,3374,3320,31222,3500,0,40000,0x07
2026-09-06T16:20:12.440-03:00,284,0,0,53,3374,3302,31298,3500,0,40000,0x07
2026-09-06T16:20:12.461-03:00,285,0,0,53,3374,3302,31298,3500,0,40000,0x07
2026-09-06T16:20:12.544-03:00,286,0,0,53,3374,3302,31298,3500,0,40000,0x07
2026-09-06T16:20:12.544-03:00,287,0,0,56,3374,3286,31367,3500,0,40000,0x07
2026-09-06T16:20:12.562-03:00,288,0,0,56,3374,3286,31367,3500,0,40000,0x07
2026-09-06T16:20:12.582-03:00,289,0,0,51,3374,3294,31332,3500,0,40000,0x07
2026-09-06T16:20:12.605-03:00,290,0,0,56,3374,3321,31215,3500,0,40000,0x07
2026-09-06T16:20:12.625-03:00,293,0,0,56,3374,3321,31215,3500,0,40000,0x07
2026-09-06T16:20:12.642-03:00,294,0,0,56,3374,3321,31215,3500,0,40000,0x07
2026-09-06T16:20:12.662-03:00,295,0,0,51,3374,3294,31332,3500,0,40000,0x07
2026-09-06T16:20:12.685-03:00,296,0,0,51,3374,3294,31332,3500,0,40000,0x07
2026-09-06T16:20:12.705-03:00,297,0,0,51,3374,3294,31332,3500,0,40000,0x07
2026-09-06T16:20:12.723-03:00,298,0,0,50,3374,3280,31392,3500,0,40000,0x07
2026-09-06T16:20:12.741-03:00,299,0,0,50,3374,3280,31392,3500,0,40000,0x07
2026-09-06T16:20:12.764-03:00,300,0,0,57,3374,3298,31314,3500,0,40000,0x07
2026-09-06T16:20:12.782-03:00,301,0,0,57,3374,3298,31314,3500,0,40000,0x07
2026-09-06T16:20:12.803-03:00,302,0,0,57,3374,3298,31314,3500,0,40000,0x07
2026-09-06T16:20:12.821-03:00,303,0,0,51,3374,3314,31248,3500,0,40000,0x07
2026-09-06T16:20:12.845-03:00,304,0,0,51,3374,3314,31248,3500,0,40000,0x07
2026-09-06T16:20:12.862-03:00,305,0,0,51,3374,3314,31248,3500,0,40000,0x07
2026-09-06T16:20:12.881-03:00,306,0,0,52,3374,3308,31274,3500,0,40000,0x07
2026-09-06T16:20:12.904-03:00,307,0,0,52,3374,3308,31274,3500,0,40000,0x07
2026-09-06T16:20:12.924-03:00,308,0,0,55,3374,3255,31500,3500,0,40000,0x07
2026-09-06T16:20:12.944-03:00,309,0,0,55,3374,3255,31500,3500,0,40000,0x07
2026-09-06T16:20:12.962-03:00,310,0,0,55,3374,3255,31500,3500,0,40000,0x07
2026-09-06T16:20:12.985-03:00,311,0,0,51,3374,3333,31165,3500,0,40000,0x07
2026-09-06T16:20:13.003-03:00,312,0,0,51,3374,3333,31165,3500,0,40000,0x07
2026-09-06T16:20:13.021-03:00,313,0,0,51,3374,3333,31165,3500,0,40000,0x07
2026-09-06T16:20:13.041-03:00,314,0,0,52,3374,3327,31192,3500,0,40000,0x07
2026-09-06T16:20:13.065-03:00,315,0,0,52,3374,3327,31192,3500,0,40000,0x07
2026-09-06T16:20:13.083-03:00,316,0,0,55,3374,3291,31345,3500,0,40000,0x07
2026-09-06T16:20:13.101-03:00,317,0,0,55,3374,3291,31345,3500,0,40000,0x07
2026-09-06T16:20:13.124-03:00,318,0,0,55,3374,3291,31345,3500,0,40000,0x07
2026-09-06T16:20:13.142-03:00,319,0,0,51,3374,3275,31415,3500,0,40000,0x07
2026-09-06T16:20:13.160-03:00,320,0,0,51,3374,3275,31415,3500,0,40000,0x07
2026-09-06T16:20:13.183-03:00,321,0,0,51,3374,2255,35748,3500,0,40000,0x07
2026-09-06T16:20:13.203-03:00,322,0,0,51,3374,2255,35748,3500,0,40000,0x07
2026-09-06T16:20:13.221-03:00,323,0,0,51,3374,2255,35748,3500,0,40000,0x07
2026-09-06T16:20:13.240-03:00,324,0,0,50,3374,320,40000,3500,0,40000,0x07
2026-09-06T16:20:13.260-03:00,325,0,0,50,3374,320,40000,3500,0,40000,0x07
2026-09-06T16:20:13.284-03:00,326,0,0,50,3374,320,40000,3500,0,40000,0x07
2026-09-06T16:20:13.305-03:00,327,0,0,51,3374,59,40000,3500,0,40000,0x07
2026-09-06T16:20:13.324-03:00,328,0,0,51,3374,59,40000,3500,0,40000,0x07
2026-09-06T16:20:13.342-03:00,329,0,0,50,3374,20,40000,3500,0,40000,0x07
2026-09-06T16:20:13.365-03:00,330,0,0,50,3374,20,40000,3500,0,40000,0x07
2026-09-06T16:20:13.383-03:00,331,0,0,50,3374,20,40000,3500,0,40000,0x07
2026-09-06T16:20:13.401-03:00,332,0,0,53,3374,57,40000,3500,0,40000,0x07
2026-09-06T16:20:13.424-03:00,333,0,0,53,3374,57,40000,3500,0,40000,0x07
2026-09-06T16:20:13.444-03:00,334,0,0,53,3374,0,40000,3500,0,40000,0x07
2026-09-06T16:20:13.462-03:00,335,0,0,53,3374,0,40000,3500,0,40000,0x07
2026-09-06T16:20:13.482-03:00,336,0,0,53,3374,0,40000,3500,0,40000,0x07
2026-09-06T16:20:13.500-03:00,337,0,0,52,3374,0,40000,3500,0,40000,0x07
2026-09-06T16:20:13.523-03:00,338,0,0,52,3374,0,40000,3500,0,40000,0x07
2026-09-06T16:20:13.544-03:00,339,0,0,52,3374,0,40000,3500,0,40000,0x07
2026-09-06T16:20:13.564-03:00,340,0,0,53,3374,208,40000,3500,0,40000,0x07
2026-09-06T16:20:13.582-03:00,341,0,0,53,3374,208,40000,3500,0,40000,0x07
2026-09-06T16:20:13.602-03:00,342,0,0,50,3374,0,40000,3500,0,40000,0x07
2026-09-06T16:20:13.622-03:00,343,0,0,50,3374,0,40000,3500,0,40000,0x07
2026-09-06T16:20:13.640-03:00,344,0,0,50,3374,0,40000,3500,0,40000,0x07
2026-09-06T16:20:13.664-03:00,345,0,0,52,3374,0,40000,3500,0,40000,0x07
2026-09-06T16:20:13.682-03:00,346,0,0,52,3374,0,40000,3500,0,40000,0x07
2026-09-06T16:20:13.701-03:00,347,0,0,52,3374,0,40000,3500,0,40000,0x07
2026-09-06T16:20:13.724-03:00,348,0,0,52,3374,0,40000,3500,0,40000,0x07
2026-09-06T16:20:13.743-03:00,349,0,0,52,3374,0,40000,3500,0,40000,0x07
2026-09-06T16:20:13.761-03:00,350,0,0,51,3374,0,40000,3500,0,40000,0x07
2026-09-06T16:20:13.784-03:00,351,0,0,51,3374,0,40000,3500,0,40000,0x07
2026-09-06T16:20:13.802-03:00,352,0,0,50,3374,0,40000,3500,0,40000,0x07
2026-09-06T16:20:13.822-03:00,353,0,0,50,3374,0,40000,3500,0,40000,0x07
2026-09-06T16:20:13.840-03:00,354,0,0,50,3374,0,40000,3500,0,40000,0x07
2026-09-06T16:20:13.865-03:00,355,0,0,50,3374,0,40000,3500,0,40000,0x07
2026-09-06T16:20:13.885-03:00,356,0,0,50,3374,0,40000,3500,0,40000,0x07
2026-09-06T16:20:13.903-03:00,357,0,0,50,3374,0,40000,3500,0,40000,0x07
2026-09-06T16:20:13.921-03:00,358,0,0,50,3374,0,40000,3500,0,40000,0x07
2026-09-06T16:20:13.945-03:00,359,0,0,50,3374,0,40000,3500,0,40000,0x07
2026-09-06T16:20:13.965-03:00,360,0,0,51,3374,0,40000,3500,0,40000,0x07
2026-09-06T16:20:13.984-03:00,361,0,0,51,3374,0,40000,3500,0,40000,0x07
2026-09-06T16:20:14.002-03:00,362,0,0,54,3374,0,40000,3500,0,40000,0x07
2026-09-06T16:20:14.025-03:00,363,0,0,54,3374,0,40000,3500,0,40000,0x07
2026-09-06T16:20:14.043-03:00,364,0,0,54,3374,0,40000,3500,0,40000,0x07
2026-09-06T16:20:14.061-03:00,365,0,0,55,3374,0,40000,3500,0,40000,0x07
2026-09-06T16:20:14.084-03:00,366,0,0,55,3374,0,40000,3500,0,40000,0x07
2026-09-06T16:20:14.103-03:00,367,0,0,55,3374,0,40000,3500,0,40000,0x07
2026-09-06T16:20:14.122-03:00,368,0,0,50,3374,0,40000,3500,0,40000,0x07
2026-09-06T16:20:14.145-03:00,369,0,0,50,3374,0,40000,3500,0,40000,0x07
2026-09-06T16:20:14.163-03:00,370,0,0,53,3374,0,40000,3500,0,40000,0x07
2026-09-06T16:20:14.182-03:00,371,0,0,53,3374,0,40000,3500,0,40000,0x07
2026-09-06T16:20:14.204-03:00,372,0,0,53,3374,0,40000,3500,0,40000,0x07
2026-09-06T16:20:14.224-03:00,373,0,0,50,3374,120,40000,3500,0,40000,0x07
2026-09-06T16:20:14.245-03:00,374,0,0,50,3374,120,40000,3500,0,40000,0x07
2026-09-06T16:20:14.265-03:00,375,0,0,50,3374,2080,36492,3500,800,40000,0x07
2026-09-06T16:20:14.283-03:00,376,0,0,50,3374,2080,36492,3500,800,40000,0x07
2026-09-06T16:20:14.301-03:00,377,0,0,50,3374,2080,36492,3500,800,40000,0x07
2026-09-06T16:20:14.323-03:00,378,0,0,51,3374,2510,34677,3500,314,40000,0x07
2026-09-06T16:20:14.341-03:00,379,0,0,51,3374,2510,34677,3500,314,40000,0x07
2026-09-06T16:20:14.382-03:00,380,0,0,51,3374,2510,34677,3500,314,40000,0x07
2026-09-06T16:20:14.382-03:00,381,0,0,51,3374,3333,31189,3500,118,40000,0x07
2026-09-06T16:20:14.400-03:00,382,0,0,51,3374,3333,31189,3500,118,40000,0x07
2026-09-06T16:20:14.423-03:00,383,0,0,51,3374,3431,30783,3500,20,40000,0x07
2026-09-06T16:20:14.441-03:00,384,0,0,51,3374,3431,30783,3500,20,40000,0x07
2026-09-06T16:20:14.464-03:00,385,0,0,51,3374,3431,30783,3500,20,40000,0x07
2026-09-06T16:20:14.485-03:00,386,0,0,50,3374,3340,31182,3500,0,40000,0x07
2026-09-06T16:20:14.503-03:00,387,0,0,50,3374,3340,31182,3500,0,40000,0x07
2026-09-06T16:20:14.542-03:00,388,0,0,50,3374,3280,31448,3500,0,40000,0x07
2026-09-06T16:20:14.664-03:00,389,0,0,50,3374,3280,31448,3500,0,40000,0x07
2026-09-06T16:20:14.664-03:00,390,0,0,50,3374,3280,31448,3500,0,40000,0x07
2026-09-06T16:20:14.682-03:00,391,0,0,50,3374,1760,37920,3500,0,40000,0x07
2026-09-06T16:20:14.705-03:00,392,0,0,51,3374,1980,36995,3500,20,40000,0x07
2026-09-06T16:20:14.744-03:00,394,0,0,53,3374,3113,32191,3500,0,40000,0x07
2026-09-06T16:20:14.744-03:00,399,0,0,53,3374,3113,32191,3500,0,40000,0x07
2026-09-06T16:20:14.762-03:00,400,0,0,53,3374,3113,32191,3500,0,40000,0x07
2026-09-06T16:20:14.785-03:00,401,0,0,50,3374,3520,30474,3500,0,40000,0x07
2026-09-06T16:20:14.800-03:00,402,0,0,50,3374,3520,30474,3500,0,40000,0x07
2026-09-06T16:20:14.823-03:00,403,0,0,50,3374,3520,30474,3500,0,40000,0x07
2026-09-06T16:20:14.842-03:00,404,0,0,54,3374,3407,30963,3500,0,40000,0x07
2026-09-06T16:20:14.862-03:00,405,0,0,54,3374,3407,30963,3500,0,40000,0x07
2026-09-06T16:20:14.885-03:00,406,0,0,56,3374,3232,31718,3500,0,40000,0x07
2026-09-06T16:20:14.905-03:00,407,0,0,56,3374,3232,31718,3500,0,40000,0x07
2026-09-06T16:20:14.923-03:00,408,0,0,56,3374,3232,31718,3500,0,40000,0x07
2026-09-06T16:20:14.942-03:00,409,0,0,51,3374,3333,31299,3500,0,40000,0x07
2026-09-06T16:20:14.965-03:00,410,0,0,51,3374,3333,31299,3500,0,40000,0x07
2026-09-06T16:20:14.983-03:00,411,0,0,51,3374,3333,31299,3500,0,40000,0x07
2026-09-06T16:20:15.001-03:00,412,0,0,68,3374,3324,31350,3500,0,40000,0x07
2026-09-06T16:20:15.025-03:00,413,0,0,68,3374,3324,31350,3500,0,40000,0x07
2026-09-06T16:20:15.043-03:00,414,0,0,68,3374,3324,31350,3500,0,40000,0x07
2026-09-06T16:20:15.061-03:00,415,0,0,51,3374,3294,31486,3500,0,40000,0x07
2026-09-06T16:20:15.082-03:00,416,0,0,51,3374,3294,31486,3500,0,40000,0x07
2026-09-06T16:20:15.105-03:00,417,0,0,50,3374,3320,31386,3500,0,40000,0x07
2026-09-06T16:20:15.123-03:00,418,0,0,50,3374,3320,31386,3500,0,40000,0x07
2026-09-06T16:20:15.141-03:00,419,0,0,50,3374,3320,31386,3500,0,40000,0x07
2026-09-06T16:20:15.165-03:00,420,0,0,51,3374,3314,31422,3500,0,40000,0x07
2026-09-06T16:20:15.183-03:00,421,0,0,51,3374,3314,31422,3500,0,40000,0x07
2026-09-06T16:20:15.203-03:00,422,0,0,51,3374,3314,31422,3500,0,40000,0x07
2026-09-06T16:20:15.223-03:00,423,0,0,52,3374,3327,31376,3500,0,40000,0x07
2026-09-06T16:20:15.241-03:00,424,0,0,52,3374,3327,31376,3500,0,40000,0x07
2026-09-06T16:20:15.265-03:00,425,0,0,56,3374,3304,31485,3500,0,40000,0x07
2026-09-06T16:20:15.283-03:00,426,0,0,56,3374,3304,31485,3500,0,40000,0x07
2026-09-06T16:20:15.302-03:00,427,0,0,56,3374,3304,31485,3500,0,40000,0x07
2026-09-06T16:20:15.322-03:00,428,0,0,51,3374,3314,31451,3500,0,40000,0x07
2026-09-06T16:20:15.340-03:00,429,0,0,51,3374,3314,31451,3500,0,40000,0x07
2026-09-06T16:20:15.364-03:00,430,0,0,51,3374,3314,31451,3500,0,40000,0x07
2026-09-06T16:20:15.382-03:00,431,0,0,52,3374,3308,31487,3500,0,40000,0x07
2026-09-06T16:20:15.400-03:00,432,0,0,52,3374,3308,31487,3500,0,40000,0x07
2026-09-06T16:20:15.422-03:00,433,0,0,51,3374,3294,31554,3500,0,40000,0x07
2026-09-06T16:20:15.440-03:00,434,0,0,51,3374,3294,31554,3500,0,40000,0x07
2026-09-06T16:20:15.464-03:00,435,0,0,51,3374,3294,31554,3500,0,40000,0x07
2026-09-06T16:20:15.481-03:00,436,0,0,52,3374,3365,31261,3500,0,40000,0x07
2026-09-06T16:20:15.501-03:00,437,0,0,52,3374,3365,31261,3500,0,40000,0x07
2026-09-06T16:20:15.524-03:00,438,0,0,55,3374,3309,31509,3500,0,40000,0x07
2026-09-06T16:20:15.541-03:00,439,0,0,55,3374,3309,31509,3500,0,40000,0x07
2026-09-06T16:20:15.565-03:00,440,0,0,55,3374,3309,31509,3500,0,40000,0x07
2026-09-06T16:20:15.583-03:00,441,0,0,50,3374,3300,31556,3500,0,40000,0x07
2026-09-06T16:20:15.600-03:00,442,0,0,50,3374,3300,31556,3500,0,40000,0x07
2026-09-06T16:20:15.623-03:00,443,0,0,51,3374,3373,31257,3500,0,40000,0x07
2026-09-06T16:20:15.641-03:00,444,0,0,51,3374,3373,31257,3500,0,40000,0x07
2026-09-06T16:20:15.664-03:00,445,0,0,51,3374,3373,31257,3500,0,40000,0x07
2026-09-06T16:20:15.684-03:00,446,0,0,57,3374,3298,31582,3500,0,40000,0x07
2026-09-06T16:20:15.702-03:00,447,0,0,57,3374,3298,31582,3500,0,40000,0x07
2026-09-06T16:20:15.722-03:00,448,0,0,57,3374,3298,31582,3500,0,40000,0x07
2026-09-06T16:20:15.745-03:00,449,0,0,51,3374,3294,31608,3500,20,40000,0x07
2026-09-06T16:20:15.763-03:00,450,0,0,51,3374,3294,31608,3500,20,40000,0x07
2026-09-06T16:20:15.784-03:00,451,0,0,51,3374,3294,31608,3500,20,40000,0x07
2026-09-06T16:20:15.803-03:00,452,0,0,54,3374,3370,31292,3500,0,40000,0x07
2026-09-06T16:20:15.824-03:00,453,0,0,54,3374,3370,31292,3500,0,40000,0x07
2026-09-06T16:20:15.841-03:00,454,0,0,56,3374,3286,31661,3500,0,40000,0x07
2026-09-06T16:20:15.862-03:00,455,0,0,56,3374,3286,31661,3500,0,40000,0x07
2026-09-06T16:20:15.885-03:00,456,0,0,56,3374,3286,31661,3500,0,40000,0x07
2026-09-06T16:20:15.900-03:00,457,0,0,51,3374,3353,31384,3500,0,40000,0x07
2026-09-06T16:20:15.924-03:00,458,0,0,51,3374,3353,31384,3500,0,40000,0x07
2026-09-06T16:20:15.942-03:00,459,0,0,51,3374,3314,31558,3500,0,40000,0x07
2026-09-06T16:20:15.960-03:00,460,0,0,51,3374,3314,31558,3500,0,40000,0x07
2026-09-06T16:20:15.984-03:00,461,0,0,51,3374,3314,31558,3500,0,40000,0x07
2026-09-06T16:20:16.002-03:00,462,0,0,50,3374,3340,31456,3500,0,40000,0x07
2026-09-06T16:20:16.024-03:00,463,0,0,50,3374,3340,31456,3500,0,40000,0x07
2026-09-06T16:20:16.041-03:00,464,0,0,50,3374,3340,31456,3500,0,40000,0x07
2026-09-06T16:20:16.065-03:00,465,0,0,54,3374,3333,31492,3500,0,40000,0x07
2026-09-06T16:20:16.083-03:00,466,0,0,54,3374,3333,31492,3500,0,40000,0x07
2026-09-06T16:20:16.101-03:00,467,0,0,53,3374,3264,31794,3500,0,40000,0x07
2026-09-06T16:20:16.124-03:00,468,0,0,53,3374,3264,31794,3500,0,40000,0x07
2026-09-06T16:20:16.142-03:00,469,0,0,53,3374,3264,31794,3500,0,40000,0x07
2026-09-06T16:20:16.160-03:00,470,0,0,51,3374,3392,31258,3500,0,40000,0x07
2026-09-06T16:20:16.183-03:00,471,0,0,51,3374,3392,31258,3500,0,40000,0x07
2026-09-06T16:20:16.201-03:00,472,0,0,51,3374,3392,31258,3500,0,40000,0x07
2026-09-06T16:20:16.225-03:00,473,0,0,54,3374,3352,31436,3500,0,40000,0x07
2026-09-06T16:20:16.243-03:00,474,0,0,54,3374,3352,31436,3500,0,40000,0x07
2026-09-06T16:20:16.265-03:00,475,0,0,55,3374,3255,31858,3500,0,40000,0x07
2026-09-06T16:20:16.282-03:00,476,0,0,55,3374,3255,31858,3500,0,40000,0x07
2026-09-06T16:20:16.305-03:00,477,0,0,55,3374,3255,31858,3500,0,40000,0x07
2026-09-06T16:20:16.323-03:00,478,0,0,50,3374,3380,31332,3500,0,40000,0x07
2026-09-06T16:20:16.342-03:00,479,0,0,50,3374,3380,31332,3500,0,40000,0x07
2026-09-06T16:20:16.365-03:00,480,0,0,53,3374,3283,31753,3500,0,40000,0x07
2026-09-06T16:20:16.383-03:00,481,0,0,53,3374,3283,31753,3500,0,40000,0x07
2026-09-06T16:20:16.404-03:00,482,0,0,53,3374,3283,31753,3500,0,40000,0x07
2026-09-06T16:20:16.421-03:00,483,0,0,51,3374,3353,31456,3500,0,40000,0x07
2026-09-06T16:20:16.445-03:00,484,0,0,51,3374,3353,31456,3500,0,40000,0x07
2026-09-06T16:20:16.463-03:00,485,0,0,51,3374,3353,31456,3500,0,40000,0x07
2026-09-06T16:20:16.500-03:00,486,0,0,52,3374,3346,31484,3500,0,40000,0x07
2026-09-06T16:20:16.500-03:00,487,0,0,52,3374,3346,31484,3500,0,40000,0x07
2026-09-06T16:20:16.521-03:00,488,0,0,50,3374,3340,31510,3500,0,40000,0x07
2026-09-06T16:20:16.544-03:00,489,0,0,50,3374,3340,31510,3500,0,40000,0x07
2026-09-06T16:20:16.562-03:00,490,0,0,50,3374,3340,31510,3500,0,40000,0x07
2026-09-06T16:20:16.581-03:00,491,0,0,53,3374,3321,31592,3500,0,40000,0x07
2026-09-06T16:20:16.604-03:00,492,0,0,53,3374,3321,31592,3500,0,40000,0x07
2026-09-06T16:20:16.622-03:00,493,0,0,52,3374,3308,31648,3500,0,40000,0x07
2026-09-06T16:20:16.640-03:00,494,0,0,52,3374,3308,31648,3500,0,40000,0x07
2026-09-06T16:20:16.663-03:00,495,0,0,52,3374,3308,31648,3500,0,40000,0x07
2026-09-06T16:20:16.681-03:00,496,0,0,50,3374,3380,31340,3500,0,40000,0x07
2026-09-06T16:20:16.725-03:00,497,0,0,50,3374,3380,31340,3500,0,40000,0x07
2026-09-06T16:20:16.766-03:00,498,0,0,50,3374,3380,31340,3500,0,40000,0x07
2026-09-06T16:20:16.808-03:00,499,0,0,54,3374,2444,35317,3500,778,40000,0x07
2026-09-06T16:20:16.852-03:00,500,0,0,50,3374,1980,37300,3500,1900,38204,0x07
2026-09-06T16:20:16.896-03:00,501,0,0,50,0,0,0,0,0,0,0x03
