timestamp,sequence,team,robot_id,interval_ms,left_target_eps,left_measured_eps,left_duty,right_target_eps,right_measured_eps,right_duty,flags
2026-09-06T17:08:26.903,3815,0,2,51,0,0,0,0,0,0,0x03
2026-09-06T17:08:26.903,65535,255,1,0,0,0,0,0,0,0,0x03
2026-09-06T17:08:26.968,65535,0,2,53,0,0,0,0,0,0,0x0b
2026-09-06T17:08:26.968,468,0,1,51,0,0,30741,0,0,31098,0x07
2026-09-06T17:08:27.033,65535,0,2,53,0,0,0,0,0,0,0x0b
2026-09-06T17:08:27.033,0,0,1,51,0,0,0,0,0,0,0x03
2026-09-06T17:08:27.098,3,0,2,50,0,0,0,0,0,0,0x03
2026-09-06T17:08:27.098,2,0,1,50,0,0,0,0,0,0,0x03
2026-09-06T17:08:27.163,5,0,2,51,0,0,0,0,0,0,0x03
2026-09-06T17:08:27.163,4,0,1,50,0,0,0,0,0,0,0x03
2026-09-06T17:08:27.228,7,0,2,50,0,0,0,0,0,0,0x03
2026-09-06T17:08:27.228,6,0,1,50,0,0,0,0,0,0,0x03
2026-09-06T17:08:27.293,9,0,2,55,0,0,0,0,0,0,0x03
2026-09-06T17:08:27.293,8,0,1,52,0,0,0,0,0,0,0x03
2026-09-06T17:08:27.358,11,0,2,51,0,0,0,0,0,0,0x03
2026-09-06T17:08:27.358,10,0,1,50,0,0,0,0,0,0,0x03
2026-09-06T17:08:27.439,13,0,2,50,0,0,0,0,0,0,0x03
2026-09-06T17:08:27.439,12,0,1,51,0,0,0,0,0,0,0x03
2026-09-06T17:08:27.504,15,0,2,52,0,0,0,0,0,0,0x03
2026-09-06T17:08:27.504,14,0,1,52,0,0,0,0,0,0,0x03
2026-09-06T17:08:27.569,17,0,2,50,0,0,0,0,0,0,0x03
2026-09-06T17:08:27.569,16,0,1,50,0,0,0,0,0,0,0x03
2026-09-06T17:08:27.635,19,0,2,51,0,0,0,0,0,0,0x03
2026-09-06T17:08:27.635,18,0,1,52,0,0,0,0,0,0,0x03
2026-09-06T17:08:27.699,21,0,2,52,0,0,0,0,0,0,0x03
2026-09-06T17:08:27.699,20,0,1,52,0,0,0,0,0,0,0x03
2026-09-06T17:08:27.764,23,0,2,50,0,0,0,0,0,0,0x03
2026-09-06T17:08:27.764,22,0,1,52,0,0,0,0,0,0,0x03
2026-09-06T17:08:27.829,25,0,2,51,0,0,0,0,0,0,0x03
2026-09-06T17:08:27.829,24,0,1,50,0,0,0,0,0,0,0x03
2026-09-06T17:08:27.895,27,0,2,50,0,0,0,0,0,0,0x03
2026-09-06T17:08:27.895,26,0,1,50,0,0,0,0,0,0,0x03
2026-09-06T17:08:27.975,29,0,2,55,0,0,0,0,0,0,0x03
2026-09-06T17:08:27.975,28,0,1,52,0,0,0,0,0,0,0x03
2026-09-06T17:08:28.040,31,0,2,50,0,0,0,0,0,0,0x03
2026-09-06T17:08:28.040,30,0,1,50,0,0,0,0,0,0,0x03
2026-09-06T17:08:28.105,33,0,2,50,0,0,0,0,0,0,0x03
2026-09-06T17:08:28.105,32,0,1,54,0,0,0,0,0,0,0x03
2026-09-06T17:08:28.170,35,0,2,51,0,0,0,0,0,0,0x03
2026-09-06T17:08:28.170,34,0,1,52,0,0,0,0,0,0,0x03
2026-09-06T17:08:28.236,37,0,2,50,0,0,0,0,0,0,0x03
2026-09-06T17:08:28.236,36,0,1,50,0,0,0,0,0,0,0x03
2026-09-06T17:08:28.300,39,0,2,50,0,0,0,0,0,0,0x03
2026-09-06T17:08:28.300,38,0,1,50,0,0,0,0,0,0,0x03
2026-09-06T17:08:28.365,41,0,2,54,0,0,0,0,0,0,0x03
2026-09-06T17:08:28.365,40,0,1,50,0,0,0,0,0,0,0x03
2026-09-06T17:08:28.429,43,0,2,52,0,0,0,0,0,0,0x03
2026-09-06T17:08:28.429,42,0,1,50,0,0,0,0,0,0,0x03
2026-09-06T17:08:28.511,45,0,2,50,0,0,0,0,0,0,0x03
2026-09-06T17:08:28.511,44,0,1,52,0,0,0,0,0,0,0x03
2026-09-06T17:08:28.576,47,0,2,50,0,0,0,0,0,0,0x03
2026-09-06T17:08:28.576,46,0,1,52,0,0,0,0,0,0,0x03
2026-09-06T17:08:28.642,49,0,2,51,0,0,0,0,0,0,0x03
2026-09-06T17:08:28.642,48,0,1,52,0,0,0,0,0,0,0x03
2026-09-06T17:08:28.707,51,0,2,50,0,0,0,0,0,0,0x03
2026-09-06T17:08:28.707,50,0,1,51,0,0,0,0,0,0,0x03
2026-09-06T17:08:28.772,53,0,2,51,0,0,0,0,0,0,0x03
2026-09-06T17:08:28.772,52,0,1,55,0,0,0,0,0,0,0x03
2026-09-06T17:08:28.838,55,0,2,50,0,0,0,0,0,0,0x03
2026-09-06T17:08:28.838,54,0,1,51,0,0,0,0,0,0,0x03
2026-09-06T17:08:28.903,57,0,2,50,0,0,0,0,0,0,0x03
2026-09-06T17:08:28.903,56,0,1,50,0,0,0,0,0,0,0x03
2026-09-06T17:08:28.968,59,0,2,51,0,0,0,0,0,0,0x03
2026-09-06T17:08:28.968,58,0,1,51,0,0,0,0,0,0,0x03
2026-09-06T17:08:29.049,61,0,2,54,0,0,0,0,0,0,0x03
2026-09-06T17:08:29.049,60,0,1,50,0,0,0,0,0,0,0x03
2026-09-06T17:08:29.114,63,0,2,51,0,0,0,0,0,0,0x03
2026-09-06T17:08:29.114,62,0,1,51,0,0,0,0,0,0,0x03
2026-09-06T17:08:29.179,65,0,2,51,0,0,0,0,0,0,0x03
2026-09-06T17:08:29.179,64,0,1,50,0,0,0,0,0,0,0x03
2026-09-06T17:08:29.244,67,0,2,50,0,0,0,0,0,0,0x03
2026-09-06T17:08:29.244,66,0,1,50,0,0,0,0,0,0,0x03
2026-09-06T17:08:29.309,69,0,2,51,0,0,0,0,0,0,0x03
2026-09-06T17:08:29.309,68,0,1,50,0,0,0,0,0,0,0x03
2026-09-06T17:08:29.374,71,0,2,50,0,0,0,0,0,0,0x03
2026-09-06T17:08:29.374,70,0,1,51,0,0,0,0,0,0,0x03
2026-09-06T17:08:29.439,73,0,2,51,0,0,0,0,0,0,0x03
2026-09-06T17:08:29.439,72,0,1,51,0,0,0,0,0,0,0x03
2026-09-06T17:08:29.505,75,0,2,50,0,0,0,0,0,0,0x03
2026-09-06T17:08:29.505,74,0,1,52,0,0,0,0,0,0,0x03
2026-09-06T17:08:29.570,77,0,2,51,0,0,0,0,0,0,0x03
2026-09-06T17:08:29.570,76,0,1,50,0,0,0,0,0,0,0x03
2026-09-06T17:08:29.651,79,0,2,50,0,0,0,0,0,0,0x03
2026-09-06T17:08:29.651,78,0,1,50,0,0,0,0,0,0,0x03
2026-09-06T17:08:29.716,81,0,2,51,0,0,0,0,0,0,0x03
2026-09-06T17:08:29.716,80,0,1,52,0,0,0,0,0,0,0x03
2026-09-06T17:08:29.781,83,0,2,51,0,0,0,0,0,0,0x03
2026-09-06T17:08:29.781,82,0,1,50,0,0,0,0,0,0,0x03
2026-09-06T17:08:29.846,85,0,2,52,0,0,0,0,0,0,0x03
2026-09-06T17:08:29.846,84,0,1,51,0,0,0,0,0,0,0x03
2026-09-06T17:08:29.910,87,0,2,50,0,0,0,0,0,0,0x03
2026-09-06T17:08:29.910,86,0,1,52,0,0,0,0,0,0,0x03
2026-09-06T17:08:29.975,89,0,2,52,0,0,0,0,0,0,0x03
2026-09-06T17:08:29.975,88,0,1,52,0,0,0,0,0,0,0x03
2026-09-06T17:08:30.041,91,0,2,52,0,0,0,0,0,0,0x03
2026-09-06T17:08:30.041,90,0,1,52,0,0,0,0,0,0,0x03
2026-09-06T17:08:30.106,93,0,2,50,0,0,0,0,0,0,0x03
2026-09-06T17:08:30.106,92,0,1,50,0,0,0,0,0,0,0x03
2026-09-06T17:08:30.171,95,0,2,52,0,0,0,0,0,0,0x03
2026-09-06T17:08:30.171,94,0,1,51,0,0,0,0,0,0,0x03
2026-09-06T17:08:30.253,97,0,2,50,0,0,0,0,0,0,0x03
2026-09-06T17:08:30.253,96,0,1,51,0,0,0,0,0,0,0x03
2026-09-06T17:08:30.318,99,0,2,55,0,0,0,0,0,0,0x03
2026-09-06T17:08:30.318,98,0,1,50,0,0,0,0,0,0,0x03
2026-09-06T17:08:30.383,101,0,2,50,0,0,0,0,0,0,0x03
2026-09-06T17:08:30.383,100,0,1,50,0,0,0,0,0,0,0x03
2026-09-06T17:08:30.449,103,0,2,50,0,0,0,0,0,0,0x03
2026-09-06T17:08:30.449,102,0,1,50,0,0,0,0,0,0,0x03
2026-09-06T17:08:30.513,105,0,2,52,0,0,0,0,0,0,0x03
2026-09-06T17:08:30.513,104,0,1,52,0,0,0,0,0,0,0x03
2026-09-06T17:08:30.578,107,0,2,50,0,0,0,0,0,0,0x03
2026-09-06T17:08:30.578,106,0,1,50,0,0,0,0,0,0,0x03
2026-09-06T17:08:30.644,109,0,2,51,0,0,0,0,0,0,0x03
2026-09-06T17:08:30.644,108,0,1,50,0,0,0,0,0,0,0x03
2026-09-06T17:08:30.710,111,0,2,50,0,0,0,0,0,0,0x03
2026-09-06T17:08:30.710,110,0,1,50,0,0,0,0,0,0,0x03
2026-09-06T17:08:30.775,113,0,2,50,0,0,0,0,0,0,0x03
2026-09-06T17:08:30.775,112,0,1,50,0,0,0,0,0,0,0x03
2026-09-06T17:08:30.841,115,0,2,50,0,0,0,0,0,0,0x03
2026-09-06T17:08:30.841,114,0,1,52,0,0,0,0,0,0,0x03
2026-09-06T17:08:30.922,117,0,2,52,0,0,0,0,0,0,0x03
2026-09-06T17:08:30.922,116,0,1,50,0,0,0,0,0,0,0x03
2026-09-06T17:08:30.986,119,0,2,51,0,0,0,0,0,0,0x03
2026-09-06T17:08:30.986,118,0,1,52,0,0,0,0,0,0,0x03
2026-09-06T17:08:31.052,121,0,2,51,0,0,0,0,0,0,0x03
2026-09-06T17:08:31.052,120,0,1,52,0,0,0,0,0,0,0x03
2026-09-06T17:08:31.118,123,0,2,52,0,0,0,0,0,0,0x03
2026-09-06T17:08:31.118,122,0,1,52,0,0,0,0,0,0,0x03
2026-09-06T17:08:31.183,125,0,2,51,0,0,0,0,0,0,0x03
2026-09-06T17:08:31.183,124,0,1,51,0,0,0,0,0,0,0x03
2026-09-06T17:08:31.249,127,0,2,51,0,0,0,0,0,0,0x03
2026-09-06T17:08:31.249,126,0,1,50,0,0,0,0,0,0,0x03
2026-09-06T17:08:31.313,129,0,2,51,0,0,0,0,0,0,0x03
2026-09-06T17:08:31.313,128,0,1,51,0,0,0,0,0,0,0x03
2026-09-06T17:08:31.378,131,0,2,54,0,0,0,0,0,0,0x03
2026-09-06T17:08:31.378,130,0,1,51,0,0,0,0,0,0,0x03
2026-09-06T17:08:31.460,133,0,2,50,0,0,0,0,0,0,0x03
2026-09-06T17:08:31.460,132,0,1,50,0,0,0,0,0,0,0x03
2026-09-06T17:08:31.524,135,0,2,50,0,0,0,0,0,0,0x03
2026-09-06T17:08:31.524,134,0,1,50,0,0,0,0,0,0,0x03
2026-09-06T17:08:31.590,137,0,2,51,0,0,0,0,0,0,0x03
2026-09-06T17:08:31.590,136,0,1,52,0,0,0,0,0,0,0x03
2026-09-06T17:08:31.655,139,0,2,52,0,0,0,0,0,0,0x03
2026-09-06T17:08:31.655,138,0,1,51,0,0,0,0,0,0,0x03
2026-09-06T17:08:31.720,141,0,2,50,0,0,0,0,0,0,0x03
2026-09-06T17:08:31.721,140,0,1,53,0,0,0,0,0,0,0x03
2026-09-06T17:08:31.786,143,0,2,50,0,0,0,0,0,0,0x03
2026-09-06T17:08:31.786,142,0,1,50,0,0,0,0,0,0,0x03
2026-09-06T17:08:31.851,145,0,2,51,0,0,0,0,0,0,0x03
2026-09-06T17:08:31.851,144,0,1,50,0,0,0,0,0,0,0x03
2026-09-06T17:08:31.917,147,0,2,50,0,0,0,0,0,0,0x03
2026-09-06T17:08:31.917,146,0,1,51,0,0,0,0,0,0,0x03
2026-09-06T17:08:31.981,149,0,2,50,0,0,0,0,0,0,0x03
2026-09-06T17:08:31.981,148,0,1,52,0,0,0,0,0,0,0x03
2026-09-06T17:08:32.046,151,0,2,50,0,0,0,0,0,0,0x03
2026-09-06T17:08:32.046,150,0,1,51,0,0,0,0,0,0,0x03
2026-09-06T17:08:32.127,153,0,2,50,0,0,0,0,0,0,0x03
2026-09-06T17:08:32.127,152,0,1,50,0,0,0,0,0,0,0x03
2026-09-06T17:08:32.191,155,0,2,50,0,0,0,0,0,0,0x03
2026-09-06T17:08:32.191,154,0,1,52,0,0,0,0,0,0,0x03
2026-09-06T17:08:32.256,157,0,2,51,0,0,0,0,0,0,0x03
2026-09-06T17:08:32.256,156,0,1,50,0,0,0,0,0,0,0x03
2026-09-06T17:08:32.322,159,0,2,50,0,0,0,0,0,0,0x03
2026-09-06T17:08:32.322,158,0,1,51,0,0,0,0,0,0,0x03
2026-09-06T17:08:32.387,161,0,2,52,0,0,0,0,0,0,0x03
2026-09-06T17:08:32.388,160,0,1,52,0,0,0,0,0,0,0x03
2026-09-06T17:08:32.453,163,0,2,52,0,0,0,0,0,0,0x03
2026-09-06T17:08:32.453,162,0,1,52,0,0,0,0,0,0,0x03
2026-09-06T17:08:32.519,165,0,2,50,0,0,0,0,0,0,0x03
2026-09-06T17:08:32.519,164,0,1,52,0,0,0,0,0,0,0x03
2026-09-06T17:08:32.584,167,0,2,51,0,0,0,0,0,0,0x03
2026-09-06T17:08:32.584,166,0,1,51,0,0,0,0,0,0,0x03
2026-09-06T17:08:32.664,169,0,2,53,0,0,0,0,0,0,0x03
2026-09-06T17:08:32.664,168,0,1,51,0,0,0,0,0,0,0x03
2026-09-06T17:08:32.729,170,0,1,50,0,0,0,0,0,0,0x03
2026-09-06T17:08:32.794,173,0,2,51,0,0,0,0,0,0,0x03
2026-09-06T17:08:32.794,170,0,1,51,0,0,0,0,0,0,0x03
2026-09-06T17:08:32.858,173,0,2,50,0,0,0,0,0,0,0x03
2026-09-06T17:08:32.859,170,0,1,52,0,0,0,0,0,0,0x03
2026-09-06T17:08:32.923,177,0,2,50,0,0,0,0,0,0,0x03
2026-09-06T17:08:32.923,176,0,1,50,0,0,0,0,0,0,0x03
2026-09-06T17:08:32.987,179,0,2,51,0,0,0,0,0,0,0x03
2026-09-06T17:08:32.987,178,0,1,52,0,0,0,0,0,0,0x03
2026-09-06T17:08:33.052,181,0,2,51,0,0,0,0,0,0,0x03
2026-09-06T17:08:33.052,180,0,1,52,0,0,0,0,0,0,0x03
2026-09-06T17:08:33.118,183,0,2,50,0,0,0,0,0,0,0x03
2026-09-06T17:08:33.118,182,0,1,50,0,0,0,0,0,0,0x03
2026-09-06T17:08:33.200,185,0,2,50,0,0,0,0,0,0,0x03
2026-09-06T17:08:33.200,184,0,1,52,0,0,0,0,0,0,0x03
2026-09-06T17:08:33.265,187,0,2,52,0,0,0,0,0,0,0x03
2026-09-06T17:08:33.265,186,0,1,52,0,0,0,0,0,0,0x03
2026-09-06T17:08:33.330,189,0,2,52,0,0,0,0,0,0,0x03
2026-09-06T17:08:33.330,188,0,1,50,0,0,0,0,0,0,0x03
2026-09-06T17:08:33.396,191,0,2,51,0,0,0,0,0,0,0x03
2026-09-06T17:08:33.396,190,0,1,51,0,0,0,0,0,0,0x03
2026-09-06T17:08:33.462,193,0,2,51,0,0,0,0,0,0,0x03
2026-09-06T17:08:33.462,192,0,1,50,0,0,0,0,0,0,0x03
2026-09-06T17:08:33.527,195,0,2,50,0,0,0,0,0,0,0x03
2026-09-06T17:08:33.527,194,0,1,52,0,0,0,0,0,0,0x03
2026-09-06T17:08:33.592,197,0,2,50,0,0,0,0,0,0,0x03
2026-09-06T17:08:33.592,196,0,1,52,0,0,0,0,0,0,0x03
2026-09-06T17:08:33.656,199,0,2,51,0,0,0,0,0,0,0x03
2026-09-06T17:08:33.656,198,0,1,50,0,0,0,0,0,0,0x03
2026-09-06T17:08:33.721,200,0,1,51,0,0,0,0,0,0,0x03
2026-09-06T17:08:33.786,203,0,2,51,0,0,0,0,0,0,0x03
2026-09-06T17:08:33.786,200,0,1,50,0,0,0,0,0,0,0x03
2026-09-06T17:08:33.868,203,0,2,50,0,0,0,0,0,0,0x03
2026-09-06T17:08:33.868,200,0,1,51,0,0,0,0,0,0,0x03
2026-09-06T17:08:33.933,207,0,2,50,0,0,0,0,0,0,0x03
2026-09-06T17:08:33.933,206,0,1,51,0,0,0,0,0,0,0x03
2026-09-06T17:08:33.999,209,0,2,52,0,0,0,0,0,0,0x03
2026-09-06T17:08:33.999,208,0,1,50,0,0,0,0,0,0,0x03
2026-09-06T17:08:34.064,211,0,2,52,0,0,0,0,0,0,0x03
2026-09-06T17:08:34.064,210,0,1,50,0,0,0,0,0,0,0x03
2026-09-06T17:08:34.129,213,0,2,50,0,0,0,0,0,0,0x03
2026-09-06T17:08:34.129,212,0,1,51,0,0,0,0,0,0,0x03
2026-09-06T17:08:34.195,215,0,2,51,0,0,0,0,0,0,0x03
2026-09-06T17:08:34.195,214,0,1,50,0,0,0,0,0,0,0x03
2026-09-06T17:08:34.259,217,0,2,50,0,0,0,0,0,0,0x03
2026-09-06T17:08:34.259,216,0,1,52,0,0,0,0,0,0,0x03
2026-09-06T17:08:34.325,219,0,2,54,0,0,0,0,0,0,0x03
2026-09-06T17:08:34.325,218,0,1,51,0,0,0,0,0,0,0x03
2026-09-06T17:08:34.390,221,0,2,51,0,0,0,0,0,0,0x03
2026-09-06T17:08:34.390,220,0,1,52,0,0,0,0,0,0,0x03
2026-09-06T17:08:34.472,223,0,2,51,0,0,0,0,0,0,0x03
2026-09-06T17:08:34.472,222,0,1,51,0,0,0,0,0,0,0x03
2026-09-06T17:08:34.537,225,0,2,50,0,0,0,0,0,0,0x03
2026-09-06T17:08:34.537,224,0,1,52,0,0,0,0,0,0,0x03
2026-09-06T17:08:34.602,227,0,2,51,0,0,0,0,0,0,0x03
2026-09-06T17:08:34.602,226,0,1,52,0,0,0,0,0,0,0x03
2026-09-06T17:08:34.667,229,0,2,50,0,0,0,0,0,0,0x03
2026-09-06T17:08:34.667,228,0,1,50,0,0,0,0,0,0,0x03
2026-09-06T17:08:34.732,231,0,2,52,0,0,0,0,0,0,0x03
2026-09-06T17:08:34.732,230,0,1,53,0,0,0,0,0,0,0x03
2026-09-06T17:08:34.797,233,0,2,51,0,0,0,0,0,0,0x03
2026-09-06T17:08:34.797,232,0,1,52,0,0,0,0,0,0,0x03
2026-09-06T17:08:34.863,235,0,2,51,0,0,0,0,0,0,0x03
2026-09-06T17:08:34.863,234,0,1,50,0,0,0,0,0,0,0x03
2026-09-06T17:08:34.928,237,0,2,51,0,0,0,0,0,0,0x03
2026-09-06T17:08:34.928,236,0,1,52,0,0,0,0,0,0,0x03
2026-09-06T17:08:34.993,239,0,2,51,0,0,0,0,0,0,0x03
2026-09-06T17:08:34.993,238,0,1,51,0,0,0,0,0,0,0x03
2026-09-06T17:08:35.058,241,0,2,50,0,0,0,0,0,0,0x03
2026-09-06T17:08:35.058,240,0,1,50,0,0,0,0,0,0,0x03
2026-09-06T17:08:35.140,243,0,2,50,0,0,26542,0,0,32965,0x07
2026-09-06T17:08:35.140,242,0,1,50,0,0,27053,0,0,31098,0x07
2026-09-06T17:08:35.205,245,0,2,51,3129,1961,32830,3385,2804,34424,0x07
2026-09-06T17:08:35.205,244,0,1,52,3086,827,38015,3358,0,40000,0x07
2026-09-06T17:08:35.269,247,0,2,50,3129,980,36998,3385,2960,33761,0x07
2026-09-06T17:08:35.269,246,0,1,51,3086,824,38030,3358,0,40000,0x07
2026-09-06T17:08:35.334,249,0,2,51,3119,1176,36047,3390,2490,35826,0x07
2026-09-06T17:08:35.334,248,0,1,51,3086,1157,36613,3364,0,40000,0x07
2026-09-06T17:08:35.398,251,0,2,51,3052,2020,31637,3369,2686,34714,0x07
2026-09-06T17:08:35.398,250,0,1,50,2938,1580,32998,3312,0,40000,0x07
2026-09-06T17:08:35.464,253,0,2,51,2873,2137,28920,3278,2549,34114,0x07
2026-09-06T17:08:35.464,252,0,1,50,2649,1620,29258,3133,0,40000,0x07
2026-09-06T17:08:35.529,255,0,2,51,2378,2235,22374,2966,2667,29532,0x07
2026-09-06T17:08:35.529,254,0,1,50,1823,1640,19004,2558,0,34351,0x07
2026-09-06T17:08:35.594,257,0,2,51,328,1647,0,1409,1882,12536,0x07
2026-09-06T17:08:35.595,256,0,1,51,185,941,1787,1558,0,22003,0x07
2026-09-06T17:08:35.676,259,0,2,50,328,1020,2178,1409,1540,13991,0x07
2026-09-06T17:08:35.676,258,0,1,51,185,784,2453,1558,0,22003,0x07
2026-09-06T17:08:35.742,261,0,2,51,137,784,818,1608,1451,16957,0x07
2026-09-06T17:08:35.742,260,0,1,50,0,0,3890,1683,0,23545,0x07
2026-09-06T17:08:35.807,263,0,2,52,72,519,1134,0,0,23307,0x07
2026-09-06T17:08:35.807,262,0,1,51,0,0,30741,0,0,20766,0x07
2026-09-06T17:08:35.872,265,0,2,51,3374,294,40000,0,0,3954,0x07
2026-09-06T17:08:35.872,264,0,1,50,3374,820,40000,0,0,5967,0x07
2026-09-06T17:08:35.936,267,0,2,51,1398,1980,11326,207,118,4335,0x07
2026-09-06T17:08:35.936,266,0,1,51,1306,1020,15267,395,0,7646,0x07
2026-09-06T17:08:36.002,269,0,2,51,1625,725,19474,64,275,1802,0x07
2026-09-06T17:08:36.002,268,0,1,52,1330,731,16791,370,0,7340,0x07
2026-09-06T17:08:36.068,271,0,2,50,0,0,21063,64,260,1864,0x07
2026-09-06T17:08:36.068,270,0,1,50,1330,600,17347,370,0,7340,0x07
2026-09-06T17:08:36.133,273,0,2,51,0,0,4058,3500,137,40000,0x07
2026-09-06T17:08:36.133,272,0,1,52,1319,423,17961,382,0,7483,0x07
2026-09-06T17:08:36.198,275,0,2,50,198,80,4558,1545,2100,13381,0x07
2026-09-06T17:08:36.199,274,0,1,51,1286,314,18018,416,0,7906,0x07
2026-09-06T17:08:36.280,277,0,2,51,75,176,2628,1673,510,21807,0x07
2026-09-06T17:08:36.280,276,0,1,52,1247,154,18220,456,0,8403,0x07
2026-09-06T17:08:36.345,279,0,2,50,1196,0,17255,509,700,5800,0x07
2026-09-06T17:08:36.345,278,0,1,51,1462,431,19688,233,0,5651,0x07
2026-09-06T17:08:36.410,281,0,2,54,463,519,5976,1270,907,14861,0x07
2026-09-06T17:08:36.410,280,0,1,50,1275,400,17523,427,0,8040,0x07
2026-09-06T17:08:36.474,283,0,2,50,463,360,6649,1270,780,15402,0x07
2026-09-06T17:08:36.474,282,0,1,51,1239,431,16945,464,0,8502,0x07
2026-09-06T17:08:36.539,285,0,2,51,502,373,7085,1229,784,14844,0x07
2026-09-06T17:08:36.539,284,0,1,51,1259,608,16440,444,0,8247,0x07
2026-09-06T17:08:36.605,287,0,2,51,543,314,7840,1186,863,13958,0x07
2026-09-06T17:08:36.605,286,0,1,51,1209,667,15575,496,0,8886,0x07
2026-09-06T17:08:36.669,289,0,2,51,516,412,7085,0,0,8885,0x07
2026-09-06T17:08:36.669,288,0,1,50,1153,660,14909,554,0,9608,0x07
2026-09-06T17:08:36.734,291,0,2,51,2427,451,30558,0,0,16375,0x07
2026-09-06T17:08:36.734,290,0,1,50,1153,680,14824,554,0,9608,0x07
2026-09-06T17:08:36.816,293,0,2,51,1637,863,19036,1617,275,22081,0x07
2026-09-06T17:08:36.816,292,0,1,52,1148,673,14791,559,0,9673,0x07
2026-09-06T17:08:36.881,295,0,2,51,481,961,4326,2792,1686,31431,0x07
2026-09-06T17:08:36.881,294,0,1,51,1077,745,13608,633,0,10585,0x07
2026-09-06T17:08:36.947,297,0,2,50,1491,1220,15718,1998,1120,23461,0x07
2026-09-06T17:08:36.947,296,0,1,50,1457,860,17800,1078,0,16080,0x07
2026-09-06T17:08:37.011,299,0,2,50,1295,1020,14143,1894,1240,21593,0x07
2026-09-06T17:08:37.011,298,0,1,51,1854,765,23103,1548,0,21883,0x07
2026-09-06T17:08:37.077,301,0,2,56,498,875,4895,1233,1321,12621,0x07
2026-09-06T17:08:37.077,300,0,1,55,1303,855,15932,411,0,7837,0x07
2026-09-06T17:08:37.143,303,0,2,51,498,588,6114,1233,1314,12654,0x07
2026-09-06T17:08:37.143,302,0,1,50,1303,460,17609,411,0,7837,0x07
2026-09-06T17:08:37.207,305,0,2,50,461,640,5435,1272,1240,13471,0x07
2026-09-06T17:08:37.207,304,0,1,50,1621,860,19820,1302,0,18840,0x07
2026-09-06T17:08:37.272,307,0,2,51,423,686,4766,1312,1137,14428,0x07
2026-09-06T17:08:37.272,306,0,1,51,2111,745,26349,1900,0,26220,0x07
2026-09-06T17:08:37.337,309,0,2,50,436,600,5299,1297,1160,14144,0x07
2026-09-06T17:08:37.337,308,0,1,55,2906,1036,34910,2926,0,38888,0x07
2026-09-06T17:08:37.402,311,0,2,50,468,580,5777,1265,1120,13884,0x07
2026-09-06T17:08:37.402,310,0,1,51,2906,1255,33981,2926,0,38888,0x07
2026-09-06T17:08:37.483,313,0,2,50,497,540,6310,1234,1100,13571,0x07
2026-09-06T17:08:37.483,312,0,1,50,3159,1500,36053,3269,0,40000,0x07
2026-09-06T17:08:37.548,315,0,2,53,566,509,7288,1163,1075,12747,0x07
2026-09-06T17:08:37.548,314,0,1,50,3277,1680,36747,3500,0,40000,0x07
2026-09-06T17:08:37.808,317,0,2,50,566,560,7073,1163,980,13153,0x07
2026-09-06T17:08:37.808,316,0,1,51,3079,1549,34859,3500,0,40000,0x07
2026-09-06T17:08:39.886,319,0,2,50,764,580,9434,1242,1020,14017,0x07
2026-09-06T17:08:39.886,318,0,1,51,2228,1118,26213,3022,0,40000,0x07
2026-09-06T17:08:39.950,321,0,2,58,2160,52,28962,2448,34,33952,0x07
2026-09-06T17:08:39.950,320,0,1,53,182,0,5754,1561,0,22038,0x07
2026-09-06T17:08:40.014,323,0,2,51,0,0,0,0,0,0,0x03
2026-09-06T17:08:40.014,322,0,1,52,0,0,0,0,0,0,0x03
2026-09-06T17:08:40.095,325,0,2,52,3374,0,40000,3202,0,40000,0x07
2026-09-06T17:08:40.095,324,0,1,51,0,0,22865,0,0,20531,0x07
2026-09-06T17:08:40.160,327,0,2,50,3374,1860,36292,3202,2360,33916,0x07
2026-09-06T17:08:40.160,326,0,1,51,2398,1216,27891,0,0,6630,0x07
2026-09-06T17:08:40.225,329,0,2,51,3254,1373,36882,3446,3078,34048,0x07
2026-09-06T17:08:40.225,328,0,1,51,69,608,1778,477,0,8657,0x07
2026-09-06T17:08:40.289,331,0,2,51,3330,1725,36326,3464,2451,36958,0x07
2026-09-06T17:08:40.289,330,0,1,56,1651,839,20287,1506,0,21355,0x07
2026-09-06T17:08:40.355,333,0,2,51,3294,1882,35208,3496,2882,35536,0x07
2026-09-06T17:08:40.355,332,0,1,51,1651,1216,18687,1506,0,21355,0x07
2026-09-06T17:08:40.420,335,0,2,50,3178,2240,32249,3488,3080,34591,0x07
2026-09-06T17:08:40.420,334,0,1,51,2262,784,28040,0,0,3327,0x07
2026-09-06T17:08:40.485,337,0,2,51,2175,2392,19199,2871,3333,25454,0x07
2026-09-06T17:08:40.485,336,0,1,51,1753,1373,19280,0,0,8166,0x07
2026-09-06T17:08:40.550,339,0,2,51,2175,2353,19366,2871,2706,28120,0x07
2026-09-06T17:08:40.550,338,0,1,54,1294,296,18192,979,0,14857,0x07
2026-09-06T17:08:40.631,341,0,2,50,1038,2180,6028,0,0,14540,0x07
2026-09-06T17:08:40.631,340,0,1,51,1294,137,18868,979,0,14857,0x07
2026-09-06T17:08:40.695,343,0,2,50,3045,1500,33752,0,0,6180,0x07
2026-09-06T17:08:40.696,342,0,1,51,1751,137,24496,1427,0,20379,0x07
2026-09-06T17:08:40.761,345,0,2,50,1244,1900,9765,460,620,5500,0x07
2026-09-06T17:08:40.761,344,0,1,50,1955,0,27600,1603,0,22552,0x07
2026-09-06T17:08:40.826,347,0,2,51,1178,1137,12192,528,804,5610,0x07
2026-09-06T17:08:40.826,346,0,1,52,2073,0,29046,1725,0,24060,0x07
2026-09-06T17:08:40.892,349,0,2,52,1116,1327,10627,592,635,7161,0x07
2026-09-06T17:08:40.892,348,0,1,51,2070,0,29013,1676,0,23464,0x07
2026-09-06T17:08:40.957,351,0,2,51,1116,1216,11099,592,667,7025,0x07
2026-09-06T17:08:40.957,350,0,1,51,2124,0,29674,1773,0,24660,0x07
2026-09-06T17:08:41.022,353,0,2,50,1054,1240,10228,656,700,7724,0x07
2026-09-06T17:08:41.022,352,0,1,51,2066,647,26213,1652,216,22240,0x07
2026-09-06T17:08:41.282,355,0,2,50,1599,1240,16965,1334,720,16489,0x07
2026-09-06T17:08:41.282,354,0,1,51,2002,784,24844,1581,78,21955,0x07
2026-09-06T17:08:41.964,357,0,2,50,1689,1540,16801,1220,840,14498,0x07
2026-09-06T17:08:41.964,356,0,1,51,2017,902,24531,1630,0,22894,0x07
2026-09-06T17:08:42.028,359,0,2,52,0,0,11973,0,0,6834,0x07
2026-09-06T17:08:42.028,358,0,1,51,2403,59,32862,2256,0,30618,0x07
2026-09-06T17:08:42.094,361,0,2,51,0,0,0,0,0,0,0x03
2026-09-06T17:08:42.094,360,0,1,50,0,0,0,0,0,0,0x03
2026-09-06T17:08:42.159,363,0,2,53,2904,0,38379,3500,0,40000,0x07
2026-09-06T17:08:42.159,362,0,1,50,0,0,16904,0,0,3001,0x07
2026-09-06T17:08:42.241,365,0,2,51,2904,1824,30629,3500,2373,37757,0x07
2026-09-06T17:08:42.241,364,0,1,50,1256,740,15845,447,0,8282,0x07
2026-09-06T17:08:42.290,367,0,2,51,3365,1157,39168,3347,3275,31926,0x07
2026-09-06T17:08:42.290,366,0,1,50,1256,160,18310,447,0,8282,0x07
2026-09-06T17:08:42.371,369,0,2,58,3317,1638,36527,3310,2276,35691,0x07
2026-09-06T17:08:42.372,368,0,1,51,1265,412,17344,438,0,8178,0x07
2026-09-06T17:08:42.437,371,0,2,52,3325,1981,35174,3423,2808,34907,0x07
2026-09-06T17:08:42.437,370,0,1,51,1265,412,17344,438,0,8178,0x07
2026-09-06T17:08:42.502,373,0,2,51,3325,2451,33176,3423,2667,35506,0x07
2026-09-06T17:08:42.502,372,0,1,51,1267,569,16698,436,0,8152,0x07
2026-09-06T17:08:42.566,375,0,2,50,3325,2460,33138,3500,3020,35005,0x07
2026-09-06T17:08:42.566,374,0,1,50,1219,600,15974,486,0,8766,0x07
2026-09-06T17:08:42.630,377,0,2,50,3090,2560,29802,3500,3740,31945,0x07
2026-09-06T17:08:42.631,376,0,1,55,1634,745,20473,1272,0,18474,0x07
2026-09-06T17:08:42.695,379,0,2,51,2473,2549,22223,3153,3059,30311,0x07
2026-09-06T17:08:42.695,378,0,1,52,1634,846,20045,1272,0,18474,0x07
2026-09-06T17:08:42.776,381,0,2,51,1367,2588,8372,2233,2784,19460,0x07
2026-09-06T17:08:42.776,380,0,1,50,2109,760,26265,1899,0,26216,0x07
2026-09-06T17:08:42.826,383,0,2,50,292,1580,3844,1447,2040,12361,0x07
2026-09-06T17:08:42.826,382,0,1,51,2570,882,31428,2489,0,33492,0x07
2026-09-06T17:08:42.907,385,0,2,51,0,0,2471,1572,1373,16829,0x07
2026-09-06T17:08:42.907,384,0,1,50,2928,1200,34488,2947,0,39147,0x07
2026-09-06T17:08:42.972,387,0,2,51,0,0,2460,1752,980,20849,0x07
2026-09-06T17:08:42.972,386,0,1,50,3198,1440,36786,3397,0,40000,0x07
2026-09-06T17:08:43.037,389,0,2,54,3374,352,40000,-2351,-74,32522,0x07
2026-09-06T17:08:43.037,388,0,1,51,3274,1667,36762,3500,0,40000,0x07
2026-09-06T17:08:43.102,391,0,2,51,3374,1961,35864,0,0,3057,0x07
2026-09-06T17:08:43.102,390,0,1,51,3049,1961,32739,3500,0,40000,0x07
2026-09-06T17:08:43.167,393,0,2,51,0,0,20844,105,569,1088,0x07
2026-09-06T17:08:43.167,392,0,1,50,2276,1940,23307,3022,0,40000,0x07
2026-09-06T17:08:43.232,395,0,2,50,0,0,4932,3500,300,40000,0x07
2026-09-06T17:08:43.232,394,0,1,51,558,1725,3056,1624,0,22819,0x07
2026-09-06T17:08:43.297,397,0,2,56,266,679,2857,1475,946,17365,0x07
2026-09-06T17:08:43.297,396,0,1,55,8,836,58,1741,0,24263,0x07
2026-09-06T17:08:43.363,399,0,2,51,266,294,4491,1475,627,18720,0x07
2026-09-06T17:08:43.363,398,0,1,51,8,608,1030,0,0,20534,0x07
2026-09-06T17:08:43.444,401,0,2,50,181,200,3844,1562,740,19384,0x07
2026-09-06T17:08:43.444,400,0,1,50,3374,320,40000,0,0,6761,0x07
2026-09-06T17:08:43.508,403,0,2,50,208,180,4263,1534,840,18594,0x07
2026-09-06T17:08:43.508,402,0,1,50,1212,1460,12232,493,0,8857,0x07
2026-09-06T17:08:43.574,405,0,2,51,270,216,4880,1470,980,17161,0x07
2026-09-06T17:08:43.574,404,0,1,50,1143,600,15043,565,0,9737,0x07
2026-09-06T17:08:43.638,407,0,2,54,383,296,5935,1352,1093,15148,0x07
2026-09-06T17:08:43.638,406,0,1,50,1163,560,15454,544,0,9483,0x07
2026-09-06T17:08:43.704,409,0,2,54,383,296,5935,1352,1093,15148,0x07
2026-09-06T17:08:43.704,408,0,1,56,1078,732,13683,631,0,10563,0x07
2026-09-06T17:08:43.769,411,0,2,50,442,340,6480,1291,1040,14571,0x07
2026-09-06T17:08:43.769,410,0,1,50,1078,620,14160,631,0,10563,0x07
2026-09-06T17:08:43.834,413,0,2,50,544,200,8327,1186,1040,13200,0x07
2026-09-06T17:08:43.834,412,0,1,51,1284,647,16577,915,0,14058,0x07
2026-09-06T17:08:43.899,415,0,2,50,632,260,9166,1094,1060,11917,0x07
2026-09-06T17:08:43.900,414,0,1,54,1823,685,23053,1553,0,21943,0x07
2026-09-06T17:08:43.980,417,0,2,55,1778,455,22525,2068,909,25276,0x07
2026-09-06T17:08:43.980,416,0,1,51,2748,882,33619,2704,0,36148,0x07
2026-09-06T17:08:44.045,419,0,2,51,1778,745,21290,2068,1039,24723,0x07
2026-09-06T17:08:44.045,418,0,1,51,2748,1059,32869,2704,0,36148,0x07
2026-09-06T17:08:44.110,421,0,2,51,2239,1059,25655,2550,1118,30680,0x07
2026-09-06T17:08:44.110,420,0,1,51,3061,1333,35555,3139,0,40000,0x07
2026-09-06T17:08:44.176,423,0,2,50,2559,1600,27317,2853,1780,31823,0x07
2026-09-06T17:08:44.176,422,0,1,51,3253,1765,36088,3477,0,40000,0x07
2026-09-06T17:08:44.241,425,0,2,51,2411,1824,24537,2856,1843,31596,0x07
2026-09-06T17:08:44.241,424,0,1,51,3214,1922,34939,3500,0,40000,0x07
2026-09-06T17:08:44.306,427,0,2,50,2303,2060,22197,2771,2020,29734,0x07
2026-09-06T17:08:44.306,426,0,1,51,2774,1980,29272,3393,0,40000,0x07
2026-09-06T17:08:44.371,429,0,2,50,1762,1880,16266,2407,2200,24209,0x07
2026-09-06T17:08:44.371,428,0,1,50,1584,1400,17081,2480,0,33388,0x07
2026-09-06T17:08:44.436,431,0,2,51,822,1922,4458,1651,2353,13686,0x07
2026-09-06T17:08:44.436,430,0,1,50,276,1620,25,1464,40,20667,0x07
2026-09-06T17:08:44.501,433,0,2,50,430,1320,2160,1304,1980,10745,0x07
2026-09-06T17:08:44.501,432,0,1,51,0,0,3648,1639,0,23001,0x07
2026-09-06T17:08:44.583,435,0,2,50,452,1020,3715,1281,1660,11799,0x07
2026-09-06T17:08:44.583,434,0,1,51,0,0,30741,0,0,20574,0x07
2026-09-06T17:08:44.648,437,0,2,50,439,900,4063,1294,1460,12828,0x07
2026-09-06T17:08:44.648,436,0,1,50,0,0,17144,0,0,31098,0x07
2026-09-06T17:08:44.713,439,0,2,51,3374,667,40000,2801,1490,32374,0x07
2026-09-06T17:08:44.713,438,0,1,50,0,0,4781,3500,0,40000,0x07
2026-09-06T17:08:44.778,441,0,2,55,3374,2200,34848,3387,2273,36709,0x07
2026-09-06T17:08:44.778,440,0,1,52,145,327,3903,1600,0,22517,0x07
2026-09-06T17:08:44.844,443,0,2,51,3374,1745,36781,3387,2078,37535,0x07
2026-09-06T17:08:44.844,442,0,1,52,145,115,4802,1600,0,22517,0x07
2026-09-06T17:08:44.910,445,0,2,51,3242,2059,33811,3500,2255,38257,0x07
2026-09-06T17:08:44.910,444,0,1,51,112,20,4810,1633,0,22932,0x07
2026-09-06T17:08:44.974,447,0,2,50,3374,2340,34252,3369,2560,35247,0x07
2026-09-06T17:08:44.974,446,0,1,50,121,20,4917,1625,0,22824,0x07
2026-09-06T17:08:45.039,449,0,2,51,3374,2824,32198,3262,2549,33894,0x07
2026-09-06T17:08:45.039,448,0,1,52,130,19,5027,1615,0,22708,0x07
2026-09-06T17:08:45.105,451,0,2,51,3279,2961,30437,3138,2725,31526,0x07
2026-09-06T17:08:45.105,450,0,1,50,138,20,5128,1606,0,22600,0x07
2026-09-06T17:08:45.170,453,0,2,50,3117,2960,28441,2876,2740,28040,0x07
2026-09-06T17:08:45.170,452,0,1,51,148,39,5171,1596,0,22470,0x07
2026-09-06T17:08:45.251,455,0,2,52,2893,3096,25086,2640,2769,24840,0x07
2026-09-06T17:08:45.251,454,0,1,51,156,20,5351,1588,0,22371,0x07
2026-09-06T17:08:45.316,457,0,2,50,2893,3040,25325,2640,2760,24879,0x07
2026-09-06T17:08:45.316,456,0,1,51,164,0,5529,1580,0,22276,0x07
2026-09-06T17:08:45.381,459,0,2,50,2516,3000,20835,2042,2760,17071,0x07
2026-09-06T17:08:45.381,458,0,1,50,171,0,5613,1573,0,22185,0x07
2026-09-06T17:08:45.446,461,0,2,50,1594,2060,13413,777,1400,6322,0x07
2026-09-06T17:08:45.446,460,0,1,56,178,0,5704,1565,0,22090,0x07
2026-09-06T17:08:45.511,463,0,2,50,1580,2000,13498,111,740,437,0x07
2026-09-06T17:08:45.511,462,0,1,52,178,0,5704,1565,0,22090,0x07
2026-09-06T17:08:45.576,465,0,2,52,1343,2038,10399,357,846,3200,0x07
2026-09-06T17:08:45.576,464,0,1,50,179,0,5716,1564,0,22077,0x07
2026-09-06T17:08:45.642,467,0,2,52,1394,1250,14393,169,288,3115,0x07
2026-09-06T17:08:45.642,466,0,1,51,181,0,5741,1562,0,22051,0x07
2026-09-06T17:08:45.706,469,0,2,50,1394,460,17751,0,0,2905,0x07
2026-09-06T17:08:45.706,468,0,1,50,182,20,5669,1561,0,22038,0x07
2026-09-06T17:08:45.788,471,0,2,50,1203,40,17168,0,0,9532,0x07
2026-09-06T17:08:45.788,470,0,1,52,183,0,5762,1560,0,22029,0x07
2026-09-06T17:08:45.853,473,0,2,51,877,0,13302,840,118,12603,0x07
2026-09-06T17:08:45.853,472,0,1,50,183,0,5767,1560,0,22025,0x07
2026-09-06T17:08:45.917,475,0,2,52,1112,0,16207,597,77,9595,0x07
2026-09-06T17:08:45.917,474,0,1,50,184,0,5775,1559,0,22017,0x07
2026-09-06T17:08:45.983,477,0,2,50,1119,0,16303,589,20,9732,0x07
2026-09-06T17:08:45.983,476,0,1,51,185,0,5787,1559,0,22008,0x07
2026-09-06T17:08:46.048,479,0,2,50,1137,0,16516,571,0,9584,0x07
2026-09-06T17:08:46.048,478,0,1,51,185,0,5787,1558,0,22003,0x07
2026-09-06T17:08:46.113,481,0,2,52,0,0,18506,571,269,8440,0x07
2026-09-06T17:08:46.113,480,0,1,52,186,0,5796,1558,0,21994,0x07
2026-09-06T17:08:46.178,483,0,2,51,-1976,-647,24156,2905,392,38403,0x07
2026-09-06T17:08:46.178,482,0,1,51,186,0,5804,1557,0,21991,0x07
2026-09-06T17:08:46.243,485,0,2,50,-183,-1120,4003,1048,960,11734,0x07
2026-09-06T17:08:46.243,484,0,1,50,187,0,5808,1556,0,21982,0x07
2026-09-06T17:08:46.325,487,0,2,56,-245,-18,5406,1072,0,16134,0x07
2026-09-06T17:08:46.325,486,0,1,54,188,0,5820,1555,0,21968,0x07
2026-09-06T17:08:46.390,489,0,2,50,0,0,0,0,0,0,0x03
2026-09-06T17:08:46.390,488,0,1,50,188,0,5820,0,0,17752,0x07
2026-09-06T17:08:46.455,491,0,2,51,0,0,4502,0,0,11256,0x07
2026-09-06T17:08:46.455,490,0,1,52,-1912,-38,26899,3500,0,40000,0x07
2026-09-06T17:08:46.521,493,0,2,51,-252,-20,5491,1036,20,15576,0x07
2026-09-06T17:08:46.521,492,0,1,50,0,0,5050,3500,0,40000,0x07
2026-09-06T17:08:46.585,495,0,2,52,-298,-77,5816,1054,0,15897,0x07
2026-09-06T17:08:46.585,494,0,1,51,191,176,5112,1552,0,21926,0x07
2026-09-06T17:08:46.651,497,0,2,51,-352,-39,6640,1077,0,16194,0x07
2026-09-06T17:08:46.651,496,0,1,51,190,137,5266,1553,0,21939,0x07
2026-09-06T17:08:46.715,499,0,2,50,0,0,0,0,0,0,0x03
2026-09-06T17:08:46.716,498,0,1,50,3374,20,40000,-1872,0,25874,0x07
2026-09-06T17:08:46.781,501,0,2,50,0,0,0,0,0,0,0x03
2026-09-06T17:08:46.781,500,0,1,50,3374,660,40000,0,0,5401,0x07
2026-09-06T17:08:46.846,503,0,2,52,0,0,0,0,0,0,0x03
2026-09-06T17:08:46.846,502,0,1,52,1374,0,20433,325,0,6783,0x07
2026-09-06T17:08:46.912,505,0,2,52,0,0,5719,0,0,12141,0x07
2026-09-06T17:08:46.912,504,0,1,51,0,0,19625,346,0,7038,0x07
2026-09-06T17:08:46.992,507,0,2,57,3141,18,40000,-1507,0,21817,0x07
2026-09-06T17:08:46.992,506,0,1,50,0,0,4680,3500,0,40000,0x07
2026-09-06T17:08:47.057,509,0,2,50,3141,2020,32724,-1507,-1280,16377,0x07
2026-09-06T17:08:47.057,508,0,1,51,145,98,4880,1600,0,22513,0x07
2026-09-06T17:08:47.122,511,0,2,51,1622,1412,16523,-960,-1118,9913,0x07
2026-09-06T17:08:47.122,510,0,1,50,175,0,5666,1568,0,22128,0x07
2026-09-06T17:08:47.188,513,0,2,57,1051,0,15456,-365,0,6901,0x07
2026-09-06T17:08:47.188,512,0,1,51,175,0,5666,1568,0,22128,0x07
2026-09-06T17:08:47.253,515,0,2,52,1051,0,15456,-365,0,6901,0x07
2026-09-06T17:08:47.253,514,0,1,51,227,176,5560,1514,0,21459,0x07
2026-09-06T17:08:47.318,517,0,2,50,1053,0,15485,-367,0,6923,0x07
2026-09-06T17:08:47.318,516,0,1,51,225,39,6119,1516,0,21485,0x07
2026-09-06T17:08:47.382,519,0,2,50,1025,0,15131,-337,-20,6449,0x07
2026-09-06T17:08:47.382,518,0,1,50,227,20,6218,1515,0,21468,0x07
2026-09-06T17:08:47.447,521,0,2,57,1057,0,15535,-371,0,6978,0x07
2026-09-06T17:08:47.447,520,0,1,50,199,0,5965,1544,0,21822,0x07
2026-09-06T17:08:47.529,523,0,2,51,1057,0,15535,-371,0,6978,0x07
2026-09-06T17:08:47.529,522,0,1,52,195,0,5912,1548,0,21874,0x07
2026-09-06T17:08:47.594,525,0,2,51,1058,0,15544,-372,0,6987,0x07
2026-09-06T17:08:47.594,524,0,1,51,192,0,5878,1551,0,21913,0x07
2026-09-06T17:08:47.659,527,0,2,50,1058,0,15544,0,0,12036,0x07
2026-09-06T17:08:47.659,526,0,1,50,191,0,5858,1552,0,21930,0x07
2026-09-06T17:08:47.724,529,0,2,50,603,0,9911,1125,500,14690,0x07
2026-09-06T17:08:47.724,528,0,1,52,190,0,5849,1553,0,21939,0x07
2026-09-06T17:08:47.789,531,0,2,50,1209,0,17413,496,1300,3075,0x07
2026-09-06T17:08:47.790,530,0,1,56,190,0,5845,1553,0,21943,0x07
2026-09-06T17:08:47.854,533,0,2,55,1209,18,17328,496,18,8533,0x07
2026-09-06T17:08:47.854,532,0,1,52,190,0,5845,1553,0,21943,0x07
2026-09-06T17:08:47.920,535,0,2,52,1209,0,17405,496,0,8610,0x07
2026-09-06T17:08:47.920,534,0,1,51,190,0,5849,1553,0,21939,0x07
2026-09-06T17:08:47.985,537,0,2,50,1209,0,17405,497,0,8614,0x07
2026-09-06T17:08:47.985,536,0,1,50,190,0,5854,1553,0,21935,0x07
2026-09-06T17:08:48.050,539,0,2,51,1209,0,17405,497,0,8614,0x07
2026-09-06T17:08:48.050,538,0,1,51,194,0,5904,1548,0,21883,0x07
2026-09-06T17:08:48.132,541,0,2,57,1208,0,17401,497,0,8619,0x07
2026-09-06T17:08:48.132,540,0,1,52,197,0,5941,1545,0,21843,0x07
2026-09-06T17:08:48.196,543,0,2,51,1208,0,17401,497,0,8619,0x07
2026-09-06T17:08:48.196,542,0,1,50,201,0,5987,1541,0,21796,0x07
2026-09-06T17:08:48.260,545,0,2,51,1208,0,17397,497,0,8619,0x07
2026-09-06T17:08:48.260,544,0,1,50,200,0,5979,1542,0,21809,0x07
2026-09-06T17:08:48.326,547,0,2,57,1208,0,17397,497,0,8619,0x07
2026-09-06T17:08:48.326,546,0,1,52,203,0,6016,1539,0,21766,0x07
2026-09-06T17:08:48.390,549,0,2,51,1208,0,17397,497,0,8619,0x07
2026-09-06T17:08:48.390,548,0,1,52,205,0,6040,1537,0,21744,0x07
2026-09-06T17:08:48.455,551,0,2,52,1208,0,17397,497,0,8619,0x07
2026-09-06T17:08:48.455,550,0,1,51,207,0,6061,1535,0,21718,0x07
2026-09-06T17:08:48.521,553,0,2,51,1208,0,17397,497,0,8619,0x07
2026-09-06T17:08:48.521,552,0,1,51,209,0,6083,1533,0,21697,0x07
2026-09-06T17:08:48.586,554,0,1,52,209,0,6086,1533,0,21692,0x07
2026-09-06T17:08:48.668,557,0,2,50,0,0,16155,497,0,8619,0x07
2026-09-06T17:08:48.668,554,0,1,50,212,0,6124,1530,0,21654,0x07
2026-09-06T17:08:48.717,557,0,2,51,-1687,-549,20991,1750,0,24984,0x07
2026-09-06T17:08:48.717,554,0,1,50,212,0,6124,1530,0,21654,0x07
2026-09-06T17:08:48.797,561,0,2,52,-1687,-404,21608,1750,77,24658,0x07
2026-09-06T17:08:48.797,560,0,1,52,0,0,5263,0,0,15112,0x07
2026-09-06T17:08:48.863,563,0,2,51,-1687,-588,20825,1750,20,24901,0x07
2026-09-06T17:08:48.863,562,0,1,52,217,0,6186,1525,0,21593,0x07
2026-09-06T17:08:48.928,565,0,2,50,-1687,-900,19500,1750,220,24050,0x07
2026-09-06T17:08:48.928,564,0,1,50,217,0,6186,1525,0,21593,0x07
2026-09-06T17:08:48.994,567,0,2,55,0,0,0,0,0,0,0x03
2026-09-06T17:08:48.994,566,0,1,51,220,0,6219,0,0,18730,0x07
2026-09-06T17:08:49.059,569,0,2,50,0,0,0,0,0,0,0x03
2026-09-06T17:08:49.059,568,0,1,53,-1931,-75,26980,3500,0,40000,0x07
2026-09-06T17:08:49.124,571,0,2,51,0,0,0,0,0,0,0x03
2026-09-06T17:08:49.124,570,0,1,50,0,0,30741,0,0,18755,0x07
2026-09-06T17:08:49.189,573,0,2,51,0,0,0,0,0,0,0x03
2026-09-06T17:08:49.189,572,0,1,51,3374,882,40000,0,0,4857,0x07
2026-09-06T17:08:49.254,575,0,2,50,0,0,15854,0,0,32626,0x07
2026-09-06T17:08:49.254,574,0,1,51,0,0,19276,258,0,5953,0x07
2026-09-06T17:08:49.336,577,0,2,51,0,0,0,0,0,0,0x03
2026-09-06T17:08:49.336,576,0,1,53,3374,57,40000,-1953,0,26881,0x07
2026-09-06T17:08:49.401,579,0,2,50,0,0,0,0,0,0,0x03
2026-09-06T17:08:49.401,578,0,1,51,3374,1549,38497,0,0,5596,0x07
2026-09-06T17:08:49.466,581,0,2,50,0,0,0,0,0,0,0x03
2026-09-06T17:08:49.466,580,0,1,51,1350,1196,15062,349,0,7081,0x07
2026-09-06T17:08:49.532,583,0,2,50,0,0,0,0,0,0,0x03
2026-09-06T17:08:49.532,582,0,1,56,1274,982,15032,428,0,8057,0x07
2026-09-06T17:08:49.597,585,0,2,50,0,0,0,0,0,0,0x03
2026-09-06T17:08:49.597,584,0,1,51,1274,843,15623,428,0,8057,0x07
2026-09-06T17:08:49.663,587,0,2,50,0,0,0,0,0,0,0x03
2026-09-06T17:08:49.663,586,0,1,51,1198,863,14600,508,0,9034,0x07
2026-09-06T17:08:49.727,589,0,2,51,0,0,0,0,0,0,0x03
2026-09-06T17:08:49.727,588,0,1,50,1070,860,13040,796,0,12594,0x07
2026-09-06T17:08:49.858,591,0,2,50,0,0,11024,0,0,7904,0x07
2026-09-06T17:08:49.858,590,0,1,51,1474,765,18417,221,0,5499,0x07
2026-09-06T17:08:49.940,593,0,2,50,1055,600,12959,656,660,7885,0x07
2026-09-06T17:08:49.940,592,0,1,51,1474,941,17667,221,0,5499,0x07
2026-09-06T17:08:50.004,595,0,2,50,0,0,0,0,0,0,0x03
2026-09-06T17:08:50.004,596,0,1,52,2154,827,26537,1255,0,18262,0x07
2026-09-06T17:08:50.070,599,0,2,51,0,0,17737,0,0,22765,0x07
2026-09-06T17:08:50.070,598,0,1,51,2154,1020,25718,1255,0,18262,0x07
2026-09-06T17:08:50.135,601,0,2,50,1882,500,23609,2342,640,29999,0x07
2026-09-06T17:08:50.135,600,0,1,50,2498,940,30293,2473,0,33301,0x07
2026-09-06T17:08:50.200,603,0,2,50,1938,1460,20230,2407,1320,27949,0x07
2026-09-06T17:08:50.200,602,0,1,51,3010,1255,35261,3163,0,40000,0x07
2026-09-06T17:08:50.265,605,0,2,51,1827,1137,20219,2350,1176,27820,0x07
2026-09-06T17:08:50.265,604,0,1,51,3249,1529,37042,3500,0,40000,0x07
2026-09-06T17:08:50.330,607,0,2,51,1758,1333,18534,2284,1333,26294,0x07
2026-09-06T17:08:50.330,606,0,1,51,3200,1745,35518,3500,0,40000,0x07
2026-09-06T17:08:50.396,609,0,2,51,1626,1392,16648,2181,1490,24278,0x07
2026-09-06T17:08:50.396,608,0,1,55,1622,1855,15615,2462,0,33163,0x07
2026-09-06T17:08:50.476,611,0,2,56,1413,1571,13257,1988,1607,21258,0x07
2026-09-06T17:08:50.476,610,0,1,51,1622,1529,16996,2462,0,33163,0x07
2026-09-06T17:08:50.525,613,0,2,52,1413,1500,13560,1988,1692,20896,0x07
2026-09-06T17:08:50.525,612,0,1,51,323,1667,408,1415,0,20232,0x07
2026-09-06T17:08:50.607,615,0,2,51,1301,1431,12469,1888,1824,19031,0x07
2026-09-06T17:08:50.607,614,0,1,51,161,725,2404,1583,0,22314,0x07
2026-09-06T17:08:50.672,617,0,2,51,1334,1451,12791,1886,1745,19342,0x07
2026-09-06T17:08:50.672,616,0,1,55,-79,-36,4331,1832,0,25386,0x07
2026-09-06T17:08:50.736,619,0,2,52,1651,1615,16008,2102,1846,21732,0x07
2026-09-06T17:08:50.736,618,0,1,51,0,0,0,0,0,0,0x03
2026-09-06T17:08:50.802,621,0,2,50,1898,1480,19640,2324,1820,24746,0x07
2026-09-06T17:08:50.867,623,0,2,50,2049,1520,21340,2476,1820,26730,0x07
2026-09-06T17:08:50.867,620,0,1,52,0,0,30741,0,0,18942,0x07
2026-09-06T17:08:50.932,623,0,2,51,2389,1824,24266,2721,2059,28919,0x07
2026-09-06T17:08:50.932,620,0,1,51,3374,843,40000,-1998,-1157,22517,0x07
2026-09-06T17:08:50.997,623,0,2,50,2389,1980,23601,2721,2080,28829,0x07
2026-09-06T17:08:50.997,626,0,1,50,0,0,13783,0,0,9064,0x07
2026-09-06T17:08:51.062,629,0,2,50,0,0,27877,0,0,31356,0x07
2026-09-06T17:08:51.062,628,0,1,51,1654,1412,17887,1309,0,18932,0x07
2026-09-06T17:08:51.143,631,0,2,54,3259,2611,31682,3407,2870,34426,0x07
2026-09-06T17:08:51.143,630,0,1,51,1654,1157,18971,1309,0,18932,0x07
2026-09-06T17:08:51.209,633,0,2,50,3259,2580,31814,3407,2580,35660,0x07
2026-09-06T17:08:51.209,632,0,1,50,2355,920,28619,2306,0,31232,0x07
2026-09-06T17:08:51.273,635,0,2,50,3348,2780,32057,3455,2660,35946,0x07
2026-09-06T17:08:51.273,634,0,1,51,3035,1157,35990,3328,0,40000,0x07
2026-09-06T17:08:51.338,637,0,2,58,3339,3017,30940,3495,3034,34884,0x07
2026-09-06T17:08:51.338,636,0,1,50,3169,1440,36433,3500,0,40000,0x07
2026-09-06T17:08:51.403,639,0,2,50,3339,3020,30928,3495,3100,34606,0x07
2026-09-06T17:08:51.403,638,0,1,51,0,0,0,0,0,0,0x03
2026-09-06T17:08:51.468,640,0,1,51,0,0,15208,0,0,22177,0x07
2026-09-06T17:08:51.534,641,0,2,50,3336,3340,29531,3500,3220,34155,0x07
2026-09-06T17:08:51.534,640,0,1,50,1449,1280,15928,2398,0,32368,0x07
2026-09-06T17:08:51.599,641,0,2,51,3374,3314,30114,3486,3373,33329,0x07
2026-09-06T17:08:51.599,640,0,1,52,1449,1462,15157,2398,0,32368,0x07
2026-09-06T17:08:51.679,647,0,2,50,0,0,29370,0,0,29613,0x07
2026-09-06T17:08:51.679,646,0,1,50,0,0,3618,0,0,16820,0x07
2026-09-06T17:08:51.744,649,0,2,50,3314,1600,36654,3120,1560,36241,0x07
2026-09-06T17:08:51.744,648,0,1,51,13,608,1092,0,0,20917,0x07
2026-09-06T17:08:51.809,651,0,2,50,2971,3360,24938,2558,2980,22870,0x07
2026-09-06T17:08:51.809,650,0,1,50,3374,520,40000,0,0,3959,0x07
2026-09-06T17:08:51.874,653,0,2,51,2350,3137,18190,1761,2843,13048,0x07
2026-09-06T17:08:51.874,652,0,1,50,1313,840,16122,387,340,6107,0x07
2026-09-06T17:08:51.939,655,0,2,51,1542,2804,9613,150,2451,4980,0x07
2026-09-06T17:08:51.939,654,0,1,51,1313,784,16359,387,0,7552,0x07
2026-09-06T17:08:52.003,657,0,2,54,1314,1944,10444,387,833,3643,0x07
2026-09-06T17:08:52.003,656,0,1,51,1280,745,16118,422,0,7975,0x07
2026-09-06T17:08:52.068,659,0,2,51,1314,941,14708,387,294,5934,0x07
2026-09-06T17:08:52.068,658,0,1,51,1227,745,15457,477,0,8662,0x07
2026-09-06T17:08:52.133,661,0,2,50,1457,220,19538,239,320,3890,0x07
2026-09-06T17:08:52.133,660,0,1,50,1174,840,14406,532,0,9336,0x07
2026-09-06T17:08:52.214,663,0,2,50,1427,160,19422,270,320,4297,0x07
2026-09-06T17:08:52.214,662,0,1,50,1095,780,13680,615,0,10356,0x07
2026-09-06T17:08:52.279,665,0,2,51,1455,627,17782,241,275,4111,0x07
2026-09-06T17:08:52.279,664,0,1,51,1055,765,13255,656,0,10866,0x07
2026-09-06T17:08:52.344,667,0,2,50,1415,580,17499,282,200,4958,0x07
2026-09-06T17:08:52.344,666,0,1,51,1607,863,19647,1357,0,19524,0x07
2026-09-06T17:08:52.409,669,0,2,54,1292,74,18126,410,130,6925,0x07
2026-09-06T17:08:52.409,668,0,1,50,2327,760,28951,2257,0,30631,0x07
2026-09-06T17:08:52.475,671,0,2,51,1292,176,17691,410,0,7476,0x07
2026-09-06T17:08:52.475,670,0,1,50,2867,1020,34501,2939,0,39048,0x07
2026-09-06T17:08:52.540,673,0,2,52,1215,96,17072,490,0,8528,0x07
2026-09-06T17:08:52.541,672,0,1,52,3181,1519,36246,3365,0,40000,0x07
2026-09-06T17:08:52.606,675,0,2,51,1176,98,16584,531,0,9058,0x07
2026-09-06T17:08:52.606,674,0,1,52,3267,1712,36492,3500,0,40000,0x07
2026-09-06T17:08:52.672,677,0,2,56,1111,89,15823,597,0,9927,0x07
2026-09-06T17:08:52.672,676,0,1,50,3035,1860,33002,3500,0,40000,0x07
2026-09-06T17:08:52.737,679,0,2,52,1111,77,15876,597,0,9927,0x07
2026-09-06T17:08:52.738,678,0,1,50,2341,2020,23762,3054,0,40000,0x07
2026-09-06T17:08:52.818,681,0,2,50,1108,100,15741,600,0,9968,0x07
2026-09-06T17:08:52.819,680,0,1,50,1036,1260,10925,1970,0,27093,0x07
2026-09-06T17:08:52.883,683,0,2,50,1164,140,16255,671,20,10811,0x07
2026-09-06T17:08:52.883,682,0,1,50,259,1300,1176,1481,0,21053,0x07
2026-09-06T17:08:52.948,685,0,2,50,1455,360,18927,1033,220,14687,0x07
2026-09-06T17:08:52.948,684,0,1,51,0,0,3844,1628,0,22863,0x07
2026-09-06T17:08:53.014,687,0,2,51,1650,549,20533,1233,216,17312,0x07
2026-09-06T17:08:53.014,686,0,1,51,0,0,30741,0,0,20098,0x07
2026-09-06T17:08:53.078,689,0,2,55,1845,891,21496,1483,564,19107,0x07
2026-09-06T17:08:53.078,688,0,1,51,3374,706,40000,0,0,6792,0x07
2026-09-06T17:08:53.143,691,0,2,50,1845,960,21202,1483,740,18357,0x07
2026-09-06T17:08:53.143,690,0,1,50,1208,1100,13717,497,140,8309,0x07
2026-09-06T17:08:53.208,693,0,2,51,2109,1118,23798,1826,980,21810,0x07
2026-09-06T17:08:53.208,692,0,1,50,771,680,10118,1113,0,16512,0x07
2026-09-06T17:08:53.273,695,0,2,53,2532,1547,27198,2286,1509,25563,0x07
2026-09-06T17:08:53.273,694,0,1,50,1625,540,21230,1292,0,18715,0x07
2026-09-06T17:08:53.354,697,0,2,50,2532,1680,26634,2286,1600,25178,0x07
2026-09-06T17:08:53.354,696,0,1,51,2118,608,27024,1913,0,26385,0x07
2026-09-06T17:08:53.420,699,0,2,51,2570,1882,26246,2313,1667,25256,0x07
2026-09-06T17:08:53.420,698,0,1,54,2928,926,35645,2957,37,39110,0x07
2026-09-06T17:08:53.484,701,0,2,57,3025,2175,30635,3500,2351,37849,0x07
2026-09-06T17:08:53.484,700,0,1,50,2928,1180,34565,2957,0,39267,0x07
2026-09-06T17:08:53.549,703,0,2,58,3337,1500,37367,3500,1862,39926,0x07
2026-09-06T17:08:53.549,702,0,1,50,3174,1480,36325,3296,0,40000,0x07
2026-09-06T17:08:53.614,705,0,2,51,3337,1294,38242,3500,1725,40000,0x07
2026-09-06T17:08:53.614,704,0,1,51,3288,1843,36191,3500,0,40000,0x07
2026-09-06T17:08:53.679,707,0,2,51,3366,1059,39598,3497,1314,40000,0x07
2026-09-06T17:08:53.679,706,0,1,50,3116,1920,33740,3500,0,40000,0x07
2026-09-06T17:08:53.744,709,0,2,51,3374,882,40000,3488,2157,38514,0x07
2026-09-06T17:08:53.744,708,0,1,51,2388,2020,24349,3132,0,40000,0x07
2026-09-06T17:08:53.809,711,0,2,56,3374,1321,38581,3448,1036,40000,0x07
2026-09-06T17:08:53.809,710,0,1,51,205,1098,1366,1538,0,21749,0x07
2026-09-06T17:08:53.874,713,0,2,51,3374,824,40000,3448,490,40000,0x07
2026-09-06T17:08:53.874,712,0,1,52,205,923,2109,1538,0,21749,0x07
2026-09-06T17:08:53.955,715,0,2,50,3374,220,40000,3470,740,40000,0x07
2026-09-06T17:08:53.955,714,0,1,51,0,0,4073,1681,0,23524,0x07
2026-09-06T17:08:54.020,717,0,2,50,3374,200,40000,3424,900,40000,0x07
2026-09-06T17:08:54.020,716,0,1,50,0,0,30741,0,0,19851,0x07
2026-09-06T17:08:54.085,719,0,2,50,3374,0,40000,3404,1420,40000,0x07
2026-09-06T17:08:54.085,718,0,1,50,3374,1440,38960,0,0,7030,0x07
2026-09-06T17:08:54.151,721,0,2,51,3366,0,40000,3332,745,40000,0x07
2026-09-06T17:08:54.151,720,0,1,51,1180,863,14375,526,255,8184,0x07
2026-09-06T17:08:54.215,723,0,2,52,3370,0,40000,3391,135,40000,0x07
2026-09-06T17:08:54.215,722,0,1,52,1190,942,14162,516,0,9138,0x07
2026-09-06T17:08:54.280,725,0,2,51,3370,0,40000,3391,0,40000,0x07
2026-09-06T17:08:54.280,724,0,1,50,1190,900,14342,516,0,9138,0x07
2026-09-06T17:08:54.361,727,0,2,52,3359,0,40000,3423,0,40000,0x07
2026-09-06T17:08:54.361,726,0,1,51,1116,863,13589,593,0,10083,0x07
2026-09-06T17:08:54.409,729,0,2,50,3367,0,40000,3374,0,40000,0x07
2026-09-06T17:08:54.410,728,0,1,52,1038,750,13108,673,0,11082,0x07
2026-09-06T17:08:54.491,731,0,2,51,3354,0,40000,3408,0,40000,0x07
2026-09-06T17:08:54.491,730,0,1,50,1838,880,22421,1671,0,23394,0x07
2026-09-06T17:08:54.555,733,0,2,50,3358,0,40000,3348,0,40000,0x07
2026-09-06T17:08:54.556,732,0,1,52,2549,904,31074,2550,0,34243,0x07
2026-09-06T17:08:54.620,735,0,2,53,3304,0,40000,3290,0,40000,0x07
2026-09-06T17:08:54.620,734,0,1,51,3064,1118,36505,3268,0,40000,0x07
2026-09-06T17:08:54.685,737,0,2,51,3304,0,40000,3290,0,40000,0x07
2026-09-06T17:08:54.685,736,0,1,55,3181,1636,35748,3500,0,40000,0x07
2026-09-06T17:08:54.750,739,0,2,51,3297,0,40000,3270,0,40000,0x07
2026-09-06T17:08:54.750,738,0,1,51,3181,1804,35036,3500,0,40000,0x07
2026-09-06T17:08:54.815,741,0,2,50,3289,0,40000,3263,0,40000,0x07
2026-09-06T17:08:54.815,740,0,1,51,2702,1980,28382,3323,0,40000,0x07
2026-09-06T17:08:54.896,743,0,2,51,3276,0,40000,3240,0,40000,0x07
2026-09-06T17:08:54.896,742,0,1,50,1724,1920,16596,2541,0,34135,0x07
2026-09-06T17:08:54.945,745,0,2,50,3276,0,40000,0,0,17547,0x07
2026-09-06T17:08:54.945,744,0,1,57,157,930,1487,1588,0,22366,0x07
2026-09-06T17:08:55.026,747,0,2,50,1687,0,23325,-1750,-580,22520,0x07
2026-09-06T17:08:55.026,746,0,1,52,0,0,3604,1588,0,22366,0x07
2026-09-06T17:08:55.092,749,0,2,51,1687,0,23325,-1750,-1725,17651,0x07
2026-09-06T17:08:55.092,748,0,1,50,0,0,30741,0,0,20341,0x07
2026-09-06T17:08:55.158,751,0,2,50,1687,0,23325,-1750,-400,23284,0x07
2026-09-06T17:08:55.158,750,0,1,52,3374,1327,39441,0,0,6746,0x07
2026-09-06T17:08:55.223,753,0,2,50,1687,0,23325,-1750,-560,22604,0x07
2026-09-06T17:08:55.223,752,0,1,50,1214,1140,13617,491,0,8834,0x07
2026-09-06T17:08:55.287,755,0,2,50,1687,420,21540,-1750,-920,21074,0x07
2026-09-06T17:08:55.288,754,0,1,50,1186,900,14296,520,0,9185,0x07
2026-09-06T17:08:55.352,757,0,2,50,0,0,0,0,0,0,0x03
2026-09-06T17:08:55.352,756,0,1,54,1126,1056,12895,582,0,9954,0x07
2026-09-06T17:08:55.418,759,0,2,50,0,0,27783,0,0,32965,0x07
2026-09-06T17:08:55.418,758,0,1,51,1126,1000,13131,582,0,9954,0x07
2026-09-06T17:08:55.483,761,0,2,55,2473,2527,22315,3220,1855,36297,0x07
2026-09-06T17:08:55.483,760,0,1,52,1055,885,12748,656,0,10866,0x07
2026-09-06T17:08:55.564,763,0,2,51,2473,1686,25890,3220,2137,35095,0x07
2026-09-06T17:08:55.564,762,0,1,51,1580,882,19223,1362,0,19575,0x07
2026-09-06T17:08:55.629,765,0,2,50,797,1420,6273,1856,2180,17105,0x07
2026-09-06T17:08:55.629,764,0,1,51,2476,1059,29518,2524,0,33923,0x07
2026-09-06T17:08:55.694,767,0,2,57,223,526,2971,1519,1123,17196,0x07
2026-09-06T17:08:55.694,766,0,1,51,3039,1235,35698,3230,0,40000,0x07
2026-09-06T17:08:55.759,769,0,2,50,223,880,1467,1519,1120,17208,0x07
2026-09-06T17:08:55.759,768,0,1,56,3072,1679,34230,3500,0,40000,0x07
2026-09-06T17:08:55.824,771,0,2,50,202,780,1634,1541,1240,16981,0x07
2026-09-06T17:08:55.825,770,0,1,50,3072,1860,33459,3500,0,40000,0x07
2026-09-06T17:08:55.890,773,0,2,51,174,529,2351,1570,1137,17802,0x07
2026-09-06T17:08:55.890,772,0,1,50,2380,1980,24418,3101,0,40000,0x07
2026-09-06T17:08:55.955,775,0,2,51,507,529,6480,1224,1118,13364,0x07
2026-09-06T17:08:55.955,774,0,1,50,1203,1860,10424,2098,0,28662,0x07
2026-09-06T17:08:56.019,777,0,2,51,330,529,4289,1407,1157,15593,0x07
2026-09-06T17:08:56.019,776,0,1,56,106,1054,332,1640,0,23019,0x07
2026-09-06T17:08:56.100,779,0,2,50,400,340,5954,1335,1160,14638,0x07
2026-09-06T17:08:56.100,778,0,1,51,0,0,4160,1640,0,23019,0x07
2026-09-06T17:08:56.164,781,0,2,51,617,549,7758,1110,1039,12202,0x07
2026-09-06T17:08:56.164,780,0,1,52,0,0,30741,0,0,19582,0x07
2026-09-06T17:08:56.228,783,0,2,50,617,620,7456,1110,1000,12368,0x07
2026-09-06T17:08:56.228,782,0,1,56,1126,1161,12452,582,0,9949,0x07
2026-09-06T17:08:56.293,785,0,2,50,989,600,12142,1317,1040,14909,0x07
2026-09-06T17:08:56.293,784,0,1,51,1126,627,14719,582,0,9949,0x07
2026-09-06T17:08:56.359,787,0,2,51,1897,784,22584,2165,1137,25577,0x07
2026-09-06T17:08:56.359,786,0,1,50,1166,820,14387,541,0,9444,0x07
2026-09-06T17:08:56.424,789,0,2,51,0,0,0,0,0,0,0x03
2026-09-06T17:08:56.424,788,0,1,52,1162,635,15129,0,0,3647,0x07
2026-09-06T17:08:56.489,791,0,2,52,0,0,0,0,0,0,0x03
2026-09-06T17:08:56.489,790,0,1,58,1309,724,16566,392,0,7604,0x07
2026-09-06T17:08:56.555,793,0,2,52,3100,96,40000,3185,38,40000,0x07
2026-09-06T17:08:56.555,792,0,1,51,1309,745,16476,392,0,7604,0x07
2026-09-06T17:08:56.636,795,0,2,51,3100,2627,29641,3185,1804,36061,0x07
2026-09-06T17:08:56.636,794,0,1,50,1160,800,14401,1744,0,24294,0x07
2026-09-06T17:08:56.702,797,0,2,51,3208,1725,34811,3367,2686,34683,0x07
2026-09-06T17:08:56.702,796,0,1,50,2241,760,27895,2124,0,28990,0x07
2026-09-06T17:08:56.767,799,0,2,50,0,0,0,0,0,0,0x03
2026-09-06T17:08:56.767,798,0,1,50,2808,1140,33255,2866,0,38153,0x07
2026-09-06T17:08:56.831,801,0,2,50,0,0,27685,0,0,32259,0x07
2026-09-06T17:08:56.831,800,0,1,50,1454,1380,15552,242,0,5758,0x07
2026-09-06T17:08:56.897,803,0,2,51,3106,1176,35887,3420,1098,40000,0x07
2026-09-06T17:08:56.897,802,0,1,51,2832,1196,33316,3500,0,40000,0x07
2026-09-06T17:08:56.962,805,0,2,52,2310,2192,21718,2924,2808,28388,0x07
2026-09-06T17:08:56.962,804,0,1,51,2928,1686,32422,3500,0,40000,0x07
2026-09-06T17:08:57.026,807,0,2,51,2310,2510,20369,2924,2255,30738,0x07
2026-09-06T17:08:57.026,806,0,1,50,2044,1680,21553,2836,0,37773,0x07
2026-09-06T17:08:57.092,809,0,2,50,1508,2340,11162,2263,2260,22086,0x07
2026-09-06T17:08:57.092,808,0,1,51,706,1627,5294,1665,0,23317,0x07
2026-09-06T17:08:57.157,811,0,2,51,662,1824,2888,1489,2333,11662,0x07
2026-09-06T17:08:57.157,810,0,1,50,276,1000,2656,1464,20,20756,0x07
2026-09-06T17:08:57.222,813,0,2,56,376,1143,2241,1360,1518,13445,0x07
2026-09-06T17:08:57.222,812,0,1,52,0,0,3678,1626,19,22756,0x07
2026-09-06T17:08:57.304,815,0,2,51,376,1078,2515,1360,1529,13396,0x07
2026-09-06T17:08:57.304,814,0,1,50,0,0,30741,0,0,20483,0x07
2026-09-06T17:08:57.369,817,0,2,51,375,725,4007,1361,1529,13406,0x07
2026-09-06T17:08:57.369,816,0,1,51,3374,373,40000,0,0,6491,0x07
2026-09-06T17:08:57.435,819,0,2,51,397,451,5454,1338,1353,13850,0x07
2026-09-06T17:08:57.435,818,0,1,50,1244,660,16028,460,0,8446,0x07
2026-09-06T17:08:57.500,821,0,2,51,457,431,6267,1276,1314,13216,0x07
2026-09-06T17:08:57.500,820,0,1,51,1237,667,15916,467,0,8532,0x07
2026-09-06T17:08:57.564,823,0,2,50,535,380,7462,1195,1200,12629,0x07
2026-09-06T17:08:57.564,822,0,1,53,1215,698,15512,490,0,8813,0x07
2026-09-06T17:08:57.629,825,0,2,50,1585,700,19084,1847,1060,21746,0x07
2026-09-06T17:08:57.629,824,0,1,51,1215,725,15395,490,0,8813,0x07
2026-09-06T17:08:57.694,827,0,2,51,1585,922,18143,1847,1235,21001,0x07
2026-09-06T17:08:57.694,826,0,1,50,1177,540,15710,530,0,9306,0x07
2026-09-06T17:08:57.759,829,0,2,51,2574,725,31216,2702,1078,32840,0x07
2026-09-06T17:08:57.759,828,0,1,51,1081,745,13662,629,0,10529,0x07
2026-09-06T17:08:57.840,831,0,2,51,3111,1157,36030,3185,1529,37231,0x07
2026-09-06T17:08:57.841,830,0,1,55,1921,727,24089,1717,0,23965,0x07
2026-09-06T17:08:57.906,833,0,2,56,3374,2000,35698,3416,2446,36346,0x07
2026-09-06T17:08:57.906,832,0,1,52,1921,846,23584,1717,0,23965,0x07
2026-09-06T17:08:57.971,835,0,2,51,3374,2314,34364,3416,2686,35326,0x07
2026-09-06T17:08:57.971,834,0,1,50,2497,900,30446,2430,0,32761,0x07
2026-09-06T17:08:58.037,837,0,2,50,3374,2720,32638,3422,2700,35351,0x07
2026-09-06T17:08:58.037,836,0,1,51,2963,1373,34179,3061,0,40000,0x07
2026-09-06T17:08:58.102,839,0,2,50,3367,2920,31699,3491,3040,34802,0x07
2026-09-06T17:08:58.102,838,0,1,51,3225,1627,36326,3440,0,40000,0x07
2026-09-06T17:08:58.167,841,0,2,51,3317,2824,31497,3500,3294,33840,0x07
2026-09-06T17:08:58.167,840,0,1,50,3236,1840,35564,3500,0,40000,0x07
2026-09-06T17:08:58.232,843,0,2,51,3051,3196,26615,3500,3078,34757,0x07
2026-09-06T17:08:58.232,842,0,1,53,1739,1925,16751,2586,0,34688,0x07
2026-09-06T17:08:58.297,845,0,2,51,104,2725,0,1270,2863,6555,0x07
2026-09-06T17:08:58.297,844,0,1,51,1739,1608,18097,2586,0,34688,0x07
2026-09-06T17:08:58.362,847,0,2,51,104,1412,2844,1270,1745,11305,0x07
2026-09-06T17:08:58.362,846,0,1,52,319,1692,245,1419,0,20288,0x07
2026-09-06T17:08:58.444,849,0,2,50,48,1080,2638,1700,1220,19146,0x07
2026-09-06T17:08:58.444,848,0,1,51,0,0,3882,1611,0,22651,0x07
2026-09-06T17:08:58.509,851,0,2,51,0,0,2605,1726,1745,17257,0x07
2026-09-06T17:08:58.509,850,0,1,50,0,0,30741,0,0,20118,0x07
2026-09-06T17:08:58.573,853,0,2,51,0,0,29858,0,0,22709,0x07
2026-09-06T17:08:58.573,852,0,1,50,3374,1100,40000,0,0,7129,0x07
2026-09-06T17:08:58.638,855,0,2,51,3374,824,40000,0,0,3987,0x07
2026-09-06T17:08:58.638,854,0,1,52,1157,635,15067,550,0,9556,0x07
2026-09-06T17:08:58.702,857,0,2,50,1484,2040,12138,211,40,4714,0x07
2026-09-06T17:08:58.702,856,0,1,51,1157,804,14347,550,0,9556,0x07
2026-09-06T17:08:58.767,859,0,2,50,0,0,20603,116,340,2201,0x07
2026-09-06T17:08:58.767,858,0,1,50,975,800,12128,738,0,11881,0x07
2026-09-06T17:08:58.833,861,0,2,50,0,0,4757,3500,220,40000,0x07
2026-09-06T17:08:58.833,860,0,1,50,2214,800,27388,2113,0,28851,0x07
2026-09-06T17:08:58.899,863,0,2,51,284,176,5213,1456,2196,11807,0x07
2026-09-06T17:08:58.899,862,0,1,57,2812,825,34646,2884,0,38369,0x07
2026-09-06T17:08:58.980,865,0,2,52,185,269,3591,1559,481,20441,0x07
2026-09-06T17:08:58.980,864,0,1,51,2812,1098,33483,2884,0,38369,0x07
2026-09-06T17:08:59.028,867,0,2,51,185,137,4152,1559,588,19984,0x07
2026-09-06T17:08:59.028,866,0,1,51,3156,1333,36728,3326,0,40000,0x07
2026-09-06T17:08:59.110,869,0,2,50,177,0,4644,1566,760,19354,0x07
2026-09-06T17:08:59.110,868,0,1,50,3287,1840,36183,3500,0,40000,0x07
2026-09-06T17:08:59.175,871,0,2,50,194,80,4516,1548,880,18611,0x07
2026-09-06T17:08:59.175,870,0,1,51,3197,2020,34310,3500,0,40000,0x07
2026-09-06T17:08:59.241,873,0,2,59,269,288,4554,1471,1017,17019,0x07
2026-09-06T17:08:59.241,872,0,1,51,2658,2039,27596,3309,0,40000,0x07
2026-09-06T17:08:59.305,875,0,2,52,327,269,5349,1411,1000,16309,0x07
2026-09-06T17:08:59.305,874,0,1,53,279,1453,768,1461,0,20803,0x07
2026-09-06T17:08:59.370,877,0,2,50,423,320,6327,1311,1040,14832,0x07
2026-09-06T17:08:59.370,876,0,1,51,279,1078,2359,1461,0,20803,0x07
2026-09-06T17:08:59.436,879,0,2,51,487,314,7142,1245,1098,13721,0x07
2026-09-06T17:08:59.436,878,0,1,51,145,863,1630,1600,0,22513,0x07
2026-09-06T17:08:59.517,881,0,2,51,772,275,10836,949,1020,10192,0x07
2026-09-06T17:08:59.517,880,0,1,52,1764,558,22868,1484,0,21091,0x07
2026-09-06T17:08:59.565,883,0,2,52,1323,385,17186,1643,923,19659,0x07
2026-09-06T17:08:59.565,882,0,1,51,0,0,0,0,0,0,0x03
2026-09-06T17:08:59.646,885,0,2,51,573,608,6958,1335,922,15642,0x07
2026-09-06T17:08:59.646,884,0,1,51,0,0,4353,0,0,16055,0x07
2026-09-06T17:08:59.711,887,0,2,51,2385,647,29216,2433,1059,29404,0x07
2026-09-06T17:08:59.711,886,0,1,50,105,60,4543,1642,0,23031,0x07
2026-09-06T17:08:59.776,889,0,2,50,2528,1020,29401,2840,1380,33354,0x07
2026-09-06T17:08:59.776,888,0,1,51,102,118,4268,0,0,18956,0x07
2026-09-06T17:08:59.842,891,0,2,50,2068,1440,21914,2644,1620,29775,0x07
2026-09-06T17:08:59.842,890,0,1,50,3374,20,40000,0,0,3775,0x07
2026-09-06T17:08:59.907,893,0,2,50,2358,1680,24488,2726,1820,30003,0x07
2026-09-06T17:08:59.907,892,0,1,51,1567,1000,18569,124,0,4303,0x07
2026-09-06T17:08:59.972,895,0,2,50,2482,1860,25255,2849,1980,30918,0x07
2026-09-06T17:08:59.972,894,0,1,53,0,0,0,0,0,0,0x03
2026-09-06T17:09:00.037,897,0,2,53,2316,2132,22045,2804,2264,29121,0x07
2026-09-06T17:09:00.037,896,0,1,50,0,0,15575,0,0,4381,0x07
2026-09-06T17:09:00.102,899,0,2,51,2316,2294,21357,2804,2314,28911,0x07
2026-09-06T17:09:00.102,898,0,1,50,1495,460,19974,199,0,5227,0x07
2026-09-06T17:09:00.184,901,0,2,51,1474,2118,11691,2224,2431,20840,0x07
2026-09-06T17:09:00.184,900,0,1,50,1410,1000,16636,287,0,6312,0x07
2026-09-06T17:09:00.248,903,0,2,51,1343,1863,11154,1950,2451,17183,0x07
2026-09-06T17:09:00.248,902,0,1,50,1339,660,17203,361,0,7224,0x07
2026-09-06T17:09:00.313,905,0,2,50,871,1480,6937,1579,2000,14254,0x07
2026-09-06T17:09:00.313,904,0,1,51,1273,490,17114,429,0,8066,0x07
2026-09-06T17:09:00.378,907,0,2,51,643,1216,5238,1326,1824,11699,0x07
2026-09-06T17:09:00.378,906,0,1,52,1204,654,15567,501,0,8952,0x07
2026-09-06T17:09:00.443,909,0,2,51,485,765,5205,1247,1412,12410,0x07
2026-09-06T17:09:00.443,908,0,1,52,1204,615,15730,501,0,8952,0x07
2026-09-06T17:09:00.509,911,0,2,50,0,0,5738,1247,1360,12630,0x07
2026-09-06T17:09:00.509,910,0,1,51,0,0,0,0,0,0,0x03
2026-09-06T17:09:00.574,913,0,2,51,0,0,4335,2170,1275,25048,0x07
2026-09-06T17:09:00.574,912,0,1,53,1039,0,16305,673,0,11073,0x07
2026-09-06T17:09:00.639,915,0,2,50,232,140,4725,1510,1500,15469,0x07
2026-09-06T17:09:00.639,914,0,1,57,1502,895,18213,1246,0,18150,0x07
2026-09-06T17:09:00.721,917,0,2,51,317,294,5121,1421,1078,16108,0x07
2026-09-06T17:09:00.721,916,0,1,51,1502,549,19683,1246,0,18150,0x07
2026-09-06T17:09:00.786,919,0,2,51,368,314,5672,1368,1059,15497,0x07
2026-09-06T17:09:00.786,918,0,1,52,2187,692,27517,2057,0,28165,0x07
2026-09-06T17:09:00.852,921,0,2,52,3374,269,40000,2538,1019,30943,0x07
2026-09-06T17:09:00.852,920,0,1,56,2333,1036,27854,2138,0,29167,0x07
2026-09-06T17:09:00.917,923,0,2,51,3374,1392,38281,3289,1961,36746,0x07
2026-09-06T17:09:00.917,922,0,1,51,2333,1176,27256,2138,0,29167,0x07
2026-09-06T17:09:00.982,925,0,2,51,3206,1765,34615,2794,2078,29791,0x07
2026-09-06T17:09:00.982,924,0,1,51,2669,1314,30808,2572,0,34515,0x07
2026-09-06T17:09:01.046,927,0,2,50,2552,2020,25443,1965,2220,18352,0x07
2026-09-06T17:09:01.046,926,0,1,50,3004,1500,34144,3066,0,40000,0x07
2026-09-06T17:09:01.112,929,0,2,57,1559,2246,12203,960,1544,8101,0x07
2026-09-06T17:09:01.112,928,0,1,51,3235,1784,35780,3470,0,40000,0x07
2026-09-06T17:09:01.177,931,0,2,51,1559,1843,13913,960,1353,8913,0x07
2026-09-06T17:09:01.177,930,0,1,51,3153,1980,33936,3500,0,40000,0x07
2026-09-06T17:09:01.243,933,0,2,50,1435,1660,13147,892,1100,9110,0x07
2026-09-06T17:09:01.243,932,0,1,51,2472,2000,25469,3216,0,40000,0x07
2026-09-06T17:09:01.324,934,0,1,55,148,1255,6,1596,0,22470,0x07
2026-09-06T17:09:01.373,935,0,2,51,1501,1667,13937,1026,1020,11189,0x07
2026-09-06T17:09:01.373,934,0,1,50,148,1020,1003,1596,0,22470,0x07
2026-09-06T17:09:01.455,935,0,2,50,1726,1920,15653,1347,1300,14198,0x07
2026-09-06T17:09:01.455,934,0,1,50,148,660,2533,1596,0,22470,0x07
2026-09-06T17:09:01.520,941,0,2,50,0,0,28123,0,0,32247,0x07
2026-09-06T17:09:01.520,940,0,1,51,0,0,12918,0,0,7146,0x07
2026-09-06T17:09:01.584,943,0,2,50,3160,2500,30930,3418,2280,37085,0x07
2026-09-06T17:09:01.585,942,0,1,50,1166,940,13877,541,0,9444,0x07
2026-09-06T17:09:01.650,945,0,2,50,3215,1800,34586,3500,2720,36280,0x07
2026-09-06T17:09:01.650,944,0,1,51,1170,373,16347,536,0,9383,0x07
2026-09-06T17:09:01.715,947,0,2,51,2842,2235,28119,3445,2118,38118,0x07
2026-09-06T17:09:01.715,946,0,1,51,1163,431,16005,536,0,9379,0x07
2026-09-06T17:09:01.780,949,0,2,51,1967,2098,17870,2751,2373,27970,0x07
2026-09-06T17:09:01.781,948,0,1,52,1163,423,16041,536,0,9379,0x07
2026-09-06T17:09:01.845,951,0,2,51,663,2137,1568,1612,2314,13346,0x07
2026-09-06T17:09:01.845,950,0,1,51,1127,431,15557,458,0,8424,0x07
2026-09-06T17:09:01.911,953,0,2,51,347,1275,1326,1390,2059,11534,0x07
2026-09-06T17:09:01.911,952,0,1,51,1074,569,14325,413,0,7863,0x07
2026-09-06T17:09:01.993,955,0,2,52,269,885,2019,1471,1558,14721,0x07
2026-09-06T17:09:01.993,954,0,1,53,962,566,12959,315,0,6653,0x07
2026-09-06T17:09:02.058,957,0,2,51,269,667,2946,1471,1667,14258,0x07
2026-09-06T17:09:02.058,956,0,1,51,962,569,12948,315,0,6653,0x07
2026-09-06T17:09:02.123,959,0,2,51,291,549,3721,1448,1647,14040,0x07
2026-09-06T17:09:02.123,958,0,1,50,891,620,11849,326,0,6795,0x07
2026-09-06T17:09:02.189,961,0,2,50,337,420,4842,1400,1420,14378,0x07
2026-09-06T17:09:02.189,960,0,1,50,978,340,14115,3362,0,40000,0x07
2026-09-06T17:09:02.254,963,0,2,51,432,314,6458,1302,1392,13221,0x07
2026-09-06T17:09:02.254,962,0,1,50,1043,300,15083,1821,0,25244,0x07
2026-09-06T17:09:02.319,965,0,2,51,531,392,7356,1199,1275,12373,0x07
2026-09-06T17:09:02.319,964,0,1,50,418,320,7295,1317,0,19022,0x07
2026-09-06T17:09:02.383,967,0,2,50,1423,300,18790,1681,1140,19238,0x07
2026-09-06T17:09:02.383,966,0,1,52,371,327,6696,1365,0,19614,0x07
2026-09-06T17:09:02.449,969,0,2,50,1423,400,18365,1681,1260,18728,0x07
2026-09-06T17:09:02.449,968,0,1,51,371,78,7752,1365,0,19614,0x07
2026-09-06T17:09:02.514,971,0,2,51,2473,667,30214,2609,1000,31947,0x07
2026-09-06T17:09:02.514,970,0,1,50,374,20,8034,1362,0,19580,0x07
2026-09-06T17:09:02.595,973,0,2,51,3106,1059,36379,3159,1549,36800,0x07
2026-09-06T17:09:02.595,972,0,1,52,352,231,6864,1385,19,19783,0x07
2026-09-06T17:09:02.660,975,0,2,58,3374,1948,35917,3431,2500,36320,0x07
2026-09-06T17:09:02.660,974,0,1,57,520,509,7757,1210,0,17709,0x07
2026-09-06T17:09:02.725,977,0,2,50,3374,2280,34508,3431,2540,36150,0x07
2026-09-06T17:09:02.725,976,0,1,50,520,520,7709,0,0,10956,0x07
2026-09-06T17:09:02.791,979,0,2,50,3374,2660,32892,3457,2540,36479,0x07
2026-09-06T17:09:02.791,978,0,1,54,1246,852,15241,457,0,8416,0x07
2026-09-06T17:09:02.855,981,0,2,50,3269,2820,30914,2812,2520,28139,0x07
2026-09-06T17:09:02.855,980,0,1,55,1215,764,15229,490,0,8818,0x07
2026-09-06T17:09:02.920,983,0,2,50,3019,2820,27817,3500,2360,37810,0x07
2026-09-06T17:09:02.920,982,0,1,51,1215,412,16724,490,0,8818,0x07
2026-09-06T17:09:02.986,985,0,2,50,2459,3020,20042,3193,2580,32862,0x07
2026-09-06T17:09:02.986,984,0,1,52,1259,135,18443,444,0,8256,0x07
2026-09-06T17:09:03.051,987,0,2,54,-23,-74,2417,1773,2037,16633,0x07
2026-09-06T17:09:03.051,986,0,1,50,1268,0,19135,434,0,8131,0x07
2026-09-06T17:09:03.132,989,0,2,51,0,0,3502,1773,1843,17457,0x07
2026-09-06T17:09:03.132,988,0,1,52,1266,0,19103,437,0,8165,0x07
2026-09-06T17:09:03.181,991,0,2,50,129,800,651,1616,2000,14734,0x07
2026-09-06T17:09:03.181,990,0,1,51,1266,451,17186,437,0,8165,0x07
2026-09-06T17:09:03.327,993,0,2,50,97,640,934,1649,1740,16272,0x07
2026-09-06T17:09:03.327,992,0,1,51,1284,725,16247,418,0,7927,0x07
2026-09-06T17:09:03.393,995,0,2,51,129,314,2718,1616,1686,16067,0x07
2026-09-06T17:09:03.393,994,0,1,50,1291,0,19419,411,0,7841,0x07
2026-09-06T17:09:03.459,997,0,2,52,282,250,4875,1458,1500,14792,0x07
2026-09-06T17:09:03.459,998,0,1,50,1287,0,19369,415,0,7889,0x07
2026-09-06T17:09:03.523,1001,0,2,52,282,135,5365,1458,1327,15528,0x07
2026-09-06T17:09:03.524,1000,0,1,53,1286,94,18955,416,0,7901,0x07
2026-09-06T17:09:03.588,1003,0,2,51,658,275,9421,1068,1275,10659,0x07
2026-09-06T17:09:03.588,1002,0,1,50,1286,540,17061,416,0,7901,0x07
2026-09-06T17:09:03.654,1005,0,2,50,759,600,9291,1014,1160,10446,0x07
2026-09-06T17:09:03.654,1004,0,1,50,1286,720,16292,416,0,7906,0x07
2026-09-06T17:09:03.718,1007,0,2,50,2067,600,25471,2221,1340,25437,0x07
2026-09-06T17:09:03.718,1006,0,1,51,1309,627,16976,392,0,7604,0x07
2026-09-06T17:09:03.800,1009,0,2,50,3026,980,35729,3032,1220,36544,0x07
2026-09-06T17:09:03.800,1008,0,1,51,1309,843,16060,392,0,7604,0x07
2026-09-06T17:09:03.865,1011,0,2,50,3374,1340,38502,3352,1580,39187,0x07
2026-09-06T17:09:03.865,1010,0,1,51,1285,1294,13839,418,0,7924,0x07
2026-09-06T17:09:03.929,1013,0,2,51,3374,2294,34448,3311,2216,35951,0x07
2026-09-06T17:09:03.929,1012,0,1,54,1306,852,15980,395,0,7646,0x07
2026-09-06T17:09:03.994,1015,0,2,50,3324,2340,33631,3107,2520,31992,0x07
2026-09-06T17:09:03.994,1014,0,1,51,1306,667,16767,395,0,7646,0x07
2026-09-06T17:09:04.059,1017,0,2,51,3163,2804,29673,2976,2353,31002,0x07
2026-09-06T17:09:04.060,1016,0,1,50,1282,800,15902,420,0,7957,0x07
2026-09-06T17:09:04.125,1019,0,2,50,3137,2900,28938,3061,2620,30997,0x07
2026-09-06T17:09:04.125,1018,0,1,50,1280,860,15630,422,0,7975,0x07
2026-09-06T17:09:04.191,1021,0,2,51,3193,2804,30048,3192,2667,32534,0x07
2026-09-06T17:09:04.191,1020,0,1,52,1304,58,19331,397,0,7672,0x07
2026-09-06T17:09:04.255,1023,0,2,51,3272,3137,29608,3374,2765,34527,0x07
2026-09-06T17:09:04.255,1022,0,1,51,1305,824,16128,396,0,7660,0x07
2026-09-06T17:09:04.336,1025,0,2,56,3299,3143,29918,3500,3036,35072,0x07
2026-09-06T17:09:04.336,1024,0,1,51,1305,922,15746,396,0,7655,0x07
2026-09-06T17:09:04.402,1027,0,2,50,3299,3080,30186,3500,3080,34910,0x07
2026-09-06T17:09:04.402,1026,0,1,55,1304,691,16782,397,0,7669,0x07
2026-09-06T17:09:04.467,1029,0,2,51,3237,3294,28503,3500,3216,34358,0x07
2026-09-06T17:09:04.467,1028,0,1,50,1304,820,16268,397,0,7669,0x07
2026-09-06T17:09:04.533,1031,0,2,58,3363,3276,30142,3093,3414,28199,0x07
2026-09-06T17:09:04.533,1030,0,1,51,1304,843,16193,398,0,7677,0x07
2026-09-06T17:09:04.597,1033,0,2,50,3363,3440,29445,3093,3280,28790,0x07
2026-09-06T17:09:04.597,1032,0,1,55,1279,1345,13817,423,0,7992,0x07
2026-09-06T17:09:04.662,1035,0,2,51,2931,3216,25053,2468,3255,20697,0x07
2026-09-06T17:09:04.662,1034,0,1,52,1279,635,16870,423,19,7911,0x07
2026-09-06T17:09:04.726,1037,0,2,51,2041,2333,17783,1292,2549,8268,0x07
2026-09-06T17:09:04.726,1036,0,1,50,1302,820,16402,399,40,7528,0x07
2026-09-06T17:09:04.791,1039,0,2,50,1383,460,17608,315,520,4071,0x07
2026-09-06T17:09:04.791,1038,0,1,50,1303,1340,14236,398,40,7516,0x07
2026-09-06T17:09:04.857,1041,0,2,50,1663,200,22182,24,280,1275,0x07
2026-09-06T17:09:04.857,1040,0,1,54,1270,778,16272,433,611,5511,0x07
2026-09-06T17:09:04.938,1043,0,2,51,1150,176,15929,557,196,8622,0x07
2026-09-06T17:09:04.938,1042,0,1,51,1270,451,17691,433,608,5525,0x07
2026-09-06T17:09:05.003,1045,0,2,51,1342,59,18808,358,529,4587,0x07
2026-09-06T17:09:05.003,1044,0,1,51,1205,333,17397,464,627,5831,0x07
2026-09-06T17:09:05.067,1047,0,2,50,1342,140,18463,358,440,4967,0x07
2026-09-06T17:09:05.067,1046,0,1,52,1104,346,16105,344,481,4977,0x07
2026-09-06T17:09:05.133,1049,0,2,52,1414,58,19702,283,77,5531,0x07
2026-09-06T17:09:05.133,1048,0,1,52,1003,712,13275,204,365,3731,0x07
2026-09-06T17:09:05.199,1051,0,2,50,1488,0,20858,207,0,4858,0x07
2026-09-06T17:09:05.199,1050,0,1,50,932,600,12874,0,0,3803,0x07
2026-09-06T17:09:05.264,1053,0,2,50,1506,0,21092,187,0,4601,0x07
2026-09-06T17:09:05.264,1052,0,1,51,802,176,13037,-128,-20,4263,0x07
2026-09-06T17:09:05.329,1055,0,2,50,1537,0,21471,155,0,4183,0x07
2026-09-06T17:09:05.329,1054,0,1,50,715,0,12678,-258,0,5949,0x07
2026-09-06T17:09:05.394,1057,0,2,51,1524,0,21313,169,0,4357,0x07
2026-09-06T17:09:05.394,1056,0,1,50,610,0,11360,-263,0,6014,0x07
2026-09-06T17:09:05.459,1059,0,2,50,1531,0,21396,162,0,4265,0x07
2026-09-06T17:09:05.459,1058,0,1,51,577,20,10856,-271,0,6109,0x07
2026-09-06T17:09:05.525,1061,0,2,52,1501,0,21028,192,0,4670,0x07
2026-09-06T17:09:05.525,1060,0,1,50,575,0,10909,-271,0,6117,0x07
2026-09-06T17:09:05.606,1063,0,2,50,1490,0,20883,205,0,4830,0x07
2026-09-06T17:09:05.606,1062,0,1,50,598,120,10696,-275,0,6165,0x07
2026-09-06T17:09:05.671,1065,0,2,52,1513,0,21175,181,0,4514,0x07
2026-09-06T17:09:05.671,1064,0,1,51,618,176,10709,-267,0,6066,0x07
2026-09-06T17:09:05.736,1067,0,2,51,1498,39,20816,196,0,4720,0x07
2026-09-06T17:09:05.736,1066,0,1,50,635,660,8903,-256,0,5927,0x07
2026-09-06T17:09:05.996,1069,0,2,53,1450,642,17664,246,0,5372,0x07
2026-09-06T17:09:05.996,1068,0,1,50,672,520,9987,-268,0,6083,0x07
2026-09-06T17:09:06.142,1071,0,2,51,1450,1000,16141,246,0,5372,0x07
2026-09-06T17:09:06.142,1070,0,1,50,688,480,10377,-250,0,5854,0x07
2026-09-06T17:09:06.206,1073,0,2,50,0,0,0,0,0,0,0x03
2026-09-06T17:09:06.206,1072,0,1,52,1313,0,20417,203,0,5275,0x07
2026-09-06T17:09:06.271,1075,0,2,51,0,0,0,0,0,0,0x03
2026-09-06T17:09:06.272,1074,0,1,51,0,0,0,0,0,0,0x03
2026-09-06T17:09:06.337,1077,0,2,50,0,0,18734,0,0,32247,0x07
2026-09-06T17:09:06.337,1076,0,1,51,0,0,10640,0,0,8398,0x07
2026-09-06T17:09:06.402,1079,0,2,51,2004,353,25753,3393,471,40000,0x07
2026-09-06T17:09:06.402,1078,0,1,52,819,423,12322,695,0,11354,0x07
2026-09-06T17:09:06.467,1081,0,2,50,2918,740,35409,2836,2000,30862,0x07
2026-09-06T17:09:06.467,1080,0,1,52,1040,538,14650,465,0,8506,0x07
2026-09-06T17:09:06.532,1083,0,2,51,3126,1137,36296,3202,1471,37922,0x07
2026-09-06T17:09:06.532,1082,0,1,50,1138,440,16316,658,0,10896,0x07
2026-09-06T17:09:06.598,1085,0,2,51,3257,1667,35670,3347,1431,39990,0x07
2026-09-06T17:09:06.598,1084,0,1,50,1138,560,15806,658,0,10896,0x07
2026-09-06T17:09:06.678,1087,0,2,54,2549,2296,24231,3292,2889,33074,0x07
2026-09-06T17:09:06.678,1086,0,1,51,1242,608,16922,758,0,12131,0x07
2026-09-06T17:09:06.743,1089,0,2,51,2549,2392,23824,3292,2588,34352,0x07
2026-09-06T17:09:06.743,1088,0,1,51,1383,667,18477,982,0,14896,0x07
2026-09-06T17:09:06.809,1091,0,2,51,0,0,7358,1466,2294,11630,0x07
2026-09-06T17:09:06.809,1090,0,1,50,1573,820,20237,1234,0,18003,0x07
2026-09-06T17:09:06.873,1093,0,2,55,3374,18,40000,-1838,-127,25716,0x07
2026-09-06T17:09:06.873,1092,0,1,50,1703,920,21474,1442,0,20570,0x07
2026-09-06T17:09:06.938,1095,0,2,51,3374,2863,32031,0,0,7563,0x07
2026-09-06T17:09:06.938,1094,0,1,50,1790,1200,21388,1604,0,22574,0x07
2026-09-06T17:09:07.197,1097,0,2,51,1098,2353,6041,611,608,7575,0x07
2026-09-06T17:09:07.197,1096,0,1,51,1835,1196,21981,1813,0,25148,0x07
2026-09-06T17:09:07.214,1099,0,2,51,1253,1412,11956,450,941,4050,0x07
2026-09-06T17:09:07.214,1098,0,1,51,1726,1255,20347,1798,0,24963,0x07
