timestamp,sequence,team,robot_id,interval_ms,left_target_eps,left_measured_eps,left_duty,right_target_eps,right_measured_eps,right_duty,flags
2026-09-06T16:47:57.624,1204,0,0,51,226,294,5448,1516,569,19212,0x07
2026-09-06T16:47:57.624,1207,0,2,50,0,0,0,0,0,0,0x03
2026-09-06T16:47:57.710,1206,0,0,51,111,176,4464,1635,549,20774,0x07
2026-09-06T16:47:57.710,1209,0,2,51,0,0,0,0,0,0,0x03
2026-09-06T16:47:57.775,1208,0,0,51,7,118,3369,0,0,21460,0x07
2026-09-06T16:47:57.775,1211,0,2,50,0,0,0,0,0,0,0x03
2026-09-06T16:47:57.841,1210,0,0,51,0,0,0,0,0,0,0x03
2026-09-06T16:47:57.841,3,0,2,52,0,0,0,0,0,0,0x03
2026-09-06T16:47:57.905,0,0,0,52,0,0,0,0,0,0,0x03
2026-09-06T16:47:57.905,5,0,2,51,0,0,0,0,0,0,0x03
2026-09-06T16:47:57.970,4,0,0,52,0,0,0,0,0,0,0x03
2026-09-06T16:47:57.971,7,0,2,52,0,0,0,0,0,0,0x03
2026-09-06T16:47:58.035,6,0,0,51,0,0,0,0,0,0,0x03
2026-09-06T16:47:58.035,9,0,2,50,0,0,0,0,0,0,0x03
2026-09-06T16:47:58.100,8,0,0,55,0,0,0,0,0,0,0x03
2026-09-06T16:47:58.100,11,0,2,51,0,0,0,0,0,0,0x03
2026-09-06T16:47:58.181,10,0,0,50,0,0,0,0,0,0,0x03
2026-09-06T16:47:58.181,13,0,2,51,0,0,0,0,0,0,0x03
2026-09-06T16:47:58.246,12,0,0,50,0,0,0,0,0,0,0x03
2026-09-06T16:47:58.246,15,0,2,51,0,0,0,0,0,0,0x03
2026-09-06T16:47:58.311,14,0,0,52,0,0,0,0,0,0,0x03
2026-09-06T16:47:58.311,17,0,2,50,0,0,0,0,0,0,0x03
2026-09-06T16:47:58.377,16,0,0,51,0,0,0,0,0,0,0x03
2026-09-06T16:47:58.377,19,0,2,50,0,0,0,0,0,0,0x03
2026-09-06T16:47:58.442,18,0,0,50,0,0,0,0,0,0,0x03
2026-09-06T16:47:58.442,21,0,2,54,0,0,0,0,0,0,0x03
2026-09-06T16:47:58.508,20,0,0,53,0,0,0,0,0,0,0x03
2026-09-06T16:47:58.508,23,0,2,50,0,0,0,0,0,0,0x03
2026-09-06T16:47:58.572,22,0,0,50,0,0,0,0,0,0,0x03
2026-09-06T16:47:58.572,25,0,2,50,0,0,0,0,0,0,0x03
2026-09-06T16:47:58.637,24,0,0,50,0,0,0,0,0,0,0x03
2026-09-06T16:47:58.637,27,0,2,51,0,0,0,0,0,0,0x03
2026-09-06T16:47:58.719,26,0,0,50,0,0,0,0,0,0,0x03
2026-09-06T16:47:58.719,29,0,2,51,0,0,0,0,0,0,0x03
2026-09-06T16:47:58.785,28,0,0,50,0,0,0,0,0,0,0x03
2026-09-06T16:47:58.785,31,0,2,51,0,0,0,0,0,0,0x03
2026-09-06T16:47:58.849,30,0,0,52,0,0,0,0,0,0,0x03
2026-09-06T16:47:58.849,33,0,2,54,0,0,0,0,0,0,0x03
2026-09-06T16:47:58.914,32,0,0,55,0,0,0,0,0,0,0x03
2026-09-06T16:47:58.914,35,0,2,50,0,0,0,0,0,0,0x03
2026-09-06T16:47:58.979,34,0,0,50,0,0,0,0,0,0,0x03
2026-09-06T16:47:58.979,37,0,2,52,0,0,0,0,0,0,0x03
2026-09-06T16:47:59.044,36,0,0,52,0,0,0,0,0,0,0x03
2026-09-06T16:47:59.044,39,0,2,51,0,0,0,0,0,0,0x03
2026-09-06T16:47:59.109,38,0,0,50,0,0,0,0,0,0,0x03
2026-09-06T16:47:59.109,41,0,2,51,0,0,0,0,0,0,0x03
2026-09-06T16:47:59.175,40,0,0,51,0,0,0,0,0,0,0x03
2026-09-06T16:47:59.175,43,0,2,51,0,0,0,0,0,0,0x03
2026-09-06T16:47:59.240,42,0,0,51,0,0,0,0,0,0,0x03
2026-09-06T16:47:59.240,45,0,2,52,0,0,0,0,0,0,0x03
2026-09-06T16:47:59.321,44,0,0,51,0,0,0,0,0,0,0x03
2026-09-06T16:47:59.321,47,0,2,50,0,0,0,0,0,0,0x03
2026-09-06T16:47:59.386,46,0,0,50,0,0,0,0,0,0,0x03
2026-09-06T16:47:59.386,49,0,2,50,0,0,0,0,0,0,0x03
2026-09-06T16:47:59.451,48,0,0,51,0,0,0,0,0,0,0x03
2026-09-06T16:47:59.451,51,0,2,50,0,0,0,0,0,0,0x03
2026-09-06T16:47:59.516,50,0,0,51,0,0,0,0,0,0,0x03
2026-09-06T16:47:59.516,53,0,2,53,0,0,0,0,0,0,0x03
2026-09-06T16:47:59.582,52,0,0,51,0,0,0,0,0,0,0x03
2026-09-06T16:47:59.582,55,0,2,50,0,0,0,0,0,0,0x03
2026-09-06T16:47:59.647,54,0,0,50,0,0,0,0,0,0,0x03
2026-09-06T16:47:59.647,57,0,2,51,0,0,0,0,0,0,0x03
2026-09-06T16:47:59.712,56,0,0,51,0,0,0,0,0,0,0x03
2026-09-06T16:47:59.712,59,0,2,51,0,0,0,0,0,0,0x03
2026-09-06T16:47:59.778,58,0,0,50,0,0,0,0,0,0,0x03
2026-09-06T16:47:59.778,61,0,2,50,0,0,0,0,0,0,0x03
2026-09-06T16:47:59.859,60,0,0,52,0,0,0,0,0,0,0x03
2026-09-06T16:47:59.859,63,0,2,51,0,0,0,0,0,0,0x03
2026-09-06T16:47:59.908,62,0,0,52,0,0,0,0,0,0,0x03
2026-09-06T16:47:59.908,65,0,2,53,0,0,0,0,0,0,0x03
2026-09-06T16:47:59.989,64,0,0,52,0,0,0,0,0,0,0x03
2026-09-06T16:47:59.989,67,0,2,50,0,0,0,0,0,0,0x03
2026-09-06T16:48:00.054,66,0,0,52,0,0,0,0,0,0,0x03
2026-09-06T16:48:00.054,69,0,2,50,0,0,0,0,0,0,0x03
2026-09-06T16:48:00.119,68,0,0,50,0,0,0,0,0,0,0x03
2026-09-06T16:48:00.119,71,0,2,52,0,0,0,0,0,0,0x03
2026-09-06T16:48:00.185,70,0,0,50,0,0,0,0,0,0,0x03
2026-09-06T16:48:00.185,73,0,2,52,0,0,0,0,0,0,0x03
2026-09-06T16:48:00.250,72,0,0,52,0,0,0,0,0,0,0x03
2026-09-06T16:48:00.250,75,0,2,51,0,0,0,0,0,0,0x03
2026-09-06T16:48:00.315,74,0,0,52,0,0,0,0,0,0,0x03
2026-09-06T16:48:00.315,77,0,2,50,0,0,0,0,0,0,0x03
2026-09-06T16:48:00.380,76,0,0,50,0,0,0,0,0,0,0x03
2026-09-06T16:48:00.380,79,0,2,53,0,0,0,0,0,0,0x03
2026-09-06T16:48:00.445,78,0,0,54,0,0,0,0,0,0,0x03
2026-09-06T16:48:00.445,81,0,2,50,0,0,0,0,0,0,0x03
2026-09-06T16:48:00.527,80,0,0,51,0,0,0,0,0,0,0x03
2026-09-06T16:48:00.527,83,0,2,50,0,0,0,0,0,0,0x03
2026-09-06T16:48:00.593,82,0,0,50,0,0,0,0,0,0,0x03
2026-09-06T16:48:00.593,85,0,2,50,0,0,0,0,0,0,0x03
2026-09-06T16:48:00.658,84,0,0,51,0,0,0,0,0,0,0x03
2026-09-06T16:48:00.658,87,0,2,51,0,0,0,0,0,0,0x03
2026-09-06T16:48:00.724,86,0,0,58,0,0,0,0,0,0,0x03
2026-09-06T16:48:00.724,89,0,2,51,0,0,0,0,0,0,0x03
2026-09-06T16:48:00.788,88,0,0,50,0,0,0,0,0,0,0x03
2026-09-06T16:48:00.789,91,0,2,54,0,0,0,0,0,0,0x03
2026-09-06T16:48:00.854,90,0,0,50,0,0,0,0,0,0,0x03
2026-09-06T16:48:00.854,93,0,2,52,0,0,0,0,0,0,0x03
2026-09-06T16:48:00.919,92,0,0,50,0,0,0,0,0,0,0x03
2026-09-06T16:48:00.920,95,0,2,51,0,0,0,0,0,0,0x03
2026-09-06T16:48:00.985,94,0,0,50,0,0,0,0,0,0,0x03
2026-09-06T16:48:00.985,97,0,2,52,0,0,0,0,0,0,0x03
2026-09-06T16:48:01.050,96,0,0,51,0,0,0,0,0,0,0x03
2026-09-06T16:48:01.051,99,0,2,50,0,0,0,0,0,0,0x03
2026-09-06T16:48:01.116,98,0,0,50,0,0,0,0,0,0,0x03
2026-09-06T16:48:01.116,101,0,2,50,0,0,0,0,0,0,0x03
2026-09-06T16:48:01.197,100,0,0,52,0,0,0,0,0,0,0x03
2026-09-06T16:48:01.197,103,0,2,52,0,0,0,0,0,0,0x03
2026-09-06T16:48:01.261,102,0,0,51,0,0,0,0,0,0,0x03
2026-09-06T16:48:01.261,105,0,2,51,0,0,0,0,0,0,0x03
2026-09-06T16:48:01.326,104,0,0,50,0,0,0,0,0,0,0x03
2026-09-06T16:48:01.326,107,0,2,51,0,0,0,0,0,0,0x03
2026-09-06T16:48:01.391,106,0,0,50,0,0,0,0,0,0,0x03
2026-09-06T16:48:01.392,109,0,2,50,0,0,0,0,0,0,0x03
2026-09-06T16:48:01.457,108,0,0,50,0,0,0,0,0,0,0x03
2026-09-06T16:48:01.457,111,0,2,54,0,0,0,0,0,0,0x03
2026-09-06T16:48:01.522,110,0,0,50,0,0,0,0,0,0,0x03
2026-09-06T16:48:01.522,113,0,2,59,0,0,0,0,0,0,0x03
2026-09-06T16:48:01.587,112,0,0,50,0,0,0,0,0,0,0x03
2026-09-06T16:48:01.587,115,0,2,52,0,0,0,0,0,0,0x03
2026-09-06T16:48:01.653,114,0,0,51,0,0,0,0,0,0,0x03
2026-09-06T16:48:01.653,117,0,2,50,0,0,0,0,0,0,0x03
2026-09-06T16:48:01.718,116,0,0,52,0,0,0,0,0,0,0x03
2026-09-06T16:48:01.718,119,0,2,51,0,0,0,0,0,0,0x03
2026-09-06T16:48:01.799,118,0,0,50,0,0,0,0,0,0,0x03
2026-09-06T16:48:01.799,121,0,2,50,0,0,0,0,0,0,0x03
2026-09-06T16:48:01.865,120,0,0,51,0,0,0,0,0,0,0x03
2026-09-06T16:48:01.865,123,0,2,50,0,0,0,0,0,0,0x03
2026-09-06T16:48:01.928,122,0,0,52,0,0,0,0,0,0,0x03
2026-09-06T16:48:01.928,125,0,2,51,0,0,0,0,0,0,0x03
2026-09-06T16:48:01.994,124,0,0,51,0,0,0,0,0,0,0x03
2026-09-06T16:48:01.994,127,0,2,52,0,0,0,0,0,0,0x03
2026-09-06T16:48:02.059,126,0,0,50,0,0,0,0,0,0,0x03
2026-09-06T16:48:02.059,129,0,2,51,0,0,0,0,0,0,0x03
2026-09-06T16:48:02.124,128,0,0,53,0,0,0,0,0,0,0x03
2026-09-06T16:48:02.124,131,0,2,51,0,0,0,0,0,0,0x03
2026-09-06T16:48:02.189,130,0,0,51,0,0,0,0,0,0,0x03
2026-09-06T16:48:02.189,133,0,2,50,0,0,0,0,0,0,0x03
2026-09-06T16:48:02.254,132,0,0,51,0,0,0,0,0,0,0x03
2026-09-06T16:48:02.254,135,0,2,50,0,0,0,0,0,0,0x03
2026-09-06T16:48:02.320,134,0,0,50,0,0,0,0,0,0,0x03
2026-09-06T16:48:02.320,137,0,2,52,0,0,0,0,0,0,0x03
2026-09-06T16:48:02.400,136,0,0,51,0,0,0,0,0,0,0x03
2026-09-06T16:48:02.400,139,0,2,55,0,0,0,0,0,0,0x03
2026-09-06T16:48:02.466,138,0,0,52,0,0,0,0,0,0,0x03
2026-09-06T16:48:02.466,141,0,2,51,0,0,0,0,0,0,0x03
2026-09-06T16:48:02.530,140,0,0,51,0,0,0,0,0,0,0x03
2026-09-06T16:48:02.530,143,0,2,51,0,0,0,0,0,0,0x03
2026-09-06T16:48:02.595,142,0,0,50,0,0,0,0,0,0,0x03
2026-09-06T16:48:02.595,145,0,2,50,0,0,0,0,0,0,0x03
2026-09-06T16:48:02.660,144,0,0,52,0,0,0,0,0,0,0x03
2026-09-06T16:48:02.660,147,0,2,51,0,0,0,0,0,0,0x03
2026-09-06T16:48:02.725,146,0,0,50,0,0,0,0,0,0,0x03
2026-09-06T16:48:02.725,149,0,2,50,0,0,0,0,0,0,0x03
2026-09-06T16:48:02.790,148,0,0,50,0,0,0,0,0,0,0x03
2026-09-06T16:48:02.790,151,0,2,55,0,0,0,0,0,0,0x03
2026-09-06T16:48:02.856,150,0,0,52,0,0,0,0,0,0,0x03
2026-09-06T16:48:02.856,153,0,2,51,0,0,0,0,0,0,0x03
2026-09-06T16:48:02.937,152,0,0,50,0,0,0,0,0,0,0x03
2026-09-06T16:48:02.937,155,0,2,51,0,0,0,0,0,0,0x03
2026-09-06T16:48:03.003,154,0,0,53,0,0,0,0,0,0,0x03
2026-09-06T16:48:03.003,157,0,2,52,0,0,0,0,0,0,0x03
2026-09-06T16:48:03.068,156,0,0,50,0,0,0,0,0,0,0x03
2026-09-06T16:48:03.068,159,0,2,50,0,0,0,0,0,0,0x03
2026-09-06T16:48:03.133,158,0,0,52,0,0,0,0,0,0,0x03
2026-09-06T16:48:03.133,161,0,2,50,0,0,0,0,0,0,0x03
2026-09-06T16:48:03.198,160,0,0,52,0,0,0,0,0,0,0x03
2026-09-06T16:48:03.198,163,0,2,50,0,0,0,0,0,0,0x03
2026-09-06T16:48:03.264,162,0,0,50,0,0,0,0,0,0,0x03
2026-09-06T16:48:03.264,165,0,2,51,0,0,0,0,0,0,0x03
2026-09-06T16:48:03.329,164,0,0,51,0,0,0,0,0,0,0x03
2026-09-06T16:48:03.330,167,0,2,51,0,0,0,0,0,0,0x03
2026-09-06T16:48:03.395,166,0,0,52,0,0,0,0,0,0,0x03
2026-09-06T16:48:03.395,169,0,2,50,0,0,0,0,0,0,0x03
2026-09-06T16:48:03.460,168,0,0,51,0,0,0,0,0,0,0x03
2026-09-06T16:48:03.460,171,0,2,50,0,0,0,0,0,0,0x03
2026-09-06T16:48:03.526,170,0,0,52,0,0,0,0,0,0,0x03
2026-09-06T16:48:03.526,173,0,2,51,0,0,0,0,0,0,0x03
2026-09-06T16:48:03.591,172,0,0,51,0,0,0,0,0,0,0x03
2026-09-06T16:48:03.592,175,0,2,52,0,0,0,0,0,0,0x03
2026-09-06T16:48:03.672,174,0,0,51,0,0,0,0,0,0,0x03
2026-09-06T16:48:03.672,177,0,2,54,0,0,0,0,0,0,0x03
2026-09-06T16:48:03.738,176,0,0,51,0,0,0,0,0,0,0x03
2026-09-06T16:48:03.738,179,0,2,50,0,0,0,0,0,0,0x03
2026-09-06T16:48:03.802,178,0,0,50,0,0,0,0,0,0,0x03
2026-09-06T16:48:03.802,181,0,2,51,0,0,0,0,0,0,0x03
2026-09-06T16:48:03.867,180,0,0,51,0,0,0,0,0,0,0x03
2026-09-06T16:48:03.867,183,0,2,50,0,0,0,0,0,0,0x03
2026-09-06T16:48:03.932,182,0,0,52,0,0,0,0,0,0,0x03
2026-09-06T16:48:03.932,185,0,2,50,0,0,0,0,0,0,0x03
2026-09-06T16:48:03.996,184,0,0,50,0,0,0,0,0,0,0x03
2026-09-06T16:48:03.996,187,0,2,51,0,0,0,0,0,0,0x03
2026-09-06T16:48:04.062,186,0,0,55,0,0,0,0,0,0,0x03
2026-09-06T16:48:04.062,189,0,2,52,0,0,0,0,0,0,0x03
2026-09-06T16:48:04.127,188,0,0,50,0,0,0,0,0,0,0x03
2026-09-06T16:48:04.127,191,0,2,51,0,0,0,0,0,0,0x03
2026-09-06T16:48:04.209,190,0,0,51,0,0,0,0,0,0,0x03
2026-09-06T16:48:04.209,193,0,2,50,0,0,0,0,0,0,0x03
2026-09-06T16:48:04.274,192,0,0,53,0,0,0,0,0,0,0x03
2026-09-06T16:48:04.274,195,0,2,52,0,0,0,0,0,0,0x03
2026-09-06T16:48:04.340,194,0,0,50,0,0,0,0,0,0,0x03
2026-09-06T16:48:04.340,197,0,2,50,0,0,0,0,0,0,0x03
2026-09-06T16:48:04.405,196,0,0,51,0,0,0,0,0,0,0x03
2026-09-06T16:48:04.405,199,0,2,50,0,0,0,0,0,0,0x03
2026-09-06T16:48:04.471,198,0,0,53,0,0,0,0,0,0,0x03
2026-09-06T16:48:04.471,201,0,2,50,0,0,0,0,0,0,0x03
2026-09-06T16:48:04.535,200,0,0,51,0,0,0,0,0,0,0x03
2026-09-06T16:48:04.535,203,0,2,50,0,0,0,0,0,0,0x03
2026-09-06T16:48:04.601,202,0,0,52,0,0,0,0,0,0,0x03
2026-09-06T16:48:04.601,205,0,2,50,0,0,0,0,0,0,0x03
2026-09-06T16:48:04.666,204,0,0,50,0,0,0,0,0,0,0x03
2026-09-06T16:48:04.666,207,0,2,52,0,0,0,0,0,0,0x03
2026-09-06T16:48:04.732,206,0,0,50,0,0,0,0,0,0,0x03
2026-09-06T16:48:04.732,209,0,2,51,0,0,0,0,0,0,0x03
2026-09-06T16:48:04.797,208,0,0,50,0,0,0,0,0,0,0x03
2026-09-06T16:48:04.797,211,0,2,50,0,0,0,0,0,0,0x03
2026-09-06T16:48:04.878,210,0,0,51,0,0,0,0,0,0,0x03
2026-09-06T16:48:04.878,213,0,2,52,0,0,0,0,0,0,0x03
2026-09-06T16:48:04.944,212,0,0,51,0,0,0,0,0,0,0x03
2026-09-06T16:48:04.944,215,0,2,53,0,0,0,0,0,0,0x03
2026-09-06T16:48:05.009,214,0,0,50,0,0,0,0,0,0,0x03
2026-09-06T16:48:05.009,217,0,2,50,0,0,0,0,0,0,0x03
2026-09-06T16:48:05.074,216,0,0,51,0,0,0,0,0,0,0x03
2026-09-06T16:48:05.074,219,0,2,51,0,0,0,0,0,0,0x03
2026-09-06T16:48:05.139,218,0,0,50,0,0,0,0,0,0,0x03
2026-09-06T16:48:05.139,221,0,2,51,0,0,0,0,0,0,0x03
2026-09-06T16:48:05.205,220,0,0,51,0,0,0,0,0,0,0x03
2026-09-06T16:48:05.205,223,0,2,50,0,0,0,0,0,0,0x03
2026-09-06T16:48:05.269,222,0,0,50,0,0,0,0,0,0,0x03
2026-09-06T16:48:05.269,225,0,2,51,0,0,0,0,0,0,0x03
2026-09-06T16:48:05.334,224,0,0,54,0,0,0,0,0,0,0x03
2026-09-06T16:48:05.334,227,0,2,51,0,0,0,0,0,0,0x03
2026-09-06T16:48:05.399,226,0,0,51,0,0,0,0,0,0,0x03
2026-09-06T16:48:05.399,229,0,2,51,0,0,0,0,0,0,0x03
2026-09-06T16:48:05.481,228,0,0,50,0,0,0,0,0,0,0x03
2026-09-06T16:48:05.481,231,0,2,50,0,0,0,0,0,0,0x03
2026-09-06T16:48:05.547,230,0,0,51,0,0,0,0,0,0,0x03
2026-09-06T16:48:05.547,233,0,2,50,0,0,0,0,0,0,0x03
2026-09-06T16:48:05.611,232,0,0,50,0,0,0,0,0,0,0x03
2026-09-06T16:48:05.611,235,0,2,50,0,0,0,0,0,0,0x03
2026-09-06T16:48:05.677,234,0,0,50,0,0,0,0,0,0,0x03
2026-09-06T16:48:05.677,237,0,2,52,0,0,0,0,0,0,0x03
2026-09-06T16:48:05.742,236,0,0,50,0,0,0,0,0,0,0x03
2026-09-06T16:48:05.742,239,0,2,51,0,0,0,0,0,0,0x03
2026-09-06T16:48:05.807,238,0,0,50,0,0,0,0,0,0,0x03
2026-09-06T16:48:05.807,241,0,2,51,0,0,0,0,0,0,0x03
2026-09-06T16:48:05.872,240,0,0,52,0,0,0,0,0,0,0x03
2026-09-06T16:48:05.872,243,0,2,52,0,0,0,0,0,0,0x03
2026-09-06T16:48:05.937,242,0,0,50,0,0,0,0,0,0,0x03
2026-09-06T16:48:05.937,245,0,2,51,0,0,0,0,0,0,0x03
2026-09-06T16:48:06.019,244,0,0,52,0,0,0,0,0,0,0x03
2026-09-06T16:48:06.019,247,0,2,56,0,0,0,0,0,0,0x03
2026-09-06T16:48:06.084,246,0,0,52,0,0,0,0,0,0,0x03
2026-09-06T16:48:06.084,249,0,2,50,0,0,0,0,0,0,0x03
2026-09-06T16:48:06.148,248,0,0,50,0,0,0,0,0,0,0x03
2026-09-06T16:48:06.148,251,0,2,51,0,0,0,0,0,0,0x03
2026-09-06T16:48:06.212,250,0,0,51,0,0,0,0,0,0,0x03
2026-09-06T16:48:06.212,253,0,2,53,0,0,0,0,0,0,0x03
2026-09-06T16:48:06.277,252,0,0,50,0,0,0,0,0,0,0x03
2026-09-06T16:48:06.277,255,0,2,51,0,0,0,0,0,0,0x03
2026-09-06T16:48:06.342,254,0,0,50,0,0,0,0,0,0,0x03
2026-09-06T16:48:06.342,257,0,2,50,0,0,0,0,0,0,0x03
2026-09-06T16:48:06.407,256,0,0,50,0,0,0,0,0,0,0x03
2026-09-06T16:48:06.407,259,0,2,50,0,0,8653,0,0,20821,0x07
2026-09-06T16:48:06.472,258,0,0,51,0,0,10381,0,0,17741,0x07
2026-09-06T16:48:06.472,261,0,2,50,830,160,11502,2291,1740,23162,0x07
2026-09-06T16:48:06.554,260,0,0,50,0,0,4182,1828,0,25512,0x07
2026-09-06T16:48:06.554,263,0,2,50,1378,220,17764,1906,700,22788,0x07
2026-09-06T16:48:06.618,262,0,0,55,47,0,4380,992,0,15115,0x07
2026-09-06T16:48:06.618,265,0,2,51,1263,471,15323,1848,765,21785,0x07
2026-09-06T16:48:06.683,264,0,0,51,47,0,4380,992,0,15115,0x07
2026-09-06T16:48:06.683,267,0,2,50,1118,720,12550,1730,1160,18634,0x07
2026-09-06T16:48:06.749,266,0,0,52,47,0,4380,992,0,15115,0x07
2026-09-06T16:48:06.749,269,0,2,52,1202,788,13253,1758,1250,18601,0x07
2026-09-06T16:48:06.815,268,0,0,51,47,0,4380,992,0,15115,0x07
2026-09-06T16:48:06.815,271,0,2,51,1267,882,13621,1814,1294,19116,0x07
2026-09-06T16:48:06.879,270,0,0,51,50,0,4428,975,0,14910,0x07
2026-09-06T16:48:06.879,273,0,2,50,1264,1060,12834,1826,1360,18985,0x07
2026-09-06T16:48:06.944,272,0,0,51,47,0,4380,971,0,14858,0x07
2026-09-06T16:48:06.944,275,0,2,51,1280,1157,12610,1815,1412,18630,0x07
2026-09-06T16:48:07.009,274,0,0,53,46,0,4371,972,0,14876,0x07
2026-09-06T16:48:07.010,277,0,2,50,1160,1120,11343,1707,1460,17066,0x07
2026-09-06T16:48:07.091,276,0,0,50,46,0,4371,972,0,14876,0x07
2026-09-06T16:48:07.091,279,0,2,54,254,741,2176,1108,1315,10214,0x07
2026-09-06T16:48:07.140,278,0,0,52,44,0,4344,971,0,14855,0x07
2026-09-06T16:48:07.140,281,0,2,51,0,0,4233,1108,1255,10469,0x07
2026-09-06T16:48:07.222,280,0,0,51,43,0,4328,970,0,14841,0x07
2026-09-06T16:48:07.222,283,0,2,51,-252,-39,5137,1012,1275,9194,0x07
2026-09-06T16:48:07.286,282,0,0,50,38,0,4271,985,0,15037,0x07
2026-09-06T16:48:07.286,285,0,2,52,34,0,2712,1250,923,13647,0x07
2026-09-06T16:48:07.352,284,0,0,52,45,0,4358,974,0,14893,0x07
2026-09-06T16:48:07.352,287,0,2,50,34,100,2287,1250,940,13575,0x07
2026-09-06T16:48:07.417,289,0,2,52,219,38,4752,1314,846,14772,0x07
2026-09-06T16:48:07.483,286,0,0,51,47,0,4380,975,0,14910,0x07
2026-09-06T16:48:07.483,289,0,2,50,347,360,4902,1314,300,17098,0x07
2026-09-06T16:48:07.547,288,0,0,50,47,0,4380,975,0,14910,0x07
2026-09-06T16:48:07.547,289,0,2,51,347,373,4849,1314,137,17790,0x07
2026-09-06T16:48:07.612,288,0,0,52,74,96,4321,981,0,14985,0x07
2026-09-06T16:48:07.612,295,0,2,51,0,0,4703,0,0,19048,0x07
2026-09-06T16:48:07.677,294,0,0,50,0,0,4721,0,0,10424,0x07
2026-09-06T16:48:07.677,297,0,2,51,0,0,4079,2075,78,27534,0x07
2026-09-06T16:48:07.758,296,0,0,52,109,0,5183,933,19,14308,0x07
2026-09-06T16:48:07.758,299,0,2,55,214,218,3928,1528,0,21041,0x07
2026-09-06T16:48:07.824,298,0,0,50,52,100,4029,943,20,14421,0x07
2026-09-06T16:48:07.824,301,0,2,50,214,240,3836,1528,0,21041,0x07
2026-09-06T16:48:07.890,300,0,0,51,57,59,4260,923,0,14259,0x07
2026-09-06T16:48:07.890,303,0,2,50,190,20,4481,1553,0,21355,0x07
2026-09-06T16:48:07.955,305,0,2,51,190,0,4566,1553,0,21355,0x07
2026-09-06T16:48:08.020,304,0,0,52,66,0,4633,927,0,14314,0x07
2026-09-06T16:48:08.020,305,0,2,50,181,0,4462,1562,0,21468,0x07
2026-09-06T16:48:08.086,306,0,0,51,63,0,4590,928,0,14328,0x07
2026-09-06T16:48:08.086,305,0,2,51,181,20,4379,1562,0,21468,0x07
2026-09-06T16:48:08.151,306,0,0,51,61,0,4563,930,0,14345,0x07
2026-09-06T16:48:08.151,311,0,2,58,426,0,7371,1195,0,16885,0x07
2026-09-06T16:48:08.216,310,0,0,52,61,0,4563,930,0,14345,0x07
2026-09-06T16:48:08.216,313,0,2,52,426,19,7289,1195,77,16558,0x07
2026-09-06T16:48:08.280,312,0,0,50,59,0,4545,932,0,14376,0x07
2026-09-06T16:48:08.280,315,0,2,50,422,60,7076,1191,0,16845,0x07
2026-09-06T16:48:08.362,314,0,0,51,59,0,4545,933,0,14385,0x07
2026-09-06T16:48:08.362,317,0,2,50,421,80,6975,1190,40,16662,0x07
2026-09-06T16:48:08.426,316,0,0,52,60,0,4550,933,0,14393,0x07
2026-09-06T16:48:08.427,319,0,2,57,-112,0,3639,1866,53,25039,0x07
2026-09-06T16:48:08.491,318,0,0,50,60,0,4554,934,0,14398,0x07
2026-09-06T16:48:08.491,321,0,2,50,0,0,8362,1866,60,25007,0x07
2026-09-06T16:48:08.556,320,0,0,50,264,100,6770,927,0,14311,0x07
2026-09-06T16:48:08.556,323,0,2,50,792,40,11559,812,100,11692,0x07
2026-09-06T16:48:08.620,322,0,0,51,562,176,10296,1107,0,16550,0x07
2026-09-06T16:48:08.620,325,0,2,50,0,0,3295,1201,100,16543,0x07
2026-09-06T16:48:08.686,324,0,0,51,479,0,9976,1193,0,17615,0x07
2026-09-06T16:48:08.686,327,0,2,52,-129,-96,3436,1884,38,25321,0x07
2026-09-06T16:48:08.751,326,0,0,50,114,0,5257,1083,0,16246,0x07
2026-09-06T16:48:08.751,329,0,2,50,0,0,28094,0,0,21884,0x07
2026-09-06T16:48:08.817,328,0,0,50,579,0,11273,1115,0,16654,0x07
2026-09-06T16:48:08.817,331,0,2,50,3374,2080,33594,0,0,3466,0x07
2026-09-06T16:48:08.899,330,0,0,52,508,77,10029,1211,19,17765,0x07
2026-09-06T16:48:08.899,333,0,2,51,1514,3235,6562,180,275,3064,0x07
2026-09-06T16:48:08.963,332,0,0,56,786,411,12203,1251,36,18181,0x07
2026-09-06T16:48:08.963,335,0,2,52,719,1404,4896,1004,250,13444,0x07
2026-09-06T16:48:09.028,334,0,0,50,786,20,13863,1251,0,18333,0x07
2026-09-06T16:48:09.028,337,0,2,51,903,843,9462,485,863,4369,0x07
2026-09-06T16:48:09.094,336,0,0,51,762,98,13223,1366,78,19434,0x07
2026-09-06T16:48:09.094,339,0,2,51,992,824,10608,478,490,5861,0x07
2026-09-06T16:48:09.159,338,0,0,55,2732,18,39051,-2147,0,29468,0x07
2026-09-06T16:48:09.159,341,0,2,51,1257,686,14341,906,549,10950,0x07
2026-09-06T16:48:09.224,340,0,0,51,0,0,26109,0,0,29093,0x07
2026-09-06T16:48:09.224,343,0,2,51,1429,843,15722,1044,882,11253,0x07
2026-09-06T16:48:09.288,342,0,0,50,0,0,5237,3217,200,40000,0x07
2026-09-06T16:48:09.288,345,0,2,52,1472,1077,15237,1029,1135,9998,0x07
2026-09-06T16:48:09.354,344,0,0,51,168,59,5701,557,20,9631,0x07
2026-09-06T16:48:09.354,347,0,2,50,1354,1140,13565,804,1120,7258,0x07
2026-09-06T16:48:09.419,346,0,0,50,373,180,7841,818,0,12963,0x07
2026-09-06T16:48:09.419,349,0,2,50,1096,1200,10244,418,1000,2953,0x07
2026-09-06T16:48:09.484,348,0,0,52,551,77,10584,1129,0,16828,0x07
2026-09-06T16:48:09.484,351,0,2,53,1255,1208,12102,448,566,5167,0x07
2026-09-06T16:48:09.566,350,0,0,52,535,0,10696,1195,0,17646,0x07
2026-09-06T16:48:09.566,353,0,2,50,1255,1120,12474,448,940,3578,0x07
2026-09-06T16:48:09.631,352,0,0,50,513,0,10417,1218,0,17924,0x07
2026-09-06T16:48:09.631,355,0,2,50,1249,780,13847,454,560,5272,0x07
2026-09-06T16:48:09.696,354,0,0,50,511,20,10310,1219,0,17946,0x07
2026-09-06T16:48:09.696,357,0,2,50,1263,1000,13081,0,0,4953,0x07
2026-09-06T16:48:09.762,356,0,0,52,511,0,10391,1220,0,17951,0x07
2026-09-06T16:48:09.762,359,0,2,51,2035,784,23174,0,0,3143,0x07
2026-09-06T16:48:09.828,358,0,0,55,513,36,10258,1218,0,17932,0x07
2026-09-06T16:48:09.828,361,0,2,51,0,0,0,0,0,0,0x03
2026-09-06T16:48:09.892,360,0,0,52,513,0,10413,1218,0,17932,0x07
2026-09-06T16:48:09.892,363,0,2,53,0,0,0,0,0,0,0x03
2026-09-06T16:48:09.958,362,0,0,52,515,0,10439,1216,0,17902,0x07
2026-09-06T16:48:09.958,365,0,2,50,0,0,13553,0,0,3825,0x07
2026-09-06T16:48:10.023,364,0,0,50,518,0,10474,1213,0,17868,0x07
2026-09-06T16:48:10.023,367,0,2,51,1471,235,18806,224,118,4276,0x07
2026-09-06T16:48:10.088,366,0,0,64,532,0,10658,1198,0,17685,0x07
2026-09-06T16:48:10.088,369,0,2,54,1418,370,17594,280,333,4058,0x07
2026-09-06T16:48:10.170,368,0,0,57,534,0,10688,1196,0,17655,0x07
2026-09-06T16:48:10.170,371,0,2,50,1418,260,18063,280,320,4115,0x07
2026-09-06T16:48:10.219,370,0,0,50,534,0,10688,1196,0,17655,0x07
2026-09-06T16:48:10.219,373,0,2,51,1430,392,17642,267,294,4067,0x07
2026-09-06T16:48:10.300,372,0,0,51,529,0,10622,1201,0,17720,0x07
2026-09-06T16:48:10.300,375,0,2,52,1375,192,17841,324,327,4639,0x07
2026-09-06T16:48:10.365,374,0,0,50,520,0,10500,1211,0,17842,0x07
2026-09-06T16:48:10.365,377,0,2,52,1386,192,17973,312,308,4572,0x07
2026-09-06T16:48:10.430,376,0,0,57,518,0,10483,1212,0,17859,0x07
2026-09-06T16:48:10.430,379,0,2,51,1386,78,18457,312,275,4713,0x07
2026-09-06T16:48:10.494,378,0,0,51,518,0,10483,1212,0,17859,0x07
2026-09-06T16:48:10.494,381,0,2,52,1382,0,18743,317,154,5283,0x07
2026-09-06T16:48:10.559,380,0,0,50,517,0,10460,1214,0,17880,0x07
2026-09-06T16:48:10.559,383,0,2,54,1351,37,18221,348,0,6329,0x07
2026-09-06T16:48:10.625,382,0,0,51,517,0,10460,1214,0,17880,0x07
2026-09-06T16:48:10.625,385,0,2,50,1351,20,18293,348,0,6329,0x07
2026-09-06T16:48:10.706,384,0,0,51,517,0,10465,1214,0,17876,0x07
2026-09-06T16:48:10.706,387,0,2,51,1354,39,18247,345,98,5878,0x07
2026-09-06T16:48:10.771,386,0,0,50,528,0,10605,1203,0,17737,0x07
2026-09-06T16:48:10.771,389,0,2,51,1372,20,18544,327,0,6060,0x07
2026-09-06T16:48:10.787,388,0,0,50,520,0,10500,1211,0,17842,0x07
2026-09-06T16:48:10.787,391,0,2,50,1372,0,18627,327,0,6060,0x07
