timestamp,sequence,team,robot_id,interval_ms,left_target_eps,left_measured_eps,left_duty,right_target_eps,right_measured_eps,right_duty,flags
2026-09-06T21:32:01.054,65535,0,2,50,0,0,0,0,0,0,0x0b
2026-09-06T21:32:01.119,65535,0,2,51,0,0,0,0,0,0,0x0b
2026-09-06T21:32:01.201,65535,0,2,51,0,0,0,0,0,0,0x0b
2026-09-06T21:32:01.266,65535,0,2,50,0,0,0,0,0,0,0x0b
2026-09-06T21:32:01.330,65535,0,2,54,0,0,0,0,0,0,0x0b
2026-09-06T21:32:01.395,65535,0,2,50,0,0,0,0,0,0,0x0b
2026-09-06T21:32:01.460,65535,0,2,51,0,0,0,0,0,0,0x0b
2026-09-06T21:32:01.526,65535,0,2,51,0,0,0,0,0,0,0x0b
2026-09-06T21:32:01.590,65535,0,2,50,0,0,0,0,0,0,0x0b
2026-09-06T21:32:01.655,65535,0,2,51,0,0,0,0,0,0,0x0b
2026-09-06T21:32:01.736,65535,0,2,50,0,0,0,0,0,0,0x0b
2026-09-06T21:32:01.801,65535,0,2,51,0,0,0,0,0,0,0x0b
2026-09-06T21:32:01.865,65535,0,2,51,0,0,0,0,0,0,0x0b
2026-09-06T21:32:01.930,65535,0,2,52,0,0,0,0,0,0,0x0b
2026-09-06T21:32:01.996,65535,0,2,51,0,0,0,0,0,0,0x0b
2026-09-06T21:32:02.061,65535,0,2,51,0,0,0,0,0,0,0x0b
2026-09-06T21:32:02.126,65535,0,2,51,0,0,0,0,0,0,0x0b
2026-09-06T21:32:02.192,65535,0,2,51,0,0,0,0,0,0,0x0b
2026-09-06T21:32:02.272,65535,0,2,51,0,0,0,0,0,0,0x0b
2026-09-06T21:32:02.321,65535,0,2,52,0,0,0,0,0,0,0x0b
2026-09-06T21:32:02.403,65535,0,2,51,0,0,0,0,0,0,0x0b
2026-09-06T21:32:02.468,65535,0,2,51,0,0,0,0,0,0,0x0b
2026-09-06T21:32:02.533,65535,0,2,50,0,0,0,0,0,0,0x0b
2026-09-06T21:32:02.598,65535,0,2,50,0,0,0,0,0,0,0x0b
2026-09-06T21:32:02.664,65535,0,2,51,0,0,0,0,0,0,0x0b
2026-09-06T21:32:02.729,65535,0,2,50,0,0,0,0,0,0,0x0b
2026-09-06T21:32:02.795,65535,0,2,52,0,0,0,0,0,0,0x0b
2026-09-06T21:32:02.860,65535,0,2,51,0,0,0,0,0,0,0x0b
2026-09-06T21:32:02.925,65535,0,2,50,0,0,0,0,0,0,0x0b
2026-09-06T21:32:03.007,65535,0,2,52,0,0,0,0,0,0,0x0b
2026-09-06T21:32:03.072,65535,0,2,52,0,0,0,0,0,0,0x0b
2026-09-06T21:32:03.137,65535,0,2,50,0,0,0,0,0,0,0x0b
2026-09-06T21:32:03.202,65535,0,2,51,0,0,0,0,0,0,0x0b
2026-09-06T21:32:03.266,65535,0,2,51,0,0,0,0,0,0,0x0b
2026-09-06T21:32:03.332,65535,0,2,51,0,0,0,0,0,0,0x0b
2026-09-06T21:32:03.397,65535,0,2,50,0,0,0,0,0,0,0x0b
2026-09-06T21:32:03.462,65535,0,2,50,0,0,0,0,0,0,0x0b
2026-09-06T21:32:03.543,65535,0,2,50,0,0,0,0,0,0,0x0b
2026-09-06T21:32:03.608,65535,0,2,50,0,0,0,0,0,0,0x0b
2026-09-06T21:32:03.673,65535,0,2,50,0,0,0,0,0,0,0x0b
2026-09-06T21:32:03.738,65535,0,2,50,0,0,0,0,0,0,0x0b
2026-09-06T21:32:03.803,65535,0,2,52,0,0,0,0,0,0,0x0b
2026-09-06T21:32:03.868,65535,0,2,51,0,0,0,0,0,0,0x0b
2026-09-06T21:32:03.933,65535,0,2,51,0,0,0,0,0,0,0x0b
2026-09-06T21:32:03.998,65535,0,2,51,0,0,0,0,0,0,0x0b
2026-09-06T21:32:04.080,65535,0,2,51,0,0,0,0,0,0,0x0b
2026-09-06T21:32:04.129,65535,0,2,50,0,0,0,0,0,0,0x0b
2026-09-06T21:32:04.210,65535,0,2,50,0,0,0,0,0,0,0x0b
2026-09-06T21:32:04.275,65535,0,2,51,0,0,0,0,0,0,0x0b
2026-09-06T21:32:04.340,65535,0,2,50,0,0,0,0,0,0,0x0b
2026-09-06T21:32:04.405,65535,0,2,52,0,0,0,0,0,0,0x0b
2026-09-06T21:32:04.471,65535,0,2,50,0,0,0,0,0,0,0x0b
2026-09-06T21:32:04.536,65535,0,2,51,0,0,0,0,0,0,0x0b
2026-09-06T21:32:04.601,65535,0,2,51,0,0,0,0,0,0,0x0b
2026-09-06T21:32:04.666,65535,0,2,52,0,0,0,0,0,0,0x0b
2026-09-06T21:32:04.747,65535,0,2,50,0,0,0,0,0,0,0x0b
2026-09-06T21:32:04.813,65535,0,2,51,0,0,0,0,0,0,0x0b
2026-09-06T21:32:04.877,65535,0,2,50,0,0,0,0,0,0,0x0b
2026-09-06T21:32:04.942,65535,0,2,51,0,0,0,0,0,0,0x0b
2026-09-06T21:32:05.007,65535,0,2,50,0,0,0,0,0,0,0x0b
2026-09-06T21:32:05.073,65535,0,2,52,0,0,0,0,0,0,0x0b
2026-09-06T21:32:05.138,65535,0,2,52,0,0,0,0,0,0,0x0b
2026-09-06T21:32:05.203,65535,0,2,51,0,0,0,0,0,0,0x0b
2026-09-06T21:32:05.285,65535,0,2,50,0,0,0,0,0,0,0x0b
2026-09-06T21:32:05.350,65535,0,2,51,0,0,0,0,0,0,0x0b
2026-09-06T21:32:05.415,65535,0,2,52,0,0,0,0,0,0,0x0b
2026-09-06T21:32:05.480,65535,0,2,52,0,0,0,0,0,0,0x0b
2026-09-06T21:32:05.545,65535,0,2,50,0,0,0,0,0,0,0x0b
2026-09-06T21:32:05.611,65535,0,2,51,0,0,0,0,0,0,0x0b
2026-09-06T21:32:05.676,65535,0,2,50,0,0,0,0,0,0,0x0b
2026-09-06T21:32:05.742,65535,0,2,50,0,0,0,0,0,0,0x0b
2026-09-06T21:32:05.807,65535,0,2,52,0,0,0,0,0,0,0x0b
2026-09-06T21:32:05.872,65535,0,2,51,0,0,0,0,0,0,0x0b
2026-09-06T21:32:05.938,65535,0,2,50,0,0,0,0,0,0,0x0b
2026-09-06T21:32:06.019,65535,0,2,51,0,0,0,0,0,0,0x0b
2026-09-06T21:32:06.083,65535,0,2,52,0,0,0,0,0,0,0x0b
2026-09-06T21:32:06.149,65535,0,2,50,0,0,0,0,0,0,0x0b
2026-09-06T21:32:06.214,65535,0,2,53,0,0,0,0,0,0,0x0b
2026-09-06T21:32:06.279,65535,0,2,50,0,0,0,0,0,0,0x0b
2026-09-06T21:32:06.343,65535,0,2,50,0,0,0,0,0,0,0x0b
2026-09-06T21:32:06.409,65535,0,2,50,0,0,0,0,0,0,0x0b
2026-09-06T21:32:06.474,65535,0,2,51,0,0,0,0,0,0,0x0b
2026-09-06T21:32:06.556,65535,0,2,50,0,0,0,0,0,0,0x0b
2026-09-06T21:32:06.622,65535,0,2,50,0,0,0,0,0,0,0x0b
2026-09-06T21:32:06.687,65535,0,2,51,0,0,0,0,0,0,0x0b
2026-09-06T21:32:06.752,65535,0,2,50,0,0,0,0,0,0,0x0b
2026-09-06T21:32:06.818,65535,0,2,51,0,0,0,0,0,0,0x0b
2026-09-06T21:32:06.882,65535,0,2,52,0,0,0,0,0,0,0x0b
2026-09-06T21:32:06.947,65535,0,2,51,0,0,0,0,0,0,0x0b
2026-09-06T21:32:07.012,65535,0,2,51,0,0,0,0,0,0,0x0b
2026-09-06T21:32:07.077,65535,0,2,51,0,0,0,0,0,0,0x0b
2026-09-06T21:32:07.159,65535,0,2,51,0,0,0,0,0,0,0x0b
2026-09-06T21:32:07.225,65535,0,2,50,0,0,0,0,0,0,0x0b
2026-09-06T21:32:07.290,65535,0,2,52,0,0,0,0,0,0,0x0b
2026-09-06T21:32:07.355,65535,0,2,51,0,0,0,0,0,0,0x0b
2026-09-06T21:32:07.420,65535,0,2,52,0,0,0,0,0,0,0x0b
2026-09-06T21:32:07.486,65535,0,2,51,0,0,0,0,0,0,0x0b
2026-09-06T21:32:07.550,65535,0,2,51,0,0,0,0,0,0,0x0b
2026-09-06T21:32:07.615,65535,0,2,50,0,0,0,0,0,0,0x0b
2026-09-06T21:32:07.680,65535,0,2,51,0,0,0,0,0,0,0x0b
2026-09-06T21:32:07.745,65535,0,2,50,0,0,0,0,0,0,0x0b
2026-09-06T21:32:07.827,65535,0,2,51,0,0,0,0,0,0,0x0b
2026-09-06T21:32:07.891,65535,0,2,50,0,0,0,0,0,0,0x0b
2026-09-06T21:32:07.956,65535,0,2,51,0,0,0,0,0,0,0x0b
2026-09-06T21:32:08.021,65535,0,2,52,0,0,0,0,0,0,0x0b
2026-09-06T21:32:08.086,65535,0,2,50,0,0,0,0,0,0,0x0b
2026-09-06T21:32:08.152,65535,0,2,51,0,0,0,0,0,0,0x0b
2026-09-06T21:32:08.217,65535,0,2,52,0,0,0,0,0,0,0x0b
2026-09-06T21:32:08.282,65535,0,2,51,0,0,0,0,0,0,0x0b
2026-09-06T21:32:08.363,65535,0,2,52,0,0,0,0,0,0,0x0b
2026-09-06T21:32:08.428,65535,0,2,50,0,0,0,0,0,0,0x0b
2026-09-06T21:32:08.493,65535,0,2,52,0,0,0,0,0,0,0x0b
2026-09-06T21:32:08.558,65535,0,2,52,0,0,0,0,0,0,0x0b
2026-09-06T21:32:08.623,65535,0,2,51,0,0,0,0,0,0,0x0b
2026-09-06T21:32:08.689,65535,0,2,51,0,0,0,0,0,0,0x0b
2026-09-06T21:32:08.754,65535,0,2,51,0,0,0,0,0,0,0x0b
2026-09-06T21:32:08.820,65535,0,2,50,0,0,0,0,0,0,0x0b
2026-09-06T21:32:08.886,65535,0,2,52,0,0,0,0,0,0,0x0b
2026-09-06T21:32:08.967,65535,0,2,50,0,0,0,0,0,0,0x0b
2026-09-06T21:32:09.032,65535,0,2,52,0,0,0,0,0,0,0x0b
2026-09-06T21:32:09.097,65535,0,2,51,0,0,0,0,0,0,0x0b
2026-09-06T21:32:09.162,65535,0,2,51,0,0,0,0,0,0,0x0b
2026-09-06T21:32:09.227,65535,0,2,50,0,0,0,0,0,0,0x0b
2026-09-06T21:32:09.292,65535,0,2,52,0,0,0,0,0,0,0x0b
2026-09-06T21:32:09.356,65535,0,2,50,0,0,0,0,0,0,0x0b
2026-09-06T21:32:09.422,65535,0,2,53,0,0,0,0,0,0,0x0b
2026-09-06T21:32:09.487,65535,0,2,50,0,0,0,0,0,0,0x0b
2026-09-06T21:32:09.552,65535,0,2,52,0,0,0,0,0,0,0x0b
2026-09-06T21:32:09.634,65535,0,2,50,0,0,0,0,0,0,0x0b
2026-09-06T21:32:09.700,65535,0,2,50,0,0,0,0,0,0,0x0b
2026-09-06T21:32:09.764,65535,0,2,52,0,0,0,0,0,0,0x0b
2026-09-06T21:32:09.830,65535,0,2,53,0,0,0,0,0,0,0x0b
2026-09-06T21:32:09.895,65535,0,2,50,0,0,0,0,0,0,0x0b
2026-09-06T21:32:09.960,65535,0,2,51,0,0,0,0,0,0,0x0b
2026-09-06T21:32:10.025,65535,0,2,51,0,0,0,0,0,0,0x0b
2026-09-06T21:32:10.090,65535,0,2,51,0,0,0,0,0,0,0x0b
2026-09-06T21:32:10.171,65535,0,2,50,0,0,0,0,0,0,0x0b
2026-09-06T21:32:10.236,65535,0,2,51,0,0,0,0,0,0,0x0b
2026-09-06T21:32:10.301,65535,0,2,50,0,0,0,0,0,0,0x0b
2026-09-06T21:32:10.366,65535,0,2,51,0,0,0,0,0,0,0x0b
2026-09-06T21:32:10.430,65535,0,2,52,0,0,0,0,0,0,0x0b
2026-09-06T21:32:10.495,65535,0,2,51,0,0,0,0,0,0,0x0b
2026-09-06T21:32:10.560,65535,0,2,50,0,0,0,0,0,0,0x0b
2026-09-06T21:32:10.625,65535,0,2,51,0,0,0,0,0,0,0x0b
2026-09-06T21:32:10.706,65535,0,2,50,0,0,0,0,0,0,0x0b
2026-09-06T21:32:10.771,65535,0,2,50,0,0,0,0,0,0,0x0b
2026-09-06T21:32:10.836,65535,0,2,50,0,0,0,0,0,0,0x0b
2026-09-06T21:32:10.900,65535,0,2,50,0,0,0,0,0,0,0x0b
2026-09-06T21:32:10.965,65535,0,2,52,0,0,0,0,0,0,0x0b
2026-09-06T21:32:11.031,65535,0,2,50,0,0,0,0,0,0,0x0b
2026-09-06T21:32:11.096,65535,0,2,52,0,0,0,0,0,0,0x0b
2026-09-06T21:32:11.177,65535,0,2,50,0,0,0,0,0,0,0x0b
2026-09-06T21:32:11.242,65535,0,2,51,0,0,0,0,0,0,0x0b
2026-09-06T21:32:11.308,65535,0,2,51,0,0,0,0,0,0,0x0b
2026-09-06T21:32:11.372,65535,0,2,50,0,0,0,0,0,0,0x0b
2026-09-06T21:32:11.437,65535,0,2,51,0,0,0,0,0,0,0x0b
2026-09-06T21:32:11.502,65535,0,2,52,0,0,0,0,0,0,0x0b
2026-09-06T21:32:11.567,65535,0,2,52,0,0,0,0,0,0,0x0b
2026-09-06T21:32:11.712,65535,0,2,50,0,0,0,0,0,0,0x0b
2026-09-06T21:32:11.778,65535,0,2,51,0,0,0,0,0,0,0x0b
2026-09-06T21:32:11.842,65535,0,2,51,0,0,0,0,0,0,0x0b
2026-09-06T21:32:11.907,65535,0,2,51,0,0,0,0,0,0,0x0b
2026-09-06T21:32:11.972,65535,0,2,50,0,0,0,0,0,0,0x0b
2026-09-06T21:32:12.037,65535,0,2,50,0,0,0,0,0,0,0x0b
2026-09-06T21:32:12.102,65535,0,2,50,0,0,0,0,0,0,0x0b
2026-09-06T21:32:12.167,65535,0,2,53,0,0,0,0,0,0,0x0b
2026-09-06T21:32:12.248,65535,0,2,51,0,0,0,0,0,0,0x0b
2026-09-06T21:32:12.314,65535,0,2,52,0,0,0,0,0,0,0x0b
2026-09-06T21:32:12.379,65535,0,2,50,0,0,0,0,0,0,0x0b
2026-09-06T21:32:12.445,65535,0,2,51,0,0,0,0,0,0,0x0b
2026-09-06T21:32:12.509,65535,0,2,50,0,0,0,0,0,0,0x0b
2026-09-06T21:32:12.574,65535,0,2,52,0,0,0,0,0,0,0x0b
2026-09-06T21:32:12.639,65535,0,2,50,0,0,0,0,0,0,0x0b
2026-09-06T21:32:12.704,65535,0,2,51,0,0,0,0,0,0,0x0b
2026-09-06T21:32:12.768,65535,0,2,51,0,0,0,0,0,0,0x0b
2026-09-06T21:32:12.833,65535,0,2,51,0,0,0,0,0,0,0x0b
2026-09-06T21:32:12.915,65535,0,2,50,0,0,0,0,0,0,0x0b
2026-09-06T21:32:12.980,65535,0,2,50,0,0,0,0,0,0,0x0b
2026-09-06T21:32:13.045,65535,0,2,52,0,0,0,0,0,0,0x0b
2026-09-06T21:32:13.111,65535,0,2,52,0,0,0,0,0,0,0x0b
2026-09-06T21:32:13.176,65535,0,2,50,0,0,0,0,0,0,0x0b
2026-09-06T21:32:13.240,65535,0,2,51,0,0,0,0,0,0,0x0b
2026-09-06T21:32:13.305,65535,0,2,50,0,0,0,0,0,0,0x0b
2026-09-06T21:32:13.370,65535,0,2,51,0,0,0,0,0,0,0x0b
2026-09-06T21:32:13.436,65535,0,2,51,0,0,0,0,0,0,0x0b
2026-09-06T21:32:13.518,65535,0,2,51,0,0,0,0,0,0,0x0b
2026-09-06T21:32:13.582,65535,0,2,50,0,0,0,0,0,0,0x0b
2026-09-06T21:32:13.647,65535,0,2,51,0,0,0,0,0,0,0x0b
2026-09-06T21:32:13.712,65535,0,2,52,0,0,0,0,0,0,0x0b
2026-09-06T21:32:13.777,65535,0,2,50,0,0,0,0,0,0,0x0b
2026-09-06T21:32:13.843,65535,0,2,51,0,0,0,0,0,0,0x0b
2026-09-06T21:32:13.908,65535,0,2,50,0,0,0,0,0,0,0x0b
2026-09-06T21:32:13.973,65535,0,2,52,0,0,0,0,0,0,0x0b
2026-09-06T21:32:14.054,65535,0,2,51,0,0,0,0,0,0,0x0b
2026-09-06T21:32:14.120,65535,0,2,53,0,0,0,0,0,0,0x0b
2026-09-06T21:32:14.185,65535,0,2,51,0,0,0,0,0,0,0x0b
2026-09-06T21:32:14.250,65535,0,2,53,0,0,0,0,0,0,0x0b
2026-09-06T21:32:14.315,65535,0,2,50,0,0,0,0,0,0,0x0b
2026-09-06T21:32:14.381,65535,0,2,52,0,0,0,0,0,0,0x0b
2026-09-06T21:32:14.446,65535,0,2,50,0,0,0,0,0,0,0x0b
2026-09-06T21:32:14.512,65535,0,2,50,0,0,0,0,0,0,0x0b
2026-09-06T21:32:14.577,65535,0,2,50,0,0,0,0,0,0,0x0b
2026-09-06T21:32:14.643,65535,0,2,50,0,0,0,0,0,0,0x0b
2026-09-06T21:32:14.723,65535,0,2,52,0,0,0,0,0,0,0x0b
2026-09-06T21:32:14.789,65535,0,2,52,0,0,0,0,0,0,0x0b
2026-09-06T21:32:14.854,65535,0,2,50,0,0,0,0,0,0,0x0b
2026-09-06T21:32:14.919,65535,0,2,53,0,0,0,0,0,0,0x0b
2026-09-06T21:32:14.984,65535,0,2,51,0,0,0,0,0,0,0x0b
2026-09-06T21:32:15.050,65535,0,2,50,0,0,0,0,0,0,0x0b
2026-09-06T21:32:15.115,65535,0,2,50,0,0,0,0,0,0,0x0b
2026-09-06T21:32:15.180,65535,0,2,50,0,0,0,0,0,0,0x0b
2026-09-06T21:32:15.245,65535,0,2,51,0,0,0,0,0,0,0x0b
2026-09-06T21:32:15.327,65535,0,2,50,0,0,0,0,0,0,0x0b
2026-09-06T21:32:15.392,65535,0,2,51,0,0,0,0,0,0,0x0b
2026-09-06T21:32:15.457,65535,0,2,51,0,0,0,0,0,0,0x0b
2026-09-06T21:32:15.522,65535,0,2,50,0,0,0,0,0,0,0x0b
2026-09-06T21:32:15.587,65535,0,2,50,0,0,0,0,0,0,0x0b
2026-09-06T21:32:15.652,65535,0,2,52,0,0,0,0,0,0,0x0b
2026-09-06T21:32:15.718,65535,0,2,50,0,0,0,0,0,0,0x0b
2026-09-06T21:32:15.783,65535,0,2,51,0,0,0,0,0,0,0x0b
2026-09-06T21:32:15.848,65535,0,2,50,0,0,0,0,0,0,0x0b
2026-09-06T21:32:15.914,65535,0,2,51,0,0,0,0,0,0,0x0b
2026-09-06T21:32:15.994,65535,0,2,51,0,0,0,0,0,0,0x0b
2026-09-06T21:32:16.059,65535,0,2,50,0,0,0,0,0,0,0x0b
2026-09-06T21:32:16.124,65535,0,2,50,0,0,0,0,0,0,0x0b
2026-09-06T21:32:16.189,65535,0,2,54,0,0,0,0,0,0,0x0b
2026-09-06T21:32:16.255,65535,0,2,51,0,0,0,0,0,0,0x0b
2026-09-06T21:32:16.319,65535,0,2,52,0,0,0,0,0,0,0x0b
2026-09-06T21:32:16.400,65535,0,2,52,0,0,0,0,0,0,0x0b
2026-09-06T21:32:16.464,65535,0,2,50,0,0,0,0,0,0,0x0b
2026-09-06T21:32:16.529,65535,0,2,51,0,0,0,0,0,0,0x0b
2026-09-06T21:32:16.595,65535,0,2,50,0,0,0,0,0,0,0x0b
2026-09-06T21:32:16.660,65535,0,2,52,0,0,0,0,0,0,0x0b
2026-09-06T21:32:16.726,65535,0,2,50,0,0,0,0,0,0,0x0b
2026-09-06T21:32:16.791,65535,0,2,51,0,0,0,0,0,0,0x0b
2026-09-06T21:32:16.856,65535,0,2,53,0,0,0,0,0,0,0x0b
2026-09-06T21:32:16.922,65535,0,2,51,0,0,0,0,0,0,0x0b
2026-09-06T21:32:16.987,65535,0,2,52,0,0,0,0,0,0,0x0b
2026-09-06T21:32:17.068,65535,0,2,51,0,0,0,0,0,0,0x0b
2026-09-06T21:32:17.133,65535,0,2,50,0,0,0,0,0,0,0x0b
2026-09-06T21:32:17.198,65535,0,2,52,0,0,0,0,0,0,0x0b
2026-09-06T21:32:17.263,65535,0,2,52,0,0,0,0,0,0,0x0b
2026-09-06T21:32:17.328,65535,0,2,51,0,0,0,0,0,0,0x0b
2026-09-06T21:32:17.393,65535,0,2,50,0,0,0,0,0,0,0x0b
2026-09-06T21:32:17.458,65535,0,2,50,0,0,0,0,0,0,0x0b
2026-09-06T21:32:17.523,65535,0,2,51,0,0,0,0,0,0,0x0b
2026-09-06T21:32:17.588,65535,0,2,50,0,0,0,0,0,0,0x0b
2026-09-06T21:32:17.669,65535,0,2,51,0,0,0,0,0,0,0x0b
2026-09-06T21:32:17.734,65535,0,2,52,0,0,0,0,0,0,0x0b
2026-09-06T21:32:17.799,65535,0,2,51,0,0,0,0,0,0,0x0b
2026-09-06T21:32:17.865,65535,0,2,51,0,0,0,0,0,0,0x0b
2026-09-06T21:32:17.930,65535,0,2,51,0,0,0,0,0,0,0x0b
2026-09-06T21:32:17.996,65535,0,2,52,0,0,0,0,0,0,0x0b
2026-09-06T21:32:18.061,65535,0,2,51,0,0,0,0,0,0,0x0b
2026-09-06T21:32:18.126,65535,0,2,51,0,0,0,0,0,0,0x0b
2026-09-06T21:32:18.208,65535,0,2,50,0,0,0,0,0,0,0x0b
2026-09-06T21:32:18.256,65535,0,2,50,0,0,0,0,0,0,0x0b
2026-09-06T21:32:18.338,65535,0,2,50,0,0,0,0,0,0,0x0b
2026-09-06T21:32:18.403,65535,0,2,52,0,0,0,0,0,0,0x0b
2026-09-06T21:32:18.468,65535,0,2,50,0,0,0,0,0,0,0x0b
2026-09-06T21:32:18.533,65535,0,2,52,0,0,0,0,0,0,0x0b
2026-09-06T21:32:18.598,65535,0,2,50,0,0,0,0,0,0,0x0b
2026-09-06T21:32:18.664,65535,0,2,52,0,0,0,0,0,0,0x0b
2026-09-06T21:32:18.729,65535,0,2,50,0,0,0,0,0,0,0x0b
2026-09-06T21:32:18.794,65535,0,2,51,0,0,0,0,0,0,0x0b
2026-09-06T21:32:18.876,65535,0,2,51,0,0,0,0,0,0,0x0b
2026-09-06T21:32:18.941,65535,0,2,51,0,0,0,0,0,0,0x0b
2026-09-06T21:32:19.006,65535,0,2,52,0,0,0,0,0,0,0x0b
2026-09-06T21:32:19.071,65535,0,2,51,0,0,0,0,0,0,0x0b
2026-09-06T21:32:19.136,65535,0,2,50,0,0,0,0,0,0,0x0b
2026-09-06T21:32:19.201,65535,0,2,51,0,0,0,0,0,0,0x0b
2026-09-06T21:32:19.266,65535,0,2,50,0,0,0,0,0,0,0x0b
2026-09-06T21:32:19.330,65535,0,2,50,0,0,0,0,0,0,0x0b
2026-09-06T21:32:19.411,65535,0,2,51,0,0,0,0,0,0,0x0b
2026-09-06T21:32:19.475,65535,0,2,52,0,0,0,0,0,0,0x0b
2026-09-06T21:32:19.540,65535,0,2,50,0,0,0,0,0,0,0x0b
2026-09-06T21:32:19.606,65535,0,2,50,0,0,0,0,0,0,0x0b
2026-09-06T21:32:19.671,65535,0,2,52,0,0,0,0,0,0,0x0b
2026-09-06T21:32:19.735,65535,0,2,51,0,0,0,0,0,0,0x0b
2026-09-06T21:32:19.800,65535,0,2,51,0,0,0,0,0,0,0x0b
2026-09-06T21:32:19.865,65535,0,2,50,0,0,0,0,0,0,0x0b
2026-09-06T21:32:19.946,65535,0,2,50,0,0,0,0,0,0,0x0b
2026-09-06T21:32:20.011,65535,0,2,52,0,0,0,0,0,0,0x0b
2026-09-06T21:32:20.076,65535,0,2,51,0,0,0,0,0,0,0x0b
2026-09-06T21:32:20.141,65535,0,2,51,0,0,0,0,0,0,0x0b
2026-09-06T21:32:20.207,65535,0,2,51,0,0,0,0,0,0,0x0b
2026-09-06T21:32:20.271,65535,0,2,51,0,0,0,0,0,0,0x0b
2026-09-06T21:32:20.336,65535,0,2,52,0,0,0,0,0,0,0x0b
2026-09-06T21:32:20.400,65535,0,2,50,0,0,0,0,0,0,0x0b
2026-09-06T21:32:20.481,65535,0,2,51,0,0,0,0,0,0,0x0b
2026-09-06T21:32:20.547,65535,0,2,52,0,0,0,0,0,0,0x0b
2026-09-06T21:32:20.612,65535,0,2,50,0,0,0,0,0,0,0x0b
2026-09-06T21:32:20.678,65535,0,2,52,0,0,0,0,0,0,0x0b
2026-09-06T21:32:20.743,65535,0,2,50,0,0,0,0,0,0,0x0b
2026-09-06T21:32:20.808,65535,0,2,50,0,0,0,0,0,0,0x0b
2026-09-06T21:32:20.873,65535,0,2,52,0,0,0,0,0,0,0x0b
2026-09-06T21:32:20.940,65535,0,2,52,0,0,0,0,0,0,0x0b
2026-09-06T21:32:21.020,65535,0,2,51,0,0,0,0,0,0,0x0b
2026-09-06T21:32:21.069,65535,0,2,51,0,0,0,0,0,0,0x0b
2026-09-06T21:32:21.151,65535,0,2,50,0,0,0,0,0,0,0x0b
2026-09-06T21:32:21.216,65535,0,2,50,0,0,0,0,0,0,0x0b
2026-09-06T21:32:21.281,65535,0,2,52,0,0,0,0,0,0,0x0b
2026-09-06T21:32:21.345,65535,0,2,51,0,0,0,0,0,0,0x0b
2026-09-06T21:32:21.410,65535,0,2,50,0,0,0,0,0,0,0x0b
2026-09-06T21:32:21.475,65535,0,2,52,0,0,0,0,0,0,0x0b
2026-09-06T21:32:21.540,65535,0,2,51,0,0,0,0,0,0,0x0b
2026-09-06T21:32:21.605,65535,0,2,50,0,0,0,0,0,0,0x0b
2026-09-06T21:32:21.687,65535,0,2,51,0,0,0,0,0,0,0x0b
2026-09-06T21:32:21.752,65535,0,2,51,0,0,0,0,0,0,0x0b
2026-09-06T21:32:21.817,65535,0,2,51,0,0,0,0,0,0,0x0b
2026-09-06T21:32:21.882,65535,0,2,51,0,0,0,0,0,0,0x0b
2026-09-06T21:32:21.946,65535,0,2,54,0,0,0,0,0,0,0x0b
2026-09-06T21:32:22.012,65535,0,2,52,0,0,0,0,0,0,0x0b
2026-09-06T21:32:22.077,65535,0,2,51,0,0,0,0,0,0,0x0b
2026-09-06T21:32:22.141,65535,0,2,51,0,0,0,0,0,0,0x0b
2026-09-06T21:32:22.223,65535,0,2,51,0,0,0,0,0,0,0x0b
2026-09-06T21:32:22.288,65535,0,2,51,0,0,0,0,0,0,0x0b
2026-09-06T21:32:22.353,65535,0,2,51,0,0,0,0,0,0,0x0b
2026-09-06T21:32:22.419,65535,0,2,52,0,0,0,0,0,0,0x0b
2026-09-06T21:32:22.483,65535,0,2,51,0,0,0,0,0,0,0x0b
2026-09-06T21:32:22.548,65535,0,2,51,0,0,0,0,0,0,0x0b
2026-09-06T21:32:22.613,65535,0,2,50,0,0,0,0,0,0,0x0b
2026-09-06T21:32:22.679,65535,0,2,50,0,0,0,0,0,0,0x0b
2026-09-06T21:32:22.744,65535,0,2,51,0,0,0,0,0,0,0x0b
2026-09-06T21:32:22.825,65535,0,2,50,0,0,0,0,0,0,0x0b
2026-09-06T21:32:22.891,65535,0,2,50,0,0,0,0,0,0,0x0b
2026-09-06T21:32:22.956,65535,0,2,52,0,0,0,0,0,0,0x0b
2026-09-06T21:32:23.020,65535,0,2,51,0,0,0,0,0,0,0x0b
2026-09-06T21:32:23.085,65535,0,2,50,0,0,0,0,0,0,0x0b
2026-09-06T21:32:23.150,65535,0,2,50,0,0,0,0,0,0,0x0b
2026-09-06T21:32:23.215,65535,0,2,50,0,0,0,0,0,0,0x0b
2026-09-06T21:32:23.280,65535,0,2,51,0,0,0,0,0,0,0x0b
2026-09-06T21:32:23.361,65535,0,2,50,0,0,0,0,0,0,0x0b
2026-09-06T21:32:23.426,65535,0,2,52,0,0,0,0,0,0,0x0b
2026-09-06T21:32:23.491,65535,0,2,50,0,0,0,0,0,0,0x0b
2026-09-06T21:32:23.556,65535,0,2,52,0,0,0,0,0,0,0x0b
2026-09-06T21:32:23.621,65535,0,2,51,0,0,0,0,0,0,0x0b
2026-09-06T21:32:23.686,65535,0,2,50,0,0,0,0,0,0,0x0b
2026-09-06T21:32:23.751,65535,0,2,52,0,0,0,0,0,0,0x0b
2026-09-06T21:32:23.816,65535,0,2,50,0,0,0,0,0,0,0x0b
2026-09-06T21:32:23.898,65535,0,2,50,0,0,0,0,0,0,0x0b
2026-09-06T21:32:23.963,65535,0,2,50,0,0,0,0,0,0,0x0b
2026-09-06T21:32:24.028,65535,0,2,51,0,0,0,0,0,0,0x0b
2026-09-06T21:32:24.093,65535,0,2,50,0,0,0,0,0,0,0x0b
2026-09-06T21:32:24.159,65535,0,2,51,0,0,0,0,0,0,0x0b
2026-09-06T21:32:24.224,65535,0,2,51,0,0,0,0,0,0,0x0b
2026-09-06T21:32:24.289,65535,0,2,51,0,0,0,0,0,0,0x0b
2026-09-06T21:32:24.353,65535,0,2,51,0,0,0,0,0,0,0x0b
2026-09-06T21:32:24.418,65535,0,2,51,0,0,0,0,0,0,0x0b
2026-09-06T21:32:24.484,65535,0,2,51,0,0,0,0,0,0,0x0b
2026-09-06T21:32:24.566,65535,0,2,53,0,0,0,0,0,0,0x0b
2026-09-06T21:32:24.630,65535,0,2,50,0,0,0,0,0,0,0x0b
2026-09-06T21:32:24.695,65535,0,2,50,0,0,0,0,0,0,0x0b
2026-09-06T21:32:24.761,65535,0,2,51,0,0,0,0,0,0,0x0b
2026-09-06T21:32:24.826,65535,0,2,52,0,0,0,0,0,0,0x0b
2026-09-06T21:32:24.892,65535,0,2,50,0,0,0,0,0,0,0x0b
2026-09-06T21:32:24.957,65535,0,2,51,0,0,0,0,0,0,0x0b
2026-09-06T21:32:25.022,65535,0,2,52,0,0,0,0,0,0,0x0b
2026-09-06T21:32:25.104,65535,0,2,50,0,0,0,0,0,0,0x0b
2026-09-06T21:32:25.169,65535,0,2,50,0,0,0,0,0,0,0x0b
2026-09-06T21:32:25.234,65535,0,2,50,0,0,0,0,0,0,0x0b
2026-09-06T21:32:25.299,65535,0,2,50,0,0,0,0,0,0,0x0b
2026-09-06T21:32:25.364,65535,0,2,50,0,0,0,0,0,0,0x0b
2026-09-06T21:32:25.429,65535,0,2,51,0,0,0,0,0,0,0x0b
2026-09-06T21:32:25.494,65535,0,2,51,0,0,0,0,0,0,0x0b
2026-09-06T21:32:25.560,65535,0,2,52,0,0,0,0,0,0,0x0b
2026-09-06T21:32:25.625,65535,0,2,52,0,0,0,0,0,0,0x0b
2026-09-06T21:32:25.706,65535,0,2,52,0,0,0,0,0,0,0x0b
2026-09-06T21:32:25.771,65535,0,2,51,0,0,0,0,0,0,0x0b
2026-09-06T21:32:25.837,65535,0,2,52,0,0,0,0,0,0,0x0b
2026-09-06T21:32:25.902,65535,0,2,50,0,0,0,0,0,0,0x0b
2026-09-06T21:32:25.966,65535,0,2,50,0,0,0,0,0,0,0x0b
2026-09-06T21:32:26.032,65535,0,2,51,0,0,0,0,0,0,0x0b
2026-09-06T21:32:26.097,65535,0,2,52,0,0,0,0,0,0,0x0b
2026-09-06T21:32:26.162,65535,0,2,50,0,0,0,0,0,0,0x0b
2026-09-06T21:32:26.226,65535,0,2,51,0,0,0,0,0,0,0x0b
2026-09-06T21:32:26.308,65535,0,2,50,0,0,0,0,0,0,0x0b
2026-09-06T21:32:26.373,65535,0,2,52,0,0,0,0,0,0,0x0b
2026-09-06T21:32:26.438,65535,0,2,50,0,0,0,0,0,0,0x0b
2026-09-06T21:32:26.503,65535,0,2,51,0,0,0,0,0,0,0x0b
2026-09-06T21:32:26.569,65535,0,2,52,0,0,0,0,0,0,0x0b
2026-09-06T21:32:26.634,65535,0,2,52,0,0,0,0,0,0,0x0b
2026-09-06T21:32:26.699,65535,0,2,50,0,0,0,0,0,0,0x0b
2026-09-06T21:32:26.764,65535,0,2,50,0,0,0,0,0,0,0x0b
2026-09-06T21:32:26.829,65535,0,2,51,0,0,0,0,0,0,0x0b
2026-09-06T21:32:26.911,65535,0,2,53,0,0,0,0,0,0,0x0b
2026-09-06T21:32:26.975,65535,0,2,50,0,0,0,0,0,0,0x0b
2026-09-06T21:32:27.040,65535,0,2,51,0,0,0,0,0,0,0x0b
2026-09-06T21:32:27.106,65535,0,2,51,0,0,0,0,0,0,0x0b
2026-09-06T21:32:27.171,65535,0,2,51,0,0,0,0,0,0,0x0b
2026-09-06T21:32:27.236,65535,0,2,51,0,0,0,0,0,0,0x0b
2026-09-06T21:32:27.301,65535,0,2,53,0,0,0,0,0,0,0x0b
2026-09-06T21:32:27.366,65535,0,2,50,0,0,0,0,0,0,0x0b
2026-09-06T21:32:27.447,65535,0,2,51,0,0,0,0,0,0,0x0b
2026-09-06T21:32:27.513,65535,0,2,50,0,0,0,0,0,0,0x0b
2026-09-06T21:32:27.578,65535,0,2,50,0,0,0,0,0,0,0x0b
2026-09-06T21:32:27.643,65535,0,2,51,0,0,0,0,0,0,0x0b
2026-09-06T21:32:27.708,65535,0,2,53,0,0,0,0,0,0,0x0b
2026-09-06T21:32:27.773,65535,0,2,50,0,0,0,0,0,0,0x0b
2026-09-06T21:32:27.839,65535,0,2,52,0,0,0,0,0,0,0x0b
2026-09-06T21:32:27.904,65535,0,2,50,0,0,0,0,0,0,0x0b
2026-09-06T21:32:27.969,65535,0,2,51,0,0,0,0,0,0,0x0b
2026-09-06T21:32:28.034,65535,0,2,50,0,0,0,0,0,0,0x0b
2026-09-06T21:32:28.115,65535,0,2,51,0,0,0,0,0,0,0x0b
2026-09-06T21:32:28.181,65535,0,2,52,0,0,0,0,0,0,0x0b
2026-09-06T21:32:28.246,65535,0,2,50,0,0,0,0,0,0,0x0b
2026-09-06T21:32:28.310,65535,0,2,51,0,0,0,0,0,0,0x0b
2026-09-06T21:32:28.375,65535,0,2,52,0,0,0,0,0,0,0x0b
2026-09-06T21:32:28.440,65535,0,2,52,0,0,0,0,0,0,0x0b
2026-09-06T21:32:28.505,65535,0,2,50,0,0,0,0,0,0,0x0b
2026-09-06T21:32:28.570,65535,0,2,51,0,0,0,0,0,0,0x0b
2026-09-06T21:32:28.636,65535,0,2,50,0,0,0,0,0,0,0x0b
2026-09-06T21:32:28.717,65535,0,2,50,0,0,0,0,0,0,0x0b
2026-09-06T21:32:28.783,65535,0,2,51,0,0,0,0,0,0,0x0b
2026-09-06T21:32:28.847,65535,0,2,52,0,0,0,0,0,0,0x0b
2026-09-06T21:32:28.913,65535,0,2,50,0,0,0,0,0,0,0x0b
2026-09-06T21:32:28.979,65535,0,2,52,0,0,0,0,0,0,0x0b
2026-09-06T21:32:29.043,65535,0,2,50,0,0,0,0,0,0,0x0b
2026-09-06T21:32:29.109,65535,0,2,50,0,0,0,0,0,0,0x0b
2026-09-06T21:32:29.174,65535,0,2,51,0,0,0,0,0,0,0x0b
2026-09-06T21:32:29.256,65535,0,2,51,0,0,0,0,0,0,0x0b
2026-09-06T21:32:29.304,65535,0,2,51,0,0,0,0,0,0,0x0b
2026-09-06T21:32:29.386,65535,0,2,51,0,0,0,0,0,0,0x0b
2026-09-06T21:32:29.451,65535,0,2,53,0,0,0,0,0,0,0x0b
2026-09-06T21:32:29.516,65535,0,2,50,0,0,0,0,0,0,0x0b
2026-09-06T21:32:29.581,65535,0,2,51,0,0,0,0,0,0,0x0b
2026-09-06T21:32:29.645,65535,0,2,53,0,0,0,0,0,0,0x0b
2026-09-06T21:32:29.710,65535,0,2,51,0,0,0,0,0,0,0x0b
2026-09-06T21:32:29.791,65535,0,2,50,0,0,0,0,0,0,0x0b
2026-09-06T21:32:29.840,65535,0,2,50,0,0,0,0,0,0,0x0b
2026-09-06T21:32:29.921,65535,0,2,51,0,0,0,0,0,0,0x0b
2026-09-06T21:32:29.986,65535,0,2,50,0,0,0,0,0,0,0x0b
2026-09-06T21:32:30.050,65535,0,2,51,0,0,0,0,0,0,0x0b
2026-09-06T21:32:30.115,65535,0,2,50,0,0,0,0,0,0,0x0b
2026-09-06T21:32:30.181,65535,0,2,52,0,0,0,0,0,0,0x0b
2026-09-06T21:32:30.246,65535,0,2,51,0,0,0,0,0,0,0x0b
2026-09-06T21:32:30.327,65535,0,2,53,0,0,0,0,0,0,0x0b
2026-09-06T21:32:30.377,65535,0,2,50,0,0,0,0,0,0,0x0b
2026-09-06T21:32:30.458,65535,0,2,50,0,0,0,0,0,0,0x0b
2026-09-06T21:32:30.523,65535,0,2,50,0,0,0,0,0,0,0x0b
2026-09-06T21:32:30.589,65535,0,2,52,0,0,0,0,0,0,0x0b
2026-09-06T21:32:30.653,65535,0,2,51,0,0,0,0,0,0,0x0b
2026-09-06T21:32:30.718,65535,0,2,52,0,0,0,0,0,0,0x0b
2026-09-06T21:32:30.783,65535,0,2,51,0,0,0,0,0,0,0x0b
2026-09-06T21:32:30.849,65535,0,2,51,0,0,0,0,0,0,0x0b
2026-09-06T21:32:30.914,65535,0,2,50,0,0,0,0,0,0,0x0b
2026-09-06T21:32:30.979,65535,0,2,51,0,0,0,0,0,0,0x0b
2026-09-06T21:32:31.060,65535,0,2,50,0,0,0,0,0,0,0x0b
2026-09-06T21:32:31.125,65535,0,2,51,0,0,0,0,0,0,0x0b
2026-09-06T21:32:31.191,65535,0,2,50,0,0,0,0,0,0,0x0b
2026-09-06T21:32:31.256,65535,0,2,52,0,0,0,0,0,0,0x0b
2026-09-06T21:32:31.321,65535,0,2,50,0,0,0,0,0,0,0x0b
2026-09-06T21:32:31.386,65535,0,2,52,0,0,0,0,0,0,0x0b
2026-09-06T21:32:31.451,65535,0,2,50,0,0,0,0,0,0,0x0b
2026-09-06T21:32:31.516,65535,0,2,50,0,0,0,0,0,0,0x0b
2026-09-06T21:32:31.598,65535,0,2,52,0,0,0,0,0,0,0x0b
2026-09-06T21:32:31.662,65535,0,2,51,0,0,0,0,0,0,0x0b
2026-09-06T21:32:31.727,65535,0,2,50,0,0,0,0,0,0,0x0b
2026-09-06T21:32:31.792,65535,0,2,51,0,0,0,0,0,0,0x0b
2026-09-06T21:32:31.857,65535,0,2,52,0,0,0,0,0,0,0x0b
2026-09-06T21:32:31.923,65535,0,2,52,0,0,0,0,0,0,0x0b
2026-09-06T21:32:31.988,65535,0,2,51,0,0,0,0,0,0,0x0b
2026-09-06T21:32:32.053,65535,0,2,52,0,0,0,0,0,0,0x0b
2026-09-06T21:32:32.134,65535,0,2,50,0,0,0,0,0,0,0x0b
2026-09-06T21:32:32.183,65535,0,2,50,0,0,0,0,0,0,0x0b
2026-09-06T21:32:32.265,65535,0,2,51,0,0,0,0,0,0,0x0b
2026-09-06T21:32:32.329,65535,0,2,50,0,0,0,0,0,0,0x0b
2026-09-06T21:32:32.394,65535,0,2,52,0,0,0,0,0,0,0x0b
2026-09-06T21:32:32.460,65535,0,2,51,0,0,0,0,0,0,0x0b
2026-09-06T21:32:32.525,65535,0,2,51,0,0,0,0,0,0,0x0b
2026-09-06T21:32:32.591,65535,0,2,50,0,0,0,0,0,0,0x0b
2026-09-06T21:32:32.657,65535,0,2,52,0,0,0,0,0,0,0x0b
2026-09-06T21:32:32.721,65535,0,2,50,0,0,0,0,0,0,0x0b
2026-09-06T21:32:32.803,65535,0,2,50,0,0,0,0,0,0,0x0b
2026-09-06T21:32:32.869,65535,0,2,52,0,0,0,0,0,0,0x0b
2026-09-06T21:32:32.933,65535,0,2,51,0,0,0,0,0,0,0x0b
2026-09-06T21:32:32.998,65535,0,2,51,0,0,0,0,0,0,0x0b
2026-09-06T21:32:33.063,65535,0,2,51,0,0,0,0,0,0,0x0b
2026-09-06T21:32:33.127,65535,0,2,50,0,0,0,0,0,0,0x0b
2026-09-06T21:32:33.193,65535,0,2,50,0,0,0,0,0,0,0x0b
2026-09-06T21:32:33.258,65535,0,2,50,0,0,0,0,0,0,0x0b
2026-09-06T21:32:33.340,65535,0,2,51,0,0,0,0,0,0,0x0b
2026-09-06T21:32:33.405,65535,0,2,50,0,0,0,0,0,0,0x0b
2026-09-06T21:32:33.471,65535,0,2,51,0,0,0,0,0,0,0x0b
2026-09-06T21:32:33.536,65535,0,2,51,0,0,0,0,0,0,0x0b
2026-09-06T21:32:33.601,65535,0,2,51,0,0,0,0,0,0,0x0b
2026-09-06T21:32:33.665,65535,0,2,51,0,0,0,0,0,0,0x0b
2026-09-06T21:32:33.730,65535,0,2,50,0,0,0,0,0,0,0x0b
2026-09-06T21:32:33.795,65535,0,2,51,0,0,0,0,0,0,0x0b
2026-09-06T21:32:33.859,65535,0,2,51,0,0,0,0,0,0,0x0b
2026-09-06T21:32:33.941,65535,0,2,51,0,0,0,0,0,0,0x0b
2026-09-06T21:32:34.006,65535,0,2,50,0,0,0,0,0,0,0x0b
2026-09-06T21:32:34.071,65535,0,2,51,0,0,0,0,0,0,0x0b
2026-09-06T21:32:34.136,65535,0,2,50,0,0,0,0,0,0,0x0b
2026-09-06T21:32:34.202,65535,0,2,50,0,0,0,0,0,0,0x0b
2026-09-06T21:32:34.268,65535,0,2,50,0,0,0,0,0,0,0x0b
2026-09-06T21:32:34.332,65535,0,2,51,0,0,0,0,0,0,0x0b
2026-09-06T21:32:34.398,65535,0,2,52,0,0,0,0,0,0,0x0b
2026-09-06T21:32:34.463,65535,0,2,50,0,0,0,0,0,0,0x0b
2026-09-06T21:32:34.528,65535,0,2,50,0,0,0,0,0,0,0x0b
2026-09-06T21:32:34.609,65535,0,2,50,0,0,0,0,0,0,0x0b
2026-09-06T21:32:34.674,65535,0,2,52,0,0,0,0,0,0,0x0b
2026-09-06T21:32:34.739,65535,0,2,54,0,0,0,0,0,0,0x0b
2026-09-06T21:32:34.804,65535,0,2,50,0,0,0,0,0,0,0x0b
2026-09-06T21:32:34.870,65535,0,2,50,0,0,0,0,0,0,0x0b
2026-09-06T21:32:34.934,65535,0,2,51,0,0,0,0,0,0,0x0b
2026-09-06T21:32:35.000,65535,0,2,50,0,0,0,0,0,0,0x0b
2026-09-06T21:32:35.065,65535,0,2,51,0,0,0,0,0,0,0x0b
2026-09-06T21:32:35.147,65535,0,2,51,0,0,0,0,0,0,0x0b
2026-09-06T21:32:35.211,65535,0,2,50,0,0,0,0,0,0,0x0b
2026-09-06T21:32:35.276,65535,0,2,50,0,0,0,0,0,0,0x0b
2026-09-06T21:32:35.342,65535,0,2,50,0,0,0,0,0,0,0x0b
2026-09-06T21:32:35.406,65535,0,2,51,0,0,0,0,0,0,0x0b
2026-09-06T21:32:35.471,65535,0,2,52,0,0,0,0,0,0,0x0b
2026-09-06T21:32:35.536,65535,0,2,51,0,0,0,0,0,0,0x0b
2026-09-06T21:32:35.601,65535,0,2,51,0,0,0,0,0,0,0x0b
2026-09-06T21:32:35.682,65535,0,2,50,0,0,0,0,0,0,0x0b
2026-09-06T21:32:35.747,65535,0,2,51,0,0,0,0,0,0,0x0b
2026-09-06T21:32:35.812,65535,0,2,50,0,0,0,0,0,0,0x0b
2026-09-06T21:32:35.878,65535,0,2,50,0,0,0,0,0,0,0x0b
2026-09-06T21:32:35.943,65535,0,2,51,0,0,0,0,0,0,0x0b
2026-09-06T21:32:36.008,65535,0,2,50,0,0,0,0,0,0,0x0b
2026-09-06T21:32:36.072,65535,0,2,51,0,0,0,0,0,0,0x0b
2026-09-06T21:32:36.138,65535,0,2,51,0,0,0,0,0,0,0x0b
2026-09-06T21:32:36.218,65535,0,2,51,0,0,0,0,0,0,0x0b
2026-09-06T21:32:36.267,65535,0,2,50,0,0,0,0,0,0,0x0b
2026-09-06T21:32:36.349,65535,0,2,50,0,0,0,0,0,0,0x0b
2026-09-06T21:32:36.414,65535,0,2,51,0,0,0,0,0,0,0x0b
2026-09-06T21:32:36.480,65535,0,2,51,0,0,0,0,0,0,0x0b
2026-09-06T21:32:36.544,65535,0,2,51,0,0,0,0,0,0,0x0b
2026-09-06T21:32:36.609,65535,0,2,50,0,0,0,0,0,0,0x0b
2026-09-06T21:32:36.675,65535,0,2,51,0,0,0,0,0,0,0x0b
2026-09-06T21:32:36.740,65535,0,2,50,0,0,0,0,0,0,0x0b
2026-09-06T21:32:36.805,65535,0,2,50,0,0,0,0,0,0,0x0b
2026-09-06T21:32:36.886,65535,0,2,53,0,0,0,0,0,0,0x0b
2026-09-06T21:32:36.951,65535,0,2,51,0,0,0,0,0,0,0x0b
2026-09-06T21:32:37.015,65535,0,2,50,0,0,0,0,0,0,0x0b
2026-09-06T21:32:37.081,65535,0,2,50,0,0,0,0,0,0,0x0b
2026-09-06T21:32:37.146,65535,0,2,51,0,0,0,0,0,0,0x0b
2026-09-06T21:32:37.211,65535,0,2,51,0,0,0,0,0,0,0x0b
2026-09-06T21:32:37.292,65535,0,2,53,0,0,0,0,0,0,0x0b
2026-09-06T21:32:37.340,65535,0,2,51,0,0,0,0,0,0,0x0b
2026-09-06T21:32:37.421,65535,0,2,50,0,0,0,0,0,0,0x0b
2026-09-06T21:32:37.487,65535,0,2,50,0,0,0,0,0,0,0x0b
2026-09-06T21:32:37.551,65535,0,2,50,0,0,0,0,0,0,0x0b
2026-09-06T21:32:37.617,65535,0,2,51,0,0,0,0,0,0,0x0b
2026-09-06T21:32:37.681,65535,0,2,52,0,0,0,0,0,0,0x0b
2026-09-06T21:32:37.746,65535,0,2,52,0,0,0,0,0,0,0x0b
2026-09-06T21:32:37.811,65535,0,2,52,0,0,0,0,0,0,0x0b
2026-09-06T21:32:37.876,65535,0,2,50,0,0,0,0,0,0,0x0b
2026-09-06T21:32:37.957,65535,0,2,53,0,0,0,0,0,0,0x0b
2026-09-06T21:32:38.022,65535,0,2,50,0,0,0,0,0,0,0x0b
2026-09-06T21:32:38.087,65535,0,2,52,0,0,0,0,0,0,0x0b
2026-09-06T21:32:38.152,65535,0,2,51,0,0,0,0,0,0,0x0b
2026-09-06T21:32:38.217,65535,0,2,51,0,0,0,0,0,0,0x0b
2026-09-06T21:32:38.282,65535,0,2,52,0,0,0,0,0,0,0x0b
2026-09-06T21:32:38.348,65535,0,2,50,0,0,0,0,0,0,0x0b
2026-09-06T21:32:38.413,65535,0,2,51,0,0,0,0,0,0,0x0b
2026-09-06T21:32:38.479,65535,0,2,52,0,0,0,0,0,0,0x0b
2026-09-06T21:32:38.560,65535,0,2,50,0,0,0,0,0,0,0x0b
2026-09-06T21:32:38.625,65535,0,2,51,0,0,0,0,0,0,0x0b
2026-09-06T21:32:38.689,65535,0,2,50,0,0,0,0,0,0,0x0b
2026-09-06T21:32:38.755,65535,0,2,50,0,0,0,0,0,0,0x0b
2026-09-06T21:32:38.820,65535,0,2,51,0,0,0,0,0,0,0x0b
2026-09-06T21:32:38.885,65535,0,2,52,0,0,0,0,0,0,0x0b
2026-09-06T21:32:38.950,65535,0,2,51,0,0,0,0,0,0,0x0b
2026-09-06T21:32:39.031,65535,0,2,51,0,0,0,0,0,0,0x0b
2026-09-06T21:32:39.096,65535,0,2,51,0,0,0,0,0,0,0x0b
2026-09-06T21:32:39.161,65535,0,2,51,0,0,0,0,0,0,0x0b
2026-09-06T21:32:39.226,65535,0,2,50,0,0,0,0,0,0,0x0b
2026-09-06T21:32:39.291,65535,0,2,50,0,0,0,0,0,0,0x0b
2026-09-06T21:32:39.357,65535,0,2,51,0,0,0,0,0,0,0x0b
2026-09-06T21:32:39.422,65535,0,2,50,0,0,0,0,0,0,0x0b
2026-09-06T21:32:39.487,65535,0,2,51,0,0,0,0,0,0,0x0b
2026-09-06T21:32:39.552,65535,0,2,51,0,0,0,0,0,0,0x0b
2026-09-06T21:32:39.617,65535,0,2,52,0,0,0,0,0,0,0x0b
2026-09-06T21:32:39.682,65535,0,2,51,0,0,0,0,0,0,0x0b
2026-09-06T21:32:39.763,65535,0,2,52,0,0,0,0,0,0,0x0b
2026-09-06T21:32:39.829,65535,0,2,50,0,0,0,0,0,0,0x0b
2026-09-06T21:32:39.894,65535,0,2,50,0,0,0,0,0,0,0x0b
2026-09-06T21:32:39.959,65535,0,2,51,0,0,0,0,0,0,0x0b
2026-09-06T21:32:40.025,65535,0,2,51,0,0,0,0,0,0,0x0b
2026-09-06T21:32:40.089,65535,0,2,50,0,0,0,0,0,0,0x0b
2026-09-06T21:32:40.154,65535,0,2,51,0,0,0,0,0,0,0x0b
2026-09-06T21:32:40.220,65535,0,2,51,0,0,0,0,0,0,0x0b
2026-09-06T21:32:40.301,65535,0,2,53,0,0,0,0,0,0,0x0b
2026-09-06T21:32:40.367,65535,0,2,52,0,0,0,0,0,0,0x0b
2026-09-06T21:32:40.431,65535,0,2,50,0,0,0,0,0,0,0x0b
2026-09-06T21:32:40.496,65535,0,2,51,0,0,0,0,0,0,0x0b
2026-09-06T21:32:40.561,65535,0,2,52,0,0,0,0,0,0,0x0b
2026-09-06T21:32:40.627,65535,0,2,50,0,0,0,0,0,0,0x0b
2026-09-06T21:32:40.691,65535,0,2,51,0,0,0,0,0,0,0x0b
2026-09-06T21:32:40.757,65535,0,2,51,0,0,0,0,0,0,0x0b
2026-09-06T21:32:40.838,65535,0,2,51,0,0,0,0,0,0,0x0b
2026-09-06T21:32:40.903,65535,0,2,51,0,0,0,0,0,0,0x0b
2026-09-06T21:32:40.968,65535,0,2,50,0,0,0,0,0,0,0x0b
2026-09-06T21:32:41.033,65535,0,2,50,0,0,0,0,0,0,0x0b
2026-09-06T21:32:41.098,65535,0,2,50,0,0,0,0,0,0,0x0b
2026-09-06T21:32:41.164,65535,0,2,50,0,0,0,0,0,0,0x0b
2026-09-06T21:32:41.229,65535,0,2,51,0,0,0,0,0,0,0x0b
2026-09-06T21:32:41.294,65535,0,2,51,0,0,0,0,0,0,0x0b
2026-09-06T21:32:41.360,65535,0,2,51,0,0,0,0,0,0,0x0b
2026-09-06T21:32:41.425,65535,0,2,51,0,0,0,0,0,0,0x0b
2026-09-06T21:32:41.506,65535,0,2,50,0,0,0,0,0,0,0x0b
2026-09-06T21:32:41.571,65535,0,2,50,0,0,0,0,0,0,0x0b
2026-09-06T21:32:41.636,65535,0,2,50,0,0,0,0,0,0,0x0b
2026-09-06T21:32:41.701,65535,0,2,50,0,0,0,0,0,0,0x0b
2026-09-06T21:32:41.767,65535,0,2,50,0,0,0,0,0,0,0x0b
2026-09-06T21:32:41.832,65535,0,2,50,0,0,0,0,0,0,0x0b
2026-09-06T21:32:41.897,65535,0,2,50,0,0,0,0,0,0,0x0b
2026-09-06T21:32:41.962,65535,0,2,52,0,0,0,0,0,0,0x0b
2026-09-06T21:32:42.028,65535,0,2,50,0,0,0,0,0,0,0x0b
2026-09-06T21:32:42.109,65535,0,2,51,0,0,0,0,0,0,0x0b
2026-09-06T21:32:42.174,65535,0,2,50,0,0,0,0,0,0,0x0b
2026-09-06T21:32:42.240,65535,0,2,50,0,0,0,0,0,0,0x0b
2026-09-06T21:32:42.305,65535,0,2,52,0,0,0,0,0,0,0x0b
2026-09-06T21:32:42.369,65535,0,2,53,0,0,0,0,0,0,0x0b
2026-09-06T21:32:42.434,65535,0,2,50,0,0,0,0,0,0,0x0b
2026-09-06T21:32:42.499,65535,0,2,51,0,0,0,0,0,0,0x0b
2026-09-06T21:32:42.565,65535,0,2,52,0,0,0,0,0,0,0x0b
2026-09-06T21:32:42.646,65535,0,2,54,0,0,0,0,0,0,0x0b
2026-09-06T21:32:42.695,65535,0,2,51,0,0,0,0,0,0,0x0b
2026-09-06T21:32:42.777,65535,0,2,51,0,0,0,0,0,0,0x0b
2026-09-06T21:32:42.843,65535,0,2,51,0,0,0,0,0,0,0x0b
2026-09-06T21:32:42.908,65535,0,2,51,0,0,0,0,0,0,0x0b
2026-09-06T21:32:42.973,65535,0,2,50,0,0,0,0,0,0,0x0b
2026-09-06T21:32:43.038,65535,0,2,53,0,0,0,0,0,0,0x0b
2026-09-06T21:32:43.103,65535,0,2,51,0,0,0,0,0,0,0x0b
2026-09-06T21:32:43.168,65535,0,2,51,0,0,0,0,0,0,0x0b
2026-09-06T21:32:43.232,65535,0,2,52,0,0,0,0,0,0,0x0b
2026-09-06T21:32:43.314,65535,0,2,50,0,0,0,0,0,0,0x0b
2026-09-06T21:32:43.378,65535,0,2,50,0,0,0,0,0,0,0x0b
2026-09-06T21:32:43.444,65535,0,2,53,0,0,0,0,0,0,0x0b
2026-09-06T21:32:43.508,65535,0,2,52,0,0,0,0,0,0,0x0b
2026-09-06T21:32:43.574,65535,0,2,52,0,0,0,0,0,0,0x0b
2026-09-06T21:32:43.639,65535,0,2,51,0,0,0,0,0,0,0x0b
2026-09-06T21:32:43.704,65535,0,2,50,0,0,0,0,0,0,0x0b
2026-09-06T21:32:43.770,65535,0,2,51,0,0,0,0,0,0,0x0b
2026-09-06T21:32:43.850,65535,0,2,50,0,0,0,0,0,0,0x0b
2026-09-06T21:32:43.915,65535,0,2,51,0,0,0,0,0,0,0x0b
2026-09-06T21:32:43.981,65535,0,2,52,0,0,0,0,0,0,0x0b
2026-09-06T21:32:44.046,65535,0,2,52,0,0,0,0,0,0,0x0b
2026-09-06T21:32:44.112,65535,0,2,50,0,0,0,0,0,0,0x0b
2026-09-06T21:32:44.176,65535,0,2,50,0,0,0,0,0,0,0x0b
2026-09-06T21:32:44.241,65535,0,2,51,0,0,0,0,0,0,0x0b
2026-09-06T21:32:44.307,65535,0,2,52,0,0,0,0,0,0,0x0b
2026-09-06T21:32:44.372,65535,0,2,51,0,0,0,0,0,0,0x0b
2026-09-06T21:32:44.453,65535,0,2,51,0,0,0,0,0,0,0x0b
2026-09-06T21:32:44.517,65535,0,2,52,0,0,0,0,0,0,0x0b
2026-09-06T21:32:44.582,65535,0,2,50,0,0,0,0,0,0,0x0b
2026-09-06T21:32:44.647,65535,0,2,50,0,0,0,0,0,0,0x0b
2026-09-06T21:32:44.711,65535,0,2,51,0,0,0,0,0,0,0x0b
2026-09-06T21:32:44.775,65535,0,2,51,0,0,0,0,0,0,0x0b
2026-09-06T21:32:44.840,65535,0,2,50,0,0,0,0,0,0,0x0b
2026-09-06T21:32:44.922,65535,0,2,51,0,0,0,0,0,0,0x0b
2026-09-06T21:32:44.987,65535,0,2,52,0,0,0,0,0,0,0x0b
2026-09-06T21:32:45.052,65535,0,2,52,0,0,0,0,0,0,0x0b
2026-09-06T21:32:45.117,65535,0,2,50,0,0,0,0,0,0,0x0b
2026-09-06T21:32:45.182,65535,0,2,53,0,0,0,0,0,0,0x0b
2026-09-06T21:32:45.247,65535,0,2,50,0,0,0,0,0,0,0x0b
2026-09-06T21:32:45.312,65535,0,2,51,0,0,0,0,0,0,0x0b
2026-09-06T21:32:45.377,65535,0,2,52,0,0,0,0,0,0,0x0b
2026-09-06T21:32:45.459,65535,0,2,52,0,0,0,0,0,0,0x0b
2026-09-06T21:32:45.524,65535,0,2,51,0,0,0,0,0,0,0x0b
2026-09-06T21:32:45.588,65535,0,2,50,0,0,0,0,0,0,0x0b
2026-09-06T21:32:45.654,65535,0,2,52,0,0,0,0,0,0,0x0b
2026-09-06T21:32:45.718,65535,0,2,50,0,0,0,0,0,0,0x0b
2026-09-06T21:32:45.784,65535,0,2,50,0,0,0,0,0,0,0x0b
2026-09-06T21:32:45.849,65535,0,2,51,0,0,0,0,0,0,0x0b
2026-09-06T21:32:45.914,65535,0,2,50,0,0,0,0,0,0,0x0b
2026-09-06T21:32:45.994,65535,0,2,50,0,0,0,0,0,0,0x0b
2026-09-06T21:32:46.044,65535,0,2,53,0,0,0,0,0,0,0x0b
2026-09-06T21:32:46.125,65535,0,2,52,0,0,0,0,0,0,0x0b
2026-09-06T21:32:46.190,65535,0,2,51,0,0,0,0,0,0,0x0b
2026-09-06T21:32:46.255,65535,0,2,50,0,0,0,0,0,0,0x0b
2026-09-06T21:32:46.321,65535,0,2,51,0,0,0,0,0,0,0x0b
2026-09-06T21:32:46.386,65535,0,2,50,0,0,0,0,0,0,0x0b
2026-09-06T21:32:46.451,65535,0,2,51,0,0,0,0,0,0,0x0b
2026-09-06T21:32:46.516,65535,0,2,50,0,0,0,0,0,0,0x0b
2026-09-06T21:32:46.581,65535,0,2,51,0,0,0,0,0,0,0x0b
2026-09-06T21:32:46.646,65535,0,2,52,0,0,0,0,0,0,0x0b
2026-09-06T21:32:46.728,65535,0,2,51,0,0,0,0,0,0,0x0b
2026-09-06T21:32:46.793,65535,0,2,50,0,0,0,0,0,0,0x0b
2026-09-06T21:32:46.858,65535,0,2,51,0,0,0,0,0,0,0x0b
2026-09-06T21:32:46.924,65535,0,2,51,0,0,0,0,0,0,0x0b
2026-09-06T21:32:46.989,65535,0,2,50,0,0,0,0,0,0,0x0b
2026-09-06T21:32:47.055,65535,0,2,50,0,0,0,0,0,0,0x0b
2026-09-06T21:32:47.120,65535,0,2,50,0,0,0,0,0,0,0x0b
2026-09-06T21:32:47.185,65535,0,2,51,0,0,0,0,0,0,0x0b
2026-09-06T21:32:47.267,65535,0,2,51,0,0,0,0,0,0,0x0b
2026-09-06T21:32:47.332,65535,0,2,50,0,0,0,0,0,0,0x0b
2026-09-06T21:32:47.396,65535,0,2,50,0,0,0,0,0,0,0x0b
2026-09-06T21:32:47.461,65535,0,2,50,0,0,0,0,0,0,0x0b
2026-09-06T21:32:47.478,65535,0,2,52,0,0,0,0,0,0,0x0b
