timestamp,sequence,team,robot_id,interval_ms,left_target_eps,left_measured_eps,left_duty,right_target_eps,right_measured_eps,right_duty,flags
2026-09-06T20:36:12.853,356,0,2,51,3028,804,34504,3208,2608,28869,0x07
2026-09-06T20:36:12.853,502,0,1,50,0,0,0,0,0,0,0x03
2026-09-06T20:36:12.917,357,0,2,51,3028,804,34504,3208,2608,28869,0x07
2026-09-06T20:36:12.917,503,0,1,51,0,0,0,0,0,0,0x03
2026-09-06T20:36:12.982,65535,0,2,50,0,0,0,0,0,0,0x0b
2026-09-06T20:36:12.982,505,0,1,51,0,0,0,0,0,0,0x03
2026-09-06T20:36:13.047,1,0,2,52,0,0,0,0,0,0,0x03
2026-09-06T20:36:13.047,0,0,1,51,0,0,0,0,0,0,0x03
2026-09-06T20:36:13.128,3,0,2,52,0,0,0,0,0,0,0x03
2026-09-06T20:36:13.128,2,0,1,52,0,0,0,0,0,0,0x03
2026-09-06T20:36:13.193,5,0,2,51,0,0,0,0,0,0,0x03
2026-09-06T20:36:13.193,4,0,1,52,0,0,0,0,0,0,0x03
2026-09-06T20:36:13.258,7,0,2,50,0,0,0,0,0,0,0x03
2026-09-06T20:36:13.258,6,0,1,51,0,0,0,0,0,0,0x03
2026-09-06T20:36:13.323,9,0,2,51,0,0,0,0,0,0,0x03
2026-09-06T20:36:13.323,8,0,1,52,0,0,0,0,0,0,0x03
2026-09-06T20:36:13.388,11,0,2,51,0,0,0,0,0,0,0x03
2026-09-06T20:36:13.388,10,0,1,51,0,0,0,0,0,0,0x03
2026-09-06T20:36:13.453,13,0,2,51,0,0,0,0,0,0,0x03
2026-09-06T20:36:13.453,12,0,1,50,0,0,0,0,0,0,0x03
2026-09-06T20:36:13.517,15,0,2,51,0,0,0,0,0,0,0x03
2026-09-06T20:36:13.517,14,0,1,51,0,0,0,0,0,0,0x03
2026-09-06T20:36:13.581,17,0,2,51,0,0,0,0,0,0,0x03
2026-09-06T20:36:13.581,16,0,1,50,0,0,0,0,0,0,0x03
2026-09-06T20:36:13.662,19,0,2,50,0,0,0,0,0,0,0x03
2026-09-06T20:36:13.662,18,0,1,52,0,0,0,0,0,0,0x03
2026-09-06T20:36:13.727,21,0,2,51,0,0,0,0,0,0,0x03
2026-09-06T20:36:13.727,20,0,1,50,0,0,0,0,0,0,0x03
2026-09-06T20:36:13.792,23,0,2,52,0,0,0,0,0,0,0x03
2026-09-06T20:36:13.792,22,0,1,51,0,0,0,0,0,0,0x03
2026-09-06T20:36:13.857,25,0,2,52,0,0,0,0,0,0,0x03
2026-09-06T20:36:13.857,24,0,1,51,0,0,0,0,0,0,0x03
2026-09-06T20:36:13.922,27,0,2,51,0,0,0,0,0,0,0x03
2026-09-06T20:36:13.922,26,0,1,54,0,0,0,0,0,0,0x03
2026-09-06T20:36:13.987,29,0,2,51,0,0,0,0,0,0,0x03
2026-09-06T20:36:13.987,28,0,1,51,0,0,0,0,0,0,0x03
2026-09-06T20:36:14.068,31,0,2,50,0,0,0,0,0,0,0x03
2026-09-06T20:36:14.068,30,0,1,50,0,0,0,0,0,0,0x03
2026-09-06T20:36:14.117,33,0,2,51,0,0,0,0,0,0,0x03
2026-09-06T20:36:14.117,32,0,1,51,0,0,0,0,0,0,0x03
2026-09-06T20:36:14.198,35,0,2,51,0,0,0,0,0,0,0x03
2026-09-06T20:36:14.198,34,0,1,51,0,0,0,0,0,0,0x03
2026-09-06T20:36:14.263,37,0,2,52,0,0,0,0,0,0,0x03
2026-09-06T20:36:14.263,36,0,1,51,0,0,0,0,0,0,0x03
2026-09-06T20:36:14.328,39,0,2,50,0,0,0,0,0,0,0x03
2026-09-06T20:36:14.328,38,0,1,50,0,0,0,0,0,0,0x03
2026-09-06T20:36:14.393,41,0,2,53,0,0,0,0,0,0,0x03
2026-09-06T20:36:14.393,40,0,1,51,0,0,0,0,0,0,0x03
2026-09-06T20:36:14.458,43,0,2,51,0,0,0,0,0,0,0x03
2026-09-06T20:36:14.458,42,0,1,50,0,0,0,0,0,0,0x03
2026-09-06T20:36:14.523,45,0,2,50,0,0,0,0,0,0,0x03
2026-09-06T20:36:14.523,44,0,1,52,0,0,0,0,0,0,0x03
2026-09-06T20:36:14.588,47,0,2,50,0,0,0,0,0,0,0x03
2026-09-06T20:36:14.588,46,0,1,52,0,0,0,0,0,0,0x03
2026-09-06T20:36:14.669,49,0,2,50,0,0,0,0,0,0,0x03
2026-09-06T20:36:14.669,48,0,1,50,0,0,0,0,0,0,0x03
2026-09-06T20:36:14.734,51,0,2,50,0,0,0,0,0,0,0x03
2026-09-06T20:36:14.734,50,0,1,52,0,0,0,0,0,0,0x03
2026-09-06T20:36:14.799,53,0,2,50,0,0,0,0,0,0,0x03
2026-09-06T20:36:14.799,52,0,1,50,0,0,0,0,0,0,0x03
2026-09-06T20:36:14.863,55,0,2,50,0,0,0,0,0,0,0x03
2026-09-06T20:36:14.863,54,0,1,52,0,0,0,0,0,0,0x03
2026-09-06T20:36:14.928,57,0,2,51,0,0,0,0,0,0,0x03
2026-09-06T20:36:14.928,56,0,1,52,0,0,0,0,0,0,0x03
2026-09-06T20:36:14.993,59,0,2,50,0,0,0,0,0,0,0x03
2026-09-06T20:36:14.993,58,0,1,52,0,0,0,0,0,0,0x03
2026-09-06T20:36:15.058,61,0,2,50,0,0,0,0,0,0,0x03
2026-09-06T20:36:15.058,60,0,1,51,0,0,0,0,0,0,0x03
2026-09-06T20:36:15.123,63,0,2,51,0,0,0,0,0,0,0x03
2026-09-06T20:36:15.123,62,0,1,50,0,0,0,0,0,0,0x03
2026-09-06T20:36:15.188,65,0,2,50,0,0,0,0,0,0,0x03
2026-09-06T20:36:15.188,64,0,1,50,0,0,0,0,0,0,0x03
2026-09-06T20:36:15.269,67,0,2,54,0,0,0,0,0,0,0x03
2026-09-06T20:36:15.269,66,0,1,52,0,0,0,0,0,0,0x03
2026-09-06T20:36:15.335,69,0,2,50,0,0,0,0,0,0,0x03
2026-09-06T20:36:15.335,68,0,1,50,0,0,0,0,0,0,0x03
2026-09-06T20:36:15.399,71,0,2,51,0,0,0,0,0,0,0x03
2026-09-06T20:36:15.399,70,0,1,51,0,0,0,0,0,0,0x03
2026-09-06T20:36:15.464,73,0,2,51,0,0,0,0,0,0,0x03
2026-09-06T20:36:15.464,72,0,1,52,0,0,0,0,0,0,0x03
2026-09-06T20:36:15.528,75,0,2,50,0,0,0,0,0,0,0x03
2026-09-06T20:36:15.528,74,0,1,52,0,0,0,0,0,0,0x03
2026-09-06T20:36:15.593,77,0,2,50,0,0,0,0,0,0,0x03
2026-09-06T20:36:15.593,76,0,1,51,0,0,0,0,0,0,0x03
2026-09-06T20:36:15.658,79,0,2,54,0,0,0,0,0,0,0x03
2026-09-06T20:36:15.658,78,0,1,53,0,0,0,0,0,0,0x03
2026-09-06T20:36:15.740,81,0,2,52,0,0,0,0,0,0,0x03
2026-09-06T20:36:15.740,80,0,1,51,0,0,0,0,0,0,0x03
2026-09-06T20:36:15.806,83,0,2,51,0,0,0,0,0,0,0x03
2026-09-06T20:36:15.806,82,0,1,50,0,0,0,0,0,0,0x03
2026-09-06T20:36:15.870,85,0,2,52,0,0,0,0,0,0,0x03
2026-09-06T20:36:15.870,84,0,1,51,0,0,0,0,0,0,0x03
2026-09-06T20:36:15.936,87,0,2,50,0,0,0,0,0,0,0x03
2026-09-06T20:36:15.936,86,0,1,52,0,0,0,0,0,0,0x03
2026-09-06T20:36:16.001,89,0,2,52,0,0,0,0,0,0,0x03
2026-09-06T20:36:16.001,88,0,1,52,0,0,0,0,0,0,0x03
2026-09-06T20:36:16.066,91,0,2,51,0,0,0,0,0,0,0x03
2026-09-06T20:36:16.066,90,0,1,50,0,0,0,0,0,0,0x03
2026-09-06T20:36:16.132,93,0,2,50,0,0,0,0,0,0,0x03
2026-09-06T20:36:16.132,92,0,1,51,0,0,0,0,0,0,0x03
2026-09-06T20:36:16.196,95,0,2,51,0,0,0,0,0,0,0x03
2026-09-06T20:36:16.196,94,0,1,52,0,0,0,0,0,0,0x03
2026-09-06T20:36:16.261,97,0,2,50,0,0,0,0,0,0,0x03
2026-09-06T20:36:16.261,96,0,1,52,0,0,0,0,0,0,0x03
2026-09-06T20:36:16.342,99,0,2,54,0,0,0,0,0,0,0x03
2026-09-06T20:36:16.343,98,0,1,55,0,0,0,0,0,0,0x03
2026-09-06T20:36:16.407,101,0,2,51,0,0,0,0,0,0,0x03
2026-09-06T20:36:16.407,100,0,1,50,0,0,0,0,0,0,0x03
2026-09-06T20:36:16.472,103,0,2,50,0,0,0,0,0,0,0x03
2026-09-06T20:36:16.472,102,0,1,52,0,0,0,0,0,0,0x03
2026-09-06T20:36:16.537,105,0,2,51,0,0,0,0,0,0,0x03
2026-09-06T20:36:16.537,104,0,1,52,0,0,0,0,0,0,0x03
2026-09-06T20:36:16.602,107,0,2,51,0,0,0,0,0,0,0x03
2026-09-06T20:36:16.602,106,0,1,50,0,0,0,0,0,0,0x03
2026-09-06T20:36:16.667,109,0,2,51,0,0,0,0,0,0,0x03
2026-09-06T20:36:16.667,108,0,1,52,0,0,0,0,0,0,0x03
2026-09-06T20:36:16.732,111,0,2,52,0,0,0,0,0,0,0x03
2026-09-06T20:36:16.732,110,0,1,52,0,0,0,0,0,0,0x03
2026-09-06T20:36:16.797,113,0,2,51,0,0,0,0,0,0,0x03
2026-09-06T20:36:16.797,112,0,1,50,0,0,0,0,0,0,0x03
2026-09-06T20:36:16.878,115,0,2,52,0,0,0,0,0,0,0x03
2026-09-06T20:36:16.878,114,0,1,50,0,0,0,0,0,0,0x03
2026-09-06T20:36:16.943,117,0,2,51,0,0,0,0,0,0,0x03
2026-09-06T20:36:16.943,116,0,1,51,0,0,0,0,0,0,0x03
2026-09-06T20:36:17.008,119,0,2,51,0,0,0,0,0,0,0x03
2026-09-06T20:36:17.008,118,0,1,55,0,0,0,0,0,0,0x03
2026-09-06T20:36:17.074,121,0,2,52,0,0,0,0,0,0,0x03
2026-09-06T20:36:17.074,120,0,1,51,0,0,0,0,0,0,0x03
2026-09-06T20:36:17.138,123,0,2,50,0,0,0,0,0,0,0x03
2026-09-06T20:36:17.138,122,0,1,52,0,0,0,0,0,0,0x03
2026-09-06T20:36:17.204,125,0,2,51,0,0,0,0,0,0,0x03
2026-09-06T20:36:17.204,124,0,1,55,0,0,0,0,0,0,0x03
2026-09-06T20:36:17.269,127,0,2,52,0,0,0,0,0,0,0x03
2026-09-06T20:36:17.269,126,0,1,51,0,0,0,0,0,0,0x03
2026-09-06T20:36:17.334,129,0,2,51,0,0,0,0,0,0,0x03
2026-09-06T20:36:17.334,128,0,1,51,0,0,0,0,0,0,0x03
2026-09-06T20:36:17.415,131,0,2,51,0,0,0,0,0,0,0x03
2026-09-06T20:36:17.415,130,0,1,51,0,0,0,0,0,0,0x03
2026-09-06T20:36:17.480,133,0,2,50,0,0,0,0,0,0,0x03
2026-09-06T20:36:17.480,132,0,1,50,0,0,0,0,0,0,0x03
2026-09-06T20:36:17.545,135,0,2,51,0,0,0,0,0,0,0x03
2026-09-06T20:36:17.545,134,0,1,51,0,0,0,0,0,0,0x03
2026-09-06T20:36:17.611,137,0,2,50,0,0,0,0,0,0,0x03
2026-09-06T20:36:17.611,136,0,1,53,0,0,0,0,0,0,0x03
2026-09-06T20:36:17.675,139,0,2,50,0,0,0,0,0,0,0x03
2026-09-06T20:36:17.675,138,0,1,51,0,0,0,0,0,0,0x03
2026-09-06T20:36:17.740,141,0,2,50,0,0,0,0,0,0,0x03
2026-09-06T20:36:17.740,140,0,1,52,0,0,0,0,0,0,0x03
2026-09-06T20:36:17.805,143,0,2,56,3007,0,37677,3208,0,39952,0x07
2026-09-06T20:36:17.805,142,0,1,50,0,0,22950,0,0,28514,0x07
2026-09-06T20:36:17.870,145,0,2,51,3007,980,33510,3208,2255,30369,0x07
2026-09-06T20:36:17.870,144,0,1,50,2655,820,30750,3208,1820,34415,0x07
2026-09-06T20:36:17.935,147,0,2,51,3052,1078,33619,3208,1843,32119,0x07
2026-09-06T20:36:17.935,146,0,1,51,2810,1824,28344,3091,1471,34428,0x07
2026-09-06T20:36:18.016,149,0,2,51,3055,1216,33070,3208,1020,35619,0x07
2026-09-06T20:36:18.016,148,0,1,50,0,0,0,0,0,0,0x03
2026-09-06T20:36:18.081,151,0,2,55,1029,1145,9523,1696,1582,15262,0x07
2026-09-06T20:36:18.081,150,0,1,51,0,0,0,0,0,0,0x03
2026-09-06T20:36:18.146,153,0,2,51,1029,1098,9724,1696,1431,15902,0x07
2026-09-06T20:36:18.146,152,0,1,51,0,0,0,0,0,0,0x03
2026-09-06T20:36:18.211,155,0,2,50,570,1420,2949,1336,1380,11846,0x07
2026-09-06T20:36:18.211,154,0,1,51,0,0,0,0,0,0,0x03
2026-09-06T20:36:18.276,157,0,2,51,361,667,3692,1229,1314,10860,0x07
2026-09-06T20:36:18.276,156,0,1,52,0,0,0,0,0,0,0x03
2026-09-06T20:36:18.341,159,0,2,50,313,640,3242,1279,1240,11768,0x07
2026-09-06T20:36:18.341,158,0,1,52,0,0,0,0,0,0,0x03
2026-09-06T20:36:18.406,161,0,2,51,355,431,4613,1236,1137,11693,0x07
2026-09-06T20:36:18.406,160,0,1,51,0,0,0,0,0,0,0x03
2026-09-06T20:36:18.471,163,0,2,52,499,404,6425,1087,1058,10260,0x07
2026-09-06T20:36:18.471,162,0,1,51,0,0,0,0,0,0,0x03
2026-09-06T20:36:18.552,165,0,2,50,499,400,6441,1087,980,10590,0x07
2026-09-06T20:36:18.552,164,0,1,50,0,0,0,0,0,0,0x03
2026-09-06T20:36:18.617,167,0,2,50,945,480,11357,1345,900,13994,0x07
2026-09-06T20:36:18.617,166,0,1,50,0,0,0,0,0,0,0x03
2026-09-06T20:36:18.681,169,0,2,52,1884,615,21838,2109,885,23134,0x07
2026-09-06T20:36:18.681,168,0,1,50,0,0,0,0,0,0,0x03
2026-09-06T20:36:18.746,171,0,2,51,2538,882,28406,2671,1294,28071,0x07
2026-09-06T20:36:18.746,170,0,1,51,0,0,0,0,0,0,0x03
2026-09-06T20:36:18.811,173,0,2,51,2930,1294,31271,2990,1431,31274,0x07
2026-09-06T20:36:18.811,172,0,1,50,0,0,0,0,0,0,0x03
2026-09-06T20:36:18.876,175,0,2,52,3093,1769,31167,3121,1538,32370,0x07
2026-09-06T20:36:18.876,174,0,1,50,0,0,0,0,0,0,0x03
2026-09-06T20:36:18.941,177,0,2,51,3093,2176,29436,3171,1941,31261,0x07
2026-09-06T20:36:18.941,176,0,1,50,0,0,0,0,0,0,0x03
2026-09-06T20:36:19.007,179,0,2,50,3093,2440,28316,3194,2200,30436,0x07
2026-09-06T20:36:19.007,178,0,1,52,0,0,0,0,0,0,0x03
2026-09-06T20:36:19.089,181,0,2,50,3026,2380,27781,3208,2280,30262,0x07
2026-09-06T20:36:19.089,180,0,1,51,0,0,0,0,0,0,0x03
2026-09-06T20:36:19.154,183,0,2,50,0,0,0,0,0,0,0x03
2026-09-06T20:36:19.154,182,0,1,51,0,0,0,0,0,0,0x03
2026-09-06T20:36:19.218,185,0,2,51,0,0,0,0,0,0,0x03
2026-09-06T20:36:19.218,184,0,1,50,0,0,0,0,0,0,0x03
2026-09-06T20:36:19.284,187,0,2,50,0,0,0,0,0,0,0x03
2026-09-06T20:36:19.284,186,0,1,52,0,0,0,0,0,0,0x03
2026-09-06T20:36:19.349,189,0,2,50,0,0,22521,0,0,25828,0x07
2026-09-06T20:36:19.349,188,0,1,52,0,0,0,0,0,0,0x03
2026-09-06T20:36:19.415,191,0,2,50,2691,1880,25970,3144,1740,31797,0x07
2026-09-06T20:36:19.415,190,0,1,50,0,0,0,0,0,0,0x03
2026-09-06T20:36:19.479,193,0,2,50,2454,2640,19939,2948,2900,24534,0x07
2026-09-06T20:36:19.479,192,0,1,51,0,0,0,0,0,0,0x03
2026-09-06T20:36:19.545,195,0,2,54,0,0,0,0,0,0,0x03
2026-09-06T20:36:19.545,194,0,1,52,0,0,0,0,0,0,0x03
2026-09-06T20:36:19.610,197,0,2,50,0,0,15689,0,0,20042,0x07
2026-09-06T20:36:19.610,196,0,1,51,0,0,0,0,0,0,0x03
2026-09-06T20:36:19.691,199,0,2,50,1783,1120,18509,2386,1420,24147,0x07
2026-09-06T20:36:19.691,198,0,1,50,0,0,0,0,0,0,0x03
2026-09-06T20:36:19.756,201,0,2,50,1451,1940,11111,2094,2160,17539,0x07
2026-09-06T20:36:19.756,200,0,1,52,0,0,0,0,0,0,0x03
2026-09-06T20:36:19.822,203,0,2,50,1433,1420,13111,1995,1940,17294,0x07
2026-09-06T20:36:19.822,202,0,1,50,0,0,0,0,0,0,0x03
2026-09-06T20:36:19.887,205,0,2,50,1288,1480,11143,1889,1820,16548,0x07
2026-09-06T20:36:19.887,204,0,1,51,0,0,0,0,0,0,0x03
2026-09-06T20:36:19.952,207,0,2,55,0,0,0,0,0,0,0x03
2026-09-06T20:36:19.952,206,0,1,50,0,0,0,0,0,0,0x03
2026-09-06T20:36:20.017,209,0,2,50,0,0,15422,0,0,18307,0x07
2026-09-06T20:36:20.017,208,0,1,52,0,0,0,0,0,0,0x03
2026-09-06T20:36:20.082,211,0,2,52,1748,1058,18356,2158,1288,22004,0x07
2026-09-06T20:36:20.082,210,0,1,50,0,0,0,0,0,0,0x03
2026-09-06T20:36:20.148,213,0,2,51,1955,1804,17625,2354,1765,22307,0x07
2026-09-06T20:36:20.148,212,0,1,50,0,0,0,0,0,0,0x03
2026-09-06T20:36:20.213,215,0,2,50,2154,1460,21430,2522,1840,23975,0x07
2026-09-06T20:36:20.213,214,0,1,54,0,0,0,0,0,0,0x03
2026-09-06T20:36:20.279,217,0,2,51,2278,1490,22763,2642,1961,24888,0x07
2026-09-06T20:36:20.279,216,0,1,52,0,0,0,0,0,0,0x03
2026-09-06T20:36:20.359,219,0,2,51,2410,1647,23641,2745,1980,26035,0x07
2026-09-06T20:36:20.359,218,0,1,50,0,0,0,0,0,0,0x03
2026-09-06T20:36:20.424,221,0,2,52,2818,1962,27108,3035,2135,28818,0x07
2026-09-06T20:36:20.424,220,0,1,51,0,0,0,0,0,0,0x03
2026-09-06T20:36:20.488,223,0,2,51,2818,2118,26445,3035,2157,28723,0x07
2026-09-06T20:36:20.488,222,0,1,50,0,0,0,0,0,0,0x03
2026-09-06T20:36:20.554,225,0,2,50,2851,2300,26067,3090,2420,28258,0x07
2026-09-06T20:36:20.554,224,0,1,52,0,0,0,0,0,0,0x03
2026-09-06T20:36:20.619,227,0,2,50,2836,2420,25378,3108,2460,28300,0x07
2026-09-06T20:36:20.619,226,0,1,52,0,0,0,0,0,0,0x03
2026-09-06T20:36:20.684,229,0,2,50,2574,2440,22211,2913,2560,25559,0x07
2026-09-06T20:36:20.684,228,0,1,51,0,0,0,0,0,0,0x03
2026-09-06T20:36:20.749,231,0,2,50,0,0,3749,1791,2460,12665,0x07
2026-09-06T20:36:20.749,230,0,1,51,0,0,0,0,0,0,0x03
2026-09-06T20:36:20.814,233,0,2,54,-649,-593,7392,-1032,-37,13941,0x07
2026-09-06T20:36:20.814,232,0,1,51,0,0,0,0,0,0,0x03
2026-09-06T20:36:20.895,235,0,2,52,-649,-442,8031,-1032,-250,13036,0x07
2026-09-06T20:36:20.895,234,0,1,55,0,0,0,0,0,0,0x03
2026-09-06T20:36:20.961,237,0,2,52,-2294,-96,28871,-2157,0,27460,0x07
2026-09-06T20:36:20.961,236,0,1,52,0,0,0,0,0,0,0x03
2026-09-06T20:36:21.025,239,0,2,51,-3041,-725,34995,0,0,5183,0x07
2026-09-06T20:36:21.025,238,0,1,52,0,0,0,0,0,0,0x03
2026-09-06T20:36:21.090,241,0,2,50,-1893,-900,20731,0,0,8448,0x07
2026-09-06T20:36:21.090,240,0,1,55,0,0,0,0,0,0,0x03
2026-09-06T20:36:21.156,243,0,2,52,-1106,-942,11292,-866,-212,11229,0x07
2026-09-06T20:36:21.156,242,0,1,51,0,0,0,0,0,0,0x03
2026-09-06T20:36:21.221,245,0,2,51,-1820,-902,19865,-1632,-843,17640,0x07
2026-09-06T20:36:21.221,244,0,1,50,0,0,0,0,0,0,0x03
2026-09-06T20:36:21.286,247,0,2,51,-2021,-1255,20733,-1678,-765,18519,0x07
2026-09-06T20:36:21.286,246,0,1,52,0,0,0,0,0,0,0x03
2026-09-06T20:36:21.351,249,0,2,51,-1973,-1255,20168,-1539,-784,16785,0x07
2026-09-06T20:36:21.351,248,0,1,51,0,0,0,0,0,0,0x03
2026-09-06T20:36:21.416,251,0,2,50,-1870,-1440,18163,-1497,-1000,15377,0x07
2026-09-06T20:36:21.416,250,0,1,51,0,0,0,0,0,0,0x03
2026-09-06T20:36:21.498,253,0,2,53,-1535,-1151,15454,-1053,-1000,10102,0x07
2026-09-06T20:36:21.498,252,0,1,50,0,0,0,0,0,0,0x03
2026-09-06T20:36:21.562,255,0,2,51,0,0,7064,-1053,-1137,9519,0x07
2026-09-06T20:36:21.562,254,0,1,50,0,0,0,0,0,0,0x03
2026-09-06T20:36:21.627,257,0,2,50,0,0,4213,-2265,-1100,24070,0x07
2026-09-06T20:36:21.627,256,0,1,50,0,0,0,0,0,0,0x03
2026-09-06T20:36:21.692,259,0,2,52,0,0,7201,0,0,11729,0x07
2026-09-06T20:36:21.692,258,0,1,52,0,0,0,0,0,0,0x03
2026-09-06T20:36:21.757,261,0,2,50,655,60,9731,1296,340,15792,0x07
2026-09-06T20:36:21.757,260,0,1,50,0,0,0,0,0,0,0x03
2026-09-06T20:36:22.016,263,0,2,51,1108,0,15321,1590,1059,16224,0x07
2026-09-06T20:36:22.016,262,0,1,50,0,0,0,0,0,0,0x03
2026-09-06T20:36:23.698,265,0,2,52,627,269,8504,1370,365,16558,0x07
2026-09-06T20:36:23.698,264,0,1,51,0,0,0,0,0,0,0x03
2026-09-06T20:36:23.763,267,0,2,51,627,373,8065,1370,627,15444,0x07
2026-09-06T20:36:23.763,266,0,1,52,0,0,0,0,0,0,0x03
2026-09-06T20:36:23.844,269,0,2,51,0,0,3736,0,0,11283,0x07
2026-09-06T20:36:23.844,268,0,1,50,0,0,0,0,0,0,0x03
2026-09-06T20:36:23.892,271,0,2,50,0,0,0,0,0,0,0x03
2026-09-06T20:36:23.892,270,0,1,51,0,0,0,0,0,0,0x03
2026-09-06T20:36:23.974,273,0,2,50,0,0,21299,0,0,21804,0x07
2026-09-06T20:36:23.974,272,0,1,50,0,0,0,0,0,0,0x03
2026-09-06T20:36:24.038,275,0,2,51,-2529,-1490,25715,-2617,-1961,24593,0x07
2026-09-06T20:36:24.038,274,0,1,50,0,0,0,0,0,0,0x03
2026-09-06T20:36:24.103,277,0,2,50,-2379,-1520,23824,-2322,-1220,24241,0x07
2026-09-06T20:36:24.103,276,0,1,54,0,0,0,0,0,0,0x03
2026-09-06T20:36:24.168,279,0,2,53,-2019,-1019,21716,-1794,-1057,18662,0x07
2026-09-06T20:36:24.168,278,0,1,50,0,0,0,0,0,0,0x03
2026-09-06T20:36:24.233,281,0,2,51,-2019,-1137,21213,-1794,-1216,17986,0x07
2026-09-06T20:36:24.233,280,0,1,52,0,0,0,0,0,0,0x03
2026-09-06T20:36:24.298,283,0,2,50,-1736,-1400,16763,-1285,-1340,11409,0x07
2026-09-06T20:36:24.298,282,0,1,51,0,0,0,0,0,0,0x03
2026-09-06T20:36:24.379,285,0,2,50,0,0,22310,0,0,24637,0x07
2026-09-06T20:36:24.379,284,0,1,50,0,0,0,0,0,0,0x03
2026-09-06T20:36:24.445,287,0,2,51,2663,1059,29130,2988,1745,29921,0x07
2026-09-06T20:36:24.445,286,0,1,51,0,0,0,0,0,0,0x03
2026-09-06T20:36:24.510,289,0,2,50,0,0,9061,0,0,11299,0x07
2026-09-06T20:36:24.510,288,0,1,54,0,0,0,0,0,0,0x03
2026-09-06T20:36:24.575,291,0,2,55,2319,73,29268,2722,55,33941,0x07
2026-09-06T20:36:24.575,290,0,1,51,0,0,0,0,0,0,0x03
2026-09-06T20:36:24.640,293,0,2,51,2319,1451,23410,2722,1510,27757,0x07
2026-09-06T20:36:24.640,292,0,1,50,0,0,0,0,0,0,0x03
2026-09-06T20:36:24.705,295,0,2,51,2471,1353,25615,2794,1549,28446,0x07
2026-09-06T20:36:24.705,294,0,1,50,0,0,0,0,0,0,0x03
2026-09-06T20:36:24.771,297,0,2,51,2593,804,29378,2886,941,32118,0x07
2026-09-06T20:36:24.771,296,0,1,51,0,0,0,0,0,0,0x03
2026-09-06T20:36:24.835,299,0,2,55,2727,1345,28654,3006,1400,31604,0x07
2026-09-06T20:36:24.835,298,0,1,52,0,0,0,0,0,0,0x03
2026-09-06T20:36:24.900,301,0,2,51,2727,1529,27872,3006,1451,31387,0x07
2026-09-06T20:36:24.900,300,0,1,50,0,0,0,0,0,0,0x03
2026-09-06T20:36:24.965,303,0,2,50,2651,1840,25663,3002,1700,30274,0x07
2026-09-06T20:36:24.965,302,0,1,51,0,0,0,0,0,0,0x03
2026-09-06T20:36:25.047,305,0,2,51,2600,1843,25053,2964,1922,28887,0x07
2026-09-06T20:36:25.047,304,0,1,50,0,0,0,0,0,0,0x03
2026-09-06T20:36:25.111,307,0,2,58,2058,2034,17860,2627,2138,23956,0x07
2026-09-06T20:36:25.111,306,0,1,51,0,0,0,0,0,0,0x03
2026-09-06T20:36:25.175,309,0,2,51,2058,1902,18423,2627,2275,23376,0x07
2026-09-06T20:36:25.175,308,0,1,51,0,0,0,0,0,0,0x03
2026-09-06T20:36:25.240,311,0,2,50,1719,2020,13926,2335,2200,20230,0x07
2026-09-06T20:36:25.241,310,0,1,50,0,0,0,0,0,0,0x03
2026-09-06T20:36:25.305,313,0,2,50,1397,1580,12006,2044,2180,16859,0x07
2026-09-06T20:36:25.305,312,0,1,51,0,0,0,0,0,0,0x03
2026-09-06T20:36:25.370,315,0,2,51,1171,1373,10226,1818,2000,14932,0x07
2026-09-06T20:36:25.370,314,0,1,51,0,0,0,0,0,0,0x03
2026-09-06T20:36:25.435,317,0,2,51,861,1451,6246,1560,2000,11867,0x07
2026-09-06T20:36:25.435,316,0,1,52,0,0,0,0,0,0,0x03
2026-09-06T20:36:25.516,319,0,2,50,869,1300,6974,1492,1700,12344,0x07
2026-09-06T20:36:25.516,318,0,1,50,0,0,0,0,0,0,0x03
2026-09-06T20:36:25.581,321,0,2,51,941,1157,8438,1532,1588,13292,0x07
2026-09-06T20:36:25.581,320,0,1,54,0,0,0,0,0,0,0x03
2026-09-06T20:36:25.646,323,0,2,50,926,1040,8751,1536,1520,13629,0x07
2026-09-06T20:36:25.646,322,0,1,51,0,0,0,0,0,0,0x03
2026-09-06T20:36:25.711,325,0,2,55,1521,982,16001,1961,1382,19266,0x07
2026-09-06T20:36:25.711,324,0,1,50,0,0,0,0,0,0,0x03
2026-09-06T20:36:25.776,327,0,2,52,1521,1423,14126,1961,1481,18846,0x07
2026-09-06T20:36:25.776,326,0,1,52,0,0,0,0,0,0,0x03
2026-09-06T20:36:25.841,329,0,2,51,1743,882,19043,2174,1373,21834,0x07
2026-09-06T20:36:25.841,328,0,1,52,0,0,0,0,0,0,0x03
2026-09-06T20:36:25.906,331,0,2,50,2204,1060,23718,2493,1440,25334,0x07
2026-09-06T20:36:25.906,330,0,1,52,0,0,0,0,0,0,0x03
2026-09-06T20:36:25.971,333,0,2,56,2868,1518,29582,3010,1804,29934,0x07
2026-09-06T20:36:25.971,332,0,1,50,0,0,0,0,0,0,0x03
2026-09-06T20:36:26.052,335,0,2,50,2868,1800,28383,3010,1820,29864,0x07
2026-09-06T20:36:26.052,334,0,1,50,0,0,0,0,0,0,0x03
2026-09-06T20:36:26.117,337,0,2,51,3024,1980,29455,3119,2118,29888,0x07
2026-09-06T20:36:26.117,336,0,1,52,0,0,0,0,0,0,0x03
2026-09-06T20:36:26.182,339,0,2,50,3093,2200,29336,3149,2360,29212,0x07
2026-09-06T20:36:26.182,338,0,1,51,0,0,0,0,0,0,0x03
2026-09-06T20:36:26.247,341,0,2,51,3064,2510,27681,3021,2412,27478,0x07
2026-09-06T20:36:26.247,340,0,1,50,0,0,0,0,0,0,0x03
2026-09-06T20:36:26.312,343,0,2,51,0,0,18435,0,0,15504,0x07
2026-09-06T20:36:26.312,342,0,1,52,0,0,0,0,0,0,0x03
2026-09-06T20:36:26.377,345,0,2,52,-2364,-750,26915,-2198,-481,25907,0x07
2026-09-06T20:36:26.377,344,0,1,50,0,0,0,0,0,0,0x03
2026-09-06T20:36:26.442,347,0,2,51,-2364,-1608,23269,-2198,-157,27284,0x07
2026-09-06T20:36:26.442,346,0,1,51,0,0,0,0,0,0,0x03
2026-09-06T20:36:26.507,349,0,2,50,-1150,-1880,7815,-3038,0,37928,0x07
2026-09-06T20:36:26.507,348,0,1,50,0,0,0,0,0,0,0x03
2026-09-06T20:36:26.588,351,0,2,52,-2500,-288,30482,-2675,-231,32640,0x07
2026-09-06T20:36:26.588,350,0,1,51,0,0,0,0,0,0,0x03
2026-09-06T20:36:26.654,353,0,2,57,-2774,-842,31357,-1388,-1105,13629,0x07
2026-09-06T20:36:26.654,352,0,1,53,0,0,0,0,0,0,0x03
2026-09-06T20:36:26.719,355,0,2,51,-2774,-1392,29020,-1388,-1118,13576,0x07
2026-09-06T20:36:26.719,354,0,1,50,0,0,0,0,0,0,0x03
2026-09-06T20:36:26.783,357,0,2,51,-1864,-1667,17131,-1228,-1137,11597,0x07
2026-09-06T20:36:26.783,356,0,1,52,0,0,0,0,0,0,0x03
2026-09-06T20:36:26.848,359,0,2,51,-1344,-1490,11757,-603,-765,5755,0x07
2026-09-06T20:36:26.848,358,0,1,52,0,0,0,0,0,0,0x03
2026-09-06T20:36:26.914,361,0,2,51,-1156,-1392,9964,-405,-510,4486,0x07
2026-09-06T20:36:26.914,360,0,1,50,0,0,0,0,0,0,0x03
2026-09-06T20:36:26.978,363,0,2,51,-2556,-1255,27029,-3208,-549,37619,0x07
2026-09-06T20:36:26.978,362,0,1,51,0,0,0,0,0,0,0x03
2026-09-06T20:36:27.043,365,0,2,59,-3048,-1695,30958,-3078,-2186,29109,0x07
2026-09-06T20:36:27.043,364,0,1,50,0,0,0,0,0,0,0x03
2026-09-06T20:36:27.124,367,0,2,55,-3064,-1800,30695,-3085,-1600,31688,0x07
2026-09-06T20:36:27.124,366,0,1,52,0,0,0,0,0,0,0x03
2026-09-06T20:36:27.189,369,0,2,51,-3064,-2000,29845,-3085,-1784,30905,0x07
2026-09-06T20:36:27.189,368,0,1,51,0,0,0,0,0,0,0x03
2026-09-06T20:36:27.254,371,0,2,50,-3070,-2220,28981,-3054,-2100,29189,0x07
2026-09-06T20:36:27.254,370,0,1,51,0,0,0,0,0,0,0x03
2026-09-06T20:36:27.319,373,0,2,50,-3027,-2380,27801,-2961,-2380,26894,0x07
2026-09-06T20:36:27.319,372,0,1,51,0,0,0,0,0,0,0x03
2026-09-06T20:36:27.385,375,0,2,50,-2339,-2600,18754,-2148,-2520,16650,0x07
2026-09-06T20:36:27.385,374,0,1,50,0,0,0,0,0,0,0x03
2026-09-06T20:36:27.450,377,0,2,50,-2724,-2320,24480,-2264,-2280,19046,0x07
2026-09-06T20:36:27.450,376,0,1,50,0,0,0,0,0,0,0x03
2026-09-06T20:36:27.515,379,0,2,55,-1899,-2400,14424,-1251,-2109,7741,0x07
2026-09-06T20:36:27.515,378,0,1,50,0,0,0,0,0,0,0x03
2026-09-06T20:36:27.580,381,0,2,51,-1899,-1980,16207,-1251,-1510,10288,0x07
2026-09-06T20:36:27.580,380,0,1,50,0,0,0,0,0,0,0x03
2026-09-06T20:36:27.645,383,0,2,51,-1210,-1882,8520,-349,-1353,234,0x07
2026-09-06T20:36:27.645,382,0,1,51,0,0,0,0,0,0,0x03
2026-09-06T20:36:27.726,385,0,2,50,-1240,-1540,10320,-318,-1300,96,0x07
2026-09-06T20:36:27.726,384,0,1,55,0,0,0,0,0,0,0x03
2026-09-06T20:36:27.791,387,0,2,51,0,0,11328,0,0,6603,0x07
2026-09-06T20:36:27.791,386,0,1,52,0,0,0,0,0,0,0x03
2026-09-06T20:36:27.856,389,0,2,50,1204,360,14914,624,180,8490,0x07
2026-09-06T20:36:27.856,388,0,1,50,0,0,0,0,0,0,0x03
2026-09-06T20:36:27.921,391,0,2,52,1208,250,15430,599,115,8465,0x07
2026-09-06T20:36:27.921,390,0,1,50,0,0,0,0,0,0,0x03
2026-09-06T20:36:27.987,393,0,2,51,1208,451,14576,599,255,7872,0x07
2026-09-06T20:36:27.987,392,0,1,52,0,0,0,0,0,0,0x03
2026-09-06T20:36:28.052,395,0,2,50,1117,540,13133,445,340,5682,0x07
2026-09-06T20:36:28.052,394,0,1,51,0,0,0,0,0,0,0x03
2026-09-06T20:36:28.117,397,0,2,51,1127,608,12959,435,373,5423,0x07
2026-09-06T20:36:28.117,396,0,1,50,0,0,0,0,0,0,0x03
2026-09-06T20:36:28.182,399,0,2,50,1114,680,12498,449,440,5303,0x07
2026-09-06T20:36:28.182,398,0,1,50,0,0,0,0,0,0,0x03
2026-09-06T20:36:28.247,401,0,2,51,1111,667,12519,452,392,5538,0x07
2026-09-06T20:36:28.247,400,0,1,50,0,0,0,0,0,0,0x03
2026-09-06T20:36:28.328,403,0,2,51,1104,686,12352,459,451,5375,0x07
2026-09-06T20:36:28.328,402,0,1,50,0,0,0,0,0,0,0x03
2026-09-06T20:36:28.393,405,0,2,52,1131,769,12322,578,385,7076,0x07
2026-09-06T20:36:28.393,404,0,1,50,0,0,0,0,0,0,0x03
2026-09-06T20:36:28.458,407,0,2,50,1131,780,12276,578,380,7095,0x07
2026-09-06T20:36:28.458,406,0,1,52,0,0,0,0,0,0,0x03
2026-09-06T20:36:28.523,409,0,2,51,1266,882,13425,749,392,9068,0x07
2026-09-06T20:36:28.523,408,0,1,53,0,0,0,0,0,0,0x03
2026-09-06T20:36:28.588,411,0,2,51,1553,902,16728,1168,431,13886,0x07
2026-09-06T20:36:28.588,410,0,1,51,0,0,0,0,0,0,0x03
2026-09-06T20:36:28.653,413,0,2,50,1892,1000,20302,1609,540,18658,0x07
2026-09-06T20:36:28.653,412,0,1,51,0,0,0,0,0,0,0x03
2026-09-06T20:36:28.718,415,0,2,51,2150,1078,22995,1899,647,21645,0x07
2026-09-06T20:36:28.718,414,0,1,50,0,0,0,0,0,0,0x03
2026-09-06T20:36:28.783,417,0,2,53,2681,1472,27577,2634,1132,28315,0x07
2026-09-06T20:36:28.783,416,0,1,50,0,0,0,0,0,0,0x03
2026-09-06T20:36:28.848,419,0,2,50,2681,1540,27287,2634,1480,26836,0x07
2026-09-06T20:36:28.848,418,0,1,51,0,0,0,0,0,0,0x03
2026-09-06T20:36:28.930,421,0,2,51,2860,1804,28279,2890,1608,29339,0x07
2026-09-06T20:36:28.930,420,0,1,50,0,0,0,0,0,0,0x03
2026-09-06T20:36:28.994,423,0,2,51,2964,2059,28415,2987,1745,29904,0x07
2026-09-06T20:36:28.994,422,0,1,52,0,0,0,0,0,0,0x03
2026-09-06T20:36:29.059,425,0,2,50,3020,2260,28227,3098,2160,29462,0x07
2026-09-06T20:36:29.059,424,0,1,50,0,0,0,0,0,0,0x03
2026-09-06T20:36:29.124,427,0,2,50,3052,2540,27407,3192,2300,29978,0x07
2026-09-06T20:36:29.124,426,0,1,52,0,0,0,0,0,0,0x03
2026-09-06T20:36:29.189,429,0,2,56,3061,2625,27153,3208,2482,29403,0x07
2026-09-06T20:36:29.189,428,0,1,55,0,0,0,0,0,0,0x03
2026-09-06T20:36:29.255,431,0,2,52,3061,2519,27602,3208,2558,29082,0x07
2026-09-06T20:36:29.255,430,0,1,51,0,0,0,0,0,0,0x03
2026-09-06T20:36:29.319,433,0,2,50,3063,2760,26606,3208,2720,28392,0x07
2026-09-06T20:36:29.319,432,0,1,51,0,0,0,0,0,0,0x03
2026-09-06T20:36:29.384,435,0,2,51,3068,2706,26896,3208,2706,28452,0x07
2026-09-06T20:36:29.384,434,0,1,51,0,0,0,0,0,0,0x03
2026-09-06T20:36:29.466,437,0,2,56,2969,2643,25997,3208,2732,28340,0x07
2026-09-06T20:36:29.466,436,0,1,51,0,0,0,0,0,0,0x03
2026-09-06T20:36:29.531,439,0,2,50,2969,2840,25159,3208,2880,27712,0x07
2026-09-06T20:36:29.531,438,0,1,50,0,0,0,0,0,0,0x03
2026-09-06T20:36:29.596,441,0,2,51,2936,2843,24759,3200,2843,27769,0x07
2026-09-06T20:36:29.596,440,0,1,52,0,0,0,0,0,0,0x03
2026-09-06T20:36:29.660,443,0,2,51,2919,2686,25223,3178,2804,27669,0x07
2026-09-06T20:36:29.660,442,0,1,51,0,0,0,0,0,0,0x03
2026-09-06T20:36:29.725,445,0,2,51,2188,2843,15953,2537,2961,19395,0x07
2026-09-06T20:36:29.725,444,0,1,50,0,0,0,0,0,0,0x03
2026-09-06T20:36:29.790,447,0,2,50,515,2520,4822,1853,2640,12631,0x07
2026-09-06T20:36:29.790,446,0,1,51,0,0,0,0,0,0,0x03
2026-09-06T20:36:29.855,449,0,2,51,241,216,4187,1355,627,15269,0x07
2026-09-06T20:36:29.855,448,0,1,50,0,0,0,0,0,0,0x03
2026-09-06T20:36:29.920,451,0,2,52,0,0,8531,0,0,12916,0x07
2026-09-06T20:36:29.920,450,0,1,50,0,0,0,0,0,0,0x03
2026-09-06T20:36:30.002,453,0,2,51,-832,-255,10984,-1452,-353,17586,0x07
2026-09-06T20:36:30.002,452,0,1,51,0,0,0,0,0,0,0x03
2026-09-06T20:36:30.067,455,0,2,52,-1278,-788,13967,-1737,-1173,17493,0x07
2026-09-06T20:36:30.067,454,0,1,51,0,0,0,0,0,0,0x03
2026-09-06T20:36:30.132,457,0,2,51,-1381,-373,16950,-1894,-392,22666,0x07
2026-09-06T20:36:30.132,456,0,1,51,0,0,0,0,0,0,0x03
2026-09-06T20:36:30.197,459,0,2,51,-1406,-627,16158,-1942,-647,22165,0x07
2026-09-06T20:36:30.198,458,0,1,50,0,0,0,0,0,0,0x03
2026-09-06T20:36:30.262,461,0,2,50,-1000,-960,9970,-1664,-1020,17272,0x07
2026-09-06T20:36:30.262,460,0,1,50,0,0,0,0,0,0,0x03
2026-09-06T20:36:30.327,463,0,2,50,-1000,-1040,9630,-1664,-1040,17187,0x07
2026-09-06T20:36:30.327,462,0,1,50,0,0,0,0,0,0,0x03
2026-09-06T20:36:30.393,465,0,2,50,-524,-1040,4015,-1297,-1200,12154,0x07
2026-09-06T20:36:30.393,464,0,1,51,0,0,0,0,0,0,0x03
2026-09-06T20:36:30.458,467,0,2,51,0,0,4644,0,0,7203,0x07
2026-09-06T20:36:30.458,466,0,1,50,0,0,0,0,0,0,0x03
2026-09-06T20:36:30.539,469,0,2,51,315,118,5485,703,373,8607,0x07
2026-09-06T20:36:30.539,468,0,1,52,0,0,0,0,0,0,0x03
2026-09-06T20:36:30.603,471,0,2,51,1184,39,16040,1145,373,13857,0x07
2026-09-06T20:36:30.603,470,0,1,52,0,0,0,0,0,0,0x03
2026-09-06T20:36:30.668,473,0,2,51,1666,78,21549,1841,78,23371,0x07
2026-09-06T20:36:30.669,472,0,1,51,0,0,0,0,0,0,0x03
2026-09-06T20:36:30.733,475,0,2,52,2081,577,24324,2334,635,26870,0x07
2026-09-06T20:36:30.733,474,0,1,52,0,0,0,0,0,0,0x03
2026-09-06T20:36:30.798,477,0,2,51,2233,922,24640,2561,941,28261,0x07
2026-09-06T20:36:30.798,476,0,1,50,0,0,0,0,0,0,0x03
2026-09-06T20:36:30.863,479,0,2,51,2153,1137,22786,2526,1176,26845,0x07
2026-09-06T20:36:30.863,478,0,1,50,0,0,0,0,0,0,0x03
2026-09-06T20:36:30.927,481,0,2,51,1977,1275,20132,2308,1549,22668,0x07
2026-09-06T20:36:30.927,480,0,1,51,0,0,0,0,0,0,0x03
2026-09-06T20:36:31.008,483,0,2,50,1452,1440,13244,1902,1660,17374,0x07
2026-09-06T20:36:31.008,482,0,1,50,0,0,0,0,0,0,0x03
2026-09-06T20:36:31.073,485,0,2,50,0,0,4149,1383,1640,11297,0x07
2026-09-06T20:36:31.074,484,0,1,50,0,0,0,0,0,0,0x03
2026-09-06T20:36:31.138,487,0,2,52,-300,-173,5063,-847,-38,11744,0x07
2026-09-06T20:36:31.138,486,0,1,50,0,0,0,0,0,0,0x03
2026-09-06T20:36:31.203,489,0,2,51,-300,-333,4382,-847,-471,9907,0x07
2026-09-06T20:36:31.204,488,0,1,50,0,0,0,0,0,0,0x03
2026-09-06T20:36:31.268,491,0,2,50,-1135,-300,14359,-1349,-560,15485,0x07
2026-09-06T20:36:31.268,490,0,1,52,0,0,0,0,0,0,0x03
2026-09-06T20:36:31.333,493,0,2,51,-1133,-333,14198,-1697,-1196,16914,0x07
2026-09-06T20:36:31.333,492,0,1,52,0,0,0,0,0,0,0x03
2026-09-06T20:36:31.398,495,0,2,52,-1103,-673,12396,-1686,-577,19416,0x07
2026-09-06T20:36:31.398,494,0,1,50,0,0,0,0,0,0,0x03
2026-09-06T20:36:31.463,497,0,2,51,-1057,-510,12550,-1596,-725,17712,0x07
2026-09-06T20:36:31.463,496,0,1,50,0,0,0,0,0,0,0x03
2026-09-06T20:36:31.544,499,0,2,51,-876,-608,10004,-1467,-902,15432,0x07
2026-09-06T20:36:31.544,498,0,1,50,0,0,0,0,0,0,0x03
2026-09-06T20:36:31.592,501,0,2,51,-562,-569,6477,-1233,-980,12322,0x07
2026-09-06T20:36:31.592,500,0,1,52,0,0,0,0,0,0,0x03
2026-09-06T20:36:31.674,503,0,2,50,0,0,2274,-943,-920,9128,0x07
2026-09-06T20:36:31.674,502,0,1,50,0,0,0,0,0,0,0x03
2026-09-06T20:36:31.739,505,0,2,55,122,18,3632,-978,-818,9976,0x07
2026-09-06T20:36:31.739,504,0,1,52,0,0,0,0,0,0,0x03
2026-09-06T20:36:31.804,507,0,2,55,122,18,3632,0,0,8845,0x07
2026-09-06T20:36:31.804,506,0,1,52,0,0,0,0,0,0,0x03
2026-09-06T20:36:31.869,509,0,2,50,320,0,6037,918,500,10622,0x07
2026-09-06T20:36:31.869,508,0,1,52,0,0,0,0,0,0,0x03
2026-09-06T20:36:31.934,511,0,2,50,700,40,10339,1120,640,12429,0x07
2026-09-06T20:36:31.934,510,0,1,51,0,0,0,0,0,0,0x03
2026-09-06T20:36:31.998,513,0,2,54,762,130,10690,1302,111,16835,0x07
2026-09-06T20:36:31.998,512,0,1,52,0,0,0,0,0,0,0x03
2026-09-06T20:36:32.080,515,0,2,50,762,200,10391,1302,240,16288,0x07
2026-09-06T20:36:32.080,514,0,1,50,0,0,0,0,0,0,0x03
2026-09-06T20:36:32.129,517,0,2,50,633,300,8448,1254,360,15212,0x07
2026-09-06T20:36:32.129,516,0,1,51,0,0,0,0,0,0,0x03
2026-09-06T20:36:32.210,519,0,2,51,415,314,5823,1098,412,13138,0x07
2026-09-06T20:36:32.210,518,0,1,51,0,0,0,0,0,0,0x03
2026-09-06T20:36:32.276,521,0,2,51,430,294,6082,1035,588,11636,0x07
2026-09-06T20:36:32.276,520,0,1,51,0,0,0,0,0,0,0x03
2026-09-06T20:36:32.340,523,0,2,52,210,250,3679,910,596,10122,0x07
2026-09-06T20:36:32.340,522,0,1,52,0,0,0,0,0,0,0x03
2026-09-06T20:36:32.405,525,0,2,51,133,255,2753,804,569,8975,0x07
2026-09-06T20:36:32.405,524,0,1,52,0,0,0,0,0,0,0x03
2026-09-06T20:36:32.471,527,0,2,51,95,39,3221,758,529,8593,0x07
2026-09-06T20:36:32.471,526,0,1,50,0,0,0,0,0,0,0x03
2026-09-06T20:36:32.536,529,0,2,50,68,0,3077,730,560,8138,0x07
2026-09-06T20:36:32.536,528,0,1,51,0,0,0,0,0,0,0x03
2026-09-06T20:36:32.602,531,0,2,50,41,0,2752,754,500,8669,0x07
2026-09-06T20:36:32.602,530,0,1,51,0,0,0,0,0,0,0x03
2026-09-06T20:36:32.666,533,0,2,52,65,0,3033,708,423,8454,0x07
2026-09-06T20:36:32.666,532,0,1,50,0,0,0,0,0,0,0x03
2026-09-06T20:36:32.746,535,0,2,51,65,0,3033,708,392,8586,0x07
2026-09-06T20:36:32.746,534,0,1,52,0,0,0,0,0,0,0x03
2026-09-06T20:36:32.811,537,0,2,51,65,0,3041,693,373,8486,0x07
2026-09-06T20:36:32.811,536,0,1,51,0,0,0,0,0,0,0x03
2026-09-06T20:36:32.877,539,0,2,51,102,0,3467,716,333,8932,0x07
2026-09-06T20:36:32.877,538,0,1,51,0,0,0,0,0,0,0x03
2026-09-06T20:36:32.941,541,0,2,50,132,0,3828,764,320,9558,0x07
2026-09-06T20:36:32.941,540,0,1,52,0,0,0,0,0,0,0x03
2026-09-06T20:36:33.005,543,0,2,50,225,0,4920,800,360,9816,0x07
2026-09-06T20:36:33.005,542,0,1,53,0,0,0,0,0,0,0x03
2026-09-06T20:36:33.070,545,0,2,54,272,315,4138,840,389,10172,0x07
2026-09-06T20:36:33.070,544,0,1,50,0,0,0,0,0,0,0x03
2026-09-06T20:36:33.136,547,0,2,51,272,255,4393,840,431,9991,0x07
2026-09-06T20:36:33.136,546,0,1,50,0,0,0,0,0,0,0x03
2026-09-06T20:36:33.201,549,0,2,51,330,196,5323,870,451,10266,0x07
2026-09-06T20:36:33.201,548,0,1,52,0,0,0,0,0,0,0x03
2026-09-06T20:36:33.283,551,0,2,51,343,255,5228,873,431,10374,0x07
2026-09-06T20:36:33.283,550,0,1,52,0,0,0,0,0,0,0x03
2026-09-06T20:36:33.348,553,0,2,56,355,286,5232,895,411,10727,0x07
2026-09-06T20:36:33.348,552,0,1,52,0,0,0,0,0,0,0x03
2026-09-06T20:36:33.413,555,0,2,51,355,333,5029,895,392,10806,0x07
2026-09-06T20:36:33.413,554,0,1,51,0,0,0,0,0,0,0x03
2026-09-06T20:36:33.479,557,0,2,50,269,260,4336,853,360,10444,0x07
2026-09-06T20:36:33.479,556,0,1,52,0,0,0,0,0,0,0x03
2026-09-06T20:36:33.544,559,0,2,51,0,0,3413,724,392,8777,0x07
2026-09-06T20:36:33.545,558,0,1,50,0,0,0,0,0,0,0x03
2026-09-06T20:36:33.609,561,0,2,50,-152,-60,3803,695,400,8403,0x07
2026-09-06T20:36:33.609,560,0,1,51,0,0,0,0,0,0,0x03
2026-09-06T20:36:33.673,563,0,2,50,-180,0,4392,716,400,8653,0x07
2026-09-06T20:36:33.673,562,0,1,50,0,0,0,0,0,0,0x03
2026-09-06T20:36:33.739,565,0,2,56,-183,-54,4192,735,393,8903,0x07
2026-09-06T20:36:33.739,564,0,1,52,0,0,0,0,0,0,0x03
2026-09-06T20:36:33.819,567,0,2,51,-183,-176,3670,735,373,8989,0x07
2026-09-06T20:36:33.819,566,0,1,52,0,0,0,0,0,0,0x03
2026-09-06T20:36:33.885,569,0,2,52,-104,-77,3168,695,365,8546,0x07
2026-09-06T20:36:33.885,568,0,1,50,0,0,0,0,0,0,0x03
2026-09-06T20:36:33.949,571,0,2,51,-164,0,4201,778,314,9755,0x07
2026-09-06T20:36:33.949,570,0,1,50,0,0,0,0,0,0,0x03
2026-09-06T20:36:34.015,573,0,2,50,-64,0,3025,688,180,9250,0x07
2026-09-06T20:36:34.015,572,0,1,51,0,0,0,0,0,0,0x03
2026-09-06T20:36:34.079,575,0,2,50,-44,0,2792,678,100,9470,0x07
2026-09-06T20:36:34.079,574,0,1,51,0,0,0,0,0,0,0x03
2026-09-06T20:36:34.144,577,0,2,50,-80,0,3208,682,20,9856,0x07
2026-09-06T20:36:34.144,576,0,1,51,0,0,0,0,0,0,0x03
2026-09-06T20:36:34.209,579,0,2,52,-127,0,3769,719,0,10378,0x07
2026-09-06T20:36:34.209,578,0,1,50,0,0,0,0,0,0,0x03
2026-09-06T20:36:34.274,581,0,2,50,-120,0,3690,703,0,10194,0x07
2026-09-06T20:36:34.274,580,0,1,58,0,0,0,0,0,0,0x03
2026-09-06T20:36:34.356,583,0,2,51,-126,0,3748,702,0,10177,0x07
2026-09-06T20:36:34.356,582,0,1,50,0,0,0,0,0,0,0x03
2026-09-06T20:36:34.421,585,0,2,50,-78,0,3189,622,0,9229,0x07
2026-09-06T20:36:34.421,584,0,1,51,0,0,0,0,0,0,0x03
2026-09-06T20:36:34.486,587,0,2,50,-78,0,3189,622,0,9229,0x07
2026-09-06T20:36:34.486,586,0,1,51,0,0,0,0,0,0,0x03
2026-09-06T20:36:34.551,589,0,2,51,-164,0,4201,728,0,10490,0x07
2026-09-06T20:36:34.551,588,0,1,50,0,0,0,0,0,0,0x03
2026-09-06T20:36:34.616,591,0,2,51,-132,0,3824,693,0,10074,0x07
2026-09-06T20:36:34.616,590,0,1,50,0,0,0,0,0,0,0x03
2026-09-06T20:36:34.681,593,0,2,50,-131,0,3812,691,0,10045,0x07
2026-09-06T20:36:34.681,592,0,1,50,0,0,0,0,0,0,0x03
2026-09-06T20:36:34.746,595,0,2,52,-79,0,3197,618,0,9184,0x07
2026-09-06T20:36:34.746,594,0,1,52,0,0,0,0,0,0,0x03
2026-09-06T20:36:34.811,597,0,2,50,-123,0,3717,682,0,9941,0x07
2026-09-06T20:36:34.811,596,0,1,50,0,0,0,0,0,0,0x03
2026-09-06T20:36:34.892,599,0,2,51,-123,0,3717,682,0,9941,0x07
2026-09-06T20:36:34.892,598,0,1,51,0,0,0,0,0,0,0x03
2026-09-06T20:36:34.941,601,0,2,51,-125,0,3741,685,0,9983,0x07
2026-09-06T20:36:34.941,600,0,1,51,0,0,0,0,0,0,0x03
2026-09-06T20:36:35.023,603,0,2,50,-122,0,3713,682,0,9945,0x07
2026-09-06T20:36:35.023,602,0,1,52,0,0,0,0,0,0,0x03
2026-09-06T20:36:35.088,605,0,2,50,-125,0,3737,685,0,9978,0x07
2026-09-06T20:36:35.088,604,0,1,51,0,0,0,0,0,0,0x03
2026-09-06T20:36:35.153,607,0,2,50,-77,0,3181,618,0,9188,0x07
2026-09-06T20:36:35.153,606,0,1,50,0,0,0,0,0,0,0x03
2026-09-06T20:36:35.218,609,0,2,50,-1687,-160,21454,1750,80,22290,0x07
2026-09-06T20:36:35.218,608,0,1,50,0,0,0,0,0,0,0x03
2026-09-06T20:36:35.283,611,0,2,51,-1687,-39,21967,1750,353,21130,0x07
2026-09-06T20:36:35.283,610,0,1,52,0,0,0,0,0,0,0x03
2026-09-06T20:36:35.349,613,0,2,51,-1687,0,22134,1750,235,21668,0x07
2026-09-06T20:36:35.349,612,0,1,52,0,0,0,0,0,0,0x03
2026-09-06T20:36:35.414,615,0,2,52,-1687,0,22134,1750,58,22422,0x07
2026-09-06T20:36:35.414,614,0,1,55,0,0,0,0,0,0,0x03
2026-09-06T20:36:35.479,617,0,2,57,-1687,0,22134,1750,53,22444,0x07
2026-09-06T20:36:35.479,616,0,1,50,0,0,0,0,0,0,0x03
2026-09-06T20:36:35.546,619,0,2,51,0,0,0,0,0,0,0x03
2026-09-06T20:36:35.546,618,0,1,52,0,0,0,0,0,0,0x03
2026-09-06T20:36:35.627,621,0,2,52,0,0,3147,0,0,7160,0x07
2026-09-06T20:36:35.627,620,0,1,50,0,0,0,0,0,0,0x03
2026-09-06T20:36:35.692,623,0,2,50,-116,0,3642,695,60,9858,0x07
2026-09-06T20:36:35.692,622,0,1,50,0,0,0,0,0,0,0x03
2026-09-06T20:36:35.757,625,0,2,50,-91,0,3343,670,20,9736,0x07
2026-09-06T20:36:35.757,624,0,1,51,0,0,0,0,0,0,0x03
2026-09-06T20:36:35.822,627,0,2,51,-92,0,3351,672,0,9838,0x07
2026-09-06T20:36:35.822,626,0,1,50,0,0,0,0,0,0,0x03
2026-09-06T20:36:35.887,629,0,2,52,-94,0,3379,674,0,9862,0x07
2026-09-06T20:36:35.887,628,0,1,51,0,0,0,0,0,0,0x03
2026-09-06T20:36:35.952,631,0,2,51,-94,0,3379,674,0,9862,0x07
2026-09-06T20:36:35.952,630,0,1,52,0,0,0,0,0,0,0x03
2026-09-06T20:36:36.017,633,0,2,51,-95,0,3396,674,0,9871,0x07
2026-09-06T20:36:36.017,632,0,1,50,0,0,0,0,0,0,0x03
2026-09-06T20:36:36.082,635,0,2,52,-98,0,3423,677,0,9904,0x07
2026-09-06T20:36:36.082,634,0,1,52,0,0,0,0,0,0,0x03
2026-09-06T20:36:36.164,637,0,2,52,-131,0,3808,710,0,10295,0x07
2026-09-06T20:36:36.164,636,0,1,52,0,0,0,0,0,0,0x03
2026-09-06T20:36:36.213,639,0,2,50,-131,0,3808,710,0,10295,0x07
2026-09-06T20:36:36.213,638,0,1,52,0,0,0,0,0,0,0x03
2026-09-06T20:36:36.294,641,0,2,51,-56,0,2934,612,0,9125,0x07
2026-09-06T20:36:36.294,640,0,1,52,0,0,0,0,0,0,0x03
2026-09-06T20:36:36.359,643,0,2,50,-132,0,3820,711,0,10304,0x07
2026-09-06T20:36:36.359,642,0,1,51,0,0,0,0,0,0,0x03
2026-09-06T20:36:36.424,645,0,2,50,-98,0,3426,676,0,9892,0x07
2026-09-06T20:36:36.424,644,0,1,52,0,0,0,0,0,0,0x03
2026-09-06T20:36:36.490,647,0,2,51,-98,0,3426,676,0,9892,0x07
2026-09-06T20:36:36.490,646,0,1,52,0,0,0,0,0,0,0x03
2026-09-06T20:36:36.555,649,0,2,55,-97,0,3411,674,0,9871,0x07
2026-09-06T20:36:36.555,648,0,1,50,0,0,0,0,0,0,0x03
2026-09-06T20:36:36.620,651,0,2,50,-97,0,3411,674,0,9871,0x07
2026-09-06T20:36:36.620,650,0,1,50,0,0,0,0,0,0,0x03
2026-09-06T20:36:36.685,653,0,2,51,-1687,0,22134,1750,0,22668,0x07
2026-09-06T20:36:36.685,652,0,1,50,0,0,0,0,0,0,0x03
2026-09-06T20:36:36.750,655,0,2,50,-1687,-140,21539,1750,100,22242,0x07
2026-09-06T20:36:36.750,654,0,1,50,0,0,0,0,0,0,0x03
2026-09-06T20:36:36.831,657,0,2,52,-1687,0,22134,1750,288,21442,0x07
2026-09-06T20:36:36.831,656,0,1,51,0,0,0,0,0,0,0x03
2026-09-06T20:36:36.897,659,0,2,50,-1687,-100,21709,1750,420,20882,0x07
2026-09-06T20:36:36.897,658,0,1,50,0,0,0,0,0,0,0x03
2026-09-06T20:36:36.961,661,0,2,51,-1687,-333,20717,1750,667,19834,0x07
2026-09-06T20:36:36.961,660,0,1,55,0,0,0,0,0,0,0x03
2026-09-06T20:36:37.026,663,0,2,52,0,0,0,0,0,0,0x03
2026-09-06T20:36:37.026,662,0,1,51,0,0,0,0,0,0,0x03
2026-09-06T20:36:37.091,665,0,2,51,0,0,5196,0,0,6255,0x07
2026-09-06T20:36:37.091,664,0,1,51,0,0,0,0,0,0,0x03
2026-09-06T20:36:37.156,667,0,2,51,389,39,6681,576,275,7538,0x07
2026-09-06T20:36:37.157,666,0,1,51,0,0,0,0,0,0,0x03
2026-09-06T20:36:37.222,669,0,2,50,951,120,12955,902,260,11472,0x07
2026-09-06T20:36:37.222,668,0,1,50,0,0,0,0,0,0,0x03
2026-09-06T20:36:37.287,671,0,2,52,1420,231,18014,1022,212,13106,0x07
2026-09-06T20:36:37.287,670,0,1,50,0,0,0,0,0,0,0x03
2026-09-06T20:36:37.352,673,0,2,50,1435,440,17292,941,260,11939,0x07
2026-09-06T20:36:37.352,672,0,1,50,0,0,0,0,0,0,0x03
2026-09-06T20:36:37.434,675,0,2,53,1123,717,12448,690,358,8535,0x07
2026-09-06T20:36:37.434,674,0,1,50,0,0,0,0,0,0,0x03
2026-09-06T20:36:37.499,677,0,2,50,1123,780,12181,690,380,8443,0x07
2026-09-06T20:36:37.499,676,0,1,51,0,0,0,0,0,0,0x03
2026-09-06T20:36:37.564,679,0,2,50,934,800,9866,446,420,5364,0x07
2026-09-06T20:36:37.564,678,0,1,51,0,0,0,0,0,0,0x03
2026-09-06T20:36:37.628,681,0,2,50,742,720,7946,0,0,4119,0x07
2026-09-06T20:36:37.628,680,0,1,51,0,0,0,0,0,0,0x03
2026-09-06T20:36:37.692,683,0,2,50,631,600,7154,-297,-60,5127,0x07
2026-09-06T20:36:37.692,682,0,1,50,0,0,0,0,0,0,0x03
2026-09-06T20:36:37.758,685,0,2,52,0,0,6617,-382,-19,6305,0x07
2026-09-06T20:36:37.758,684,0,1,50,0,0,0,0,0,0,0x03
2026-09-06T20:36:37.823,687,0,2,53,-654,-453,8049,-251,0,4828,0x07
2026-09-06T20:36:37.823,686,0,1,51,0,0,0,0,0,0,0x03
2026-09-06T20:36:37.889,689,0,2,51,-654,-137,9390,-251,-78,4495,0x07
2026-09-06T20:36:37.889,688,0,1,50,0,0,0,0,0,0,0x03
2026-09-06T20:36:37.969,691,0,2,51,-753,-20,11054,-228,-20,4474,0x07
2026-09-06T20:36:37.969,690,0,1,52,0,0,0,0,0,0,0x03
2026-09-06T20:36:38.034,693,0,2,50,-741,-200,10148,0,0,2096,0x07
2026-09-06T20:36:38.034,692,0,1,51,0,0,0,0,0,0,0x03
2026-09-06T20:36:38.099,695,0,2,52,-659,-269,8881,0,0,2038,0x07
2026-09-06T20:36:38.099,694,0,1,50,0,0,0,0,0,0,0x03
2026-09-06T20:36:38.164,697,0,2,52,-627,-269,8504,0,0,2449,0x07
2026-09-06T20:36:38.164,696,0,1,54,0,0,0,0,0,0,0x03
2026-09-06T20:36:38.229,699,0,2,52,-623,-308,8301,79,0,2784,0x07
2026-09-06T20:36:38.229,698,0,1,50,0,0,0,0,0,0,0x03
2026-09-06T20:36:38.294,701,0,2,51,-604,-275,8220,93,0,2951,0x07
2026-09-06T20:36:38.294,700,0,1,51,0,0,0,0,0,0,0x03
2026-09-06T20:36:38.359,703,0,2,50,-617,-260,8432,145,0,3572,0x07
2026-09-06T20:36:38.359,702,0,1,50,0,0,0,0,0,0,0x03
2026-09-06T20:36:38.424,705,0,2,52,-585,-288,7934,143,0,3550,0x07
2026-09-06T20:36:38.424,704,0,1,52,0,0,0,0,0,0,0x03
2026-09-06T20:36:38.506,707,0,2,50,-542,-340,7205,120,0,3271,0x07
2026-09-06T20:36:38.506,706,0,1,51,0,0,0,0,0,0,0x03
2026-09-06T20:36:38.571,709,0,2,50,-542,-320,7290,120,0,3271,0x07
2026-09-06T20:36:38.571,708,0,1,50,0,0,0,0,0,0,0x03
2026-09-06T20:36:38.637,711,0,2,51,-516,-314,7011,116,0,3221,0x07
2026-09-06T20:36:38.637,710,0,1,50,0,0,0,0,0,0,0x03
2026-09-06T20:36:38.702,713,0,2,50,-515,-280,7143,114,0,3205,0x07
2026-09-06T20:36:38.702,712,0,1,51,0,0,0,0,0,0,0x03
2026-09-06T20:36:38.767,715,0,2,50,-468,-240,6756,68,0,2659,0x07
2026-09-06T20:36:38.767,714,0,1,52,0,0,0,0,0,0,0x03
2026-09-06T20:36:38.832,717,0,2,52,-497,-212,7228,103,0,3067,0x07
2026-09-06T20:36:38.832,716,0,1,50,0,0,0,0,0,0,0x03
2026-09-06T20:36:38.898,719,0,2,55,-505,-236,7218,-21,0,2093,0x07
2026-09-06T20:36:38.898,718,0,1,50,0,0,0,0,0,0,0x03
2026-09-06T20:36:38.962,721,0,2,52,-505,-192,7405,-21,0,2093,0x07
2026-09-06T20:36:38.962,720,0,1,51,0,0,0,0,0,0,0x03
2026-09-06T20:36:39.044,723,0,2,51,-519,-196,7544,0,0,3651,0x07
2026-09-06T20:36:39.044,722,0,1,55,0,0,0,0,0,0,0x03
2026-09-06T20:36:39.108,725,0,2,51,-539,-216,7698,0,0,2015,0x07
2026-09-06T20:36:39.108,724,0,1,50,0,0,0,0,0,0,0x03
2026-09-06T20:36:39.173,727,0,2,55,-516,-127,7804,237,0,4671,0x07
2026-09-06T20:36:39.173,726,0,1,52,0,0,0,0,0,0,0x03
2026-09-06T20:36:39.239,729,0,2,52,-516,-135,7772,237,0,4671,0x07
2026-09-06T20:36:39.239,728,0,1,52,0,0,0,0,0,0,0x03
2026-09-06T20:36:39.304,731,0,2,50,-474,-160,7168,204,0,4271,0x07
2026-09-06T20:36:39.304,730,0,1,50,0,0,0,0,0,0,0x03
2026-09-06T20:36:39.369,733,0,2,50,-471,-180,7056,205,0,4292,0x07
2026-09-06T20:36:39.370,732,0,1,52,0,0,0,0,0,0,0x03
2026-09-06T20:36:39.434,735,0,2,50,-446,-120,7013,181,0,4004,0x07
2026-09-06T20:36:39.434,734,0,1,52,0,0,0,0,0,0,0x03
2026-09-06T20:36:39.499,737,0,2,52,-431,-96,6931,166,0,3825,0x07
2026-09-06T20:36:39.499,736,0,1,50,0,0,0,0,0,0,0x03
2026-09-06T20:36:39.564,739,0,2,52,-501,-19,8084,222,0,4483,0x07
2026-09-06T20:36:39.564,738,0,1,52,0,0,0,0,0,0,0x03
2026-09-06T20:36:39.630,741,0,2,50,-501,0,8166,222,0,4483,0x07
2026-09-06T20:36:39.630,740,0,1,51,0,0,0,0,0,0,0x03
2026-09-06T20:36:39.710,743,0,2,52,-510,0,8277,222,0,4483,0x07
2026-09-06T20:36:39.710,742,0,1,52,0,0,0,0,0,0,0x03
2026-09-06T20:36:39.776,745,0,2,51,-493,-20,7987,199,0,4216,0x07
2026-09-06T20:36:39.776,744,0,1,50,0,0,0,0,0,0,0x03
2026-09-06T20:36:39.840,747,0,2,51,-491,0,8046,195,0,4170,0x07
2026-09-06T20:36:39.840,746,0,1,52,0,0,0,0,0,0,0x03
2026-09-06T20:36:39.906,749,0,2,50,-490,0,8043,194,0,4158,0x07
2026-09-06T20:36:39.906,748,0,1,52,0,0,0,0,0,0,0x03
2026-09-06T20:36:39.971,751,0,2,52,-563,0,8906,272,0,5083,0x07
2026-09-06T20:36:39.971,750,0,1,51,0,0,0,0,0,0,0x03
2026-09-06T20:36:40.036,753,0,2,51,-563,0,8906,272,0,5083,0x07
2026-09-06T20:36:40.036,752,0,1,51,0,0,0,0,0,0,0x03
2026-09-06T20:36:40.101,755,0,2,51,-500,0,8162,208,0,4317,0x07
2026-09-06T20:36:40.101,754,0,1,51,0,0,0,0,0,0,0x03
2026-09-06T20:36:40.166,757,0,2,50,-499,0,8141,207,0,4308,0x07
2026-09-06T20:36:40.166,756,0,1,50,0,0,0,0,0,0,0x03
2026-09-06T20:36:40.247,759,0,2,50,-503,0,8194,211,0,4354,0x07
2026-09-06T20:36:40.247,758,0,1,50,0,0,0,0,0,0,0x03
2026-09-06T20:36:40.313,761,0,2,52,-479,0,7912,188,0,4078,0x07
2026-09-06T20:36:40.313,760,0,1,50,0,0,0,0,0,0,0x03
2026-09-06T20:36:40.378,763,0,2,51,-495,0,8103,205,0,4288,0x07
2026-09-06T20:36:40.378,762,0,1,54,0,0,0,0,0,0,0x03
2026-09-06T20:36:40.443,765,0,2,51,-1687,-216,21217,1750,294,21418,0x07
2026-09-06T20:36:40.443,764,0,1,50,0,0,0,0,0,0,0x03
2026-09-06T20:36:40.508,767,0,2,51,-1687,-412,20384,1750,333,21251,0x07
2026-09-06T20:36:40.508,766,0,1,50,0,0,0,0,0,0,0x03
2026-09-06T20:36:40.573,769,0,2,51,-1687,-627,19467,1750,608,20084,0x07
2026-09-06T20:36:40.573,768,0,1,50,0,0,0,0,0,0,0x03
2026-09-06T20:36:40.638,771,0,2,50,-1687,-940,18139,1750,900,18842,0x07
2026-09-06T20:36:40.638,770,0,1,51,0,0,0,0,0,0,0x03
2026-09-06T20:36:40.704,773,0,2,51,-1687,-980,17967,1750,1020,18334,0x07
2026-09-06T20:36:40.704,772,0,1,51,0,0,0,0,0,0,0x03
2026-09-06T20:36:40.769,775,0,2,50,0,0,0,0,0,0,0x03
2026-09-06T20:36:40.769,774,0,1,52,0,0,0,0,0,0,0x03
2026-09-06T20:36:40.851,777,0,2,50,742,40,10832,-1552,-40,20140,0x07
2026-09-06T20:36:40.851,776,0,1,52,0,0,0,0,0,0,0x03
2026-09-06T20:36:40.916,779,0,2,50,742,100,10577,-1552,-880,16570,0x07
2026-09-06T20:36:40.916,778,0,1,51,0,0,0,0,0,0,0x03
2026-09-06T20:36:40.981,781,0,2,50,476,20,7787,0,0,6186,0x07
2026-09-06T20:36:40.981,780,0,1,52,0,0,0,0,0,0,0x03
2026-09-06T20:36:41.045,783,0,2,50,8,80,2022,567,500,6472,0x07
2026-09-06T20:36:41.045,782,0,1,50,0,0,0,0,0,0,0x03
2026-09-06T20:36:41.110,785,0,2,52,549,0,8734,546,481,6299,0x07
2026-09-06T20:36:41.110,784,0,1,52,0,0,0,0,0,0,0x03
2026-09-06T20:36:41.175,787,0,2,50,631,80,9364,702,340,8750,0x07
2026-09-06T20:36:41.175,786,0,1,50,0,0,0,0,0,0,0x03
2026-09-06T20:36:41.240,789,0,2,50,745,100,10621,692,100,9655,0x07
2026-09-06T20:36:41.240,788,0,1,52,0,0,0,0,0,0,0x03
2026-09-06T20:36:41.305,791,0,2,52,629,250,8617,850,0,11957,0x07
2026-09-06T20:36:41.305,790,0,1,50,0,0,0,0,0,0,0x03
2026-09-06T20:36:41.370,793,0,2,50,682,240,9280,788,0,11219,0x07
2026-09-06T20:36:41.370,792,0,1,51,0,0,0,0,0,0,0x03
2026-09-06T20:36:41.451,795,0,2,52,612,250,8418,836,0,11790,0x07
2026-09-06T20:36:41.451,794,0,1,53,0,0,0,0,0,0,0x03
2026-09-06T20:36:41.517,797,0,2,50,455,220,6691,718,0,10387,0x07
2026-09-06T20:36:41.517,796,0,1,51,0,0,0,0,0,0,0x03
2026-09-06T20:36:41.582,799,0,2,50,455,220,6691,718,0,10387,0x07
2026-09-06T20:36:41.582,798,0,1,52,0,0,0,0,0,0,0x03
2026-09-06T20:36:41.647,801,0,2,51,276,216,4600,681,0,9946,0x07
2026-09-06T20:36:41.647,800,0,1,50,0,0,0,0,0,0,0x03
2026-09-06T20:36:41.712,803,0,2,50,0,0,2660,458,0,7298,0x07
2026-09-06T20:36:41.712,802,0,1,51,0,0,0,0,0,0,0x03
2026-09-06T20:36:41.777,805,0,2,52,-52,-38,2716,651,0,9596,0x07
2026-09-06T20:36:41.777,804,0,1,52,0,0,0,0,0,0,0x03
2026-09-06T20:36:41.842,807,0,2,51,-143,0,3952,516,0,7989,0x07
2026-09-06T20:36:41.842,806,0,1,50,0,0,0,0,0,0,0x03
2026-09-06T20:36:41.908,809,0,2,53,-1687,-1151,17242,1750,774,19380,0x07
2026-09-06T20:36:41.908,808,0,1,50,0,0,0,0,0,0,0x03
2026-09-06T20:36:41.973,811,0,2,50,-1687,-380,20519,1750,300,21392,0x07
2026-09-06T20:36:41.973,810,0,1,50,0,0,0,0,0,0,0x03
2026-09-06T20:36:42.054,813,0,2,51,-1687,-510,19967,1750,412,20918,0x07
2026-09-06T20:36:42.054,812,0,1,50,0,0,0,0,0,0,0x03
2026-09-06T20:36:42.119,815,0,2,52,-1687,-750,18946,1750,577,20216,0x07
2026-09-06T20:36:42.119,814,0,1,50,0,0,0,0,0,0,0x03
2026-09-06T20:36:42.184,817,0,2,51,-1687,-1039,17717,1750,804,19251,0x07
2026-09-06T20:36:42.184,816,0,1,51,0,0,0,0,0,0,0x03
2026-09-06T20:36:42.249,819,0,2,50,0,0,0,0,0,0,0x03
2026-09-06T20:36:42.249,818,0,1,51,0,0,0,0,0,0,0x03
2026-09-06T20:36:42.314,821,0,2,53,1084,38,14870,27,38,2012,0x07
2026-09-06T20:36:42.314,820,0,1,52,0,0,0,0,0,0,0x03
2026-09-06T20:36:42.379,823,0,2,52,1084,212,14132,27,365,619,0x07
2026-09-06T20:36:42.379,822,0,1,51,0,0,0,0,0,0,0x03
2026-09-06T20:36:42.444,825,0,2,50,819,0,11908,0,0,4358,0x07
2026-09-06T20:36:42.444,824,0,1,51,0,0,0,0,0,0,0x03
2026-09-06T20:36:42.509,827,0,2,51,688,118,9871,-328,-59,5503,0x07
2026-09-06T20:36:42.509,826,0,1,54,0,0,0,0,0,0,0x03
2026-09-06T20:36:42.590,829,0,2,56,-445,-18,7439,164,0,3804,0x07
2026-09-06T20:36:42.590,828,0,1,50,0,0,0,0,0,0,0x03
2026-09-06T20:36:42.655,831,0,2,51,-445,-294,6265,0,0,3140,0x07
2026-09-06T20:36:42.655,830,0,1,50,0,0,0,0,0,0,0x03
2026-09-06T20:36:42.719,833,0,2,51,-404,-471,5030,-169,0,3858,0x07
2026-09-06T20:36:42.719,832,0,1,52,0,0,0,0,0,0,0x03
2026-09-06T20:36:42.784,835,0,2,50,-508,-160,7569,-213,0,4383,0x07
2026-09-06T20:36:42.784,834,0,1,52,0,0,0,0,0,0,0x03
2026-09-06T20:36:42.849,837,0,2,51,-562,-176,8136,-318,0,5628,0x07
2026-09-06T20:36:42.849,836,0,1,52,0,0,0,0,0,0,0x03
2026-09-06T20:36:42.914,839,0,2,52,-610,-192,8640,-283,0,5215,0x07
2026-09-06T20:36:42.914,838,0,1,53,0,0,0,0,0,0,0x03
2026-09-06T20:36:42.978,841,0,2,51,-609,-235,8437,-304,0,5469,0x07
2026-09-06T20:36:42.978,840,0,1,50,0,0,0,0,0,0,0x03
2026-09-06T20:36:43.059,843,0,2,50,-613,-260,8380,-300,0,5411,0x07
2026-09-06T20:36:43.059,842,0,1,50,0,0,0,0,0,0,0x03
2026-09-06T20:36:43.124,845,0,2,51,-610,-294,8207,-142,0,3537,0x07
2026-09-06T20:36:43.124,844,0,1,51,0,0,0,0,0,0,0x03
2026-09-06T20:36:43.189,847,0,2,51,-554,-314,7465,0,0,2131,0x07
2026-09-06T20:36:43.189,846,0,1,54,0,0,0,0,0,0,0x03
2026-09-06T20:36:43.254,849,0,2,50,-460,-280,6499,37,0,2289,0x07
2026-09-06T20:36:43.254,848,0,1,50,0,0,0,0,0,0,0x03
2026-09-06T20:36:43.318,851,0,2,51,-571,-196,8155,352,0,6036,0x07
2026-09-06T20:36:43.319,850,0,1,50,0,0,0,0,0,0,0x03
2026-09-06T20:36:43.384,853,0,2,51,-497,-176,7372,312,0,5553,0x07
2026-09-06T20:36:43.384,852,0,1,50,0,0,0,0,0,0,0x03
2026-09-06T20:36:43.449,855,0,2,51,-547,-137,8124,385,0,6424,0x07
2026-09-06T20:36:43.449,854,0,1,50,0,0,0,0,0,0,0x03
2026-09-06T20:36:43.513,857,0,2,50,0,0,5355,0,0,3263,0x07
2026-09-06T20:36:43.513,856,0,1,50,0,0,0,0,0,0,0x03
2026-09-06T20:36:43.595,859,0,2,50,410,100,6672,-185,0,4050,0x07
2026-09-06T20:36:43.595,858,0,1,55,0,0,0,0,0,0,0x03
2026-09-06T20:36:43.660,861,0,2,53,423,377,5652,-240,0,4708,0x07
2026-09-06T20:36:43.660,860,0,1,50,0,0,0,0,0,0,0x03
2026-09-06T20:36:43.725,863,0,2,51,423,333,5839,-240,0,4708,0x07
2026-09-06T20:36:43.725,862,0,1,52,0,0,0,0,0,0,0x03
2026-09-06T20:36:43.790,865,0,2,51,0,0,0,0,0,0,0x03
2026-09-06T20:36:43.790,864,0,1,52,0,0,0,0,0,0,0x03
2026-09-06T20:36:43.855,867,0,2,51,0,0,0,0,0,0,0x03
2026-09-06T20:36:43.855,866,0,1,51,0,0,0,0,0,0,0x03
2026-09-06T20:36:43.920,869,0,2,51,0,0,0,0,0,0,0x03
2026-09-06T20:36:43.920,868,0,1,52,0,0,0,0,0,0,0x03
2026-09-06T20:36:43.985,871,0,2,52,0,0,10119,0,0,8632,0x07
2026-09-06T20:36:43.985,870,0,1,50,0,0,0,0,0,0,0x03
2026-09-06T20:36:44.051,873,0,2,51,384,118,6292,-211,-627,1688,0x07
2026-09-06T20:36:44.051,872,0,1,50,0,0,0,0,0,0,0x03
2026-09-06T20:36:44.132,875,0,2,51,384,59,6542,-211,-451,2438,0x07
2026-09-06T20:36:44.132,874,0,1,51,0,0,0,0,0,0,0x03
2026-09-06T20:36:44.197,877,0,2,50,384,140,6192,-214,0,4395,0x07
2026-09-06T20:36:44.197,876,0,1,52,0,0,0,0,0,0,0x03
2026-09-06T20:36:44.262,879,0,2,51,386,98,6395,-195,-20,4082,0x07
2026-09-06T20:36:44.262,878,0,1,50,0,0,0,0,0,0,0x03
2026-09-06T20:36:44.327,881,0,2,50,0,0,0,0,0,0,0x03
2026-09-06T20:36:44.327,880,0,1,52,0,0,0,0,0,0,0x03
2026-09-06T20:36:44.391,883,0,2,50,0,0,0,0,0,0,0x03
2026-09-06T20:36:44.392,882,0,1,52,0,0,0,0,0,0,0x03
2026-09-06T20:36:44.457,885,0,2,53,-1687,0,22134,1750,19,22587,0x07
2026-09-06T20:36:44.457,884,0,1,51,0,0,0,0,0,0,0x03
2026-09-06T20:36:44.522,887,0,2,52,-1687,-1288,16658,1750,1385,16783,0x07
2026-09-06T20:36:44.522,886,0,1,50,0,0,0,0,0,0,0x03
2026-09-06T20:36:44.587,889,0,2,50,-1687,-420,20349,1750,840,19098,0x07
2026-09-06T20:36:44.587,888,0,1,51,0,0,0,0,0,0,0x03
2026-09-06T20:36:44.668,891,0,2,50,-1687,-560,19754,1750,440,20798,0x07
2026-09-06T20:36:44.668,890,0,1,51,0,0,0,0,0,0,0x03
2026-09-06T20:36:44.733,893,0,2,56,-1687,-732,19022,1750,750,19480,0x07
2026-09-06T20:36:44.733,892,0,1,52,0,0,0,0,0,0,0x03
2026-09-06T20:36:44.797,895,0,2,51,-1687,-824,18634,1750,824,19168,0x07
2026-09-06T20:36:44.797,894,0,1,51,0,0,0,0,0,0,0x03
2026-09-06T20:36:44.862,897,0,2,52,0,0,0,0,0,0,0x03
2026-09-06T20:36:44.862,896,0,1,50,0,0,0,0,0,0,0x03
2026-09-06T20:36:44.927,899,0,2,50,0,0,0,0,0,0,0x03
2026-09-06T20:36:44.927,898,0,1,50,0,0,0,0,0,0,0x03
2026-09-06T20:36:44.992,901,0,2,50,0,0,0,0,0,0,0x03
2026-09-06T20:36:44.992,900,0,1,59,0,0,0,0,0,0,0x03
2026-09-06T20:36:45.057,903,0,2,51,0,0,8275,0,0,9657,0x07
2026-09-06T20:36:45.057,902,0,1,51,0,0,0,0,0,0,0x03
2026-09-06T20:36:45.122,905,0,2,52,293,58,5473,308,308,4199,0x07
2026-09-06T20:36:45.122,904,0,1,51,0,0,0,0,0,0,0x03
2026-09-06T20:36:45.203,907,0,2,50,293,240,4699,308,140,4912,0x07
2026-09-06T20:36:45.203,906,0,1,51,0,0,0,0,0,0,0x03
2026-09-06T20:36:45.268,909,0,2,50,502,240,7162,468,40,7240,0x07
2026-09-06T20:36:45.268,908,0,1,51,0,0,0,0,0,0,0x03
2026-09-06T20:36:45.333,911,0,2,51,601,353,7846,567,0,8589,0x07
2026-09-06T20:36:45.333,910,0,1,52,0,0,0,0,0,0,0x03
2026-09-06T20:36:45.398,913,0,2,50,633,40,9553,625,0,9285,0x07
2026-09-06T20:36:45.398,912,0,1,50,0,0,0,0,0,0,0x03
2026-09-06T20:36:45.462,915,0,2,50,641,40,9652,649,0,9562,0x07
2026-09-06T20:36:45.463,914,0,1,52,0,0,0,0,0,0,0x03
2026-09-06T20:36:45.527,917,0,2,52,638,38,9616,658,0,9676,0x07
2026-09-06T20:36:45.527,916,0,1,53,0,0,0,0,0,0,0x03
2026-09-06T20:36:45.592,919,0,2,51,550,59,8500,546,0,8338,0x07
2026-09-06T20:36:45.592,918,0,1,50,0,0,0,0,0,0,0x03
2026-09-06T20:36:45.657,921,0,2,51,608,39,9258,663,0,9729,0x07
2026-09-06T20:36:45.657,920,0,1,51,0,0,0,0,0,0,0x03
2026-09-06T20:36:45.739,923,0,2,50,604,60,9127,647,0,9542,0x07
2026-09-06T20:36:45.739,922,0,1,51,0,0,0,0,0,0,0x03
2026-09-06T20:36:45.803,925,0,2,52,546,96,8294,601,0,9001,0x07
2026-09-06T20:36:45.803,924,0,1,52,0,0,0,0,0,0,0x03
2026-09-06T20:36:45.868,927,0,2,50,546,100,8278,601,0,9001,0x07
2026-09-06T20:36:45.869,926,0,1,50,0,0,0,0,0,0,0x03
2026-09-06T20:36:45.934,929,0,2,50,490,60,7783,598,0,8963,0x07
2026-09-06T20:36:45.934,928,0,1,55,0,0,0,0,0,0,0x03
2026-09-06T20:36:45.999,931,0,2,50,0,0,14964,539,0,8263,0x07
2026-09-06T20:36:45.999,930,0,1,52,0,0,0,0,0,0,0x03
2026-09-06T20:36:46.064,933,0,2,51,-1687,-627,19467,1750,0,22668,0x07
2026-09-06T20:36:46.064,932,0,1,50,0,0,0,0,0,0,0x03
2026-09-06T20:36:46.129,935,0,2,52,-1687,-846,18538,1750,115,22177,0x07
2026-09-06T20:36:46.129,934,0,1,52,0,0,0,0,0,0,0x03
2026-09-06T20:36:46.194,937,0,2,55,-1687,-636,19429,1750,527,20427,0x07
2026-09-06T20:36:46.194,936,0,1,52,0,0,0,0,0,0,0x03
2026-09-06T20:36:46.261,939,0,2,51,-1687,-804,18717,1750,706,19668,0x07
2026-09-06T20:36:46.261,938,0,1,50,0,0,0,0,0,0,0x03
2026-09-06T20:36:46.326,941,0,2,50,-1687,-920,18224,1750,860,19012,0x07
2026-09-06T20:36:46.326,940,0,1,50,0,0,0,0,0,0,0x03
2026-09-06T20:36:46.406,943,0,2,50,0,0,0,0,0,0,0x03
2026-09-06T20:36:46.406,942,0,1,52,0,0,0,0,0,0,0x03
2026-09-06T20:36:46.471,945,0,2,52,0,0,9516,0,0,6718,0x07
2026-09-06T20:36:46.471,944,0,1,50,0,0,0,0,0,0,0x03
2026-09-06T20:36:46.536,947,0,2,50,963,200,12758,-637,-160,8745,0x07
2026-09-06T20:36:46.536,946,0,1,50,0,0,0,0,0,0,0x03
2026-09-06T20:36:46.601,949,0,2,51,0,0,0,0,0,0,0x03
2026-09-06T20:36:46.601,948,0,1,54,0,0,0,0,0,0,0x03
2026-09-06T20:36:46.666,951,0,2,52,0,0,0,0,0,0,0x03
2026-09-06T20:36:46.666,950,0,1,51,0,0,0,0,0,0,0x03
2026-09-06T20:36:46.731,953,0,2,52,0,0,4439,0,0,5206,0x07
2026-09-06T20:36:46.731,952,0,1,51,0,0,0,0,0,0,0x03
2026-09-06T20:36:46.796,955,0,2,50,-288,-40,5494,-439,0,7073,0x07
2026-09-06T20:36:46.796,954,0,1,51,0,0,0,0,0,0,0x03
2026-09-06T20:36:46.861,957,0,2,56,-512,-321,6931,-626,-36,9145,0x07
2026-09-06T20:36:46.861,956,0,1,50,0,0,0,0,0,0,0x03
2026-09-06T20:36:46.942,959,0,2,51,-512,-78,7964,-626,-118,8797,0x07
2026-09-06T20:36:46.942,958,0,1,52,0,0,0,0,0,0,0x03
2026-09-06T20:36:47.007,961,0,2,50,-437,-100,6987,-611,-180,8352,0x07
2026-09-06T20:36:47.007,960,0,1,50,0,0,0,0,0,0,0x03
2026-09-06T20:36:47.072,963,0,2,50,-618,-140,8950,-671,-240,8809,0x07
2026-09-06T20:36:47.072,962,0,1,52,0,0,0,0,0,0,0x03
2026-09-06T20:36:47.138,965,0,2,51,-609,-255,8354,-698,-314,8812,0x07
2026-09-06T20:36:47.138,964,0,1,52,0,0,0,0,0,0,0x03
2026-09-06T20:36:47.203,967,0,2,51,-575,-255,7961,-570,-373,7043,0x07
2026-09-06T20:36:47.203,966,0,1,50,0,0,0,0,0,0,0x03
2026-09-06T20:36:47.267,968,0,1,53,0,0,0,0,0,0,0x03
2026-09-06T20:36:47.267,969,0,2,51,0,0,0,0,0,0,0x03
2026-09-06T20:36:47.332,971,0,2,51,0,0,0,0,0,0,0x03
2026-09-06T20:36:47.332,970,0,1,50,0,0,0,0,0,0,0x03
2026-09-06T20:36:47.397,971,0,2,50,0,0,0,0,0,0,0x03
2026-09-06T20:36:47.397,970,0,1,52,0,0,0,0,0,0,0x03
2026-09-06T20:36:47.477,971,0,2,50,0,0,0,0,0,0,0x03
2026-09-06T20:36:47.477,970,0,1,50,0,0,0,0,0,0,0x03
2026-09-06T20:36:47.542,977,0,2,52,0,0,6419,0,0,6889,0x07
2026-09-06T20:36:47.542,976,0,1,52,0,0,0,0,0,0,0x03
2026-09-06T20:36:47.607,979,0,2,50,551,140,8167,659,0,9691,0x07
2026-09-06T20:36:47.607,978,0,1,50,0,0,0,0,0,0,0x03
2026-09-06T20:36:47.672,981,0,2,50,753,80,10801,816,0,11553,0x07
2026-09-06T20:36:47.672,980,0,1,53,0,0,0,0,0,0,0x03
2026-09-06T20:36:47.737,983,0,2,51,753,176,10391,816,0,11553,0x07
2026-09-06T20:36:47.737,982,0,1,50,0,0,0,0,0,0,0x03
2026-09-06T20:36:47.803,985,0,2,50,698,240,9466,862,320,10743,0x07
2026-09-06T20:36:47.803,984,0,1,50,0,0,0,0,0,0,0x03
2026-09-06T20:36:47.868,987,0,2,50,647,240,8866,790,740,8099,0x07
2026-09-06T20:36:47.868,986,0,1,50,0,0,0,0,0,0,0x03
2026-09-06T20:36:47.933,989,0,2,50,597,280,8109,737,240,9597,0x07
2026-09-06T20:36:47.933,988,0,1,53,0,0,0,0,0,0,0x03
2026-09-06T20:36:48.014,991,0,2,52,437,346,5948,629,231,8349,0x07
2026-09-06T20:36:48.014,990,0,1,50,0,0,0,0,0,0,0x03
2026-09-06T20:36:48.078,993,0,2,50,0,0,0,0,0,0,0x03
2026-09-06T20:36:48.078,992,0,1,50,0,0,0,0,0,0,0x03
2026-09-06T20:36:48.143,995,0,2,51,0,0,0,0,0,0,0x03
2026-09-06T20:36:48.143,994,0,1,52,0,0,0,0,0,0,0x03
2026-09-06T20:36:48.209,997,0,2,51,0,0,0,0,0,0,0x03
2026-09-06T20:36:48.209,996,0,1,50,0,0,0,0,0,0,0x03
2026-09-06T20:36:48.274,999,0,2,50,0,0,0,0,0,0,0x03
2026-09-06T20:36:48.274,998,0,1,51,0,0,0,0,0,0,0x03
2026-09-06T20:36:48.339,1001,0,2,50,0,0,5241,0,0,5184,0x07
2026-09-06T20:36:48.339,1000,0,1,52,0,0,0,0,0,0,0x03
2026-09-06T20:36:48.404,1003,0,2,51,-395,-39,6752,-436,0,7039,0x07
2026-09-06T20:36:48.404,1002,0,1,51,0,0,0,0,0,0,0x03
2026-09-06T20:36:48.468,1005,0,2,51,-541,-98,8222,-420,-59,6590,0x07
2026-09-06T20:36:48.468,1004,0,1,51,0,0,0,0,0,0,0x03
2026-09-06T20:36:48.550,1007,0,2,51,-534,-176,7813,-468,-235,6414,0x07
2026-09-06T20:36:48.550,1006,0,1,51,0,0,0,0,0,0,0x03
2026-09-06T20:36:48.615,1009,0,2,50,-534,-200,7713,-468,-80,7074,0x07
2026-09-06T20:36:48.615,1008,0,1,50,0,0,0,0,0,0,0x03
2026-09-06T20:36:48.680,1011,0,2,51,-484,-137,7388,-439,-216,6148,0x07
2026-09-06T20:36:48.680,1010,0,1,51,0,0,0,0,0,0,0x03
2026-09-06T20:36:48.745,1013,0,2,51,0,0,0,0,0,0,0x03
2026-09-06T20:36:48.745,1012,0,1,51,0,0,0,0,0,0,0x03
2026-09-06T20:36:48.810,1015,0,2,50,0,0,0,0,0,0,0x03
2026-09-06T20:36:48.810,1014,0,1,51,0,0,0,0,0,0,0x03
2026-09-06T20:36:48.876,1017,0,2,51,0,0,0,0,0,0,0x03
2026-09-06T20:36:48.876,1016,0,1,51,0,0,0,0,0,0,0x03
2026-09-06T20:36:48.941,1019,0,2,51,0,0,0,0,0,0,0x03
2026-09-06T20:36:48.941,1018,0,1,51,0,0,0,0,0,0,0x03
2026-09-06T20:36:49.022,1021,0,2,52,0,0,0,0,0,0,0x03
2026-09-06T20:36:49.022,1020,0,1,51,0,0,0,0,0,0,0x03
2026-09-06T20:36:49.088,1023,0,2,50,0,0,0,0,0,0,0x03
2026-09-06T20:36:49.088,1022,0,1,50,0,0,0,0,0,0,0x03
2026-09-06T20:36:49.152,1025,0,2,51,0,0,2421,0,0,7139,0x07
2026-09-06T20:36:49.152,1024,0,1,52,0,0,0,0,0,0,0x03
2026-09-06T20:36:49.217,1027,0,2,50,0,0,0,0,0,0,0x03
2026-09-06T20:36:49.217,1026,0,1,50,0,0,0,0,0,0,0x03
2026-09-06T20:36:49.282,1029,0,2,51,0,0,0,0,0,0,0x03
2026-09-06T20:36:49.282,1028,0,1,50,0,0,0,0,0,0,0x03
2026-09-06T20:36:49.347,1031,0,2,52,0,0,0,0,0,0,0x03
2026-09-06T20:36:49.347,1030,0,1,51,0,0,0,0,0,0,0x03
2026-09-06T20:36:49.412,1033,0,2,50,0,0,0,0,0,0,0x03
2026-09-06T20:36:49.412,1032,0,1,50,0,0,0,0,0,0,0x03
2026-09-06T20:36:49.477,1035,0,2,50,0,0,0,0,0,0,0x03
2026-09-06T20:36:49.477,1034,0,1,50,0,0,0,0,0,0,0x03
2026-09-06T20:36:49.542,1037,0,2,50,0,0,0,0,0,0,0x03
2026-09-06T20:36:49.542,1036,0,1,50,0,0,0,0,0,0,0x03
2026-09-06T20:36:49.607,1039,0,2,52,0,0,0,0,0,0,0x03
2026-09-06T20:36:49.607,1038,0,1,52,0,0,0,0,0,0,0x03
2026-09-06T20:36:49.688,1041,0,2,52,0,0,0,0,0,0,0x03
2026-09-06T20:36:49.688,1040,0,1,52,0,0,0,0,0,0,0x03
2026-09-06T20:36:49.753,1043,0,2,51,0,0,0,0,0,0,0x03
2026-09-06T20:36:49.753,1042,0,1,50,0,0,0,0,0,0,0x03
2026-09-06T20:36:49.818,1045,0,2,50,0,0,0,0,0,0,0x03
2026-09-06T20:36:49.818,1044,0,1,51,0,0,0,0,0,0,0x03
2026-09-06T20:36:49.883,1047,0,2,52,0,0,0,0,0,0,0x03
2026-09-06T20:36:49.883,1046,0,1,50,0,0,0,0,0,0,0x03
2026-09-06T20:36:49.948,1049,0,2,51,0,0,0,0,0,0,0x03
2026-09-06T20:36:49.948,1048,0,1,51,0,0,0,0,0,0,0x03
2026-09-06T20:36:50.013,1051,0,2,55,0,0,0,0,0,0,0x03
2026-09-06T20:36:50.013,1050,0,1,50,0,0,0,0,0,0,0x03
2026-09-06T20:36:50.078,1053,0,2,50,0,0,0,0,0,0,0x03
2026-09-06T20:36:50.078,1052,0,1,50,0,0,0,0,0,0,0x03
2026-09-06T20:36:50.143,1055,0,2,50,0,0,0,0,0,0,0x03
2026-09-06T20:36:50.143,1054,0,1,52,0,0,0,0,0,0,0x03
2026-09-06T20:36:50.224,1057,0,2,50,0,0,14964,0,0,15230,0x07
2026-09-06T20:36:50.224,1056,0,1,52,0,0,0,0,0,0,0x03
2026-09-06T20:36:50.289,1059,0,2,51,-1687,-490,20050,1750,451,20751,0x07
2026-09-06T20:36:50.289,1058,0,1,50,0,0,0,0,0,0,0x03
2026-09-06T20:36:50.354,1061,0,2,50,-1687,-400,20434,1750,380,21052,0x07
2026-09-06T20:36:50.354,1060,0,1,50,0,0,0,0,0,0,0x03
2026-09-06T20:36:50.419,1063,0,2,55,-1687,-855,18502,1750,673,19808,0x07
2026-09-06T20:36:50.419,1062,0,1,51,0,0,0,0,0,0,0x03
2026-09-06T20:36:50.483,1065,0,2,50,-1687,-940,18139,1750,860,19012,0x07
2026-09-06T20:36:50.483,1064,0,1,50,0,0,0,0,0,0,0x03
2026-09-06T20:36:50.548,1067,0,2,50,-1687,-1020,17799,1750,960,18588,0x07
2026-09-06T20:36:50.548,1066,0,1,51,0,0,0,0,0,0,0x03
2026-09-06T20:36:50.629,1069,0,2,50,0,0,0,0,0,0,0x03
2026-09-06T20:36:50.629,1068,0,1,50,0,0,0,0,0,0,0x03
2026-09-06T20:36:50.678,1071,0,2,50,0,0,0,0,0,0,0x03
2026-09-06T20:36:50.678,1070,0,1,51,0,0,0,0,0,0,0x03
2026-09-06T20:36:50.761,1073,0,2,51,0,0,0,0,0,0,0x03
2026-09-06T20:36:50.761,1072,0,1,50,0,0,0,0,0,0,0x03
2026-09-06T20:36:50.826,1075,0,2,51,0,0,0,0,0,0,0x03
2026-09-06T20:36:50.826,1074,0,1,50,0,0,0,0,0,0,0x03
2026-09-06T20:36:50.891,1077,0,2,51,0,0,0,0,0,0,0x03
2026-09-06T20:36:50.891,1076,0,1,53,0,0,0,0,0,0,0x03
2026-09-06T20:36:50.955,1079,0,2,51,0,0,0,0,0,0,0x03
2026-09-06T20:36:50.955,1078,0,1,51,0,0,0,0,0,0,0x03
2026-09-06T20:36:51.020,1081,0,2,51,0,0,0,0,0,0,0x03
2026-09-06T20:36:51.020,1080,0,1,50,0,0,0,0,0,0,0x03
2026-09-06T20:36:51.085,1083,0,2,55,0,0,0,0,0,0,0x03
2026-09-06T20:36:51.085,1082,0,1,53,0,0,0,0,0,0,0x03
2026-09-06T20:36:51.151,1085,0,2,51,0,0,0,0,0,0,0x03
2026-09-06T20:36:51.151,1084,0,1,50,0,0,0,0,0,0,0x03
2026-09-06T20:36:51.216,1087,0,2,51,0,0,0,0,0,0,0x03
2026-09-06T20:36:51.216,1086,0,1,50,0,0,0,0,0,0,0x03
2026-09-06T20:36:51.296,1089,0,2,51,0,0,0,0,0,0,0x03
2026-09-06T20:36:51.296,1088,0,1,50,0,0,0,0,0,0,0x03
2026-09-06T20:36:51.362,1091,0,2,55,0,0,0,0,0,0,0x03
2026-09-06T20:36:51.362,1090,0,1,51,0,0,0,0,0,0,0x03
2026-09-06T20:36:51.427,1093,0,2,52,0,0,0,0,0,0,0x03
2026-09-06T20:36:51.427,1092,0,1,50,0,0,0,0,0,0,0x03
2026-09-06T20:36:51.492,1095,0,2,50,0,0,0,0,0,0,0x03
2026-09-06T20:36:51.492,1094,0,1,55,0,0,0,0,0,0,0x03
2026-09-06T20:36:51.557,1097,0,2,50,0,0,0,0,0,0,0x03
2026-09-06T20:36:51.557,1096,0,1,50,0,0,0,0,0,0,0x03
2026-09-06T20:36:51.623,1099,0,2,51,0,0,0,0,0,0,0x03
2026-09-06T20:36:51.623,1098,0,1,52,0,0,0,0,0,0,0x03
2026-09-06T20:36:51.687,1101,0,2,50,0,0,0,0,0,0,0x03
2026-09-06T20:36:51.687,1100,0,1,51,0,0,0,0,0,0,0x03
2026-09-06T20:36:51.752,1103,0,2,54,0,0,0,0,0,0,0x03
2026-09-06T20:36:51.752,1102,0,1,51,0,0,0,0,0,0,0x03
2026-09-06T20:36:51.817,1105,0,2,50,0,0,0,0,0,0,0x03
2026-09-06T20:36:51.817,1104,0,1,52,0,0,0,0,0,0,0x03
2026-09-06T20:36:51.899,1107,0,2,51,0,0,0,0,0,0,0x03
2026-09-06T20:36:51.899,1106,0,1,50,0,0,0,0,0,0,0x03
2026-09-06T20:36:51.964,1109,0,2,50,0,0,14964,0,0,15230,0x07
2026-09-06T20:36:51.964,1108,0,1,50,0,0,0,0,0,0,0x03
2026-09-06T20:36:52.028,1111,0,2,50,-1687,-1320,16524,1750,500,20542,0x07
2026-09-06T20:36:52.028,1110,0,1,52,0,0,0,0,0,0,0x03
2026-09-06T20:36:52.093,1113,0,2,51,-1687,-314,20800,1750,314,21334,0x07
2026-09-06T20:36:52.093,1112,0,1,50,0,0,0,0,0,0,0x03
2026-09-06T20:36:52.158,1115,0,2,52,-1687,-423,20336,1750,712,19643,0x07
2026-09-06T20:36:52.158,1114,0,1,52,0,0,0,0,0,0,0x03
2026-09-06T20:36:52.223,1117,0,2,50,-1687,-860,18479,1750,920,18758,0x07
2026-09-06T20:36:52.223,1116,0,1,51,0,0,0,0,0,0,0x03
2026-09-06T20:36:52.288,1119,0,2,51,-1687,-1078,17550,1750,961,18584,0x07
2026-09-06T20:36:52.288,1118,0,1,51,0,0,0,0,0,0,0x03
2026-09-06T20:36:52.353,1121,0,2,51,0,0,0,0,0,0,0x03
2026-09-06T20:36:52.354,1120,0,1,52,0,0,0,0,0,0,0x03
2026-09-06T20:36:52.435,1123,0,2,54,0,0,0,0,0,0,0x03
2026-09-06T20:36:52.435,1122,0,1,52,0,0,0,0,0,0,0x03
2026-09-06T20:36:52.484,1125,0,2,50,0,0,0,0,0,0,0x03
2026-09-06T20:36:52.484,1124,0,1,52,0,0,0,0,0,0,0x03
2026-09-06T20:36:52.565,1127,0,2,50,0,0,0,0,0,0,0x03
2026-09-06T20:36:52.565,1126,0,1,50,0,0,0,0,0,0,0x03
2026-09-06T20:36:52.630,1129,0,2,51,0,0,0,0,0,0,0x03
2026-09-06T20:36:52.630,1128,0,1,50,0,0,0,0,0,0,0x03
2026-09-06T20:36:52.695,1131,0,2,50,0,0,0,0,0,0,0x03
2026-09-06T20:36:52.695,1130,0,1,52,0,0,0,0,0,0,0x03
2026-09-06T20:36:52.760,1133,0,2,51,0,0,4700,0,0,4606,0x07
2026-09-06T20:36:52.760,1132,0,1,52,0,0,0,0,0,0,0x03
2026-09-06T20:36:52.825,1135,0,2,52,429,0,7324,316,96,5202,0x07
2026-09-06T20:36:52.825,1134,0,1,51,0,0,0,0,0,0,0x03
2026-09-06T20:36:52.890,1137,0,2,52,429,0,7324,316,0,5611,0x07
2026-09-06T20:36:52.890,1136,0,1,52,0,0,0,0,0,0,0x03
2026-09-06T20:36:52.955,1139,0,2,51,403,0,7014,379,0,6351,0x07
2026-09-06T20:36:52.955,1138,0,1,50,0,0,0,0,0,0,0x03
2026-09-06T20:36:53.020,1141,0,2,51,457,0,7645,285,0,5240,0x07
2026-09-06T20:36:53.020,1140,0,1,50,0,0,0,0,0,0,0x03
2026-09-06T20:36:53.101,1143,0,2,55,419,0,7205,256,0,4890,0x07
2026-09-06T20:36:53.101,1142,0,1,51,0,0,0,0,0,0,0x03
2026-09-06T20:36:53.166,1145,0,2,51,419,0,7205,256,0,4890,0x07
2026-09-06T20:36:53.166,1144,0,1,50,0,0,0,0,0,0,0x03
2026-09-06T20:36:53.231,1147,0,2,50,407,0,7066,246,0,4778,0x07
2026-09-06T20:36:53.231,1146,0,1,52,0,0,0,0,0,0,0x03
2026-09-06T20:36:53.296,1149,0,2,51,365,0,6569,321,0,5671,0x07
2026-09-06T20:36:53.296,1148,0,1,50,0,0,0,0,0,0,0x03
2026-09-06T20:36:53.360,1151,0,2,52,403,0,7010,255,0,4878,0x07
2026-09-06T20:36:53.360,1150,0,1,51,0,0,0,0,0,0,0x03
2026-09-06T20:36:53.425,1153,0,2,50,0,0,14964,330,0,5778,0x07
2026-09-06T20:36:53.425,1152,0,1,51,0,0,0,0,0,0,0x03
2026-09-06T20:36:53.490,1155,0,2,51,-1687,-157,21467,1750,0,22668,0x07
2026-09-06T20:36:53.490,1154,0,1,51,0,0,0,0,0,0,0x03
2026-09-06T20:36:53.572,1157,0,2,50,-1687,-420,20349,1750,200,21818,0x07
2026-09-06T20:36:53.572,1156,0,1,50,0,0,0,0,0,0,0x03
2026-09-06T20:36:53.637,1159,0,2,50,-1687,-520,19924,1750,540,20372,0x07
2026-09-06T20:36:53.637,1158,0,1,52,0,0,0,0,0,0,0x03
2026-09-06T20:36:53.702,1161,0,2,51,-1687,-725,19050,1750,569,20251,0x07
2026-09-06T20:36:53.702,1160,0,1,51,0,0,0,0,0,0,0x03
2026-09-06T20:36:53.767,1163,0,2,51,-1687,-882,18384,1750,824,19168,0x07
2026-09-06T20:36:53.767,1162,0,1,51,0,0,0,0,0,0,0x03
2026-09-06T20:36:53.832,1165,0,2,52,0,0,0,0,0,0,0x03
2026-09-06T20:36:53.832,1164,0,1,50,0,0,0,0,0,0,0x03
2026-09-06T20:36:53.897,1167,0,2,51,0,0,9244,0,0,7764,0x07
2026-09-06T20:36:53.897,1166,0,1,51,0,0,0,0,0,0,0x03
2026-09-06T20:36:53.962,1169,0,2,50,0,0,5305,0,0,3300,0x07
2026-09-06T20:36:53.962,1168,0,1,50,0,0,0,0,0,0,0x03
2026-09-06T20:36:54.027,1171,0,2,51,0,0,0,0,0,0,0x03
2026-09-06T20:36:54.027,1170,0,1,50,0,0,0,0,0,0,0x03
2026-09-06T20:36:54.092,1173,0,2,50,0,0,0,0,0,0,0x03
2026-09-06T20:36:54.092,1172,0,1,51,0,0,0,0,0,0,0x03
2026-09-06T20:36:54.174,1175,0,2,61,0,0,0,0,0,0,0x03
2026-09-06T20:36:54.174,1174,0,1,51,0,0,0,0,0,0,0x03
2026-09-06T20:36:54.239,1177,0,2,56,0,0,0,0,0,0,0x03
2026-09-06T20:36:54.239,1176,0,1,51,0,0,0,0,0,0,0x03
2026-09-06T20:36:54.304,1179,0,2,51,0,0,0,0,0,0,0x03
2026-09-06T20:36:54.304,1178,0,1,50,0,0,0,0,0,0,0x03
2026-09-06T20:36:54.369,1181,0,2,51,0,0,3535,0,0,5173,0x07
2026-09-06T20:36:54.369,1180,0,1,50,0,0,0,0,0,0,0x03
2026-09-06T20:36:54.434,1183,0,2,52,-168,0,4249,-435,-58,6777,0x07
2026-09-06T20:36:54.434,1182,0,1,51,0,0,0,0,0,0,0x03
2026-09-06T20:36:54.499,1185,0,2,51,-163,-20,4110,-461,-118,6827,0x07
2026-09-06T20:36:54.500,1184,0,1,52,0,0,0,0,0,0,0x03
2026-09-06T20:36:54.565,1187,0,2,50,-175,0,4337,-460,-140,6728,0x07
2026-09-06T20:36:54.565,1186,0,1,52,0,0,0,0,0,0,0x03
2026-09-06T20:36:54.629,1189,0,2,53,0,0,0,0,0,0,0x03
2026-09-06T20:36:54.629,1188,0,1,51,0,0,0,0,0,0,0x03
2026-09-06T20:36:54.710,1191,0,2,50,0,0,0,0,0,0,0x03
2026-09-06T20:36:54.710,1190,0,1,51,0,0,0,0,0,0,0x03
2026-09-06T20:36:54.775,1193,0,2,51,0,0,0,0,0,0,0x03
2026-09-06T20:36:54.775,1192,0,1,52,0,0,0,0,0,0,0x03
2026-09-06T20:36:54.841,1195,0,2,50,0,0,0,0,0,0,0x03
2026-09-06T20:36:54.841,1194,0,1,52,0,0,0,0,0,0,0x03
2026-09-06T20:36:54.906,1197,0,2,52,0,0,0,0,0,0,0x03
2026-09-06T20:36:54.906,1196,0,1,50,0,0,0,0,0,0,0x03
2026-09-06T20:36:54.970,1199,0,2,52,0,0,14964,0,0,15230,0x07
2026-09-06T20:36:54.970,1198,0,1,52,0,0,0,0,0,0,0x03
2026-09-06T20:36:55.035,1201,0,2,50,-1687,-960,18054,1750,1560,16038,0x07
2026-09-06T20:36:55.035,1200,0,1,51,0,0,0,0,0,0,0x03
2026-09-06T20:36:55.116,1203,0,2,52,-1687,-365,20581,1750,500,20542,0x07
2026-09-06T20:36:55.116,1202,0,1,54,0,0,0,0,0,0,0x03
2026-09-06T20:36:55.165,1205,0,2,52,-1687,-577,19682,1750,462,20706,0x07
2026-09-06T20:36:55.165,1204,0,1,50,0,0,0,0,0,0,0x03
2026-09-06T20:36:55.245,1207,0,2,50,-1687,-760,18904,1750,580,20202,0x07
2026-09-06T20:36:55.246,1206,0,1,51,0,0,0,0,0,0,0x03
2026-09-06T20:36:55.310,1209,0,2,50,-1687,-1000,17884,1750,860,19012,0x07
2026-09-06T20:36:55.310,1208,0,1,51,0,0,0,0,0,0,0x03
2026-09-06T20:36:55.374,1211,0,2,51,0,0,0,0,0,0,0x03
2026-09-06T20:36:55.374,1210,0,1,51,0,0,0,0,0,0,0x03
2026-09-06T20:36:55.440,1213,0,2,50,0,0,0,0,0,0,0x03
2026-09-06T20:36:55.440,1212,0,1,51,0,0,0,0,0,0,0x03
2026-09-06T20:36:55.505,1215,0,2,50,0,0,0,0,0,0,0x03
2026-09-06T20:36:55.505,1214,0,1,51,0,0,0,0,0,0,0x03
2026-09-06T20:36:55.570,1217,0,2,50,0,0,0,0,0,0,0x03
2026-09-06T20:36:55.570,1216,0,1,50,0,0,0,0,0,0,0x03
2026-09-06T20:36:55.635,1219,0,2,50,0,0,7264,0,0,2462,0x07
2026-09-06T20:36:55.635,1218,0,1,50,0,0,0,0,0,0,0x03
2026-09-06T20:36:55.700,1221,0,2,50,664,60,9830,0,0,3675,0x07
2026-09-06T20:36:55.700,1220,0,1,52,0,0,0,0,0,0,0x03
2026-09-06T20:36:55.781,1223,0,2,51,457,59,7395,239,59,4441,0x07
2026-09-06T20:36:55.781,1222,0,1,50,0,0,0,0,0,0,0x03
2026-09-06T20:36:55.846,1225,0,2,50,511,60,8038,257,0,4898,0x07
2026-09-06T20:36:55.846,1224,0,1,51,0,0,0,0,0,0,0x03
2026-09-06T20:36:55.911,1227,0,2,50,547,0,8707,273,0,5095,0x07
2026-09-06T20:36:55.911,1226,0,1,51,0,0,0,0,0,0,0x03
2026-09-06T20:36:55.976,1229,0,2,51,547,0,8707,273,0,5095,0x07
2026-09-06T20:36:55.976,1228,0,1,51,0,0,0,0,0,0,0x03
2026-09-06T20:36:56.041,1231,0,2,50,544,0,8679,268,0,5033,0x07
2026-09-06T20:36:56.041,1230,0,1,51,0,0,0,0,0,0,0x03
2026-09-06T20:36:56.106,1233,0,2,51,475,0,7867,151,0,3642,0x07
2026-09-06T20:36:56.106,1232,0,1,50,0,0,0,0,0,0,0x03
2026-09-06T20:36:56.171,1235,0,2,52,513,0,8313,266,0,5012,0x07
2026-09-06T20:36:56.171,1234,0,1,52,0,0,0,0,0,0,0x03
2026-09-06T20:36:56.236,1237,0,2,50,520,0,8393,247,0,4783,0x07
2026-09-06T20:36:56.236,1236,0,1,51,0,0,0,0,0,0,0x03
2026-09-06T20:36:56.301,1239,0,2,50,507,0,8245,236,0,4649,0x07
2026-09-06T20:36:56.301,1238,0,1,50,0,0,0,0,0,0,0x03
2026-09-06T20:36:56.381,1241,0,2,50,507,0,8245,236,0,4649,0x07
2026-09-06T20:36:56.382,1240,0,1,50,0,0,0,0,0,0,0x03
2026-09-06T20:36:56.446,1243,0,2,51,0,0,14964,234,0,4629,0x07
2026-09-06T20:36:56.446,1242,0,1,52,0,0,0,0,0,0,0x03
2026-09-06T20:36:56.511,1245,0,2,51,-1687,-216,21217,1750,0,22668,0x07
2026-09-06T20:36:56.511,1244,0,1,52,0,0,0,0,0,0,0x03
2026-09-06T20:36:56.575,1247,0,2,50,-1687,-340,20689,1750,300,21392,0x07
2026-09-06T20:36:56.576,1246,0,1,52,0,0,0,0,0,0,0x03
2026-09-06T20:36:56.640,1249,0,2,51,-1687,-510,19967,1750,588,20168,0x07
2026-09-06T20:36:56.640,1248,0,1,51,0,0,0,0,0,0,0x03
2026-09-06T20:36:56.705,1251,0,2,54,-1687,-852,18513,1750,852,19047,0x07
2026-09-06T20:36:56.705,1250,0,1,51,0,0,0,0,0,0,0x03
2026-09-06T20:36:56.786,1253,0,2,50,-1687,-980,17969,1750,880,18928,0x07
2026-09-06T20:36:56.786,1252,0,1,51,0,0,0,0,0,0,0x03
2026-09-06T20:36:56.851,1255,0,2,51,0,0,0,0,0,0,0x03
2026-09-06T20:36:56.851,1254,0,1,51,0,0,0,0,0,0,0x03
2026-09-06T20:36:56.915,1257,0,2,52,0,0,0,0,0,0,0x03
2026-09-06T20:36:56.915,1256,0,1,55,0,0,0,0,0,0,0x03
2026-09-06T20:36:56.980,1259,0,2,51,0,0,0,0,0,0,0x03
2026-09-06T20:36:56.980,1258,0,1,50,0,0,0,0,0,0,0x03
2026-09-06T20:36:57.045,1261,0,2,51,0,0,0,0,0,0,0x03
2026-09-06T20:36:57.045,1260,0,1,51,0,0,0,0,0,0,0x03
2026-09-06T20:36:57.109,1263,0,2,51,0,0,0,0,0,0,0x03
2026-09-06T20:36:57.109,1262,0,1,50,0,0,0,0,0,0,0x03
2026-09-06T20:36:57.174,1265,0,2,51,0,0,6419,0,0,9084,0x07
2026-09-06T20:36:57.174,1264,0,1,51,0,0,0,0,0,0,0x03
2026-09-06T20:36:57.255,1267,0,2,51,0,0,4101,946,98,12690,0x07
2026-09-06T20:36:57.255,1266,0,1,51,0,0,0,0,0,0,0x03
2026-09-06T20:36:57.320,1269,0,2,50,243,100,4710,390,340,5037,0x07
2026-09-06T20:36:57.320,1268,0,1,51,0,0,0,0,0,0,0x03
2026-09-06T20:36:57.385,1271,0,2,54,234,352,3533,611,19,9038,0x07
2026-09-06T20:36:57.385,1270,0,1,52,0,0,0,0,0,0,0x03
2026-09-06T20:36:57.450,1273,0,2,52,234,77,4701,611,0,9117,0x07
2026-09-06T20:36:57.450,1272,0,1,50,0,0,0,0,0,0,0x03
2026-09-06T20:36:57.515,1275,0,2,51,181,98,3979,542,157,7626,0x07
2026-09-06T20:36:57.515,1274,0,1,55,0,0,0,0,0,0,0x03
2026-09-06T20:36:57.580,1277,0,2,57,-21,0,2513,582,123,8250,0x07
2026-09-06T20:36:57.580,1276,0,1,51,0,0,0,0,0,0,0x03
2026-09-06T20:36:57.645,1279,0,2,52,-21,-58,2268,582,135,8200,0x07
2026-09-06T20:36:57.645,1278,0,1,51,0,0,0,0,0,0,0x03
2026-09-06T20:36:57.711,1281,0,2,52,0,0,0,0,0,0,0x03
2026-09-06T20:36:57.711,1280,0,1,52,0,0,0,0,0,0,0x03
2026-09-06T20:36:57.791,1283,0,2,51,0,0,0,0,0,0,0x03
2026-09-06T20:36:57.791,1282,0,1,53,0,0,0,0,0,0,0x03
2026-09-06T20:36:57.857,1285,0,2,54,0,0,0,0,0,0,0x03
2026-09-06T20:36:57.857,1284,0,1,51,0,0,0,0,0,0,0x03
2026-09-06T20:36:57.921,1287,0,2,50,0,0,14964,0,0,15230,0x07
2026-09-06T20:36:57.921,1286,0,1,52,0,0,0,0,0,0,0x03
2026-09-06T20:36:57.986,1289,0,2,50,-1687,-440,20264,1750,160,21988,0x07
2026-09-06T20:36:57.986,1288,0,1,52,0,0,0,0,0,0,0x03
2026-09-06T20:36:58.051,1291,0,2,51,-1687,-412,20384,1750,549,20334,0x07
2026-09-06T20:36:58.051,1290,0,1,50,0,0,0,0,0,0,0x03
2026-09-06T20:36:58.117,1293,0,2,50,-1687,-620,19499,1750,600,20118,0x07
2026-09-06T20:36:58.117,1292,0,1,52,0,0,0,0,0,0,0x03
2026-09-06T20:36:58.182,1295,0,2,52,-1687,-788,18783,1750,750,19480,0x07
2026-09-06T20:36:58.182,1294,0,1,51,0,0,0,0,0,0,0x03
2026-09-06T20:36:58.248,1297,0,2,53,-1687,-1132,17322,1750,868,18979,0x07
2026-09-06T20:36:58.248,1296,0,1,52,0,0,0,0,0,0,0x03
2026-09-06T20:36:58.313,1299,0,2,50,0,0,0,0,0,0,0x03
2026-09-06T20:36:58.313,1298,0,1,51,0,0,0,0,0,0,0x03
2026-09-06T20:36:58.378,1301,0,2,52,0,0,5025,0,0,5718,0x07
2026-09-06T20:36:58.378,1300,0,1,50,0,0,0,0,0,0,0x03
2026-09-06T20:36:58.459,1303,0,2,51,366,78,6248,506,275,6702,0x07
2026-09-06T20:36:58.459,1302,0,1,53,0,0,0,0,0,0,0x03
2026-09-06T20:36:58.524,1305,0,2,55,634,55,9507,-102,0,3063,0x07
2026-09-06T20:36:58.524,1304,0,1,51,0,0,0,0,0,0,0x03
2026-09-06T20:36:58.590,1307,0,2,50,634,180,8974,-102,0,3063,0x07
2026-09-06T20:36:58.590,1306,0,1,50,0,0,0,0,0,0,0x03
2026-09-06T20:36:58.655,1309,0,2,50,626,240,8616,-409,0,6710,0x07
2026-09-06T20:36:58.655,1308,0,1,50,0,0,0,0,0,0,0x03
2026-09-06T20:36:58.720,1311,0,2,50,0,0,5500,0,0,3068,0x07
2026-09-06T20:36:58.720,1310,0,1,50,0,0,0,0,0,0,0x03
2026-09-06T20:36:58.785,1313,0,2,50,-429,-100,6899,0,0,2850,0x07
2026-09-06T20:36:58.785,1312,0,1,51,0,0,0,0,0,0,0x03
2026-09-06T20:36:58.851,1315,0,2,50,-382,-380,5157,-131,0,3408,0x07
2026-09-06T20:36:58.851,1314,0,1,55,0,0,0,0,0,0,0x03
2026-09-06T20:36:58.916,1317,0,2,57,-601,-88,8973,-284,0,5224,0x07
2026-09-06T20:36:58.916,1316,0,1,50,0,0,0,0,0,0,0x03
2026-09-06T20:36:58.981,1319,0,2,51,-601,-157,8679,-284,0,5224,0x07
2026-09-06T20:36:58.981,1318,0,1,51,0,0,0,0,0,0,0x03
2026-09-06T20:36:59.062,1321,0,2,50,-663,-220,9146,-308,0,5511,0x07
2026-09-06T20:36:59.062,1320,0,1,50,0,0,0,0,0,0,0x03
2026-09-06T20:36:59.127,1323,0,2,51,-652,-314,8609,-313,0,5569,0x07
2026-09-06T20:36:59.127,1322,0,1,51,0,0,0,0,0,0,0x03
2026-09-06T20:36:59.192,1325,0,2,50,-588,-360,7661,-190,0,4108,0x07
2026-09-06T20:36:59.192,1324,0,1,50,0,0,0,0,0,0,0x03
2026-09-06T20:36:59.257,1327,0,2,51,-602,-314,8024,0,0,2631,0x07
2026-09-06T20:36:59.257,1326,0,1,50,0,0,0,0,0,0,0x03
2026-09-06T20:36:59.322,1329,0,2,51,-504,-275,7035,97,0,3005,0x07
2026-09-06T20:36:59.322,1328,0,1,50,0,0,0,0,0,0,0x03
2026-09-06T20:36:59.387,1331,0,2,50,-504,-200,7352,97,0,3005,0x07
2026-09-06T20:36:59.387,1330,0,1,50,0,0,0,0,0,0,0x03
2026-09-06T20:36:59.452,1333,0,2,51,-463,-157,7059,186,0,4053,0x07
2026-09-06T20:36:59.452,1332,0,1,51,0,0,0,0,0,0,0x03
2026-09-06T20:36:59.517,1335,0,2,52,-465,-135,7176,286,0,5253,0x07
2026-09-06T20:36:59.517,1334,0,1,50,0,0,0,0,0,0,0x03
2026-09-06T20:36:59.598,1337,0,2,56,-1687,-446,20236,1750,750,19480,0x07
2026-09-06T20:36:59.599,1336,0,1,50,0,0,0,0,0,0,0x03
2026-09-06T20:36:59.663,1339,0,2,50,-1687,-560,19754,1750,380,21052,0x07
2026-09-06T20:36:59.663,1338,0,1,50,0,0,0,0,0,0,0x03
2026-09-06T20:36:59.728,1341,0,2,50,-1687,-640,19414,1750,560,20288,0x07
2026-09-06T20:36:59.728,1340,0,1,50,0,0,0,0,0,0,0x03
2026-09-06T20:36:59.793,1343,0,2,51,-1687,-804,18717,1750,784,19334,0x07
2026-09-06T20:36:59.793,1342,0,1,51,0,0,0,0,0,0,0x03
2026-09-06T20:36:59.857,1345,0,2,50,-1687,-860,18479,1750,920,18758,0x07
2026-09-06T20:36:59.857,1344,0,1,51,0,0,0,0,0,0,0x03
2026-09-06T20:36:59.922,1347,0,2,50,0,0,0,0,0,0,0x03
2026-09-06T20:36:59.922,1346,0,1,51,0,0,0,0,0,0,0x03
2026-09-06T20:36:59.987,1349,0,2,52,0,0,0,0,0,0,0x03
2026-09-06T20:36:59.987,1348,0,1,50,0,0,0,0,0,0,0x03
2026-09-06T20:37:00.052,1351,0,2,50,0,0,0,0,0,0,0x03
2026-09-06T20:37:00.052,1350,0,1,52,0,0,0,0,0,0,0x03
2026-09-06T20:37:00.133,1353,0,2,50,0,0,0,0,0,0,0x03
2026-09-06T20:37:00.133,1352,0,1,55,0,0,0,0,0,0,0x03
2026-09-06T20:37:00.198,1355,0,2,50,0,0,2901,0,0,7928,0x07
2026-09-06T20:37:00.198,1354,0,1,50,0,0,0,0,0,0,0x03
2026-09-06T20:37:00.263,1357,0,2,52,0,0,6886,795,308,10000,0x07
2026-09-06T20:37:00.263,1356,0,1,50,0,0,0,0,0,0,0x03
2026-09-06T20:37:00.328,1359,0,2,52,613,212,8594,446,58,6907,0x07
2026-09-06T20:37:00.328,1358,0,1,51,0,0,0,0,0,0,0x03
2026-09-06T20:37:00.393,1361,0,2,52,655,58,9736,630,77,9011,0x07
2026-09-06T20:37:00.393,1360,0,1,51,0,0,0,0,0,0,0x03
2026-09-06T20:37:00.457,1363,0,2,52,731,154,10230,620,135,8654,0x07
2026-09-06T20:37:00.458,1362,0,1,52,0,0,0,0,0,0,0x03
2026-09-06T20:37:00.523,1365,0,2,50,716,200,9854,649,200,8717,0x07
2026-09-06T20:37:00.523,1364,0,1,50,0,0,0,0,0,0,0x03
2026-09-06T20:37:00.603,1367,0,2,50,711,280,9450,579,200,7880,0x07
2026-09-06T20:37:00.603,1366,0,1,51,0,0,0,0,0,0,0x03
2026-09-06T20:37:00.668,1369,0,2,54,483,315,6625,480,241,6529,0x07
2026-09-06T20:37:00.668,1368,0,1,51,0,0,0,0,0,0,0x03
2026-09-06T20:37:00.733,1371,0,2,52,0,0,0,0,0,0,0x03
2026-09-06T20:37:00.733,1370,0,1,52,0,0,0,0,0,0,0x03
2026-09-06T20:37:00.797,1373,0,2,50,0,0,0,0,0,0,0x03
2026-09-06T20:37:00.797,1372,0,1,52,0,0,0,0,0,0,0x03
2026-09-06T20:37:00.862,1375,0,2,51,0,0,0,0,0,0,0x03
2026-09-06T20:37:00.862,1374,0,1,50,0,0,0,0,0,0,0x03
2026-09-06T20:37:00.927,1377,0,2,50,0,0,0,0,0,0,0x03
2026-09-06T20:37:00.927,1376,0,1,52,0,0,0,0,0,0,0x03
2026-09-06T20:37:00.991,1379,0,2,50,0,0,5081,0,0,4808,0x07
2026-09-06T20:37:00.991,1378,0,1,50,0,0,0,0,0,0,0x03
2026-09-06T20:37:01.056,1381,0,2,50,-508,-280,7067,-335,-80,5488,0x07
2026-09-06T20:37:01.056,1380,0,1,50,0,0,0,0,0,0,0x03
2026-09-06T20:37:01.137,1383,0,2,52,-508,-346,6786,-335,-77,5501,0x07
2026-09-06T20:37:01.137,1382,0,1,51,0,0,0,0,0,0,0x03
2026-09-06T20:37:01.201,1385,0,2,50,-323,-120,5566,-461,-160,6647,0x07
2026-09-06T20:37:01.201,1384,0,1,54,0,0,0,0,0,0,0x03
2026-09-06T20:37:01.266,1387,0,2,52,0,0,0,0,0,0,0x03
2026-09-06T20:37:01.266,1386,0,1,50,0,0,0,0,0,0,0x03
2026-09-06T20:37:01.331,1389,0,2,52,0,0,0,0,0,0,0x03
2026-09-06T20:37:01.331,1388,0,1,50,0,0,0,0,0,0,0x03
2026-09-06T20:37:01.396,1391,0,2,51,0,0,0,0,0,0,0x03
2026-09-06T20:37:01.396,1390,0,1,51,0,0,0,0,0,0,0x03
2026-09-06T20:37:01.460,1393,0,2,50,0,0,0,0,0,0,0x03
2026-09-06T20:37:01.461,1392,0,1,51,0,0,0,0,0,0,0x03
2026-09-06T20:37:01.525,1395,0,2,52,0,0,0,0,0,0,0x03
2026-09-06T20:37:01.525,1394,0,1,51,0,0,0,0,0,0,0x03
2026-09-06T20:37:01.606,1397,0,2,51,0,0,0,0,0,0,0x03
2026-09-06T20:37:01.606,1396,0,1,50,0,0,0,0,0,0,0x03
2026-09-06T20:37:01.671,1399,0,2,50,0,0,0,0,0,0,0x03
2026-09-06T20:37:01.671,1398,0,1,51,0,0,0,0,0,0,0x03
2026-09-06T20:37:01.735,1401,0,2,52,0,0,0,0,0,0,0x03
2026-09-06T20:37:01.735,1400,0,1,52,0,0,0,0,0,0,0x03
2026-09-06T20:37:01.800,1403,0,2,50,0,0,0,0,0,0,0x03
2026-09-06T20:37:01.800,1402,0,1,52,0,0,0,0,0,0,0x03
2026-09-06T20:37:01.865,1405,0,2,52,0,0,0,0,0,0,0x03
2026-09-06T20:37:01.865,1404,0,1,50,0,0,0,0,0,0,0x03
2026-09-06T20:37:01.929,1407,0,2,54,0,0,0,0,0,0,0x03
2026-09-06T20:37:01.929,1406,0,1,50,0,0,0,0,0,0,0x03
2026-09-06T20:37:01.994,1409,0,2,52,0,0,0,0,0,0,0x03
2026-09-06T20:37:01.994,1408,0,1,52,0,0,0,0,0,0,0x03
2026-09-06T20:37:02.075,1411,0,2,50,0,0,14964,0,0,15230,0x07
2026-09-06T20:37:02.075,1410,0,1,52,0,0,0,0,0,0,0x03
2026-09-06T20:37:02.140,1413,0,2,50,-1687,-80,21794,1750,220,21732,0x07
2026-09-06T20:37:02.140,1412,0,1,51,0,0,0,0,0,0,0x03
2026-09-06T20:37:02.205,1415,0,2,50,-1687,-460,20179,1750,440,20798,0x07
2026-09-06T20:37:02.205,1414,0,1,52,0,0,0,0,0,0,0x03
2026-09-06T20:37:02.270,1417,0,2,50,-1687,-680,19244,1750,620,20032,0x07
2026-09-06T20:37:02.270,1416,0,1,51,0,0,0,0,0,0,0x03
2026-09-06T20:37:02.335,1419,0,2,53,-1687,-981,17964,1750,887,18899,0x07
2026-09-06T20:37:02.335,1418,0,1,52,0,0,0,0,0,0,0x03
2026-09-06T20:37:02.400,1421,0,2,50,-1687,-1100,17459,1750,980,18502,0x07
2026-09-06T20:37:02.400,1420,0,1,50,0,0,0,0,0,0,0x03
2026-09-06T20:37:02.465,1423,0,2,50,0,0,0,0,0,0,0x03
2026-09-06T20:37:02.465,1422,0,1,53,0,0,0,0,0,0,0x03
2026-09-06T20:37:02.530,1425,0,2,50,0,0,0,0,0,0,0x03
2026-09-06T20:37:02.530,1424,0,1,51,0,0,0,0,0,0,0x03
2026-09-06T20:37:02.611,1427,0,2,50,0,0,0,0,0,0,0x03
2026-09-06T20:37:02.611,1426,0,1,51,0,0,0,0,0,0,0x03
2026-09-06T20:37:02.676,1429,0,2,51,0,0,0,0,0,0,0x03
2026-09-06T20:37:02.676,1428,0,1,50,0,0,0,0,0,0,0x03
2026-09-06T20:37:02.741,1431,0,2,50,0,0,0,0,0,0,0x03
2026-09-06T20:37:02.741,1430,0,1,51,0,0,0,0,0,0,0x03
2026-09-06T20:37:02.806,1433,0,2,51,0,0,0,0,0,0,0x03
2026-09-06T20:37:02.806,1432,0,1,52,0,0,0,0,0,0,0x03
2026-09-06T20:37:02.871,1435,0,2,50,0,0,0,0,0,0,0x03
2026-09-06T20:37:02.871,1434,0,1,50,0,0,0,0,0,0,0x03
2026-09-06T20:37:02.936,1437,0,2,50,0,0,0,0,0,0,0x03
2026-09-06T20:37:02.936,1436,0,1,51,0,0,0,0,0,0,0x03
2026-09-06T20:37:03.001,1439,0,2,50,0,0,0,0,0,0,0x03
2026-09-06T20:37:03.001,1438,0,1,51,0,0,0,0,0,0,0x03
2026-09-06T20:37:03.066,1441,0,2,51,0,0,0,0,0,0,0x03
2026-09-06T20:37:03.066,1440,0,1,51,0,0,0,0,0,0,0x03
2026-09-06T20:37:03.147,1443,0,2,51,0,0,0,0,0,0,0x03
2026-09-06T20:37:03.147,1442,0,1,56,0,0,0,0,0,0,0x03
2026-09-06T20:37:03.212,1445,0,2,54,0,0,0,0,0,0,0x03
2026-09-06T20:37:03.212,1444,0,1,50,0,0,0,0,0,0,0x03
2026-09-06T20:37:03.277,1447,0,2,51,0,0,0,0,0,0,0x03
2026-09-06T20:37:03.277,1446,0,1,50,0,0,0,0,0,0,0x03
2026-09-06T20:37:03.342,1449,0,2,51,0,0,0,0,0,0,0x03
2026-09-06T20:37:03.342,1448,0,1,55,0,0,0,0,0,0,0x03
2026-09-06T20:37:03.407,1451,0,2,50,0,0,0,0,0,0,0x03
2026-09-06T20:37:03.407,1450,0,1,50,0,0,0,0,0,0,0x03
2026-09-06T20:37:03.472,1453,0,2,51,0,0,0,0,0,0,0x03
2026-09-06T20:37:03.472,1452,0,1,52,0,0,0,0,0,0,0x03
2026-09-06T20:37:03.537,1455,0,2,51,0,0,0,0,0,0,0x03
2026-09-06T20:37:03.537,1454,0,1,50,0,0,0,0,0,0,0x03
2026-09-06T20:37:03.602,1457,0,2,51,0,0,0,0,0,0,0x03
2026-09-06T20:37:03.602,1456,0,1,55,0,0,0,0,0,0,0x03
2026-09-06T20:37:03.683,1459,0,2,51,0,0,0,0,0,0,0x03
2026-09-06T20:37:03.684,1458,0,1,51,0,0,0,0,0,0,0x03
2026-09-06T20:37:03.749,1461,0,2,50,0,0,0,0,0,0,0x03
2026-09-06T20:37:03.749,1460,0,1,50,0,0,0,0,0,0,0x03
2026-09-06T20:37:03.814,1463,0,2,51,0,0,0,0,0,0,0x03
2026-09-06T20:37:03.814,1462,0,1,52,0,0,0,0,0,0,0x03
2026-09-06T20:37:03.879,1465,0,2,50,0,0,0,0,0,0,0x03
2026-09-06T20:37:03.879,1464,0,1,52,0,0,0,0,0,0,0x03
2026-09-06T20:37:03.945,1467,0,2,51,0,0,0,0,0,0,0x03
2026-09-06T20:37:03.945,1466,0,1,50,0,0,0,0,0,0,0x03
2026-09-06T20:37:04.010,1469,0,2,52,0,0,0,0,0,0,0x03
2026-09-06T20:37:04.010,1468,0,1,54,0,0,0,0,0,0,0x03
2026-09-06T20:37:04.075,1471,0,2,50,0,0,0,0,0,0,0x03
2026-09-06T20:37:04.075,1470,0,1,50,0,0,0,0,0,0,0x03
2026-09-06T20:37:04.140,1473,0,2,52,0,0,14964,0,0,15230,0x07
2026-09-06T20:37:04.140,1472,0,1,52,0,0,0,0,0,0,0x03
2026-09-06T20:37:04.205,1475,0,2,50,-1687,-300,20859,1750,240,21648,0x07
2026-09-06T20:37:04.205,1474,0,1,50,0,0,0,0,0,0,0x03
2026-09-06T20:37:04.286,1477,0,2,52,-1687,-404,20417,1750,327,21278,0x07
2026-09-06T20:37:04.286,1476,0,1,52,0,0,0,0,0,0,0x03
2026-09-06T20:37:04.351,1479,0,2,51,-1687,-549,19800,1750,608,20084,0x07
2026-09-06T20:37:04.351,1478,0,1,51,0,0,0,0,0,0,0x03
2026-09-06T20:37:04.416,1481,0,2,52,-1687,-769,18865,1750,673,19807,0x07
2026-09-06T20:37:04.416,1480,0,1,51,0,0,0,0,0,0,0x03
2026-09-06T20:37:04.481,1483,0,2,51,-1687,-980,17967,1750,863,19001,0x07
2026-09-06T20:37:04.481,1482,0,1,51,0,0,0,0,0,0,0x03
2026-09-06T20:37:04.546,1485,0,2,50,0,0,0,0,0,0,0x03
2026-09-06T20:37:04.546,1484,0,1,52,0,0,0,0,0,0,0x03
2026-09-06T20:37:04.611,1487,0,2,52,0,0,0,0,0,0,0x03
2026-09-06T20:37:04.611,1486,0,1,51,0,0,0,0,0,0,0x03
2026-09-06T20:37:04.676,1489,0,2,50,0,0,0,0,0,0,0x03
2026-09-06T20:37:04.676,1488,0,1,51,0,0,0,0,0,0,0x03
2026-09-06T20:37:04.741,1491,0,2,52,0,0,0,0,0,0,0x03
2026-09-06T20:37:04.741,1490,0,1,52,0,0,0,0,0,0,0x03
2026-09-06T20:37:04.806,1493,0,2,50,0,0,0,0,0,0,0x03
2026-09-06T20:37:04.806,1492,0,1,50,0,0,0,0,0,0,0x03
2026-09-06T20:37:04.887,1495,0,2,51,0,0,0,0,0,0,0x03
2026-09-06T20:37:04.887,1494,0,1,51,0,0,0,0,0,0,0x03
2026-09-06T20:37:04.952,1497,0,2,50,0,0,0,0,0,0,0x03
2026-09-06T20:37:04.952,1496,0,1,52,0,0,0,0,0,0,0x03
2026-09-06T20:37:05.017,1499,0,2,50,0,0,0,0,0,0,0x03
2026-09-06T20:37:05.017,1498,0,1,50,0,0,0,0,0,0,0x03
2026-09-06T20:37:05.082,1501,0,2,53,0,0,0,0,0,0,0x03
2026-09-06T20:37:05.082,1500,0,1,50,0,0,0,0,0,0,0x03
2026-09-06T20:37:05.147,1503,0,2,51,0,0,0,0,0,0,0x03
2026-09-06T20:37:05.147,1502,0,1,52,0,0,0,0,0,0,0x03
2026-09-06T20:37:05.213,1505,0,2,51,0,0,0,0,0,0,0x03
2026-09-06T20:37:05.213,1504,0,1,50,0,0,0,0,0,0,0x03
2026-09-06T20:37:05.278,1507,0,2,51,0,0,0,0,0,0,0x03
2026-09-06T20:37:05.278,1506,0,1,50,0,0,0,0,0,0,0x03
2026-09-06T20:37:05.343,1509,0,2,53,0,0,0,0,0,0,0x03
2026-09-06T20:37:05.343,1508,0,1,50,0,0,0,0,0,0,0x03
2026-09-06T20:37:05.408,1511,0,2,50,0,0,0,0,0,0,0x03
2026-09-06T20:37:05.408,1510,0,1,50,0,0,0,0,0,0,0x03
2026-09-06T20:37:05.488,1513,0,2,51,0,0,0,0,0,0,0x03
2026-09-06T20:37:05.489,1512,0,1,52,0,0,0,0,0,0,0x03
2026-09-06T20:37:05.553,1515,0,2,50,0,0,0,0,0,0,0x03
2026-09-06T20:37:05.553,1514,0,1,52,0,0,0,0,0,0,0x03
2026-09-06T20:37:05.618,1517,0,2,50,0,0,0,0,0,0,0x03
2026-09-06T20:37:05.618,1516,0,1,50,0,0,0,0,0,0,0x03
2026-09-06T20:37:05.683,1519,0,2,52,0,0,0,0,0,0,0x03
2026-09-06T20:37:05.683,1518,0,1,50,0,0,0,0,0,0,0x03
2026-09-06T20:37:05.747,1521,0,2,55,-1687,0,22134,1750,0,22668,0x07
2026-09-06T20:37:05.748,1520,0,1,55,0,0,0,0,0,0,0x03
2026-09-06T20:37:05.812,1523,0,2,51,0,0,0,0,0,0,0x03
2026-09-06T20:37:05.812,1522,0,1,52,0,0,0,0,0,0,0x03
2026-09-06T20:37:05.877,1525,0,2,50,0,0,0,0,0,0,0x03
2026-09-06T20:37:05.877,1524,0,1,52,0,0,0,0,0,0,0x03
2026-09-06T20:37:05.959,1527,0,2,51,0,0,0,0,0,0,0x03
2026-09-06T20:37:05.959,1526,0,1,50,0,0,0,0,0,0,0x03
2026-09-06T20:37:06.023,1529,0,2,54,0,0,0,0,0,0,0x03
2026-09-06T20:37:06.023,1528,0,1,55,0,0,0,0,0,0,0x03
2026-09-06T20:37:06.088,1531,0,2,51,0,0,14964,0,0,15230,0x07
2026-09-06T20:37:06.088,1530,0,1,51,0,0,0,0,0,0,0x03
2026-09-06T20:37:06.153,1533,0,2,51,0,0,0,0,0,0,0x03
2026-09-06T20:37:06.153,1532,0,1,51,0,0,0,0,0,0,0x03
2026-09-06T20:37:06.218,1535,0,2,51,0,0,4576,0,0,7200,0x07
2026-09-06T20:37:06.218,1534,0,1,51,0,0,0,0,0,0,0x03
2026-09-06T20:37:06.283,1537,0,2,50,306,0,5878,700,260,9070,0x07
2026-09-06T20:37:06.283,1536,0,1,50,0,0,0,0,0,0,0x03
2026-09-06T20:37:06.349,1539,0,2,50,632,60,9457,583,80,8449,0x07
2026-09-06T20:37:06.349,1538,0,1,52,0,0,0,0,0,0,0x03
2026-09-06T20:37:06.414,1541,0,2,54,2932,1204,31675,2706,981,29871,0x07
2026-09-06T20:37:06.414,1540,0,1,51,0,0,0,0,0,0,0x03
2026-09-06T20:37:06.495,1543,0,2,50,2932,820,33306,2706,1720,26732,0x07
2026-09-06T20:37:06.495,1542,0,1,51,0,0,0,0,0,0,0x03
2026-09-06T20:37:06.559,1545,0,2,51,2773,1471,28674,2484,980,27236,0x07
2026-09-06T20:37:06.559,1544,0,1,51,0,0,0,0,0,0,0x03
2026-09-06T20:37:06.624,1547,0,2,50,2687,1600,27111,2459,1240,25829,0x07
2026-09-06T20:37:06.624,1546,0,1,51,0,0,0,0,0,0,0x03
2026-09-06T20:37:06.690,1549,0,2,50,2735,1820,26740,2618,1640,26022,0x07
2026-09-06T20:37:06.690,1548,0,1,51,0,0,0,0,0,0,0x03
2026-09-06T20:37:06.755,1551,0,2,51,2784,2059,26302,2651,1765,25889,0x07
2026-09-06T20:37:06.755,1550,0,1,52,0,0,0,0,0,0,0x03
2026-09-06T20:37:06.820,1553,0,2,52,2470,2096,22440,2322,2038,20807,0x07
2026-09-06T20:37:06.820,1552,0,1,50,0,0,0,0,0,0,0x03
2026-09-06T20:37:06.885,1555,0,2,50,2470,2320,21489,2322,2120,20460,0x07
2026-09-06T20:37:06.885,1554,0,1,50,0,0,0,0,0,0,0x03
2026-09-06T20:37:06.950,1557,0,2,50,0,0,5053,1467,1940,11058,0x07
2026-09-06T20:37:06.950,1556,0,1,50,0,0,0,0,0,0,0x03
2026-09-06T20:37:07.031,1559,0,2,50,0,0,4757,1988,1680,18355,0x07
2026-09-06T20:37:07.031,1558,0,1,50,0,0,0,0,0,0,0x03
2026-09-06T20:37:07.096,1561,0,2,50,330,880,2421,1261,1480,10563,0x07
2026-09-06T20:37:07.096,1560,0,1,54,0,0,0,0,0,0,0x03
2026-09-06T20:37:07.161,1563,0,2,51,0,0,8381,0,0,12815,0x07
2026-09-06T20:37:07.161,1562,0,1,51,0,0,0,0,0,0,0x03
2026-09-06T20:37:07.226,1565,0,2,50,-812,-40,11663,-1434,-720,15851,0x07
2026-09-06T20:37:07.226,1564,0,1,53,0,0,0,0,0,0,0x03
2026-09-06T20:37:07.290,1567,0,2,50,-1172,-220,15140,-1666,-160,20991,0x07
2026-09-06T20:37:07.290,1566,0,1,52,0,0,0,0,0,0,0x03
2026-09-06T20:37:07.355,1569,0,2,51,-1206,-235,15472,-1761,-235,21800,0x07
2026-09-06T20:37:07.355,1568,0,1,52,0,0,0,0,0,0,0x03
2026-09-06T20:37:07.420,1571,0,2,51,-763,-373,9670,-1493,-529,17364,0x07
2026-09-06T20:37:07.420,1570,0,1,52,0,0,0,0,0,0,0x03
2026-09-06T20:37:07.484,1573,0,2,52,-449,-442,5682,-1198,-750,12908,0x07
2026-09-06T20:37:07.485,1572,0,1,51,0,0,0,0,0,0,0x03
2026-09-06T20:37:07.565,1575,0,2,50,-2880,-420,34399,-2555,-720,29179,0x07
2026-09-06T20:37:07.565,1574,0,1,52,0,0,0,0,0,0,0x03
2026-09-06T20:37:07.630,1577,0,2,51,-2346,-1059,25387,-2810,-1098,30617,0x07
2026-09-06T20:37:07.630,1576,0,1,51,0,0,0,0,0,0,0x03
2026-09-06T20:37:07.889,1579,0,2,50,-2098,-1160,22042,-2588,-1500,26256,0x07
2026-09-06T20:37:07.889,1578,0,1,52,0,0,0,0,0,0,0x03
2026-09-06T20:37:08.438,1581,0,2,51,-2098,-1373,21139,-2588,-1608,25798,0x07
2026-09-06T20:37:08.438,1580,0,1,52,0,0,0,0,0,0,0x03
2026-09-06T20:37:08.503,1583,0,2,51,-2177,-1608,21072,-2591,-1706,25418,0x07
2026-09-06T20:37:08.503,1582,0,1,50,0,0,0,0,0,0,0x03
2026-09-06T20:37:08.680,1585,0,2,50,-331,-80,5831,-1412,-40,18475,0x07
2026-09-06T20:37:08.680,1584,0,1,52,0,0,0,0,0,0,0x03
2026-09-06T20:37:08.858,1587,0,2,50,0,0,0,0,0,0,0x03
2026-09-06T20:37:08.858,1586,0,1,50,0,0,0,0,0,0,0x03
2026-09-06T20:37:09.069,1589,0,2,54,0,0,0,0,0,0,0x03
2026-09-06T20:37:09.069,1588,0,1,50,0,0,0,0,0,0,0x03
2026-09-06T20:37:09.328,1591,0,2,51,0,0,0,0,0,0,0x03
2026-09-06T20:37:09.328,1590,0,1,50,0,0,0,0,0,0,0x03
2026-09-06T20:37:09.489,1593,0,2,52,0,0,0,0,0,0,0x03
2026-09-06T20:37:09.489,1592,0,1,51,0,0,0,0,0,0,0x03
2026-09-06T20:37:09.570,1595,0,2,52,0,0,0,0,0,0,0x03
2026-09-06T20:37:09.570,1594,0,1,51,0,0,0,0,0,0,0x03
2026-09-06T20:37:09.635,1597,0,2,54,0,0,0,0,0,0,0x03
2026-09-06T20:37:09.635,1596,0,1,51,0,0,0,0,0,0,0x03
2026-09-06T20:37:09.699,1599,0,2,50,0,0,0,0,0,0,0x03
2026-09-06T20:37:09.700,1598,0,1,57,0,0,0,0,0,0,0x03
2026-09-06T20:37:09.829,1601,0,2,50,0,0,15377,0,0,16827,0x07
2026-09-06T20:37:09.829,1600,0,1,50,0,0,0,0,0,0,0x03
2026-09-06T20:37:09.959,1603,0,2,56,-2002,-1286,20379,-2353,-1554,23242,0x07
2026-09-06T20:37:09.959,1602,0,1,51,0,0,0,0,0,0,0x03
2026-09-06T20:37:10.218,1605,0,2,50,-2002,-780,22528,-2353,-1160,24915,0x07
2026-09-06T20:37:10.218,1604,0,1,52,0,0,26345,0,0,27363,0x07
2026-09-06T20:37:10.962,1607,0,2,51,-2209,-902,24440,-2557,-902,28439,0x07
2026-09-06T20:37:10.962,1606,0,1,51,3093,1451,33323,3069,1569,33740,0x07
2026-09-06T20:37:11.027,1609,0,2,50,0,0,0,0,0,0,0x03
2026-09-06T20:37:11.027,1608,0,1,50,2848,1900,28470,3208,1420,36115,0x07
2026-09-06T20:37:11.092,1611,0,2,50,0,0,0,0,0,0,0x03
2026-09-06T20:37:11.092,1610,0,1,50,0,0,13156,0,0,19171,0x07
2026-09-06T20:37:11.173,1613,0,2,51,0,0,0,0,0,0,0x03
2026-09-06T20:37:11.173,1612,0,1,50,0,0,0,0,0,0,0x03
2026-09-06T20:37:11.238,1615,0,2,52,0,0,0,0,0,0,0x03
2026-09-06T20:37:11.239,1614,0,1,52,0,0,0,0,0,0,0x03
2026-09-06T20:37:11.498,1617,0,2,52,0,0,22140,0,0,23762,0x07
2026-09-06T20:37:11.498,1616,0,1,50,0,0,17003,0,0,21557,0x07
2026-09-06T20:38:09.989,1619,0,2,50,-2641,-1620,26479,-2866,-2280,26252,0x07
2026-09-06T20:38:09.990,1618,0,1,50,-1889,-240,24012,-2367,0,31615,0x07
