timestamp,sequence,team,robot_id,interval_ms,left_target_eps,left_measured_eps,left_duty,right_target_eps,right_measured_eps,right_duty,flags
2026-09-06T16:45:03.468,337,0,2,50,1709,1140,17783,1154,1140,10966,0x07
2026-09-06T16:45:03.489,336,0,0,57,2722,667,35461,2726,0,36665,0x07
2026-09-06T16:45:03.489,339,0,2,51,1588,1353,15441,1074,1137,10006,0x07
2026-09-06T16:45:03.553,338,0,0,52,2722,904,34453,2726,0,36665,0x07
2026-09-06T16:45:03.553,341,0,2,50,0,0,0,0,0,0,0x03
2026-09-06T16:45:03.618,340,0,0,51,0,0,0,0,0,0,0x03
2026-09-06T16:45:03.618,1,0,2,53,0,0,0,0,0,0,0x03
2026-09-06T16:45:03.683,0,0,0,51,0,0,0,0,0,0,0x03
2026-09-06T16:45:03.683,3,0,2,51,0,0,0,0,0,0,0x03
2026-09-06T16:45:03.749,2,0,0,51,0,0,0,0,0,0,0x03
2026-09-06T16:45:03.749,5,0,2,50,0,0,0,0,0,0,0x03
2026-09-06T16:45:03.813,4,0,0,52,0,0,0,0,0,0,0x03
2026-09-06T16:45:03.814,7,0,2,50,0,0,0,0,0,0,0x03
2026-09-06T16:45:03.879,6,0,0,51,0,0,0,0,0,0,0x03
2026-09-06T16:45:03.879,9,0,2,51,0,0,0,0,0,0,0x03
2026-09-06T16:45:03.960,8,0,0,52,0,0,0,0,0,0,0x03
2026-09-06T16:45:03.960,11,0,2,52,0,0,0,0,0,0,0x03
2026-09-06T16:45:04.009,10,0,0,50,0,0,0,0,0,0,0x03
2026-09-06T16:45:04.009,13,0,2,50,0,0,0,0,0,0,0x03
2026-09-06T16:45:04.090,12,0,0,50,0,0,0,0,0,0,0x03
2026-09-06T16:45:04.090,15,0,2,51,0,0,0,0,0,0,0x03
2026-09-06T16:45:04.155,14,0,0,50,0,0,0,0,0,0,0x03
2026-09-06T16:45:04.155,17,0,2,52,0,0,0,0,0,0,0x03
2026-09-06T16:45:04.220,16,0,0,51,0,0,0,0,0,0,0x03
2026-09-06T16:45:04.220,19,0,2,50,0,0,0,0,0,0,0x03
2026-09-06T16:45:04.285,18,0,0,51,0,0,0,0,0,0,0x03
2026-09-06T16:45:04.285,21,0,2,50,0,0,0,0,0,0,0x03
2026-09-06T16:45:04.350,20,0,0,50,0,0,0,0,0,0,0x03
2026-09-06T16:45:04.350,23,0,2,51,0,0,0,0,0,0,0x03
2026-09-06T16:45:04.416,22,0,0,51,0,0,0,0,0,0,0x03
2026-09-06T16:45:04.416,25,0,2,51,0,0,0,0,0,0,0x03
2026-09-06T16:45:04.481,24,0,0,52,0,0,0,0,0,0,0x03
2026-09-06T16:45:04.481,27,0,2,50,0,0,0,0,0,0,0x03
2026-09-06T16:45:04.546,26,0,0,50,0,0,0,0,0,0,0x03
2026-09-06T16:45:04.546,29,0,2,51,0,0,0,0,0,0,0x03
2026-09-06T16:45:04.627,28,0,0,52,0,0,0,0,0,0,0x03
2026-09-06T16:45:04.627,31,0,2,50,0,0,0,0,0,0,0x03
2026-09-06T16:45:04.693,30,0,0,50,0,0,0,0,0,0,0x03
2026-09-06T16:45:04.693,33,0,2,53,0,0,0,0,0,0,0x03
2026-09-06T16:45:04.757,32,0,0,50,0,0,0,0,0,0,0x03
2026-09-06T16:45:04.757,35,0,2,51,0,0,0,0,0,0,0x03
2026-09-06T16:45:04.821,34,0,0,50,0,0,0,0,0,0,0x03
2026-09-06T16:45:04.821,37,0,2,50,0,0,0,0,0,0,0x03
2026-09-06T16:45:04.886,36,0,0,51,0,0,0,0,0,0,0x03
2026-09-06T16:45:04.886,39,0,2,51,0,0,0,0,0,0,0x03
2026-09-06T16:45:04.951,38,0,0,50,0,0,0,0,0,0,0x03
2026-09-06T16:45:04.951,41,0,2,50,0,0,0,0,0,0,0x03
2026-09-06T16:45:05.032,40,0,0,50,0,0,0,0,0,0,0x03
2026-09-06T16:45:05.032,43,0,2,52,0,0,0,0,0,0,0x03
2026-09-06T16:45:05.081,42,0,0,51,0,0,0,0,0,0,0x03
2026-09-06T16:45:05.081,45,0,2,51,0,0,0,0,0,0,0x03
2026-09-06T16:45:05.162,44,0,0,51,0,0,0,0,0,0,0x03
2026-09-06T16:45:05.162,47,0,2,50,0,0,0,0,0,0,0x03
2026-09-06T16:45:05.227,46,0,0,50,0,0,0,0,0,0,0x03
2026-09-06T16:45:05.227,49,0,2,51,0,0,0,0,0,0,0x03
2026-09-06T16:45:05.292,48,0,0,52,0,0,0,0,0,0,0x03
2026-09-06T16:45:05.292,51,0,2,54,0,0,0,0,0,0,0x03
2026-09-06T16:45:05.358,50,0,0,52,0,0,0,0,0,0,0x03
2026-09-06T16:45:05.358,53,0,2,50,0,0,0,0,0,0,0x03
2026-09-06T16:45:05.423,52,0,0,52,0,0,0,0,0,0,0x03
2026-09-06T16:45:05.423,55,0,2,50,0,0,0,0,0,0,0x03
2026-09-06T16:45:05.488,54,0,0,50,0,0,0,0,0,0,0x03
2026-09-06T16:45:05.488,57,0,2,51,0,0,0,0,0,0,0x03
2026-09-06T16:45:05.553,56,0,0,51,0,0,0,0,0,0,0x03
2026-09-06T16:45:05.553,59,0,2,50,0,0,0,0,0,0,0x03
2026-09-06T16:45:05.618,58,0,0,50,0,0,0,0,0,0,0x03
2026-09-06T16:45:05.618,61,0,2,50,0,0,0,0,0,0,0x03
2026-09-06T16:45:05.699,60,0,0,52,0,0,0,0,0,0,0x03
2026-09-06T16:45:05.699,63,0,2,51,0,0,0,0,0,0,0x03
2026-09-06T16:45:05.764,62,0,0,50,0,0,0,0,0,0,0x03
2026-09-06T16:45:05.764,65,0,2,54,0,0,0,0,0,0,0x03
2026-09-06T16:45:05.830,64,0,0,51,0,0,0,0,0,0,0x03
2026-09-06T16:45:05.830,67,0,2,52,0,0,0,0,0,0,0x03
2026-09-06T16:45:05.894,66,0,0,50,0,0,0,0,0,0,0x03
2026-09-06T16:45:05.894,69,0,2,50,0,0,0,0,0,0,0x03
2026-09-06T16:45:05.960,68,0,0,51,0,0,0,0,0,0,0x03
2026-09-06T16:45:05.960,71,0,2,50,0,0,0,0,0,0,0x03
2026-09-06T16:45:06.025,70,0,0,50,0,0,0,0,0,0,0x03
2026-09-06T16:45:06.025,73,0,2,52,0,0,0,0,0,0,0x03
2026-09-06T16:45:06.090,72,0,0,50,0,0,0,0,0,0,0x03
2026-09-06T16:45:06.090,75,0,2,50,0,0,0,0,0,0,0x03
2026-09-06T16:45:06.156,74,0,0,52,0,0,0,0,0,0,0x03
2026-09-06T16:45:06.156,77,0,2,52,0,0,0,0,0,0,0x03
2026-09-06T16:45:06.220,76,0,0,51,0,0,0,0,0,0,0x03
2026-09-06T16:45:06.220,79,0,2,51,0,0,0,0,0,0,0x03
2026-09-06T16:45:06.302,78,0,0,51,0,0,0,0,0,0,0x03
2026-09-06T16:45:06.302,81,0,2,51,0,0,0,0,0,0,0x03
2026-09-06T16:45:06.367,80,0,0,51,0,0,0,0,0,0,0x03
2026-09-06T16:45:06.367,83,0,2,51,0,0,0,0,0,0,0x03
2026-09-06T16:45:06.432,82,0,0,52,0,0,0,0,0,0,0x03
2026-09-06T16:45:06.432,85,0,2,51,0,0,0,0,0,0,0x03
2026-09-06T16:45:06.497,84,0,0,51,0,0,0,0,0,0,0x03
2026-09-06T16:45:06.497,87,0,2,50,0,0,0,0,0,0,0x03
2026-09-06T16:45:06.563,86,0,0,50,0,0,0,0,0,0,0x03
2026-09-06T16:45:06.563,89,0,2,50,0,0,0,0,0,0,0x03
2026-09-06T16:45:06.628,88,0,0,51,0,0,0,0,0,0,0x03
2026-09-06T16:45:06.628,91,0,2,52,0,0,0,0,0,0,0x03
2026-09-06T16:45:06.693,90,0,0,50,0,0,0,0,0,0,0x03
2026-09-06T16:45:06.693,93,0,2,52,0,0,0,0,0,0,0x03
2026-09-06T16:45:06.758,92,0,0,51,0,0,0,0,0,0,0x03
2026-09-06T16:45:06.758,95,0,2,51,0,0,0,0,0,0,0x03
2026-09-06T16:45:06.840,94,0,0,50,0,0,0,0,0,0,0x03
2026-09-06T16:45:06.840,97,0,2,55,0,0,0,0,0,0,0x03
2026-09-06T16:45:06.889,96,0,0,50,0,0,0,0,0,0,0x03
2026-09-06T16:45:06.889,99,0,2,51,0,0,0,0,0,0,0x03
2026-09-06T16:45:06.970,98,0,0,51,0,0,0,0,0,0,0x03
2026-09-06T16:45:06.970,101,0,2,51,0,0,0,0,0,0,0x03
2026-09-06T16:45:07.035,100,0,0,50,0,0,0,0,0,0,0x03
2026-09-06T16:45:07.035,103,0,2,51,0,0,0,0,0,0,0x03
2026-09-06T16:45:07.100,102,0,0,50,0,0,0,0,0,0,0x03
2026-09-06T16:45:07.100,105,0,2,52,0,0,0,0,0,0,0x03
2026-09-06T16:45:07.165,104,0,0,52,0,0,0,0,0,0,0x03
2026-09-06T16:45:07.165,107,0,2,51,0,0,0,0,0,0,0x03
2026-09-06T16:45:07.231,106,0,0,50,0,0,0,0,0,0,0x03
2026-09-06T16:45:07.231,109,0,2,50,0,0,0,0,0,0,0x03
2026-09-06T16:45:07.296,108,0,0,52,0,0,0,0,0,0,0x03
2026-09-06T16:45:07.296,111,0,2,50,0,0,0,0,0,0,0x03
2026-09-06T16:45:07.361,110,0,0,50,0,0,0,0,0,0,0x03
2026-09-06T16:45:07.361,113,0,2,51,0,0,0,0,0,0,0x03
2026-09-06T16:45:07.427,112,0,0,50,0,0,0,0,0,0,0x03
2026-09-06T16:45:07.427,115,0,2,52,0,0,0,0,0,0,0x03
2026-09-06T16:45:07.492,114,0,0,51,0,0,0,0,0,0,0x03
2026-09-06T16:45:07.492,117,0,2,50,0,0,0,0,0,0,0x03
2026-09-06T16:45:07.573,116,0,0,50,0,0,0,0,0,0,0x03
2026-09-06T16:45:07.573,119,0,2,51,0,0,0,0,0,0,0x03
2026-09-06T16:45:07.639,118,0,0,51,0,0,0,0,0,0,0x03
2026-09-06T16:45:07.639,121,0,2,50,0,0,0,0,0,0,0x03
2026-09-06T16:45:07.704,120,0,0,52,0,0,0,0,0,0,0x03
2026-09-06T16:45:07.704,123,0,2,51,0,0,0,0,0,0,0x03
2026-09-06T16:45:07.769,122,0,0,52,0,0,0,0,0,0,0x03
2026-09-06T16:45:07.769,125,0,2,52,0,0,0,0,0,0,0x03
2026-09-06T16:45:07.835,124,0,0,50,0,0,0,0,0,0,0x03
2026-09-06T16:45:07.835,127,0,2,50,0,0,0,0,0,0,0x03
2026-09-06T16:45:07.899,126,0,0,52,0,0,0,0,0,0,0x03
2026-09-06T16:45:07.899,129,0,2,51,0,0,0,0,0,0,0x03
2026-09-06T16:45:07.965,128,0,0,52,0,0,0,0,0,0,0x03
2026-09-06T16:45:07.965,131,0,2,50,0,0,0,0,0,0,0x03
2026-09-06T16:45:08.030,130,0,0,51,0,0,0,0,0,0,0x03
2026-09-06T16:45:08.030,133,0,2,52,0,0,0,0,0,0,0x03
2026-09-06T16:45:08.111,132,0,0,52,0,0,0,0,0,0,0x03
2026-09-06T16:45:08.111,135,0,2,52,0,0,0,0,0,0,0x03
2026-09-06T16:45:08.161,134,0,0,50,0,0,0,0,0,0,0x03
2026-09-06T16:45:08.161,137,0,2,52,0,0,0,0,0,0,0x03
2026-09-06T16:45:08.242,136,0,0,50,0,0,0,0,0,0,0x03
2026-09-06T16:45:08.242,139,0,2,50,0,0,0,0,0,0,0x03
2026-09-06T16:45:08.307,138,0,0,52,0,0,0,0,0,0,0x03
2026-09-06T16:45:08.307,141,0,2,54,0,0,0,0,0,0,0x03
2026-09-06T16:45:08.372,140,0,0,50,0,0,0,0,0,0,0x03
2026-09-06T16:45:08.372,143,0,2,52,0,0,0,0,0,0,0x03
2026-09-06T16:45:08.437,142,0,0,51,0,0,0,0,0,0,0x03
2026-09-06T16:45:08.437,145,0,2,52,0,0,0,0,0,0,0x03
2026-09-06T16:45:08.502,144,0,0,51,0,0,0,0,0,0,0x03
2026-09-06T16:45:08.502,147,0,2,50,0,0,0,0,0,0,0x03
2026-09-06T16:45:08.567,146,0,0,52,0,0,0,0,0,0,0x03
2026-09-06T16:45:08.568,149,0,2,54,0,0,0,0,0,0,0x03
2026-09-06T16:45:08.632,148,0,0,52,0,0,0,0,0,0,0x03
2026-09-06T16:45:08.632,151,0,2,51,0,0,0,0,0,0,0x03
2026-09-06T16:45:08.697,150,0,0,52,0,0,0,0,0,0,0x03
2026-09-06T16:45:08.697,153,0,2,50,0,0,0,0,0,0,0x03
2026-09-06T16:45:08.778,152,0,0,50,0,0,0,0,0,0,0x03
2026-09-06T16:45:08.778,155,0,2,50,0,0,0,0,0,0,0x03
2026-09-06T16:45:08.844,154,0,0,52,0,0,0,0,0,0,0x03
2026-09-06T16:45:08.844,157,0,2,50,0,0,0,0,0,0,0x03
2026-09-06T16:45:08.909,156,0,0,50,0,0,0,0,0,0,0x03
2026-09-06T16:45:08.909,159,0,2,50,0,0,0,0,0,0,0x03
2026-09-06T16:45:08.974,158,0,0,50,0,0,0,0,0,0,0x03
2026-09-06T16:45:08.974,161,0,2,54,0,0,0,0,0,0,0x03
2026-09-06T16:45:09.039,163,0,2,51,0,0,0,0,0,0,0x03
2026-09-06T16:45:09.105,160,0,0,51,0,0,0,0,0,0,0x03
2026-09-06T16:45:09.105,163,0,2,50,0,0,0,0,0,0,0x03
2026-09-06T16:45:09.169,162,0,0,52,0,0,0,0,0,0,0x03
2026-09-06T16:45:09.169,163,0,2,51,0,0,0,0,0,0,0x03
2026-09-06T16:45:09.235,162,0,0,51,0,0,0,0,0,0,0x03
2026-09-06T16:45:09.235,169,0,2,51,0,0,0,0,0,0,0x03
2026-09-06T16:45:09.316,168,0,0,52,0,0,0,0,0,0,0x03
2026-09-06T16:45:09.316,171,0,2,50,0,0,0,0,0,0,0x03
2026-09-06T16:45:09.380,170,0,0,50,0,0,0,0,0,0,0x03
2026-09-06T16:45:09.380,173,0,2,51,0,0,0,0,0,0,0x03
2026-09-06T16:45:09.445,172,0,0,50,0,0,0,0,0,0,0x03
2026-09-06T16:45:09.445,175,0,2,50,0,0,0,0,0,0,0x03
2026-09-06T16:45:09.511,174,0,0,51,0,0,0,0,0,0,0x03
2026-09-06T16:45:09.511,177,0,2,51,0,0,0,0,0,0,0x03
2026-09-06T16:45:09.576,176,0,0,52,0,0,0,0,0,0,0x03
2026-09-06T16:45:09.576,179,0,2,51,0,0,0,0,0,0,0x03
2026-09-06T16:45:09.641,178,0,0,50,0,0,0,0,0,0,0x03
2026-09-06T16:45:09.641,181,0,2,51,0,0,0,0,0,0,0x03
2026-09-06T16:45:09.707,180,0,0,52,0,0,0,0,0,0,0x03
2026-09-06T16:45:09.707,183,0,2,50,0,0,0,0,0,0,0x03
2026-09-06T16:45:09.772,182,0,0,50,0,0,0,0,0,0,0x03
2026-09-06T16:45:09.772,185,0,2,50,0,0,0,0,0,0,0x03
2026-09-06T16:45:09.838,184,0,0,52,0,0,0,0,0,0,0x03
2026-09-06T16:45:09.838,187,0,2,52,0,0,0,0,0,0,0x03
2026-09-06T16:45:09.919,186,0,0,53,0,0,0,0,0,0,0x03
2026-09-06T16:45:09.919,189,0,2,52,0,0,0,0,0,0,0x03
2026-09-06T16:45:09.984,188,0,0,51,0,0,0,0,0,0,0x03
2026-09-06T16:45:09.984,191,0,2,51,0,0,0,0,0,0,0x03
2026-09-06T16:45:10.048,190,0,0,50,0,0,0,0,0,0,0x03
2026-09-06T16:45:10.048,193,0,2,51,0,0,0,0,0,0,0x03
2026-09-06T16:45:10.113,192,0,0,51,0,0,0,0,0,0,0x03
2026-09-06T16:45:10.113,195,0,2,51,0,0,0,0,0,0,0x03
2026-09-06T16:45:10.179,194,0,0,52,0,0,0,0,0,0,0x03
2026-09-06T16:45:10.179,197,0,2,50,0,0,0,0,0,0,0x03
2026-09-06T16:45:10.244,196,0,0,51,0,0,0,0,0,0,0x03
2026-09-06T16:45:10.244,199,0,2,50,0,0,0,0,0,0,0x03
2026-09-06T16:45:10.309,198,0,0,51,0,0,0,0,0,0,0x03
2026-09-06T16:45:10.309,201,0,2,50,0,0,0,0,0,0,0x03
2026-09-06T16:45:10.374,200,0,0,51,0,0,0,0,0,0,0x03
2026-09-06T16:45:10.374,203,0,2,51,0,0,0,0,0,0,0x03
2026-09-06T16:45:10.455,202,0,0,50,0,0,0,0,0,0,0x03
2026-09-06T16:45:10.455,205,0,2,50,0,0,0,0,0,0,0x03
2026-09-06T16:45:10.519,204,0,0,50,0,0,0,0,0,0,0x03
2026-09-06T16:45:10.520,207,0,2,51,0,0,0,0,0,0,0x03
2026-09-06T16:45:10.584,206,0,0,52,0,0,0,0,0,0,0x03
2026-09-06T16:45:10.584,209,0,2,51,0,0,0,0,0,0,0x03
2026-09-06T16:45:10.649,208,0,0,51,0,0,0,0,0,0,0x03
2026-09-06T16:45:10.649,211,0,2,50,0,0,0,0,0,0,0x03
2026-09-06T16:45:10.715,210,0,0,50,0,0,0,0,0,0,0x03
2026-09-06T16:45:10.715,213,0,2,50,0,0,0,0,0,0,0x03
2026-09-06T16:45:10.781,212,0,0,52,0,0,0,0,0,0,0x03
2026-09-06T16:45:10.781,215,0,2,50,0,0,0,0,0,0,0x03
2026-09-06T16:45:10.845,214,0,0,52,0,0,0,0,0,0,0x03
2026-09-06T16:45:10.845,217,0,2,50,0,0,0,0,0,0,0x03
2026-09-06T16:45:10.911,216,0,0,50,0,0,0,0,0,0,0x03
2026-09-06T16:45:10.911,219,0,2,55,0,0,0,0,0,0,0x03
2026-09-06T16:45:10.976,218,0,0,53,0,0,0,0,0,0,0x03
2026-09-06T16:45:10.976,221,0,2,50,0,0,0,0,0,0,0x03
2026-09-06T16:45:11.041,220,0,0,51,0,0,0,0,0,0,0x03
2026-09-06T16:45:11.041,223,0,2,51,0,0,0,0,0,0,0x03
2026-09-06T16:45:11.123,222,0,0,50,0,0,0,0,0,0,0x03
2026-09-06T16:45:11.123,225,0,2,50,0,0,0,0,0,0,0x03
2026-09-06T16:45:11.187,224,0,0,50,0,0,0,0,0,0,0x03
2026-09-06T16:45:11.187,227,0,2,51,0,0,0,0,0,0,0x03
2026-09-06T16:45:11.252,226,0,0,52,0,0,0,0,0,0,0x03
2026-09-06T16:45:11.252,229,0,2,50,0,0,0,0,0,0,0x03
2026-09-06T16:45:11.317,228,0,0,51,0,0,0,0,0,0,0x03
2026-09-06T16:45:11.317,231,0,2,54,0,0,0,0,0,0,0x03
2026-09-06T16:45:11.382,230,0,0,52,0,0,0,0,0,0,0x03
2026-09-06T16:45:11.382,233,0,2,50,0,0,0,0,0,0,0x03
2026-09-06T16:45:11.448,232,0,0,50,0,0,0,0,0,0,0x03
2026-09-06T16:45:11.448,235,0,2,52,0,0,0,0,0,0,0x03
2026-09-06T16:45:11.512,234,0,0,52,0,0,0,0,0,0,0x03
2026-09-06T16:45:11.512,237,0,2,50,0,0,0,0,0,0,0x03
2026-09-06T16:45:11.577,236,0,0,51,0,0,0,0,0,0,0x03
2026-09-06T16:45:11.577,239,0,2,50,0,0,0,0,0,0,0x03
2026-09-06T16:45:11.658,238,0,0,55,0,0,0,0,0,0,0x03
2026-09-06T16:45:11.658,241,0,2,50,0,0,0,0,0,0,0x03
2026-09-06T16:45:11.723,240,0,0,50,0,0,0,0,0,0,0x03
2026-09-06T16:45:11.723,243,0,2,51,0,0,0,0,0,0,0x03
2026-09-06T16:45:11.787,242,0,0,50,0,0,0,0,0,0,0x03
2026-09-06T16:45:11.787,245,0,2,50,0,0,0,0,0,0,0x03
2026-09-06T16:45:11.852,244,0,0,51,0,0,0,0,0,0,0x03
2026-09-06T16:45:11.852,247,0,2,51,0,0,0,0,0,0,0x03
2026-09-06T16:45:11.916,246,0,0,50,0,0,0,0,0,0,0x03
2026-09-06T16:45:11.916,249,0,2,50,0,0,0,0,0,0,0x03
2026-09-06T16:45:11.982,248,0,0,50,0,0,0,0,0,0,0x03
2026-09-06T16:45:11.982,251,0,2,50,0,0,0,0,0,0,0x03
2026-09-06T16:45:12.047,250,0,0,52,0,0,0,0,0,0,0x03
2026-09-06T16:45:12.047,253,0,2,50,0,0,0,0,0,0,0x03
2026-09-06T16:45:12.112,252,0,0,50,0,0,0,0,0,0,0x03
2026-09-06T16:45:12.112,255,0,2,51,0,0,0,0,0,0,0x03
2026-09-06T16:45:12.194,254,0,0,52,0,0,0,0,0,0,0x03
2026-09-06T16:45:12.194,257,0,2,52,0,0,0,0,0,0,0x03
2026-09-06T16:45:12.259,256,0,0,50,0,0,0,0,0,0,0x03
2026-09-06T16:45:12.259,259,0,2,51,0,0,0,0,0,0,0x03
2026-09-06T16:45:12.324,258,0,0,54,0,0,0,0,0,0,0x03
2026-09-06T16:45:12.324,261,0,2,51,0,0,0,0,0,0,0x03
2026-09-06T16:45:12.389,260,0,0,51,0,0,0,0,0,0,0x03
2026-09-06T16:45:12.389,263,0,2,51,0,0,0,0,0,0,0x03
2026-09-06T16:45:12.455,262,0,0,50,0,0,0,0,0,0,0x03
2026-09-06T16:45:12.455,265,0,2,50,0,0,0,0,0,0,0x03
2026-09-06T16:45:12.521,264,0,0,52,0,0,0,0,0,0,0x03
2026-09-06T16:45:12.521,267,0,2,51,0,0,0,0,0,0,0x03
2026-09-06T16:45:12.585,266,0,0,51,0,0,0,0,0,0,0x03
2026-09-06T16:45:12.585,269,0,2,52,0,0,0,0,0,0,0x03
2026-09-06T16:45:12.650,268,0,0,50,0,0,0,0,0,0,0x03
2026-09-06T16:45:12.650,271,0,2,50,0,0,0,0,0,0,0x03
2026-09-06T16:45:12.732,270,0,0,52,0,0,0,0,0,0,0x03
2026-09-06T16:45:12.732,273,0,2,50,0,0,0,0,0,0,0x03
2026-09-06T16:45:12.781,272,0,0,52,0,0,0,0,0,0,0x03
2026-09-06T16:45:12.781,275,0,2,50,0,0,0,0,0,0,0x03
2026-09-06T16:45:12.862,274,0,0,51,0,0,0,0,0,0,0x03
2026-09-06T16:45:12.862,277,0,2,51,0,0,0,0,0,0,0x03
2026-09-06T16:45:12.927,276,0,0,52,0,0,0,0,0,0,0x03
2026-09-06T16:45:12.928,279,0,2,50,0,0,0,0,0,0,0x03
2026-09-06T16:45:12.993,278,0,0,55,0,0,0,0,0,0,0x03
2026-09-06T16:45:12.993,281,0,2,55,0,0,0,0,0,0,0x03
2026-09-06T16:45:13.058,280,0,0,51,0,0,0,0,0,0,0x03
2026-09-06T16:45:13.058,283,0,2,50,0,0,0,0,0,0,0x03
2026-09-06T16:45:13.124,282,0,0,50,0,0,0,0,0,0,0x03
2026-09-06T16:45:13.124,285,0,2,50,0,0,0,0,0,0,0x03
2026-09-06T16:45:13.189,284,0,0,51,0,0,0,0,0,0,0x03
2026-09-06T16:45:13.189,287,0,2,50,0,0,0,0,0,0,0x03
2026-09-06T16:45:13.253,286,0,0,52,0,0,0,0,0,0,0x03
2026-09-06T16:45:13.253,289,0,2,52,0,0,0,0,0,0,0x03
2026-09-06T16:45:13.318,288,0,0,52,0,0,0,0,0,0,0x03
2026-09-06T16:45:13.318,291,0,2,50,0,0,0,0,0,0,0x03
2026-09-06T16:45:13.384,290,0,0,52,0,0,0,0,0,0,0x03
2026-09-06T16:45:13.384,293,0,2,52,0,0,0,0,0,0,0x03
2026-09-06T16:45:13.465,292,0,0,50,0,0,0,0,0,0,0x03
2026-09-06T16:45:13.465,295,0,2,54,0,0,0,0,0,0,0x03
2026-09-06T16:45:13.531,294,0,0,51,0,0,0,0,0,0,0x03
2026-09-06T16:45:13.531,297,0,2,52,0,0,0,0,0,0,0x03
2026-09-06T16:45:13.595,296,0,0,51,0,0,0,0,0,0,0x03
2026-09-06T16:45:13.595,299,0,2,50,0,0,0,0,0,0,0x03
2026-09-06T16:45:13.660,298,0,0,51,0,0,0,0,0,0,0x03
2026-09-06T16:45:13.661,301,0,2,50,0,0,0,0,0,0,0x03
2026-09-06T16:45:13.725,300,0,0,51,0,0,0,0,0,0,0x03
2026-09-06T16:45:13.725,303,0,2,51,0,0,0,0,0,0,0x03
2026-09-06T16:45:13.790,302,0,0,51,0,0,0,0,0,0,0x03
2026-09-06T16:45:13.790,305,0,2,51,0,0,0,0,0,0,0x03
2026-09-06T16:45:13.855,304,0,0,52,0,0,0,0,0,0,0x03
2026-09-06T16:45:13.856,307,0,2,51,0,0,0,0,0,0,0x03
2026-09-06T16:45:13.936,306,0,0,51,0,0,0,0,0,0,0x03
2026-09-06T16:45:13.936,309,0,2,52,0,0,0,0,0,0,0x03
2026-09-06T16:45:14.001,308,0,0,51,0,0,0,0,0,0,0x03
2026-09-06T16:45:14.001,311,0,2,50,0,0,0,0,0,0,0x03
2026-09-06T16:45:14.066,310,0,0,51,0,0,0,0,0,0,0x03
2026-09-06T16:45:14.066,313,0,2,51,0,0,0,0,0,0,0x03
2026-09-06T16:45:14.131,312,0,0,52,0,0,0,0,0,0,0x03
2026-09-06T16:45:14.131,315,0,2,50,0,0,0,0,0,0,0x03
2026-09-06T16:45:14.195,317,0,2,51,0,0,0,0,0,0,0x03
2026-09-06T16:45:14.261,317,0,2,50,0,0,0,0,0,0,0x03
2026-09-06T16:45:14.326,314,0,0,50,0,0,0,0,0,0,0x03
2026-09-06T16:45:14.326,319,0,2,51,0,0,0,0,0,0,0x03
2026-09-06T16:45:14.391,316,0,0,52,0,0,0,0,0,0,0x03
2026-09-06T16:45:14.392,319,0,2,50,0,0,0,0,0,0,0x03
2026-09-06T16:45:14.457,320,0,0,50,0,0,0,0,0,0,0x03
2026-09-06T16:45:14.457,325,0,2,50,0,0,0,0,0,0,0x03
2026-09-06T16:45:14.539,324,0,0,52,0,0,0,0,0,0,0x03
2026-09-06T16:45:14.539,327,0,2,50,0,0,0,0,0,0,0x03
2026-09-06T16:45:14.604,326,0,0,50,0,0,0,0,0,0,0x03
2026-09-06T16:45:14.604,329,0,2,51,0,0,0,0,0,0,0x03
2026-09-06T16:45:14.669,328,0,0,51,0,0,0,0,0,0,0x03
2026-09-06T16:45:14.669,331,0,2,50,0,0,0,0,0,0,0x03
2026-09-06T16:45:14.734,330,0,0,52,0,0,0,0,0,0,0x03
2026-09-06T16:45:14.734,333,0,2,52,0,0,0,0,0,0,0x03
2026-09-06T16:45:14.798,332,0,0,50,0,0,0,0,0,0,0x03
2026-09-06T16:45:14.798,335,0,2,51,0,0,0,0,0,0,0x03
2026-09-06T16:45:14.863,334,0,0,52,0,0,0,0,0,0,0x03
2026-09-06T16:45:14.863,337,0,2,52,0,0,0,0,0,0,0x03
2026-09-06T16:45:14.928,336,0,0,50,0,0,0,0,0,0,0x03
2026-09-06T16:45:14.928,339,0,2,54,0,0,0,0,0,0,0x03
2026-09-06T16:45:14.994,338,0,0,52,0,0,0,0,0,0,0x03
2026-09-06T16:45:14.994,341,0,2,50,0,0,0,0,0,0,0x03
2026-09-06T16:45:15.076,340,0,0,50,0,0,0,0,0,0,0x03
2026-09-06T16:45:15.076,343,0,2,50,0,0,0,0,0,0,0x03
2026-09-06T16:45:15.124,342,0,0,54,0,0,0,0,0,0,0x03
2026-09-06T16:45:15.124,345,0,2,52,0,0,0,0,0,0,0x03
2026-09-06T16:45:15.205,344,0,0,51,0,0,0,0,0,0,0x03
2026-09-06T16:45:15.205,347,0,2,50,0,0,0,0,0,0,0x03
2026-09-06T16:45:15.270,346,0,0,50,0,0,0,0,0,0,0x03
2026-09-06T16:45:15.270,349,0,2,52,0,0,0,0,0,0,0x03
2026-09-06T16:45:15.336,348,0,0,51,0,0,0,0,0,0,0x03
2026-09-06T16:45:15.336,351,0,2,50,0,0,0,0,0,0,0x03
2026-09-06T16:45:15.401,350,0,0,52,0,0,0,0,0,0,0x03
2026-09-06T16:45:15.401,353,0,2,50,0,0,0,0,0,0,0x03
2026-09-06T16:45:15.466,352,0,0,50,0,0,0,0,0,0,0x03
2026-09-06T16:45:15.466,355,0,2,60,0,0,0,0,0,0,0x03
2026-09-06T16:45:15.532,354,0,0,54,0,0,0,0,0,0,0x03
2026-09-06T16:45:15.532,357,0,2,51,0,0,0,0,0,0,0x03
2026-09-06T16:45:15.596,356,0,0,51,0,0,0,0,0,0,0x03
2026-09-06T16:45:15.596,359,0,2,51,0,0,0,0,0,0,0x03
2026-09-06T16:45:15.661,358,0,0,50,0,0,0,0,0,0,0x03
2026-09-06T16:45:15.661,361,0,2,52,0,0,0,0,0,0,0x03
2026-09-06T16:45:15.743,360,0,0,51,0,0,0,0,0,0,0x03
2026-09-06T16:45:15.743,363,0,2,50,0,0,0,0,0,0,0x03
2026-09-06T16:45:15.808,362,0,0,50,0,0,0,0,0,0,0x03
2026-09-06T16:45:15.808,365,0,2,53,0,0,0,0,0,0,0x03
2026-09-06T16:45:15.873,364,0,0,51,0,0,0,0,0,0,0x03
2026-09-06T16:45:15.873,367,0,2,51,0,0,0,0,0,0,0x03
2026-09-06T16:45:15.938,366,0,0,51,0,0,0,0,0,0,0x03
2026-09-06T16:45:15.938,369,0,2,52,0,0,0,0,0,0,0x03
2026-09-06T16:45:16.003,368,0,0,52,0,0,0,0,0,0,0x03
2026-09-06T16:45:16.003,371,0,2,51,0,0,0,0,0,0,0x03
2026-09-06T16:45:16.068,370,0,0,51,0,0,0,0,0,0,0x03
2026-09-06T16:45:16.068,373,0,2,51,0,0,0,0,0,0,0x03
2026-09-06T16:45:16.134,372,0,0,51,0,0,0,0,0,0,0x03
2026-09-06T16:45:16.134,375,0,2,51,0,0,0,0,0,0,0x03
2026-09-06T16:45:16.198,374,0,0,55,0,0,0,0,0,0,0x03
2026-09-06T16:45:16.198,377,0,2,50,0,0,0,0,0,0,0x03
2026-09-06T16:45:16.279,376,0,0,52,0,0,0,0,0,0,0x03
2026-09-06T16:45:16.279,379,0,2,50,0,0,0,0,0,0,0x03
2026-09-06T16:45:16.344,378,0,0,52,0,0,0,0,0,0,0x03
2026-09-06T16:45:16.344,381,0,2,50,0,0,0,0,0,0,0x03
2026-09-06T16:45:16.408,380,0,0,50,0,0,0,0,0,0,0x03
2026-09-06T16:45:16.408,383,0,2,51,0,0,0,0,0,0,0x03
2026-09-06T16:45:16.473,382,0,0,52,0,0,0,0,0,0,0x03
2026-09-06T16:45:16.473,385,0,2,50,0,0,0,0,0,0,0x03
2026-09-06T16:45:16.538,384,0,0,51,0,0,0,0,0,0,0x03
2026-09-06T16:45:16.538,387,0,2,52,0,0,0,0,0,0,0x03
2026-09-06T16:45:16.603,386,0,0,51,0,0,0,0,0,0,0x03
2026-09-06T16:45:16.603,389,0,2,51,0,0,0,0,0,0,0x03
2026-09-06T16:45:16.668,388,0,0,52,0,0,0,0,0,0,0x03
2026-09-06T16:45:16.668,391,0,2,53,0,0,0,0,0,0,0x03
2026-09-06T16:45:16.733,390,0,0,50,0,0,0,0,0,0,0x03
2026-09-06T16:45:16.733,393,0,2,50,0,0,0,0,0,0,0x03
2026-09-06T16:45:16.815,392,0,0,50,0,0,0,0,0,0,0x03
2026-09-06T16:45:16.815,395,0,2,51,0,0,0,0,0,0,0x03
2026-09-06T16:45:16.879,394,0,0,52,0,0,0,0,0,0,0x03
2026-09-06T16:45:16.879,397,0,2,52,0,0,0,0,0,0,0x03
2026-09-06T16:45:16.944,396,0,0,50,0,0,0,0,0,0,0x03
2026-09-06T16:45:16.944,399,0,2,50,0,0,0,0,0,0,0x03
2026-09-06T16:45:17.009,398,0,0,51,0,0,0,0,0,0,0x03
2026-09-06T16:45:17.009,401,0,2,50,0,0,0,0,0,0,0x03
2026-09-06T16:45:17.074,400,0,0,51,0,0,0,0,0,0,0x03
2026-09-06T16:45:17.074,403,0,2,52,0,0,0,0,0,0,0x03
2026-09-06T16:45:17.139,402,0,0,50,0,0,0,0,0,0,0x03
2026-09-06T16:45:17.139,405,0,2,52,0,0,0,0,0,0,0x03
2026-09-06T16:45:17.203,404,0,0,50,0,0,0,0,0,0,0x03
2026-09-06T16:45:17.203,407,0,2,50,0,0,0,0,0,0,0x03
2026-09-06T16:45:17.269,406,0,0,54,0,0,0,0,0,0,0x03
2026-09-06T16:45:17.269,409,0,2,51,0,0,0,0,0,0,0x03
2026-09-06T16:45:17.350,408,0,0,51,0,0,0,0,0,0,0x03
2026-09-06T16:45:17.350,411,0,2,55,0,0,0,0,0,0,0x03
2026-09-06T16:45:17.415,410,0,0,50,0,0,0,0,0,0,0x03
2026-09-06T16:45:17.415,413,0,2,51,0,0,0,0,0,0,0x03
2026-09-06T16:45:17.479,412,0,0,52,0,0,0,0,0,0,0x03
2026-09-06T16:45:17.479,415,0,2,50,0,0,0,0,0,0,0x03
2026-09-06T16:45:17.545,414,0,0,51,0,0,0,0,0,0,0x03
2026-09-06T16:45:17.545,417,0,2,52,0,0,0,0,0,0,0x03
2026-09-06T16:45:17.609,416,0,0,50,0,0,0,0,0,0,0x03
2026-09-06T16:45:17.609,419,0,2,51,0,0,0,0,0,0,0x03
2026-09-06T16:45:17.674,418,0,0,51,0,0,0,0,0,0,0x03
2026-09-06T16:45:17.674,421,0,2,51,0,0,0,0,0,0,0x03
2026-09-06T16:45:17.739,420,0,0,50,0,0,0,0,0,0,0x03
2026-09-06T16:45:17.739,423,0,2,55,0,0,0,0,0,0,0x03
2026-09-06T16:45:17.804,422,0,0,52,0,0,0,0,0,0,0x03
2026-09-06T16:45:17.804,425,0,2,51,0,0,0,0,0,0,0x03
2026-09-06T16:45:17.885,424,0,0,50,0,0,0,0,0,0,0x03
2026-09-06T16:45:17.885,427,0,2,50,0,0,0,0,0,0,0x03
2026-09-06T16:45:17.950,426,0,0,54,0,0,0,0,0,0,0x03
2026-09-06T16:45:17.950,429,0,2,51,0,0,0,0,0,0,0x03
2026-09-06T16:45:18.015,428,0,0,50,0,0,0,0,0,0,0x03
2026-09-06T16:45:18.015,431,0,2,50,0,0,0,0,0,0,0x03
2026-09-06T16:45:18.081,430,0,0,52,0,0,0,0,0,0,0x03
2026-09-06T16:45:18.081,433,0,2,51,0,0,0,0,0,0,0x03
2026-09-06T16:45:18.146,432,0,0,51,0,0,0,0,0,0,0x03
2026-09-06T16:45:18.146,435,0,2,51,0,0,0,0,0,0,0x03
2026-09-06T16:45:18.212,434,0,0,50,0,0,0,0,0,0,0x03
2026-09-06T16:45:18.212,437,0,2,51,0,0,0,0,0,0,0x03
2026-09-06T16:45:18.277,436,0,0,50,0,0,0,0,0,0,0x03
2026-09-06T16:45:18.277,439,0,2,51,0,0,0,0,0,0,0x03
2026-09-06T16:45:18.341,438,0,0,53,0,0,0,0,0,0,0x03
2026-09-06T16:45:18.341,441,0,2,52,0,0,0,0,0,0,0x03
2026-09-06T16:45:18.422,440,0,0,51,0,0,0,0,0,0,0x03
2026-09-06T16:45:18.422,443,0,2,54,0,0,0,0,0,0,0x03
2026-09-06T16:45:18.487,442,0,0,50,0,0,0,0,0,0,0x03
2026-09-06T16:45:18.487,445,0,2,51,0,0,0,0,0,0,0x03
2026-09-06T16:45:18.553,444,0,0,50,0,0,0,0,0,0,0x03
2026-09-06T16:45:18.553,447,0,2,51,0,0,0,0,0,0,0x03
2026-09-06T16:45:18.618,446,0,0,50,0,0,0,0,0,0,0x03
2026-09-06T16:45:18.618,449,0,2,55,0,0,0,0,0,0,0x03
2026-09-06T16:45:18.683,448,0,0,50,0,0,0,0,0,0,0x03
2026-09-06T16:45:18.683,451,0,2,51,0,0,0,0,0,0,0x03
2026-09-06T16:45:18.748,450,0,0,53,0,0,0,0,0,0,0x03
2026-09-06T16:45:18.748,453,0,2,51,0,0,0,0,0,0,0x03
2026-09-06T16:45:18.812,452,0,0,52,0,0,0,0,0,0,0x03
2026-09-06T16:45:18.812,455,0,2,51,0,0,0,0,0,0,0x03
2026-09-06T16:45:18.878,454,0,0,50,0,0,0,0,0,0,0x03
2026-09-06T16:45:18.878,457,0,2,51,0,0,0,0,0,0,0x03
2026-09-06T16:45:18.942,456,0,0,50,0,0,0,0,0,0,0x03
2026-09-06T16:45:18.942,459,0,2,51,0,0,0,0,0,0,0x03
2026-09-06T16:45:19.023,458,0,0,52,0,0,0,0,0,0,0x03
2026-09-06T16:45:19.023,461,0,2,51,0,0,0,0,0,0,0x03
2026-09-06T16:45:19.089,460,0,0,51,0,0,0,0,0,0,0x03
2026-09-06T16:45:19.089,463,0,2,52,0,0,0,0,0,0,0x03
2026-09-06T16:45:19.153,462,0,0,50,0,0,0,0,0,0,0x03
2026-09-06T16:45:19.153,465,0,2,51,0,0,0,0,0,0,0x03
2026-09-06T16:45:19.218,464,0,0,50,0,0,0,0,0,0,0x03
2026-09-06T16:45:19.218,467,0,2,50,0,0,0,0,0,0,0x03
2026-09-06T16:45:19.284,466,0,0,51,0,0,0,0,0,0,0x03
2026-09-06T16:45:19.284,469,0,2,53,0,0,0,0,0,0,0x03
2026-09-06T16:45:19.348,468,0,0,51,0,0,0,0,0,0,0x03
2026-09-06T16:45:19.348,471,0,2,50,0,0,0,0,0,0,0x03
2026-09-06T16:45:19.412,470,0,0,50,0,0,0,0,0,0,0x03
2026-09-06T16:45:19.412,473,0,2,51,0,0,0,0,0,0,0x03
2026-09-06T16:45:19.477,472,0,0,51,0,0,0,0,0,0,0x03
2026-09-06T16:45:19.478,475,0,2,50,0,0,0,0,0,0,0x03
2026-09-06T16:45:19.558,474,0,0,50,0,0,0,0,0,0,0x03
2026-09-06T16:45:19.558,477,0,2,50,0,0,0,0,0,0,0x03
2026-09-06T16:45:19.624,476,0,0,50,0,0,0,0,0,0,0x03
2026-09-06T16:45:19.624,479,0,2,51,0,0,0,0,0,0,0x03
2026-09-06T16:45:19.689,478,0,0,51,0,0,0,0,0,0,0x03
2026-09-06T16:45:19.689,481,0,2,52,0,0,0,0,0,0,0x03
2026-09-06T16:45:19.754,480,0,0,52,0,0,0,0,0,0,0x03
2026-09-06T16:45:19.754,483,0,2,51,0,0,0,0,0,0,0x03
2026-09-06T16:45:19.820,482,0,0,51,0,0,0,0,0,0,0x03
2026-09-06T16:45:19.820,485,0,2,52,0,0,0,0,0,0,0x03
2026-09-06T16:45:19.885,484,0,0,51,0,0,0,0,0,0,0x03
2026-09-06T16:45:19.885,487,0,2,51,0,0,0,0,0,0,0x03
2026-09-06T16:45:19.950,486,0,0,50,0,0,0,0,0,0,0x03
2026-09-06T16:45:19.951,489,0,2,51,0,0,0,0,0,0,0x03
2026-09-06T16:45:20.015,488,0,0,51,0,0,0,0,0,0,0x03
2026-09-06T16:45:20.015,491,0,2,51,0,0,0,0,0,0,0x03
2026-09-06T16:45:20.081,490,0,0,52,0,0,0,0,0,0,0x03
2026-09-06T16:45:20.081,493,0,2,50,0,0,0,0,0,0,0x03
2026-09-06T16:45:20.162,492,0,0,52,0,0,0,0,0,0,0x03
2026-09-06T16:45:20.162,495,0,2,52,0,0,0,0,0,0,0x03
2026-09-06T16:45:20.226,494,0,0,50,0,0,0,0,0,0,0x03
2026-09-06T16:45:20.226,497,0,2,50,0,0,3271,0,0,16584,0x07
2026-09-06T16:45:20.291,496,0,0,54,1436,0,21935,1662,0,23451,0x07
2026-09-06T16:45:20.291,499,0,2,51,0,0,6229,1881,706,21579,0x07
2026-09-06T16:45:20.356,498,0,0,50,1436,700,18960,1662,0,23451,0x07
2026-09-06T16:45:20.357,501,0,2,56,515,482,6378,1216,268,15420,0x07
2026-09-06T16:45:20.551,500,0,0,52,1489,135,22045,1607,0,22764,0x07
2026-09-06T16:45:20.551,503,0,2,52,515,423,6629,1216,404,14842,0x07
2026-09-06T16:45:20.617,502,0,0,55,1534,382,21570,1650,0,23290,0x07
2026-09-06T16:45:20.617,505,0,2,50,490,240,7118,1241,520,14651,0x07
2026-09-06T16:45:20.698,504,0,0,51,1534,451,21276,1650,0,23290,0x07
2026-09-06T16:45:20.698,507,0,2,51,0,0,6258,0,0,11369,0x07
2026-09-06T16:45:20.763,506,0,0,58,1587,0,23862,1822,0,25434,0x07
2026-09-06T16:45:20.763,509,0,2,51,517,157,7788,1214,431,14694,0x07
2026-09-06T16:45:21.023,508,0,0,50,1587,1100,19187,1822,0,25434,0x07
2026-09-06T16:45:21.023,511,0,2,51,3374,863,38767,2850,1392,30345,0x07
2026-09-06T16:45:21.152,510,0,0,52,1352,712,17851,2095,0,28821,0x07
2026-09-06T16:45:21.152,513,0,2,51,908,1510,6693,2057,1725,19369,0x07
2026-09-06T16:45:21.234,512,0,0,51,1249,765,16318,1856,0,25851,0x07
2026-09-06T16:45:21.234,515,0,2,51,0,0,15474,0,0,19130,0x07
2026-09-06T16:45:21.283,514,0,0,51,0,0,7334,0,0,12740,0x07
2026-09-06T16:45:21.283,517,0,2,51,1723,1118,18046,0,0,9325,0x07
2026-09-06T16:45:21.365,516,0,0,51,0,0,3846,1217,157,17244,0x07
2026-09-06T16:45:21.365,519,0,2,50,2605,960,29205,0,0,7344,0x07
2026-09-06T16:45:21.430,518,0,0,50,0,0,3981,1513,320,20238,0x07
2026-09-06T16:45:21.430,521,0,2,51,1014,1176,9362,699,98,9896,0x07
2026-09-06T16:45:21.495,520,0,0,52,35,38,3968,1429,365,18993,0x07
2026-09-06T16:45:21.495,523,0,2,52,1085,519,13009,624,846,5819,0x07
2026-09-06T16:45:21.560,522,0,0,52,97,0,4913,1350,481,17524,0x07
2026-09-06T16:45:21.560,525,0,2,50,1199,420,14779,807,740,8482,0x07
2026-09-06T16:45:21.626,524,0,0,50,61,0,4458,1395,440,18254,0x07
2026-09-06T16:45:21.626,527,0,2,54,1845,519,22041,1455,1296,13927,0x07
2026-09-06T16:45:21.691,526,0,0,50,42,0,4216,1430,460,18603,0x07
2026-09-06T16:45:21.691,529,0,2,50,1845,920,20334,1455,1580,12722,0x07
2026-09-06T16:45:21.756,528,0,0,51,24,0,3981,1500,471,19438,0x07
2026-09-06T16:45:21.756,531,0,2,50,1928,940,21236,1536,1500,14045,0x07
2026-09-06T16:45:21.822,530,0,0,55,3374,0,40000,-2405,-18,32596,0x07
2026-09-06T16:45:21.822,533,0,2,50,1704,720,19511,1153,1260,10442,0x07
2026-09-06T16:45:21.903,532,0,0,50,3374,780,40000,0,0,4899,0x07
2026-09-06T16:45:21.903,535,0,2,50,1546,740,17552,1010,1260,8720,0x07
2026-09-06T16:45:21.968,534,0,0,51,1439,882,18228,257,0,5992,0x07
2026-09-06T16:45:21.968,537,0,2,50,1458,680,16756,922,1200,7912,0x07
2026-09-06T16:45:22.034,536,0,0,51,1377,529,18939,322,0,6792,0x07
2026-09-06T16:45:22.034,539,0,2,55,1690,855,18779,1246,1218,11735,0x07
2026-09-06T16:45:22.099,538,0,0,52,1393,577,18948,304,0,6580,0x07
2026-09-06T16:45:22.099,541,0,2,51,1690,1118,17661,1246,1392,10995,0x07
2026-09-06T16:45:22.164,540,0,0,50,1351,680,17973,348,0,7123,0x07
2026-09-06T16:45:22.164,543,0,2,51,1726,941,18840,1279,1373,11480,0x07
2026-09-06T16:45:22.228,542,0,0,55,1232,673,16485,472,0,8663,0x07
2026-09-06T16:45:22.228,545,0,2,51,1669,765,18903,1176,1333,10411,0x07
2026-09-06T16:45:22.293,544,0,0,51,1232,627,16678,472,0,8663,0x07
2026-09-06T16:45:22.293,547,0,2,54,1904,870,21252,1540,1370,14639,0x07
2026-09-06T16:45:22.358,546,0,0,50,1136,660,15326,571,0,9893,0x07
2026-09-06T16:45:22.358,549,0,2,50,1904,900,21126,1540,1640,13493,0x07
2026-09-06T16:45:22.439,548,0,0,50,1094,720,14525,616,0,10445,0x07
2026-09-06T16:45:22.439,551,0,2,51,0,0,10830,1687,1627,15324,0x07
2026-09-06T16:45:22.505,550,0,0,54,1149,685,15373,559,0,9736,0x07
2026-09-06T16:45:22.505,553,0,2,50,0,0,5162,2907,1720,29640,0x07
2026-09-06T16:45:22.570,552,0,0,51,1149,706,15285,559,0,9736,0x07
2026-09-06T16:45:22.570,555,0,2,50,374,660,3944,1363,1300,12798,0x07
2026-09-06T16:45:22.636,554,0,0,52,1184,635,16039,859,0,13463,0x07
2026-09-06T16:45:22.636,557,0,2,51,376,471,4781,1360,1471,12039,0x07
2026-09-06T16:45:22.701,556,0,0,51,1184,647,15986,859,20,13380,0x07
2026-09-06T16:45:22.701,559,0,2,56,560,143,8361,1169,1286,10523,0x07
2026-09-06T16:45:22.766,558,0,0,50,1960,100,28173,1799,0,25151,0x07
2026-09-06T16:45:22.766,561,0,2,52,560,77,8641,1169,1077,11410,0x07
2026-09-06T16:45:22.830,560,0,0,50,2636,40,37035,2662,0,35870,0x07
2026-09-06T16:45:22.830,563,0,2,51,651,137,9464,1075,1078,10273,0x07
2026-09-06T16:45:22.896,562,0,0,52,3238,0,40000,3368,0,40000,0x07
2026-09-06T16:45:22.896,565,0,2,51,1485,275,18800,1742,961,18816,0x07
2026-09-06T16:45:22.961,564,0,0,52,3238,0,40000,3368,0,40000,0x07
2026-09-06T16:45:22.961,567,0,2,54,3053,907,34761,3140,1241,34493,0x07
2026-09-06T16:45:23.042,566,0,0,52,3319,0,40000,3406,0,40000,0x07
2026-09-06T16:45:23.042,569,0,2,51,3053,1451,32451,3140,1784,32183,0x07
2026-09-06T16:45:23.107,568,0,0,52,3348,0,40000,3376,0,40000,0x07
2026-09-06T16:45:23.107,571,0,2,50,3337,1860,34083,3373,1940,34324,0x07
2026-09-06T16:45:23.172,570,0,0,55,3331,0,40000,3309,0,40000,0x07
2026-09-06T16:45:23.172,573,0,2,51,3374,2333,32517,3445,2039,34779,0x07
2026-09-06T16:45:23.237,572,0,0,52,3331,0,40000,3309,0,40000,0x07
2026-09-06T16:45:23.237,575,0,2,51,3374,2569,31517,3464,2490,33087,0x07
2026-09-06T16:45:23.301,574,0,0,51,3310,0,40000,3272,0,40000,0x07
2026-09-06T16:45:23.301,577,0,2,50,3339,2700,30546,3500,2500,33480,0x07
2026-09-06T16:45:23.366,576,0,0,50,3287,0,40000,3239,0,40000,0x07
2026-09-06T16:45:23.366,579,0,2,58,3092,2776,27286,3478,2862,31671,0x07
2026-09-06T16:45:23.431,578,0,0,52,3266,0,40000,3212,0,40000,0x07
2026-09-06T16:45:23.431,581,0,2,51,3092,2980,26416,3478,3078,30751,0x07
2026-09-06T16:45:23.497,580,0,0,52,3249,0,40000,3193,0,40000,0x07
2026-09-06T16:45:23.497,583,0,2,50,2813,2940,23261,3290,3040,28656,0x07
2026-09-06T16:45:23.564,582,0,0,50,3238,0,40000,3181,0,40000,0x07
2026-09-06T16:45:23.564,585,0,2,50,2600,2860,21074,3077,3180,25490,0x07
2026-09-06T16:45:23.630,584,0,0,51,3231,0,40000,3174,0,40000,0x07
2026-09-06T16:45:23.630,587,0,2,51,2291,2569,18632,2828,3137,22662,0x07
2026-09-06T16:45:23.710,586,0,0,52,3228,0,40000,3172,0,40000,0x07
2026-09-06T16:45:23.710,589,0,2,50,2112,2400,17231,2634,2900,21331,0x07
2026-09-06T16:45:23.776,588,0,0,50,3226,0,40000,3172,0,40000,0x07
2026-09-06T16:45:23.776,591,0,2,50,2161,2400,17812,2613,3000,20653,0x07
2026-09-06T16:45:23.840,590,0,0,53,3248,0,40000,3197,0,40000,0x07
2026-09-06T16:45:23.840,593,0,2,50,2403,2580,19916,2761,2880,22954,0x07
2026-09-06T16:45:23.906,592,0,0,50,3248,0,40000,3197,0,40000,0x07
2026-09-06T16:45:23.906,595,0,2,50,2561,2540,21972,2904,2680,25526,0x07
2026-09-06T16:45:23.970,594,0,0,50,3241,0,40000,3189,0,40000,0x07
2026-09-06T16:45:23.970,597,0,2,51,2841,2588,25094,3093,2667,27858,0x07
2026-09-06T16:45:24.036,596,0,0,51,3236,0,40000,3184,0,40000,0x07
2026-09-06T16:45:24.036,599,0,2,50,3204,2420,30127,3307,2740,30195,0x07
2026-09-06T16:45:24.101,598,0,0,51,3233,0,40000,3180,0,40000,0x07
2026-09-06T16:45:24.101,601,0,2,51,3374,2627,31267,3377,2745,31081,0x07
2026-09-06T16:45:24.166,600,0,0,51,3231,0,40000,3178,0,40000,0x07
2026-09-06T16:45:24.166,603,0,2,52,2848,2788,24324,2913,2923,24764,0x07
2026-09-06T16:45:24.247,602,0,0,56,3251,0,40000,3200,0,40000,0x07
2026-09-06T16:45:24.247,605,0,2,55,1217,2745,5117,1222,2964,4105,0x07
2026-09-06T16:45:24.312,604,0,0,52,3251,0,40000,3200,0,40000,0x07
2026-09-06T16:45:24.312,607,0,2,50,1217,1480,10495,0,0,16012,0x07
2026-09-06T16:45:24.377,606,0,0,50,3243,0,40000,3191,0,40000,0x07
2026-09-06T16:45:24.377,609,0,2,50,0,0,0,0,0,0,0x03
2026-09-06T16:45:24.443,608,0,0,56,3234,0,40000,3180,0,40000,0x07
2026-09-06T16:45:24.443,611,0,2,51,0,0,0,0,0,0,0x03
2026-09-06T16:45:24.508,610,0,0,51,3234,0,40000,3180,0,40000,0x07
2026-09-06T16:45:24.509,613,0,2,51,0,0,0,0,0,0,0x03
2026-09-06T16:45:24.573,612,0,0,52,3231,0,40000,3178,0,40000,0x07
2026-09-06T16:45:24.573,615,0,2,51,0,0,0,0,0,0,0x03
2026-09-06T16:45:24.638,614,0,0,51,3230,0,40000,3178,0,40000,0x07
2026-09-06T16:45:24.638,617,0,2,52,0,0,0,0,0,0,0x03
2026-09-06T16:45:24.703,616,0,0,50,3230,0,40000,3178,0,40000,0x07
2026-09-06T16:45:24.703,619,0,2,55,0,0,0,0,0,0,0x03
2026-09-06T16:45:24.768,618,0,0,51,3230,0,40000,3178,0,40000,0x07
2026-09-06T16:45:24.768,621,0,2,51,0,0,0,0,0,0,0x03
2026-09-06T16:45:24.850,620,0,0,50,3230,0,40000,3178,0,40000,0x07
2026-09-06T16:45:24.850,623,0,2,50,0,0,0,0,0,0,0x03
2026-09-06T16:45:24.915,622,0,0,51,3230,0,40000,3179,0,40000,0x07
2026-09-06T16:45:24.915,625,0,2,50,0,0,0,0,0,0,0x03
2026-09-06T16:45:24.980,624,0,0,51,3230,0,40000,3179,0,40000,0x07
2026-09-06T16:45:24.980,627,0,2,51,0,0,0,0,0,0,0x03
2026-09-06T16:45:25.046,626,0,0,51,3231,0,40000,3180,0,40000,0x07
2026-09-06T16:45:25.046,629,0,2,52,0,0,0,0,0,0,0x03
2026-09-06T16:45:25.110,628,0,0,55,3231,0,40000,3180,0,40000,0x07
2026-09-06T16:45:25.110,631,0,2,51,0,0,0,0,0,0,0x03
2026-09-06T16:45:25.176,630,0,0,51,3231,0,40000,3180,0,40000,0x07
2026-09-06T16:45:25.176,633,0,2,52,0,0,0,0,0,0,0x03
2026-09-06T16:45:25.241,632,0,0,52,3231,0,40000,3180,0,40000,0x07
2026-09-06T16:45:25.241,635,0,2,52,0,0,0,0,0,0,0x03
2026-09-06T16:45:25.305,634,0,0,50,3231,0,40000,3180,0,40000,0x07
2026-09-06T16:45:25.305,637,0,2,51,0,0,0,0,0,0,0x03
2026-09-06T16:45:25.387,636,0,0,50,3231,0,40000,3180,0,40000,0x07
2026-09-06T16:45:25.387,639,0,2,53,0,0,0,0,0,0,0x03
2026-09-06T16:45:25.436,638,0,0,52,3231,0,40000,3180,0,40000,0x07
2026-09-06T16:45:25.436,641,0,2,50,0,0,0,0,0,0,0x03
2026-09-06T16:45:25.517,640,0,0,50,3231,0,40000,3180,0,40000,0x07
2026-09-06T16:45:25.518,643,0,2,50,0,0,0,0,0,0,0x03
2026-09-06T16:45:25.582,642,0,0,52,3231,0,40000,3180,0,40000,0x07
2026-09-06T16:45:25.582,645,0,2,51,0,0,0,0,0,0,0x03
2026-09-06T16:45:25.646,644,0,0,52,3231,0,40000,3180,0,40000,0x07
2026-09-06T16:45:25.646,647,0,2,51,0,0,0,0,0,0,0x03
2026-09-06T16:45:25.711,646,0,0,52,3231,0,40000,3180,0,40000,0x07
2026-09-06T16:45:25.711,649,0,2,52,0,0,0,0,0,0,0x03
2026-09-06T16:45:25.776,648,0,0,53,3231,0,40000,3180,0,40000,0x07
2026-09-06T16:45:25.776,651,0,2,50,0,0,0,0,0,0,0x03
2026-09-06T16:45:25.842,650,0,0,50,3231,0,40000,3180,0,40000,0x07
2026-09-06T16:45:25.842,653,0,2,50,0,0,0,0,0,0,0x03
2026-09-06T16:45:25.906,652,0,0,51,3231,0,40000,3180,0,40000,0x07
2026-09-06T16:45:25.906,655,0,2,50,0,0,0,0,0,0,0x03
2026-09-06T16:45:25.971,654,0,0,52,3231,0,40000,3180,0,40000,0x07
2026-09-06T16:45:25.971,657,0,2,50,0,0,0,0,0,0,0x03
2026-09-06T16:45:26.052,656,0,0,51,3231,0,40000,3180,0,40000,0x07
2026-09-06T16:45:26.053,659,0,2,51,0,0,0,0,0,0,0x03
2026-09-06T16:45:26.118,658,0,0,52,3231,0,40000,3180,0,40000,0x07
2026-09-06T16:45:26.118,661,0,2,51,0,0,0,0,0,0,0x03
2026-09-06T16:45:26.183,660,0,0,50,3231,0,40000,3180,0,40000,0x07
2026-09-06T16:45:26.183,663,0,2,51,0,0,0,0,0,0,0x03
2026-09-06T16:45:26.248,662,0,0,51,3259,0,40000,3281,0,40000,0x07
2026-09-06T16:45:26.248,665,0,2,51,0,0,0,0,0,0,0x03
2026-09-06T16:45:26.313,664,0,0,51,3302,0,40000,3371,0,40000,0x07
2026-09-06T16:45:26.313,667,0,2,51,0,0,0,0,0,0,0x03
2026-09-06T16:45:26.378,666,0,0,51,3333,0,40000,3464,0,40000,0x07
2026-09-06T16:45:26.378,669,0,2,51,0,0,0,0,0,0,0x03
2026-09-06T16:45:26.443,668,0,0,57,3315,0,40000,3500,0,40000,0x07
2026-09-06T16:45:26.443,671,0,2,50,0,0,0,0,0,0,0x03
2026-09-06T16:45:26.509,670,0,0,52,3315,0,40000,3500,0,40000,0x07
2026-09-06T16:45:26.509,673,0,2,50,0,0,0,0,0,0,0x03
2026-09-06T16:45:26.591,672,0,0,51,3261,0,40000,3500,0,40000,0x07
2026-09-06T16:45:26.591,675,0,2,50,0,0,0,0,0,0,0x03
2026-09-06T16:45:26.656,674,0,0,50,3162,0,40000,3489,0,40000,0x07
2026-09-06T16:45:26.656,677,0,2,53,0,0,0,0,0,0,0x03
2026-09-06T16:45:26.722,676,0,0,56,2762,0,38801,3216,0,40000,0x07
2026-09-06T16:45:26.722,679,0,2,52,0,0,0,0,0,0,0x03
2026-09-06T16:45:26.787,678,0,0,51,2762,0,38801,3216,0,40000,0x07
2026-09-06T16:45:26.787,681,0,2,51,0,0,0,0,0,0,0x03
2026-09-06T16:45:26.851,680,0,0,51,2574,0,36406,3040,0,40000,0x07
2026-09-06T16:45:26.851,683,0,2,51,0,0,0,0,0,0,0x03
2026-09-06T16:45:26.917,682,0,0,50,2288,0,32768,2815,0,37770,0x07
2026-09-06T16:45:26.917,685,0,2,50,0,0,0,0,0,0,0x03
2026-09-06T16:45:26.981,684,0,0,51,2041,0,29632,2587,0,34940,0x07
2026-09-06T16:45:26.982,687,0,2,50,0,0,0,0,0,0,0x03
2026-09-06T16:45:27.046,686,0,0,52,1752,0,25956,2338,0,31844,0x07
2026-09-06T16:45:27.046,689,0,2,50,0,0,0,0,0,0,0x03
2026-09-06T16:45:27.111,688,0,0,52,1429,0,21845,2021,0,27903,0x07
2026-09-06T16:45:27.111,691,0,2,52,0,0,0,0,0,0,0x03
2026-09-06T16:45:27.193,690,0,0,51,1429,0,21845,2021,0,27903,0x07
2026-09-06T16:45:27.193,693,0,2,51,0,0,0,0,0,0,0x03
2026-09-06T16:45:27.259,692,0,0,50,1248,0,19555,1857,0,25868,0x07
2026-09-06T16:45:27.259,695,0,2,52,0,0,0,0,0,0,0x03
2026-09-06T16:45:27.323,694,0,0,50,1102,0,17688,1718,0,24138,0x07
2026-09-06T16:45:27.323,697,0,2,52,0,0,0,0,0,0,0x03
2026-09-06T16:45:27.389,696,0,0,51,1128,0,18027,1704,0,23968,0x07
2026-09-06T16:45:27.389,699,0,2,50,0,0,0,0,0,0,0x03
2026-09-06T16:45:27.454,698,0,0,52,1130,0,18054,1707,0,24003,0x07
2026-09-06T16:45:27.454,701,0,2,50,0,0,0,0,0,0,0x03
2026-09-06T16:45:27.520,700,0,0,53,1128,0,18019,1706,0,23986,0x07
2026-09-06T16:45:27.520,703,0,2,50,0,0,0,0,0,0,0x03
2026-09-06T16:45:27.584,702,0,0,51,1128,0,18019,1706,0,23986,0x07
2026-09-06T16:45:27.584,705,0,2,51,0,0,0,0,0,0,0x03
2026-09-06T16:45:27.649,704,0,0,50,1125,0,17985,1703,0,23960,0x07
2026-09-06T16:45:27.649,707,0,2,51,0,0,0,0,0,0,0x03
2026-09-06T16:45:27.714,706,0,0,51,1123,0,17959,1701,0,23934,0x07
2026-09-06T16:45:27.714,709,0,2,51,0,0,0,0,0,0,0x03
2026-09-06T16:45:27.780,708,0,0,51,1121,0,17937,1700,0,23916,0x07
2026-09-06T16:45:27.780,711,0,2,51,0,0,0,0,0,0,0x03
2026-09-06T16:45:27.861,710,0,0,51,1018,0,16628,1629,0,23028,0x07
2026-09-06T16:45:27.861,713,0,2,50,0,0,0,0,0,0,0x03
2026-09-06T16:45:27.927,712,0,0,50,1062,0,17191,1640,0,23172,0x07
2026-09-06T16:45:27.927,715,0,2,50,0,0,0,0,0,0,0x03
2026-09-06T16:45:27.992,714,0,0,51,1000,0,16396,1608,0,22772,0x07
2026-09-06T16:45:27.992,717,0,2,50,0,0,0,0,0,0,0x03
2026-09-06T16:45:28.058,716,0,0,50,1000,0,16396,1608,0,22772,0x07
2026-09-06T16:45:28.058,719,0,2,51,0,0,0,0,0,0,0x03
2026-09-06T16:45:28.123,718,0,0,50,1056,0,17108,1631,0,23063,0x07
2026-09-06T16:45:28.123,721,0,2,51,0,0,0,0,0,0,0x03
2026-09-06T16:45:28.189,720,0,0,51,1086,0,17491,1661,0,23429,0x07
2026-09-06T16:45:28.189,723,0,2,50,0,0,0,0,0,0,0x03
2026-09-06T16:45:28.253,722,0,0,51,1106,0,17740,1681,0,23677,0x07
2026-09-06T16:45:28.253,725,0,2,50,0,0,0,0,0,0,0x03
2026-09-06T16:45:28.318,724,0,0,50,1124,0,17971,1700,0,23920,0x07
2026-09-06T16:45:28.318,727,0,2,51,0,0,0,0,0,0,0x03
2026-09-06T16:45:28.384,726,0,0,50,1124,0,17971,1700,0,23920,0x07
2026-09-06T16:45:28.384,729,0,2,52,0,0,0,0,0,0,0x03
2026-09-06T16:45:28.465,728,0,0,51,1126,0,18002,1703,0,23960,0x07
2026-09-06T16:45:28.465,731,0,2,52,0,0,0,0,0,0,0x03
2026-09-06T16:45:28.529,730,0,0,51,1126,0,18002,1704,0,23968,0x07
2026-09-06T16:45:28.529,733,0,2,50,0,0,0,0,0,0,0x03
2026-09-06T16:45:28.594,732,0,0,52,1125,0,17989,1703,0,23955,0x07
2026-09-06T16:45:28.595,735,0,2,52,0,0,0,0,0,0,0x03
2026-09-06T16:45:28.659,734,0,0,50,1124,0,17967,1702,0,23942,0x07
2026-09-06T16:45:28.660,737,0,2,50,0,0,0,0,0,0,0x03
2026-09-06T16:45:28.724,736,0,0,50,1122,0,17945,1701,0,23925,0x07
2026-09-06T16:45:28.724,739,0,2,55,0,0,0,0,0,0,0x03
2026-09-06T16:45:28.790,738,0,0,50,1121,0,17929,1699,0,23908,0x07
2026-09-06T16:45:28.790,741,0,2,50,0,0,0,0,0,0,0x03
2026-09-06T16:45:28.855,740,0,0,52,1119,0,17915,1698,0,23894,0x07
2026-09-06T16:45:28.855,743,0,2,50,0,0,0,0,0,0,0x03
2026-09-06T16:45:28.935,742,0,0,52,0,0,0,0,0,0,0x03
2026-09-06T16:45:28.935,745,0,2,51,0,0,0,0,0,0,0x03
2026-09-06T16:45:28.984,744,0,0,50,0,0,13147,0,0,16669,0x07
2026-09-06T16:45:28.984,747,0,2,50,0,0,0,0,0,0,0x03
2026-09-06T16:45:29.065,746,0,0,50,1118,80,17559,1697,0,23882,0x07
2026-09-06T16:45:29.065,749,0,2,50,0,0,0,0,0,0,0x03
2026-09-06T16:45:29.130,748,0,0,51,1118,0,17899,1697,0,23877,0x07
2026-09-06T16:45:29.130,751,0,2,50,0,0,0,0,0,0,0x03
2026-09-06T16:45:29.195,750,0,0,50,1118,0,17895,1696,0,23873,0x07
2026-09-06T16:45:29.195,753,0,2,52,0,0,0,0,0,0,0x03
2026-09-06T16:45:29.261,752,0,0,52,1118,0,17895,1696,0,23873,0x07
2026-09-06T16:45:29.261,755,0,2,50,0,0,0,0,0,0,0x03
2026-09-06T16:45:29.325,754,0,0,50,1118,0,17895,1696,0,23873,0x07
2026-09-06T16:45:29.325,757,0,2,50,0,0,0,0,0,0,0x03
2026-09-06T16:45:29.391,756,0,0,50,1118,0,17895,1696,0,23873,0x07
2026-09-06T16:45:29.391,759,0,2,50,0,0,0,0,0,0,0x03
2026-09-06T16:45:29.456,758,0,0,52,1118,0,17895,1696,0,23873,0x07
2026-09-06T16:45:29.456,761,0,2,51,0,0,0,0,0,0,0x03
2026-09-06T16:45:29.522,760,0,0,51,1118,0,17899,1697,0,23877,0x07
2026-09-06T16:45:29.522,763,0,2,50,0,0,0,0,0,0,0x03
2026-09-06T16:45:29.602,762,0,0,52,1017,0,16607,1627,0,23007,0x07
2026-09-06T16:45:29.602,765,0,2,52,0,0,0,0,0,0,0x03
2026-09-06T16:45:29.667,764,0,0,52,1085,0,17479,1661,0,23438,0x07
2026-09-06T16:45:29.667,767,0,2,50,0,0,0,0,0,0,0x03
2026-09-06T16:45:29.732,766,0,0,51,1085,0,17479,1661,0,23438,0x07
2026-09-06T16:45:29.732,769,0,2,51,0,0,0,0,0,0,0x03
2026-09-06T16:45:29.797,768,0,0,51,1102,0,17692,1678,0,23647,0x07
2026-09-06T16:45:29.797,771,0,2,50,0,0,0,0,0,0,0x03
2026-09-06T16:45:29.862,770,0,0,50,1113,0,17830,1689,0,23785,0x07
2026-09-06T16:45:29.862,773,0,2,52,0,0,0,0,0,0,0x03
2026-09-06T16:45:29.928,772,0,0,51,1119,0,17911,1696,0,23868,0x07
2026-09-06T16:45:29.928,775,0,2,51,0,0,0,0,0,0,0x03
2026-09-06T16:45:29.993,774,0,0,50,1122,0,17949,1700,0,23912,0x07
2026-09-06T16:45:29.993,777,0,2,50,0,0,0,0,0,0,0x03
2026-09-06T16:45:30.058,776,0,0,52,1123,0,17963,1701,0,23929,0x07
2026-09-06T16:45:30.058,779,0,2,51,0,0,0,0,0,0,0x03
2026-09-06T16:45:30.124,778,0,0,52,1123,0,17959,1701,0,23929,0x07
2026-09-06T16:45:30.124,781,0,2,50,0,0,0,0,0,0,0x03
2026-09-06T16:45:30.205,780,0,0,52,1122,0,17949,1701,0,23925,0x07
2026-09-06T16:45:30.205,783,0,2,50,0,0,0,0,0,0,0x03
2026-09-06T16:45:30.270,785,0,2,50,0,0,0,0,0,0,0x03
2026-09-06T16:45:30.334,784,0,0,54,1086,0,17495,1663,0,23460,0x07
2026-09-06T16:45:30.334,785,0,2,51,0,0,0,0,0,0,0x03
2026-09-06T16:45:30.400,786,0,0,51,1086,0,17495,1663,0,23460,0x07
2026-09-06T16:45:30.400,785,0,2,54,0,0,0,0,0,0,0x03
2026-09-06T16:45:30.464,786,0,0,51,1103,0,17701,1679,0,23655,0x07
2026-09-06T16:45:30.465,791,0,2,52,0,0,0,0,0,0,0x03
2026-09-06T16:45:30.529,790,0,0,50,1103,0,17701,1679,0,23655,0x07
2026-09-06T16:45:30.529,793,0,2,51,0,0,0,0,0,0,0x03
2026-09-06T16:45:30.595,792,0,0,52,1119,0,17911,1696,0,23868,0x07
2026-09-06T16:45:30.595,795,0,2,51,0,0,0,0,0,0,0x03
2026-09-06T16:45:30.660,794,0,0,50,1122,0,17949,1700,0,23912,0x07
2026-09-06T16:45:30.660,797,0,2,50,0,0,0,0,0,0,0x03
2026-09-06T16:45:30.742,796,0,0,51,1123,0,17959,1701,0,23929,0x07
2026-09-06T16:45:30.742,799,0,2,50,0,0,0,0,0,0,0x03
2026-09-06T16:45:30.806,798,0,0,50,1123,0,17959,1701,0,23929,0x07
2026-09-06T16:45:30.807,801,0,2,50,0,0,0,0,0,0,0x03
2026-09-06T16:45:30.872,800,0,0,52,1122,0,17949,1700,0,23920,0x07
2026-09-06T16:45:30.872,803,0,2,52,0,0,0,0,0,0,0x03
2026-09-06T16:45:30.937,802,0,0,51,1121,0,17937,1700,0,23912,0x07
2026-09-06T16:45:30.937,805,0,2,50,0,0,0,0,0,0,0x03
2026-09-06T16:45:31.002,804,0,0,50,1120,0,17925,1699,0,23903,0x07
2026-09-06T16:45:31.002,807,0,2,50,0,0,0,0,0,0,0x03
2026-09-06T16:45:31.067,806,0,0,51,1018,0,16624,1628,0,23025,0x07
2026-09-06T16:45:31.067,809,0,2,50,0,0,0,0,0,0,0x03
2026-09-06T16:45:31.132,808,0,0,50,1085,0,17482,1662,0,23446,0x07
2026-09-06T16:45:31.132,811,0,2,51,0,0,0,0,0,0,0x03
2026-09-06T16:45:31.198,810,0,0,51,1085,0,17482,1662,0,23446,0x07
2026-09-06T16:45:31.198,813,0,2,50,0,0,0,0,0,0,0x03
2026-09-06T16:45:31.263,812,0,0,51,1102,0,17692,1678,0,23647,0x07
2026-09-06T16:45:31.263,815,0,2,50,0,0,0,0,0,0,0x03
2026-09-06T16:45:31.328,814,0,0,51,1011,0,16539,1619,0,22911,0x07
2026-09-06T16:45:31.328,817,0,2,51,0,0,0,0,0,0,0x03
2026-09-06T16:45:31.410,816,0,0,51,1063,0,17195,1638,0,23151,0x07
2026-09-06T16:45:31.410,819,0,2,52,0,0,0,0,0,0,0x03
2026-09-06T16:45:31.476,818,0,0,51,1089,0,17529,1665,0,23477,0x07
2026-09-06T16:45:31.476,821,0,2,55,0,0,0,0,0,0,0x03
2026-09-06T16:45:31.541,820,0,0,51,1107,0,17757,1682,0,23698,0x07
2026-09-06T16:45:31.541,823,0,2,51,0,0,0,0,0,0,0x03
2026-09-06T16:45:31.606,822,0,0,51,1118,0,17895,1694,0,23837,0x07
2026-09-06T16:45:31.606,825,0,2,52,0,0,0,0,0,0,0x03
2026-09-06T16:45:31.670,824,0,0,50,1123,0,17963,1700,0,23916,0x07
2026-09-06T16:45:31.670,827,0,2,50,0,0,0,0,0,0,0x03
2026-09-06T16:45:31.735,826,0,0,51,1024,0,16702,1633,0,23080,0x07
2026-09-06T16:45:31.800,828,0,0,50,1069,0,17272,1646,0,23241,0x07
2026-09-06T16:45:31.800,831,0,2,50,0,0,0,0,0,0,0x03
2026-09-06T16:45:31.866,830,0,0,50,1091,0,17559,1667,0,23511,0x07
2026-09-06T16:45:31.866,831,0,2,50,0,0,0,0,0,0,0x03
2026-09-06T16:45:31.946,835,0,2,50,0,0,0,0,0,0,0x03
2026-09-06T16:45:32.011,830,0,0,52,1107,0,17752,1683,0,23703,0x07
2026-09-06T16:45:32.011,835,0,2,51,0,0,0,0,0,0,0x03
2026-09-06T16:45:32.076,836,0,0,51,0,0,13192,0,0,16700,0x07
2026-09-06T16:45:32.076,835,0,2,51,0,0,0,0,0,0,0x03
2026-09-06T16:45:32.142,836,0,0,50,1124,40,17797,1701,0,23929,0x07
2026-09-06T16:45:32.142,841,0,2,50,0,0,0,0,0,0,0x03
2026-09-06T16:45:32.208,840,0,0,56,1123,0,17963,1701,0,23934,0x07
2026-09-06T16:45:32.208,843,0,2,52,0,0,0,0,0,0,0x03
2026-09-06T16:45:32.272,842,0,0,51,1123,0,17963,1701,0,23934,0x07
2026-09-06T16:45:32.272,845,0,2,50,0,0,0,0,0,0,0x03
2026-09-06T16:45:32.337,844,0,0,51,1122,0,17949,1701,0,23925,0x07
2026-09-06T16:45:32.337,847,0,2,50,0,0,0,0,0,0,0x03
2026-09-06T16:45:32.402,846,0,0,51,1020,0,16645,1630,0,23042,0x07
2026-09-06T16:45:32.402,849,0,2,51,0,0,0,0,0,0,0x03
2026-09-06T16:45:32.467,848,0,0,51,1063,0,17203,1641,0,23185,0x07
2026-09-06T16:45:32.467,851,0,2,50,0,0,0,0,0,0,0x03
2026-09-06T16:45:32.549,850,0,0,50,985,0,16199,1592,0,22581,0x07
2026-09-06T16:45:32.549,853,0,2,53,0,0,0,0,0,0,0x03
2026-09-06T16:45:32.613,852,0,0,50,1046,0,16980,1621,0,22938,0x07
2026-09-06T16:45:32.613,855,0,2,51,0,0,0,0,0,0,0x03
2026-09-06T16:45:32.678,854,0,0,53,1103,0,17706,1678,0,23638,0x07
2026-09-06T16:45:32.678,857,0,2,52,0,0,0,0,0,0,0x03
2026-09-06T16:45:32.743,856,0,0,51,1103,0,17706,1678,0,23638,0x07
2026-09-06T16:45:32.743,859,0,2,51,0,0,0,0,0,0,0x03
2026-09-06T16:45:32.809,858,0,0,50,1117,0,17881,1692,0,23820,0x07
2026-09-06T16:45:32.809,861,0,2,51,0,0,0,0,0,0,0x03
2026-09-06T16:45:32.873,860,0,0,55,1071,0,17294,1646,0,23251,0x07
2026-09-06T16:45:32.873,863,0,2,50,0,0,0,0,0,0,0x03
2026-09-06T16:45:32.938,862,0,0,51,1071,0,17294,1646,0,23251,0x07
2026-09-06T16:45:32.938,865,0,2,51,0,0,0,0,0,0,0x03
2026-09-06T16:45:33.018,864,0,0,50,1095,0,17599,1670,0,23542,0x07
2026-09-06T16:45:33.018,867,0,2,51,0,0,0,0,0,0,0x03
2026-09-06T16:45:33.084,866,0,0,52,1008,0,16500,1616,0,22868,0x07
2026-09-06T16:45:33.084,869,0,2,50,0,0,0,0,0,0,0x03
2026-09-06T16:45:33.148,868,0,0,57,1091,0,17551,1665,0,23486,0x07
2026-09-06T16:45:33.148,871,0,2,51,0,0,0,0,0,0,0x03
2026-09-06T16:45:33.213,870,0,0,51,1091,0,17551,1665,0,23486,0x07
2026-09-06T16:45:33.213,873,0,2,51,0,0,0,0,0,0,0x03
2026-09-06T16:45:33.278,872,0,0,52,1109,0,17782,1684,0,23721,0x07
2026-09-06T16:45:33.278,875,0,2,51,0,0,0,0,0,0,0x03
2026-09-06T16:45:33.343,874,0,0,55,1125,0,17985,1701,0,23934,0x07
2026-09-06T16:45:33.343,877,0,2,51,0,0,0,0,0,0,0x03
2026-09-06T16:45:33.408,876,0,0,51,1125,0,17985,1701,0,23934,0x07
2026-09-06T16:45:33.408,879,0,2,50,0,0,0,0,0,0,0x03
2026-09-06T16:45:33.473,878,0,0,52,1127,0,18006,1704,0,23964,0x07
2026-09-06T16:45:33.473,881,0,2,50,0,0,0,0,0,0,0x03
2026-09-06T16:45:33.555,880,0,0,52,1025,0,16714,1634,0,23099,0x07
2026-09-06T16:45:33.555,883,0,2,52,0,0,0,0,0,0,0x03
2026-09-06T16:45:33.620,882,0,0,53,1090,0,17547,1667,0,23502,0x07
2026-09-06T16:45:33.620,885,0,2,55,0,0,0,0,0,0,0x03
2026-09-06T16:45:33.685,884,0,0,51,1090,0,17547,1667,0,23502,0x07
2026-09-06T16:45:33.685,887,0,2,51,0,0,0,0,0,0,0x03
2026-09-06T16:45:33.751,886,0,0,52,1106,0,17740,1682,0,23689,0x07
2026-09-06T16:45:33.751,889,0,2,52,0,0,0,0,0,0,0x03
2026-09-06T16:45:33.815,888,0,0,50,1115,0,17860,1692,0,23811,0x07
2026-09-06T16:45:33.815,891,0,2,51,0,0,0,0,0,0,0x03
2026-09-06T16:45:33.881,893,0,2,52,0,0,0,0,0,0,0x03
2026-09-06T16:45:33.946,890,0,0,52,1019,0,16638,1628,0,23016,0x07
2026-09-06T16:45:33.946,893,0,2,51,0,0,0,0,0,0,0x03
2026-09-06T16:45:34.011,892,0,0,52,1067,0,17242,1643,0,23203,0x07
2026-09-06T16:45:34.011,893,0,2,50,0,0,0,0,0,0,0x03
2026-09-06T16:45:34.076,892,0,0,52,989,0,16251,1596,0,22625,0x07
2026-09-06T16:45:34.076,899,0,2,50,0,0,0,0,0,0,0x03
2026-09-06T16:45:34.141,898,0,0,52,0,0,13044,0,0,16531,0x07
2026-09-06T16:45:34.141,901,0,2,51,0,0,0,0,0,0,0x03
2026-09-06T16:45:34.223,900,0,0,51,1106,0,17744,1680,0,23672,0x07
2026-09-06T16:45:34.223,903,0,2,51,0,0,0,0,0,0,0x03
2026-09-06T16:45:34.287,902,0,0,53,1126,0,17993,1702,0,23938,0x07
2026-09-06T16:45:34.287,905,0,2,51,0,0,0,0,0,0,0x03
2026-09-06T16:45:34.352,904,0,0,52,1126,0,17993,1702,0,23938,0x07
2026-09-06T16:45:34.352,907,0,2,50,0,0,0,0,0,0,0x03
2026-09-06T16:45:34.417,906,0,0,51,1128,0,18024,1705,0,23977,0x07
2026-09-06T16:45:34.417,909,0,2,52,0,0,0,0,0,0,0x03
2026-09-06T16:45:34.483,911,0,2,50,0,0,0,0,0,0,0x03
2026-09-06T16:45:34.548,910,0,0,51,1126,0,18002,1704,0,23968,0x07
2026-09-06T16:45:34.548,911,0,2,50,0,0,0,0,0,0,0x03
2026-09-06T16:45:34.613,912,0,0,50,1124,0,17976,1703,0,23951,0x07
2026-09-06T16:45:34.613,911,0,2,51,0,0,0,0,0,0,0x03
2026-09-06T16:45:34.678,912,0,0,52,1123,0,17955,1701,0,23929,0x07
2026-09-06T16:45:34.678,917,0,2,50,0,0,0,0,0,0,0x03
2026-09-06T16:45:34.759,916,0,0,50,1123,0,17955,1701,0,23929,0x07
2026-09-06T16:45:34.759,919,0,2,51,0,0,0,0,0,0,0x03
2026-09-06T16:45:34.824,918,0,0,51,1092,0,17563,1670,0,23542,0x07
2026-09-06T16:45:34.824,921,0,2,52,0,0,0,0,0,0,0x03
2026-09-06T16:45:34.888,920,0,0,51,1103,0,17701,1680,0,23672,0x07
2026-09-06T16:45:34.888,923,0,2,52,0,0,0,0,0,0,0x03
2026-09-06T16:45:34.954,922,0,0,50,1110,0,17800,1688,0,23768,0x07
2026-09-06T16:45:34.954,925,0,2,51,0,0,0,0,0,0,0x03
2026-09-06T16:45:35.018,924,0,0,51,1115,0,17865,1693,0,23829,0x07
2026-09-06T16:45:35.018,927,0,2,51,0,0,0,0,0,0,0x03
2026-09-06T16:45:35.084,926,0,0,51,1118,0,17903,1696,0,23868,0x07
2026-09-06T16:45:35.084,929,0,2,52,0,0,0,0,0,0,0x03
2026-09-06T16:45:35.148,928,0,0,51,1120,0,17920,1698,0,23890,0x07
2026-09-06T16:45:35.148,931,0,2,50,0,0,0,0,0,0,0x03
2026-09-06T16:45:35.214,930,0,0,50,0,0,0,0,0,0,0x03
2026-09-06T16:45:35.214,933,0,2,50,0,0,0,0,0,0,0x03
2026-09-06T16:45:35.294,932,0,0,51,0,0,0,0,0,0,0x03
2026-09-06T16:45:35.295,935,0,2,50,0,0,0,0,0,0,0x03
2026-09-06T16:45:35.360,934,0,0,53,0,0,0,0,0,0,0x03
2026-09-06T16:45:35.360,937,0,2,50,0,0,0,0,0,0,0x03
2026-09-06T16:45:35.425,936,0,0,51,0,0,0,0,0,0,0x03
2026-09-06T16:45:35.425,939,0,2,50,0,0,0,0,0,0,0x03
2026-09-06T16:45:35.490,938,0,0,51,0,0,0,0,0,0,0x03
2026-09-06T16:45:35.490,941,0,2,50,0,0,0,0,0,0,0x03
2026-09-06T16:45:35.556,940,0,0,50,0,0,0,0,0,0,0x03
2026-09-06T16:45:35.556,943,0,2,52,0,0,0,0,0,0,0x03
2026-09-06T16:45:35.620,942,0,0,52,0,0,0,0,0,0,0x03
2026-09-06T16:45:35.620,945,0,2,50,0,0,0,0,0,0,0x03
2026-09-06T16:45:35.685,944,0,0,52,0,0,0,0,0,0,0x03
2026-09-06T16:45:35.685,947,0,2,53,0,0,0,0,0,0,0x03
2026-09-06T16:45:35.751,946,0,0,50,0,0,0,0,0,0,0x03
2026-09-06T16:45:35.751,949,0,2,52,0,0,0,0,0,0,0x03
2026-09-06T16:45:35.816,948,0,0,51,0,0,0,0,0,0,0x03
2026-09-06T16:45:35.816,951,0,2,52,0,0,0,0,0,0,0x03
2026-09-06T16:45:35.898,950,0,0,50,0,0,0,0,0,0,0x03
2026-09-06T16:45:35.898,953,0,2,50,0,0,0,0,0,0,0x03
2026-09-06T16:45:35.963,952,0,0,51,0,0,0,0,0,0,0x03
2026-09-06T16:45:35.963,955,0,2,51,0,0,0,0,0,0,0x03
2026-09-06T16:45:36.029,954,0,0,50,0,0,0,0,0,0,0x03
2026-09-06T16:45:36.029,957,0,2,50,0,0,0,0,0,0,0x03
2026-09-06T16:45:36.093,956,0,0,50,0,0,0,0,0,0,0x03
2026-09-06T16:45:36.093,959,0,2,50,0,0,0,0,0,0,0x03
2026-09-06T16:45:36.159,958,0,0,50,0,0,0,0,0,0,0x03
2026-09-06T16:45:36.159,961,0,2,50,0,0,0,0,0,0,0x03
2026-09-06T16:45:36.224,960,0,0,50,0,0,0,0,0,0,0x03
2026-09-06T16:45:36.224,963,0,2,51,0,0,0,0,0,0,0x03
2026-09-06T16:45:36.288,962,0,0,51,0,0,0,0,0,0,0x03
2026-09-06T16:45:36.288,965,0,2,51,0,0,0,0,0,0,0x03
2026-09-06T16:45:36.354,964,0,0,51,0,0,0,0,0,0,0x03
2026-09-06T16:45:36.354,967,0,2,51,0,0,0,0,0,0,0x03
2026-09-06T16:45:36.434,966,0,0,52,0,0,0,0,0,0,0x03
2026-09-06T16:45:36.434,969,0,2,50,0,0,0,0,0,0,0x03
2026-09-06T16:45:36.483,968,0,0,52,0,0,0,0,0,0,0x03
2026-09-06T16:45:36.484,971,0,2,51,0,0,0,0,0,0,0x03
2026-09-06T16:45:36.565,970,0,0,51,0,0,0,0,0,0,0x03
2026-09-06T16:45:36.565,973,0,2,50,0,0,0,0,0,0,0x03
2026-09-06T16:45:36.630,972,0,0,51,0,0,0,0,0,0,0x03
2026-09-06T16:45:36.630,975,0,2,50,0,0,0,0,0,0,0x03
2026-09-06T16:45:36.695,974,0,0,51,0,0,0,0,0,0,0x03
2026-09-06T16:45:36.695,977,0,2,50,0,0,0,0,0,0,0x03
2026-09-06T16:45:36.760,976,0,0,51,0,0,0,0,0,0,0x03
2026-09-06T16:45:36.760,979,0,2,52,0,0,0,0,0,0,0x03
2026-09-06T16:45:36.825,978,0,0,54,0,0,0,0,0,0,0x03
2026-09-06T16:45:36.825,981,0,2,50,0,0,0,0,0,0,0x03
2026-09-06T16:45:36.891,980,0,0,50,0,0,0,0,0,0,0x03
2026-09-06T16:45:36.891,983,0,2,50,0,0,0,0,0,0,0x03
2026-09-06T16:45:36.956,982,0,0,51,0,0,0,0,0,0,0x03
2026-09-06T16:45:36.956,985,0,2,52,0,0,0,0,0,0,0x03
2026-09-06T16:45:37.021,984,0,0,50,0,0,0,0,0,0,0x03
2026-09-06T16:45:37.021,987,0,2,52,0,0,0,0,0,0,0x03
2026-09-06T16:45:37.102,986,0,0,52,0,0,0,0,0,0,0x03
2026-09-06T16:45:37.102,989,0,2,50,0,0,0,0,0,0,0x03
2026-09-06T16:45:37.168,988,0,0,50,0,0,0,0,0,0,0x03
2026-09-06T16:45:37.168,991,0,2,56,0,0,0,0,0,0,0x03
2026-09-06T16:45:37.233,990,0,0,51,0,0,0,0,0,0,0x03
2026-09-06T16:45:37.233,993,0,2,52,0,0,0,0,0,0,0x03
2026-09-06T16:45:37.298,992,0,0,50,0,0,0,0,0,0,0x03
2026-09-06T16:45:37.298,995,0,2,51,0,0,0,0,0,0,0x03
2026-09-06T16:45:37.363,994,0,0,51,0,0,0,0,0,0,0x03
2026-09-06T16:45:37.363,997,0,2,54,0,0,0,0,0,0,0x03
2026-09-06T16:45:37.429,996,0,0,51,0,0,0,0,0,0,0x03
2026-09-06T16:45:37.429,999,0,2,52,0,0,0,0,0,0,0x03
2026-09-06T16:45:37.494,998,0,0,50,0,0,0,0,0,0,0x03
2026-09-06T16:45:37.494,1001,0,2,50,0,0,0,0,0,0,0x03
2026-09-06T16:45:37.558,1000,0,0,50,0,0,0,0,0,0,0x03
2026-09-06T16:45:37.558,1003,0,2,50,0,0,0,0,0,0,0x03
2026-09-06T16:45:37.624,1002,0,0,50,0,0,0,0,0,0,0x03
2026-09-06T16:45:37.624,1005,0,2,50,0,0,0,0,0,0,0x03
2026-09-06T16:45:37.705,1004,0,0,55,0,0,0,0,0,0,0x03
2026-09-06T16:45:37.705,1007,0,2,51,0,0,0,0,0,0,0x03
2026-09-06T16:45:37.769,1006,0,0,51,0,0,0,0,0,0,0x03
2026-09-06T16:45:37.769,1009,0,2,52,0,0,0,0,0,0,0x03
2026-09-06T16:45:37.835,1008,0,0,50,0,0,0,0,0,0,0x03
2026-09-06T16:45:37.835,1011,0,2,52,0,0,0,0,0,0,0x03
2026-09-06T16:45:37.900,1010,0,0,50,0,0,0,0,0,0,0x03
2026-09-06T16:45:37.900,1013,0,2,51,0,0,0,0,0,0,0x03
2026-09-06T16:45:37.964,1012,0,0,50,0,0,0,0,0,0,0x03
2026-09-06T16:45:37.965,1015,0,2,51,0,0,0,0,0,0,0x03
2026-09-06T16:45:38.030,1014,0,0,51,0,0,0,0,0,0,0x03
2026-09-06T16:45:38.030,1017,0,2,50,0,0,0,0,0,0,0x03
2026-09-06T16:45:38.096,1016,0,0,54,0,0,0,0,0,0,0x03
2026-09-06T16:45:38.096,1019,0,2,52,0,0,0,0,0,0,0x03
2026-09-06T16:45:38.161,1018,0,0,50,0,0,0,0,0,0,0x03
2026-09-06T16:45:38.161,1021,0,2,50,0,0,0,0,0,0,0x03
2026-09-06T16:45:38.243,1020,0,0,52,0,0,0,0,0,0,0x03
2026-09-06T16:45:38.243,1023,0,2,50,0,0,0,0,0,0,0x03
2026-09-06T16:45:38.292,1022,0,0,51,0,0,17417,0,0,19633,0x07
2026-09-06T16:45:38.292,1025,0,2,50,0,0,0,0,0,0,0x03
2026-09-06T16:45:38.373,1024,0,0,51,1623,0,24313,2060,0,28387,0x07
2026-09-06T16:45:38.373,1027,0,2,50,0,0,0,0,0,0,0x03
2026-09-06T16:45:38.438,1026,0,0,51,1593,0,23939,2116,0,29091,0x07
2026-09-06T16:45:38.438,1029,0,2,52,0,0,0,0,0,0,0x03
2026-09-06T16:45:38.503,1028,0,0,51,1532,0,23163,2079,0,28625,0x07
2026-09-06T16:45:38.503,1031,0,2,51,0,0,0,0,0,0,0x03
2026-09-06T16:45:38.569,1030,0,0,51,1560,0,23523,2086,0,28717,0x07
2026-09-06T16:45:38.569,1033,0,2,50,0,0,0,0,0,0,0x03
2026-09-06T16:45:38.633,1032,0,0,51,1560,0,23523,2091,0,28769,0x07
2026-09-06T16:45:38.633,1035,0,2,52,0,0,0,0,0,0,0x03
2026-09-06T16:45:38.697,1034,0,0,51,1386,0,21306,1974,0,27325,0x07
2026-09-06T16:45:38.698,1037,0,2,51,0,0,0,0,0,0,0x03
2026-09-06T16:45:38.763,1036,0,0,50,1357,0,20936,1921,0,26659,0x07
2026-09-06T16:45:38.763,1039,0,2,51,0,0,0,0,0,0,0x03
2026-09-06T16:45:38.828,1038,0,0,52,1349,0,20833,1906,0,26477,0x07
2026-09-06T16:45:38.828,1041,0,2,51,0,0,0,0,0,0,0x03
2026-09-06T16:45:38.910,1040,0,0,52,0,0,0,0,0,0,0x03
2026-09-06T16:45:38.910,1043,0,2,51,0,0,0,0,0,0,0x03
2026-09-06T16:45:38.975,1042,0,0,52,0,0,0,0,0,0,0x03
2026-09-06T16:45:38.975,1045,0,2,51,0,0,0,0,0,0,0x03
2026-09-06T16:45:39.040,1044,0,0,50,0,0,0,0,0,0,0x03
2026-09-06T16:45:39.040,1047,0,2,50,0,0,0,0,0,0,0x03
2026-09-06T16:45:39.105,1046,0,0,50,0,0,0,0,0,0,0x03
2026-09-06T16:45:39.105,1049,0,2,50,0,0,0,0,0,0,0x03
2026-09-06T16:45:39.170,1048,0,0,50,0,0,0,0,0,0,0x03
2026-09-06T16:45:39.170,1051,0,2,51,0,0,0,0,0,0,0x03
2026-09-06T16:45:39.236,1050,0,0,50,0,0,11798,0,0,16002,0x07
2026-09-06T16:45:39.236,1053,0,2,51,0,0,0,0,0,0,0x03
2026-09-06T16:45:39.301,1052,0,0,52,959,0,15873,1616,0,22868,0x07
2026-09-06T16:45:39.301,1055,0,2,51,0,0,0,0,0,0,0x03
2026-09-06T16:45:39.365,1054,0,0,50,1025,0,16710,1597,0,22642,0x07
2026-09-06T16:45:39.365,1057,0,2,52,0,0,0,0,0,0,0x03
2026-09-06T16:45:39.446,1056,0,0,50,1025,0,16710,1597,0,22642,0x07
2026-09-06T16:45:39.446,1059,0,2,50,0,0,0,0,0,0,0x03
2026-09-06T16:45:39.511,1058,0,0,52,1072,0,17306,1644,0,23215,0x07
2026-09-06T16:45:39.512,1061,0,2,51,0,0,0,0,0,0,0x03
2026-09-06T16:45:39.576,1060,0,0,51,1000,0,16401,1605,0,22733,0x07
2026-09-06T16:45:39.577,1063,0,2,50,0,0,0,0,0,0,0x03
2026-09-06T16:45:39.641,1062,0,0,50,1076,0,17357,1645,0,23229,0x07
2026-09-06T16:45:39.641,1065,0,2,52,0,0,0,0,0,0,0x03
2026-09-06T16:45:39.706,1064,0,0,51,1039,0,16886,1632,0,23068,0x07
2026-09-06T16:45:39.706,1067,0,2,51,0,0,0,0,0,0,0x03
2026-09-06T16:45:39.772,1066,0,0,51,1127,0,18014,1687,0,23759,0x07
2026-09-06T16:45:39.772,1069,0,2,50,0,0,0,0,0,0,0x03
2026-09-06T16:45:39.837,1068,0,0,52,1019,0,16633,1628,0,23025,0x07
2026-09-06T16:45:39.837,1071,0,2,52,0,0,0,0,0,0,0x03
2026-09-06T16:45:39.903,1070,0,0,50,1105,0,17728,1669,0,23533,0x07
2026-09-06T16:45:39.903,1073,0,2,51,0,0,0,0,0,0,0x03
2026-09-06T16:45:39.968,1072,0,0,50,1130,0,18049,1700,0,23920,0x07
2026-09-06T16:45:39.968,1075,0,2,52,0,0,0,0,0,0,0x03
2026-09-06T16:45:40.049,1074,0,0,56,1198,0,18920,1758,0,24641,0x07
2026-09-06T16:45:40.049,1077,0,2,51,0,0,0,0,0,0,0x03
2026-09-06T16:45:40.115,1076,0,0,50,1198,0,18920,1758,0,24641,0x07
2026-09-06T16:45:40.115,1079,0,2,50,0,0,0,0,0,0,0x03
2026-09-06T16:45:40.179,1078,0,0,51,1199,0,18933,1768,0,24764,0x07
2026-09-06T16:45:40.179,1081,0,2,50,0,0,0,0,0,0,0x03
2026-09-06T16:45:40.244,1080,0,0,50,1200,0,18941,1770,0,24785,0x07
2026-09-06T16:45:40.244,1083,0,2,50,0,0,0,0,0,0,0x03
2026-09-06T16:45:40.309,1082,0,0,50,1234,0,19371,1793,0,25077,0x07
2026-09-06T16:45:40.309,1085,0,2,50,0,0,0,0,0,0,0x03
2026-09-06T16:45:40.374,1084,0,0,51,1228,0,19293,1796,0,25103,0x07
2026-09-06T16:45:40.374,1087,0,2,51,0,0,0,0,0,0,0x03
2026-09-06T16:45:40.439,1086,0,0,53,1223,0,19232,1791,0,25051,0x07
2026-09-06T16:45:40.439,1089,0,2,50,0,0,0,0,0,0,0x03
2026-09-06T16:45:40.504,1088,0,0,50,1223,0,19232,1791,0,25051,0x07
2026-09-06T16:45:40.504,1091,0,2,51,0,0,0,0,0,0,0x03
2026-09-06T16:45:40.584,1090,0,0,50,1221,0,19212,1790,0,25030,0x07
2026-09-06T16:45:40.585,1093,0,2,50,0,0,0,0,0,0,0x03
2026-09-06T16:45:40.650,1092,0,0,50,1256,0,19653,1813,0,25320,0x07
2026-09-06T16:45:40.650,1095,0,2,50,0,0,0,0,0,0,0x03
2026-09-06T16:45:40.714,1094,0,0,50,1251,0,19593,1816,0,25360,0x07
2026-09-06T16:45:40.715,1097,0,2,51,0,0,0,0,0,0,0x03
2026-09-06T16:45:40.780,1096,0,0,51,1288,0,20053,1841,0,25664,0x07
2026-09-06T16:45:40.780,1099,0,2,53,0,0,0,0,0,0,0x03
2026-09-06T16:45:40.845,1098,0,0,54,1283,0,19996,1844,0,25711,0x07
2026-09-06T16:45:40.845,1101,0,2,52,0,0,0,0,0,0,0x03
2026-09-06T16:45:40.911,1100,0,0,50,1283,0,19996,1844,0,25711,0x07
2026-09-06T16:45:40.911,1103,0,2,52,0,0,0,0,0,0,0x03
2026-09-06T16:45:40.976,1102,0,0,50,1283,0,19996,1844,0,25711,0x07
2026-09-06T16:45:40.976,1105,0,2,51,0,0,0,0,0,0,0x03
2026-09-06T16:45:41.041,1104,0,0,50,1129,0,18039,1739,0,24403,0x07
2026-09-06T16:45:41.041,1107,0,2,51,0,0,0,0,0,0,0x03
2026-09-06T16:45:41.107,1106,0,0,50,1198,0,18915,1758,0,24633,0x07
2026-09-06T16:45:41.107,1109,0,2,50,0,0,0,0,0,0,0x03
2026-09-06T16:45:41.123,1108,0,0,50,1271,0,19846,1817,0,25372,0x07
2026-09-06T16:45:41.123,1111,0,2,51,0,0,0,0,0,0,0x03
