timestamp,sequence,team,robot_id,interval_ms,left_target_eps,left_measured_eps,left_duty,right_target_eps,right_measured_eps,right_duty,flags
2026-09-06T14:37:15.062-03:00,502,0,0,52,0,0,0,0,0,0,0x03
2026-09-06T14:37:15.080-03:00,503,0,0,52,0,0,0,0,0,0,0x03
2026-09-06T14:37:15.101-03:00,504,0,0,51,0,0,0,0,0,0,0x03
2026-09-06T14:37:15.119-03:00,505,0,0,51,0,0,0,0,0,0,0x03
2026-09-06T14:37:15.142-03:00,505,0,0,51,0,0,0,0,0,0,0x03
2026-09-06T14:37:15.160-03:00,505,0,0,51,0,0,0,0,0,0,0x03
2026-09-06T14:37:15.179-03:00,505,0,0,51,0,0,0,0,0,0,0x03
2026-09-06T14:37:15.202-03:00,505,0,0,51,0,0,0,0,0,0,0x03
2026-09-06T14:37:15.221-03:00,505,0,0,50,0,0,0,0,0,0,0x03
2026-09-06T14:37:15.239-03:00,505,0,0,50,0,0,0,0,0,0,0x03
2026-09-06T14:37:15.263-03:00,505,0,0,50,0,0,0,0,0,0,0x03
2026-09-06T14:37:15.281-03:00,8,0,0,50,0,0,30102,0,0,28548,0x07
2026-09-06T14:37:15.300-03:00,9,0,0,50,0,0,30102,0,0,28548,0x07
2026-09-06T14:37:15.323-03:00,10,0,0,50,3374,0,40000,3500,0,40000,0x07
2026-09-06T14:37:15.342-03:00,11,0,0,50,3374,0,40000,3500,0,40000,0x07
2026-09-06T14:37:15.362-03:00,12,0,0,55,3374,0,40000,3500,0,40000,0x07
2026-09-06T14:37:15.383-03:00,13,0,0,55,3374,0,40000,3500,0,40000,0x07
2026-09-06T14:37:15.401-03:00,14,0,0,55,3374,0,40000,3500,0,40000,0x07
2026-09-06T14:37:15.420-03:00,15,0,0,50,3374,0,40000,3500,0,40000,0x07
2026-09-06T14:37:15.438-03:00,16,0,0,50,3374,0,40000,3500,0,40000,0x07
2026-09-06T14:37:15.462-03:00,17,0,0,53,3374,0,40000,3500,0,40000,0x07
2026-09-06T14:37:15.480-03:00,18,0,0,53,3374,0,40000,3500,0,40000,0x07
2026-09-06T14:37:15.499-03:00,19,0,0,53,3374,0,40000,3500,0,40000,0x07
2026-09-06T14:37:15.523-03:00,20,0,0,51,3374,0,40000,3500,0,40000,0x07
2026-09-06T14:37:15.541-03:00,21,0,0,51,3374,0,40000,3500,0,40000,0x07
2026-09-06T14:37:15.559-03:00,22,0,0,51,3374,0,40000,3500,0,40000,0x07
2026-09-06T14:37:15.583-03:00,23,0,0,51,3374,0,40000,3500,0,40000,0x07
2026-09-06T14:37:15.601-03:00,24,0,0,51,3374,0,40000,3500,0,40000,0x07
2026-09-06T14:37:15.619-03:00,25,0,0,56,3374,0,40000,3500,0,40000,0x07
2026-09-06T14:37:15.642-03:00,26,0,0,56,3374,0,40000,3500,0,40000,0x07
2026-09-06T14:37:15.660-03:00,27,0,0,56,3374,0,40000,3500,0,40000,0x07
2026-09-06T14:37:15.678-03:00,28,0,0,52,3374,0,40000,3500,0,40000,0x07
2026-09-06T14:37:15.701-03:00,29,0,0,52,3374,0,40000,3500,0,40000,0x07
2026-09-06T14:37:15.719-03:00,30,0,0,52,3374,0,40000,3500,0,40000,0x07
2026-09-06T14:37:15.742-03:00,31,0,0,51,3374,0,40000,3500,0,40000,0x07
2026-09-06T14:37:15.760-03:00,32,0,0,51,3374,0,40000,3500,0,40000,0x07
2026-09-06T14:37:15.783-03:00,33,0,0,50,3374,0,40000,3500,0,40000,0x07
2026-09-06T14:37:15.803-03:00,34,0,0,50,3374,0,40000,3500,0,40000,0x07
2026-09-06T14:37:15.822-03:00,35,0,0,50,3374,0,40000,3500,0,40000,0x07
2026-09-06T14:37:15.842-03:00,36,0,0,51,3374,0,40000,3500,0,40000,0x07
2026-09-06T14:37:15.863-03:00,37,0,0,51,3374,0,40000,3500,0,40000,0x07
2026-09-06T14:37:15.881-03:00,38,0,0,50,3374,0,40000,3500,0,40000,0x07
2026-09-06T14:37:15.898-03:00,39,0,0,50,3374,0,40000,3500,0,40000,0x07
2026-09-06T14:37:15.918-03:00,40,0,0,50,3374,0,40000,3500,0,40000,0x07
2026-09-06T14:37:15.939-03:00,41,0,0,50,3374,0,40000,3500,0,40000,0x07
2026-09-06T14:37:15.962-03:00,42,0,0,50,3374,0,40000,3500,0,40000,0x07
2026-09-06T14:37:15.983-03:00,43,0,0,55,3374,0,40000,3500,0,40000,0x07
2026-09-06T14:37:16.002-03:00,44,0,0,55,3374,0,40000,3500,0,40000,0x07
2026-09-06T14:37:16.022-03:00,45,0,0,55,3374,0,40000,3500,0,40000,0x07
2026-09-06T14:37:16.041-03:00,46,0,0,51,3374,0,40000,3500,0,40000,0x07
2026-09-06T14:37:16.061-03:00,47,0,0,51,3374,0,40000,3500,0,40000,0x07
2026-09-06T14:37:16.079-03:00,48,0,0,52,3374,0,40000,3500,0,40000,0x07
2026-09-06T14:37:16.103-03:00,49,0,0,52,3374,0,40000,3500,0,40000,0x07
2026-09-06T14:37:16.121-03:00,50,0,0,52,3374,0,40000,3500,0,40000,0x07
2026-09-06T14:37:16.142-03:00,51,0,0,56,3374,0,40000,3500,0,40000,0x07
2026-09-06T14:37:16.160-03:00,52,0,0,56,3374,0,40000,3500,0,40000,0x07
2026-09-06T14:37:16.183-03:00,53,0,0,56,3374,0,40000,3500,0,40000,0x07
2026-09-06T14:37:16.201-03:00,54,0,0,52,3374,0,40000,3500,0,40000,0x07
2026-09-06T14:37:16.239-03:00,55,0,0,52,3374,0,40000,3500,0,40000,0x07
2026-09-06T14:37:16.239-03:00,56,0,0,52,3374,0,40000,3500,0,40000,0x07
2026-09-06T14:37:16.262-03:00,57,0,0,52,3374,0,40000,3500,0,40000,0x07
2026-09-06T14:37:16.280-03:00,58,0,0,52,3374,0,40000,3500,0,40000,0x07
2026-09-06T14:37:16.303-03:00,59,0,0,56,3374,0,40000,3500,0,40000,0x07
2026-09-06T14:37:16.321-03:00,60,0,0,56,3374,0,40000,3500,0,40000,0x07
2026-09-06T14:37:16.341-03:00,61,0,0,56,3374,0,40000,3500,0,40000,0x07
2026-09-06T14:37:16.359-03:00,62,0,0,52,3374,0,40000,3500,0,40000,0x07
2026-09-06T14:37:16.380-03:00,63,0,0,52,3374,0,40000,3500,0,40000,0x07
2026-09-06T14:37:16.398-03:00,64,0,0,51,3374,0,40000,3500,0,40000,0x07
2026-09-06T14:37:16.422-03:00,65,0,0,51,3374,0,40000,3500,0,40000,0x07
2026-09-06T14:37:16.440-03:00,66,0,0,51,3374,0,40000,3500,0,40000,0x07
2026-09-06T14:37:16.458-03:00,67,0,0,56,3374,0,40000,3500,0,40000,0x07
2026-09-06T14:37:16.482-03:00,68,0,0,56,3374,0,40000,3500,0,40000,0x07
2026-09-06T14:37:16.500-03:00,69,0,0,56,3374,0,40000,3500,0,40000,0x07
2026-09-06T14:37:16.520-03:00,70,0,0,51,3374,0,40000,3500,0,40000,0x07
2026-09-06T14:37:16.540-03:00,71,0,0,51,3374,0,40000,3500,0,40000,0x07
2026-09-06T14:37:16.563-03:00,72,0,0,52,3374,0,40000,3500,0,40000,0x07
2026-09-06T14:37:16.581-03:00,73,0,0,52,3374,0,40000,3500,0,40000,0x07
2026-09-06T14:37:16.599-03:00,74,0,0,52,3374,0,40000,3500,0,40000,0x07
2026-09-06T14:37:16.623-03:00,75,0,0,51,3374,0,40000,3500,0,40000,0x07
2026-09-06T14:37:16.641-03:00,76,0,0,51,3374,0,40000,3500,0,40000,0x07
2026-09-06T14:37:16.659-03:00,77,0,0,51,3374,0,40000,3500,0,40000,0x07
2026-09-06T14:37:16.679-03:00,78,0,0,52,3374,0,40000,3500,0,40000,0x07
2026-09-06T14:37:16.700-03:00,79,0,0,52,3374,0,40000,3500,0,40000,0x07
2026-09-06T14:37:16.720-03:00,80,0,0,55,3374,0,40000,3500,0,40000,0x07
2026-09-06T14:37:16.741-03:00,81,0,0,55,3374,0,40000,3500,0,40000,0x07
2026-09-06T14:37:16.759-03:00,82,0,0,55,3374,0,40000,3500,0,40000,0x07
2026-09-06T14:37:16.782-03:00,83,0,0,52,3374,0,40000,3500,0,40000,0x07
2026-09-06T14:37:16.801-03:00,84,0,0,52,3374,0,40000,3500,0,40000,0x07
2026-09-06T14:37:16.821-03:00,85,0,0,52,3374,0,40000,3500,0,40000,0x07
2026-09-06T14:37:16.839-03:00,86,0,0,54,3374,0,40000,3500,0,40000,0x07
2026-09-06T14:37:16.859-03:00,87,0,0,54,3374,0,40000,3500,0,40000,0x07
2026-09-06T14:37:16.882-03:00,88,0,0,56,3374,0,40000,3500,0,40000,0x07
2026-09-06T14:37:16.900-03:00,89,0,0,56,3374,0,40000,3500,0,40000,0x07
2026-09-06T14:37:16.923-03:00,90,0,0,56,3374,0,40000,3500,0,40000,0x07
2026-09-06T14:37:16.941-03:00,91,0,0,51,3374,0,40000,3500,0,40000,0x07
2026-09-06T14:37:16.959-03:00,92,0,0,51,3374,0,40000,3500,0,40000,0x07
2026-09-06T14:37:16.982-03:00,93,0,0,51,3374,0,40000,3500,0,40000,0x07
2026-09-06T14:37:17.000-03:00,94,0,0,51,3374,0,40000,3500,0,40000,0x07
2026-09-06T14:37:17.019-03:00,95,0,0,51,3374,0,40000,3500,0,40000,0x07
2026-09-06T14:37:17.042-03:00,96,0,0,50,3374,0,40000,3500,0,40000,0x07
2026-09-06T14:37:17.061-03:00,97,0,0,50,3374,0,40000,3500,0,40000,0x07
2026-09-06T14:37:17.101-03:00,98,0,0,50,3374,0,40000,3500,0,40000,0x07
2026-09-06T14:37:17.101-03:00,99,0,0,51,3374,0,40000,3500,0,40000,0x07
2026-09-06T14:37:17.119-03:00,100,0,0,51,3374,0,40000,3500,0,40000,0x07
2026-09-06T14:37:17.142-03:00,101,0,0,50,3374,0,40000,3500,0,40000,0x07
2026-09-06T14:37:17.162-03:00,102,0,0,50,3374,0,40000,3500,0,40000,0x07
2026-09-06T14:37:17.181-03:00,103,0,0,50,3374,0,40000,3500,0,40000,0x07
2026-09-06T14:37:17.199-03:00,104,0,0,51,3374,0,40000,3500,0,40000,0x07
2026-09-06T14:37:17.223-03:00,105,0,0,51,3374,0,40000,3500,0,40000,0x07
2026-09-06T14:37:17.241-03:00,106,0,0,50,3374,0,40000,3500,0,40000,0x07
2026-09-06T14:37:17.259-03:00,107,0,0,50,3374,0,40000,3500,0,40000,0x07
2026-09-06T14:37:17.283-03:00,108,0,0,50,3374,0,40000,3500,0,40000,0x07
2026-09-06T14:37:17.303-03:00,109,0,0,52,3374,0,40000,3500,0,40000,0x07
2026-09-06T14:37:17.321-03:00,110,0,0,52,3374,0,40000,3500,0,40000,0x07
2026-09-06T14:37:17.340-03:00,111,0,0,50,3374,0,40000,3500,0,40000,0x07
2026-09-06T14:37:17.360-03:00,112,0,0,50,3374,0,40000,3500,0,40000,0x07
2026-09-06T14:37:17.378-03:00,113,0,0,50,3374,0,40000,3500,0,40000,0x07
2026-09-06T14:37:17.401-03:00,114,0,0,51,3374,0,40000,3500,0,40000,0x07
2026-09-06T14:37:17.419-03:00,115,0,0,51,3374,0,40000,3500,0,40000,0x07
2026-09-06T14:37:17.442-03:00,116,0,0,50,3374,0,40000,3500,0,40000,0x07
2026-09-06T14:37:17.460-03:00,117,0,0,50,3374,0,40000,3500,0,40000,0x07
2026-09-06T14:37:17.481-03:00,118,0,0,50,3374,0,40000,3500,0,40000,0x07
2026-09-06T14:37:17.499-03:00,119,0,0,50,3374,0,40000,3500,0,40000,0x07
2026-09-06T14:37:17.522-03:00,120,0,0,50,3374,0,40000,3500,0,40000,0x07
2026-09-06T14:37:17.541-03:00,121,0,0,53,3374,0,40000,3500,0,40000,0x07
2026-09-06T14:37:17.559-03:00,122,0,0,53,3374,0,40000,3500,0,40000,0x07
2026-09-06T14:37:17.581-03:00,123,0,0,53,3374,0,40000,3500,0,40000,0x07
2026-09-06T14:37:17.601-03:00,124,0,0,50,3374,0,40000,3500,0,40000,0x07
2026-09-06T14:37:17.619-03:00,125,0,0,50,3374,0,40000,3500,0,40000,0x07
2026-09-06T14:37:17.643-03:00,126,0,0,52,3374,0,40000,3500,0,40000,0x07
2026-09-06T14:37:17.662-03:00,127,0,0,52,3374,0,40000,3500,0,40000,0x07
2026-09-06T14:37:17.680-03:00,128,0,0,52,3374,0,40000,3500,0,40000,0x07
2026-09-06T14:37:17.703-03:00,129,0,0,50,3374,0,40000,3500,0,40000,0x07
2026-09-06T14:37:17.722-03:00,130,0,0,50,3374,0,40000,3500,0,40000,0x07
2026-09-06T14:37:17.740-03:00,131,0,0,50,3374,0,40000,3500,0,40000,0x07
2026-09-06T14:37:17.763-03:00,132,0,0,52,3374,0,40000,3500,0,40000,0x07
2026-09-06T14:37:17.781-03:00,133,0,0,52,3374,0,40000,3500,0,40000,0x07
2026-09-06T14:37:17.799-03:00,134,0,0,55,3374,0,40000,3500,0,40000,0x07
2026-09-06T14:37:17.820-03:00,135,0,0,55,3374,0,40000,3500,0,40000,0x07
2026-09-06T14:37:17.843-03:00,136,0,0,55,3374,0,40000,3500,0,40000,0x07
2026-09-06T14:37:17.862-03:00,137,0,0,51,3374,0,40000,3500,0,40000,0x07
2026-09-06T14:37:17.882-03:00,138,0,0,51,3374,0,40000,3500,0,40000,0x07
2026-09-06T14:37:17.900-03:00,139,0,0,54,3374,0,40000,3500,0,40000,0x07
2026-09-06T14:37:17.918-03:00,140,0,0,54,3374,0,40000,3500,0,40000,0x07
2026-09-06T14:37:17.942-03:00,141,0,0,54,3374,0,40000,3500,0,40000,0x07
2026-09-06T14:37:17.961-03:00,142,0,0,57,3374,0,40000,3500,0,40000,0x07
2026-09-06T14:37:17.979-03:00,143,0,0,57,3374,0,40000,3500,0,40000,0x07
2026-09-06T14:37:18.002-03:00,144,0,0,57,3374,0,40000,3500,0,40000,0x07
2026-09-06T14:37:18.020-03:00,145,0,0,52,3374,0,40000,3500,0,40000,0x07
2026-09-06T14:37:18.038-03:00,146,0,0,52,3374,0,40000,3500,0,40000,0x07
2026-09-06T14:37:18.062-03:00,147,0,0,52,3374,0,40000,3500,0,40000,0x07
2026-09-06T14:37:18.080-03:00,148,0,0,53,3374,0,40000,3500,0,40000,0x07
2026-09-06T14:37:18.122-03:00,149,0,0,53,3374,0,40000,3500,0,40000,0x07
2026-09-06T14:37:18.141-03:00,150,0,0,56,3374,0,40000,3500,0,40000,0x07
2026-09-06T14:37:18.159-03:00,151,0,0,56,3374,0,40000,3500,0,40000,0x07
2026-09-06T14:37:18.182-03:00,152,0,0,50,3374,0,40000,3500,0,40000,0x07
2026-09-06T14:37:18.202-03:00,153,0,0,50,3374,0,40000,3500,0,40000,0x07
2026-09-06T14:37:18.223-03:00,155,0,0,50,3374,0,40000,3500,0,40000,0x07
2026-09-06T14:37:18.241-03:00,156,0,0,50,3374,0,40000,3500,0,40000,0x07
2026-09-06T14:37:18.259-03:00,157,0,0,50,3374,0,40000,3500,0,40000,0x07
2026-09-06T14:37:18.279-03:00,158,0,0,51,3374,0,40000,3500,0,40000,0x07
2026-09-06T14:37:18.302-03:00,159,0,0,51,3374,0,40000,3500,0,40000,0x07
2026-09-06T14:37:18.321-03:00,160,0,0,51,3374,0,40000,3500,0,40000,0x07
2026-09-06T14:37:18.362-03:00,161,0,0,51,3374,0,40000,3500,0,40000,0x07
2026-09-06T14:37:18.362-03:00,162,0,0,51,3374,0,40000,3500,0,40000,0x07
2026-09-06T14:37:18.381-03:00,163,0,0,50,3374,0,40000,3500,0,40000,0x07
2026-09-06T14:37:18.401-03:00,164,0,0,50,3374,0,40000,3500,0,40000,0x07
2026-09-06T14:37:18.423-03:00,165,0,0,50,3374,0,40000,3500,0,40000,0x07
2026-09-06T14:37:18.461-03:00,166,0,0,53,3374,0,40000,3500,0,40000,0x07
2026-09-06T14:37:18.461-03:00,167,0,0,53,3374,0,40000,3500,0,40000,0x07
2026-09-06T14:37:18.479-03:00,168,0,0,50,3374,0,40000,3500,0,40000,0x07
2026-09-06T14:37:18.503-03:00,169,0,0,50,3374,0,40000,3500,0,40000,0x07
2026-09-06T14:37:18.521-03:00,170,0,0,50,3374,0,40000,3500,0,40000,0x07
2026-09-06T14:37:18.543-03:00,171,0,0,51,3374,0,40000,3500,0,40000,0x07
2026-09-06T14:37:18.561-03:00,172,0,0,51,3374,0,40000,3500,0,40000,0x07
2026-09-06T14:37:18.581-03:00,173,0,0,53,3374,0,40000,3500,0,40000,0x07
2026-09-06T14:37:18.601-03:00,174,0,0,53,3374,0,40000,3500,0,40000,0x07
2026-09-06T14:37:18.620-03:00,175,0,0,53,3374,0,40000,3500,0,40000,0x07
2026-09-06T14:37:18.643-03:00,176,0,0,50,3374,0,40000,3500,0,40000,0x07
2026-09-06T14:37:18.661-03:00,177,0,0,50,3374,0,40000,3500,0,40000,0x07
2026-09-06T14:37:18.679-03:00,178,0,0,50,3374,0,40000,3500,0,40000,0x07
2026-09-06T14:37:18.703-03:00,179,0,0,53,3374,0,40000,3500,0,40000,0x07
2026-09-06T14:37:18.721-03:00,180,0,0,53,3374,0,40000,3500,0,40000,0x07
2026-09-06T14:37:18.741-03:00,181,0,0,55,3374,0,40000,3500,0,40000,0x07
2026-09-06T14:37:18.759-03:00,182,0,0,55,3374,0,40000,3500,0,40000,0x07
2026-09-06T14:37:18.782-03:00,183,0,0,55,3374,0,40000,3500,0,40000,0x07
2026-09-06T14:37:18.800-03:00,184,0,0,52,3374,0,40000,3500,0,40000,0x07
2026-09-06T14:37:18.823-03:00,185,0,0,52,3374,0,40000,3500,0,40000,0x07
2026-09-06T14:37:18.841-03:00,186,0,0,52,3374,0,40000,3500,0,40000,0x07
2026-09-06T14:37:18.859-03:00,187,0,0,52,3374,0,40000,3500,0,40000,0x07
2026-09-06T14:37:18.883-03:00,188,0,0,52,3374,0,40000,3500,0,40000,0x07
2026-09-06T14:37:18.898-03:00,189,0,0,50,3374,0,40000,3500,0,40000,0x07
2026-09-06T14:37:18.922-03:00,190,0,0,50,3374,0,40000,3500,0,40000,0x07
2026-09-06T14:37:18.940-03:00,191,0,0,50,3374,0,40000,3500,0,40000,0x07
2026-09-06T14:37:18.963-03:00,192,0,0,50,3374,0,40000,3500,0,40000,0x07
2026-09-06T14:37:18.982-03:00,193,0,0,50,3374,0,40000,3500,0,40000,0x07
2026-09-06T14:37:19.001-03:00,194,0,0,50,3374,0,40000,3500,0,40000,0x07
2026-09-06T14:37:19.019-03:00,195,0,0,50,3374,0,40000,3500,0,40000,0x07
2026-09-06T14:37:19.042-03:00,196,0,0,50,3374,0,40000,3500,0,40000,0x07
2026-09-06T14:37:19.060-03:00,197,0,0,53,3374,0,40000,3500,0,40000,0x07
2026-09-06T14:37:19.078-03:00,198,0,0,53,3374,0,40000,3500,0,40000,0x07
2026-09-06T14:37:19.102-03:00,199,0,0,55,3374,0,40000,3500,0,40000,0x07
2026-09-06T14:37:19.121-03:00,200,0,0,55,3374,0,40000,3500,0,40000,0x07
2026-09-06T14:37:19.139-03:00,201,0,0,55,3374,0,40000,3500,0,40000,0x07
2026-09-06T14:37:19.162-03:00,202,0,0,50,3374,0,40000,3500,0,40000,0x07
2026-09-06T14:37:19.183-03:00,203,0,0,50,3374,0,40000,3500,0,40000,0x07
2026-09-06T14:37:19.203-03:00,204,0,0,50,3374,0,40000,3500,0,40000,0x07
2026-09-06T14:37:19.221-03:00,205,0,0,53,3374,0,40000,3500,0,40000,0x07
2026-09-06T14:37:19.242-03:00,206,0,0,53,3374,0,40000,3500,0,40000,0x07
2026-09-06T14:37:19.260-03:00,207,0,0,50,3374,0,40000,3500,0,40000,0x07
2026-09-06T14:37:19.283-03:00,208,0,0,50,3374,0,40000,3500,0,40000,0x07
2026-09-06T14:37:19.301-03:00,209,0,0,50,3374,0,40000,3500,0,40000,0x07
2026-09-06T14:37:19.320-03:00,210,0,0,51,3374,0,40000,3500,0,40000,0x07
2026-09-06T14:37:19.343-03:00,211,0,0,51,3374,0,40000,3500,0,40000,0x07
2026-09-06T14:37:19.360-03:00,212,0,0,50,3374,0,40000,3500,0,40000,0x07
2026-09-06T14:37:19.381-03:00,213,0,0,50,3374,0,40000,3500,0,40000,0x07
2026-09-06T14:37:19.403-03:00,214,0,0,50,3374,0,40000,3500,0,40000,0x07
2026-09-06T14:37:19.419-03:00,215,0,0,53,3374,0,40000,3500,0,40000,0x07
2026-09-06T14:37:19.439-03:00,216,0,0,53,3374,0,40000,3500,0,40000,0x07
2026-09-06T14:37:19.462-03:00,217,0,0,55,3374,0,40000,3500,0,40000,0x07
2026-09-06T14:37:19.483-03:00,218,0,0,55,3374,0,40000,3500,0,40000,0x07
2026-09-06T14:37:19.503-03:00,219,0,0,55,3374,0,40000,3500,0,40000,0x07
2026-09-06T14:37:19.521-03:00,220,0,0,51,3374,0,40000,3500,0,40000,0x07
2026-09-06T14:37:19.540-03:00,221,0,0,51,3374,0,40000,3500,0,40000,0x07
2026-09-06T14:37:19.558-03:00,222,0,0,51,3374,0,40000,3500,0,40000,0x07
2026-09-06T14:37:19.582-03:00,223,0,0,54,3374,0,40000,3500,0,40000,0x07
2026-09-06T14:37:19.600-03:00,224,0,0,54,3374,0,40000,3500,0,40000,0x07
2026-09-06T14:37:19.618-03:00,225,0,0,50,3374,0,40000,3500,0,40000,0x07
2026-09-06T14:37:19.638-03:00,226,0,0,50,3374,0,40000,3500,0,40000,0x07
2026-09-06T14:37:19.659-03:00,227,0,0,50,3374,0,40000,3500,0,40000,0x07
2026-09-06T14:37:19.683-03:00,228,0,0,51,3374,0,40000,3500,0,40000,0x07
2026-09-06T14:37:19.700-03:00,229,0,0,51,3374,0,40000,3500,0,40000,0x07
2026-09-06T14:37:19.723-03:00,230,0,0,51,3374,0,40000,3500,0,40000,0x07
2026-09-06T14:37:19.741-03:00,231,0,0,53,3374,0,40000,3500,0,40000,0x07
2026-09-06T14:37:19.762-03:00,232,0,0,53,3374,0,40000,3500,0,40000,0x07
2026-09-06T14:37:19.780-03:00,233,0,0,52,3374,0,40000,3500,0,40000,0x07
2026-09-06T14:37:19.799-03:00,234,0,0,52,3374,0,40000,3500,0,40000,0x07
2026-09-06T14:37:19.822-03:00,235,0,0,52,3374,0,40000,3500,0,40000,0x07
2026-09-06T14:37:19.839-03:00,236,0,0,51,3374,0,40000,3500,0,40000,0x07
2026-09-06T14:37:19.860-03:00,237,0,0,51,3374,0,40000,3500,0,40000,0x07
2026-09-06T14:37:19.878-03:00,238,0,0,55,3374,0,40000,3500,0,40000,0x07
2026-09-06T14:37:19.902-03:00,239,0,0,55,3374,0,40000,3500,0,40000,0x07
2026-09-06T14:37:19.920-03:00,240,0,0,55,3374,0,40000,3500,0,40000,0x07
2026-09-06T14:37:19.942-03:00,241,0,0,51,3374,0,40000,3500,0,40000,0x07
2026-09-06T14:37:19.962-03:00,242,0,0,51,3374,0,40000,3500,0,40000,0x07
2026-09-06T14:37:19.981-03:00,243,0,0,51,3374,0,40000,3500,0,40000,0x07
2026-09-06T14:37:19.999-03:00,244,0,0,54,3374,0,40000,3500,0,40000,0x07
2026-09-06T14:37:20.023-03:00,245,0,0,54,3374,0,40000,3500,0,40000,0x07
2026-09-06T14:37:20.041-03:00,246,0,0,55,3374,0,40000,3500,0,40000,0x07
2026-09-06T14:37:20.060-03:00,247,0,0,55,3374,0,40000,3500,0,40000,0x07
2026-09-06T14:37:20.080-03:00,248,0,0,55,3374,0,40000,3500,0,40000,0x07
2026-09-06T14:37:20.122-03:00,249,0,0,51,3374,0,40000,3500,0,40000,0x07
2026-09-06T14:37:20.140-03:00,250,0,0,51,3374,0,40000,3500,0,40000,0x07
2026-09-06T14:37:20.163-03:00,251,0,0,51,3374,0,40000,3500,0,40000,0x07
2026-09-06T14:37:20.182-03:00,252,0,0,53,3374,0,40000,3500,0,40000,0x07
2026-09-06T14:37:20.202-03:00,253,0,0,56,3374,0,40000,3500,0,40000,0x07
2026-09-06T14:37:20.220-03:00,255,0,0,56,3374,0,40000,3500,0,40000,0x07
2026-09-06T14:37:20.243-03:00,256,0,0,56,3374,0,40000,3500,0,40000,0x07
2026-09-06T14:37:20.258-03:00,257,0,0,52,3374,0,40000,3500,0,40000,0x07
2026-09-06T14:37:20.281-03:00,258,0,0,52,3374,0,40000,3500,0,40000,0x07
2026-09-06T14:37:20.300-03:00,259,0,0,52,3374,0,40000,3500,0,40000,0x07
2026-09-06T14:37:20.323-03:00,260,0,0,52,3374,0,40000,3500,0,40000,0x07
2026-09-06T14:37:20.342-03:00,261,0,0,52,3374,0,40000,3500,0,40000,0x07
2026-09-06T14:37:20.360-03:00,262,0,0,57,3374,0,40000,3500,0,40000,0x07
2026-09-06T14:37:20.383-03:00,263,0,0,57,3374,0,40000,3500,0,40000,0x07
2026-09-06T14:37:20.401-03:00,264,0,0,57,3374,0,40000,3500,0,40000,0x07
2026-09-06T14:37:20.421-03:00,265,0,0,51,3374,0,40000,3500,0,40000,0x07
2026-09-06T14:37:20.439-03:00,266,0,0,51,3374,0,40000,3500,0,40000,0x07
2026-09-06T14:37:20.460-03:00,267,0,0,51,3374,0,40000,3500,0,40000,0x07
2026-09-06T14:37:20.483-03:00,268,0,0,53,3374,0,40000,3500,0,40000,0x07
2026-09-06T14:37:20.500-03:00,269,0,0,53,3374,0,40000,3500,0,40000,0x07
2026-09-06T14:37:20.521-03:00,270,0,0,55,3374,0,40000,3500,0,40000,0x07
2026-09-06T14:37:20.539-03:00,271,0,0,55,3374,0,40000,3500,0,40000,0x07
2026-09-06T14:37:20.563-03:00,272,0,0,55,3374,0,40000,3500,0,40000,0x07
2026-09-06T14:37:20.583-03:00,273,0,0,52,3374,0,40000,3500,0,40000,0x07
2026-09-06T14:37:20.601-03:00,274,0,0,52,3374,0,40000,3500,0,40000,0x07
2026-09-06T14:37:20.620-03:00,275,0,0,52,3374,0,40000,3500,0,40000,0x07
2026-09-06T14:37:20.643-03:00,276,0,0,54,3374,0,40000,3500,0,40000,0x07
2026-09-06T14:37:20.661-03:00,277,0,0,54,3374,0,40000,3500,0,40000,0x07
2026-09-06T14:37:20.679-03:00,278,0,0,55,3374,0,40000,3500,0,40000,0x07
2026-09-06T14:37:20.702-03:00,279,0,0,55,3374,0,40000,3500,0,40000,0x07
2026-09-06T14:37:20.721-03:00,280,0,0,55,3374,0,40000,3500,0,40000,0x07
2026-09-06T14:37:20.739-03:00,281,0,0,51,3374,0,40000,3500,0,40000,0x07
2026-09-06T14:37:20.763-03:00,282,0,0,51,3374,0,40000,3500,0,40000,0x07
2026-09-06T14:37:20.781-03:00,283,0,0,51,3374,0,40000,3500,0,40000,0x07
2026-09-06T14:37:20.799-03:00,284,0,0,52,3374,0,40000,3500,0,40000,0x07
2026-09-06T14:37:20.818-03:00,285,0,0,52,3374,0,40000,3500,0,40000,0x07
2026-09-06T14:37:20.841-03:00,286,0,0,50,3374,0,40000,3500,0,40000,0x07
2026-09-06T14:37:20.859-03:00,287,0,0,50,3374,0,40000,3500,0,40000,0x07
2026-09-06T14:37:20.882-03:00,288,0,0,50,3374,0,40000,3500,0,40000,0x07
2026-09-06T14:37:20.899-03:00,289,0,0,50,3374,0,40000,3500,0,40000,0x07
2026-09-06T14:37:20.923-03:00,290,0,0,50,3374,0,40000,3500,0,40000,0x07
2026-09-06T14:37:20.941-03:00,291,0,0,57,3374,0,40000,3500,0,40000,0x07
2026-09-06T14:37:20.959-03:00,292,0,0,57,3374,0,40000,3500,0,40000,0x07
2026-09-06T14:37:20.981-03:00,293,0,0,57,3374,0,40000,3500,0,40000,0x07
2026-09-06T14:37:20.999-03:00,294,0,0,51,3374,0,40000,3500,0,40000,0x07
2026-09-06T14:37:21.023-03:00,295,0,0,51,3374,0,40000,3500,0,40000,0x07
2026-09-06T14:37:21.041-03:00,296,0,0,51,3374,0,40000,3500,0,40000,0x07
2026-09-06T14:37:21.059-03:00,297,0,0,53,3374,0,40000,3500,0,40000,0x07
2026-09-06T14:37:21.083-03:00,298,0,0,53,3374,0,40000,3500,0,40000,0x07
2026-09-06T14:37:21.120-03:00,299,0,0,55,3374,0,40000,3500,0,40000,0x07
2026-09-06T14:37:21.120-03:00,300,0,0,55,3374,0,40000,3500,0,40000,0x07
2026-09-06T14:37:21.140-03:00,301,0,0,55,3374,0,40000,3500,0,40000,0x07
2026-09-06T14:37:21.159-03:00,302,0,0,50,3374,0,40000,3500,0,40000,0x07
2026-09-06T14:37:21.182-03:00,303,0,0,50,3374,0,40000,3500,0,40000,0x07
2026-09-06T14:37:21.200-03:00,304,0,0,50,3374,0,40000,3500,0,40000,0x07
2026-09-06T14:37:21.218-03:00,305,0,0,50,3374,0,40000,3500,0,40000,0x07
2026-09-06T14:37:21.242-03:00,306,0,0,50,3374,0,40000,3500,0,40000,0x07
2026-09-06T14:37:21.260-03:00,307,0,0,50,3374,0,40000,3500,0,40000,0x07
2026-09-06T14:37:21.278-03:00,308,0,0,50,3374,0,40000,3500,0,40000,0x07
2026-09-06T14:37:21.301-03:00,309,0,0,51,3374,0,40000,3500,0,40000,0x07
2026-09-06T14:37:21.322-03:00,310,0,0,51,3374,0,40000,3500,0,40000,0x07
2026-09-06T14:37:21.340-03:00,311,0,0,51,3374,0,40000,3500,0,40000,0x07
2026-09-06T14:37:21.360-03:00,312,0,0,50,3374,0,40000,3500,0,40000,0x07
2026-09-06T14:37:21.383-03:00,313,0,0,50,3374,0,40000,3500,0,40000,0x07
2026-09-06T14:37:21.401-03:00,314,0,0,50,3374,0,40000,3500,0,40000,0x07
2026-09-06T14:37:21.418-03:00,315,0,0,52,3374,0,40000,3500,0,40000,0x07
2026-09-06T14:37:21.442-03:00,316,0,0,52,3374,0,40000,3500,0,40000,0x07
2026-09-06T14:37:21.460-03:00,317,0,0,51,3374,0,40000,3500,0,40000,0x07
2026-09-06T14:37:21.483-03:00,318,0,0,51,3374,0,40000,3500,0,40000,0x07
2026-09-06T14:37:21.498-03:00,319,0,0,51,3374,0,40000,3500,0,40000,0x07
2026-09-06T14:37:21.522-03:00,320,0,0,51,3374,0,40000,3500,0,40000,0x07
2026-09-06T14:37:21.542-03:00,321,0,0,51,3374,0,40000,3500,0,40000,0x07
2026-09-06T14:37:21.561-03:00,322,0,0,54,3374,0,40000,3500,0,40000,0x07
2026-09-06T14:37:21.581-03:00,323,0,0,54,3374,0,40000,3500,0,40000,0x07
2026-09-06T14:37:21.601-03:00,324,0,0,54,3374,0,40000,3500,0,40000,0x07
2026-09-06T14:37:21.619-03:00,325,0,0,51,3374,0,40000,3500,0,40000,0x07
2026-09-06T14:37:21.643-03:00,326,0,0,51,3374,0,40000,3500,0,40000,0x07
2026-09-06T14:37:21.661-03:00,327,0,0,52,3374,0,40000,3500,0,40000,0x07
2026-09-06T14:37:21.679-03:00,328,0,0,52,3374,0,40000,3500,0,40000,0x07
2026-09-06T14:37:21.703-03:00,329,0,0,52,3374,0,40000,3500,0,40000,0x07
2026-09-06T14:37:21.721-03:00,330,0,0,52,3374,0,40000,3500,0,40000,0x07
2026-09-06T14:37:21.743-03:00,331,0,0,52,3374,0,40000,3500,0,40000,0x07
2026-09-06T14:37:21.761-03:00,332,0,0,52,3374,0,40000,3500,0,40000,0x07
2026-09-06T14:37:21.780-03:00,333,0,0,53,3374,0,40000,3500,0,40000,0x07
2026-09-06T14:37:21.803-03:00,334,0,0,53,3374,0,40000,3500,0,40000,0x07
2026-09-06T14:37:21.821-03:00,335,0,0,53,3374,0,40000,3500,0,40000,0x07
2026-09-06T14:37:21.839-03:00,336,0,0,53,3374,0,40000,3500,0,40000,0x07
2026-09-06T14:37:21.863-03:00,337,0,0,53,3374,0,40000,3500,0,40000,0x07
2026-09-06T14:37:21.880-03:00,338,0,0,51,3374,0,40000,3500,0,40000,0x07
2026-09-06T14:37:21.899-03:00,339,0,0,51,3374,0,40000,3500,0,40000,0x07
2026-09-06T14:37:21.922-03:00,340,0,0,52,3374,0,40000,3500,0,40000,0x07
2026-09-06T14:37:21.940-03:00,341,0,0,52,3374,0,40000,3500,0,40000,0x07
2026-09-06T14:37:21.959-03:00,342,0,0,52,3374,0,40000,3500,0,40000,0x07
2026-09-06T14:37:21.982-03:00,343,0,0,51,3374,0,40000,3500,0,40000,0x07
2026-09-06T14:37:22.000-03:00,344,0,0,51,3374,0,40000,3500,0,40000,0x07
2026-09-06T14:37:22.019-03:00,345,0,0,51,3374,0,40000,3500,0,40000,0x07
2026-09-06T14:37:22.043-03:00,346,0,0,52,3374,0,40000,3500,0,40000,0x07
2026-09-06T14:37:22.061-03:00,347,0,0,52,3374,0,40000,3500,0,40000,0x07
2026-09-06T14:37:22.079-03:00,348,0,0,52,3374,0,40000,3500,0,40000,0x07
2026-09-06T14:37:22.103-03:00,349,0,0,52,3374,0,40000,3500,0,40000,0x07
2026-09-06T14:37:22.120-03:00,350,0,0,52,3374,0,40000,3500,0,40000,0x07
2026-09-06T14:37:22.139-03:00,351,0,0,52,3374,0,40000,3500,0,40000,0x07
2026-09-06T14:37:22.159-03:00,352,0,0,52,3374,0,40000,3500,0,40000,0x07
2026-09-06T14:37:22.182-03:00,353,0,0,51,3374,0,40000,3500,0,40000,0x07
2026-09-06T14:37:22.202-03:00,354,0,0,51,3374,0,40000,3500,0,40000,0x07
2026-09-06T14:37:22.220-03:00,355,0,0,51,3374,0,40000,3500,0,40000,0x07
2026-09-06T14:37:22.243-03:00,356,0,0,51,3374,0,40000,3500,0,40000,0x07
2026-09-06T14:37:22.261-03:00,357,0,0,51,3374,0,40000,3500,0,40000,0x07
2026-09-06T14:37:22.281-03:00,358,0,0,51,3374,0,40000,3500,0,40000,0x07
2026-09-06T14:37:22.299-03:00,359,0,0,51,3374,0,40000,3500,0,40000,0x07
2026-09-06T14:37:22.320-03:00,360,0,0,51,3374,0,40000,3500,0,40000,0x07
2026-09-06T14:37:22.343-03:00,361,0,0,50,3374,0,40000,3500,0,40000,0x07
2026-09-06T14:37:22.361-03:00,362,0,0,50,3374,0,40000,3500,0,40000,0x07
2026-09-06T14:37:22.379-03:00,363,0,0,50,3374,0,40000,3500,0,40000,0x07
2026-09-06T14:37:22.402-03:00,364,0,0,51,3374,0,40000,3500,0,40000,0x07
2026-09-06T14:37:22.420-03:00,365,0,0,51,3374,0,40000,3500,0,40000,0x07
2026-09-06T14:37:22.439-03:00,366,0,0,54,3374,0,40000,3500,0,40000,0x07
2026-09-06T14:37:22.458-03:00,367,0,0,54,3374,0,40000,3500,0,40000,0x07
2026-09-06T14:37:22.479-03:00,368,0,0,54,3374,0,40000,3500,0,40000,0x07
2026-09-06T14:37:22.501-03:00,369,0,0,52,3374,0,40000,3500,0,40000,0x07
2026-09-06T14:37:22.522-03:00,370,0,0,52,3374,0,40000,3500,0,40000,0x07
2026-09-06T14:37:22.540-03:00,371,0,0,50,3374,0,40000,3500,0,40000,0x07
2026-09-06T14:37:22.562-03:00,372,0,0,50,3374,0,40000,3500,0,40000,0x07
2026-09-06T14:37:22.580-03:00,373,0,0,50,3374,0,40000,3500,0,40000,0x07
2026-09-06T14:37:22.598-03:00,374,0,0,51,3374,0,40000,3500,0,40000,0x07
2026-09-06T14:37:22.620-03:00,375,0,0,51,3374,0,40000,3500,0,40000,0x07
2026-09-06T14:37:22.662-03:00,376,0,0,50,3374,0,40000,3500,0,40000,0x07
2026-09-06T14:37:22.662-03:00,377,0,0,50,3374,0,40000,3500,0,40000,0x07
2026-09-06T14:37:22.679-03:00,378,0,0,50,3374,0,40000,3500,0,40000,0x07
2026-09-06T14:37:22.703-03:00,379,0,0,51,3374,0,40000,3500,0,40000,0x07
2026-09-06T14:37:22.722-03:00,380,0,0,51,3374,0,40000,3500,0,40000,0x07
2026-09-06T14:37:22.740-03:00,381,0,0,51,3374,0,40000,3500,0,40000,0x07
2026-09-06T14:37:22.758-03:00,382,0,0,51,3374,0,40000,3500,0,40000,0x07
2026-09-06T14:37:22.782-03:00,383,0,0,51,3374,0,40000,3500,0,40000,0x07
2026-09-06T14:37:22.800-03:00,384,0,0,51,3374,0,40000,3500,0,40000,0x07
2026-09-06T14:37:22.819-03:00,385,0,0,51,3374,0,40000,3500,0,40000,0x07
2026-09-06T14:37:22.842-03:00,386,0,0,51,3374,0,40000,3500,0,40000,0x07
2026-09-06T14:37:22.862-03:00,387,0,0,51,3374,0,40000,3500,0,40000,0x07
2026-09-06T14:37:22.881-03:00,388,0,0,51,3374,0,40000,3500,0,40000,0x07
2026-09-06T14:37:22.899-03:00,389,0,0,50,3374,0,40000,3500,0,40000,0x07
2026-09-06T14:37:22.922-03:00,390,0,0,50,3374,0,40000,3500,0,40000,0x07
2026-09-06T14:37:22.943-03:00,391,0,0,50,3374,0,40000,3500,0,40000,0x07
2026-09-06T14:37:22.961-03:00,392,0,0,51,3374,0,40000,3500,0,40000,0x07
2026-09-06T14:37:22.980-03:00,393,0,0,51,3374,0,40000,3500,0,40000,0x07
2026-09-06T14:37:23.000-03:00,394,0,0,56,3374,0,40000,3500,0,40000,0x07
2026-09-06T14:37:23.019-03:00,395,0,0,56,3374,0,40000,3500,0,40000,0x07
2026-09-06T14:37:23.042-03:00,396,0,0,56,3374,0,40000,3500,0,40000,0x07
2026-09-06T14:37:23.060-03:00,397,0,0,51,3374,0,40000,3500,0,40000,0x07
2026-09-06T14:37:23.078-03:00,398,0,0,51,3374,0,40000,3500,0,40000,0x07
2026-09-06T14:37:23.101-03:00,399,0,0,56,3374,0,40000,3500,0,40000,0x07
2026-09-06T14:37:23.121-03:00,400,0,0,56,3374,0,40000,3500,0,40000,0x07
2026-09-06T14:37:23.141-03:00,401,0,0,56,3374,0,40000,3500,0,40000,0x07
2026-09-06T14:37:23.159-03:00,402,0,0,52,3374,0,40000,3500,0,40000,0x07
2026-09-06T14:37:23.183-03:00,403,0,0,52,3374,0,40000,3500,0,40000,0x07
2026-09-06T14:37:23.203-03:00,404,0,0,52,3374,0,40000,3500,0,40000,0x07
2026-09-06T14:37:23.221-03:00,405,0,0,50,3374,0,40000,3500,0,40000,0x07
2026-09-06T14:37:23.239-03:00,406,0,0,50,3374,0,40000,3500,0,40000,0x07
2026-09-06T14:37:23.263-03:00,407,0,0,52,3374,0,40000,3500,0,40000,0x07
2026-09-06T14:37:23.281-03:00,408,0,0,52,3374,0,40000,3500,0,40000,0x07
2026-09-06T14:37:23.301-03:00,409,0,0,52,3374,0,40000,3500,0,40000,0x07
2026-09-06T14:37:23.319-03:00,410,0,0,51,3374,0,40000,3500,0,40000,0x07
2026-09-06T14:37:23.343-03:00,411,0,0,51,3374,0,40000,3500,0,40000,0x07
2026-09-06T14:37:23.361-03:00,412,0,0,51,3374,0,40000,3500,0,40000,0x07
2026-09-06T14:37:23.380-03:00,413,0,0,51,3374,0,40000,3500,0,40000,0x07
2026-09-06T14:37:23.403-03:00,414,0,0,51,3374,0,40000,3500,0,40000,0x07
2026-09-06T14:37:23.440-03:00,415,0,0,50,3374,0,40000,3500,0,40000,0x07
2026-09-06T14:37:23.440-03:00,416,0,0,50,3374,0,40000,3500,0,40000,0x07
2026-09-06T14:37:23.459-03:00,417,0,0,50,3374,0,40000,3500,0,40000,0x07
2026-09-06T14:37:23.483-03:00,418,0,0,52,3374,0,40000,3500,0,40000,0x07
2026-09-06T14:37:23.503-03:00,419,0,0,52,3374,0,40000,3500,0,40000,0x07
2026-09-06T14:37:23.521-03:00,420,0,0,53,3374,0,40000,3500,0,40000,0x07
2026-09-06T14:37:23.539-03:00,421,0,0,53,3374,0,40000,3500,0,40000,0x07
2026-09-06T14:37:23.563-03:00,422,0,0,53,3374,0,40000,3500,0,40000,0x07
2026-09-06T14:37:23.581-03:00,423,0,0,51,3374,0,40000,3500,0,40000,0x07
2026-09-06T14:37:23.599-03:00,424,0,0,51,3374,0,40000,3500,0,40000,0x07
2026-09-06T14:37:23.623-03:00,425,0,0,52,3374,0,40000,3500,0,40000,0x07
2026-09-06T14:37:23.641-03:00,426,0,0,52,3374,0,40000,3500,0,40000,0x07
2026-09-06T14:37:23.659-03:00,427,0,0,52,3374,0,40000,3500,0,40000,0x07
2026-09-06T14:37:23.683-03:00,428,0,0,51,3374,0,40000,3500,0,40000,0x07
2026-09-06T14:37:23.702-03:00,429,0,0,51,3374,0,40000,3500,0,40000,0x07
2026-09-06T14:37:23.720-03:00,430,0,0,51,3374,0,40000,3500,0,40000,0x07
2026-09-06T14:37:23.739-03:00,431,0,0,50,3374,0,40000,3500,0,40000,0x07
2026-09-06T14:37:23.759-03:00,432,0,0,50,3374,0,40000,3500,0,40000,0x07
2026-09-06T14:37:23.782-03:00,433,0,0,50,3374,0,40000,3500,0,40000,0x07
2026-09-06T14:37:23.800-03:00,434,0,0,50,3374,0,40000,3500,0,40000,0x07
2026-09-06T14:37:23.818-03:00,435,0,0,50,3374,0,40000,3500,0,40000,0x07
2026-09-06T14:37:23.842-03:00,436,0,0,52,3374,0,40000,3500,0,40000,0x07
2026-09-06T14:37:23.859-03:00,437,0,0,52,3374,0,40000,3500,0,40000,0x07
2026-09-06T14:37:23.883-03:00,438,0,0,51,3374,0,40000,3500,0,40000,0x07
2026-09-06T14:37:23.901-03:00,439,0,0,51,3374,0,40000,3500,0,40000,0x07
2026-09-06T14:37:23.921-03:00,440,0,0,51,3374,0,40000,3500,0,40000,0x07
2026-09-06T14:37:23.939-03:00,441,0,0,51,3374,0,40000,3500,0,40000,0x07
2026-09-06T14:37:23.962-03:00,442,0,0,51,3374,0,40000,3500,0,40000,0x07
2026-09-06T14:37:23.983-03:00,443,0,0,52,3374,0,40000,3500,0,40000,0x07
2026-09-06T14:37:24.003-03:00,444,0,0,52,3374,0,40000,3500,0,40000,0x07
2026-09-06T14:37:24.021-03:00,445,0,0,52,3374,0,40000,3500,0,40000,0x07
2026-09-06T14:37:24.039-03:00,446,0,0,51,3374,0,40000,3500,0,40000,0x07
2026-09-06T14:37:24.062-03:00,447,0,0,51,3374,0,40000,3500,0,40000,0x07
2026-09-06T14:37:24.081-03:00,448,0,0,50,3374,0,40000,3500,0,40000,0x07
2026-09-06T14:37:24.101-03:00,449,0,0,50,3374,0,40000,3500,0,40000,0x07
2026-09-06T14:37:24.120-03:00,450,0,0,50,3374,0,40000,3500,0,40000,0x07
2026-09-06T14:37:24.143-03:00,451,0,0,51,3374,0,40000,3500,0,40000,0x07
2026-09-06T14:37:24.162-03:00,452,0,0,51,3374,0,40000,3500,0,40000,0x07
2026-09-06T14:37:24.180-03:00,453,0,0,51,3374,0,40000,3500,0,40000,0x07
2026-09-06T14:37:24.199-03:00,454,0,0,51,3374,0,40000,3500,0,40000,0x07
2026-09-06T14:37:24.222-03:00,455,0,0,51,3374,0,40000,3500,0,40000,0x07
2026-09-06T14:37:24.241-03:00,456,0,0,50,3374,0,40000,3500,0,40000,0x07
2026-09-06T14:37:24.261-03:00,457,0,0,50,3374,0,40000,3500,0,40000,0x07
2026-09-06T14:37:24.279-03:00,458,0,0,50,3374,0,40000,3500,0,40000,0x07
2026-09-06T14:37:24.303-03:00,459,0,0,53,3374,0,40000,3500,0,40000,0x07
2026-09-06T14:37:24.320-03:00,460,0,0,53,3374,0,40000,3500,0,40000,0x07
2026-09-06T14:37:24.339-03:00,461,0,0,52,3374,0,40000,3500,0,40000,0x07
2026-09-06T14:37:24.359-03:00,462,0,0,52,3374,0,40000,3500,0,40000,0x07
2026-09-06T14:37:24.379-03:00,463,0,0,52,3374,0,40000,3500,0,40000,0x07
2026-09-06T14:37:24.402-03:00,464,0,0,51,3374,0,40000,3500,0,40000,0x07
2026-09-06T14:37:24.420-03:00,465,0,0,51,3374,0,40000,3500,0,40000,0x07
2026-09-06T14:37:24.438-03:00,466,0,0,51,3374,0,40000,3500,0,40000,0x07
2026-09-06T14:37:24.462-03:00,467,0,0,53,3374,0,40000,3500,0,40000,0x07
2026-09-06T14:37:24.479-03:00,468,0,0,53,3374,0,40000,3500,0,40000,0x07
2026-09-06T14:37:24.503-03:00,469,0,0,50,3374,0,40000,3500,0,40000,0x07
2026-09-06T14:37:24.522-03:00,470,0,0,50,3374,0,40000,3500,0,40000,0x07
2026-09-06T14:37:24.540-03:00,471,0,0,50,3374,0,40000,3500,0,40000,0x07
2026-09-06T14:37:24.558-03:00,472,0,0,51,3374,0,40000,3500,0,40000,0x07
2026-09-06T14:37:24.579-03:00,473,0,0,51,3374,0,40000,3500,0,40000,0x07
2026-09-06T14:37:24.603-03:00,474,0,0,51,3374,0,40000,3500,0,40000,0x07
2026-09-06T14:37:24.621-03:00,475,0,0,51,3374,0,40000,3500,0,40000,0x07
2026-09-06T14:37:24.639-03:00,476,0,0,51,3374,0,40000,3500,0,40000,0x07
2026-09-06T14:37:24.659-03:00,477,0,0,51,3374,0,40000,3500,0,40000,0x07
2026-09-06T14:37:24.679-03:00,478,0,0,51,3374,0,40000,3500,0,40000,0x07
2026-09-06T14:37:24.703-03:00,479,0,0,55,3374,0,40000,3500,0,40000,0x07
2026-09-06T14:37:24.723-03:00,480,0,0,55,3374,0,40000,3500,0,40000,0x07
2026-09-06T14:37:24.743-03:00,481,0,0,55,3374,0,40000,3500,0,40000,0x07
2026-09-06T14:37:24.761-03:00,482,0,0,51,3374,0,40000,3500,0,40000,0x07
2026-09-06T14:37:24.779-03:00,483,0,0,51,3374,0,40000,3500,0,40000,0x07
2026-09-06T14:37:24.802-03:00,484,0,0,52,3374,0,40000,3500,0,40000,0x07
2026-09-06T14:37:24.820-03:00,485,0,0,52,3374,0,40000,3500,0,40000,0x07
2026-09-06T14:37:24.838-03:00,486,0,0,52,3374,0,40000,3500,0,40000,0x07
2026-09-06T14:37:24.862-03:00,487,0,0,51,3374,0,40000,3500,0,40000,0x07
2026-09-06T14:37:24.880-03:00,488,0,0,51,3374,0,40000,3500,0,40000,0x07
2026-09-06T14:37:24.898-03:00,489,0,0,51,3374,0,40000,3500,0,40000,0x07
2026-09-06T14:37:24.922-03:00,490,0,0,52,3374,0,40000,3500,0,40000,0x07
2026-09-06T14:37:24.940-03:00,491,0,0,52,3374,0,40000,3500,0,40000,0x07
2026-09-06T14:37:24.960-03:00,492,0,0,51,3374,0,40000,3500,0,40000,0x07
2026-09-06T14:37:24.978-03:00,493,0,0,51,3374,0,40000,3500,0,40000,0x07
2026-09-06T14:37:25.002-03:00,494,0,0,51,3374,0,40000,3500,0,40000,0x07
2026-09-06T14:37:25.020-03:00,495,0,0,51,3374,0,40000,3500,0,40000,0x07
2026-09-06T14:37:25.041-03:00,496,0,0,51,3374,0,40000,3500,0,40000,0x07
2026-09-06T14:37:25.085-03:00,497,0,0,55,3374,0,40000,3500,0,40000,0x07
2026-09-06T14:37:25.131-03:00,498,0,0,55,3374,0,40000,3500,0,40000,0x07
2026-09-06T14:37:25.175-03:00,499,0,0,55,3374,0,40000,3500,0,40000,0x07
2026-09-06T14:37:25.219-03:00,500,0,0,52,3374,0,40000,3500,0,40000,0x07
2026-09-06T14:37:25.260-03:00,501,0,0,50,0,0,0,0,0,0,0x03
