timestamp,sequence,team,robot_id,interval_ms,left_target_eps,left_measured_eps,left_duty,right_target_eps,right_measured_eps,right_duty,flags
2026-09-06T21:14:47.559,642,0,1,51,2077,39,28520,1899,20,26096,0x07
2026-09-06T21:14:47.644,645,0,2,51,0,0,0,0,0,0,0x03
2026-09-06T21:14:47.644,644,0,1,51,2440,235,32262,2261,0,30785,0x07
2026-09-06T21:14:47.709,647,0,2,51,0,0,0,0,0,0,0x03
2026-09-06T21:14:47.709,646,0,1,54,2588,500,33003,2372,0,32191,0x07
2026-09-06T21:14:47.774,649,0,2,50,0,0,0,0,0,0,0x03
2026-09-06T21:14:47.774,648,0,1,50,0,0,0,0,0,0,0x03
2026-09-06T21:14:47.839,1,0,2,50,0,0,0,0,0,0,0x03
2026-09-06T21:14:47.839,0,0,1,50,0,0,0,0,0,0,0x03
2026-09-06T21:14:47.904,3,0,2,52,0,0,0,0,0,0,0x03
2026-09-06T21:14:47.904,2,0,1,50,0,0,0,0,0,0,0x03
2026-09-06T21:14:47.968,5,0,2,52,0,0,0,0,0,0,0x03
2026-09-06T21:14:47.969,4,0,1,50,0,0,0,0,0,0,0x03
2026-09-06T21:14:48.034,7,0,2,50,0,0,0,0,0,0,0x03
2026-09-06T21:14:48.034,6,0,1,50,0,0,0,0,0,0,0x03
2026-09-06T21:14:48.099,9,0,2,52,0,0,0,0,0,0,0x03
2026-09-06T21:14:48.099,8,0,1,50,0,0,0,0,0,0,0x03
2026-09-06T21:14:48.180,11,0,2,50,0,0,0,0,0,0,0x03
2026-09-06T21:14:48.180,10,0,1,50,0,0,0,0,0,0,0x03
2026-09-06T21:14:48.245,13,0,2,50,0,0,0,0,0,0,0x03
2026-09-06T21:14:48.245,12,0,1,51,0,0,0,0,0,0,0x03
2026-09-06T21:14:48.310,15,0,2,53,0,0,0,0,0,0,0x03
2026-09-06T21:14:48.311,14,0,1,50,0,0,0,0,0,0,0x03
2026-09-06T21:14:48.375,17,0,2,51,0,0,0,0,0,0,0x03
2026-09-06T21:14:48.375,16,0,1,51,0,0,0,0,0,0,0x03
2026-09-06T21:14:48.440,19,0,2,51,0,0,0,0,0,0,0x03
2026-09-06T21:14:48.440,18,0,1,50,0,0,0,0,0,0,0x03
2026-09-06T21:14:48.505,21,0,2,52,0,0,0,0,0,0,0x03
2026-09-06T21:14:48.506,20,0,1,50,0,0,0,0,0,0,0x03
2026-09-06T21:14:48.570,23,0,2,51,0,0,0,0,0,0,0x03
2026-09-06T21:14:48.570,22,0,1,50,0,0,0,0,0,0,0x03
2026-09-06T21:14:48.636,25,0,2,52,0,0,0,0,0,0,0x03
2026-09-06T21:14:48.636,24,0,1,50,0,0,0,0,0,0,0x03
2026-09-06T21:14:48.717,27,0,2,51,0,0,0,0,0,0,0x03
2026-09-06T21:14:48.717,26,0,1,51,0,0,0,0,0,0,0x03
2026-09-06T21:14:48.782,29,0,2,52,0,0,0,0,0,0,0x03
2026-09-06T21:14:48.782,28,0,1,52,0,0,0,0,0,0,0x03
2026-09-06T21:14:48.848,31,0,2,50,0,0,0,0,0,0,0x03
2026-09-06T21:14:48.848,30,0,1,50,0,0,0,0,0,0,0x03
2026-09-06T21:14:48.913,33,0,2,50,0,0,0,0,0,0,0x03
2026-09-06T21:14:48.913,32,0,1,50,0,0,0,0,0,0,0x03
2026-09-06T21:14:48.979,35,0,2,51,0,0,0,0,0,0,0x03
2026-09-06T21:14:48.979,34,0,1,51,0,0,0,0,0,0,0x03
2026-09-06T21:14:49.044,37,0,2,51,0,0,0,0,0,0,0x03
2026-09-06T21:14:49.044,36,0,1,52,0,0,0,0,0,0,0x03
2026-09-06T21:14:49.108,39,0,2,51,0,0,0,0,0,0,0x03
2026-09-06T21:14:49.108,38,0,1,53,0,0,0,0,0,0,0x03
2026-09-06T21:14:49.173,41,0,2,51,0,0,0,0,0,0,0x03
2026-09-06T21:14:49.173,40,0,1,51,0,0,0,0,0,0,0x03
2026-09-06T21:14:49.238,43,0,2,51,0,0,0,0,0,0,0x03
2026-09-06T21:14:49.238,42,0,1,51,0,0,0,0,0,0,0x03
2026-09-06T21:14:49.320,45,0,2,52,0,0,0,0,0,0,0x03
2026-09-06T21:14:49.320,44,0,1,51,0,0,0,0,0,0,0x03
2026-09-06T21:14:49.385,47,0,2,50,0,0,0,0,0,0,0x03
2026-09-06T21:14:49.385,46,0,1,51,0,0,0,0,0,0,0x03
2026-09-06T21:14:49.450,49,0,2,51,0,0,0,0,0,0,0x03
2026-09-06T21:14:49.450,48,0,1,52,0,0,0,0,0,0,0x03
2026-09-06T21:14:49.515,51,0,2,51,0,0,0,0,0,0,0x03
2026-09-06T21:14:49.516,50,0,1,51,0,0,0,0,0,0,0x03
2026-09-06T21:14:49.581,53,0,2,51,0,0,0,0,0,0,0x03
2026-09-06T21:14:49.581,52,0,1,51,0,0,0,0,0,0,0x03
2026-09-06T21:14:49.646,55,0,2,51,0,0,0,0,0,0,0x03
2026-09-06T21:14:49.646,54,0,1,52,0,0,0,0,0,0,0x03
2026-09-06T21:14:49.711,57,0,2,51,0,0,0,0,0,0,0x03
2026-09-06T21:14:49.711,56,0,1,50,0,0,0,0,0,0,0x03
2026-09-06T21:14:49.777,59,0,2,51,0,0,0,0,0,0,0x03
2026-09-06T21:14:49.777,58,0,1,50,0,0,0,0,0,0,0x03
2026-09-06T21:14:49.842,61,0,2,50,0,0,0,0,0,0,0x03
2026-09-06T21:14:49.842,60,0,1,51,0,0,0,0,0,0,0x03
2026-09-06T21:14:49.907,63,0,2,51,0,0,0,0,0,0,0x03
2026-09-06T21:14:49.907,62,0,1,50,0,0,0,0,0,0,0x03
2026-09-06T21:14:49.988,65,0,2,52,0,0,0,0,0,0,0x03
2026-09-06T21:14:49.988,64,0,1,51,0,0,0,0,0,0,0x03
2026-09-06T21:14:50.053,67,0,2,51,0,0,0,0,0,0,0x03
2026-09-06T21:14:50.053,66,0,1,50,0,0,0,0,0,0,0x03
2026-09-06T21:14:50.118,69,0,2,51,0,0,0,0,0,0,0x03
2026-09-06T21:14:50.118,68,0,1,50,0,0,0,0,0,0,0x03
2026-09-06T21:14:50.183,71,0,2,51,0,0,0,0,0,0,0x03
2026-09-06T21:14:50.183,70,0,1,51,0,0,0,0,0,0,0x03
2026-09-06T21:14:50.248,73,0,2,52,0,0,0,0,0,0,0x03
2026-09-06T21:14:50.248,72,0,1,50,0,0,0,0,0,0,0x03
2026-09-06T21:14:50.313,75,0,2,51,0,0,0,0,0,0,0x03
2026-09-06T21:14:50.313,74,0,1,51,0,0,0,0,0,0,0x03
2026-09-06T21:14:50.379,77,0,2,50,0,0,0,0,0,0,0x03
2026-09-06T21:14:50.379,76,0,1,51,0,0,0,0,0,0,0x03
2026-09-06T21:14:50.443,79,0,2,51,0,0,0,0,0,0,0x03
2026-09-06T21:14:50.443,78,0,1,51,0,0,0,0,0,0,0x03
2026-09-06T21:14:50.524,81,0,2,50,0,0,0,0,0,0,0x03
2026-09-06T21:14:50.524,80,0,1,50,0,0,0,0,0,0,0x03
2026-09-06T21:14:50.590,83,0,2,50,0,0,0,0,0,0,0x03
2026-09-06T21:14:50.590,82,0,1,51,0,0,0,0,0,0,0x03
2026-09-06T21:14:50.654,85,0,2,52,0,0,0,0,0,0,0x03
2026-09-06T21:14:50.654,84,0,1,50,0,0,0,0,0,0,0x03
2026-09-06T21:14:50.720,87,0,2,51,0,0,0,0,0,0,0x03
2026-09-06T21:14:50.720,86,0,1,51,0,0,0,0,0,0,0x03
2026-09-06T21:14:50.785,89,0,2,51,0,0,0,0,0,0,0x03
2026-09-06T21:14:50.785,88,0,1,53,0,0,0,0,0,0,0x03
2026-09-06T21:14:50.850,91,0,2,52,0,0,0,0,0,0,0x03
2026-09-06T21:14:50.850,90,0,1,50,0,0,0,0,0,0,0x03
2026-09-06T21:14:50.915,93,0,2,51,0,0,0,0,0,0,0x03
2026-09-06T21:14:50.915,92,0,1,51,0,0,0,0,0,0,0x03
2026-09-06T21:14:50.981,95,0,2,50,0,0,0,0,0,0,0x03
2026-09-06T21:14:50.981,94,0,1,51,0,0,0,0,0,0,0x03
2026-09-06T21:14:51.062,97,0,2,51,0,0,0,0,0,0,0x03
2026-09-06T21:14:51.062,96,0,1,50,0,0,0,0,0,0,0x03
2026-09-06T21:14:51.127,99,0,2,50,0,0,0,0,0,0,0x03
2026-09-06T21:14:51.127,98,0,1,51,0,0,0,0,0,0,0x03
2026-09-06T21:14:51.193,101,0,2,51,0,0,0,0,0,0,0x03
2026-09-06T21:14:51.193,100,0,1,50,0,0,0,0,0,0,0x03
2026-09-06T21:14:51.257,103,0,2,52,0,0,0,0,0,0,0x03
2026-09-06T21:14:51.257,102,0,1,51,0,0,0,0,0,0,0x03
2026-09-06T21:14:51.322,105,0,2,51,0,0,0,0,0,0,0x03
2026-09-06T21:14:51.322,104,0,1,51,0,0,0,0,0,0,0x03
2026-09-06T21:14:51.387,107,0,2,52,0,0,0,0,0,0,0x03
2026-09-06T21:14:51.387,106,0,1,52,0,0,0,0,0,0,0x03
2026-09-06T21:14:51.452,109,0,2,51,0,0,0,0,0,0,0x03
2026-09-06T21:14:51.452,108,0,1,51,0,0,0,0,0,0,0x03
2026-09-06T21:14:51.518,111,0,2,54,0,0,0,0,0,0,0x03
2026-09-06T21:14:51.518,110,0,1,51,0,0,0,0,0,0,0x03
2026-09-06T21:14:51.598,113,0,2,51,0,0,0,0,0,0,0x03
2026-09-06T21:14:51.598,112,0,1,50,0,0,0,0,0,0,0x03
2026-09-06T21:14:51.647,115,0,2,52,0,0,0,0,0,0,0x03
2026-09-06T21:14:51.647,114,0,1,50,0,0,0,0,0,0,0x03
2026-09-06T21:14:51.729,117,0,2,51,0,0,0,0,0,0,0x03
2026-09-06T21:14:51.729,116,0,1,51,0,0,0,0,0,0,0x03
2026-09-06T21:14:51.794,119,0,2,51,0,0,0,0,0,0,0x03
2026-09-06T21:14:51.794,118,0,1,51,0,0,0,0,0,0,0x03
2026-09-06T21:14:51.859,121,0,2,50,0,0,0,0,0,0,0x03
2026-09-06T21:14:51.859,120,0,1,52,0,0,0,0,0,0,0x03
2026-09-06T21:14:51.924,123,0,2,52,0,0,0,0,0,0,0x03
2026-09-06T21:14:51.924,122,0,1,51,0,0,0,0,0,0,0x03
2026-09-06T21:14:51.988,125,0,2,50,0,0,0,0,0,0,0x03
2026-09-06T21:14:51.988,124,0,1,50,0,0,0,0,0,0,0x03
2026-09-06T21:14:52.053,127,0,2,50,0,0,0,0,0,0,0x03
2026-09-06T21:14:52.053,126,0,1,50,0,0,0,0,0,0,0x03
2026-09-06T21:14:52.134,129,0,2,50,0,0,0,0,0,0,0x03
2026-09-06T21:14:52.134,128,0,1,50,0,0,0,0,0,0,0x03
2026-09-06T21:14:52.183,131,0,2,50,0,0,0,0,0,0,0x03
2026-09-06T21:14:52.183,130,0,1,50,0,0,0,0,0,0,0x03
2026-09-06T21:14:52.264,133,0,2,51,0,0,0,0,0,0,0x03
2026-09-06T21:14:52.264,132,0,1,50,0,0,0,0,0,0,0x03
2026-09-06T21:14:52.329,135,0,2,53,0,0,0,0,0,0,0x03
2026-09-06T21:14:52.329,134,0,1,51,0,0,0,0,0,0,0x03
2026-09-06T21:14:52.393,137,0,2,53,0,0,0,0,0,0,0x03
2026-09-06T21:14:52.393,136,0,1,51,0,0,0,0,0,0,0x03
2026-09-06T21:14:52.459,139,0,2,52,0,0,30402,0,0,31816,0x07
2026-09-06T21:14:52.459,138,0,1,58,2394,2741,21037,3263,2741,31878,0x07
2026-09-06T21:14:52.524,141,0,2,52,3374,558,40000,3292,596,40000,0x07
2026-09-06T21:14:52.589,143,0,2,54,3336,1148,39389,3361,2889,34442,0x07
2026-09-06T21:14:52.589,142,0,1,62,2652,5419,12909,3030,14726,0,0x07
2026-09-06T21:14:52.671,145,0,2,51,3336,1412,38269,3361,2667,35387,0x07
2026-09-06T21:14:52.671,144,0,1,63,2662,5841,11234,3036,14175,0,0x07
2026-09-06T21:14:52.720,145,0,2,52,3335,1808,36573,3327,2942,33770,0x07
2026-09-06T21:14:52.801,145,0,2,50,3335,2060,35501,3327,2940,33780,0x07
2026-09-06T21:14:52.801,148,0,1,55,2544,0,34572,2976,18873,0,0x07
2026-09-06T21:14:52.867,151,0,2,51,0,0,27782,0,0,33691,0x07
2026-09-06T21:14:52.867,150,0,1,83,2477,0,33730,2909,20000,0,0x07
2026-09-06T21:14:52.931,151,0,2,51,3057,1333,35108,3500,922,40000,0x07
2026-09-06T21:14:52.931,150,0,1,69,2477,0,33730,2909,20000,0,0x07
2026-09-06T21:14:52.996,151,0,2,50,3057,2460,30320,3500,2520,37856,0x07
2026-09-06T21:14:52.996,154,0,1,83,2231,0,30635,2705,20169,0,0x07
2026-09-06T21:14:53.061,157,0,2,50,0,0,4991,0,0,15115,0x07
2026-09-06T21:14:53.061,156,0,1,88,1882,0,26239,2463,19875,0,0x07
2026-09-06T21:14:53.126,159,0,2,52,0,0,14602,0,0,20230,0x07
2026-09-06T21:14:53.126,158,0,1,83,1473,12,21030,2116,20060,0,0x07
2026-09-06T21:14:53.191,161,0,2,51,-1464,-196,19989,-2005,-294,27502,0x07
2026-09-06T21:14:53.191,160,0,1,83,1473,12,21030,2116,20060,15001,0x07
2026-09-06T21:14:53.257,163,0,2,54,-3274,-1537,36955,-3288,-1130,40000,0x07
2026-09-06T21:14:53.257,162,0,1,83,1473,12,21030,2116,20060,15001,0x07
2026-09-06T21:14:53.338,165,0,2,50,-3274,-1480,37198,-3288,-1160,40000,0x07
2026-09-06T21:14:53.338,164,0,1,52,0,0,8663,0,0,13490,0x07
2026-09-06T21:14:53.403,167,0,2,51,-3160,-1118,37313,-3414,-2353,37425,0x07
2026-09-06T21:14:53.403,166,0,1,52,-736,0,11789,-1353,-15942,20376,0x07
2026-09-06T21:14:53.468,169,0,2,50,-3124,-1700,34390,-3407,-2380,37217,0x07
2026-09-06T21:14:53.534,171,0,2,50,-3089,-2200,31826,-3386,-2540,36255,0x07
2026-09-06T21:14:53.598,173,0,2,51,-2897,-2490,28189,-3301,-1980,37509,0x07
2026-09-06T21:14:53.664,175,0,2,55,-1827,-2436,15017,-2525,-2382,25514,0x07
2026-09-06T21:14:53.728,175,0,2,51,-1827,-2294,15622,-2525,-2529,24886,0x07
2026-09-06T21:14:53.793,177,0,2,50,0,0,0,0,0,0,0x03
2026-09-06T21:14:53.874,177,0,2,50,0,0,0,0,0,0,0x03
2026-09-06T21:14:53.940,177,0,2,50,0,0,0,0,0,0,0x03
2026-09-06T21:14:54.005,65535,0,2,50,0,0,0,0,0,0,0x0b
2026-09-06T21:14:54.070,65535,0,2,51,0,0,0,0,0,0,0x0b
2026-09-06T21:14:54.136,65535,0,2,50,0,0,0,0,0,0,0x0b
2026-09-06T21:14:54.200,65535,0,2,52,0,0,0,0,0,0,0x0b
2026-09-06T21:14:54.266,65535,0,2,51,0,0,0,0,0,0,0x0b
2026-09-06T21:14:54.331,65535,0,2,51,0,0,0,0,0,0,0x0b
2026-09-06T21:14:54.395,65535,0,2,51,0,0,0,0,0,0,0x0b
2026-09-06T21:14:54.477,65535,0,2,52,0,0,0,0,0,0,0x0b
2026-09-06T21:14:54.542,65535,0,2,51,0,0,0,0,0,0,0x0b
2026-09-06T21:14:54.606,65535,0,2,50,0,0,0,0,0,0,0x0b
2026-09-06T21:14:54.671,65535,0,2,52,0,0,0,0,0,0,0x0b
2026-09-06T21:14:54.735,65535,0,2,52,0,0,0,0,0,0,0x0b
2026-09-06T21:14:54.800,65535,0,2,52,0,0,0,0,0,0,0x0b
2026-09-06T21:14:54.865,65535,0,2,52,0,0,0,0,0,0,0x0b
2026-09-06T21:14:54.931,65535,0,2,50,0,0,0,0,0,0,0x0b
2026-09-06T21:14:54.995,65535,0,2,50,0,0,0,0,0,0,0x0b
2026-09-06T21:14:55.077,65535,0,2,50,0,0,0,0,0,0,0x0b
2026-09-06T21:14:55.142,65535,0,2,52,0,0,0,0,0,0,0x0b
2026-09-06T21:14:55.207,65535,0,2,51,0,0,0,0,0,0,0x0b
2026-09-06T21:14:55.272,65535,0,2,50,0,0,0,0,0,0,0x0b
2026-09-06T21:14:55.337,65535,0,2,51,0,0,0,0,0,0,0x0b
2026-09-06T21:14:55.403,65535,0,2,50,0,0,0,0,0,0,0x0b
2026-09-06T21:14:55.467,65535,0,2,52,0,0,0,0,0,0,0x0b
2026-09-06T21:14:55.532,65535,0,2,51,0,0,0,0,0,0,0x0b
2026-09-06T21:14:55.614,65535,0,2,52,0,0,0,0,0,0,0x0b
2026-09-06T21:14:55.679,65535,0,2,50,0,0,0,0,0,0,0x0b
2026-09-06T21:14:55.743,65535,0,2,51,0,0,0,0,0,0,0x0b
2026-09-06T21:14:55.809,65535,0,2,51,0,0,0,0,0,0,0x0b
2026-09-06T21:14:55.874,65535,0,2,50,0,0,0,0,0,0,0x0b
2026-09-06T21:14:55.938,65535,0,2,51,0,0,0,0,0,0,0x0b
2026-09-06T21:14:56.004,65535,0,2,51,0,0,0,0,0,0,0x0b
2026-09-06T21:14:56.069,65535,0,2,51,0,0,0,0,0,0,0x0b
2026-09-06T21:14:56.150,65535,0,2,50,0,0,0,0,0,0,0x0b
2026-09-06T21:14:56.215,65535,0,2,51,0,0,0,0,0,0,0x0b
2026-09-06T21:14:56.281,65535,0,2,53,0,0,0,0,0,0,0x0b
2026-09-06T21:14:56.346,65535,0,2,50,0,0,0,0,0,0,0x0b
2026-09-06T21:14:56.411,65535,0,2,51,0,0,0,0,0,0,0x0b
2026-09-06T21:14:56.476,65535,0,2,51,0,0,0,0,0,0,0x0b
2026-09-06T21:14:56.542,65535,0,2,51,0,0,0,0,0,0,0x0b
2026-09-06T21:14:56.607,65535,0,2,50,0,0,0,0,0,0,0x0b
2026-09-06T21:14:56.672,65535,0,2,52,0,0,0,0,0,0,0x0b
2026-09-06T21:14:56.754,65535,0,2,50,0,0,0,0,0,0,0x0b
2026-09-06T21:14:56.818,65535,0,2,51,0,0,0,0,0,0,0x0b
2026-09-06T21:14:56.883,65535,0,2,51,0,0,0,0,0,0,0x0b
2026-09-06T21:14:56.883,168,0,1,3362,-2693,0,36455,-2846,-3,38201,0x07
2026-09-06T21:14:56.949,65535,0,2,50,0,0,0,0,0,0,0x0b
2026-09-06T21:14:56.949,272,0,1,3362,-2693,0,36455,-2846,-3,38201,0x07
2026-09-06T21:14:57.014,65535,0,2,52,0,0,0,0,0,0,0x0b
2026-09-06T21:14:57.014,276,0,1,51,-2757,0,37253,-2885,0,38714,0x07
2026-09-06T21:14:57.079,65535,0,2,51,0,0,0,0,0,0,0x0b
2026-09-06T21:14:57.079,278,0,1,50,-3374,0,40000,-3261,0,40000,0x07
2026-09-06T21:14:57.144,279,0,2,52,0,0,27333,0,0,28176,0x07
2026-09-06T21:14:57.144,280,0,1,52,-2766,0,37369,-3394,0,40000,0x07
2026-09-06T21:14:57.209,281,0,2,50,3003,460,38140,2888,400,38748,0x07
2026-09-06T21:14:57.209,282,0,1,51,-909,0,13973,-1756,0,24360,0x07
2026-09-06T21:14:57.275,283,0,2,51,3037,627,37854,2925,2020,32356,0x07
2026-09-06T21:14:57.275,284,0,1,50,0,0,21403,0,0,24914,0x07
2026-09-06T21:14:57.340,285,0,2,50,0,0,0,0,0,0,0x03
2026-09-06T21:14:57.340,286,0,1,50,2261,0,31013,2703,6140,10305,0x07
2026-09-06T21:14:57.421,287,0,2,51,0,0,0,0,0,0,0x03
2026-09-06T21:14:57.421,288,0,1,51,2775,0,37493,2993,1686,32921,0x07
2026-09-06T21:14:57.487,289,0,2,50,0,0,29051,0,0,32078,0x07
2026-09-06T21:14:57.487,290,0,1,51,224,0,5348,1517,0,21331,0x07
2026-09-06T21:14:57.552,291,0,2,56,3282,2643,32352,3500,2304,38776,0x07
2026-09-06T21:14:57.552,292,0,1,51,674,0,11014,1239,0,17789,0x07
2026-09-06T21:14:57.616,293,0,2,51,3282,1980,35168,3500,3078,35483,0x07
2026-09-06T21:14:57.616,294,0,1,61,529,0,9182,1202,16000,0,0x07
2026-09-06T21:14:57.681,295,0,2,51,3187,1961,34063,3500,2686,37149,0x07
2026-09-06T21:14:57.681,296,0,1,57,518,53,8827,1212,1491,11119,0x07
2026-09-06T21:14:57.747,297,0,2,55,2384,2218,22923,3004,3018,29160,0x07
2026-09-06T21:14:57.747,298,0,1,51,518,0,9051,1212,0,17457,0x07
2026-09-06T21:14:57.811,299,0,2,51,2384,2353,22351,3004,2588,30988,0x07
2026-09-06T21:14:57.811,300,0,1,50,490,60,8435,1242,0,17834,0x07
2026-09-06T21:14:57.876,301,0,2,51,1332,2235,9679,2166,2275,21224,0x07
2026-09-06T21:14:57.877,302,0,1,52,522,173,8357,1209,0,17412,0x07
2026-09-06T21:14:57.942,303,0,2,51,0,0,7748,0,0,13540,0x07
2026-09-06T21:14:57.942,304,0,1,50,522,9220,6761,1209,0,17406,0x07
2026-09-06T21:14:58.024,305,0,2,54,-2263,-407,29102,-2361,-759,30244,0x07
2026-09-06T21:14:58.024,306,0,1,51,508,8725,6564,1223,0,17593,0x07
2026-09-06T21:14:58.088,307,0,2,50,-2263,-360,29304,-2361,-1080,28881,0x07
2026-09-06T21:14:58.088,308,0,1,63,484,12190,6752,1248,0,17905,0x07
2026-09-06T21:14:58.152,309,0,2,51,-3039,-549,38217,-3079,-1549,36407,0x07
2026-09-06T21:14:58.152,310,0,1,67,507,18284,6887,1224,0,17606,0x07
2026-09-06T21:14:58.218,311,0,2,51,-3319,-2157,34883,-3361,-1333,40000,0x07
2026-09-06T21:14:58.218,312,0,1,74,523,16770,6780,1208,0,17393,0x07
2026-09-06T21:14:58.283,313,0,2,50,-3329,-1800,36525,-3461,-1720,40000,0x07
2026-09-06T21:14:58.283,314,0,1,70,510,18157,6902,1221,0,17562,0x07
2026-09-06T21:14:58.347,315,0,2,50,-3274,-1520,37031,-3495,-2480,37957,0x07
2026-09-06T21:14:58.347,316,0,1,69,525,18058,6902,1206,0,17371,0x07
2026-09-06T21:14:58.412,317,0,2,55,-3221,-2236,33319,-3465,-2345,38140,0x07
2026-09-06T21:14:58.412,318,0,1,67,525,18119,6902,1206,0,17371,0x07
2026-09-06T21:14:58.492,319,0,2,50,-3221,-2480,32283,-3465,-2440,37738,0x07
2026-09-06T21:14:58.492,320,0,1,68,525,17735,6896,1206,0,17371,0x07
2026-09-06T21:14:58.557,321,0,2,51,-3104,-2667,30032,-3433,-2471,37180,0x07
2026-09-06T21:14:58.557,322,0,1,67,524,18134,6891,1206,0,17379,0x07
2026-09-06T21:14:58.622,323,0,2,50,-2807,-2600,26591,-3277,-2780,33801,0x07
2026-09-06T21:14:58.622,324,0,1,67,523,17731,6764,1207,0,17389,0x07
2026-09-06T21:14:58.687,325,0,2,51,-2295,-2490,20652,-2902,-2804,28727,0x07
2026-09-06T21:14:58.687,326,0,1,64,508,17625,6757,1223,0,17593,0x07
2026-09-06T21:14:58.751,327,0,2,50,-1302,-2420,8510,-2117,-2780,18417,0x07
2026-09-06T21:14:58.751,328,0,1,50,507,12520,6876,1224,0,17598,0x07
2026-09-06T21:14:58.817,329,0,2,54,918,74,13680,1111,74,16585,0x07
2026-09-06T21:14:58.817,330,0,1,56,523,714,6069,1208,0,17398,0x07
2026-09-06T21:14:58.882,331,0,2,51,918,196,13162,1111,294,15649,0x07
2026-09-06T21:14:58.882,332,0,1,51,523,0,9105,1208,0,17398,0x07
2026-09-06T21:14:58.947,333,0,2,51,2269,0,30903,2281,235,31409,0x07
2026-09-06T21:14:58.947,334,0,1,64,523,18719,6884,1208,0,17398,0x07
2026-09-06T21:14:59.029,335,0,2,50,3295,680,40000,3493,600,40000,0x07
2026-09-06T21:14:59.029,336,0,1,52,523,9308,6882,1208,0,17398,0x07
2026-09-06T21:14:59.094,337,0,2,55,1223,964,13720,1015,2945,3106,0x07
2026-09-06T21:14:59.094,338,0,1,63,522,18603,0,1209,0,17406,0x07
2026-09-06T21:14:59.159,339,0,2,51,1223,1039,13399,1015,1235,10374,0x07
2026-09-06T21:14:59.159,340,0,1,51,522,10059,6757,1209,0,17406,0x07
2026-09-06T21:14:59.224,341,0,2,51,1434,1137,15621,1665,608,21655,0x07
2026-09-06T21:14:59.224,342,0,1,50,507,0,8914,1224,0,17598,0x07
2026-09-06T21:14:59.290,343,0,2,51,1344,1157,14402,1716,902,21083,0x07
2026-09-06T21:14:59.290,344,0,1,77,505,17338,6882,1226,0,17625,0x07
2026-09-06T21:14:59.355,345,0,2,50,2095,1140,23881,2896,1020,36219,0x07
2026-09-06T21:14:59.355,346,0,1,52,522,8981,6882,1208,0,17403,0x07
2026-09-06T21:14:59.420,347,0,2,51,1456,1314,15147,2190,1471,24951,0x07
2026-09-06T21:14:59.420,348,0,1,69,523,14913,0,1208,0,17398,0x07
2026-09-06T21:14:59.485,349,0,2,53,448,1057,3620,1285,1472,12955,0x07
2026-09-06T21:14:59.485,350,0,1,69,523,14913,6884,1208,0,17398,0x07
2026-09-06T21:14:59.550,351,0,2,51,448,588,5611,1285,1412,13210,0x07
2026-09-06T21:14:59.550,352,0,1,53,523,0,9105,1208,0,17403,0x07
2026-09-06T21:14:59.631,353,0,2,51,394,529,5181,1341,1471,13702,0x07
2026-09-06T21:14:59.697,355,0,2,50,0,0,0,0,0,0,0x03
2026-09-06T21:14:59.697,354,0,1,55,3195,9509,2362,2799,12509,0,0x07
2026-09-06T21:14:59.762,357,0,2,50,0,0,9032,0,0,14797,0x07
2026-09-06T21:14:59.762,356,0,1,55,3195,9509,2362,0,0,16853,0x07
2026-09-06T21:14:59.828,359,0,2,50,-790,-140,11795,-1402,-380,19139,0x07
2026-09-06T21:14:59.828,358,0,1,78,1687,0,23778,-1750,-19269,0,0x07
2026-09-06T21:14:59.893,361,0,2,54,-469,-111,7900,-1263,0,18917,0x07
2026-09-06T21:14:59.893,360,0,1,72,1687,0,23778,-1750,-18806,0,0x07
2026-09-06T21:14:59.958,363,0,2,51,-469,-98,7956,-1263,-275,17751,0x07
2026-09-06T21:14:59.958,362,0,1,72,1687,0,23778,-1750,-18806,16853,0x07
2026-09-06T21:15:00.023,365,0,2,52,-418,-154,7072,-1317,-500,17502,0x07
2026-09-06T21:15:00.023,364,0,1,50,1687,0,23778,-1750,-8480,16853,0x07
2026-09-06T21:15:00.088,367,0,2,52,0,0,7921,0,0,13710,0x07
2026-09-06T21:15:00.088,366,0,1,51,1687,0,23778,-1750,-294,23040,0x07
2026-09-06T21:15:00.153,369,0,2,50,656,460,8754,1281,960,15074,0x07
2026-09-06T21:15:00.153,368,0,1,50,0,0,0,0,0,0,0x03
2026-09-06T21:15:00.218,371,0,2,50,714,600,8881,1322,700,16718,0x07
2026-09-06T21:15:00.218,370,0,1,51,0,0,16501,0,0,20590,0x07
2026-09-06T21:15:00.300,373,0,2,51,489,78,8280,1243,157,17987,0x07
2026-09-06T21:15:00.300,372,0,1,55,-2408,0,32858,-2655,0,35800,0x07
2026-09-06T21:15:00.365,375,0,2,51,438,255,6892,1296,373,17771,0x07
2026-09-06T21:15:00.365,374,0,1,50,-2408,0,32858,-2655,0,35800,0x07
2026-09-06T21:15:00.429,377,0,2,51,438,333,6559,1296,549,17021,0x07
2026-09-06T21:15:00.429,376,0,1,52,-2842,0,38325,-3039,0,40000,0x07
2026-09-06T21:15:00.494,379,0,2,51,417,314,6381,1318,647,16890,0x07
2026-09-06T21:15:00.494,378,0,1,51,-3043,0,40000,-3246,0,40000,0x07
2026-09-06T21:15:00.560,381,0,2,52,436,365,6402,1298,788,16026,0x07
2026-09-06T21:15:00.560,380,0,1,50,-3111,0,40000,-3341,0,40000,0x07
2026-09-06T21:15:00.625,383,0,2,51,463,353,6792,1270,843,15423,0x07
2026-09-06T21:15:00.625,382,0,1,52,-3120,0,40000,-3377,0,40000,0x07
2026-09-06T21:15:00.691,385,0,2,50,475,380,6833,1257,920,14925,0x07
2026-09-06T21:15:00.691,384,0,1,53,-3050,0,40000,-3350,0,40000,0x07
2026-09-06T21:15:00.755,387,0,2,52,564,423,7766,1164,1000,13360,0x07
2026-09-06T21:15:00.755,386,0,1,52,-3050,0,40000,-3350,0,40000,0x07
2026-09-06T21:15:00.836,389,0,2,50,564,480,7524,1164,1040,13190,0x07
2026-09-06T21:15:00.836,388,0,1,51,-3076,0,40000,-3351,0,40000,0x07
2026-09-06T21:15:00.901,391,0,2,50,685,480,9032,1197,1000,13790,0x07
2026-09-06T21:15:00.901,390,0,1,50,-3065,0,40000,-3354,0,40000,0x07
2026-09-06T21:15:00.966,393,0,2,50,1222,520,15583,1670,940,20318,0x07
2026-09-06T21:15:00.966,392,0,1,51,-2909,0,39176,-3292,0,40000,0x07
2026-09-06T21:15:01.032,395,0,2,51,1676,804,20067,2084,1157,24884,0x07
2026-09-06T21:15:01.032,394,0,1,52,0,0,0,0,0,0,0x03
2026-09-06T21:15:01.097,397,0,2,50,2002,1100,22894,2393,1300,28373,0x07
2026-09-06T21:15:01.097,396,0,1,52,-2447,0,33351,-2958,0,39639,0x07
2026-09-06T21:15:01.162,399,0,2,55,2460,1455,27116,2823,1527,33099,0x07
2026-09-06T21:15:01.162,398,0,1,50,-2447,0,33351,-2958,0,39639,0x07
2026-09-06T21:15:01.227,401,0,2,51,2460,1686,26131,2823,1882,31590,0x07
2026-09-06T21:15:01.227,400,0,1,52,-2160,0,29743,-2704,0,36423,0x07
2026-09-06T21:15:01.293,403,0,2,50,2466,2080,24538,2868,2040,31518,0x07
2026-09-06T21:15:01.293,402,0,1,50,-1772,0,24845,-2381,0,32316,0x07
2026-09-06T21:15:01.374,405,0,2,50,2257,2000,22254,2753,2040,29991,0x07
2026-09-06T21:15:01.374,404,0,1,57,-786,0,12431,-1530,0,21495,0x07
2026-09-06T21:15:01.423,407,0,2,50,2013,2160,18520,2556,2180,26785,0x07
2026-09-06T21:15:01.423,406,0,1,52,-786,0,12431,-1530,0,21495,0x07
2026-09-06T21:15:01.504,409,0,2,50,1778,2020,16175,2346,2180,24010,0x07
2026-09-06T21:15:01.504,408,0,1,51,-476,0,8523,-1256,0,18008,0x07
2026-09-06T21:15:01.569,411,0,2,54,551,1537,2862,1326,2148,10619,0x07
2026-09-06T21:15:01.569,410,0,1,57,-459,0,8299,-1274,0,18243,0x07
2026-09-06T21:15:01.634,413,0,2,50,453,1100,3491,1280,1800,11495,0x07
2026-09-06T21:15:01.634,412,0,1,54,-410,0,7685,-1325,0,18884,0x07
2026-09-06T21:15:01.698,415,0,2,50,453,1020,3831,1280,1480,12855,0x07
2026-09-06T21:15:01.699,414,0,1,50,-410,0,7685,-1325,0,18884,0x07
2026-09-06T21:15:01.764,417,0,2,50,434,960,3846,1300,1400,13459,0x07
2026-09-06T21:15:01.764,416,0,1,51,-421,0,7831,-1313,0,18733,0x07
2026-09-06T21:15:01.829,419,0,2,51,406,549,5250,1329,1451,13623,0x07
2026-09-06T21:15:01.829,418,0,1,54,-429,0,7925,-1305,0,18635,0x07
2026-09-06T21:15:01.894,421,0,2,50,428,480,5813,1306,1360,13708,0x07
2026-09-06T21:15:01.894,420,0,1,52,-429,0,7925,-1305,0,18635,0x07
2026-09-06T21:15:01.960,423,0,2,51,460,451,6333,1273,1216,13885,0x07
2026-09-06T21:15:01.960,422,0,1,50,-436,0,8014,-1298,0,18541,0x07
2026-09-06T21:15:02.041,425,0,2,52,575,365,8147,1153,1096,12802,0x07
2026-09-06T21:15:02.041,424,0,1,51,-442,0,8086,-1292,0,18466,0x07
2026-09-06T21:15:02.106,427,0,2,51,575,392,8033,1153,1000,13210,0x07
2026-09-06T21:15:02.106,426,0,1,52,-446,0,8141,-1287,0,18408,0x07
2026-09-06T21:15:02.171,429,0,2,51,745,529,9570,1202,961,14030,0x07
2026-09-06T21:15:02.236,431,0,2,50,0,0,0,0,0,0,0x03
2026-09-06T21:15:02.236,428,0,1,50,-449,0,8179,-1284,0,18372,0x07
2026-09-06T21:15:02.302,433,0,2,51,0,0,19720,0,0,23864,0x07
2026-09-06T21:15:02.302,430,0,1,57,2965,0,39886,3278,3386,29325,0x07
2026-09-06T21:15:02.366,433,0,2,51,2082,431,26737,2406,725,31004,0x07
2026-09-06T21:15:02.366,430,0,1,50,2965,0,39886,3278,0,40000,0x07
2026-09-06T21:15:02.431,433,0,2,50,2082,1040,24150,2406,1500,27713,0x07
2026-09-06T21:15:02.431,436,0,1,50,0,0,6935,0,0,12211,0x07
2026-09-06T21:15:02.496,439,0,2,52,0,0,29811,0,0,32756,0x07
2026-09-06T21:15:02.496,438,0,1,60,529,0,9182,1202,8317,12655,0x07
2026-09-06T21:15:02.578,441,0,2,50,3302,1200,38747,3392,1240,40000,0x07
2026-09-06T21:15:02.578,440,0,1,54,446,0,8137,1288,19,18334,0x07
2026-09-06T21:15:02.643,443,0,2,51,3374,1941,36492,3454,2392,37836,0x07
2026-09-06T21:15:02.643,442,0,1,50,446,0,8137,1288,0,18413,0x07
2026-09-06T21:15:02.708,445,0,2,51,3374,2314,34908,3479,2863,36165,0x07
2026-09-06T21:15:02.708,444,0,1,52,0,0,9457,0,0,14217,0x07
2026-09-06T21:15:02.773,447,0,2,51,3370,2569,33775,3500,2784,36773,0x07
2026-09-06T21:15:02.773,446,0,1,50,-831,0,12987,-1438,-600,17781,0x07
2026-09-06T21:15:02.838,449,0,2,55,3093,2691,29782,3498,3055,35596,0x07
2026-09-06T21:15:02.904,451,0,2,51,3093,2725,29635,3498,3157,35161,0x07
2026-09-06T21:15:02.904,450,0,1,50,-1704,0,23990,-2147,0,29340,0x07
2026-09-06T21:15:02.969,453,0,2,51,2519,2863,21875,3150,3078,30885,0x07
2026-09-06T21:15:02.969,452,0,1,50,-1816,0,25405,-2283,0,31069,0x07
2026-09-06T21:15:03.034,453,0,2,50,1392,2620,8791,2253,2800,20169,0x07
2026-09-06T21:15:03.034,452,0,1,51,-1790,0,25079,-2296,0,31227,0x07
2026-09-06T21:15:03.099,453,0,2,51,1392,1196,14843,2253,2039,23402,0x07
2026-09-06T21:15:03.099,456,0,1,52,-1790,0,25079,-2296,0,31227,0x07
2026-09-06T21:15:03.181,459,0,2,50,0,0,23155,0,0,25539,0x07
2026-09-06T21:15:03.181,458,0,1,52,-1403,0,20194,-2026,0,27805,0x07
2026-09-06T21:15:03.246,461,0,2,51,-2498,-745,30604,-2591,-608,33969,0x07
2026-09-06T21:15:03.246,460,0,1,56,-847,0,13187,-1525,0,21425,0x07
2026-09-06T21:15:03.311,463,0,2,50,-3173,-700,39253,-3365,-2260,37213,0x07
2026-09-06T21:15:03.311,462,0,1,50,-847,0,13187,-1525,0,21425,0x07
2026-09-06T21:15:03.376,465,0,2,51,-3173,-1235,36978,-3365,-2098,37902,0x07
2026-09-06T21:15:03.376,464,0,1,51,-449,0,8183,-1284,0,18363,0x07
2026-09-06T21:15:03.440,467,0,2,50,-1900,-1820,18550,-354,-1860,11537,0x07
2026-09-06T21:15:03.440,466,0,1,50,-452,0,8217,-1281,0,18328,0x07
2026-09-06T21:15:03.506,469,0,2,50,-1430,-1420,14369,-1038,-680,13059,0x07
2026-09-06T21:15:03.571,471,0,2,51,-1399,-1549,13423,-1073,-1275,10996,0x07
2026-09-06T21:15:03.636,473,0,2,51,-1228,-1549,11286,-842,-1157,8428,0x07
2026-09-06T21:15:03.717,475,0,2,52,-752,-1000,7668,199,0,4820,0x07
2026-09-06T21:15:03.717,470,0,1,175,1059,0,15866,1559,25691,0,0x07
2026-09-06T21:15:03.766,477,0,2,50,0,0,9450,0,0,25624,0x07
2026-09-06T21:15:03.847,477,0,2,50,841,200,12173,-2601,-560,34298,0x07
2026-09-06T21:15:03.913,477,0,2,50,841,40,12853,-2601,-1280,31238,0x07
2026-09-06T21:15:03.978,65535,0,2,51,0,0,0,0,0,0,0x0b
2026-09-06T21:15:04.044,483,0,2,50,0,0,5767,0,0,14257,0x07
2026-09-06T21:15:04.108,483,0,2,51,395,20,7364,1340,39,19784,0x07
2026-09-06T21:15:04.173,483,0,2,51,395,98,7031,1340,157,19284,0x07
2026-09-06T21:15:04.238,65535,0,2,51,0,0,0,0,0,0,0x0b
2026-09-06T21:15:04.303,65535,0,2,51,0,0,0,0,0,0,0x0b
2026-09-06T21:15:04.384,65535,0,2,53,0,0,0,0,0,0,0x0b
2026-09-06T21:15:04.384,476,0,1,73,1616,6973,0,2141,14438,0,0x07
2026-09-06T21:15:04.449,65535,0,2,52,0,0,0,0,0,0,0x0b
2026-09-06T21:15:04.449,476,0,1,73,1616,6973,0,2141,14438,0,0x07
2026-09-06T21:15:04.514,65535,0,2,51,0,0,0,0,0,0,0x0b
2026-09-06T21:15:04.579,65535,0,2,51,0,0,0,0,0,0,0x0b
2026-09-06T21:15:04.644,503,0,2,52,0,0,0,0,0,0,0x03
2026-09-06T21:15:04.709,503,0,2,50,0,0,0,0,0,0,0x03
2026-09-06T21:15:04.726,505,0,2,51,0,0,0,0,0,0,0x03
