timestamp,sequence,team,robot_id,interval_ms,left_target_eps,left_measured_eps,left_duty,right_target_eps,right_measured_eps,right_duty,flags
2026-09-06T20:38:10.963,1620,0,1,50,-3093,-520,37280,-2913,0,38453,0x07
2026-09-06T20:38:13.517,1623,0,2,50,0,0,19688,0,0,22919,0x07
2026-09-06T20:38:13.517,1622,0,1,50,0,0,0,0,0,0,0x03
2026-09-06T20:38:17.526,1625,0,2,50,0,0,0,0,0,0,0x03
2026-09-06T20:38:17.526,1624,0,1,50,0,0,0,0,0,0,0x03
2026-09-06T20:38:17.785,1627,0,2,50,0,0,0,0,0,0,0x03
2026-09-06T20:38:17.785,1626,0,1,50,0,0,0,0,0,0,0x03
2026-09-06T20:38:17.866,1,0,2,54,0,0,0,0,0,0,0x03
2026-09-06T20:38:17.866,0,0,1,51,0,0,0,0,0,0,0x03
2026-09-06T20:38:17.931,3,0,2,51,0,0,0,0,0,0,0x03
2026-09-06T20:38:17.931,2,0,1,52,0,0,0,0,0,0,0x03
2026-09-06T20:38:17.996,5,0,2,52,0,0,5147,0,0,17146,0x07
2026-09-06T20:38:17.996,4,0,1,52,0,0,24046,0,0,17730,0x07
2026-09-06T20:38:18.256,7,0,2,51,0,0,0,0,0,0,0x03
2026-09-06T20:38:18.256,6,0,1,51,0,0,0,0,0,0,0x03
2026-09-06T20:38:18.402,9,0,2,58,2031,0,26184,1819,0,23488,0x07
2026-09-06T20:38:18.402,8,0,1,50,0,0,16961,0,0,11271,0x07
2026-09-06T20:38:18.466,11,0,2,50,2031,800,22784,1819,660,20683,0x07
2026-09-06T20:38:18.466,10,0,1,50,1884,280,23777,1122,20,15955,0x07
2026-09-06T20:38:18.532,13,0,2,51,0,0,25541,0,0,24958,0x07
2026-09-06T20:38:18.532,12,0,1,51,0,0,16351,0,0,11719,0x07
2026-09-06T20:38:18.597,15,0,2,52,0,0,0,0,0,0,0x03
2026-09-06T20:38:18.597,14,0,1,50,0,0,0,0,0,0,0x03
2026-09-06T20:38:18.661,17,0,2,51,0,0,0,0,0,0,0x03
2026-09-06T20:38:18.661,16,0,1,55,1308,36,17902,247,0,5088,0x07
2026-09-06T20:38:18.726,19,0,2,50,0,0,0,0,0,0,0x03
2026-09-06T20:38:18.726,18,0,1,50,1308,1120,13297,247,100,4663,0x07
2026-09-06T20:38:18.791,21,0,2,58,-1191,-69,16005,-609,-17,9019,0x07
2026-09-06T20:38:18.791,20,0,1,51,1232,980,12966,327,176,5334,0x07
2026-09-06T20:38:18.856,23,0,2,50,-1191,-140,15703,-609,-360,7562,0x07
2026-09-06T20:38:18.856,22,0,1,50,1112,920,11789,450,340,6188,0x07
2026-09-06T20:38:19.116,25,0,2,50,-1710,-400,20700,-1476,-280,18220,0x07
2026-09-06T20:38:19.116,24,0,1,55,-1310,-55,17846,-754,-18,11354,0x07
2026-09-06T20:38:19.130,27,0,2,50,0,0,18995,0,0,16260,0x07
2026-09-06T20:38:19.130,26,0,1,51,-1310,-255,16995,-754,-59,11181,0x07
2026-09-06T20:38:19.198,29,0,2,50,0,0,0,0,0,0,0x03
2026-09-06T20:38:19.198,28,0,1,51,-1910,-20,25204,-1776,0,24222,0x07
2026-09-06T20:38:19.263,31,0,2,50,0,0,16022,0,0,12473,0x07
2026-09-06T20:38:19.263,30,0,1,51,0,0,23507,0,0,23530,0x07
2026-09-06T20:38:19.328,33,0,2,50,0,0,0,0,0,0,0x03
2026-09-06T20:38:19.328,32,0,1,51,0,0,0,0,0,0,0x03
2026-09-06T20:38:19.393,35,0,2,52,0,0,17697,0,0,15478,0x07
2026-09-06T20:38:19.393,34,0,1,51,0,0,20399,0,0,16116,0x07
2026-09-06T20:38:19.473,37,0,2,50,-2050,-1180,21396,-1783,-1220,17869,0x07
2026-09-06T20:38:19.473,36,0,1,52,-2327,-923,26364,-1708,0,23376,0x07
2026-09-06T20:38:19.538,39,0,2,51,-2137,-804,24012,-1796,-1353,17458,0x07
2026-09-06T20:38:19.538,38,0,1,51,-1398,-941,15127,-483,0,8037,0x07
2026-09-06T20:38:19.603,41,0,2,51,-2205,-667,25398,-1897,-431,22577,0x07
2026-09-06T20:38:19.604,40,0,1,52,1490,58,19993,974,19,14100,0x07
2026-09-06T20:38:19.669,43,0,2,51,-2325,-1216,24482,-2080,-863,22930,0x07
2026-09-06T20:38:19.669,42,0,1,50,1490,380,18623,974,200,13332,0x07
2026-09-06T20:38:19.734,45,0,2,50,-2444,-1500,24668,-2230,-1060,23874,0x07
2026-09-06T20:38:19.734,44,0,1,50,2133,380,26346,2100,680,25392,0x07
2026-09-06T20:38:19.799,47,0,2,51,-2537,-1686,24977,-2341,-1294,24195,0x07
2026-09-06T20:38:19.799,46,0,1,50,2649,1720,26844,2734,800,32815,0x07
2026-09-06T20:38:19.865,49,0,2,50,-2661,-1760,26122,-2545,-1640,25153,0x07
2026-09-06T20:38:19.865,48,0,1,50,2924,1600,30664,3131,1140,36333,0x07
2026-09-06T20:38:19.929,51,0,2,50,-2785,-2060,26305,-2721,-1820,26482,0x07
2026-09-06T20:38:19.929,50,0,1,51,3033,1412,32769,3208,1412,36150,0x07
2026-09-06T20:38:20.011,53,0,2,51,-2914,-2078,27743,-2967,-1863,29228,0x07
2026-09-06T20:38:20.011,52,0,1,50,3017,1980,30168,3208,1940,33905,0x07
2026-09-06T20:38:20.074,55,0,2,58,-3036,-2397,27834,-3031,-2259,28308,0x07
2026-09-06T20:38:20.075,54,0,1,50,3017,1960,30253,3208,2060,33395,0x07
2026-09-06T20:38:20.139,57,0,2,51,-3036,-2431,27686,-3031,-2353,27907,0x07
2026-09-06T20:38:20.139,56,0,1,51,2902,2078,28360,3208,2078,33317,0x07
2026-09-06T20:38:20.205,59,0,2,50,-3046,-2540,27343,-3151,-2500,28710,0x07
2026-09-06T20:38:20.205,58,0,1,51,2689,2157,25474,3134,2451,30796,0x07
2026-09-06T20:38:20.270,61,0,2,58,-3062,-2724,26747,-3208,-2621,28879,0x07
2026-09-06T20:38:20.270,60,0,1,50,2377,2220,21453,2911,2560,27543,0x07
2026-09-06T20:38:20.335,63,0,2,51,-3062,-2647,27075,-3208,-2686,28600,0x07
2026-09-06T20:38:20.335,62,0,1,50,2023,2180,17375,2613,2460,24249,0x07
2026-09-06T20:38:20.400,65,0,2,50,-3093,-2780,26871,-3193,-2860,27675,0x07
2026-09-06T20:38:20.400,64,0,1,56,1052,1821,7237,1810,2268,15013,0x07
2026-09-06T20:38:20.464,67,0,2,50,-3021,-2760,26114,-3208,-2840,27947,0x07
2026-09-06T20:38:20.465,66,0,1,51,1052,1490,8645,1810,2059,15901,0x07
2026-09-06T20:38:20.529,69,0,2,58,67,121,2548,-1674,-2328,11870,0x07
2026-09-06T20:38:20.529,68,0,1,50,337,1340,700,1254,1900,9616,0x07
2026-09-06T20:38:20.611,71,0,2,51,0,0,4469,-1674,-1706,14513,0x07
2026-09-06T20:38:20.611,70,0,1,50,1558,980,16892,1796,1520,18008,0x07
2026-09-06T20:38:20.675,73,0,2,51,0,0,6239,0,0,10893,0x07
2026-09-06T20:38:20.675,72,0,1,53,-941,0,13649,-1548,-75,21049,0x07
2026-09-06T20:38:20.740,75,0,2,50,527,440,6610,1183,480,13881,0x07
2026-09-06T20:38:20.740,74,0,1,52,-941,0,13649,-1548,-942,17365,0x07
2026-09-06T20:38:20.805,77,0,2,50,1286,0,17410,1674,340,20318,0x07
2026-09-06T20:38:20.805,76,0,1,51,-686,0,10581,-1382,-490,17211,0x07
2026-09-06T20:38:20.871,79,0,2,52,1780,173,22493,2129,404,25460,0x07
2026-09-06T20:38:20.871,78,0,1,51,-3093,-824,35990,-2599,-39,34353,0x07
2026-09-06T20:38:20.936,81,0,2,51,1322,431,15997,1978,490,23290,0x07
2026-09-06T20:38:20.936,80,0,1,50,-3093,-1080,34900,-3039,0,40000,0x07
2026-09-06T20:38:21.000,83,0,2,51,1012,725,11105,1698,843,18459,0x07
2026-09-06T20:38:21.000,82,0,1,51,-3043,-1176,33886,-2823,-20,37240,0x07
2026-09-06T20:38:21.066,85,0,2,51,914,804,9619,1558,1039,15968,0x07
2026-09-06T20:38:21.066,84,0,1,51,-2897,-1490,30799,-2662,0,35313,0x07
2026-09-06T20:38:21.146,87,0,2,51,620,804,6151,1337,1098,13083,0x07
2026-09-06T20:38:21.146,86,0,1,50,-2701,-1740,27382,-2358,0,31501,0x07
2026-09-06T20:38:21.211,89,0,2,53,665,566,7691,1278,1094,12399,0x07
2026-09-06T20:38:21.211,88,0,1,50,-2188,-1880,20637,-1550,0,21401,0x07
2026-09-06T20:38:21.276,91,0,2,50,665,680,7207,1278,1040,12630,0x07
2026-09-06T20:38:21.276,90,0,1,51,-1256,-1765,9925,-301,0,5768,0x07
2026-09-06T20:38:21.341,93,0,2,51,689,745,7220,1317,1098,12853,0x07
2026-09-06T20:38:21.341,92,0,1,51,0,0,21842,0,0,20664,0x07
2026-09-06T20:38:21.406,95,0,2,57,419,684,4301,1169,1123,10982,0x07
2026-09-06T20:38:21.406,94,0,1,51,0,0,26068,0,0,27204,0x07
2026-09-06T20:38:21.471,97,0,2,51,419,471,5208,1169,1078,11171,0x07
2026-09-06T20:38:21.471,96,0,1,50,-3057,-240,38041,-3050,-260,39061,0x07
2026-09-06T20:38:21.536,99,0,2,51,898,451,10930,1411,1039,14215,0x07
2026-09-06T20:38:21.536,98,0,1,50,-2734,-1580,28464,-2102,-20,28214,0x07
2026-09-06T20:38:21.601,101,0,2,50,1092,780,11811,1623,1020,16816,0x07
2026-09-06T20:38:21.601,100,0,1,52,-1656,-1135,17413,-702,-19,10701,0x07
2026-09-06T20:38:21.683,103,0,2,51,1547,706,17488,1958,1137,20307,0x07
2026-09-06T20:38:21.683,102,0,1,52,0,0,13107,0,0,9003,0x07
2026-09-06T20:38:21.748,105,0,2,50,2019,960,21958,2337,1220,24461,0x07
2026-09-06T20:38:21.748,104,0,1,50,1387,140,18407,848,0,12606,0x07
2026-09-06T20:38:21.813,107,0,2,51,2425,1078,26234,2667,1294,28072,0x07
2026-09-06T20:38:21.813,106,0,1,50,2151,1080,23590,2183,640,26601,0x07
2026-09-06T20:38:21.878,109,0,2,50,2535,1540,25567,2831,1820,27794,0x07
2026-09-06T20:38:21.878,108,0,1,51,2744,1490,28967,2963,471,37076,0x07
2026-09-06T20:38:21.944,111,0,2,51,2769,1667,27793,2969,1843,29341,0x07
2026-09-06T20:38:21.944,110,0,1,50,2950,1700,30551,3208,1400,36200,0x07
2026-09-06T20:38:22.009,113,0,2,50,2870,1940,27815,3069,1940,30116,0x07
2026-09-06T20:38:22.009,112,0,1,50,2875,1400,30923,3208,1700,34925,0x07
2026-09-06T20:38:22.073,115,0,2,50,2919,2160,27457,3123,2280,29312,0x07
2026-09-06T20:38:22.073,114,0,1,50,2640,1500,27678,3138,1760,33793,0x07
2026-09-06T20:38:22.138,117,0,2,51,2999,2294,27831,3155,2431,29043,0x07
2026-09-06T20:38:22.138,116,0,1,55,1586,1782,13824,2310,1800,23260,0x07
2026-09-06T20:38:22.203,119,0,2,51,0,0,3401,3184,2549,28893,0x07
2026-09-06T20:38:22.204,118,0,1,50,1586,1680,14256,2310,1820,23175,0x07
2026-09-06T20:38:22.284,121,0,2,54,-85,-741,120,-689,-56,9810,0x07
2026-09-06T20:38:22.284,120,0,1,51,972,1588,7272,1755,1784,16372,0x07
2026-09-06T20:38:22.348,123,0,2,52,-85,-481,1225,0,0,5696,0x07
2026-09-06T20:38:22.348,122,0,1,52,360,1231,1432,1231,1808,9723,0x07
2026-09-06T20:38:22.413,125,0,2,51,-2262,-451,26986,0,0,12191,0x07
2026-09-06T20:38:22.413,124,0,1,54,329,722,3220,1263,1241,12532,0x07
2026-09-06T20:38:22.478,127,0,2,55,-1361,-73,17983,-192,-145,3519,0x07
2026-09-06T20:38:22.478,126,0,1,50,0,0,6492,0,0,11829,0x07
2026-09-06T20:38:22.543,129,0,2,52,-1361,-346,16821,-192,-96,3728,0x07
2026-09-06T20:38:22.544,128,0,1,50,-535,-120,8255,-1190,-400,15185,0x07
2026-09-06T20:38:22.608,131,0,2,51,-1025,-608,11756,-541,-118,7780,0x07
2026-09-06T20:38:22.608,130,0,1,52,-1058,-192,14229,-1530,-115,20656,0x07
2026-09-06T20:38:22.673,133,0,2,51,-1267,-647,14434,-866,-137,11569,0x07
2026-09-06T20:38:22.674,132,0,1,50,-1730,-180,22350,-2053,-40,27521,0x07
2026-09-06T20:38:22.739,135,0,2,56,-1743,-911,18926,-1387,-321,16987,0x07
2026-09-06T20:38:22.739,134,0,1,50,-2214,-260,27825,-2480,0,33034,0x07
2026-09-06T20:38:22.820,137,0,2,51,-1743,-1020,18463,-1387,-549,16020,0x07
2026-09-06T20:38:22.820,136,0,1,52,-2590,-635,30751,-2792,-19,36861,0x07
2026-09-06T20:38:22.885,139,0,2,50,-2080,-1020,22422,-1856,-700,20950,0x07
2026-09-06T20:38:22.885,138,0,1,50,-2786,-1120,31039,-2978,0,39264,0x07
2026-09-06T20:38:22.950,141,0,2,51,-2255,-1098,24152,-1989,-882,21765,0x07
2026-09-06T20:38:22.950,140,0,1,50,-2913,-1340,31631,-3083,0,40000,0x07
2026-09-06T20:38:23.015,143,0,2,50,-2416,-1580,24003,-2220,-1300,22730,0x07
2026-09-06T20:38:23.015,142,0,1,52,-3093,-1712,32216,-3134,0,40000,0x07
2026-09-06T20:38:23.080,145,0,2,52,-2591,-1712,25501,-2469,-1365,25412,0x07
2026-09-06T20:38:23.080,144,0,1,51,-3093,-1784,31907,-2991,0,39435,0x07
2026-09-06T20:38:23.144,147,0,2,53,-2827,-2038,26892,-2760,-1717,27387,0x07
2026-09-06T20:38:23.145,146,0,1,50,-2841,-1920,28303,-2219,0,29762,0x07
2026-09-06T20:38:23.209,149,0,2,51,-2827,-2098,26636,-2760,-1961,26351,0x07
2026-09-06T20:38:23.209,148,0,1,51,-1793,-1980,15459,-864,0,12811,0x07
2026-09-06T20:38:23.291,151,0,2,50,-2877,-2180,26883,-2788,-1920,26861,0x07
2026-09-06T20:38:23.291,150,0,1,50,0,0,19543,0,0,17507,0x07
2026-09-06T20:38:23.355,153,0,2,50,-2904,-2300,26686,-2822,-2220,25982,0x07
2026-09-06T20:38:23.355,152,0,1,51,2216,275,27796,1877,294,24233,0x07
2026-09-06T20:38:23.420,155,0,2,50,0,0,9135,0,0,12018,0x07
2026-09-06T20:38:23.420,154,0,1,50,2796,1240,30651,3208,780,38835,0x07
2026-09-06T20:38:23.485,157,0,2,50,912,700,10037,1330,600,15120,0x07
2026-09-06T20:38:23.485,156,0,1,51,2485,1451,26018,3208,1569,35483,0x07
2026-09-06T20:38:23.549,159,0,2,55,3093,36,38531,3114,1473,32631,0x07
2026-09-06T20:38:23.549,158,0,1,51,1460,804,16460,2412,1333,26510,0x07
2026-09-06T20:38:23.614,161,0,2,51,3093,353,37186,3114,2353,28890,0x07
2026-09-06T20:38:23.614,160,0,1,50,278,700,2707,1316,1320,12852,0x07
2026-09-06T20:38:23.679,163,0,2,51,3093,569,36269,3169,2608,28460,0x07
2026-09-06T20:38:23.679,162,0,1,50,278,400,3982,1316,1180,13447,0x07
2026-09-06T20:38:23.744,165,0,2,51,3093,745,35519,3186,2059,31005,0x07
2026-09-06T20:38:23.744,164,0,1,50,0,0,10075,0,0,15190,0x07
2026-09-06T20:38:23.825,167,0,2,54,2996,1852,29672,3208,1259,34665,0x07
2026-09-06T20:38:23.825,166,0,1,50,-996,-60,14054,-1596,-520,19764,0x07
2026-09-06T20:38:23.890,169,0,2,50,2996,1640,30572,3208,1720,32707,0x07
2026-09-06T20:38:23.890,168,0,1,55,-2213,-200,28068,-2463,-473,30816,0x07
2026-09-06T20:38:23.955,171,0,2,52,2804,1865,27358,3208,1923,31844,0x07
2026-09-06T20:38:23.955,170,0,1,50,-2213,-500,26793,-2463,-180,32060,0x07
2026-09-06T20:38:24.020,173,0,2,50,2684,2080,25032,3086,2160,29380,0x07
2026-09-06T20:38:24.020,172,0,1,52,-2821,-788,32869,-2880,0,38037,0x07
2026-09-06T20:38:24.085,175,0,2,51,2508,2196,22465,2954,2235,27495,0x07
2026-09-06T20:38:24.085,174,0,1,50,-3093,-1420,33455,-3083,-40,40000,0x07
2026-09-06T20:38:24.150,177,0,2,50,2331,2340,19768,2806,2340,25289,0x07
2026-09-06T20:38:24.150,176,0,1,51,-3093,-1569,32823,-3036,0,39995,0x07
2026-09-06T20:38:24.215,179,0,2,53,1573,2226,11328,2215,2396,18017,0x07
2026-09-06T20:38:24.215,178,0,1,51,-3046,-1745,31515,-2667,0,35374,0x07
2026-09-06T20:38:24.280,181,0,2,51,1573,1804,13123,2215,2255,18618,0x07
2026-09-06T20:38:24.280,180,0,1,50,-2446,-1960,23397,-1772,0,24178,0x07
2026-09-06T20:38:24.361,183,0,2,50,0,0,4424,1189,2200,6642,0x07
2026-09-06T20:38:24.361,182,0,1,51,0,0,12161,0,0,7776,0x07
2026-09-06T20:38:24.425,185,0,2,51,-286,-392,3973,0,0,13926,0x07
2026-09-06T20:38:24.425,184,0,1,50,1265,380,15923,699,60,10493,0x07
2026-09-06T20:38:24.490,187,0,2,56,-2271,-339,27568,-2341,-446,27803,0x07
2026-09-06T20:38:24.490,186,0,1,51,2399,314,29822,2751,392,34764,0x07
2026-09-06T20:38:24.555,189,0,2,51,0,0,15580,0,0,14525,0x07
2026-09-06T20:38:24.555,188,0,1,51,2847,1647,29536,3208,1216,36983,0x07
2026-09-06T20:38:24.621,191,0,2,50,1769,220,22163,1658,180,20806,0x07
2026-09-06T20:38:24.621,190,0,1,50,2443,1940,23445,3200,1300,36516,0x07
2026-09-06T20:38:24.686,193,0,2,50,0,0,17068,0,0,13795,0x07
2026-09-06T20:38:24.686,192,0,1,52,1908,1654,18234,2627,1423,28827,0x07
2026-09-06T20:38:24.751,195,0,2,51,-1967,-569,23010,-1562,-314,19102,0x07
2026-09-06T20:38:24.751,194,0,1,50,1281,100,17308,2046,1140,22762,0x07
2026-09-06T20:38:24.816,197,0,2,50,-2264,-880,25186,-2107,-1320,21304,0x07
2026-09-06T20:38:24.816,196,0,1,50,504,400,6701,1372,860,15508,0x07
2026-09-06T20:38:24.897,199,0,2,56,-1306,-679,14768,-491,-696,4733,0x07
2026-09-06T20:38:24.897,198,0,1,52,0,0,6540,0,0,11872,0x07
2026-09-06T20:38:24.962,201,0,2,50,-1306,-800,14252,-491,-480,5652,0x07
2026-09-06T20:38:24.962,200,0,1,51,-541,-392,7172,-1195,-20,16867,0x07
2026-09-06T20:38:25.026,203,0,2,50,-1145,-960,11677,-532,-420,6391,0x07
2026-09-06T20:38:25.026,202,0,1,52,-1212,-96,16486,-1630,0,22395,0x07
2026-09-06T20:38:25.091,205,0,2,51,-940,-863,9671,-210,-333,2925,0x07
2026-09-06T20:38:25.091,204,0,1,51,-1488,-98,19796,-1938,0,26246,0x07
2026-09-06T20:38:25.156,207,0,2,50,-964,-780,10305,-277,-120,4635,0x07
2026-09-06T20:38:25.156,206,0,1,51,-1617,0,21766,-2092,0,28173,0x07
2026-09-06T20:38:25.222,209,0,2,52,-974,-654,10957,-336,-231,4860,0x07
2026-09-06T20:38:25.222,208,0,1,52,-1658,0,22255,-2154,0,28952,0x07
2026-09-06T20:38:25.287,211,0,2,50,-1001,-640,11337,-466,-400,5685,0x07
2026-09-06T20:38:25.287,210,0,1,50,-1641,0,22048,-2158,0,29001,0x07
2026-09-06T20:38:25.353,213,0,2,51,-1095,-647,12416,-534,-510,6031,0x07
2026-09-06T20:38:25.353,212,0,1,53,-1556,0,21028,-2096,0,28231,0x07
2026-09-06T20:38:25.417,215,0,2,52,-1258,-731,13978,-764,-538,8644,0x07
2026-09-06T20:38:25.417,214,0,1,52,-1556,0,21028,-2096,0,28231,0x07
2026-09-06T20:38:25.498,217,0,2,52,-1405,-788,15464,-926,-654,10082,0x07
2026-09-06T20:38:25.498,216,0,1,51,-1528,0,20692,-2067,0,27871,0x07
2026-09-06T20:38:25.564,219,0,2,52,-1764,-981,18870,-1324,-654,14816,0x07
2026-09-06T20:38:25.564,218,0,1,51,-1491,0,20254,-2038,0,27498,0x07
2026-09-06T20:38:25.628,221,0,2,50,-1764,-940,19044,-1324,-720,14535,0x07
2026-09-06T20:38:25.628,220,0,1,56,-1470,0,20002,-2011,0,27165,0x07
2026-09-06T20:38:25.694,223,0,2,51,-1850,-1098,19389,-1454,-804,15724,0x07
2026-09-06T20:38:25.694,222,0,1,52,-1470,0,20002,-2011,0,27165,0x07
2026-09-06T20:38:25.758,225,0,2,51,-2037,-1412,20253,-1741,-1039,18142,0x07
2026-09-06T20:38:25.759,224,0,1,52,-1473,0,20036,-2011,0,27165,0x07
2026-09-06T20:38:25.823,227,0,2,50,-2080,-1420,20726,-1717,-1100,17604,0x07
2026-09-06T20:38:25.823,226,0,1,51,-1489,0,20226,-2021,0,27292,0x07
2026-09-06T20:38:25.888,229,0,2,50,-2068,-1560,19988,-1758,-1280,17327,0x07
2026-09-06T20:38:25.888,228,0,1,50,-1500,0,20364,-2032,0,27424,0x07
2026-09-06T20:38:25.953,231,0,2,54,-1927,-1722,17634,-1684,-1296,16371,0x07
2026-09-06T20:38:25.953,230,0,1,50,-1515,0,20542,-2044,0,27573,0x07
2026-09-06T20:38:26.034,233,0,2,51,0,0,24297,0,0,26045,0x07
2026-09-06T20:38:26.034,232,0,1,51,-1531,0,20731,0,0,16461,0x07
2026-09-06T20:38:26.098,235,0,2,50,2928,760,33509,3164,660,36688,0x07
2026-09-06T20:38:26.098,234,0,1,51,-1687,0,22605,1750,20,23815,0x07
2026-09-06T20:38:26.163,237,0,2,50,3093,1980,30271,3136,2560,28279,0x07
2026-09-06T20:38:26.163,236,0,1,50,-1687,0,22605,1750,0,23898,0x07
2026-09-06T20:38:26.228,239,0,2,51,0,0,6119,0,0,10465,0x07
2026-09-06T20:38:26.228,238,0,1,54,-1687,0,22605,1750,0,23898,0x07
2026-09-06T20:38:26.293,241,0,2,51,-511,-294,7043,-1127,-294,14005,0x07
2026-09-06T20:38:26.293,240,0,1,51,-1687,0,22605,1750,0,23898,0x07
2026-09-06T20:38:26.358,243,0,2,52,-871,-231,11547,0,0,7221,0x07
2026-09-06T20:38:26.358,242,0,1,50,-1687,0,22605,1750,200,23048,0x07
2026-09-06T20:38:26.424,245,0,2,51,-1595,-78,20712,0,0,11003,0x07
2026-09-06T20:38:26.424,244,0,1,53,0,0,0,0,0,0,0x03
2026-09-06T20:38:26.489,247,0,2,50,-1074,-480,12872,-1197,-260,14987,0x07
2026-09-06T20:38:26.489,246,0,1,52,0,0,15599,0,0,19911,0x07
2026-09-06T20:38:26.570,249,0,2,50,-1748,-500,20723,-1703,-920,18199,0x07
2026-09-06T20:38:26.570,248,0,1,52,-1708,-96,22450,-2168,0,29123,0x07
2026-09-06T20:38:26.636,251,0,2,50,-2253,-1040,24379,-2277,-640,26222,0x07
2026-09-06T20:38:26.636,250,0,1,52,-1668,-212,21475,-2183,-77,28990,0x07
2026-09-06T20:38:26.701,253,0,2,51,-2527,-1196,26941,-2633,-961,29085,0x07
2026-09-06T20:38:26.701,252,0,1,52,-1653,-462,20238,-2171,-77,28836,0x07
2026-09-06T20:38:26.766,255,0,2,51,-2384,-1706,23086,-2589,-1784,25065,0x07
2026-09-06T20:38:26.766,254,0,1,51,-1755,-627,20760,-2228,0,29877,0x07
2026-09-06T20:38:26.831,257,0,2,50,-2384,-1700,23111,-2589,-740,29503,0x07
2026-09-06T20:38:26.831,256,0,1,51,-1808,-745,20888,-2281,0,30539,0x07
2026-09-06T20:38:26.897,259,0,2,51,-1865,-1451,18060,-2213,-275,27013,0x07
2026-09-06T20:38:26.897,258,0,1,55,-2554,-927,29075,-2768,0,36644,0x07
2026-09-06T20:38:26.961,261,0,2,51,-1048,-412,12855,-1509,-294,18552,0x07
2026-09-06T20:38:26.961,260,0,1,51,-2554,-1118,28266,-2768,0,36644,0x07
2026-09-06T20:38:27.026,263,0,2,51,-155,0,4098,-1559,0,20397,0x07
2026-09-06T20:38:27.026,262,0,1,50,-2873,-1280,31408,-2994,0,39461,0x07
2026-09-06T20:38:27.092,265,0,2,50,-449,0,7562,-1138,0,15384,0x07
2026-09-06T20:38:27.092,264,0,1,50,-3093,-1520,33030,-3093,0,40000,0x07
2026-09-06T20:38:27.173,267,0,2,52,-433,0,7363,-1155,0,15592,0x07
2026-09-06T20:38:27.173,266,0,1,50,-3093,-1780,31925,-2727,0,36123,0x07
2026-09-06T20:38:27.238,269,0,2,52,-439,0,7444,-1149,0,15514,0x07
2026-09-06T20:38:27.238,268,0,1,51,-2461,-1765,24405,-1701,-39,23122,0x07
2026-09-06T20:38:27.303,271,0,2,51,-445,0,7507,-1143,0,15442,0x07
2026-09-06T20:38:27.303,270,0,1,50,0,0,11740,0,0,7226,0x07
2026-09-06T20:38:27.368,273,0,2,52,-449,0,7554,-1139,0,15392,0x07
2026-09-06T20:38:27.368,272,0,1,51,1211,608,14303,633,39,9749,0x07
2026-09-06T20:38:27.432,275,0,2,53,-424,0,7263,-1164,0,15696,0x07
2026-09-06T20:38:27.432,274,0,1,51,1781,431,21906,1592,176,21177,0x07
2026-09-06T20:38:27.497,277,0,2,50,-424,0,7263,-1164,0,15696,0x07
2026-09-06T20:38:27.497,276,0,1,50,2171,480,26376,1968,360,25101,0x07
2026-09-06T20:38:27.562,279,0,2,50,-453,0,7602,-1134,0,15342,0x07
2026-09-06T20:38:27.562,278,0,1,51,2376,1196,25800,2170,882,25404,0x07
2026-09-06T20:38:27.627,281,0,2,50,-457,0,7653,-1130,0,15292,0x07
2026-09-06T20:38:27.627,280,0,1,50,2468,1200,26890,2238,1160,25079,0x07
2026-09-06T20:38:27.709,283,0,2,50,-426,0,7284,-1163,0,15679,0x07
2026-09-06T20:38:27.709,282,0,1,50,2449,1200,26655,2150,1320,23295,0x07
2026-09-06T20:38:27.774,285,0,2,50,-457,0,7645,-1131,0,15300,0x07
2026-09-06T20:38:27.774,284,0,1,51,2383,1529,24468,2106,1549,21764,0x07
2026-09-06T20:38:27.839,287,0,2,51,-458,0,7661,-1129,0,15284,0x07
2026-09-06T20:38:27.839,286,0,1,52,2383,1712,23694,2106,1558,21728,0x07
2026-09-06T20:38:27.904,289,0,2,51,-455,0,7630,-1132,0,15317,0x07
2026-09-06T20:38:27.904,288,0,1,50,2393,1840,23258,2104,1520,21862,0x07
2026-09-06T20:38:27.970,291,0,2,50,-457,0,7645,-1130,0,15297,0x07
2026-09-06T20:38:27.970,290,0,1,50,2351,1940,22335,2021,1700,20067,0x07
2026-09-06T20:38:28.034,293,0,2,50,-456,0,7638,-1131,0,15305,0x07
2026-09-06T20:38:28.034,292,0,1,50,2216,1880,20968,1802,1720,17245,0x07
2026-09-06T20:38:28.099,295,0,2,52,0,0,14964,-1135,0,15346,0x07
2026-09-06T20:38:28.099,294,0,1,51,2038,2000,18319,1572,1667,14585,0x07
2026-09-06T20:38:28.163,297,0,2,50,1687,640,19414,-1750,0,22668,0x07
2026-09-06T20:38:28.163,296,0,1,50,1788,1840,16000,1234,1420,11406,0x07
2026-09-06T20:38:28.244,299,0,2,51,1687,961,18050,-1750,0,22668,0x07
2026-09-06T20:38:28.244,298,0,1,51,1441,1804,11979,778,1412,5729,0x07
2026-09-06T20:38:28.309,301,0,2,52,1687,558,19764,-1750,0,22668,0x07
2026-09-06T20:38:28.309,300,0,1,51,1209,1569,10200,350,1098,1711,0x07
2026-09-06T20:38:28.374,303,0,2,51,1687,784,18800,-1750,-137,22084,0x07
2026-09-06T20:38:28.374,302,0,1,50,1262,1300,11977,295,620,3054,0x07
2026-09-06T20:38:28.439,305,0,2,50,1687,900,18309,-1750,-440,20798,0x07
2026-09-06T20:38:28.439,304,0,1,51,0,0,14047,0,0,10227,0x07
2026-09-06T20:38:28.504,307,0,2,51,0,0,0,0,0,0,0x03
2026-09-06T20:38:28.504,306,0,1,51,-1508,-235,19457,-996,-294,13209,0x07
2026-09-06T20:38:28.570,309,0,2,52,0,0,19106,0,0,18719,0x07
2026-09-06T20:38:28.570,308,0,1,52,-2119,-38,27629,-1889,-96,25232,0x07
2026-09-06T20:38:28.635,311,0,2,51,-2238,-373,27033,-2206,-647,25346,0x07
2026-09-06T20:38:28.635,310,0,1,50,-2119,-360,26262,-1889,0,25641,0x07
2026-09-06T20:38:28.700,313,0,2,52,-3093,-1577,31984,-2525,-1154,26982,0x07
2026-09-06T20:38:28.700,312,0,1,51,-2426,-647,28734,-2305,0,30849,0x07
2026-09-06T20:38:28.765,315,0,2,51,-3093,-1235,33436,-2525,-1235,26636,0x07
2026-09-06T20:38:28.765,314,0,1,51,-2539,-1235,27591,-2291,0,30675,0x07
2026-09-06T20:38:28.846,317,0,2,50,-1951,-1220,20051,-887,-1400,6453,0x07
2026-09-06T20:38:28.846,316,0,1,50,-2539,-1340,27146,-2291,0,30675,0x07
2026-09-06T20:38:28.911,319,0,2,50,0,0,13768,0,0,9649,0x07
2026-09-06T20:38:28.911,318,0,1,51,-2352,-1471,24341,-1924,0,26070,0x07
2026-09-06T20:38:28.976,321,0,2,57,2121,509,25084,2060,263,25234,0x07
2026-09-06T20:38:28.976,320,0,1,50,-1850,-1660,17511,-1181,0,16771,0x07
2026-09-06T20:38:29.042,323,0,2,50,2121,160,26566,2060,920,22442,0x07
2026-09-06T20:38:29.042,322,0,1,51,0,0,16953,0,0,14045,0x07
2026-09-06T20:38:29.106,325,0,2,51,2539,59,31913,2495,1529,25027,0x07
2026-09-06T20:38:29.106,324,0,1,51,1883,275,23788,1458,137,19657,0x07
2026-09-06T20:38:29.171,327,0,2,51,2770,1137,30047,2755,784,31292,0x07
2026-09-06T20:38:29.171,326,0,1,50,2656,240,33226,3042,780,36750,0x07
2026-09-06T20:38:29.236,329,0,2,50,2861,1480,29662,2775,1120,30102,0x07
2026-09-06T20:38:29.236,328,0,1,50,2845,1720,29198,3208,1360,36370,0x07
2026-09-06T20:38:29.301,331,0,2,51,2893,1392,30414,2805,1510,28805,0x07
2026-09-06T20:38:29.301,330,0,1,50,2454,2140,22725,3142,1200,36213,0x07
2026-09-06T20:38:29.382,333,0,2,51,2828,1961,27234,2642,1745,25864,0x07
2026-09-06T20:38:29.382,332,0,1,50,2022,1540,20083,2678,1540,28965,0x07
2026-09-06T20:38:29.448,335,0,2,51,2828,1784,27984,2642,1980,24864,0x07
2026-09-06T20:38:29.448,334,0,1,56,1141,1071,11494,1886,1696,18391,0x07
2026-09-06T20:38:29.513,337,0,2,51,2794,1706,27917,2620,2216,23605,0x07
2026-09-06T20:38:29.513,336,0,1,50,1141,1060,11543,1886,1720,18291,0x07
2026-09-06T20:38:29.578,339,0,2,52,0,0,0,0,0,0,0x03
2026-09-06T20:38:29.578,338,0,1,50,0,0,25078,0,0,28158,0x07
2026-09-06T20:38:29.643,341,0,2,51,0,0,21591,0,0,18984,0x07
2026-09-06T20:38:29.643,340,0,1,57,-73,-684,305,-1637,-1088,17865,0x07
2026-09-06T20:38:29.708,343,0,2,51,2568,39,32338,2241,451,26592,0x07
2026-09-06T20:38:29.708,342,0,1,52,-73,-250,2151,-1637,-865,18810,0x07
2026-09-06T20:38:29.773,345,0,2,51,2287,39,29030,1856,392,22258,0x07
2026-09-06T20:38:29.773,344,0,1,51,-1462,-20,19821,-1783,-549,21972,0x07
2026-09-06T20:38:29.838,347,0,2,52,2287,0,29196,1856,346,22454,0x07
2026-09-06T20:38:29.838,346,0,1,51,-2082,-137,26762,-2339,-255,30181,0x07
2026-09-06T20:38:29.903,349,0,2,52,2015,38,25835,1501,423,17903,0x07
2026-09-06T20:38:29.903,348,0,1,57,-2932,-702,34571,-3025,0,39850,0x07
2026-09-06T20:38:29.984,351,0,2,52,1720,38,22359,1139,423,13598,0x07
2026-09-06T20:38:29.984,350,0,1,51,-2932,-1098,32887,-3025,0,39850,0x07
2026-09-06T20:38:30.049,353,0,2,54,1153,0,15840,408,0,6706,0x07
2026-09-06T20:38:30.049,352,0,1,50,-3093,-1400,33540,-3127,0,40000,0x07
2026-09-06T20:38:30.113,355,0,2,51,1153,0,15840,408,0,6706,0x07
2026-09-06T20:38:30.113,354,0,1,51,-3093,-1608,32657,-3113,0,40000,0x07
2026-09-06T20:38:30.178,357,0,2,51,1172,0,16075,388,0,6461,0x07
2026-09-06T20:38:30.178,356,0,1,50,-3093,-1920,31330,-2825,0,37350,0x07
2026-09-06T20:38:30.243,359,0,2,51,1162,0,15952,399,0,6590,0x07
2026-09-06T20:38:30.243,358,0,1,50,-2631,-1940,25695,-2001,0,27038,0x07
2026-09-06T20:38:30.308,361,0,2,51,1136,0,15646,426,0,6910,0x07
2026-09-06T20:38:30.308,360,0,1,51,-1432,-1588,12791,-119,-20,3398,0x07
2026-09-06T20:38:30.373,363,0,2,52,1136,0,15642,426,0,6914,0x07
2026-09-06T20:38:30.373,362,0,1,51,0,0,21656,0,0,20403,0x07
2026-09-06T20:38:30.454,365,0,2,50,1129,0,15562,433,0,6997,0x07
2026-09-06T20:38:30.454,364,0,1,51,2489,255,31149,2227,373,28285,0x07
2026-09-06T20:38:30.519,367,0,2,50,1107,0,15305,456,0,7273,0x07
2026-09-06T20:38:30.519,366,0,1,50,2812,1340,30416,3208,720,39090,0x07
2026-09-06T20:38:30.584,369,0,2,50,1115,0,15404,447,0,7169,0x07
2026-09-06T20:38:30.584,368,0,1,50,2187,540,26315,3106,1720,33562,0x07
2026-09-06T20:38:30.649,371,0,2,50,1075,0,14928,489,0,7668,0x07
2026-09-06T20:38:30.649,370,0,1,51,1150,706,13149,2101,1569,21619,0x07
2026-09-06T20:38:30.714,373,0,2,50,1108,0,15313,455,0,7261,0x07
2026-09-06T20:38:30.714,372,0,1,54,312,537,3812,1280,1093,13371,0x07
2026-09-06T20:38:30.779,375,0,2,52,1070,0,14871,494,0,7726,0x07
2026-09-06T20:38:30.779,374,0,1,51,312,412,4345,1280,1000,13765,0x07
2026-09-06T20:38:30.844,377,0,2,52,1080,0,14991,513,0,7956,0x07
2026-09-06T20:38:30.845,376,0,1,50,0,0,8653,0,0,13860,0x07
2026-09-06T20:38:30.910,379,0,2,50,1091,0,15118,0,0,15230,0x07
2026-09-06T20:38:30.910,378,0,1,50,-813,-40,11939,-1435,-340,18515,0x07
2026-09-06T20:38:30.990,381,0,2,51,1687,0,22134,-1750,-471,20668,0x07
2026-09-06T20:38:30.990,380,0,1,50,-1214,-160,16247,-1693,-300,21908,0x07
2026-09-06T20:38:31.055,383,0,2,50,1687,0,22134,-1750,-1480,16378,0x07
2026-09-06T20:38:31.055,382,0,1,51,-1765,-275,22378,-2113,-20,28360,0x07
2026-09-06T20:38:31.120,385,0,2,50,1687,0,22134,-1750,-180,21902,0x07
2026-09-06T20:38:31.120,384,0,1,51,-2303,-451,28087,-2540,-20,33700,0x07
2026-09-06T20:38:31.185,387,0,2,50,1687,0,22134,-1750,-420,20882,0x07
2026-09-06T20:38:31.185,386,0,1,50,-2653,-1140,29357,-2841,0,37550,0x07
2026-09-06T20:38:31.250,389,0,2,51,1687,20,22050,-1750,-549,20334,0x07
2026-09-06T20:38:31.250,388,0,1,50,-2933,-1360,31789,-3037,0,40000,0x07
2026-09-06T20:38:31.315,391,0,2,51,0,0,0,0,0,0,0x03
2026-09-06T20:38:31.315,390,0,1,50,-3093,-1440,33370,-3127,0,40000,0x07
2026-09-06T20:38:31.379,393,0,2,50,0,0,13018,0,0,9898,0x07
2026-09-06T20:38:31.379,392,0,1,50,-3093,-1920,31330,-3033,0,39956,0x07
2026-09-06T20:38:31.445,395,0,2,51,1429,255,18006,1053,137,13789,0x07
2026-09-06T20:38:31.445,394,0,1,51,-2938,-1882,29631,-2395,0,31970,0x07
2026-09-06T20:38:31.525,397,0,2,53,2540,509,30006,2593,132,32137,0x07
2026-09-06T20:38:31.525,396,0,1,51,-1952,-1902,17698,-1043,0,15054,0x07
2026-09-06T20:38:31.590,399,0,2,51,2540,843,28588,2593,529,30448,0x07
2026-09-06T20:38:31.590,398,0,1,53,1879,94,24504,1453,0,20183,0x07
2026-09-06T20:38:31.655,401,0,2,51,2895,1353,30608,3177,1000,35398,0x07
2026-09-06T20:38:31.655,400,0,1,51,1879,235,23905,1453,686,17266,0x07
2026-09-06T20:38:31.721,403,0,2,51,2916,1569,29938,3208,1804,32350,0x07
2026-09-06T20:38:31.721,402,0,1,52,2687,769,31342,3147,712,38355,0x07
2026-09-06T20:38:31.786,405,0,2,50,2846,1880,27788,3208,1860,32112,0x07
2026-09-06T20:38:31.786,404,0,1,55,1812,618,21476,2727,1618,29250,0x07
2026-09-06T20:38:31.851,407,0,2,50,2598,2160,23678,3082,2040,29844,0x07
2026-09-06T20:38:31.851,406,0,1,51,1812,843,20520,2727,1392,30211,0x07
2026-09-06T20:38:31.916,409,0,2,52,2411,2250,21091,2845,2192,26378,0x07
2026-09-06T20:38:31.916,408,0,1,50,833,800,8943,1763,1080,19470,0x07
2026-09-06T20:38:31.981,411,0,2,50,2411,2360,20624,2845,2500,25070,0x07
2026-09-06T20:38:31.981,410,0,1,50,359,380,5035,1232,880,13679,0x07
2026-09-06T20:38:32.063,413,0,2,51,0,0,5517,0,0,8784,0x07
2026-09-06T20:38:32.063,412,0,1,55,281,73,5414,1312,255,17340,0x07
2026-09-06T20:38:32.111,415,0,2,51,-432,-451,5434,0,0,8520,0x07
2026-09-06T20:38:32.111,414,0,1,52,0,0,7035,0,0,12341,0x07
2026-09-06T20:38:32.370,417,0,2,58,-963,-483,11557,-605,-86,8680,0x07
2026-09-06T20:38:32.370,416,0,1,50,-605,-160,8925,-1252,-40,17490,0x07
2026-09-06T20:38:32.855,419,0,2,50,0,0,14420,0,0,10462,0x07
2026-09-06T20:38:32.855,418,0,1,51,-966,-157,13273,-1487,-59,20353,0x07
2026-09-06T20:38:32.921,421,0,2,51,1615,196,20450,1127,137,14667,0x07
2026-09-06T20:38:32.921,420,0,1,52,-1091,0,15452,-1640,-19,22441,0x07
2026-09-06T20:38:32.986,423,0,2,52,0,0,11597,0,0,4282,0x07
2026-09-06T20:38:32.986,422,0,1,51,0,0,12879,0,0,17331,0x07
2026-09-06T20:38:33.051,425,0,2,51,0,0,0,0,0,0,0x03
2026-09-06T20:38:33.051,424,0,1,50,0,0,0,0,0,0,0x03
2026-09-06T20:38:33.132,427,0,2,51,0,0,16012,0,0,17550,0x07
2026-09-06T20:38:33.132,426,0,1,57,-1116,0,15752,-1753,0,23932,0x07
2026-09-06T20:38:33.197,429,0,2,50,1826,260,22669,2053,240,25257,0x07
2026-09-06T20:38:33.197,428,0,1,51,-1116,-20,15669,0,0,16461,0x07
2026-09-06T20:38:33.262,431,0,2,55,1988,527,23440,1566,364,18932,0x07
2026-09-06T20:38:33.262,430,0,1,50,-1687,0,22605,1750,20,23814,0x07
2026-09-06T20:38:33.327,433,0,2,50,1988,800,22281,1566,440,18607,0x07
2026-09-06T20:38:33.327,432,0,1,52,-1687,0,22605,1750,0,23898,0x07
2026-09-06T20:38:33.393,435,0,2,51,1934,1039,20624,1499,647,16934,0x07
2026-09-06T20:38:33.393,434,0,1,51,-1687,0,22605,1750,0,23898,0x07
2026-09-06T20:38:33.652,437,0,2,51,1925,1255,19604,1511,706,16827,0x07
2026-09-06T20:38:33.652,436,0,1,50,-1687,0,22605,1750,0,23898,0x07
2026-09-06T20:38:34.137,439,0,2,51,1530,1333,14615,838,745,8645,0x07
2026-09-06T20:38:34.137,438,0,1,51,-1687,0,22605,1750,0,23898,0x07
2026-09-06T20:38:34.202,441,0,2,51,1682,1196,16985,1316,784,14165,0x07
2026-09-06T20:38:34.202,440,0,1,52,0,0,0,0,0,0,0x03
2026-09-06T20:38:34.267,443,0,2,51,0,0,19281,0,0,17844,0x07
2026-09-06T20:38:34.267,442,0,1,51,0,0,6686,0,0,13133,0x07
2026-09-06T20:38:34.332,445,0,2,50,0,0,0,0,0,0,0x03
2026-09-06T20:38:34.332,444,0,1,50,0,0,0,0,0,0,0x03
2026-09-06T20:38:34.397,447,0,2,50,0,0,21513,0,0,26381,0x07
2026-09-06T20:38:34.398,446,0,1,52,0,0,26345,0,0,24397,0x07
2026-09-06T20:38:34.463,449,0,2,50,2999,1820,29851,3194,1260,34487,0x07
2026-09-06T20:38:34.463,448,0,1,50,-3093,-220,38555,-2710,-40,35746,0x07
2026-09-06T20:38:34.527,451,0,2,51,2999,1235,32336,3194,1647,32842,0x07
2026-09-06T20:38:34.527,450,0,1,51,-2867,-745,33613,-3136,-235,40000,0x07
2026-09-06T20:38:34.592,453,0,2,51,3006,961,33573,3198,2059,31139,0x07
2026-09-06T20:38:34.592,452,0,1,50,-2857,-1080,32068,-3128,-20,40000,0x07
2026-09-06T20:38:34.674,455,0,2,51,3093,1451,32519,3174,1588,32864,0x07
2026-09-06T20:38:34.674,454,0,1,50,-2968,-1380,32125,0,0,16461,0x07
2026-09-06T20:38:34.738,457,0,2,56,3054,1875,30256,3208,1804,32352,0x07
2026-09-06T20:38:34.738,456,0,1,51,-1687,-1510,16188,1750,176,23148,0x07
2026-09-06T20:38:34.803,459,0,2,50,3054,2220,28790,3208,1940,31772,0x07
2026-09-06T20:38:34.803,458,0,1,50,-1687,-1500,16230,1750,500,21774,0x07
2026-09-06T20:38:34.868,461,0,2,51,2998,2314,27732,3208,2157,30850,0x07
2026-09-06T20:38:34.868,460,0,1,51,-1687,-1333,16938,1750,922,19982,0x07
2026-09-06T20:38:34.933,463,0,2,50,2871,2460,25621,3208,2460,29562,0x07
2026-09-06T20:38:34.933,462,0,1,51,-1687,-1275,17188,1750,980,19732,0x07
2026-09-06T20:38:34.999,465,0,2,51,0,0,14494,0,0,13447,0x07
2026-09-06T20:38:34.999,464,0,1,51,-1687,-1235,17355,1750,1137,19065,0x07
2026-09-06T20:38:35.064,467,0,2,50,-1625,-660,18593,-1517,-640,17174,0x07
2026-09-06T20:38:35.064,466,0,1,51,0,0,0,0,0,0,0x03
2026-09-06T20:38:35.129,469,0,2,51,-2320,-1176,24589,-3197,-490,37793,0x07
2026-09-06T20:38:35.129,468,0,1,52,0,0,14317,0,0,19119,0x07
2026-09-06T20:38:35.194,471,0,2,50,-2320,-1880,21599,-3197,-780,36561,0x07
2026-09-06T20:38:35.194,470,0,1,50,1543,60,20619,2072,520,25714,0x07
2026-09-06T20:38:35.274,473,0,2,51,0,0,3461,-2968,-1373,31324,0x07
2026-09-06T20:38:35.274,472,0,1,58,-511,-34,8336,-1169,-69,16330,0x07
2026-09-06T20:38:35.339,475,0,2,50,158,120,3624,0,0,11747,0x07
2026-09-06T20:38:35.339,474,0,1,52,-511,-327,7093,-1169,-731,13517,0x07
2026-09-06T20:38:35.404,477,0,2,50,654,380,8351,1295,880,13509,0x07
2026-09-06T20:38:35.405,476,0,1,50,-2716,-320,33604,-2486,-680,30215,0x07
2026-09-06T20:38:35.470,479,0,2,51,865,196,11627,1433,980,14727,0x07
2026-09-06T20:38:35.470,478,0,1,56,-3093,-1875,31521,-2708,-250,34828,0x07
2026-09-06T20:38:35.534,481,0,2,52,1050,269,13485,1630,288,20013,0x07
2026-09-06T20:38:35.534,480,0,1,51,-3093,-1490,33157,-2708,-78,35557,0x07
2026-09-06T20:38:35.600,483,0,2,51,1050,471,12629,1630,471,19239,0x07
2026-09-06T20:38:35.600,482,0,1,51,-2693,-961,30605,-2177,0,29242,0x07
2026-09-06T20:38:35.665,485,0,2,51,980,549,11477,1597,627,18180,0x07
2026-09-06T20:38:35.665,484,0,1,50,-2070,-740,24063,-1398,0,19496,0x07
2026-09-06T20:38:35.730,487,0,2,50,1087,660,12265,1652,800,18104,0x07
2026-09-06T20:38:35.730,486,0,1,55,-1160,-455,14347,-401,0,7012,0x07
2026-09-06T20:38:35.810,489,0,2,51,1022,706,11308,1632,941,17260,0x07
2026-09-06T20:38:35.810,488,0,1,50,-1160,-260,15173,-401,0,7012,0x07
2026-09-06T20:38:35.875,491,0,2,51,1084,804,11622,1660,1059,17101,0x07
2026-09-06T20:38:35.875,490,0,1,50,-1172,-380,14801,-388,0,6858,0x07
2026-09-06T20:38:35.940,493,0,2,51,1237,784,13501,1769,1176,17887,0x07
2026-09-06T20:38:35.940,492,0,1,50,-1215,-440,15060,-344,0,6307,0x07
2026-09-06T20:38:36.005,495,0,2,50,1121,820,11983,1728,1240,17138,0x07
2026-09-06T20:38:36.005,494,0,1,51,0,0,13440,0,0,9437,0x07
2026-09-06T20:38:36.070,497,0,2,51,1403,863,15118,1885,1235,19024,0x07
2026-09-06T20:38:36.070,496,0,1,50,1430,260,18412,900,20,13178,0x07
2026-09-06T20:38:36.135,499,0,2,51,1721,980,18368,2136,1216,22088,0x07
2026-09-06T20:38:36.135,498,0,1,51,2056,569,24624,1795,706,21458,0x07
2026-09-06T20:38:36.200,501,0,2,50,1943,1360,19373,2341,1440,23580,0x07
2026-09-06T20:38:36.200,500,0,1,52,2056,692,24099,1795,731,21352,0x07
2026-09-06T20:38:36.265,503,0,2,51,2184,1392,22067,2534,1490,25657,0x07
2026-09-06T20:38:36.265,502,0,1,51,2160,843,24698,1834,490,22862,0x07
2026-09-06T20:38:36.346,505,0,2,50,2174,1460,21663,2595,1560,26084,0x07
2026-09-06T20:38:36.347,504,0,1,50,2058,960,22981,1615,580,19738,0x07
2026-09-06T20:38:36.411,507,0,2,52,1915,1712,17544,2457,2019,22497,0x07
2026-09-06T20:38:36.411,506,0,1,57,1444,1404,13726,756,754,8247,0x07
2026-09-06T20:38:36.476,509,0,2,50,1915,1620,17933,2457,1960,22748,0x07
2026-09-06T20:38:36.476,508,0,1,50,1444,1360,13911,756,780,8139,0x07
2026-09-06T20:38:36.541,511,0,2,51,1723,1686,15392,2288,1980,20650,0x07
2026-09-06T20:38:36.541,510,0,1,50,1176,1260,11110,385,680,3921,0x07
2026-09-06T20:38:36.606,513,0,2,50,1392,1540,12120,2035,1860,18156,0x07
2026-09-06T20:38:36.606,512,0,1,51,0,0,11329,0,0,6694,0x07
2026-09-06T20:38:36.671,515,0,2,51,903,1373,7068,1645,1941,13164,0x07
2026-09-06T20:38:36.671,514,0,1,50,-1158,-280,15060,-568,-320,7750,0x07
2026-09-06T20:38:36.736,517,0,2,51,368,1157,1684,1223,1745,8980,0x07
2026-09-06T20:38:36.736,516,0,1,51,-1648,-39,21968,-1385,-255,18241,0x07
2026-09-06T20:38:36.801,519,0,2,51,271,569,3045,1323,1392,11669,0x07
2026-09-06T20:38:36.801,518,0,1,50,-2445,-460,29751,-2313,0,30945,0x07
2026-09-06T20:38:36.867,521,0,2,50,0,0,8711,0,0,13109,0x07
2026-09-06T20:38:36.867,520,0,1,50,-2445,-780,28391,-2313,-40,30775,0x07
2026-09-06T20:38:36.948,523,0,2,50,-856,-100,11924,-1473,-280,18178,0x07
2026-09-06T20:38:36.948,522,0,1,51,-2598,-882,29800,-2445,0,32601,0x07
2026-09-06T20:38:37.013,525,0,2,52,-1115,-135,14824,-1639,-827,17837,0x07
2026-09-06T20:38:37.013,524,0,1,51,-2570,-1137,28380,-2287,0,30617,0x07
2026-09-06T20:38:37.078,527,0,2,52,-830,-154,11390,-1510,-212,18908,0x07
2026-09-06T20:38:37.078,526,0,1,51,-2265,-1471,23293,-1752,0,23924,0x07
2026-09-06T20:38:37.143,529,0,2,52,-481,-308,6628,-1229,-500,14342,0x07
2026-09-06T20:38:37.143,528,0,1,52,-1483,-1442,14027,-628,0,9859,0x07
2026-09-06T20:38:37.208,531,0,2,51,-415,-392,5486,-1174,-745,12651,0x07
2026-09-06T20:38:37.208,530,0,1,52,1943,96,25276,1534,0,21190,0x07
2026-09-06T20:38:37.273,533,0,2,50,0,0,6183,0,0,10843,0x07
2026-09-06T20:38:37.273,532,0,1,50,1943,280,24495,1534,560,18810,0x07
2026-09-06T20:38:37.338,535,0,2,50,520,120,7883,1176,200,14992,0x07
2026-09-06T20:38:37.339,534,0,1,52,2598,654,30767,2836,808,34057,0x07
2026-09-06T20:38:37.404,537,0,2,50,435,400,5691,1153,880,11824,0x07
2026-09-06T20:38:37.404,536,0,1,51,1796,529,21664,3208,1196,37067,0x07
2026-09-06T20:38:37.485,539,0,2,50,418,40,7023,1170,180,15006,0x07
2026-09-06T20:38:37.485,538,0,1,50,1262,720,14435,2117,1240,23218,0x07
2026-09-06T20:38:37.550,541,0,2,50,371,160,5961,1219,300,15079,0x07
2026-09-06T20:38:37.550,540,0,1,50,608,820,6160,1446,920,16186,0x07
2026-09-06T20:38:37.615,543,0,2,52,351,173,5670,1240,442,14720,0x07
2026-09-06T20:38:37.615,542,0,1,51,378,647,4131,1212,941,13170,0x07
2026-09-06T20:38:37.681,545,0,2,51,366,235,5585,1224,627,13742,0x07
2026-09-06T20:38:37.681,544,0,1,50,387,480,4946,1203,960,12975,0x07
2026-09-06T20:38:37.746,547,0,2,50,377,240,5692,1213,680,13385,0x07
2026-09-06T20:38:37.746,546,0,1,50,386,460,5028,1203,940,13060,0x07
2026-09-06T20:38:37.811,549,0,2,50,389,280,5665,1200,700,13150,0x07
2026-09-06T20:38:37.811,548,0,1,51,368,392,5101,1222,784,13958,0x07
2026-09-06T20:38:37.876,551,0,2,51,445,294,6265,1142,725,12350,0x07
2026-09-06T20:38:37.876,550,0,1,50,0,0,8200,0,0,13434,0x07
2026-09-06T20:38:37.941,553,0,2,51,484,294,6717,1102,745,11792,0x07
2026-09-06T20:38:37.941,552,0,1,50,-755,-260,10303,-1384,-40,19146,0x07
2026-09-06T20:38:38.022,555,0,2,50,560,280,7679,1104,780,11666,0x07
2026-09-06T20:38:38.022,554,0,1,52,-1203,-288,15563,-1672,-77,22598,0x07
2026-09-06T20:38:38.071,557,0,2,53,1476,434,17811,1886,755,21079,0x07
2026-09-06T20:38:38.072,556,0,1,50,-1558,-440,19187,-2052,0,27683,0x07
2026-09-06T20:38:38.152,559,0,2,50,1476,660,16850,1886,820,20801,0x07
2026-09-06T20:38:38.152,558,0,1,51,-1558,-412,19307,-2052,0,27683,0x07
2026-09-06T20:38:38.216,561,0,2,50,1922,860,21247,2263,880,25030,0x07
2026-09-06T20:38:38.216,560,0,1,51,-1743,-569,20864,-2191,0,29421,0x07
2026-09-06T20:38:38.281,563,0,2,54,2164,1019,23426,2510,1000,27452,0x07
2026-09-06T20:38:38.281,562,0,1,54,-1939,-685,22723,-2350,0,31401,0x07
2026-09-06T20:38:38.347,565,0,2,50,2138,1320,21831,2568,1440,26282,0x07
2026-09-06T20:38:38.347,564,0,1,50,-2196,-940,24729,-2541,0,33797,0x07
2026-09-06T20:38:38.412,567,0,2,50,2168,1500,21427,2589,1560,26022,0x07
2026-09-06T20:38:38.412,566,0,1,50,-2513,-1140,27683,-2765,0,36596,0x07
2026-09-06T20:38:38.477,569,0,2,53,1940,1679,17979,2439,1868,22927,0x07
2026-09-06T20:38:38.477,568,0,1,51,-2895,-1314,31529,-2992,0,39438,0x07
2026-09-06T20:38:38.542,571,0,2,51,1940,1667,18032,2439,1941,22615,0x07
2026-09-06T20:38:38.542,570,0,1,50,-3093,-1680,32350,-3092,0,40000,0x07
2026-09-06T20:38:38.607,573,0,2,50,1800,1680,16328,2334,1920,21457,0x07
2026-09-06T20:38:38.607,572,0,1,50,-3093,-1800,31840,-2912,0,38436,0x07
2026-09-06T20:38:38.688,575,0,2,50,2015,1760,18510,2420,1920,22477,0x07
2026-09-06T20:38:38.688,574,0,1,50,-2763,-1920,27367,-2156,-20,28898,0x07
2026-09-06T20:38:38.753,577,0,2,57,1999,1018,21479,2451,1772,23481,0x07
2026-09-06T20:38:38.753,576,0,1,55,1134,109,15503,540,0,8751,0x07
2026-09-06T20:38:38.818,579,0,2,52,1999,962,21717,2451,1654,23983,0x07
2026-09-06T20:38:38.818,578,0,1,50,1134,220,15032,540,60,8496,0x07
2026-09-06T20:38:38.882,581,0,2,51,2192,1275,22667,2562,1627,25414,0x07
2026-09-06T20:38:38.882,580,0,1,52,2305,173,29298,2613,192,33887,0x07
2026-09-06T20:38:38.947,583,0,2,50,1795,1560,16770,2391,1580,23581,0x07
2026-09-06T20:38:38.947,582,0,1,50,2860,540,34395,3208,1760,34670,0x07
2026-09-06T20:38:39.012,585,0,2,51,2267,1627,22045,2563,1647,25334,0x07
2026-09-06T20:38:39.012,584,0,1,50,2539,920,28931,3208,1960,33820,0x07
2026-09-06T20:38:39.077,587,0,2,51,2507,1843,23953,2776,1745,27458,0x07
2026-09-06T20:38:39.077,586,0,1,50,2074,1120,22488,2761,2040,27883,0x07
2026-09-06T20:38:39.159,589,0,2,52,2496,1769,24136,2848,1769,28210,0x07
2026-09-06T20:38:39.159,588,0,1,54,1712,1463,16691,2239,1185,24980,0x07
2026-09-06T20:38:39.223,591,0,2,51,2544,2157,23052,2879,2078,27270,0x07
2026-09-06T20:38:39.223,590,0,1,50,1712,1420,16873,2239,1300,24492,0x07
2026-09-06T20:38:39.288,593,0,2,51,2477,2059,22683,2866,2098,27087,0x07
2026-09-06T20:38:39.288,592,0,1,50,1851,1380,18713,2301,1520,24332,0x07
2026-09-06T20:38:39.353,595,0,2,53,2028,2208,16767,2587,2208,23404,0x07
2026-09-06T20:38:39.418,597,0,2,51,0,0,3556,2587,2157,23671,0x07
2026-09-06T20:38:39.418,596,0,1,51,2026,1490,20340,2457,1667,25663,0x07
2026-09-06T20:38:39.676,599,0,2,50,-171,-720,1222,0,0,13034,0x07
2026-09-06T20:38:39.676,598,0,1,50,1983,1500,19788,2454,1800,25061,0x07
2026-09-06T20:38:39.757,599,0,2,50,-872,-200,11685,-1447,-200,18332,0x07
2026-09-06T20:38:39.757,598,0,1,52,1828,1731,16938,2359,1769,24000,0x07
2026-09-06T20:38:39.822,599,0,2,54,-872,-185,11748,-1447,-259,18080,0x07
2026-09-06T20:38:39.822,602,0,1,51,1828,1647,17294,2359,1902,23435,0x07
2026-09-06T20:38:39.887,605,0,2,58,-2810,0,35350,-3045,-17,38240,0x07
2026-09-06T20:38:39.887,604,0,1,50,0,0,5320,0,0,11967,0x07
2026-09-06T20:38:39.952,607,0,2,51,0,0,0,0,0,0,0x03
2026-09-06T20:38:39.952,606,0,1,50,0,0,0,0,0,0,0x03
2026-09-06T20:38:40.017,609,0,2,52,0,0,13163,0,0,17229,0x07
2026-09-06T20:38:40.017,608,0,1,51,0,0,23570,0,0,22460,0x07
2026-09-06T20:38:40.082,611,0,2,50,1448,840,15746,1990,1540,19140,0x07
2026-09-06T20:38:40.082,610,0,1,51,2735,784,31862,2476,627,30316,0x07
2026-09-06T20:38:40.147,613,0,2,50,1614,260,20166,2091,1080,22306,0x07
2026-09-06T20:38:40.147,612,0,1,51,1828,1314,18710,2494,1235,27955,0x07
2026-09-06T20:38:40.228,615,0,2,50,1648,400,19976,2148,440,25704,0x07
2026-09-06T20:38:40.228,614,0,1,50,1094,760,12250,1896,1060,21214,0x07
2026-09-06T20:38:40.293,617,0,2,53,1689,774,18873,2205,1038,23852,0x07
2026-09-06T20:38:40.293,616,0,1,51,345,784,3155,1246,1275,12178,0x07
2026-09-06T20:38:40.358,619,0,2,50,1689,860,18506,2205,1100,23587,0x07
2026-09-06T20:38:40.358,618,0,1,50,312,440,4220,1280,1080,13429,0x07
2026-09-06T20:38:40.423,621,0,2,51,1792,686,20455,2259,647,26157,0x07
2026-09-06T20:38:40.423,620,0,1,51,0,0,11297,0,0,16330,0x07
2026-09-06T20:38:40.488,623,0,2,51,1949,137,24640,2372,1157,25340,0x07
2026-09-06T20:38:40.488,622,0,1,50,-1154,-100,15776,-1734,-500,21576,0x07
2026-09-06T20:38:40.553,625,0,2,51,1821,314,22381,2338,451,27933,0x07
2026-09-06T20:38:40.553,624,0,1,51,-2001,-20,26290,-2248,-608,27548,0x07
2026-09-06T20:38:40.618,627,0,2,50,1536,240,19330,2144,240,26517,0x07
2026-09-06T20:38:40.618,626,0,1,57,-2920,-667,34578,-3002,-140,38970,0x07
2026-09-06T20:38:40.683,629,0,2,51,974,0,13743,1638,0,21474,0x07
2026-09-06T20:38:40.683,628,0,1,50,-2920,-840,33841,-3002,0,39566,0x07
2026-09-06T20:38:40.765,631,0,2,52,974,0,13743,1638,0,21474,0x07
2026-09-06T20:38:40.765,630,0,1,50,-3093,-1220,34305,-3093,0,40000,0x07
2026-09-06T20:38:40.830,633,0,2,50,857,0,12361,1509,0,19929,0x07
2026-09-06T20:38:40.830,632,0,1,56,-2990,-1679,31121,-2576,0,34235,0x07
2026-09-06T20:38:40.895,635,0,2,51,651,0,9933,1344,0,17951,0x07
2026-09-06T20:38:40.895,634,0,1,50,-2990,-1760,30775,-2576,0,34235,0x07
2026-09-06T20:38:40.960,637,0,2,52,715,0,10689,1340,0,17913,0x07
2026-09-06T20:38:40.960,636,0,1,51,-2330,-1863,22407,-1621,0,22282,0x07
2026-09-06T20:38:41.024,639,0,2,51,553,0,8786,1242,0,16732,0x07
2026-09-06T20:38:41.024,638,0,1,51,0,0,14249,0,0,10490,0x07
2026-09-06T20:38:41.089,641,0,2,50,538,0,8604,1195,0,16169,0x07
2026-09-06T20:38:41.089,640,0,1,51,1534,235,19769,1028,137,14274,0x07
2026-09-06T20:38:41.155,643,0,2,50,538,0,8604,1195,0,16169,0x07
2026-09-06T20:38:41.155,642,0,1,50,2539,420,31051,2940,500,36670,0x07
2026-09-06T20:38:41.220,645,0,2,51,597,0,9299,1231,0,16606,0x07
2026-09-06T20:38:41.220,644,0,1,51,2799,863,32299,3208,2353,32150,0x07
2026-09-06T20:38:41.301,647,0,2,51,435,0,7387,1153,0,15671,0x07
2026-09-06T20:38:41.301,646,0,1,50,1998,720,23284,2926,1420,32585,0x07
2026-09-06T20:38:41.367,649,0,2,54,464,0,7734,1123,0,15307,0x07
2026-09-06T20:38:41.367,648,0,1,51,978,863,10428,1922,1353,20302,0x07
2026-09-06T20:38:41.432,651,0,2,52,464,0,7734,1123,0,15307,0x07
2026-09-06T20:38:41.432,650,0,1,50,297,880,2168,1296,1180,13201,0x07
2026-09-06T20:38:41.497,653,0,2,51,425,0,7280,1163,0,15788,0x07
2026-09-06T20:38:41.497,652,0,1,50,0,0,7103,0,0,12402,0x07
2026-09-06T20:38:41.562,655,0,2,56,417,0,7180,1171,0,15889,0x07
2026-09-06T20:38:41.562,654,0,1,51,-613,-98,9293,-1259,-510,15586,0x07
2026-09-06T20:38:41.628,657,0,2,52,417,0,7180,1171,0,15889,0x07
2026-09-06T20:38:41.628,656,0,1,50,-1252,0,17381,-1672,-540,20621,0x07
2026-09-06T20:38:41.693,659,0,2,51,415,0,7152,1174,0,15923,0x07
2026-09-06T20:38:41.693,658,0,1,51,-1838,-235,23416,-2158,-176,28259,0x07
2026-09-06T20:38:41.758,661,0,2,52,412,0,7122,0,0,15378,0x07
2026-09-06T20:38:41.758,660,0,1,51,-2381,-412,29189,-2596,-20,34397,0x07
2026-09-06T20:38:41.823,663,0,2,56,1687,71,21830,-1750,-1357,17048,0x07
2026-09-06T20:38:41.823,662,0,1,52,-2745,-712,32292,-2897,0,38256,0x07
2026-09-06T20:38:41.888,665,0,2,52,1687,269,20990,-1750,-1000,18566,0x07
2026-09-06T20:38:41.888,664,0,1,51,-2947,-1431,31653,-3066,0,40000,0x07
2026-09-06T20:38:41.970,667,0,2,50,1687,420,20349,-1750,-500,20690,0x07
2026-09-06T20:38:41.970,666,0,1,51,-3047,-1490,32602,-3146,0,40000,0x07
2026-09-06T20:38:42.035,669,0,2,50,1687,220,21199,-1750,-740,19670,0x07
2026-09-06T20:38:42.035,668,0,1,50,-3093,-1640,32520,-3111,0,40000,0x07
2026-09-06T20:38:42.100,671,0,2,50,1687,0,22134,-1750,-860,19160,0x07
2026-09-06T20:38:42.100,670,0,1,50,-3093,-1820,31755,-2778,0,36762,0x07
2026-09-06T20:38:42.165,673,0,2,50,0,0,0,0,0,0,0x03
2026-09-06T20:38:42.165,672,0,1,51,-2454,-1824,24065,-1687,0,23113,0x07
2026-09-06T20:38:42.231,675,0,2,55,-1834,0,23865,-2320,0,29644,0x07
2026-09-06T20:38:42.231,674,0,1,50,0,0,15896,0,0,12650,0x07
2026-09-06T20:38:42.296,677,0,2,51,-1834,-1000,19615,-2320,-1627,22727,0x07
2026-09-06T20:38:42.296,676,0,1,55,2604,182,32846,2982,545,36998,0x07
2026-09-06T20:38:42.361,679,0,2,52,-2638,-404,31611,-2737,-1346,28906,0x07
2026-09-06T20:38:42.361,678,0,1,50,2604,880,29879,2982,1240,34046,0x07
2026-09-06T20:38:42.426,681,0,2,51,-3093,-824,35186,-3038,-1059,33730,0x07
2026-09-06T20:38:42.426,680,0,1,52,2794,846,32304,3208,1692,34958,0x07
2026-09-06T20:38:42.491,683,0,2,55,-2962,-2091,28262,-2556,-1564,25815,0x07
2026-09-06T20:38:42.491,682,0,1,50,2158,560,25882,2991,2100,30505,0x07
2026-09-06T20:38:42.573,685,0,2,51,-2962,-1725,29815,-2556,-1843,24627,0x07
2026-09-06T20:38:42.573,684,0,1,50,1261,1020,13155,2141,1240,23525,0x07
2026-09-06T20:38:42.638,687,0,2,51,-2547,-1824,24513,-2054,-1902,18377,0x07
2026-09-06T20:38:42.638,686,0,1,50,570,1020,4856,1424,1000,15574,0x07
2026-09-06T20:38:42.703,689,0,2,50,-2185,-2040,19322,-1680,-1820,14242,0x07
2026-09-06T20:38:42.703,688,0,1,51,403,824,3686,1186,980,12670,0x07
2026-09-06T20:38:42.768,691,0,2,51,-1847,-1824,16270,-1276,-1255,11805,0x07
2026-09-06T20:38:42.768,690,0,1,51,419,529,5129,1169,1059,12126,0x07
2026-09-06T20:38:42.833,693,0,2,50,-1582,-1920,12738,-992,-1120,8984,0x07
2026-09-06T20:38:42.833,692,0,1,51,404,471,5193,1185,1020,12494,0x07
2026-09-06T20:38:42.898,695,0,2,53,-1430,-1377,13252,-902,-1075,8088,0x07
2026-09-06T20:38:42.898,694,0,1,50,400,380,5534,1189,820,13391,0x07
2026-09-06T20:38:42.963,697,0,2,50,-1430,-1440,12986,-902,-980,8494,0x07
2026-09-06T20:38:42.963,696,0,1,51,345,39,6317,1247,706,14598,0x07
2026-09-06T20:38:43.028,699,0,2,50,-1410,-1260,13517,-867,-880,8499,0x07
2026-09-06T20:38:43.029,698,0,1,51,0,0,12722,0,0,17652,0x07
2026-09-06T20:38:43.110,701,0,2,50,-1405,-1160,13882,-869,-840,8704,0x07
2026-09-06T20:38:43.110,700,0,1,51,-1337,-255,17323,-1894,-59,25452,0x07
2026-09-06T20:38:43.175,703,0,2,51,-1547,-1157,15568,-1107,-784,11785,0x07
2026-09-06T20:38:43.175,702,0,1,53,-2376,-528,28635,-2658,-94,34859,0x07
2026-09-06T20:38:43.239,705,0,2,52,-1811,-1212,18442,-1480,-731,16479,0x07
2026-09-06T20:38:43.239,704,0,1,50,-2376,-640,28160,-2658,-40,35090,0x07
2026-09-06T20:38:43.305,707,0,2,53,-2308,-1321,23837,-2151,-1264,22249,0x07
2026-09-06T20:38:43.305,706,0,1,51,-2542,-824,29372,-2824,-20,37262,0x07
2026-09-06T20:38:43.370,709,0,2,51,-2308,-1353,23700,-2151,-2020,19038,0x07
2026-09-06T20:38:43.370,708,0,1,51,-2665,-1196,29265,-2933,0,38699,0x07
2026-09-06T20:38:43.435,711,0,2,51,-2597,-1412,26851,-2540,-1118,27517,0x07
2026-09-06T20:38:43.436,710,0,1,51,-2828,-1412,30309,-3030,0,39921,0x07
2026-09-06T20:38:43.500,713,0,2,51,-2803,-1608,28436,-2802,-1333,29743,0x07
2026-09-06T20:38:43.500,712,0,1,50,-3073,-1620,32371,-3114,0,40000,0x07
2026-09-06T20:38:43.565,715,0,2,51,-2935,-2020,28240,-2981,-1686,30389,0x07
2026-09-06T20:38:43.565,714,0,1,52,-3093,-1750,32053,-3068,0,40000,0x07
2026-09-06T20:38:43.646,717,0,2,51,-3013,-2157,28578,-3181,-1922,31781,0x07
2026-09-06T20:38:43.646,716,0,1,51,-3048,-1941,30698,-2594,0,34459,0x07
2026-09-06T20:38:43.695,719,0,2,50,-3026,-2240,28384,-3208,-2300,30499,0x07
2026-09-06T20:38:43.695,718,0,1,50,-2135,-1820,20255,-1242,0,17542,0x07
2026-09-06T20:38:43.776,721,0,2,51,-2980,-2412,27109,-3208,-2490,29691,0x07
2026-09-06T20:38:43.776,720,0,1,51,0,0,18341,0,0,15893,0x07
2026-09-06T20:38:43.841,723,0,2,50,-2980,-2540,26564,-3208,-2520,29564,0x07
2026-09-06T20:38:43.841,722,0,1,51,2062,1157,22186,1681,471,21039,0x07
2026-09-06T20:38:43.906,725,0,2,50,-2971,-2640,26028,-3206,-2620,29114,0x07
2026-09-06T20:38:43.906,724,0,1,51,2478,980,27941,2485,627,30430,0x07
2026-09-06T20:38:43.971,727,0,2,59,-2963,-2729,25559,-3189,-2763,28304,0x07
2026-09-06T20:38:43.971,726,0,1,54,2909,1519,30833,2910,944,34400,0x07
2026-09-06T20:38:44.037,729,0,2,50,-2963,-2680,25767,-3189,-2840,27975,0x07
2026-09-06T20:38:44.037,728,0,1,51,2909,1784,29704,2910,1412,32414,0x07
2026-09-06T20:38:44.102,731,0,2,50,-2959,-2940,24615,-3185,-2880,27754,0x07
2026-09-06T20:38:44.102,730,0,1,50,2950,1600,30972,2868,1640,30913,0x07
2026-09-06T20:38:44.167,733,0,2,50,-2987,-2540,26639,-3183,-2880,27725,0x07
2026-09-06T20:38:44.167,732,0,1,50,2935,1540,31050,2815,1880,29237,0x07
2026-09-06T20:38:44.231,735,0,2,51,-2986,-2706,25923,-3191,-2882,27811,0x07
2026-09-06T20:38:44.231,734,0,1,50,2903,1960,28883,2763,1920,28419,0x07
2026-09-06T20:38:44.312,737,0,2,51,-2949,-2980,24327,-3193,-2902,27762,0x07
2026-09-06T20:38:44.313,736,0,1,51,2885,2255,27407,2761,1922,28386,0x07
2026-09-06T20:38:44.377,739,0,2,51,-2982,-2608,26296,-3182,-2804,28040,0x07
2026-09-06T20:38:44.377,738,0,1,50,2846,2300,26753,2665,2140,26253,0x07
2026-09-06T20:38:44.441,741,0,2,51,-2445,-2843,18980,-2650,-2961,21008,0x07
2026-09-06T20:38:44.441,740,0,1,50,2592,2340,23532,2198,2280,19810,0x07
2026-09-06T20:38:44.506,743,0,2,51,-1109,-1588,8578,-1485,-1725,12306,0x07
2026-09-06T20:38:44.506,742,0,1,51,2592,2275,23810,2198,2098,20583,0x07
2026-09-06T20:38:44.571,745,0,2,51,-2175,-1353,22131,-326,-1451,2727,0x07
2026-09-06T20:38:44.571,744,0,1,51,2463,2431,21587,2151,1941,20663,0x07
2026-09-06T20:38:44.636,747,0,2,53,1805,94,23126,1362,19,18093,0x07
2026-09-06T20:38:44.636,746,0,1,56,1831,2125,15307,1226,1893,9296,0x07
2026-09-06T20:38:44.718,749,0,2,50,1805,540,21232,1362,500,16048,0x07
2026-09-06T20:38:44.718,748,0,1,51,0,0,0,0,0,0,0x03
2026-09-06T20:38:44.767,751,0,2,51,2332,235,28728,2327,1098,25058,0x07
2026-09-06T20:38:44.767,750,0,1,51,0,0,0,0,0,0,0x03
2026-09-06T20:38:44.848,753,0,2,50,2684,180,33103,2678,760,30688,0x07
2026-09-06T20:38:44.848,752,0,1,51,0,0,12335,0,0,4215,0x07
2026-09-06T20:38:44.913,755,0,2,51,2739,1000,30269,2537,1078,27651,0x07
2026-09-06T20:38:44.913,754,0,1,50,0,0,11191,0,0,6515,0x07
2026-09-06T20:38:44.978,757,0,2,50,2623,1140,28304,2310,1380,23654,0x07
2026-09-06T20:38:44.978,756,0,1,50,-1140,-220,15101,-547,-480,6798,0x07
2026-09-06T20:38:45.043,759,0,2,53,2347,1679,22770,2001,1302,20291,0x07
2026-09-06T20:38:45.043,758,0,1,56,-2111,-36,27551,-1880,-357,24001,0x07
2026-09-06T20:38:45.108,761,0,2,50,2347,1760,22427,2001,1500,19449,0x07
2026-09-06T20:38:45.108,760,0,1,51,-2111,-235,26703,-1880,-118,25019,0x07
2026-09-06T20:38:45.173,763,0,2,50,2198,1720,20838,1775,1520,16657,0x07
2026-09-06T20:38:45.173,762,0,1,50,-2285,-400,28085,-2032,0,27428,0x07
2026-09-06T20:38:45.238,765,0,2,50,2031,1860,18279,1571,1560,14044,0x07
2026-09-06T20:38:45.238,764,0,1,50,-2153,-660,25396,-1702,0,23298,0x07
2026-09-06T20:38:45.304,767,0,2,57,1445,1632,12350,809,1298,6035,0x07
2026-09-06T20:38:45.304,766,0,1,54,-1566,-1000,16904,-912,0,13416,0x07
2026-09-06T20:38:45.386,769,0,2,51,1445,1569,12618,809,1118,6802,0x07
2026-09-06T20:38:45.386,768,0,1,51,-1566,-1000,16904,-912,0,13416,0x07
2026-09-06T20:38:45.450,771,0,2,50,1196,1480,10067,363,920,2304,0x07
2026-09-06T20:38:45.450,770,0,1,52,-1218,-1038,12563,-340,0,6254,0x07
2026-09-06T20:38:45.515,773,0,2,51,0,0,12760,0,0,12151,0x07
2026-09-06T20:38:45.515,772,0,1,51,0,0,16173,0,0,13018,0x07
2026-09-06T20:38:45.579,775,0,2,50,-1394,-540,16390,-1332,-740,14667,0x07
2026-09-06T20:38:45.579,774,0,1,50,1782,320,22387,1334,220,17750,0x07
2026-09-06T20:38:45.644,777,0,2,51,-2213,-255,27243,-2047,-275,25206,0x07
2026-09-06T20:38:45.644,776,0,1,51,2414,255,30249,2508,863,29714,0x07
2026-09-06T20:38:45.709,779,0,2,55,666,55,9884,1206,55,16072,0x07
2026-09-06T20:38:45.709,778,0,1,57,2943,1737,30314,3208,1368,36334,0x07
2026-09-06T20:38:45.774,781,0,2,51,0,0,2779,1206,784,12971,0x07
2026-09-06T20:38:45.774,780,0,1,50,2943,2300,27921,3208,1280,36710,0x07
2026-09-06T20:38:45.840,783,0,2,51,-67,-196,2232,958,941,9329,0x07
2026-09-06T20:38:45.840,782,0,1,50,2938,1920,29466,3208,1640,35180,0x07
2026-09-06T20:38:45.921,785,0,2,50,0,0,3233,896,40,12421,0x07
2026-09-06T20:38:45.921,784,0,1,50,2851,1520,30125,3195,1920,33819,0x07
2026-09-06T20:38:45.986,787,0,2,54,358,167,5773,801,167,10743,0x07
2026-09-06T20:38:45.986,786,0,1,56,2000,1643,19387,2689,2089,26770,0x07
2026-09-06T20:38:46.051,789,0,2,52,358,192,5664,801,173,10716,0x07
2026-09-06T20:38:46.051,788,0,1,50,2000,1800,18719,2689,2160,26469,0x07
2026-09-06T20:38:46.117,791,0,2,50,770,120,10826,1176,200,15098,0x07
2026-09-06T20:38:46.117,790,0,1,50,1231,1840,9305,2040,2160,18353,0x07
2026-09-06T20:38:46.181,793,0,2,51,988,275,12732,1406,412,16951,0x07
2026-09-06T20:38:46.181,792,0,1,51,323,784,2883,1270,1667,10805,0x07
2026-09-06T20:38:46.245,795,0,2,51,1180,471,14163,1580,490,18696,0x07
2026-09-06T20:38:46.245,794,0,1,50,0,0,8139,0,0,13377,0x07
2026-09-06T20:38:46.310,797,0,2,50,1216,600,14038,1658,660,18904,0x07
2026-09-06T20:38:46.310,796,0,1,50,-747,-80,10974,-1377,-680,16339,0x07
2026-09-06T20:38:46.375,799,0,2,52,910,827,9470,1458,923,15401,0x07
2026-09-06T20:38:46.375,798,0,1,52,-2091,-212,26556,-2370,-942,27650,0x07
2026-09-06T20:38:46.457,801,0,2,52,910,846,9388,1458,1000,15074,0x07
2026-09-06T20:38:46.457,800,0,1,51,-2091,-784,24122,-2370,-686,28738,0x07
2026-09-06T20:38:46.522,803,0,2,50,602,860,5702,1219,1040,12043,0x07
2026-09-06T20:38:46.522,802,0,1,51,-2622,-902,30004,-2772,-471,34692,0x07
2026-09-06T20:38:46.587,805,0,2,50,0,0,2555,972,1000,9255,0x07
2026-09-06T20:38:46.587,804,0,1,50,-3013,-920,34617,-3034,-260,38868,0x07
2026-09-06T20:38:46.652,807,0,2,52,-38,-19,2634,843,923,8035,0x07
2026-09-06T20:38:46.652,806,0,1,51,-3093,-1157,34573,-3084,0,40000,0x07
2026-09-06T20:38:46.717,809,0,2,50,-101,-80,3119,928,840,9399,0x07
2026-09-06T20:38:46.717,808,0,1,50,-3093,-1420,33455,-2968,0,39137,0x07
2026-09-06T20:38:46.781,811,0,2,52,-221,0,4873,-857,-19,12040,0x07
2026-09-06T20:38:46.781,810,0,1,51,-2357,-1804,22990,-1687,0,23113,0x07
2026-09-06T20:38:46.846,813,0,2,51,-221,-118,4373,-857,-118,11621,0x07
2026-09-06T20:38:46.847,812,0,1,51,0,0,0,0,0,0,0x03
2026-09-06T20:38:46.912,815,0,2,50,-474,-140,7261,-1014,-740,10855,0x07
2026-09-06T20:38:46.912,814,0,1,50,0,0,13702,0,0,2708,0x07
2026-09-06T20:38:46.992,817,0,2,50,-251,-140,4632,-975,-480,11498,0x07
2026-09-06T20:38:46.992,816,0,1,51,0,0,20525,0,0,18844,0x07
2026-09-06T20:38:47.057,819,0,2,56,-137,-18,3813,-1072,-214,13784,0x07
2026-09-06T20:38:47.057,818,0,1,51,2343,137,29899,2038,980,23341,0x07
2026-09-06T20:38:47.122,821,0,2,50,-137,-40,3719,-1072,-400,12995,0x07
2026-09-06T20:38:47.122,820,0,1,51,2814,1667,29056,3208,980,37983,0x07
2026-09-06T20:38:47.187,823,0,2,50,-169,-60,4011,-1041,-440,12460,0x07
2026-09-06T20:38:47.187,822,0,1,55,1821,1309,18646,2640,1109,30327,0x07
2026-09-06T20:38:47.252,825,0,2,51,-111,-39,3416,-1032,-510,12054,0x07
2026-09-06T20:38:47.252,824,0,1,50,1821,840,20640,2640,1360,29261,0x07
2026-09-06T20:38:47.317,827,0,2,51,-117,-98,3228,-1002,-549,11532,0x07
2026-09-06T20:38:47.317,826,0,1,51,1148,922,12215,1951,1490,20082,0x07
2026-09-06T20:38:47.382,829,0,2,52,-142,0,3947,-954,-558,10912,0x07
2026-09-06T20:38:47.382,828,0,1,52,372,981,2640,1253,1577,10980,0x07
2026-09-06T20:38:47.447,831,0,2,50,-199,-20,4529,-863,-500,10072,0x07
2026-09-06T20:38:47.447,830,0,1,57,-506,-53,8194,-1164,-70,16262,0x07
2026-09-06T20:38:47.528,833,0,2,51,-199,-176,3864,-863,-529,9947,0x07
2026-09-06T20:38:47.528,832,0,1,51,-506,-118,7917,-1164,-1059,12060,0x07
2026-09-06T20:38:47.593,835,0,2,51,-209,-59,4484,-831,-569,9391,0x07
2026-09-06T20:38:47.593,834,0,1,50,-1420,0,19403,-1754,-760,20716,0x07
2026-09-06T20:38:47.658,837,0,2,51,-394,-59,6661,-882,-569,10008,0x07
2026-09-06T20:38:47.658,836,0,1,50,-2237,-120,28699,-2415,-500,30091,0x07
2026-09-06T20:38:47.723,839,0,2,50,-684,-240,9299,-1121,-700,12315,0x07
2026-09-06T20:38:47.723,838,0,1,51,-2864,-882,32985,-2891,0,38173,0x07
2026-09-06T20:38:47.789,841,0,2,50,-642,-320,8470,-1170,-780,12553,0x07
2026-09-06T20:38:47.789,840,0,1,51,-3093,-1078,34907,-3095,0,40000,0x07
2026-09-06T20:38:47.854,843,0,2,50,-934,-440,11401,-1265,-800,13604,0x07
2026-09-06T20:38:47.854,842,0,1,51,-3093,-1353,33740,-3114,-39,40000,0x07
2026-09-06T20:38:47.919,845,0,2,51,-934,-588,10771,-1265,-863,13338,0x07
2026-09-06T20:38:47.919,844,0,1,51,-3093,-1804,31823,-2985,0,39351,0x07
2026-09-06T20:38:47.984,847,0,2,50,-862,-620,9789,-1269,-920,13144,0x07
2026-09-06T20:38:47.984,846,0,1,51,0,0,0,0,0,0,0x03
2026-09-06T20:38:48.065,849,0,2,52,-960,-635,10879,-1209,-962,12247,0x07
2026-09-06T20:38:48.065,848,0,1,51,0,0,0,0,0,0,0x03
2026-09-06T20:38:48.114,851,0,2,51,-690,-667,7562,-1070,-941,10670,0x07
2026-09-06T20:38:48.114,850,0,1,58,-1544,-69,20597,-2,0,2023,0x07
2026-09-06T20:38:48.196,853,0,2,50,-354,-640,3718,0,0,5816,0x07
2026-09-06T20:38:48.196,852,0,1,51,0,0,24070,0,0,23871,0x07
2026-09-06T20:38:48.261,855,0,2,55,-1233,-909,12919,-326,-18,5685,0x07
2026-09-06T20:38:48.261,854,0,1,50,2800,520,33759,2647,400,33419,0x07
2026-09-06T20:38:48.326,857,0,2,55,-1233,-909,12919,-326,-18,5685,0x07
2026-09-06T20:38:48.326,856,0,1,50,2938,1100,32956,3172,1080,37100,0x07
2026-09-06T20:38:48.391,859,0,2,52,0,0,11663,0,0,7105,0x07
2026-09-06T20:38:48.391,858,0,1,50,2800,780,32654,3208,1940,33905,0x07
2026-09-06T20:38:48.456,861,0,2,52,1248,231,15988,679,115,9499,0x07
2026-09-06T20:38:48.456,860,0,1,51,2397,1000,26884,3046,2039,31451,0x07
2026-09-06T20:38:48.521,863,0,2,53,1807,170,22829,1414,132,18231,0x07
2026-09-06T20:38:48.521,862,0,1,50,2042,1340,21173,2655,1100,30549,0x07
2026-09-06T20:38:48.586,865,0,2,50,1807,500,21426,1414,380,17178,0x07
2026-09-06T20:38:48.586,864,0,1,51,1769,1608,16751,2366,1333,25936,0x07
2026-09-06T20:38:48.651,867,0,2,51,1788,627,20650,1320,608,15082,0x07
2026-09-06T20:38:48.651,866,0,1,50,1793,1540,17335,2294,1400,24751,0x07
2026-09-06T20:38:48.733,869,0,2,50,1657,740,18634,1121,740,12145,0x07
2026-09-06T20:38:48.733,868,0,1,52,2160,1500,21907,2542,1750,26368,0x07
2026-09-06T20:38:48.798,871,0,2,50,1479,920,15780,892,820,9065,0x07
2026-09-06T20:38:48.798,870,0,1,51,2160,1549,21698,2542,1824,26055,0x07
2026-09-06T20:38:48.863,873,0,2,52,1305,981,13472,686,808,6641,0x07
2026-09-06T20:38:48.863,872,0,1,51,1238,1647,10207,2048,1902,19538,0x07
2026-09-06T20:38:48.928,875,0,2,53,1177,1094,11472,384,528,4217,0x07
2026-09-06T20:38:48.928,874,0,1,53,1188,1340,10913,1824,1755,17359,0x07
2026-09-06T20:38:48.993,877,0,2,50,1177,1100,11448,384,400,4762,0x07
2026-09-06T20:38:48.993,876,0,1,50,1188,1360,10827,1824,1800,17167,0x07
2026-09-06T20:38:49.058,879,0,2,50,1178,1020,11799,383,340,5004,0x07
2026-09-06T20:38:49.058,878,0,1,50,927,1260,8119,1605,1760,14599,0x07
2026-09-06T20:38:49.123,881,0,2,51,1174,980,11928,386,294,5240,0x07
2026-09-06T20:38:49.123,880,0,1,50,385,1020,2636,1204,1480,10778,0x07
2026-09-06T20:38:49.189,883,0,2,50,0,0,8855,0,0,9889,0x07
2026-09-06T20:38:49.189,882,0,1,52,0,0,11196,0,0,16234,0x07
2026-09-06T20:38:49.270,885,0,2,51,-875,-235,11575,-1039,-176,13555,0x07
2026-09-06T20:38:49.270,884,0,1,50,-1141,-40,15874,-1723,-700,20580,0x07
2026-09-06T20:38:49.336,887,0,2,51,-1438,-275,18035,-1060,-588,12061,0x07
2026-09-06T20:38:49.336,886,0,1,52,-2555,-19,32945,-2540,-692,30837,0x07
2026-09-06T20:38:49.401,889,0,2,50,-1752,-420,21115,-1276,-280,15956,0x07
2026-09-06T20:38:49.401,888,0,1,56,-3093,-857,35847,-3103,-125,40000,0x07
2026-09-06T20:38:49.466,891,0,2,50,-1752,-520,20690,-1276,-320,15786,0x07
2026-09-06T20:38:49.466,890,0,1,51,-3093,-1510,33073,-3103,0,40000,0x07
2026-09-06T20:38:49.531,893,0,2,51,-1631,-745,18303,-1101,-588,12543,0x07
2026-09-06T20:38:49.531,892,0,1,50,-3093,-1460,33285,-2710,0,35916,0x07
2026-09-06T20:38:49.596,895,0,2,50,-1492,-880,16097,-1000,-680,10950,0x07
2026-09-06T20:38:49.596,894,0,1,53,-1927,-1660,18433,-1218,0,17236,0x07
2026-09-06T20:38:49.661,897,0,2,52,-1435,-1019,14830,-1059,-712,11516,0x07
2026-09-06T20:38:49.661,896,0,1,51,-1927,-1608,18656,-1218,0,17236,0x07
2026-09-06T20:38:49.726,899,0,2,51,-1300,-1137,12747,-821,-725,8611,0x07
2026-09-06T20:38:49.726,898,0,1,50,0,0,0,0,0,0,0x03
2026-09-06T20:38:49.791,901,0,2,54,-978,-1037,9375,-530,-667,5370,0x07
2026-09-06T20:38:49.791,900,0,1,51,0,0,13002,0,0,8866,0x07
2026-09-06T20:38:49.872,903,0,2,52,-978,-942,9778,-530,-577,5752,0x07
2026-09-06T20:38:49.872,902,0,1,51,1374,412,17090,831,255,11315,0x07
2026-09-06T20:38:49.937,905,0,2,50,-759,-860,7550,0,0,4235,0x07
2026-09-06T20:38:49.937,904,0,1,50,2505,160,31751,2947,100,38457,0x07
2026-09-06T20:38:50.003,907,0,2,51,0,0,20472,307,59,5290,0x07
2026-09-06T20:38:50.003,906,0,1,50,0,0,0,0,0,0,0x03
2026-09-06T20:38:50.068,909,0,2,50,2419,1260,25398,2136,680,24551,0x07
2026-09-06T20:38:50.068,908,0,1,51,0,0,0,0,0,0,0x03
2026-09-06T20:38:50.134,911,0,2,51,2308,647,26696,1923,1157,19964,0x07
2026-09-06T20:38:50.134,910,0,1,51,0,0,0,0,0,0,0x03
2026-09-06T20:38:50.199,913,0,2,50,2193,840,24517,1853,680,21157,0x07
2026-09-06T20:38:50.199,912,0,1,51,0,0,20462,0,0,27715,0x07
2026-09-06T20:38:50.264,915,0,2,50,2193,1120,23327,1853,840,20477,0x07
2026-09-06T20:38:50.264,914,0,1,51,2335,1059,25885,3112,2137,31857,0x07
2026-09-06T20:38:50.330,917,0,2,52,2270,1288,23522,1989,1000,21426,0x07
2026-09-06T20:38:50.330,916,0,1,50,1883,1200,19863,2569,1680,27004,0x07
2026-09-06T20:38:50.394,919,0,2,51,2303,1490,23057,1996,1196,20682,0x07
2026-09-06T20:38:50.394,918,0,1,51,1624,686,18933,2242,1353,24302,0x07
2026-09-06T20:38:50.460,921,0,2,57,2457,1667,24119,2229,1316,22955,0x07
2026-09-06T20:38:50.460,920,0,1,52,1324,1038,13826,1914,1000,21698,0x07
2026-09-06T20:38:50.541,923,0,2,50,2457,1860,23297,2229,1540,22002,0x07
2026-09-06T20:38:50.541,922,0,1,51,1324,1078,13656,1914,1000,21698,0x07
2026-09-06T20:38:50.606,925,0,2,50,0,0,6617,2336,1540,23289,0x07
2026-09-06T20:38:50.606,924,0,1,51,1294,1137,13050,1868,1157,20453,0x07
2026-09-06T20:38:50.671,927,0,2,50,-578,-440,7202,0,0,9213,0x07
2026-09-06T20:38:50.671,926,0,1,50,1197,1100,12049,1797,1220,19299,0x07
2026-09-06T20:38:50.736,929,0,2,51,-971,-333,12287,-952,-490,11174,0x07
2026-09-06T20:38:50.736,928,0,1,51,1051,961,10882,1682,1333,17386,0x07
2026-09-06T20:38:50.802,931,0,2,51,-1347,-196,17299,-1094,-118,14467,0x07
2026-09-06T20:38:50.802,930,0,1,51,912,902,9463,1560,1314,15932,0x07
2026-09-06T20:38:50.866,933,0,2,52,-2133,-385,25750,-2102,-269,25886,0x07
2026-09-06T20:38:50.866,932,0,1,56,417,732,4244,1171,1339,10960,0x07
2026-09-06T20:38:50.931,935,0,2,50,-2133,-620,24749,-2102,-580,24565,0x07
2026-09-06T20:38:50.931,934,0,1,50,417,620,4721,1171,1160,11722,0x07
2026-09-06T20:38:50.996,937,0,2,50,0,0,22764,0,0,23358,0x07
2026-09-06T20:38:50.996,936,0,1,51,353,510,4419,1238,1059,12990,0x07
2026-09-06T20:38:51.077,939,0,2,51,2724,235,33340,2784,216,34271,0x07
2026-09-06T20:38:51.077,938,0,1,51,0,0,6655,0,0,11983,0x07
2026-09-06T20:38:51.142,941,0,2,50,3020,1580,31109,3203,2160,31032,0x07
2026-09-06T20:38:51.142,940,0,1,51,-1250,0,17360,-1658,-588,20245,0x07
2026-09-06T20:38:51.208,943,0,2,51,3051,902,34356,3208,2431,29941,0x07
2026-09-06T20:38:51.208,942,0,1,50,-1250,-60,17105,-1658,-480,20705,0x07
2026-09-06T20:38:51.272,945,0,2,55,3059,1236,33026,3208,1436,34169,0x07
2026-09-06T20:38:51.272,944,0,1,52,-1804,-115,23521,-2137,-308,27429,0x07
2026-09-06T20:38:51.337,947,0,2,50,3059,1500,31906,3208,1960,31944,0x07
2026-09-06T20:38:51.337,946,0,1,52,-2387,-615,28401,-2591,0,34427,0x07
2026-09-06T20:38:51.402,949,0,2,50,3063,1840,30508,3208,1800,32624,0x07
2026-09-06T20:38:51.402,948,0,1,51,-2748,-902,31520,-2899,-20,38190,0x07
2026-09-06T20:38:51.468,951,0,2,51,2961,2059,28382,3208,1549,33691,0x07
2026-09-06T20:38:51.468,950,0,1,51,-2996,-1157,33415,-3074,0,40000,0x07
2026-09-06T20:38:51.533,952,0,1,53,-3093,-1547,32915,-3068,0,40000,0x07
2026-09-06T20:38:51.614,955,0,2,50,2272,2220,19583,2864,2120,27142,0x07
2026-09-06T20:38:51.614,954,0,1,52,-3093,-1750,32053,-3068,0,40000,0x07
2026-09-06T20:38:51.679,957,0,2,50,1731,1820,14914,2421,1920,22687,0x07
2026-09-06T20:38:51.679,954,0,1,50,-3093,-1940,31245,-2827,0,37380,0x07
2026-09-06T20:38:51.744,957,0,2,50,966,1360,7864,1788,1100,18598,0x07
2026-09-06T20:38:51.744,954,0,1,50,-3093,-1880,31500,-2827,0,37380,0x07
2026-09-06T20:38:51.809,961,0,2,50,966,660,10839,1788,300,21998,0x07
2026-09-06T20:38:51.809,960,0,1,50,0,0,13609,0,0,2807,0x07
2026-09-06T20:38:51.874,963,0,2,50,0,0,8704,0,0,13232,0x07
2026-09-06T20:38:51.874,962,0,1,50,0,0,20485,0,0,18789,0x07
2026-09-06T20:38:51.938,965,0,2,57,-1728,-702,19635,-2020,-1018,21725,0x07
2026-09-06T20:38:51.939,964,0,1,52,2804,481,33978,3208,846,38554,0x07
2026-09-06T20:38:52.003,967,0,2,50,-1728,-820,19133,-2020,-1200,20950,0x07
2026-09-06T20:38:52.004,966,0,1,50,2804,1680,28882,3208,1420,36115,0x07
2026-09-06T20:38:52.068,969,0,2,51,-2167,-765,24535,-2451,-608,28620,0x07
2026-09-06T20:38:52.069,968,0,1,51,2420,1098,26740,3208,1725,34817,0x07
2026-09-06T20:38:52.149,971,0,2,50,-2188,-760,24799,-2586,-860,29170,0x07
2026-09-06T20:38:52.149,970,0,1,52,1247,654,14537,2244,1923,21909,0x07
2026-09-06T20:38:52.214,973,0,2,50,-2138,-1080,22855,-2584,-1440,26684,0x07
2026-09-06T20:38:52.214,972,0,1,50,280,540,3410,1314,980,14275,0x07
2026-09-06T20:38:52.280,975,0,2,51,-2125,-1294,21785,-2569,-1549,26032,0x07
2026-09-06T20:38:52.280,974,0,1,50,0,0,8559,0,0,13770,0x07
2026-09-06T20:38:52.344,977,0,2,52,-1857,-1615,17266,-2362,-1827,22379,0x07
2026-09-06T20:38:52.344,976,0,1,52,-1256,-19,17351,-1717,-538,21197,0x07
2026-09-06T20:38:52.409,979,0,2,50,-1857,-1560,17501,-2362,-1740,22748,0x07
2026-09-06T20:38:52.409,978,0,1,51,-1256,-39,17266,-1717,-333,22069,0x07
2026-09-06T20:38:52.474,981,0,2,51,-1850,-1667,16968,-2339,-1843,22029,0x07
2026-09-06T20:38:52.474,980,0,1,51,-1580,-20,21236,-2010,-157,26490,0x07
2026-09-06T20:38:52.540,983,0,2,51,-1716,-1824,14725,-2256,-2059,20128,0x07
2026-09-06T20:38:52.540,982,0,1,52,-2063,0,27115,-2372,0,31686,0x07
2026-09-06T20:38:52.605,985,0,2,51,-1496,-1510,13472,-2093,-1941,18675,0x07
2026-09-06T20:38:52.605,984,0,1,56,-2642,0,34068,-2864,0,37844,0x07
2026-09-06T20:38:52.671,987,0,2,50,-1349,-1500,11773,-1949,-1900,17119,0x07
2026-09-06T20:38:52.671,986,0,1,51,-2642,-118,33568,-2864,0,37844,0x07
2026-09-06T20:38:52.736,989,0,2,50,-1265,-1500,10792,-1857,-1780,16536,0x07
2026-09-06T20:38:52.736,988,0,1,50,-2712,-300,33640,-2976,0,39241,0x07
2026-09-06T20:38:52.818,991,0,2,52,-1616,-1404,15329,-2091,-1692,19700,0x07
2026-09-06T20:38:52.818,990,0,1,50,-2761,-640,32783,-3029,0,39904,0x07
2026-09-06T20:38:52.883,993,0,2,51,-1616,-1490,14962,-2091,-1706,19642,0x07
2026-09-06T20:38:52.883,992,0,1,51,-2762,-1353,29761,-3051,0,40000,0x07
2026-09-06T20:38:52.947,995,0,2,51,-1620,-1412,15347,-2131,-1706,20124,0x07
2026-09-06T20:38:52.947,994,0,1,51,-2875,-1490,30535,-3086,0,40000,0x07
2026-09-06T20:38:53.012,997,0,2,52,0,0,2672,-1072,-1288,9219,0x07
2026-09-06T20:38:53.012,996,0,1,55,-3093,-1800,31840,-3087,0,40000,0x07
2026-09-06T20:38:53.077,999,0,2,51,53,157,2232,-819,-902,7841,0x07
2026-09-06T20:38:53.077,998,0,1,51,-3093,-1902,31407,-3087,-20,40000,0x07
2026-09-06T20:38:53.142,1001,0,2,51,57,333,1521,-807,-902,7698,0x07
2026-09-06T20:38:53.142,1000,0,1,51,-3093,-1882,31490,-2686,0,35615,0x07
2026-09-06T20:38:53.207,1003,0,2,50,123,40,3555,-884,-780,9130,0x07
2026-09-06T20:38:53.207,1002,0,1,51,-2381,-1941,22694,-1614,0,22197,0x07
2026-09-06T20:38:53.272,1005,0,2,50,123,0,3725,0,0,7948,0x07
2026-09-06T20:38:53.272,1004,0,1,56,1774,71,23346,1323,0,18558,0x07
2026-09-06T20:38:53.352,1007,0,2,51,0,0,2540,788,275,10130,0x07
2026-09-06T20:38:53.352,1006,0,1,51,1774,294,22400,1323,588,16058,0x07
2026-09-06T20:38:53.418,1009,0,2,51,-36,-20,2609,774,667,8292,0x07
2026-09-06T20:38:53.418,1008,0,1,50,2647,580,31673,3093,580,38245,0x07
2026-09-06T20:38:53.482,1011,0,2,55,-255,-36,5116,817,73,11331,0x07
2026-09-06T20:38:53.482,1010,0,1,50,2738,920,31313,3208,2640,30930,0x07
2026-09-06T20:38:53.547,1013,0,2,50,-255,-240,4251,0,0,7735,0x07
2026-09-06T20:38:53.547,1012,0,1,51,1808,725,20976,2764,1118,31832,0x07
2026-09-06T20:38:53.612,1015,0,2,51,-296,-176,5006,-760,-98,10549,0x07
2026-09-06T20:38:53.612,1014,0,1,50,642,840,6484,1645,1260,17228,0x07
2026-09-06T20:38:53.677,1017,0,2,51,-909,-627,10302,-723,-569,8101,0x07
2026-09-06T20:38:53.677,1016,0,1,50,-513,-20,8413,-1170,-60,16380,0x07
2026-09-06T20:38:53.742,1019,0,2,50,-1250,-160,16305,-1080,-700,11816,0x07
2026-09-06T20:38:53.742,1018,0,1,50,-513,-60,8243,-1170,-800,13235,0x07
2026-09-06T20:38:53.808,1021,0,2,50,-1484,-440,17876,-1431,-400,17294,0x07
2026-09-06T20:38:53.808,1020,0,1,52,-1308,0,18049,-1685,-635,20381,0x07
2026-09-06T20:38:53.888,1023,0,2,59,-3093,-814,35228,-3079,-610,36131,0x07
2026-09-06T20:38:53.888,1022,0,1,51,-1977,-157,25419,-2248,-392,28460,0x07
2026-09-06T20:38:53.953,1025,0,2,57,-3073,-1281,33013,-3194,-1316,34506,0x07
2026-09-06T20:38:53.953,1024,0,1,51,-2930,-686,34617,-2856,0,37739,0x07
2026-09-06T20:38:54.019,1027,0,2,51,-3073,-1667,31373,-3194,-1961,31765,0x07
2026-09-06T20:38:54.019,1026,0,1,51,-2928,-1098,32842,-3092,-59,40000,0x07
2026-09-06T20:38:54.084,1029,0,2,51,-3055,-1922,30075,-3208,-1529,33774,0x07
2026-09-06T20:38:54.084,1028,0,1,53,-3093,-1547,32915,-3168,0,40000,0x07
2026-09-06T20:38:54.150,1031,0,2,50,-3018,-2120,28790,-3208,-2000,31774,0x07
2026-09-06T20:38:54.150,1030,0,1,51,-3093,-1725,32157,-3168,0,40000,0x07
2026-09-06T20:38:54.215,1033,0,2,50,-2941,-2300,27119,-3208,-2260,30669,0x07
2026-09-06T20:38:54.215,1032,0,1,50,-3093,-1920,31330,-3108,-20,40000,0x07
