timestamp,sequence,team,robot_id,interval_ms,left_target_eps,left_measured_eps,left_duty,right_target_eps,right_measured_eps,right_duty,flags
2026-09-06T13:04:10.978-03:00,20,0,2,50,0,0,0,0,0,0,0x03
2026-09-06T13:04:10.996-03:00,1,0,2,55,1012,0,15330,1050,0,15027,0x07
2026-09-06T13:04:11.019-03:00,2,0,2,55,1012,0,15330,1050,0,15027,0x07
2026-09-06T13:04:11.039-03:00,3,0,2,55,1012,0,15330,1050,0,15027,0x07
2026-09-06T13:04:11.057-03:00,4,0,2,50,1012,700,12632,1050,0,15673,0x07
2026-09-06T13:04:11.075-03:00,5,0,2,50,1012,700,12632,1050,0,15673,0x07
2026-09-06T13:04:11.098-03:00,6,0,2,51,1012,1196,10357,1050,0,16331,0x07
2026-09-06T13:04:11.116-03:00,7,0,2,51,1012,1196,10357,1050,0,16331,0x07
2026-09-06T13:04:11.136-03:00,8,0,2,51,1012,1196,10357,1050,0,16331,0x07
2026-09-06T13:04:11.154-03:00,9,0,2,50,1012,1100,10688,1050,0,16977,0x07
2026-09-06T13:04:11.176-03:00,10,0,2,50,1012,1100,10688,1050,0,16977,0x07
2026-09-06T13:04:11.194-03:00,11,0,2,50,1012,1100,10688,1050,0,16977,0x07
2026-09-06T13:04:11.214-03:00,12,0,2,53,1012,981,11222,1050,434,15534,0x07
2026-09-06T13:04:11.234-03:00,13,0,2,53,1012,981,11222,1050,434,15534,0x07
2026-09-06T13:04:11.257-03:00,14,0,2,56,1012,1000,11154,1050,1018,13075,0x07
2026-09-06T13:04:11.276-03:00,15,0,2,56,1012,1000,11154,1050,1018,13075,0x07
2026-09-06T13:04:11.294-03:00,16,0,2,56,1012,1000,11154,1050,1018,13075,0x07
2026-09-06T13:04:11.317-03:00,17,0,2,50,1012,1060,10857,1050,1040,12987,0x07
2026-09-06T13:04:11.336-03:00,18,0,2,50,1012,1060,10857,1050,1040,12987,0x07
2026-09-06T13:04:11.356-03:00,19,0,2,53,1012,1019,11025,1050,925,13559,0x07
2026-09-06T13:04:11.379-03:00,20,0,2,53,1012,1019,11025,1050,925,13559,0x07
2026-09-06T13:04:11.397-03:00,21,0,2,53,1012,1019,11025,1050,925,13559,0x07
2026-09-06T13:04:11.417-03:00,22,0,2,51,1012,1000,11117,1050,922,13653,0x07
2026-09-06T13:04:11.434-03:00,23,0,2,51,1012,1000,11117,1050,922,13653,0x07
2026-09-06T13:04:11.456-03:00,24,0,2,51,1012,1000,11117,1050,922,13653,0x07
2026-09-06T13:04:11.474-03:00,25,0,2,53,1012,1000,11128,1050,925,13722,0x07
2026-09-06T13:04:11.497-03:00,26,0,2,53,1012,1000,11128,1050,925,13722,0x07
2026-09-06T13:04:11.517-03:00,27,0,2,52,1012,1058,10841,1050,981,13527,0x07
2026-09-06T13:04:11.537-03:00,28,0,2,52,1012,1058,10841,1050,981,13527,0x07
2026-09-06T13:04:11.554-03:00,29,0,2,52,1012,1058,10841,1050,981,13527,0x07
2026-09-06T13:04:11.574-03:00,30,0,2,50,1012,1060,10789,1050,900,13963,0x07
2026-09-06T13:04:11.594-03:00,31,0,2,50,1012,1060,10789,1050,900,13963,0x07
2026-09-06T13:04:11.617-03:00,32,0,2,51,1012,1059,10752,1050,941,13856,0x07
2026-09-06T13:04:11.634-03:00,33,0,2,51,1012,1059,10752,1050,941,13856,0x07
2026-09-06T13:04:11.658-03:00,34,0,2,51,1012,1059,10752,1050,941,13856,0x07
2026-09-06T13:04:11.676-03:00,35,0,2,50,1012,1000,11013,1050,920,14026,0x07
2026-09-06T13:04:11.698-03:00,36,0,2,50,1012,1000,11013,1050,920,14026,0x07
2026-09-06T13:04:11.717-03:00,37,0,2,51,1012,961,11226,1050,902,14195,0x07
2026-09-06T13:04:11.735-03:00,38,0,2,51,1012,961,11226,1050,902,14195,0x07
2026-09-06T13:04:11.758-03:00,39,0,2,51,1012,961,11226,1050,902,14195,0x07
2026-09-06T13:04:11.775-03:00,40,0,2,50,1012,1000,11070,1050,980,13907,0x07
2026-09-06T13:04:11.795-03:00,41,0,2,50,1012,1000,11070,1050,980,13907,0x07
2026-09-06T13:04:11.816-03:00,42,0,2,50,1012,1080,10670,1050,960,14047,0x07
2026-09-06T13:04:11.834-03:00,43,0,2,50,1012,1080,10670,1050,960,14047,0x07
2026-09-06T13:04:11.854-03:00,44,0,2,50,1012,1080,10670,1050,960,14047,0x07
2026-09-06T13:04:11.877-03:00,45,0,2,51,1012,1020,10920,1050,941,14195,0x07
2026-09-06T13:04:11.895-03:00,46,0,2,51,1012,1020,10920,1050,941,14195,0x07
2026-09-06T13:04:11.938-03:00,47,0,2,51,1012,980,11115,1050,961,14168,0x07
2026-09-06T13:04:11.956-03:00,48,0,2,51,1012,980,11115,1050,961,14168,0x07
2026-09-06T13:04:11.974-03:00,49,0,2,51,1012,980,11115,1050,961,14168,0x07
2026-09-06T13:04:11.997-03:00,50,0,2,51,1012,980,11144,1050,1020,13937,0x07
2026-09-06T13:04:12.015-03:00,51,0,2,51,1012,980,11144,1050,1020,13937,0x07
2026-09-06T13:04:12.038-03:00,52,0,2,51,1012,980,11144,1050,1020,13937,0x07
2026-09-06T13:04:12.055-03:00,53,0,2,51,1012,1000,11071,1050,980,14147,0x07
2026-09-06T13:04:12.078-03:00,54,0,2,51,1012,1000,11071,1050,980,14147,0x07
2026-09-06T13:04:12.096-03:00,55,0,2,51,1012,1078,10678,1050,961,14287,0x07
2026-09-06T13:04:12.114-03:00,56,0,2,51,1012,1078,10678,1050,961,14287,0x07
2026-09-06T13:04:12.137-03:00,57,0,2,51,1012,1078,10678,1050,961,14287,0x07
2026-09-06T13:04:12.155-03:00,58,0,2,51,1012,1098,10518,1050,1000,14151,0x07
2026-09-06T13:04:12.177-03:00,59,0,2,51,1012,1098,10518,1050,1000,14151,0x07
2026-09-06T13:04:12.197-03:00,60,0,2,54,1012,1000,10946,1050,981,14276,0x07
2026-09-06T13:04:12.214-03:00,61,0,2,54,1012,1000,10946,1050,981,14276,0x07
2026-09-06T13:04:12.237-03:00,62,0,2,54,1012,1000,10946,1050,981,14276,0x07
2026-09-06T13:04:12.257-03:00,63,0,2,51,1012,961,11159,1050,961,14419,0x07
2026-09-06T13:04:12.276-03:00,64,0,2,51,1012,961,11159,1050,961,14419,0x07
2026-09-06T13:04:12.294-03:00,65,0,2,52,1012,962,11202,1050,923,14661,0x07
2026-09-06T13:04:12.318-03:00,66,0,2,52,1012,962,11202,1050,923,14661,0x07
2026-09-06T13:04:12.336-03:00,67,0,2,52,1012,962,11202,1050,923,14661,0x07
2026-09-06T13:04:12.359-03:00,68,0,2,56,1012,982,11145,1050,964,14545,0x07
2026-09-06T13:04:12.377-03:00,69,0,2,56,1012,982,11145,1050,964,14545,0x07
2026-09-06T13:04:12.395-03:00,70,0,2,56,1012,982,11145,1050,964,14545,0x07
2026-09-06T13:04:12.417-03:00,71,0,2,51,1012,1059,10777,1050,941,14711,0x07
2026-09-06T13:04:12.435-03:00,72,0,2,51,1012,1059,10777,1050,941,14711,0x07
2026-09-06T13:04:12.458-03:00,73,0,2,50,1012,1080,10627,1050,980,14589,0x07
2026-09-06T13:04:12.501-03:00,74,0,2,50,1012,1080,10627,1050,980,14589,0x07
2026-09-06T13:04:12.545-03:00,75,0,2,50,1012,1080,10627,1050,980,14589,0x07
2026-09-06T13:04:12.589-03:00,76,0,2,51,0,0,0,0,0,0,0x03
2026-09-06T13:04:12.632-03:00,77,0,2,52,0,0,0,0,0,0,0x03
2026-09-06T13:04:12.676-03:00,78,0,2,52,0,0,0,0,0,0,0x03
