timestamp,sequence,team,robot_id,interval_ms,left_target_eps,left_measured_eps,left_duty,right_target_eps,right_measured_eps,right_duty,flags
2026-09-06T14:31:51.838-03:00,65535,255,0,0,0,0,0,0,0,0,0x03
2026-09-06T14:31:51.861-03:00,1,0,0,52,0,0,28094,0,0,28548,0x07
2026-09-06T14:31:51.878-03:00,2,0,0,52,0,0,28094,0,0,28548,0x07
2026-09-06T14:31:51.898-03:00,3,0,0,56,3374,875,38715,3500,0,40000,0x07
2026-09-06T14:31:51.920-03:00,3,0,0,56,3374,875,38715,3500,0,40000,0x07
2026-09-06T14:31:51.940-03:00,3,0,0,56,3374,875,38715,3500,0,40000,0x07
2026-09-06T14:31:51.979-03:00,4,0,0,51,3374,2431,32100,3500,0,40000,0x07
2026-09-06T14:31:51.998-03:00,5,0,0,51,3374,2431,32100,3500,0,40000,0x07
2026-09-06T14:31:52.021-03:00,6,0,0,51,3374,2431,32100,3500,0,40000,0x07
2026-09-06T14:31:52.041-03:00,7,0,0,52,3374,3231,28703,3500,0,40000,0x07
2026-09-06T14:31:52.059-03:00,8,0,0,52,3374,3231,28703,3500,0,40000,0x07
2026-09-06T14:31:52.077-03:00,9,0,0,55,3374,2709,30920,3500,0,40000,0x07
2026-09-06T14:31:52.099-03:00,10,0,0,55,3374,2709,30920,3500,0,40000,0x07
2026-09-06T14:31:52.117-03:00,11,0,0,55,3374,2709,30920,3500,0,40000,0x07
2026-09-06T14:31:52.141-03:00,12,0,0,55,3374,2836,30379,3500,0,40000,0x07
2026-09-06T14:31:52.159-03:00,13,0,0,55,3374,2836,30379,3500,0,40000,0x07
2026-09-06T14:31:52.177-03:00,14,0,0,55,3374,2836,30379,3500,0,40000,0x07
2026-09-06T14:31:52.198-03:00,15,0,0,50,3374,3000,29684,3500,0,40000,0x07
2026-09-06T14:31:52.221-03:00,16,0,0,50,3374,3000,29684,3500,0,40000,0x07
2026-09-06T14:31:52.240-03:00,17,0,0,52,3374,2942,29929,3500,0,40000,0x07
2026-09-06T14:31:52.258-03:00,18,0,0,52,3374,2942,29929,3500,0,40000,0x07
2026-09-06T14:31:52.281-03:00,19,0,0,52,3374,2942,29929,3500,0,40000,0x07
2026-09-06T14:31:52.298-03:00,20,0,0,51,3374,2784,30600,3500,0,40000,0x07
2026-09-06T14:31:52.317-03:00,21,0,0,51,3374,2784,30600,3500,0,40000,0x07
2026-09-06T14:31:52.341-03:00,22,0,0,52,3374,2942,29929,3500,0,40000,0x07
2026-09-06T14:31:52.359-03:00,23,0,0,52,3374,2942,29929,3500,0,40000,0x07
2026-09-06T14:31:52.377-03:00,24,0,0,52,3374,2942,29929,3500,0,40000,0x07
2026-09-06T14:31:52.400-03:00,25,0,0,50,3374,3040,29514,3500,0,40000,0x07
2026-09-06T14:31:52.417-03:00,26,0,0,50,3374,3040,29514,3500,0,40000,0x07
2026-09-06T14:31:52.437-03:00,27,0,0,50,3374,3040,29514,3500,0,40000,0x07
2026-09-06T14:31:52.460-03:00,28,0,0,51,3374,2922,30017,3500,0,40000,0x07
2026-09-06T14:31:52.478-03:00,29,0,0,51,3374,2922,30017,3500,0,40000,0x07
2026-09-06T14:31:52.500-03:00,30,0,0,55,3374,2782,30611,3500,0,40000,0x07
2026-09-06T14:31:52.518-03:00,31,0,0,55,3374,2782,30611,3500,0,40000,0x07
2026-09-06T14:31:52.536-03:00,32,0,0,55,3374,2782,30611,3500,0,40000,0x07
2026-09-06T14:31:52.557-03:00,33,0,0,51,3374,2941,29934,3500,0,40000,0x07
2026-09-06T14:31:52.578-03:00,34,0,0,51,3374,2941,29934,3500,0,40000,0x07
2026-09-06T14:31:52.598-03:00,35,0,0,51,3374,2941,29934,3500,0,40000,0x07
2026-09-06T14:31:52.616-03:00,36,0,0,52,3374,3058,29438,3500,0,40000,0x07
2026-09-06T14:31:52.639-03:00,37,0,0,52,3374,3058,29438,3500,0,40000,0x07
2026-09-06T14:31:52.678-03:00,38,0,0,50,3374,2820,30448,3500,0,40000,0x07
2026-09-06T14:31:52.701-03:00,39,0,0,50,3374,2820,30448,3500,0,40000,0x07
2026-09-06T14:31:52.719-03:00,40,0,0,50,3374,2820,30448,3500,0,40000,0x07
2026-09-06T14:31:52.737-03:00,41,0,0,53,3374,2698,30967,3500,0,40000,0x07
2026-09-06T14:31:52.757-03:00,42,0,0,57,3374,2947,29907,3500,0,40000,0x07
2026-09-06T14:31:52.781-03:00,44,0,0,57,3374,2947,29907,3500,0,40000,0x07
2026-09-06T14:31:52.799-03:00,45,0,0,57,3374,2947,29907,3500,0,40000,0x07
2026-09-06T14:31:52.819-03:00,46,0,0,56,3374,3036,29532,3500,0,40000,0x07
2026-09-06T14:31:52.837-03:00,47,0,0,56,3374,3036,29532,3500,0,40000,0x07
2026-09-06T14:31:52.861-03:00,48,0,0,56,3374,3036,29532,3500,0,40000,0x07
2026-09-06T14:31:52.880-03:00,49,0,0,51,3374,2863,30267,3500,0,40000,0x07
2026-09-06T14:31:52.898-03:00,50,0,0,51,3374,2863,30267,3500,0,40000,0x07
2026-09-06T14:31:52.918-03:00,51,0,0,54,3374,2907,30077,3500,0,40000,0x07
2026-09-06T14:31:52.938-03:00,52,0,0,54,3374,2907,30077,3500,0,40000,0x07
2026-09-06T14:31:52.961-03:00,53,0,0,54,3374,2907,30077,3500,0,40000,0x07
2026-09-06T14:31:52.978-03:00,54,0,0,57,3374,2965,29833,3500,0,40000,0x07
2026-09-06T14:31:52.998-03:00,55,0,0,57,3374,2965,29833,3500,0,40000,0x07
2026-09-06T14:31:53.016-03:00,56,0,0,57,3374,2965,29833,3500,0,40000,0x07
2026-09-06T14:31:53.037-03:00,57,0,0,51,3374,2765,30684,3500,0,40000,0x07
2026-09-06T14:31:53.060-03:00,58,0,0,51,3374,2765,30684,3500,0,40000,0x07
2026-09-06T14:31:53.078-03:00,59,0,0,51,3374,2765,30684,3500,0,40000,0x07
2026-09-06T14:31:53.101-03:00,60,0,0,53,3374,2717,30886,3500,0,40000,0x07
2026-09-06T14:31:53.119-03:00,61,0,0,53,3374,2717,30886,3500,0,40000,0x07
2026-09-06T14:31:53.139-03:00,62,0,0,56,3374,2929,29987,3500,0,40000,0x07
2026-09-06T14:31:53.159-03:00,63,0,0,56,3374,2929,29987,3500,0,40000,0x07
2026-09-06T14:31:53.177-03:00,64,0,0,56,3374,2929,29987,3500,0,40000,0x07
2026-09-06T14:31:53.200-03:00,65,0,0,51,3374,3039,29517,3500,0,40000,0x07
2026-09-06T14:31:53.236-03:00,66,0,0,51,3374,3039,29517,3500,0,40000,0x07
2026-09-06T14:31:53.236-03:00,67,0,0,51,3374,3039,29517,3500,0,40000,0x07
2026-09-06T14:31:53.257-03:00,68,0,0,53,3374,2887,30165,3500,0,40000,0x07
2026-09-06T14:31:53.277-03:00,69,0,0,53,3374,2887,30165,3500,0,40000,0x07
2026-09-06T14:31:53.297-03:00,70,0,0,54,3374,2704,30943,3500,0,40000,0x07
2026-09-06T14:31:53.320-03:00,71,0,0,54,3374,2704,30943,3500,0,40000,0x07
2026-09-06T14:31:53.340-03:00,72,0,0,54,3374,2704,30943,3500,0,40000,0x07
2026-09-06T14:31:53.358-03:00,73,0,0,51,3374,2922,30017,3500,0,40000,0x07
2026-09-06T14:31:53.399-03:00,74,0,0,51,3374,2922,30017,3500,0,40000,0x07
2026-09-06T14:31:53.399-03:00,75,0,0,52,3374,3038,29520,3500,0,40000,0x07
2026-09-06T14:31:53.417-03:00,76,0,0,52,3374,3038,29520,3500,0,40000,0x07
2026-09-06T14:31:53.440-03:00,77,0,0,52,3374,3038,29520,3500,0,40000,0x07
2026-09-06T14:31:53.459-03:00,78,0,0,51,3374,2922,30017,3500,0,40000,0x07
2026-09-06T14:31:53.477-03:00,79,0,0,51,3374,2922,30017,3500,0,40000,0x07
2026-09-06T14:31:53.497-03:00,80,0,0,50,3374,2800,30534,3500,0,40000,0x07
2026-09-06T14:31:53.517-03:00,81,0,0,50,3374,2800,30534,3500,0,40000,0x07
2026-09-06T14:31:53.540-03:00,82,0,0,50,3374,2800,30534,3500,0,40000,0x07
2026-09-06T14:31:53.577-03:00,83,0,0,55,3374,2927,29993,3500,0,40000,0x07
2026-09-06T14:31:53.600-03:00,84,0,0,55,3374,2927,29993,3500,0,40000,0x07
2026-09-06T14:31:53.619-03:00,85,0,0,55,3374,2927,29993,3500,0,40000,0x07
2026-09-06T14:31:53.660-03:00,86,0,0,51,3374,3000,29750,3500,0,40000,0x07
2026-09-06T14:31:53.677-03:00,87,0,0,56,3374,2768,30736,3500,0,40000,0x07
2026-09-06T14:31:53.700-03:00,89,0,0,56,3374,2768,30736,3500,0,40000,0x07
2026-09-06T14:31:53.718-03:00,90,0,0,50,3374,2880,30260,3500,0,40000,0x07
2026-09-06T14:31:53.739-03:00,91,0,0,50,3374,2880,30260,3500,0,40000,0x07
2026-09-06T14:31:53.757-03:00,93,0,0,50,3374,2880,30260,3500,0,40000,0x07
2026-09-06T14:31:53.781-03:00,94,0,0,52,3374,2962,29913,3500,0,40000,0x07
2026-09-06T14:31:53.801-03:00,95,0,0,52,3374,2962,29913,3500,0,40000,0x07
2026-09-06T14:31:53.821-03:00,96,0,0,53,3374,3019,29669,3500,0,40000,0x07
2026-09-06T14:31:53.836-03:00,97,0,0,53,3374,3019,29669,3500,0,40000,0x07
2026-09-06T14:31:53.860-03:00,98,0,0,53,3374,3019,29669,3500,0,40000,0x07
2026-09-06T14:31:53.878-03:00,99,0,0,50,3374,2700,31024,3500,0,40000,0x07
2026-09-06T14:31:53.896-03:00,100,0,0,50,3374,2700,31024,3500,0,40000,0x07
2026-09-06T14:31:53.920-03:00,101,0,0,53,3374,2830,30471,3500,0,40000,0x07
2026-09-06T14:31:53.940-03:00,102,0,0,53,3374,2830,30471,3500,0,40000,0x07
2026-09-06T14:31:53.961-03:00,103,0,0,53,3374,2830,30471,3500,0,40000,0x07
2026-09-06T14:31:53.978-03:00,104,0,0,50,3374,3040,29580,3500,0,40000,0x07
2026-09-06T14:31:53.997-03:00,105,0,0,50,3374,3040,29580,3500,0,40000,0x07
2026-09-06T14:31:54.020-03:00,106,0,0,51,3374,2902,30166,3500,0,40000,0x07
2026-09-06T14:31:54.038-03:00,107,0,0,51,3374,2902,30166,3500,0,40000,0x07
2026-09-06T14:31:54.056-03:00,108,0,0,51,3374,2902,30166,3500,0,40000,0x07
2026-09-06T14:31:54.079-03:00,109,0,0,50,3374,2760,30770,3500,0,40000,0x07
2026-09-06T14:31:54.099-03:00,110,0,0,50,3374,2760,30770,3500,0,40000,0x07
2026-09-06T14:31:54.117-03:00,111,0,0,50,3374,2760,30770,3500,0,40000,0x07
2026-09-06T14:31:54.140-03:00,112,0,0,51,3374,2882,30250,3500,0,40000,0x07
2026-09-06T14:31:54.160-03:00,113,0,0,51,3374,2882,30250,3500,0,40000,0x07
2026-09-06T14:31:54.180-03:00,114,0,0,54,3374,3000,29750,3500,0,40000,0x07
2026-09-06T14:31:54.201-03:00,115,0,0,54,3374,3000,29750,3500,0,40000,0x07
2026-09-06T14:31:54.220-03:00,116,0,0,54,3374,3000,29750,3500,0,40000,0x07
2026-09-06T14:31:54.238-03:00,117,0,0,51,3374,2961,29916,3500,0,40000,0x07
2026-09-06T14:31:54.261-03:00,118,0,0,51,3374,2961,29916,3500,0,40000,0x07
2026-09-06T14:31:54.279-03:00,119,0,0,53,3374,2623,31353,3500,0,40000,0x07
2026-09-06T14:31:54.299-03:00,120,0,0,53,3374,2623,31353,3500,0,40000,0x07
2026-09-06T14:31:54.317-03:00,121,0,0,53,3374,2623,31353,3500,0,40000,0x07
2026-09-06T14:31:54.341-03:00,122,0,0,51,3374,2882,30250,3500,0,40000,0x07
2026-09-06T14:31:54.359-03:00,123,0,0,51,3374,2882,30250,3500,0,40000,0x07
2026-09-06T14:31:54.377-03:00,124,0,0,51,3374,2882,30250,3500,0,40000,0x07
2026-09-06T14:31:54.401-03:00,125,0,0,51,3374,3039,29583,3500,0,40000,0x07
2026-09-06T14:31:54.421-03:00,126,0,0,51,3374,3039,29583,3500,0,40000,0x07
2026-09-06T14:31:54.441-03:00,127,0,0,54,3374,2870,30300,3500,0,40000,0x07
2026-09-06T14:31:54.459-03:00,128,0,0,54,3374,2870,30300,3500,0,40000,0x07
2026-09-06T14:31:54.477-03:00,129,0,0,54,3374,2870,30300,3500,0,40000,0x07
2026-09-06T14:31:54.501-03:00,130,0,0,50,3374,2660,31194,3500,0,40000,0x07
2026-09-06T14:31:54.518-03:00,131,0,0,50,3374,2660,31194,3500,0,40000,0x07
2026-09-06T14:31:54.536-03:00,132,0,0,51,3374,2882,30250,3500,0,40000,0x07
2026-09-06T14:31:54.560-03:00,133,0,0,51,3374,2882,30250,3500,0,40000,0x07
2026-09-06T14:31:54.580-03:00,134,0,0,51,3374,2882,30250,3500,0,40000,0x07
2026-09-06T14:31:54.598-03:00,135,0,0,50,3374,3080,29410,3500,0,40000,0x07
2026-09-06T14:31:54.621-03:00,136,0,0,50,3374,3080,29410,3500,0,40000,0x07
2026-09-06T14:31:54.639-03:00,137,0,0,53,3374,2925,30070,3500,0,40000,0x07
2026-09-06T14:31:54.658-03:00,138,0,0,53,3374,2925,30070,3500,0,40000,0x07
2026-09-06T14:31:54.678-03:00,139,0,0,53,3374,2925,30070,3500,0,40000,0x07
2026-09-06T14:31:54.701-03:00,140,0,0,50,3374,2780,30684,3500,0,40000,0x07
2026-09-06T14:31:54.720-03:00,141,0,0,50,3374,2780,30684,3500,0,40000,0x07
2026-09-06T14:31:54.738-03:00,142,0,0,50,3374,2780,30684,3500,0,40000,0x07
2026-09-06T14:31:54.761-03:00,143,0,0,52,3374,2904,30158,3500,0,40000,0x07
2026-09-06T14:31:54.779-03:00,144,0,0,52,3374,2904,30158,3500,0,40000,0x07
2026-09-06T14:31:54.797-03:00,145,0,0,56,3374,3018,29674,3500,0,40000,0x07
2026-09-06T14:31:54.821-03:00,146,0,0,56,3374,3018,29674,3500,0,40000,0x07
2026-09-06T14:31:54.837-03:00,147,0,0,56,3374,3018,29674,3500,0,40000,0x07
2026-09-06T14:31:54.861-03:00,148,0,0,50,3374,2860,30344,3500,0,40000,0x07
2026-09-06T14:31:54.879-03:00,149,0,0,50,3374,2860,30344,3500,0,40000,0x07
2026-09-06T14:31:54.896-03:00,150,0,0,50,3374,2860,30344,3500,0,40000,0x07
2026-09-06T14:31:54.920-03:00,151,0,0,54,3374,2704,31009,3500,0,40000,0x07
2026-09-06T14:31:54.939-03:00,152,0,0,54,3374,2704,31009,3500,0,40000,0x07
2026-09-06T14:31:54.958-03:00,153,0,0,54,3374,2907,30143,3500,0,40000,0x07
2026-09-06T14:31:54.979-03:00,154,0,0,54,3374,2907,30143,3500,0,40000,0x07
2026-09-06T14:31:54.997-03:00,155,0,0,54,3374,2907,30143,3500,0,40000,0x07
2026-09-06T14:31:55.020-03:00,156,0,0,50,3374,3100,29324,3500,0,40000,0x07
2026-09-06T14:31:55.041-03:00,157,0,0,50,3374,3100,29324,3500,0,40000,0x07
2026-09-06T14:31:55.059-03:00,158,0,0,50,3374,2700,31024,3500,0,40000,0x07
2026-09-06T14:31:55.077-03:00,159,0,0,50,3374,2700,31024,3500,0,40000,0x07
2026-09-06T14:31:55.100-03:00,160,0,0,50,3374,2700,31024,3500,0,40000,0x07
2026-09-06T14:31:55.118-03:00,161,0,0,51,3374,2725,30916,3500,0,40000,0x07
2026-09-06T14:31:55.136-03:00,162,0,0,51,3374,2725,30916,3500,0,40000,0x07
2026-09-06T14:31:55.158-03:00,163,0,0,53,3374,2981,29830,3500,0,40000,0x07
2026-09-06T14:31:55.179-03:00,164,0,0,53,3374,2981,29830,3500,0,40000,0x07
2026-09-06T14:31:55.197-03:00,165,0,0,53,3374,2981,29830,3500,0,40000,0x07
2026-09-06T14:31:55.220-03:00,166,0,0,50,3374,3040,29580,3500,0,40000,0x07
2026-09-06T14:31:55.238-03:00,167,0,0,50,3374,3040,29580,3500,0,40000,0x07
2026-09-06T14:31:55.256-03:00,168,0,0,50,3374,3040,29580,3500,0,40000,0x07
2026-09-06T14:31:55.280-03:00,169,0,0,52,3374,2750,30812,3500,0,40000,0x07
2026-09-06T14:31:55.298-03:00,170,0,0,52,3374,2750,30812,3500,0,40000,0x07
2026-09-06T14:31:55.316-03:00,171,0,0,53,3374,2887,30231,3500,0,40000,0x07
2026-09-06T14:31:55.340-03:00,172,0,0,53,3374,2887,30231,3500,0,40000,0x07
2026-09-06T14:31:55.358-03:00,173,0,0,53,3374,2887,30231,3500,0,40000,0x07
2026-09-06T14:31:55.381-03:00,174,0,0,50,3374,3000,29750,3500,0,40000,0x07
2026-09-06T14:31:55.401-03:00,175,0,0,50,3374,3000,29750,3500,0,40000,0x07
2026-09-06T14:31:55.418-03:00,176,0,0,53,3374,2755,30792,3500,0,40000,0x07
2026-09-06T14:31:55.441-03:00,177,0,0,53,3374,2755,30792,3500,0,40000,0x07
2026-09-06T14:31:55.459-03:00,178,0,0,53,3374,2755,30792,3500,0,40000,0x07
2026-09-06T14:31:55.478-03:00,179,0,0,50,3374,2680,31110,3500,0,40000,0x07
2026-09-06T14:31:55.501-03:00,180,0,0,50,3374,2680,31110,3500,0,40000,0x07
2026-09-06T14:31:55.521-03:00,181,0,0,51,3374,2941,30000,3500,0,40000,0x07
2026-09-06T14:31:55.539-03:00,182,0,0,51,3374,2941,30000,3500,0,40000,0x07
2026-09-06T14:31:55.559-03:00,183,0,0,51,3374,2941,30000,3500,0,40000,0x07
2026-09-06T14:31:55.579-03:00,184,0,0,50,3374,3040,29580,3500,0,40000,0x07
2026-09-06T14:31:55.600-03:00,185,0,0,50,3374,3040,29580,3500,0,40000,0x07
2026-09-06T14:31:55.618-03:00,186,0,0,50,3374,2920,30090,3500,0,40000,0x07
2026-09-06T14:31:55.641-03:00,187,0,0,50,3374,2920,30090,3500,0,40000,0x07
2026-09-06T14:31:55.661-03:00,188,0,0,50,3374,2920,30090,3500,0,40000,0x07
2026-09-06T14:31:55.679-03:00,189,0,0,50,3374,2620,31364,3500,0,40000,0x07
2026-09-06T14:31:55.698-03:00,190,0,0,50,3374,2620,31364,3500,0,40000,0x07
2026-09-06T14:31:55.721-03:00,191,0,0,52,3374,2865,30322,3500,0,40000,0x07
2026-09-06T14:31:55.739-03:00,192,0,0,52,3374,2865,30322,3500,0,40000,0x07
2026-09-06T14:31:55.756-03:00,193,0,0,52,3374,2865,30322,3500,0,40000,0x07
2026-09-06T14:31:55.780-03:00,194,0,0,51,3374,3039,29583,3500,0,40000,0x07
2026-09-06T14:31:55.798-03:00,195,0,0,51,3374,3039,29583,3500,0,40000,0x07
2026-09-06T14:31:55.821-03:00,196,0,0,51,3374,3039,29583,3500,0,40000,0x07
2026-09-06T14:31:55.839-03:00,197,0,0,50,3374,2960,29920,3500,0,40000,0x07
2026-09-06T14:31:55.860-03:00,198,0,0,50,3374,2960,29920,3500,0,40000,0x07
2026-09-06T14:31:55.878-03:00,199,0,0,51,3374,2686,31083,3500,0,40000,0x07
2026-09-06T14:31:55.900-03:00,200,0,0,51,3374,2686,31083,3500,0,40000,0x07
2026-09-06T14:31:55.918-03:00,201,0,0,51,3374,2686,31083,3500,0,40000,0x07
2026-09-06T14:31:55.936-03:00,202,0,0,51,3374,2922,30083,3500,0,40000,0x07
2026-09-06T14:31:55.957-03:00,203,0,0,51,3374,2922,30083,3500,0,40000,0x07
2026-09-06T14:31:55.977-03:00,204,0,0,53,3374,3000,29750,3500,0,40000,0x07
2026-09-06T14:31:56.001-03:00,205,0,0,53,3374,3000,29750,3500,0,40000,0x07
2026-09-06T14:31:56.019-03:00,206,0,0,53,3374,3000,29750,3500,0,40000,0x07
2026-09-06T14:31:56.038-03:00,207,0,0,50,3374,2880,30260,3500,0,40000,0x07
2026-09-06T14:31:56.061-03:00,208,0,0,50,3374,2880,30260,3500,0,40000,0x07
2026-09-06T14:31:56.076-03:00,209,0,0,51,3374,2510,31833,3500,0,40000,0x07
2026-09-06T14:31:56.097-03:00,210,0,0,51,3374,2510,31833,3500,0,40000,0x07
2026-09-06T14:31:56.120-03:00,211,0,0,51,3374,2510,31833,3500,0,40000,0x07
2026-09-06T14:31:56.140-03:00,212,0,0,50,3374,2900,30174,3500,0,40000,0x07
2026-09-06T14:31:56.158-03:00,213,0,0,50,3374,2900,30174,3500,0,40000,0x07
2026-09-06T14:31:56.179-03:00,214,0,0,52,3374,3058,29504,3500,0,40000,0x07
2026-09-06T14:31:56.199-03:00,215,0,0,52,3374,3058,29504,3500,0,40000,0x07
2026-09-06T14:31:56.219-03:00,216,0,0,52,3374,3058,29504,3500,0,40000,0x07
2026-09-06T14:31:56.237-03:00,217,0,0,50,3374,2920,30090,3500,0,40000,0x07
2026-09-06T14:31:56.258-03:00,218,0,0,50,3374,2920,30090,3500,0,40000,0x07
2026-09-06T14:31:56.277-03:00,219,0,0,50,3374,2920,30090,3500,0,40000,0x07
2026-09-06T14:31:56.300-03:00,220,0,0,54,3374,2537,31717,3500,0,40000,0x07
2026-09-06T14:31:56.319-03:00,221,0,0,54,3374,2537,31717,3500,0,40000,0x07
2026-09-06T14:31:56.341-03:00,222,0,0,51,3374,2882,30250,3500,0,40000,0x07
2026-09-06T14:31:56.359-03:00,223,0,0,51,3374,2882,30250,3500,0,40000,0x07
2026-09-06T14:31:56.377-03:00,224,0,0,51,3374,2882,30250,3500,0,40000,0x07
2026-09-06T14:31:56.401-03:00,225,0,0,50,3374,3060,29494,3500,0,40000,0x07
2026-09-06T14:31:56.419-03:00,226,0,0,50,3374,3060,29494,3500,0,40000,0x07
2026-09-06T14:31:56.441-03:00,227,0,0,52,3374,2885,30240,3500,0,40000,0x07
2026-09-06T14:31:56.459-03:00,228,0,0,52,3374,2885,30240,3500,0,40000,0x07
2026-09-06T14:31:56.479-03:00,229,0,0,52,3374,2885,30240,3500,0,40000,0x07
2026-09-06T14:31:56.497-03:00,230,0,0,50,3374,2720,30940,3500,0,40000,0x07
2026-09-06T14:31:56.521-03:00,231,0,0,50,3374,2720,30940,3500,0,40000,0x07
2026-09-06T14:31:56.539-03:00,232,0,0,51,3374,2922,30083,3500,0,40000,0x07
2026-09-06T14:31:56.557-03:00,233,0,0,51,3374,2922,30083,3500,0,40000,0x07
2026-09-06T14:31:56.581-03:00,234,0,0,51,3374,2922,30083,3500,0,40000,0x07
2026-09-06T14:31:56.599-03:00,235,0,0,51,3374,3098,29333,3500,0,40000,0x07
2026-09-06T14:31:56.617-03:00,236,0,0,51,3374,3098,29333,3500,0,40000,0x07
2026-09-06T14:31:56.640-03:00,237,0,0,50,3374,2880,30260,3500,0,40000,0x07
2026-09-06T14:31:56.658-03:00,238,0,0,50,3374,2880,30260,3500,0,40000,0x07
2026-09-06T14:31:56.678-03:00,239,0,0,50,3374,2880,30260,3500,0,40000,0x07
2026-09-06T14:31:56.701-03:00,240,0,0,50,3374,2740,30854,3500,0,40000,0x07
2026-09-06T14:31:56.719-03:00,241,0,0,50,3374,2740,30854,3500,0,40000,0x07
2026-09-06T14:31:56.737-03:00,242,0,0,50,3374,2740,30854,3500,0,40000,0x07
2026-09-06T14:31:56.757-03:00,243,0,0,52,3374,2904,30158,3500,0,40000,0x07
2026-09-06T14:31:56.781-03:00,244,0,0,52,3374,2904,30158,3500,0,40000,0x07
2026-09-06T14:31:56.801-03:00,245,0,0,55,3374,3055,29518,3500,0,40000,0x07
2026-09-06T14:31:56.819-03:00,246,0,0,55,3374,3055,29518,3500,0,40000,0x07
2026-09-06T14:31:56.838-03:00,247,0,0,55,3374,3055,29518,3500,0,40000,0x07
2026-09-06T14:31:56.861-03:00,248,0,0,50,3374,2860,30344,3500,0,40000,0x07
2026-09-06T14:31:56.877-03:00,249,0,0,50,3374,2860,30344,3500,0,40000,0x07
2026-09-06T14:31:56.899-03:00,250,0,0,51,3374,2647,31250,3500,0,40000,0x07
2026-09-06T14:31:56.917-03:00,251,0,0,51,3374,2647,31250,3500,0,40000,0x07
2026-09-06T14:31:56.941-03:00,252,0,0,51,3374,2647,31250,3500,0,40000,0x07
2026-09-06T14:31:56.959-03:00,253,0,0,51,3374,2961,29916,3500,0,40000,0x07
2026-09-06T14:31:56.980-03:00,254,0,0,51,3374,2961,29916,3500,0,40000,0x07
2026-09-06T14:31:56.998-03:00,255,0,0,53,3374,3075,29429,3500,0,40000,0x07
2026-09-06T14:31:57.016-03:00,256,0,0,53,3374,3075,29429,3500,0,40000,0x07
2026-09-06T14:31:57.040-03:00,257,0,0,53,3374,3075,29429,3500,0,40000,0x07
2026-09-06T14:31:57.059-03:00,258,0,0,56,3374,2786,30660,3500,0,40000,0x07
2026-09-06T14:31:57.079-03:00,259,0,0,56,3374,2786,30660,3500,0,40000,0x07
2026-09-06T14:31:57.099-03:00,260,0,0,56,3374,2786,30660,3500,0,40000,0x07
2026-09-06T14:31:57.118-03:00,261,0,0,51,3374,2843,30416,3500,0,40000,0x07
2026-09-06T14:31:57.136-03:00,262,0,0,51,3374,2843,30416,3500,0,40000,0x07
2026-09-06T14:31:57.156-03:00,263,0,0,50,3374,2980,29834,3500,0,40000,0x07
2026-09-06T14:31:57.180-03:00,264,0,0,50,3374,2980,29834,3500,0,40000,0x07
2026-09-06T14:31:57.198-03:00,265,0,0,50,3374,2980,29834,3500,0,40000,0x07
2026-09-06T14:31:57.221-03:00,266,0,0,50,3374,3060,29494,3500,0,40000,0x07
2026-09-06T14:31:57.239-03:00,267,0,0,50,3374,3060,29494,3500,0,40000,0x07
2026-09-06T14:31:57.260-03:00,268,0,0,50,3374,3060,29494,3500,0,40000,0x07
2026-09-06T14:31:57.276-03:00,269,0,0,54,3374,2778,30694,3500,0,40000,0x07
2026-09-06T14:31:57.300-03:00,270,0,0,54,3374,2778,30694,3500,0,40000,0x07
2026-09-06T14:31:57.318-03:00,271,0,0,57,3374,2877,30271,3500,0,40000,0x07
2026-09-06T14:31:57.336-03:00,272,0,0,57,3374,2877,30271,3500,0,40000,0x07
2026-09-06T14:31:57.360-03:00,273,0,0,57,3374,2877,30271,3500,0,40000,0x07
2026-09-06T14:31:57.377-03:00,274,0,0,50,3374,3060,29494,3500,0,40000,0x07
2026-09-06T14:31:57.399-03:00,275,0,0,50,3374,3060,29494,3500,0,40000,0x07
2026-09-06T14:31:57.418-03:00,276,0,0,50,3374,2640,31280,3500,0,40000,0x07
2026-09-06T14:31:57.436-03:00,277,0,0,50,3374,2640,31280,3500,0,40000,0x07
2026-09-06T14:31:57.460-03:00,278,0,0,50,3374,2640,31280,3500,0,40000,0x07
2026-09-06T14:31:57.477-03:00,279,0,0,50,3374,2080,33660,3500,0,40000,0x07
2026-09-06T14:31:57.500-03:00,280,0,0,50,3374,2080,33660,3500,0,40000,0x07
2026-09-06T14:31:57.520-03:00,281,0,0,50,3374,2740,30924,3500,0,40000,0x07
2026-09-06T14:31:57.539-03:00,282,0,0,50,3374,2740,30924,3500,0,40000,0x07
2026-09-06T14:31:57.557-03:00,283,0,0,50,3374,2740,30924,3500,0,40000,0x07
2026-09-06T14:31:57.580-03:00,284,0,0,50,3374,3160,29208,3500,0,40000,0x07
2026-09-06T14:31:57.599-03:00,285,0,0,50,3374,3160,29208,3500,0,40000,0x07
2026-09-06T14:31:57.619-03:00,286,0,0,50,3374,3160,29208,3500,0,40000,0x07
2026-09-06T14:31:57.639-03:00,287,0,0,53,3374,3113,29475,3500,0,40000,0x07
2026-09-06T14:31:57.657-03:00,288,0,0,53,3374,3113,29475,3500,0,40000,0x07
2026-09-06T14:31:57.680-03:00,289,0,0,57,3374,2737,31142,3500,0,40000,0x07
2026-09-06T14:31:57.698-03:00,290,0,0,57,3374,2737,31142,3500,0,40000,0x07
2026-09-06T14:31:57.716-03:00,291,0,0,57,3374,2737,31142,3500,0,40000,0x07
2026-09-06T14:31:57.736-03:00,292,0,0,50,3374,2980,30176,3500,0,40000,0x07
2026-09-06T14:31:57.760-03:00,293,0,0,50,3374,2980,30176,3500,0,40000,0x07
2026-09-06T14:31:57.777-03:00,294,0,0,50,3374,2980,30176,3500,0,40000,0x07
2026-09-06T14:31:57.801-03:00,295,0,0,51,3374,3098,29740,3500,0,40000,0x07
2026-09-06T14:31:57.820-03:00,296,0,0,51,3374,3098,29740,3500,0,40000,0x07
2026-09-06T14:31:57.838-03:00,297,0,0,56,3374,2911,30602,3500,0,40000,0x07
2026-09-06T14:31:57.860-03:00,298,0,0,56,3374,2911,30602,3500,0,40000,0x07
2026-09-06T14:31:57.880-03:00,299,0,0,56,3374,2911,30602,3500,0,40000,0x07
2026-09-06T14:31:57.900-03:00,300,0,0,50,3374,2600,31986,3500,0,40000,0x07
2026-09-06T14:31:57.918-03:00,301,0,0,50,3374,2600,31986,3500,0,40000,0x07
2026-09-06T14:31:57.936-03:00,302,0,0,53,3374,2906,30752,3500,0,40000,0x07
2026-09-06T14:31:57.960-03:00,303,0,0,53,3374,2906,30752,3500,0,40000,0x07
2026-09-06T14:31:57.980-03:00,304,0,0,53,3374,2906,30752,3500,0,40000,0x07
2026-09-06T14:31:57.997-03:00,305,0,0,56,3374,3161,29731,3500,0,40000,0x07
2026-09-06T14:31:58.019-03:00,306,0,0,56,3374,3161,29731,3500,0,40000,0x07
2026-09-06T14:31:58.040-03:00,307,0,0,56,3374,3161,29731,3500,0,40000,0x07
2026-09-06T14:31:58.057-03:00,308,0,0,50,3374,2900,30902,3500,0,40000,0x07
2026-09-06T14:31:58.080-03:00,309,0,0,50,3374,2900,30902,3500,0,40000,0x07
2026-09-06T14:31:58.098-03:00,310,0,0,53,3374,2792,31422,3500,0,40000,0x07
2026-09-06T14:31:58.116-03:00,311,0,0,53,3374,2792,31422,3500,0,40000,0x07
2026-09-06T14:31:58.140-03:00,312,0,0,53,3374,2792,31422,3500,0,40000,0x07
2026-09-06T14:31:58.158-03:00,313,0,0,50,3374,3040,30432,3500,0,40000,0x07
2026-09-06T14:31:58.181-03:00,314,0,0,50,3374,3040,30432,3500,0,40000,0x07
2026-09-06T14:31:58.199-03:00,315,0,0,50,3374,3120,30152,3500,0,40000,0x07
2026-09-06T14:31:58.217-03:00,316,0,0,50,3374,3120,30152,3500,0,40000,0x07
2026-09-06T14:31:58.238-03:00,317,0,0,50,3374,3120,30152,3500,0,40000,0x07
2026-09-06T14:31:58.258-03:00,318,0,0,50,3374,2900,31148,3500,0,40000,0x07
2026-09-06T14:31:58.278-03:00,319,0,0,50,3374,2900,31148,3500,0,40000,0x07
2026-09-06T14:31:58.296-03:00,320,0,0,50,3374,2900,31148,3500,0,40000,0x07
2026-09-06T14:31:58.320-03:00,321,0,0,54,3374,2926,31097,3500,0,40000,0x07
2026-09-06T14:31:58.337-03:00,322,0,0,54,3374,2926,31097,3500,0,40000,0x07
2026-09-06T14:31:58.361-03:00,323,0,0,54,3374,3056,30606,3500,0,40000,0x07
2026-09-06T14:31:58.379-03:00,324,0,0,54,3374,3056,30606,3500,0,40000,0x07
2026-09-06T14:31:58.399-03:00,325,0,0,54,3374,3056,30606,3500,0,40000,0x07
2026-09-06T14:31:58.417-03:00,326,0,0,50,3374,2820,31666,3500,0,40000,0x07
2026-09-06T14:31:58.440-03:00,327,0,0,50,3374,2820,31666,3500,0,40000,0x07
2026-09-06T14:31:58.458-03:00,328,0,0,53,3374,2736,32081,3500,0,40000,0x07
2026-09-06T14:31:58.476-03:00,329,0,0,53,3374,2736,32081,3500,0,40000,0x07
2026-09-06T14:31:58.500-03:00,330,0,0,53,3374,2736,32081,3500,0,40000,0x07
2026-09-06T14:31:58.518-03:00,331,0,0,50,3374,3080,30676,3500,0,40000,0x07
2026-09-06T14:31:58.541-03:00,332,0,0,50,3374,3080,30676,3500,0,40000,0x07
2026-09-06T14:31:58.558-03:00,333,0,0,50,3374,3160,30394,3500,0,40000,0x07
2026-09-06T14:31:58.577-03:00,334,0,0,50,3374,3160,30394,3500,0,40000,0x07
2026-09-06T14:31:58.597-03:00,335,0,0,50,3374,3160,30394,3500,0,40000,0x07
2026-09-06T14:31:58.617-03:00,336,0,0,50,3374,2860,31724,3500,0,40000,0x07
2026-09-06T14:31:58.637-03:00,337,0,0,50,3374,2860,31724,3500,0,40000,0x07
2026-09-06T14:31:58.660-03:00,338,0,0,50,3374,2860,31724,3500,0,40000,0x07
2026-09-06T14:31:58.678-03:00,339,0,0,52,3374,2865,31758,3500,0,40000,0x07
2026-09-06T14:31:58.698-03:00,340,0,0,52,3374,2865,31758,3500,0,40000,0x07
2026-09-06T14:31:58.721-03:00,341,0,0,50,3374,3080,30900,3500,0,40000,0x07
2026-09-06T14:31:58.741-03:00,342,0,0,50,3374,3080,30900,3500,0,40000,0x07
2026-09-06T14:31:58.760-03:00,343,0,0,50,3374,3080,30900,3500,0,40000,0x07
2026-09-06T14:31:58.780-03:00,344,0,0,51,3374,3235,30296,3500,0,40000,0x07
2026-09-06T14:31:58.798-03:00,345,0,0,51,3374,3235,30296,3500,0,40000,0x07
2026-09-06T14:31:58.820-03:00,346,0,0,57,3374,2982,31424,3500,0,40000,0x07
2026-09-06T14:31:58.840-03:00,347,0,0,57,3374,2982,31424,3500,0,40000,0x07
2026-09-06T14:31:58.857-03:00,348,0,0,57,3374,2982,31424,3500,0,40000,0x07
2026-09-06T14:31:58.880-03:00,349,0,0,50,3374,3000,31402,3500,0,40000,0x07
2026-09-06T14:31:58.898-03:00,350,0,0,50,3374,3000,31402,3500,0,40000,0x07
2026-09-06T14:31:58.921-03:00,351,0,0,50,3374,3000,31402,3500,0,40000,0x07
2026-09-06T14:31:58.939-03:00,352,0,0,52,3374,3115,30966,3500,0,40000,0x07
2026-09-06T14:31:58.959-03:00,353,0,0,52,3374,3115,30966,3500,0,40000,0x07
2026-09-06T14:31:58.977-03:00,354,0,0,51,3374,3196,30675,3500,0,40000,0x07
2026-09-06T14:31:59.000-03:00,355,0,0,51,3374,3196,30675,3500,0,40000,0x07
2026-09-06T14:31:59.017-03:00,356,0,0,51,3374,3196,30675,3500,0,40000,0x07
2026-09-06T14:31:59.040-03:00,357,0,0,52,3374,2808,32378,3500,0,40000,0x07
2026-09-06T14:31:59.058-03:00,358,0,0,52,3374,2808,32378,3500,0,40000,0x07
2026-09-06T14:31:59.078-03:00,359,0,0,53,3374,3019,31531,3500,0,40000,0x07
2026-09-06T14:31:59.101-03:00,360,0,0,53,3374,3019,31531,3500,0,40000,0x07
2026-09-06T14:31:59.118-03:00,361,0,0,53,3374,3019,31531,3500,0,40000,0x07
2026-09-06T14:31:59.141-03:00,362,0,0,51,3374,3157,30996,3500,0,40000,0x07
2026-09-06T14:31:59.158-03:00,363,0,0,51,3374,3157,30996,3500,0,40000,0x07
2026-09-06T14:31:59.178-03:00,364,0,0,50,3374,3060,31408,3500,0,40000,0x07
2026-09-06T14:31:59.198-03:00,365,0,0,50,3374,3060,31408,3500,0,40000,0x07
2026-09-06T14:31:59.217-03:00,366,0,0,50,3374,3060,31408,3500,0,40000,0x07
2026-09-06T14:31:59.240-03:00,367,0,0,50,3374,2720,32852,3500,0,40000,0x07
2026-09-06T14:31:59.260-03:00,368,0,0,50,3374,2720,32852,3500,0,40000,0x07
2026-09-06T14:31:59.278-03:00,369,0,0,50,3374,2720,32852,3500,0,40000,0x07
2026-09-06T14:31:59.297-03:00,370,0,0,53,3374,3038,31502,3500,0,40000,0x07
2026-09-06T14:31:59.317-03:00,371,0,0,53,3374,3038,31502,3500,0,40000,0x07
2026-09-06T14:31:59.341-03:00,372,0,0,57,3374,3228,30693,3500,0,40000,0x07
2026-09-06T14:31:59.361-03:00,373,0,0,57,3374,3228,30693,3500,0,40000,0x07
2026-09-06T14:31:59.379-03:00,374,0,0,57,3374,3228,30693,3500,0,40000,0x07
2026-09-06T14:31:59.398-03:00,375,0,0,50,3374,3020,31578,3500,0,40000,0x07
2026-09-06T14:31:59.421-03:00,376,0,0,50,3374,3020,31578,3500,0,40000,0x07
2026-09-06T14:31:59.439-03:00,377,0,0,51,3374,2882,32162,3500,0,40000,0x07
2026-09-06T14:31:59.459-03:00,378,0,0,51,3374,2882,32162,3500,0,40000,0x07
2026-09-06T14:31:59.478-03:00,379,0,0,51,3374,2882,32162,3500,0,40000,0x07
2026-09-06T14:31:59.496-03:00,380,0,0,50,3374,3140,31068,3500,0,40000,0x07
2026-09-06T14:31:59.520-03:00,381,0,0,50,3374,3140,31068,3500,0,40000,0x07
2026-09-06T14:31:59.538-03:00,382,0,0,50,3374,3140,31068,3500,0,40000,0x07
2026-09-06T14:31:59.559-03:00,383,0,0,53,3374,3226,30700,3500,0,40000,0x07
2026-09-06T14:31:59.577-03:00,384,0,0,53,3374,3226,30700,3500,0,40000,0x07
2026-09-06T14:31:59.601-03:00,385,0,0,54,3374,2759,32686,3500,0,40000,0x07
2026-09-06T14:31:59.616-03:00,386,0,0,54,3374,2759,32686,3500,0,40000,0x07
2026-09-06T14:31:59.640-03:00,387,0,0,54,3374,2759,32686,3500,0,40000,0x07
2026-09-06T14:31:59.660-03:00,388,0,0,50,3374,2920,32002,3500,0,40000,0x07
2026-09-06T14:31:59.678-03:00,389,0,0,50,3374,2920,32002,3500,0,40000,0x07
2026-09-06T14:31:59.701-03:00,390,0,0,53,3374,3151,31021,3500,0,40000,0x07
2026-09-06T14:31:59.719-03:00,391,0,0,53,3374,3151,31021,3500,0,40000,0x07
2026-09-06T14:31:59.741-03:00,392,0,0,53,3374,3151,31021,3500,0,40000,0x07
2026-09-06T14:31:59.759-03:00,393,0,0,51,3374,3059,31412,3500,0,40000,0x07
2026-09-06T14:31:59.778-03:00,394,0,0,51,3374,3059,31412,3500,0,40000,0x07
2026-09-06T14:31:59.798-03:00,395,0,0,51,3374,2706,32912,3500,0,40000,0x07
2026-09-06T14:31:59.821-03:00,396,0,0,51,3374,2706,32912,3500,0,40000,0x07
2026-09-06T14:31:59.841-03:00,397,0,0,51,3374,2706,32912,3500,0,40000,0x07
2026-09-06T14:31:59.859-03:00,398,0,0,56,3374,3071,31359,3500,0,40000,0x07
2026-09-06T14:31:59.878-03:00,399,0,0,56,3374,3071,31359,3500,0,40000,0x07
2026-09-06T14:31:59.901-03:00,400,0,0,56,3374,3071,31359,3500,0,40000,0x07
2026-09-06T14:31:59.921-03:00,401,0,0,50,3374,3260,30558,3500,0,40000,0x07
2026-09-06T14:31:59.939-03:00,402,0,0,50,3374,3260,30558,3500,0,40000,0x07
2026-09-06T14:31:59.958-03:00,403,0,0,53,3374,2943,31903,3500,0,40000,0x07
2026-09-06T14:31:59.979-03:00,404,0,0,53,3374,2943,31903,3500,0,40000,0x07
2026-09-06T14:31:59.997-03:00,405,0,0,53,3374,2943,31903,3500,0,40000,0x07
2026-09-06T14:32:00.020-03:00,406,0,0,50,3374,2940,31918,3500,0,40000,0x07
2026-09-06T14:32:00.038-03:00,407,0,0,50,3374,2940,31918,3500,0,40000,0x07
2026-09-06T14:32:00.056-03:00,408,0,0,50,3374,2940,31918,3500,0,40000,0x07
2026-09-06T14:32:00.080-03:00,409,0,0,52,3374,3154,31009,3500,0,40000,0x07
2026-09-06T14:32:00.100-03:00,410,0,0,52,3374,3154,31009,3500,0,40000,0x07
2026-09-06T14:32:00.118-03:00,411,0,0,54,3374,3148,31033,3500,0,40000,0x07
2026-09-06T14:32:00.141-03:00,412,0,0,54,3374,3148,31033,3500,0,40000,0x07
2026-09-06T14:32:00.159-03:00,413,0,0,54,3374,3148,31033,3500,0,40000,0x07
2026-09-06T14:32:00.177-03:00,414,0,0,50,3374,2740,32768,3500,0,40000,0x07
2026-09-06T14:32:00.197-03:00,415,0,0,50,3374,2740,32768,3500,0,40000,0x07
2026-09-06T14:32:00.221-03:00,416,0,0,52,3374,2942,31908,3500,0,40000,0x07
2026-09-06T14:32:00.238-03:00,417,0,0,52,3374,2942,31908,3500,0,40000,0x07
2026-09-06T14:32:00.257-03:00,418,0,0,52,3374,2942,31908,3500,0,40000,0x07
2026-09-06T14:32:00.280-03:00,419,0,0,50,3374,3260,30558,3500,0,40000,0x07
2026-09-06T14:32:00.298-03:00,420,0,0,50,3374,3260,30558,3500,0,40000,0x07
2026-09-06T14:32:00.321-03:00,421,0,0,50,3374,3260,30558,3500,0,40000,0x07
2026-09-06T14:32:00.339-03:00,422,0,0,53,3374,3132,31101,3500,0,40000,0x07
2026-09-06T14:32:00.357-03:00,423,0,0,53,3374,3132,31101,3500,0,40000,0x07
2026-09-06T14:32:00.380-03:00,424,0,0,51,3374,2804,32496,3500,0,40000,0x07
2026-09-06T14:32:00.398-03:00,425,0,0,51,3374,2804,32496,3500,0,40000,0x07
2026-09-06T14:32:00.421-03:00,426,0,0,51,3374,2804,32496,3500,0,40000,0x07
2026-09-06T14:32:00.439-03:00,427,0,0,51,3374,3078,31329,3500,0,40000,0x07
2026-09-06T14:32:00.457-03:00,428,0,0,51,3374,3078,31329,3500,0,40000,0x07
2026-09-06T14:32:00.481-03:00,429,0,0,57,3374,3228,30693,3500,0,40000,0x07
2026-09-06T14:32:00.499-03:00,430,0,0,57,3374,3228,30693,3500,0,40000,0x07
2026-09-06T14:32:00.517-03:00,431,0,0,57,3374,3228,30693,3500,0,40000,0x07
2026-09-06T14:32:00.537-03:00,432,0,0,50,3374,3040,31492,3500,0,40000,0x07
2026-09-06T14:32:00.560-03:00,433,0,0,50,3374,3040,31492,3500,0,40000,0x07
2026-09-06T14:32:00.578-03:00,434,0,0,50,3374,3040,31492,3500,0,40000,0x07
2026-09-06T14:32:00.597-03:00,435,0,0,52,3374,3038,31499,3500,0,40000,0x07
2026-09-06T14:32:00.617-03:00,436,0,0,52,3374,3038,31499,3500,0,40000,0x07
2026-09-06T14:32:00.640-03:00,437,0,0,55,3374,3109,31199,3500,0,40000,0x07
2026-09-06T14:32:00.658-03:00,438,0,0,55,3374,3109,31199,3500,0,40000,0x07
2026-09-06T14:32:00.677-03:00,439,0,0,55,3374,3109,31199,3500,0,40000,0x07
2026-09-06T14:32:00.697-03:00,440,0,0,51,3374,3157,30996,3500,0,40000,0x07
2026-09-06T14:32:00.721-03:00,441,0,0,51,3374,3157,30996,3500,0,40000,0x07
2026-09-06T14:32:00.741-03:00,442,0,0,58,3374,2862,32249,3500,0,40000,0x07
2026-09-06T14:32:00.759-03:00,443,0,0,58,3374,2862,32249,3500,0,40000,0x07
2026-09-06T14:32:00.779-03:00,444,0,0,58,3374,2862,32249,3500,0,40000,0x07
2026-09-06T14:32:00.798-03:00,445,0,0,55,3374,3036,31508,3500,0,40000,0x07
2026-09-06T14:32:00.818-03:00,446,0,0,55,3374,3036,31508,3500,0,40000,0x07
2026-09-06T14:32:00.838-03:00,447,0,0,55,3374,3036,31508,3500,0,40000,0x07
2026-09-06T14:32:00.859-03:00,448,0,0,57,3374,3281,30470,3500,0,40000,0x07
2026-09-06T14:32:00.877-03:00,449,0,0,57,3374,3281,30470,3500,0,40000,0x07
2026-09-06T14:32:00.899-03:00,450,0,0,57,3374,3281,30470,3500,0,40000,0x07
2026-09-06T14:32:00.917-03:00,451,0,0,50,3374,2940,31918,3500,0,40000,0x07
2026-09-06T14:32:00.941-03:00,452,0,0,50,3374,2940,31918,3500,0,40000,0x07
2026-09-06T14:32:00.958-03:00,453,0,0,51,3374,2980,31746,3500,0,40000,0x07
2026-09-06T14:32:00.978-03:00,454,0,0,51,3374,2980,31746,3500,0,40000,0x07
2026-09-06T14:32:00.996-03:00,455,0,0,51,3374,2980,31746,3500,0,40000,0x07
2026-09-06T14:32:01.020-03:00,456,0,0,50,3374,3160,30982,3500,0,40000,0x07
2026-09-06T14:32:01.081-03:00,457,0,0,50,3374,3160,30982,3500,0,40000,0x07
2026-09-06T14:32:01.081-03:00,458,0,0,50,3374,3160,30982,3500,0,40000,0x07
2026-09-06T14:32:01.099-03:00,459,0,0,52,3374,3135,31090,3500,0,40000,0x07
2026-09-06T14:32:01.118-03:00,460,0,0,57,3374,2930,31961,3500,0,40000,0x07
2026-09-06T14:32:01.141-03:00,461,0,0,57,3374,2930,31961,3500,0,40000,0x07
2026-09-06T14:32:01.159-03:00,463,0,0,57,3374,2930,31961,3500,0,40000,0x07
2026-09-06T14:32:01.178-03:00,464,0,0,51,3374,3078,31329,3500,0,40000,0x07
2026-09-06T14:32:01.196-03:00,465,0,0,51,3374,3078,31329,3500,0,40000,0x07
2026-09-06T14:32:01.220-03:00,466,0,0,51,3374,3078,31329,3500,0,40000,0x07
2026-09-06T14:32:01.238-03:00,467,0,0,54,3374,3167,30954,3500,0,40000,0x07
2026-09-06T14:32:01.257-03:00,468,0,0,54,3374,3167,30954,3500,0,40000,0x07
2026-09-06T14:32:01.277-03:00,469,0,0,57,3374,2947,31886,3500,0,40000,0x07
2026-09-06T14:32:01.301-03:00,470,0,0,57,3374,2947,31886,3500,0,40000,0x07
2026-09-06T14:32:01.319-03:00,471,0,0,57,3374,2947,31886,3500,0,40000,0x07
2026-09-06T14:32:01.337-03:00,472,0,0,56,3374,2964,31814,3500,0,40000,0x07
2026-09-06T14:32:01.361-03:00,473,0,0,56,3374,2964,31814,3500,0,40000,0x07
2026-09-06T14:32:01.378-03:00,474,0,0,56,3374,2964,31814,3500,0,40000,0x07
2026-09-06T14:32:01.401-03:00,475,0,0,50,3374,3160,30982,3500,0,40000,0x07
2026-09-06T14:32:01.419-03:00,476,0,0,50,3374,3160,30982,3500,0,40000,0x07
2026-09-06T14:32:01.437-03:00,477,0,0,52,3374,3135,31090,3500,0,40000,0x07
2026-09-06T14:32:01.459-03:00,478,0,0,52,3374,3135,31090,3500,0,40000,0x07
2026-09-06T14:32:01.478-03:00,479,0,0,52,3374,3135,31090,3500,0,40000,0x07
2026-09-06T14:32:01.501-03:00,480,0,0,50,3374,2760,32682,3500,0,40000,0x07
2026-09-06T14:32:01.520-03:00,481,0,0,50,3374,2760,32682,3500,0,40000,0x07
2026-09-06T14:32:01.538-03:00,482,0,0,50,3374,2760,32682,3500,0,40000,0x07
2026-09-06T14:32:01.556-03:00,483,0,0,54,3374,3037,31505,3500,0,40000,0x07
2026-09-06T14:32:01.580-03:00,484,0,0,54,3374,3037,31505,3500,0,40000,0x07
2026-09-06T14:32:01.598-03:00,485,0,0,55,3374,3200,30812,3500,0,40000,0x07
2026-09-06T14:32:01.621-03:00,486,0,0,55,3374,3200,30812,3500,0,40000,0x07
2026-09-06T14:32:01.639-03:00,487,0,0,55,3374,3200,30812,3500,0,40000,0x07
2026-09-06T14:32:01.660-03:00,488,0,0,50,3374,3060,31408,3500,0,40000,0x07
2026-09-06T14:32:01.678-03:00,489,0,0,50,3374,3060,31408,3500,0,40000,0x07
2026-09-06T14:32:01.701-03:00,490,0,0,51,3374,2804,32496,3500,0,40000,0x07
2026-09-06T14:32:01.720-03:00,491,0,0,51,3374,2804,32496,3500,0,40000,0x07
2026-09-06T14:32:01.738-03:00,492,0,0,51,3374,2804,32496,3500,0,40000,0x07
2026-09-06T14:32:01.756-03:00,493,0,0,51,3374,3118,31162,3500,0,40000,0x07
2026-09-06T14:32:01.776-03:00,494,0,0,51,3374,3118,31162,3500,0,40000,0x07
2026-09-06T14:32:01.800-03:00,495,0,0,51,3374,3118,31162,3500,0,40000,0x07
2026-09-06T14:32:01.820-03:00,496,0,0,54,3374,3241,30639,3500,0,40000,0x07
2026-09-06T14:32:01.864-03:00,497,0,0,54,3374,3241,30639,3500,0,40000,0x07
2026-09-06T14:32:01.909-03:00,498,0,0,56,3374,2750,32725,3500,0,40000,0x07
2026-09-06T14:32:01.953-03:00,499,0,0,56,3374,2750,32725,3500,0,40000,0x07
2026-09-06T14:32:01.997-03:00,500,0,0,51,3374,2961,31829,3500,0,40000,0x07
2026-09-06T14:32:02.042-03:00,501,0,0,51,0,0,0,0,0,0,0x03
