timestamp,sequence,team,robot_id,interval_ms,left_target_eps,left_measured_eps,left_duty,right_target_eps,right_measured_eps,right_duty,flags
2026-09-06T11:39:06.627-03:00,53,0,0,51,0,0,0,0,0,0,0x03
2026-09-06T11:39:06.650-03:00,54,0,0,51,0,0,0,0,0,0,0x03
2026-09-06T11:39:06.670-03:00,55,0,0,51,0,0,0,0,0,0,0x03
2026-09-06T11:39:06.688-03:00,55,0,0,50,0,0,0,0,0,0,0x03
2026-09-06T11:39:06.711-03:00,55,0,0,50,0,0,0,0,0,0,0x03
2026-09-06T11:39:06.729-03:00,55,0,0,50,0,0,0,0,0,0,0x03
2026-09-06T11:39:06.749-03:00,55,0,0,51,0,0,0,0,0,0,0x03
2026-09-06T11:39:06.769-03:00,55,0,0,51,0,0,0,0,0,0,0x03
2026-09-06T11:39:06.787-03:00,55,0,0,50,0,0,0,0,0,0,0x03
2026-09-06T11:39:06.810-03:00,55,0,0,50,0,0,0,0,0,0,0x03
2026-09-06T11:39:06.828-03:00,8,0,0,50,0,0,0,0,0,16934,0x07
2026-09-06T11:39:06.851-03:00,9,0,0,51,0,0,0,-1750,0,24372,0x07
2026-09-06T11:39:06.869-03:00,10,0,0,51,0,0,0,-1750,0,24372,0x07
2026-09-06T11:39:06.887-03:00,11,0,0,52,0,0,0,-1750,0,24372,0x07
2026-09-06T11:39:06.910-03:00,12,0,0,52,0,0,0,-1750,0,24372,0x07
2026-09-06T11:39:06.928-03:00,13,0,0,52,0,0,0,-1750,0,24372,0x07
2026-09-06T11:39:06.948-03:00,14,0,0,52,0,0,0,-1750,0,24372,0x07
2026-09-06T11:39:06.971-03:00,15,0,0,52,0,0,0,-1750,0,24372,0x07
2026-09-06T11:39:06.988-03:00,16,0,0,53,0,0,0,-1750,0,24372,0x07
2026-09-06T11:39:07.011-03:00,17,0,0,53,0,0,0,-1750,0,24372,0x07
2026-09-06T11:39:07.029-03:00,18,0,0,53,0,0,0,-1750,0,24372,0x07
2026-09-06T11:39:07.048-03:00,19,0,0,50,0,0,0,-1750,0,24372,0x07
2026-09-06T11:39:07.071-03:00,20,0,0,50,0,0,0,-1750,0,24372,0x07
2026-09-06T11:39:07.089-03:00,21,0,0,51,0,0,0,-1750,0,24372,0x07
2026-09-06T11:39:07.111-03:00,22,0,0,51,0,0,0,-1750,0,24372,0x07
2026-09-06T11:39:07.129-03:00,23,0,0,51,0,0,0,-1750,0,24372,0x07
2026-09-06T11:39:07.147-03:00,24,0,0,59,0,0,0,-1750,0,24372,0x07
2026-09-06T11:39:07.167-03:00,25,0,0,59,0,0,0,-1750,0,24372,0x07
2026-09-06T11:39:07.190-03:00,26,0,0,59,0,0,0,-1750,0,24372,0x07
2026-09-06T11:39:07.207-03:00,27,0,0,50,0,0,0,-1750,0,24372,0x07
2026-09-06T11:39:07.230-03:00,28,0,0,50,0,0,0,-1750,0,24372,0x07
2026-09-06T11:39:07.247-03:00,29,0,0,50,0,0,0,-1750,0,24372,0x07
2026-09-06T11:39:07.270-03:00,30,0,0,54,0,0,0,-1750,0,24372,0x07
2026-09-06T11:39:07.288-03:00,31,0,0,54,0,0,0,-1750,0,24372,0x07
2026-09-06T11:39:07.312-03:00,32,0,0,51,0,0,0,-1750,0,24372,0x07
2026-09-06T11:39:07.330-03:00,33,0,0,51,0,0,0,-1750,0,24372,0x07
2026-09-06T11:39:07.348-03:00,34,0,0,51,0,0,0,-1750,0,24372,0x07
2026-09-06T11:39:07.371-03:00,35,0,0,53,0,0,0,-1750,0,24372,0x07
2026-09-06T11:39:07.391-03:00,36,0,0,53,0,0,0,-1750,0,24372,0x07
2026-09-06T11:39:07.409-03:00,37,0,0,55,0,0,0,-1750,0,24372,0x07
2026-09-06T11:39:07.427-03:00,38,0,0,55,0,0,0,-1750,0,24372,0x07
2026-09-06T11:39:07.451-03:00,39,0,0,55,0,0,0,-1750,0,24372,0x07
2026-09-06T11:39:07.471-03:00,40,0,0,56,0,0,0,-1750,0,24372,0x07
2026-09-06T11:39:07.489-03:00,41,0,0,56,0,0,0,-1750,0,24372,0x07
2026-09-06T11:39:07.507-03:00,42,0,0,56,0,0,0,-1750,0,24372,0x07
2026-09-06T11:39:07.527-03:00,43,0,0,51,0,0,0,-1750,0,24372,0x07
2026-09-06T11:39:07.550-03:00,44,0,0,51,0,0,0,-1750,0,24372,0x07
2026-09-06T11:39:07.568-03:00,45,0,0,50,0,0,0,-1750,0,24372,0x07
2026-09-06T11:39:07.588-03:00,46,0,0,50,0,0,0,-1750,0,24372,0x07
2026-09-06T11:39:07.611-03:00,47,0,0,50,0,0,0,-1750,0,24372,0x07
2026-09-06T11:39:07.655-03:00,48,0,0,50,0,0,0,-1750,0,24372,0x07
2026-09-06T11:39:07.698-03:00,49,0,0,50,0,0,0,-1750,0,24372,0x07
2026-09-06T11:39:07.742-03:00,50,0,0,51,0,0,0,-1750,0,24372,0x07
2026-09-06T11:39:07.785-03:00,51,0,0,50,0,0,0,0,0,0,0x03
2026-09-06T11:39:07.829-03:00,52,0,0,52,0,0,0,0,0,0,0x03
