timestamp,sequence,team,robot_id,interval_ms,left_target_eps,left_measured_eps,left_duty,right_target_eps,right_measured_eps,right_duty,flags
2026-09-06T11:26:18.485-03:00,11845,0,2,52,0,0,0,0,0,0,0x03
2026-09-06T11:26:18.505-03:00,65535,0,2,50,0,0,0,0,0,0,0x0b
2026-09-06T11:26:18.528-03:00,65535,0,2,50,0,0,0,0,0,0,0x0b
2026-09-06T11:26:18.546-03:00,1,0,2,52,0,0,32494,0,0,34729,0x07
2026-09-06T11:26:18.569-03:00,2,0,2,52,0,0,32494,0,0,34729,0x07
2026-09-06T11:26:18.587-03:00,3,0,2,51,3374,843,40000,3500,745,40000,0x07
2026-09-06T11:26:18.605-03:00,4,0,2,51,3374,843,40000,3500,745,40000,0x07
2026-09-06T11:26:18.644-03:00,5,0,2,51,3374,2980,34167,3500,3078,36521,0x07
2026-09-06T11:26:18.668-03:00,6,0,2,51,3374,2980,34167,3500,3078,36521,0x07
2026-09-06T11:26:18.686-03:00,7,0,2,51,3374,2980,34167,3500,3078,36521,0x07
2026-09-06T11:26:18.704-03:00,8,0,2,59,3374,3864,30410,3500,3932,32892,0x07
2026-09-06T11:26:18.724-03:00,9,0,2,59,3374,3864,30410,3500,3932,32892,0x07
2026-09-06T11:26:18.747-03:00,10,0,2,59,3374,3864,30410,3500,3932,32892,0x07
2026-09-06T11:26:18.765-03:00,11,0,2,59,3374,3797,30698,3500,3898,33036,0x07
2026-09-06T11:26:18.788-03:00,12,0,2,59,3374,3797,30698,3500,3898,33036,0x07
2026-09-06T11:26:18.806-03:00,13,0,2,59,3374,3797,30698,3500,3898,33036,0x07
2026-09-06T11:26:18.824-03:00,14,0,2,50,3374,3640,31364,3500,3900,33029,0x07
2026-09-06T11:26:18.844-03:00,15,0,2,50,3374,3640,31364,3500,3900,33029,0x07
2026-09-06T11:26:18.867-03:00,16,0,2,51,3374,3529,31834,3500,3765,33604,0x07
2026-09-06T11:26:18.885-03:00,17,0,2,51,3374,3529,31834,3500,3765,33604,0x07
2026-09-06T11:26:18.905-03:00,18,0,2,51,3374,3529,31834,3500,3765,33604,0x07
2026-09-06T11:26:18.925-03:00,19,0,2,50,3374,3600,31534,3500,3680,33964,0x07
2026-09-06T11:26:18.948-03:00,20,0,2,50,3374,3600,31534,3500,3680,33964,0x07
2026-09-06T11:26:18.968-03:00,21,0,2,52,3374,3577,31632,3500,3788,33503,0x07
2026-09-06T11:26:18.988-03:00,22,0,2,52,3374,3577,31632,3500,3788,33503,0x07
2026-09-06T11:26:19.006-03:00,23,0,2,52,3374,3577,31632,3500,3788,33503,0x07
2026-09-06T11:26:19.029-03:00,24,0,2,51,3374,3647,31334,3500,3863,33187,0x07
2026-09-06T11:26:19.047-03:00,25,0,2,51,3374,3647,31334,3500,3863,33187,0x07
2026-09-06T11:26:19.065-03:00,26,0,2,51,3374,3647,31334,3500,3863,33187,0x07
2026-09-06T11:26:19.088-03:00,27,0,2,56,3374,3679,31200,3500,3786,33515,0x07
2026-09-06T11:26:19.107-03:00,28,0,2,56,3374,3679,31200,3500,3786,33515,0x07
2026-09-06T11:26:19.126-03:00,29,0,2,51,3374,3647,31334,3500,3882,33104,0x07
2026-09-06T11:26:19.146-03:00,30,0,2,51,3374,3647,31334,3500,3882,33104,0x07
2026-09-06T11:26:19.165-03:00,31,0,2,51,3374,3647,31334,3500,3882,33104,0x07
2026-09-06T11:26:19.188-03:00,32,0,2,51,3374,3569,31667,3500,3784,33521,0x07
2026-09-06T11:26:19.208-03:00,33,0,2,51,3374,3569,31667,3500,3784,33521,0x07
2026-09-06T11:26:19.226-03:00,34,0,2,51,3374,3569,31667,3500,3784,33521,0x07
2026-09-06T11:26:19.246-03:00,35,0,2,56,3374,3625,31427,3500,3732,33742,0x07
2026-09-06T11:26:19.269-03:00,36,0,2,56,3374,3625,31427,3500,3732,33742,0x07
2026-09-06T11:26:19.305-03:00,37,0,2,54,3374,3630,31408,3500,3870,33155,0x07
2026-09-06T11:26:19.305-03:00,38,0,2,54,3374,3630,31408,3500,3870,33155,0x07
2026-09-06T11:26:19.328-03:00,39,0,2,54,3374,3630,31408,3500,3870,33155,0x07
2026-09-06T11:26:19.346-03:00,40,0,2,52,3374,3712,31059,3500,3827,33340,0x07
2026-09-06T11:26:19.365-03:00,41,0,2,52,3374,3712,31059,3500,3827,33340,0x07
2026-09-06T11:26:19.384-03:00,42,0,2,52,3374,3712,31059,3500,3827,33340,0x07
2026-09-06T11:26:19.404-03:00,43,0,2,56,3374,3661,31275,3500,3732,33742,0x07
2026-09-06T11:26:19.428-03:00,44,0,2,56,3374,3661,31275,3500,3732,33742,0x07
2026-09-06T11:26:19.445-03:00,45,0,2,52,3374,3577,31632,3500,3827,33340,0x07
2026-09-06T11:26:19.468-03:00,46,0,2,52,3374,3577,31632,3500,3827,33340,0x07
2026-09-06T11:26:19.485-03:00,47,0,2,52,3374,3577,31632,3500,3827,33340,0x07
2026-09-06T11:26:19.509-03:00,48,0,2,60,3374,3683,31179,3500,3833,33312,0x07
2026-09-06T11:26:19.527-03:00,49,0,2,60,3374,3683,31179,3500,3833,33312,0x07
2026-09-06T11:26:19.547-03:00,50,0,2,60,3374,3683,31179,3500,3833,33312,0x07
2026-09-06T11:26:19.565-03:00,51,0,2,50,3374,3740,30938,3500,3860,33199,0x07
2026-09-06T11:26:19.586-03:00,52,0,2,50,3374,3740,30938,3500,3860,33199,0x07
2026-09-06T11:26:19.608-03:00,53,0,2,52,3374,3596,31550,3500,3769,33585,0x07
2026-09-06T11:26:19.628-03:00,54,0,2,52,3374,3596,31550,3500,3769,33585,0x07
2026-09-06T11:26:19.646-03:00,55,0,2,52,3374,3596,31550,3500,3769,33585,0x07
2026-09-06T11:26:19.665-03:00,56,0,2,52,3374,3673,31223,3500,3750,33666,0x07
2026-09-06T11:26:19.689-03:00,57,0,2,52,3374,3673,31223,3500,3750,33666,0x07
2026-09-06T11:26:19.707-03:00,58,0,2,52,3374,3673,31223,3500,3750,33666,0x07
2026-09-06T11:26:19.725-03:00,59,0,2,56,3374,3643,31351,3500,3804,33439,0x07
2026-09-06T11:26:19.745-03:00,60,0,2,56,3374,3643,31351,3500,3804,33439,0x07
2026-09-06T11:26:19.768-03:00,61,0,2,51,3374,3667,31250,3500,3843,33271,0x07
2026-09-06T11:26:19.786-03:00,62,0,2,51,3374,3667,31250,3500,3843,33271,0x07
2026-09-06T11:26:19.809-03:00,63,0,2,51,3374,3667,31250,3500,3843,33271,0x07
2026-09-06T11:26:19.826-03:00,64,0,2,51,3374,3686,31167,3500,3824,33354,0x07
2026-09-06T11:26:19.844-03:00,65,0,2,51,3374,3686,31167,3500,3824,33354,0x07
2026-09-06T11:26:19.867-03:00,66,0,2,60,3374,3650,31321,3500,3833,33312,0x07
2026-09-06T11:26:19.885-03:00,67,0,2,60,3374,3650,31321,3500,3833,33312,0x07
2026-09-06T11:26:19.907-03:00,68,0,2,60,3374,3650,31321,3500,3833,33312,0x07
2026-09-06T11:26:19.927-03:00,69,0,2,54,3374,3611,31486,3500,3722,33785,0x07
2026-09-06T11:26:19.947-03:00,70,0,2,54,3374,3611,31486,3500,3722,33785,0x07
2026-09-06T11:26:19.967-03:00,71,0,2,54,3374,3611,31486,3500,3722,33785,0x07
2026-09-06T11:26:19.985-03:00,72,0,2,56,3374,3661,31275,3500,3821,33363,0x07
2026-09-06T11:26:20.008-03:00,73,0,2,56,3374,3661,31275,3500,3821,33363,0x07
2026-09-06T11:26:20.025-03:00,74,0,2,56,3374,3661,31275,3500,3821,33363,0x07
2026-09-06T11:26:20.048-03:00,75,0,2,57,3374,3719,31026,3500,3912,32977,0x07
2026-09-06T11:26:20.067-03:00,76,0,2,57,3374,3719,31026,3500,3912,32977,0x07
2026-09-06T11:26:20.084-03:00,77,0,2,57,3374,3719,31026,3500,3912,32977,0x07
2026-09-06T11:26:20.108-03:00,78,0,2,51,3374,3627,31417,3500,3706,33854,0x07
2026-09-06T11:26:20.126-03:00,79,0,2,51,3374,3627,31417,3500,3706,33854,0x07
2026-09-06T11:26:20.149-03:00,80,0,2,51,3374,3627,31417,3500,3706,33854,0x07
2026-09-06T11:26:20.169-03:00,81,0,2,56,3374,3571,31655,3500,3696,33894,0x07
2026-09-06T11:26:20.189-03:00,82,0,2,56,3374,3571,31655,3500,3696,33894,0x07
2026-09-06T11:26:20.207-03:00,83,0,2,56,3374,3732,30972,3500,3911,32983,0x07
2026-09-06T11:26:20.225-03:00,84,0,2,56,3374,3732,30972,3500,3911,32983,0x07
2026-09-06T11:26:20.248-03:00,85,0,2,56,3374,3732,30972,3500,3911,32983,0x07
2026-09-06T11:26:20.266-03:00,86,0,2,59,3374,3627,31418,3500,3763,33612,0x07
2026-09-06T11:26:20.289-03:00,87,0,2,59,3374,3627,31418,3500,3763,33612,0x07
2026-09-06T11:26:20.309-03:00,88,0,2,59,3374,3627,31418,3500,3763,33612,0x07
2026-09-06T11:26:20.327-03:00,89,0,2,50,3374,3700,31108,3500,3840,33284,0x07
2026-09-06T11:26:20.345-03:00,90,0,2,50,3374,3700,31108,3500,3840,33284,0x07
2026-09-06T11:26:20.365-03:00,91,0,2,51,3374,3627,31417,3500,3824,33354,0x07
2026-09-06T11:26:20.385-03:00,92,0,2,51,3374,3627,31417,3500,3824,33354,0x07
2026-09-06T11:26:20.408-03:00,93,0,2,51,3374,3627,31417,3500,3824,33354,0x07
2026-09-06T11:26:20.429-03:00,94,0,2,58,3374,3586,31592,3500,3707,33850,0x07
2026-09-06T11:26:20.447-03:00,95,0,2,58,3374,3586,31592,3500,3707,33850,0x07
2026-09-06T11:26:20.465-03:00,96,0,2,58,3374,3586,31592,3500,3707,33850,0x07
2026-09-06T11:26:20.488-03:00,97,0,2,51,3374,3706,31084,3500,3882,33104,0x07
2026-09-06T11:26:20.508-03:00,98,0,2,51,3374,3706,31084,3500,3882,33104,0x07
2026-09-06T11:26:20.526-03:00,99,0,2,50,3374,3620,31448,3500,3740,33709,0x07
2026-09-06T11:26:20.545-03:00,100,0,2,50,3374,3620,31448,3500,3740,33709,0x07
2026-09-06T11:26:20.568-03:00,101,0,2,50,3374,3620,31448,3500,3740,33709,0x07
2026-09-06T11:26:20.587-03:00,102,0,2,51,3374,3706,31084,3500,3765,33604,0x07
2026-09-06T11:26:20.604-03:00,103,0,2,51,3374,3706,31084,3500,3765,33604,0x07
2026-09-06T11:26:20.627-03:00,104,0,2,50,3374,3640,31364,3500,3800,33454,0x07
2026-09-06T11:26:20.646-03:00,105,0,2,50,3374,3640,31364,3500,3800,33454,0x07
2026-09-06T11:26:20.666-03:00,106,0,2,50,3374,3640,31364,3500,3800,33454,0x07
2026-09-06T11:26:20.686-03:00,107,0,2,51,3374,3667,31250,3500,3824,33354,0x07
2026-09-06T11:26:20.705-03:00,108,0,2,51,3374,3667,31250,3500,3824,33354,0x07
2026-09-06T11:26:20.728-03:00,109,0,2,50,3374,3660,31278,3500,3740,33709,0x07
2026-09-06T11:26:20.748-03:00,110,0,2,50,3374,3660,31278,3500,3740,33709,0x07
2026-09-06T11:26:20.768-03:00,111,0,2,50,3374,3660,31278,3500,3740,33709,0x07
2026-09-06T11:26:20.786-03:00,112,0,2,59,3374,3610,31490,3500,3780,33540,0x07
2026-09-06T11:26:20.805-03:00,113,0,2,59,3374,3610,31490,3500,3780,33540,0x07
2026-09-06T11:26:20.828-03:00,114,0,2,59,3374,3610,31490,3500,3780,33540,0x07
2026-09-06T11:26:20.847-03:00,115,0,2,59,3374,3644,31346,3500,3780,33540,0x07
2026-09-06T11:26:20.865-03:00,116,0,2,59,3374,3644,31346,3500,3780,33540,0x07
2026-09-06T11:26:20.888-03:00,117,0,2,59,3374,3644,31346,3500,3780,33540,0x07
2026-09-06T11:26:20.906-03:00,118,0,2,60,3374,3667,31250,3500,3767,33596,0x07
2026-09-06T11:26:20.928-03:00,119,0,2,60,3374,3667,31250,3500,3767,33596,0x07
2026-09-06T11:26:20.947-03:00,120,0,2,60,3374,3667,31250,3500,3767,33596,0x07
2026-09-06T11:26:20.965-03:00,121,0,2,59,3374,3678,31202,3500,3814,33396,0x07
2026-09-06T11:26:20.988-03:00,122,0,2,59,3374,3678,31202,3500,3814,33396,0x07
2026-09-06T11:26:21.006-03:00,123,0,2,59,3374,3678,31202,3500,3814,33396,0x07
2026-09-06T11:26:21.026-03:00,124,0,2,59,3374,3644,31346,3500,3729,33757,0x07
2026-09-06T11:26:21.047-03:00,125,0,2,59,3374,3644,31346,3500,3729,33757,0x07
2026-09-06T11:26:21.065-03:00,126,0,2,59,3374,3644,31346,3500,3729,33757,0x07
2026-09-06T11:26:21.088-03:00,127,0,2,51,3374,3686,31167,3500,3824,33354,0x07
2026-09-06T11:26:21.106-03:00,128,0,2,51,3374,3686,31167,3500,3824,33354,0x07
2026-09-06T11:26:21.125-03:00,129,0,2,50,3374,3680,31194,3500,3780,33539,0x07
2026-09-06T11:26:21.148-03:00,130,0,2,50,3374,3680,31194,3500,3780,33539,0x07
2026-09-06T11:26:21.168-03:00,131,0,2,50,3374,3680,31194,3500,3780,33539,0x07
2026-09-06T11:26:21.186-03:00,132,0,2,59,3374,3627,31418,3500,3729,33757,0x07
2026-09-06T11:26:21.209-03:00,133,0,2,59,3374,3627,31418,3500,3729,33757,0x07
2026-09-06T11:26:21.229-03:00,134,0,2,59,3374,3627,31418,3500,3729,33757,0x07
2026-09-06T11:26:21.249-03:00,135,0,2,50,3374,3720,31024,3500,3860,33199,0x07
2026-09-06T11:26:21.269-03:00,136,0,2,50,3374,3720,31024,3500,3860,33199,0x07
2026-09-06T11:26:21.287-03:00,137,0,2,54,3374,3685,31171,3500,3778,33548,0x07
2026-09-06T11:26:21.305-03:00,138,0,2,54,3374,3685,31171,3500,3778,33548,0x07
2026-09-06T11:26:21.325-03:00,139,0,2,54,3374,3685,31171,3500,3778,33548,0x07
2026-09-06T11:26:21.349-03:00,140,0,2,59,3374,3593,31562,3500,3661,34045,0x07
2026-09-06T11:26:21.367-03:00,141,0,2,59,3374,3593,31562,3500,3661,34045,0x07
2026-09-06T11:26:21.387-03:00,142,0,2,59,3374,3593,31562,3500,3661,34045,0x07
2026-09-06T11:26:21.425-03:00,143,0,2,51,3374,3745,30917,3500,3902,33021,0x07
2026-09-06T11:26:21.448-03:00,144,0,2,51,3374,3745,30917,3500,3902,33021,0x07
2026-09-06T11:26:21.466-03:00,145,0,2,62,3374,3677,31204,3500,3774,33564,0x07
2026-09-06T11:26:21.484-03:00,146,0,2,62,3374,3677,31204,3500,3774,33564,0x07
2026-09-06T11:26:21.508-03:00,147,0,2,62,3374,3677,31204,3500,3774,33564,0x07
2026-09-06T11:26:21.526-03:00,148,0,2,55,3374,3655,31302,3500,3673,33995,0x07
2026-09-06T11:26:21.549-03:00,149,0,2,55,3374,3655,31302,3500,3673,33995,0x07
2026-09-06T11:26:21.564-03:00,150,0,2,55,3374,3655,31302,3500,3673,33995,0x07
2026-09-06T11:26:21.587-03:00,151,0,2,54,3374,3685,31171,3500,3870,33155,0x07
2026-09-06T11:26:21.605-03:00,152,0,2,54,3374,3685,31171,3500,3870,33155,0x07
2026-09-06T11:26:21.645-03:00,155,0,2,55,3374,3618,31456,3500,3727,33763,0x07
2026-09-06T11:26:21.665-03:00,156,0,2,55,3374,3618,31456,3500,3727,33763,0x07
2026-09-06T11:26:21.688-03:00,157,0,2,50,3374,3700,31108,3500,3820,33369,0x07
2026-09-06T11:26:21.707-03:00,158,0,2,50,3374,3700,31108,3500,3820,33369,0x07
2026-09-06T11:26:21.725-03:00,159,0,2,50,3374,3640,31364,3500,3800,33454,0x07
2026-09-06T11:26:21.744-03:00,160,0,2,50,3374,3640,31364,3500,3800,33454,0x07
2026-09-06T11:26:21.767-03:00,161,0,2,50,3374,3640,31364,3500,3800,33454,0x07
2026-09-06T11:26:21.785-03:00,162,0,2,51,3374,3647,31334,3500,3745,33687,0x07
2026-09-06T11:26:21.808-03:00,163,0,2,51,3374,3647,31334,3500,3745,33687,0x07
2026-09-06T11:26:21.826-03:00,164,0,2,53,3374,3642,31357,3500,3736,33727,0x07
2026-09-06T11:26:21.844-03:00,165,0,2,53,3374,3642,31357,3500,3736,33727,0x07
2026-09-06T11:26:21.865-03:00,166,0,2,53,3374,3642,31357,3500,3736,33727,0x07
2026-09-06T11:26:21.888-03:00,167,0,2,57,3374,3649,31325,3500,3807,33424,0x07
2026-09-06T11:26:21.908-03:00,168,0,2,57,3374,3649,31325,3500,3807,33424,0x07
2026-09-06T11:26:21.928-03:00,169,0,2,57,3374,3649,31325,3500,3807,33424,0x07
2026-09-06T11:26:21.947-03:00,170,0,2,51,3374,3706,31084,3500,3765,33604,0x07
2026-09-06T11:26:21.967-03:00,171,0,2,51,3374,3706,31084,3500,3765,33604,0x07
2026-09-06T11:26:21.987-03:00,172,0,2,53,3374,3623,31437,3500,3755,33646,0x07
2026-09-06T11:26:22.007-03:00,173,0,2,53,3374,3623,31437,3500,3755,33646,0x07
2026-09-06T11:26:22.025-03:00,174,0,2,53,3374,3623,31437,3500,3755,33646,0x07
2026-09-06T11:26:22.048-03:00,175,0,2,58,3374,3724,31006,3500,3845,33263,0x07
2026-09-06T11:26:22.066-03:00,176,0,2,58,3374,3724,31006,3500,3845,33263,0x07
2026-09-06T11:26:22.088-03:00,177,0,2,58,3374,3724,31006,3500,3845,33263,0x07
2026-09-06T11:26:22.106-03:00,178,0,2,51,3374,3647,31334,3500,3725,33771,0x07
2026-09-06T11:26:22.125-03:00,179,0,2,51,3374,3647,31334,3500,3725,33771,0x07
2026-09-06T11:26:22.145-03:00,180,0,2,50,3374,3640,31364,3500,3800,33454,0x07
2026-09-06T11:26:22.167-03:00,181,0,2,50,3374,3640,31364,3500,3800,33454,0x07
2026-09-06T11:26:22.185-03:00,182,0,2,50,3374,3640,31364,3500,3800,33454,0x07
2026-09-06T11:26:22.206-03:00,183,0,2,57,3374,3684,31176,3500,3772,33573,0x07
2026-09-06T11:26:22.226-03:00,184,0,2,57,3374,3684,31176,3500,3772,33573,0x07
2026-09-06T11:26:22.244-03:00,185,0,2,57,3374,3684,31176,3500,3772,33573,0x07
2026-09-06T11:26:22.267-03:00,186,0,2,50,3374,3660,31278,3500,3680,33964,0x07
2026-09-06T11:26:22.287-03:00,187,0,2,50,3374,3660,31278,3500,3680,33964,0x07
2026-09-06T11:26:22.305-03:00,188,0,2,50,3374,3660,31278,3500,3800,33454,0x07
2026-09-06T11:26:22.327-03:00,189,0,2,50,3374,3660,31278,3500,3800,33454,0x07
2026-09-06T11:26:22.345-03:00,190,0,2,50,3374,3660,31278,3500,3800,33454,0x07
2026-09-06T11:26:22.368-03:00,191,0,2,59,3374,3627,31418,3500,3729,33757,0x07
2026-09-06T11:26:22.386-03:00,192,0,2,59,3374,3627,31418,3500,3729,33757,0x07
2026-09-06T11:26:22.406-03:00,193,0,2,59,3374,3627,31418,3500,3729,33757,0x07
2026-09-06T11:26:22.428-03:00,194,0,2,51,3374,3667,31250,3500,3784,33521,0x07
2026-09-06T11:26:22.446-03:00,195,0,2,51,3374,3667,31250,3500,3784,33521,0x07
2026-09-06T11:26:22.464-03:00,196,0,2,50,3374,3660,31278,3500,3820,33369,0x07
2026-09-06T11:26:22.488-03:00,197,0,2,50,3374,3660,31278,3500,3820,33369,0x07
2026-09-06T11:26:22.506-03:00,198,0,2,50,3374,3660,31278,3500,3820,33369,0x07
2026-09-06T11:26:22.524-03:00,199,0,2,59,3374,3644,31346,3500,3695,33901,0x07
2026-09-06T11:26:22.544-03:00,200,0,2,59,3374,3644,31346,3500,3695,33901,0x07
2026-09-06T11:26:22.568-03:00,201,0,2,59,3374,3644,31346,3500,3695,33901,0x07
2026-09-06T11:26:22.589-03:00,202,0,2,50,3374,3660,31278,3500,3740,33709,0x07
2026-09-06T11:26:22.607-03:00,203,0,2,50,3374,3660,31278,3500,3740,33709,0x07
2026-09-06T11:26:22.627-03:00,204,0,2,54,3374,3667,31250,3500,3833,33312,0x07
2026-09-06T11:26:22.645-03:00,205,0,2,54,3374,3667,31250,3500,3833,33312,0x07
2026-09-06T11:26:22.668-03:00,206,0,2,54,3374,3667,31250,3500,3833,33312,0x07
2026-09-06T11:26:22.686-03:00,207,0,2,58,3374,3741,30933,3500,3724,33776,0x07
2026-09-06T11:26:22.704-03:00,208,0,2,58,3374,3741,30933,3500,3724,33776,0x07
2026-09-06T11:26:22.727-03:00,209,0,2,58,3374,3741,30933,3500,3724,33776,0x07
2026-09-06T11:26:22.745-03:00,210,0,2,59,3374,3610,31490,3500,3729,33757,0x07
2026-09-06T11:26:22.768-03:00,211,0,2,59,3374,3610,31490,3500,3729,33757,0x07
2026-09-06T11:26:22.786-03:00,212,0,2,59,3374,3610,31490,3500,3729,33757,0x07
2026-09-06T11:26:22.806-03:00,213,0,2,60,3374,3567,31675,3500,3717,33808,0x07
2026-09-06T11:26:22.824-03:00,214,0,2,60,3374,3567,31675,3500,3717,33808,0x07
2026-09-06T11:26:22.845-03:00,215,0,2,60,3374,3567,31675,3500,3717,33808,0x07
2026-09-06T11:26:22.868-03:00,216,0,2,51,3374,3745,30917,3500,3745,33687,0x07
2026-09-06T11:26:22.886-03:00,217,0,2,51,3374,3745,30917,3500,3745,33687,0x07
2026-09-06T11:26:22.908-03:00,218,0,2,50,3374,3660,31278,3500,3760,33624,0x07
2026-09-06T11:26:22.926-03:00,219,0,2,50,3374,3660,31278,3500,3760,33624,0x07
2026-09-06T11:26:22.946-03:00,220,0,2,50,3374,3660,31278,3500,3760,33624,0x07
2026-09-06T11:26:22.964-03:00,221,0,2,51,3374,3647,31334,3500,3765,33604,0x07
2026-09-06T11:26:22.984-03:00,222,0,2,51,3374,3647,31334,3500,3765,33604,0x07
2026-09-06T11:26:23.025-03:00,223,0,2,61,3374,3705,31088,3500,3770,33579,0x07
2026-09-06T11:26:23.044-03:00,224,0,2,61,3374,3705,31088,3500,3770,33579,0x07
2026-09-06T11:26:23.066-03:00,225,0,2,61,3374,3705,31088,3500,3770,33579,0x07
2026-09-06T11:26:23.084-03:00,226,0,2,55,3374,3655,31302,3500,3764,33609,0x07
2026-09-06T11:26:23.104-03:00,227,0,2,55,3374,3655,31302,3500,3764,33609,0x07
2026-09-06T11:26:23.128-03:00,228,0,2,55,3374,3655,31302,3500,3764,33609,0x07
2026-09-06T11:26:23.148-03:00,231,0,2,55,3374,3636,31379,3500,3691,33918,0x07
2026-09-06T11:26:23.187-03:00,232,0,2,50,3374,3720,31024,3500,3720,33794,0x07
2026-09-06T11:26:23.205-03:00,233,0,2,50,3374,3720,31024,3500,3720,33794,0x07
2026-09-06T11:26:23.229-03:00,234,0,2,50,3374,3660,31278,3500,3820,33369,0x07
2026-09-06T11:26:23.245-03:00,235,0,2,50,3374,3660,31278,3500,3820,33369,0x07
2026-09-06T11:26:23.265-03:00,236,0,2,50,3374,3660,31278,3500,3820,33369,0x07
2026-09-06T11:26:23.288-03:00,237,0,2,59,3374,3678,31202,3500,3763,33612,0x07
2026-09-06T11:26:23.306-03:00,238,0,2,59,3374,3678,31202,3500,3763,33612,0x07
2026-09-06T11:26:23.328-03:00,239,0,2,59,3374,3678,31202,3500,3763,33612,0x07
2026-09-06T11:26:23.347-03:00,240,0,2,51,3374,3647,31334,3500,3725,33771,0x07
2026-09-06T11:26:23.366-03:00,241,0,2,51,3374,3647,31334,3500,3725,33771,0x07
2026-09-06T11:26:23.386-03:00,242,0,2,50,3374,3660,31278,3500,3800,33454,0x07
2026-09-06T11:26:23.406-03:00,243,0,2,50,3374,3660,31278,3500,3800,33454,0x07
2026-09-06T11:26:23.429-03:00,244,0,2,50,3374,3660,31278,3500,3800,33454,0x07
2026-09-06T11:26:23.447-03:00,245,0,2,57,3374,3649,31325,3500,3702,33872,0x07
2026-09-06T11:26:23.464-03:00,246,0,2,57,3374,3649,31325,3500,3702,33872,0x07
2026-09-06T11:26:23.488-03:00,247,0,2,57,3374,3649,31325,3500,3702,33872,0x07
2026-09-06T11:26:23.506-03:00,248,0,2,52,3374,3673,31223,3500,3731,33748,0x07
2026-09-06T11:26:23.526-03:00,249,0,2,52,3374,3673,31223,3500,3731,33748,0x07
2026-09-06T11:26:23.549-03:00,250,0,2,52,3374,3673,31223,3500,3731,33748,0x07
2026-09-06T11:26:23.567-03:00,251,0,2,56,3374,3679,31200,3500,3821,33363,0x07
2026-09-06T11:26:23.587-03:00,252,0,2,56,3374,3679,31200,3500,3821,33363,0x07
2026-09-06T11:26:23.605-03:00,253,0,2,55,3374,3655,31302,3500,3709,33840,0x07
2026-09-06T11:26:23.628-03:00,254,0,2,55,3374,3655,31302,3500,3709,33840,0x07
2026-09-06T11:26:23.648-03:00,255,0,2,55,3374,3655,31302,3500,3709,33840,0x07
2026-09-06T11:26:23.665-03:00,256,0,2,56,3374,3625,31427,3500,3750,33666,0x07
2026-09-06T11:26:23.687-03:00,257,0,2,56,3374,3625,31427,3500,3750,33666,0x07
2026-09-06T11:26:23.708-03:00,258,0,2,56,3374,3625,31427,3500,3750,33666,0x07
2026-09-06T11:26:23.726-03:00,259,0,2,51,3374,3725,31000,3500,3843,33271,0x07
2026-09-06T11:26:23.744-03:00,260,0,2,51,3374,3725,31000,3500,3843,33271,0x07
2026-09-06T11:26:23.767-03:00,261,0,2,53,3374,3604,31517,3500,3679,33967,0x07
2026-09-06T11:26:23.784-03:00,262,0,2,53,3374,3604,31517,3500,3679,33967,0x07
2026-09-06T11:26:23.808-03:00,263,0,2,53,3374,3604,31517,3500,3679,33967,0x07
2026-09-06T11:26:23.828-03:00,264,0,2,59,3374,3712,31058,3500,3814,33396,0x07
2026-09-06T11:26:23.846-03:00,265,0,2,59,3374,3712,31058,3500,3814,33396,0x07
2026-09-06T11:26:23.866-03:00,266,0,2,59,3374,3712,31058,3500,3814,33396,0x07
2026-09-06T11:26:23.908-03:00,267,0,2,50,3374,3640,31364,3500,3760,33624,0x07
2026-09-06T11:26:23.908-03:00,268,0,2,50,3374,3640,31364,3500,3760,33624,0x07
2026-09-06T11:26:23.928-03:00,269,0,2,50,3374,3620,31448,3500,3640,34134,0x07
2026-09-06T11:26:23.946-03:00,270,0,2,50,3374,3620,31448,3500,3640,34134,0x07
2026-09-06T11:26:23.967-03:00,271,0,2,50,3374,3620,31448,3500,3640,34134,0x07
2026-09-06T11:26:23.985-03:00,272,0,2,51,3374,3686,31167,3500,3843,33271,0x07
2026-09-06T11:26:24.008-03:00,273,0,2,51,3374,3686,31167,3500,3843,33271,0x07
2026-09-06T11:26:24.028-03:00,274,0,2,50,3374,3740,30938,3500,3820,33369,0x07
2026-09-06T11:26:24.046-03:00,275,0,2,50,3374,3740,30938,3500,3820,33369,0x07
2026-09-06T11:26:24.064-03:00,276,0,2,50,3374,3740,30938,3500,3820,33369,0x07
2026-09-06T11:26:24.088-03:00,277,0,2,59,3374,3559,31706,3500,3627,34189,0x07
2026-09-06T11:26:24.106-03:00,278,0,2,59,3374,3559,31706,3500,3627,34189,0x07
2026-09-06T11:26:24.129-03:00,279,0,2,59,3374,3559,31706,3500,3627,34189,0x07
2026-09-06T11:26:24.149-03:00,280,0,2,51,3374,3686,31167,3500,3824,33354,0x07
2026-09-06T11:26:24.167-03:00,281,0,2,51,3374,3686,31167,3500,3824,33354,0x07
2026-09-06T11:26:24.187-03:00,282,0,2,50,3374,3660,31278,3500,3760,33624,0x07
2026-09-06T11:26:24.204-03:00,283,0,2,50,3374,3660,31278,3500,3760,33624,0x07
2026-09-06T11:26:24.227-03:00,284,0,2,50,3374,3660,31278,3500,3760,33624,0x07
2026-09-06T11:26:24.245-03:00,285,0,2,59,3374,3627,31418,3500,3712,33829,0x07
2026-09-06T11:26:24.268-03:00,286,0,2,59,3374,3627,31418,3500,3712,33829,0x07
2026-09-06T11:26:24.286-03:00,287,0,2,59,3374,3627,31418,3500,3712,33829,0x07
2026-09-06T11:26:24.306-03:00,288,0,2,56,3374,3661,31275,3500,3857,33211,0x07
2026-09-06T11:26:24.324-03:00,289,0,2,56,3374,3661,31275,3500,3857,33211,0x07
2026-09-06T11:26:24.344-03:00,290,0,2,56,3374,3661,31275,3500,3857,33211,0x07
2026-09-06T11:26:24.368-03:00,291,0,2,51,3374,3608,31500,3500,3667,34021,0x07
2026-09-06T11:26:24.386-03:00,292,0,2,51,3374,3608,31500,3500,3667,34021,0x07
2026-09-06T11:26:24.408-03:00,293,0,2,50,3374,3640,31364,3500,3660,34049,0x07
2026-09-06T11:26:24.425-03:00,294,0,2,50,3374,3640,31364,3500,3660,34049,0x07
2026-09-06T11:26:24.448-03:00,295,0,2,50,3374,3640,31364,3500,3660,34049,0x07
2026-09-06T11:26:24.587-03:00,296,0,2,51,3374,3667,31250,3500,3863,33187,0x07
2026-09-06T11:26:24.606-03:00,297,0,2,51,3374,3667,31250,3500,3863,33187,0x07
2026-09-06T11:26:24.628-03:00,298,0,2,53,3374,3585,31598,3500,3698,33887,0x07
2026-09-06T11:26:24.646-03:00,299,0,2,50,3374,3640,31364,3500,3800,33454,0x07
2026-09-06T11:26:24.669-03:00,300,0,2,56,3374,3607,31503,3500,3589,34350,0x07
2026-09-06T11:26:24.687-03:00,307,0,2,56,3374,3607,31503,3500,3589,34350,0x07
2026-09-06T11:26:24.705-03:00,308,0,2,56,3374,3607,31503,3500,3589,34350,0x07
2026-09-06T11:26:24.728-03:00,309,0,2,50,3374,3680,31194,3500,3680,33964,0x07
2026-09-06T11:26:24.768-03:00,310,0,2,50,3374,3680,31194,3500,3680,33964,0x07
2026-09-06T11:26:24.784-03:00,311,0,2,50,3374,3640,31364,3500,3820,33369,0x07
2026-09-06T11:26:24.784-03:00,312,0,2,50,3374,3640,31364,3500,3820,33369,0x07
2026-09-06T11:26:24.807-03:00,313,0,2,50,3374,3640,31364,3500,3820,33369,0x07
2026-09-06T11:26:24.827-03:00,314,0,2,53,3374,3623,31437,3500,3774,33566,0x07
2026-09-06T11:26:24.845-03:00,315,0,2,53,3374,3623,31437,3500,3774,33566,0x07
2026-09-06T11:26:24.868-03:00,316,0,2,50,3374,3660,31278,3500,3700,33879,0x07
2026-09-06T11:26:24.886-03:00,317,0,2,50,3374,3660,31278,3500,3700,33879,0x07
2026-09-06T11:26:24.909-03:00,318,0,2,50,3374,3660,31278,3500,3700,33879,0x07
2026-09-06T11:26:24.926-03:00,319,0,2,58,3374,3690,31152,3500,3828,33337,0x07
2026-09-06T11:26:24.946-03:00,320,0,2,58,3374,3690,31152,3500,3828,33337,0x07
2026-09-06T11:26:24.969-03:00,321,0,2,58,3374,3690,31152,3500,3828,33337,0x07
2026-09-06T11:26:24.987-03:00,322,0,2,58,3374,3638,31372,3500,3672,33996,0x07
2026-09-06T11:26:25.005-03:00,323,0,2,58,3374,3638,31372,3500,3672,33996,0x07
2026-09-06T11:26:25.028-03:00,324,0,2,58,3374,3638,31372,3500,3672,33996,0x07
2026-09-06T11:26:25.046-03:00,325,0,2,52,3374,3654,31305,3500,3692,33912,0x07
2026-09-06T11:26:25.069-03:00,326,0,2,52,3374,3654,31305,3500,3692,33912,0x07
2026-09-06T11:26:25.086-03:00,327,0,2,50,3374,3600,31534,3500,3760,33624,0x07
2026-09-06T11:26:25.104-03:00,328,0,2,50,3374,3600,31534,3500,3760,33624,0x07
2026-09-06T11:26:25.127-03:00,329,0,2,50,3374,3600,31534,3500,3760,33624,0x07
2026-09-06T11:26:25.145-03:00,330,0,2,60,3374,3617,31463,3500,3750,33666,0x07
2026-09-06T11:26:25.168-03:00,331,0,2,60,3374,3617,31463,3500,3750,33666,0x07
2026-09-06T11:26:25.188-03:00,332,0,2,60,3374,3617,31463,3500,3750,33666,0x07
2026-09-06T11:26:25.206-03:00,333,0,2,58,3374,3724,31006,3500,3810,33410,0x07
2026-09-06T11:26:25.224-03:00,334,0,2,58,3374,3724,31006,3500,3810,33410,0x07
2026-09-06T11:26:25.247-03:00,335,0,2,58,3374,3724,31006,3500,3810,33410,0x07
2026-09-06T11:26:25.264-03:00,336,0,2,50,3374,3580,31618,3500,3680,33964,0x07
2026-09-06T11:26:25.284-03:00,337,0,2,50,3374,3580,31618,3500,3680,33964,0x07
2026-09-06T11:26:25.306-03:00,338,0,2,55,3374,3564,31688,3500,3600,34304,0x07
2026-09-06T11:26:25.326-03:00,339,0,2,55,3374,3564,31688,3500,3600,34304,0x07
2026-09-06T11:26:25.349-03:00,340,0,2,55,3374,3564,31688,3500,3600,34304,0x07
2026-09-06T11:26:25.368-03:00,341,0,2,57,3374,3684,31176,3500,3807,33424,0x07
2026-09-06T11:26:25.386-03:00,342,0,2,57,3374,3684,31176,3500,3807,33424,0x07
2026-09-06T11:26:25.406-03:00,343,0,2,57,3374,3684,31176,3500,3807,33424,0x07
2026-09-06T11:26:25.428-03:00,344,0,2,51,3374,3725,31000,3500,3843,33271,0x07
2026-09-06T11:26:25.446-03:00,345,0,2,51,3374,3725,31000,3500,3843,33271,0x07
2026-09-06T11:26:25.469-03:00,346,0,2,50,3374,3600,31534,3500,3700,33879,0x07
2026-09-06T11:26:25.487-03:00,347,0,2,50,3374,3600,31534,3500,3700,33879,0x07
2026-09-06T11:26:25.507-03:00,348,0,2,50,3374,3600,31534,3500,3700,33879,0x07
2026-09-06T11:26:25.524-03:00,349,0,2,51,3374,3647,31334,3500,3765,33604,0x07
2026-09-06T11:26:25.548-03:00,350,0,2,51,3374,3647,31334,3500,3765,33604,0x07
2026-09-06T11:26:25.567-03:00,351,0,2,50,3374,3600,31534,3500,3720,33794,0x07
2026-09-06T11:26:25.584-03:00,352,0,2,50,3374,3600,31534,3500,3720,33794,0x07
2026-09-06T11:26:25.604-03:00,353,0,2,50,3374,3600,31534,3500,3720,33794,0x07
2026-09-06T11:26:25.628-03:00,354,0,2,59,3374,3644,31346,3500,3797,33468,0x07
2026-09-06T11:26:25.646-03:00,355,0,2,59,3374,3644,31346,3500,3797,33468,0x07
2026-09-06T11:26:25.667-03:00,356,0,2,59,3374,3644,31346,3500,3797,33468,0x07
2026-09-06T11:26:25.685-03:00,357,0,2,50,3374,3660,31278,3500,3780,33539,0x07
2026-09-06T11:26:25.708-03:00,358,0,2,50,3374,3660,31278,3500,3780,33539,0x07
2026-09-06T11:26:25.726-03:00,359,0,2,50,3374,3580,31618,3500,3680,33964,0x07
2026-09-06T11:26:25.746-03:00,360,0,2,50,3374,3580,31618,3500,3680,33964,0x07
2026-09-06T11:26:25.764-03:00,361,0,2,50,3374,3580,31618,3500,3680,33964,0x07
2026-09-06T11:26:25.784-03:00,362,0,2,59,3374,3678,31202,3500,3814,33396,0x07
2026-09-06T11:26:25.806-03:00,363,0,2,59,3374,3678,31202,3500,3814,33396,0x07
2026-09-06T11:26:25.825-03:00,364,0,2,59,3374,3678,31202,3500,3814,33396,0x07
2026-09-06T11:26:25.848-03:00,365,0,2,58,3374,3655,31299,3500,3776,33557,0x07
2026-09-06T11:26:25.866-03:00,366,0,2,58,3374,3655,31299,3500,3776,33557,0x07
2026-09-06T11:26:25.884-03:00,367,0,2,58,3374,3655,31299,3500,3776,33557,0x07
2026-09-06T11:26:25.906-03:00,368,0,2,50,3374,3640,31364,3500,3620,34219,0x07
2026-09-06T11:26:25.929-03:00,369,0,2,50,3374,3640,31364,3500,3620,34219,0x07
2026-09-06T11:26:25.947-03:00,370,0,2,50,3374,3640,31364,3500,3660,34049,0x07
2026-09-06T11:26:25.965-03:00,371,0,2,50,3374,3640,31364,3500,3660,34049,0x07
2026-09-06T11:26:25.987-03:00,372,0,2,50,3374,3640,31364,3500,3660,34049,0x07
2026-09-06T11:26:26.008-03:00,373,0,2,51,3374,3667,31250,3500,3863,33187,0x07
2026-09-06T11:26:26.026-03:00,374,0,2,51,3374,3667,31250,3500,3863,33187,0x07
2026-09-06T11:26:26.046-03:00,375,0,2,53,3374,3604,31517,3500,3660,34047,0x07
2026-09-06T11:26:26.064-03:00,376,0,2,53,3374,3604,31517,3500,3660,34047,0x07
2026-09-06T11:26:26.087-03:00,377,0,2,53,3374,3604,31517,3500,3660,34047,0x07
2026-09-06T11:26:26.105-03:00,378,0,2,57,3374,3649,31325,3500,3754,33648,0x07
2026-09-06T11:26:26.125-03:00,379,0,2,57,3374,3649,31325,3500,3754,33648,0x07
2026-09-06T11:26:26.145-03:00,380,0,2,52,3374,3673,31223,3500,3808,33421,0x07
2026-09-06T11:26:26.165-03:00,381,0,2,52,3374,3673,31223,3500,3808,33421,0x07
2026-09-06T11:26:26.189-03:00,382,0,2,52,3374,3673,31223,3500,3808,33421,0x07
2026-09-06T11:26:26.207-03:00,383,0,2,55,3374,3618,31456,3500,3727,33763,0x07
2026-09-06T11:26:26.225-03:00,384,0,2,55,3374,3618,31456,3500,3727,33763,0x07
2026-09-06T11:26:26.244-03:00,385,0,2,55,3374,3618,31456,3500,3727,33763,0x07
2026-09-06T11:26:26.264-03:00,386,0,2,54,3374,3648,31329,3500,3759,33627,0x07
2026-09-06T11:26:26.284-03:00,387,0,2,54,3374,3648,31329,3500,3759,33627,0x07
2026-09-06T11:26:26.308-03:00,388,0,2,54,3374,3648,31329,3500,3759,33627,0x07
2026-09-06T11:26:26.326-03:00,389,0,2,56,3374,3679,31200,3500,3821,33363,0x07
2026-09-06T11:26:26.349-03:00,390,0,2,56,3374,3679,31200,3500,3821,33363,0x07
2026-09-06T11:26:26.367-03:00,391,0,2,56,3374,3679,31200,3500,3821,33363,0x07
2026-09-06T11:26:26.385-03:00,392,0,2,50,3374,3660,31278,3500,3760,33624,0x07
2026-09-06T11:26:26.409-03:00,393,0,2,50,3374,3660,31278,3500,3760,33624,0x07
2026-09-06T11:26:26.427-03:00,394,0,2,56,3374,3571,31655,3500,3714,33818,0x07
2026-09-06T11:26:26.445-03:00,395,0,2,56,3374,3571,31655,3500,3714,33818,0x07
2026-09-06T11:26:26.468-03:00,396,0,2,56,3374,3571,31655,3500,3714,33818,0x07
2026-09-06T11:26:26.505-03:00,397,0,2,59,3374,3695,31130,3500,3847,33252,0x07
2026-09-06T11:26:26.505-03:00,398,0,2,59,3374,3695,31130,3500,3847,33252,0x07
2026-09-06T11:26:26.527-03:00,399,0,2,59,3374,3695,31130,3500,3847,33252,0x07
2026-09-06T11:26:26.685-03:00,400,0,2,50,3374,3680,31194,3500,3720,33794,0x07
2026-09-06T11:26:26.728-03:00,401,0,2,50,3374,3680,31194,3500,3720,33794,0x07
2026-09-06T11:26:26.728-03:00,402,0,2,53,3374,3566,31678,3500,3755,33646,0x07
2026-09-06T11:26:26.746-03:00,403,0,2,58,3374,362,40000,3500,276,40000,0x07
2026-09-06T11:26:26.764-03:00,404,0,2,58,3374,362,40000,3500,276,40000,0x07
2026-09-06T11:26:26.785-03:00,412,0,2,58,3374,362,40000,3500,276,40000,0x07
2026-09-06T11:26:26.808-03:00,413,0,2,54,3374,3963,29991,3500,3907,32998,0x07
2026-09-06T11:26:26.827-03:00,414,0,2,54,3374,3963,29991,3500,3907,32998,0x07
2026-09-06T11:26:26.847-03:00,415,0,2,54,3374,3963,29991,3500,3907,32998,0x07
2026-09-06T11:26:26.867-03:00,416,0,2,50,3374,4100,29408,3500,4000,32604,0x07
2026-09-06T11:26:26.886-03:00,417,0,2,50,3374,4100,29408,3500,4000,32604,0x07
2026-09-06T11:26:26.904-03:00,418,0,2,51,3374,3686,31167,3500,3863,33187,0x07
2026-09-06T11:26:26.927-03:00,419,0,2,51,3374,3686,31167,3500,3863,33187,0x07
2026-09-06T11:26:26.947-03:00,420,0,2,51,3374,3686,31167,3500,3863,33187,0x07
2026-09-06T11:26:26.967-03:00,421,0,2,56,3374,3536,31807,3500,3679,33970,0x07
2026-09-06T11:26:26.984-03:00,422,0,2,56,3374,3536,31807,3500,3679,33970,0x07
2026-09-06T11:26:27.008-03:00,423,0,2,56,3374,3536,31807,3500,3679,33970,0x07
2026-09-06T11:26:27.028-03:00,424,0,2,53,3374,3566,31678,3500,3623,34208,0x07
2026-09-06T11:26:27.046-03:00,425,0,2,53,3374,3566,31678,3500,3623,34208,0x07
2026-09-06T11:26:27.066-03:00,426,0,2,52,3374,3731,30978,3500,3904,33013,0x07
2026-09-06T11:26:27.086-03:00,427,0,2,52,3374,3731,30978,3500,3904,33013,0x07
2026-09-06T11:26:27.106-03:00,428,0,2,52,3374,3731,30978,3500,3904,33013,0x07
2026-09-06T11:26:27.129-03:00,429,0,2,58,3374,3638,31372,3500,3638,34143,0x07
2026-09-06T11:26:27.147-03:00,430,0,2,58,3374,3638,31372,3500,3638,34143,0x07
2026-09-06T11:26:27.165-03:00,431,0,2,58,3374,3638,31372,3500,3638,34143,0x07
2026-09-06T11:26:27.188-03:00,432,0,2,51,3374,3608,31500,3500,3706,33854,0x07
2026-09-06T11:26:27.206-03:00,433,0,2,51,3374,3608,31500,3500,3706,33854,0x07
2026-09-06T11:26:27.224-03:00,434,0,2,51,3374,3608,31500,3500,3706,33854,0x07
2026-09-06T11:26:27.248-03:00,435,0,2,56,3374,3643,31351,3500,3768,33591,0x07
2026-09-06T11:26:27.266-03:00,436,0,2,56,3374,3643,31351,3500,3768,33591,0x07
2026-09-06T11:26:27.289-03:00,437,0,2,51,3374,3627,31417,3500,3784,33521,0x07
2026-09-06T11:26:27.309-03:00,438,0,2,51,3374,3627,31417,3500,3784,33521,0x07
2026-09-06T11:26:27.327-03:00,439,0,2,51,3374,3627,31417,3500,3784,33521,0x07
2026-09-06T11:26:27.347-03:00,440,0,2,50,3374,3720,31024,3500,3840,33284,0x07
2026-09-06T11:26:27.365-03:00,441,0,2,50,3374,3720,31024,3500,3840,33284,0x07
2026-09-06T11:26:27.388-03:00,442,0,2,55,3374,3600,31534,3500,3764,33609,0x07
2026-09-06T11:26:27.406-03:00,443,0,2,55,3374,3600,31534,3500,3764,33609,0x07
2026-09-06T11:26:27.428-03:00,444,0,2,55,3374,3600,31534,3500,3764,33609,0x07
2026-09-06T11:26:27.446-03:00,445,0,2,60,3374,3633,31392,3500,3733,33737,0x07
2026-09-06T11:26:27.469-03:00,446,0,2,60,3374,3633,31392,3500,3733,33737,0x07
2026-09-06T11:26:27.485-03:00,447,0,2,60,3374,3633,31392,3500,3733,33737,0x07
2026-09-06T11:26:27.508-03:00,448,0,2,58,3374,3690,31152,3500,3776,33557,0x07
2026-09-06T11:26:27.525-03:00,449,0,2,58,3374,3690,31152,3500,3776,33557,0x07
2026-09-06T11:26:27.548-03:00,450,0,2,58,3374,3690,31152,3500,3776,33557,0x07
2026-09-06T11:26:27.566-03:00,451,0,2,51,3374,3686,31167,3500,3745,33687,0x07
2026-09-06T11:26:27.585-03:00,452,0,2,51,3374,3686,31167,3500,3745,33687,0x07
2026-09-06T11:26:27.607-03:00,453,0,2,51,3374,3608,31500,3500,3667,34021,0x07
2026-09-06T11:26:27.625-03:00,454,0,2,51,3374,3608,31500,3500,3667,34021,0x07
2026-09-06T11:26:27.648-03:00,455,0,2,51,3374,3608,31500,3500,3667,34021,0x07
2026-09-06T11:26:27.666-03:00,456,0,2,59,3374,3644,31346,3500,3797,33468,0x07
2026-09-06T11:26:27.686-03:00,457,0,2,59,3374,3644,31346,3500,3797,33468,0x07
2026-09-06T11:26:27.704-03:00,458,0,2,59,3374,3644,31346,3500,3797,33468,0x07
2026-09-06T11:26:27.728-03:00,459,0,2,58,3374,3724,31006,3500,3828,33337,0x07
2026-09-06T11:26:27.745-03:00,460,0,2,58,3374,3724,31006,3500,3828,33337,0x07
2026-09-06T11:26:27.768-03:00,461,0,2,58,3374,3724,31006,3500,3828,33337,0x07
2026-09-06T11:26:27.786-03:00,462,0,2,51,3374,3647,31334,3500,3686,33937,0x07
2026-09-06T11:26:27.809-03:00,463,0,2,51,3374,3647,31334,3500,3686,33937,0x07
2026-09-06T11:26:27.827-03:00,464,0,2,60,3374,3617,31463,3500,3767,33596,0x07
2026-09-06T11:26:27.845-03:00,465,0,2,60,3374,3617,31463,3500,3767,33596,0x07
2026-09-06T11:26:27.868-03:00,466,0,2,60,3374,3617,31463,3500,3767,33596,0x07
2026-09-06T11:26:27.886-03:00,467,0,2,53,3374,3623,31437,3500,3717,33807,0x07
2026-09-06T11:26:27.904-03:00,468,0,2,53,3374,3623,31437,3500,3717,33807,0x07
2026-09-06T11:26:27.926-03:00,469,0,2,53,3374,3623,31437,3500,3717,33807,0x07
2026-09-06T11:26:27.944-03:00,470,0,2,57,3374,3684,31176,3500,3772,33573,0x07
2026-09-06T11:26:27.969-03:00,471,0,2,57,3374,3684,31176,3500,3772,33573,0x07
2026-09-06T11:26:27.989-03:00,472,0,2,57,3374,3684,31176,3500,3772,33573,0x07
2026-09-06T11:26:28.008-03:00,473,0,2,58,3374,3638,31372,3500,3776,33557,0x07
2026-09-06T11:26:28.026-03:00,474,0,2,58,3374,3638,31372,3500,3776,33557,0x07
2026-09-06T11:26:28.046-03:00,475,0,2,50,3374,3700,31108,3500,3800,33454,0x07
2026-09-06T11:26:28.066-03:00,476,0,2,50,3374,3700,31108,3500,3800,33454,0x07
2026-09-06T11:26:28.089-03:00,477,0,2,50,3374,3700,31108,3500,3800,33454,0x07
2026-09-06T11:26:28.109-03:00,478,0,2,53,3374,3604,31517,3500,3717,33807,0x07
2026-09-06T11:26:28.127-03:00,479,0,2,53,3374,3604,31517,3500,3717,33807,0x07
2026-09-06T11:26:28.147-03:00,480,0,2,53,3374,3604,31517,3500,3717,33807,0x07
2026-09-06T11:26:28.169-03:00,481,0,2,50,3374,3660,31278,3500,3780,33539,0x07
2026-09-06T11:26:28.205-03:00,482,0,2,50,3374,3660,31278,3500,3780,33539,0x07
2026-09-06T11:26:28.205-03:00,483,0,2,50,3374,3660,31278,3500,3780,33539,0x07
2026-09-06T11:26:28.229-03:00,484,0,2,55,3374,3655,31302,3500,3745,33686,0x07
2026-09-06T11:26:28.249-03:00,485,0,2,55,3374,3655,31302,3500,3745,33686,0x07
2026-09-06T11:26:28.269-03:00,486,0,2,52,3374,3596,31550,3500,3731,33748,0x07
2026-09-06T11:26:28.286-03:00,487,0,2,52,3374,3596,31550,3500,3731,33748,0x07
2026-09-06T11:26:28.309-03:00,488,0,2,52,3374,3596,31550,3500,3731,33748,0x07
2026-09-06T11:26:28.327-03:00,489,0,2,53,3374,3660,31277,3500,3736,33727,0x07
2026-09-06T11:26:28.346-03:00,490,0,2,53,3374,3660,31277,3500,3736,33727,0x07
2026-09-06T11:26:28.368-03:00,491,0,2,51,3374,3686,31167,3500,3745,33687,0x07
2026-09-06T11:26:28.596-03:00,492,0,2,51,3374,3686,31167,3500,3745,33687,0x07
2026-09-06T11:26:28.640-03:00,493,0,2,51,3374,3686,31167,3500,3745,33687,0x07
2026-09-06T11:26:28.685-03:00,494,0,2,52,3374,3692,31141,3500,3808,33421,0x07
