timestamp,sequence,team,robot_id,interval_ms,left_target_eps,left_measured_eps,left_duty,right_target_eps,right_measured_eps,right_duty,flags
2026-09-06T12:47:53.311-03:00,65535,255,0,0,0,0,0,0,0,0,0x03
2026-09-06T12:47:53.329-03:00,504,0,0,50,0,0,0,0,0,0,0x03
2026-09-06T12:47:53.349-03:00,505,0,0,50,0,0,0,0,0,0,0x03
2026-09-06T12:47:53.367-03:00,505,0,0,50,0,0,0,0,0,0,0x03
2026-09-06T12:47:53.391-03:00,505,0,0,51,0,0,0,0,0,0,0x03
2026-09-06T12:47:53.409-03:00,505,0,0,51,0,0,0,0,0,0,0x03
2026-09-06T12:47:53.430-03:00,505,0,0,51,0,0,0,0,0,0,0x03
2026-09-06T12:47:53.447-03:00,505,0,0,51,0,0,0,0,0,0,0x03
2026-09-06T12:47:53.466-03:00,505,0,0,51,0,0,0,0,0,0,0x03
2026-09-06T12:47:53.486-03:00,505,0,0,51,0,0,0,0,0,0,0x03
2026-09-06T12:47:53.510-03:00,8,0,0,51,0,0,30741,0,0,31098,0x07
2026-09-06T12:47:53.530-03:00,9,0,0,53,3374,283,40000,3500,0,40000,0x07
2026-09-06T12:47:53.547-03:00,10,0,0,53,3374,283,40000,3500,0,40000,0x07
2026-09-06T12:47:53.610-03:00,11,0,0,53,3374,283,40000,3500,0,40000,0x07
2026-09-06T12:47:53.610-03:00,12,0,0,67,3374,2388,34931,3500,0,40000,0x07
2026-09-06T12:47:53.650-03:00,13,0,0,67,3374,2388,34931,3500,0,40000,0x07
2026-09-06T12:47:53.650-03:00,14,0,0,67,3374,2388,34931,3500,0,40000,0x07
2026-09-06T12:47:53.667-03:00,15,0,0,63,3374,2952,32533,3500,0,40000,0x07
2026-09-06T12:47:53.689-03:00,16,0,0,63,3374,2952,32533,3500,0,40000,0x07
2026-09-06T12:47:53.709-03:00,17,0,0,63,3374,2952,32533,3500,0,40000,0x07
2026-09-06T12:47:53.727-03:00,18,0,0,60,3374,2783,33251,3500,0,40000,0x07
2026-09-06T12:47:53.750-03:00,19,0,0,60,3374,2783,33251,3500,0,40000,0x07
2026-09-06T12:47:53.767-03:00,20,0,0,60,3374,2783,33251,3500,0,40000,0x07
2026-09-06T12:47:53.791-03:00,21,0,0,58,3374,2724,33503,3500,0,40000,0x07
2026-09-06T12:47:53.809-03:00,22,0,0,58,3374,2724,33503,3500,0,40000,0x07
2026-09-06T12:47:53.827-03:00,23,0,0,58,3374,2724,33503,3500,0,40000,0x07
2026-09-06T12:47:53.850-03:00,24,0,0,50,3374,2680,33690,3500,0,40000,0x07
2026-09-06T12:47:53.870-03:00,25,0,0,50,3374,2680,33690,3500,0,40000,0x07
2026-09-06T12:47:53.889-03:00,26,0,0,53,3374,2755,33373,3500,0,40000,0x07
2026-09-06T12:47:53.909-03:00,27,0,0,53,3374,2755,33373,3500,0,40000,0x07
2026-09-06T12:47:53.927-03:00,28,0,0,53,3374,2755,33373,3500,0,40000,0x07
2026-09-06T12:47:53.950-03:00,29,0,0,58,3374,2793,33210,3500,0,40000,0x07
2026-09-06T12:47:53.968-03:00,30,0,0,58,3374,2793,33210,3500,0,40000,0x07
2026-09-06T12:47:53.988-03:00,31,0,0,58,3374,2793,33210,3500,0,40000,0x07
2026-09-06T12:47:54.010-03:00,32,0,0,59,3374,2644,33843,3500,0,40000,0x07
2026-09-06T12:47:54.030-03:00,33,0,0,59,3374,2644,33843,3500,0,40000,0x07
2026-09-06T12:47:54.051-03:00,34,0,0,59,3374,2644,33843,3500,0,40000,0x07
2026-09-06T12:47:54.069-03:00,35,0,0,68,3374,2426,34768,3500,0,40000,0x07
2026-09-06T12:47:54.107-03:00,36,0,0,68,3374,2426,34768,3500,0,40000,0x07
2026-09-06T12:47:54.107-03:00,37,0,0,68,3374,2426,34768,3500,0,40000,0x07
2026-09-06T12:47:54.127-03:00,38,0,0,60,3374,2850,32968,3500,0,40000,0x07
2026-09-06T12:47:54.146-03:00,39,0,0,60,3374,2850,32968,3500,0,40000,0x07
2026-09-06T12:47:54.169-03:00,40,0,0,60,3374,2850,32968,3500,0,40000,0x07
2026-09-06T12:47:54.188-03:00,41,0,0,60,3374,2733,33464,3500,0,40000,0x07
2026-09-06T12:47:54.211-03:00,42,0,0,60,3374,2733,33464,3500,0,40000,0x07
2026-09-06T12:47:54.228-03:00,43,0,0,60,3374,2733,33464,3500,0,40000,0x07
2026-09-06T12:47:54.248-03:00,44,0,0,60,3374,2667,33747,3500,0,40000,0x07
2026-09-06T12:47:54.268-03:00,45,0,0,60,3374,2667,33747,3500,0,40000,0x07
2026-09-06T12:47:54.291-03:00,46,0,0,60,3374,2667,33747,3500,0,40000,0x07
2026-09-06T12:47:54.306-03:00,47,0,0,59,3374,2763,33339,3500,0,40000,0x07
2026-09-06T12:47:54.329-03:00,48,0,0,59,3374,2763,33339,3500,0,40000,0x07
2026-09-06T12:47:54.349-03:00,49,0,0,59,3374,2763,33339,3500,0,40000,0x07
2026-09-06T12:47:54.366-03:00,50,0,0,59,3374,2712,33555,3500,0,40000,0x07
2026-09-06T12:47:54.390-03:00,51,0,0,59,3374,2712,33555,3500,0,40000,0x07
2026-09-06T12:47:54.430-03:00,52,0,0,59,3374,2712,33555,3500,0,40000,0x07
2026-09-06T12:47:54.430-03:00,53,0,0,60,3374,2667,33747,3500,0,40000,0x07
2026-09-06T12:47:54.448-03:00,54,0,0,60,3374,2667,33747,3500,0,40000,0x07
2026-09-06T12:47:54.471-03:00,55,0,0,60,3374,2667,33747,3500,0,40000,0x07
2026-09-06T12:47:54.489-03:00,56,0,0,60,3374,2717,33535,3500,0,40000,0x07
2026-09-06T12:47:54.509-03:00,57,0,0,60,3374,2717,33535,3500,0,40000,0x07
2026-09-06T12:47:54.527-03:00,58,0,0,60,3374,2717,33535,3500,0,40000,0x07
2026-09-06T12:47:54.550-03:00,59,0,0,59,3374,2695,33627,3500,0,40000,0x07
2026-09-06T12:47:54.567-03:00,60,0,0,59,3374,2695,33627,3500,0,40000,0x07
2026-09-06T12:47:54.591-03:00,61,0,0,59,3374,2695,33627,3500,0,40000,0x07
2026-09-06T12:47:54.609-03:00,62,0,0,59,3374,2729,33483,3500,0,40000,0x07
2026-09-06T12:47:54.627-03:00,63,0,0,59,3374,2729,33483,3500,0,40000,0x07
2026-09-06T12:47:54.647-03:00,64,0,0,59,3374,2729,33483,3500,0,40000,0x07
2026-09-06T12:47:54.670-03:00,65,0,0,60,3374,2767,33322,3500,0,40000,0x07
2026-09-06T12:47:54.688-03:00,66,0,0,60,3374,2767,33322,3500,0,40000,0x07
2026-09-06T12:47:54.708-03:00,67,0,0,60,3374,2767,33322,3500,0,40000,0x07
2026-09-06T12:47:54.728-03:00,68,0,0,59,3374,2746,33411,3500,0,40000,0x07
2026-09-06T12:47:54.746-03:00,69,0,0,59,3374,2746,33411,3500,0,40000,0x07
2026-09-06T12:47:54.769-03:00,70,0,0,59,3374,2746,33411,3500,0,40000,0x07
2026-09-06T12:47:54.789-03:00,71,0,0,58,3374,2810,33137,3500,0,40000,0x07
2026-09-06T12:47:54.807-03:00,72,0,0,58,3374,2810,33137,3500,0,40000,0x07
2026-09-06T12:47:54.830-03:00,73,0,0,58,3374,2810,33137,3500,0,40000,0x07
2026-09-06T12:47:54.848-03:00,74,0,0,59,3374,2627,33915,3500,0,40000,0x07
2026-09-06T12:47:54.870-03:00,75,0,0,59,3374,2627,33915,3500,0,40000,0x07
2026-09-06T12:47:54.888-03:00,76,0,0,59,3374,2627,33915,3500,0,40000,0x07
2026-09-06T12:47:54.911-03:00,77,0,0,59,3374,2729,33483,3500,0,40000,0x07
2026-09-06T12:47:54.930-03:00,78,0,0,59,3374,2729,33483,3500,0,40000,0x07
2026-09-06T12:47:54.947-03:00,79,0,0,59,3374,2729,33483,3500,0,40000,0x07
2026-09-06T12:47:54.967-03:00,80,0,0,51,3374,2745,33414,3500,0,40000,0x07
2026-09-06T12:47:54.990-03:00,81,0,0,51,3374,2745,33414,3500,0,40000,0x07
2026-09-06T12:47:55.007-03:00,82,0,0,53,3374,2717,33533,3500,0,40000,0x07
2026-09-06T12:47:55.030-03:00,83,0,0,53,3374,2717,33533,3500,0,40000,0x07
2026-09-06T12:47:55.050-03:00,84,0,0,53,3374,2717,33533,3500,0,40000,0x07
2026-09-06T12:47:55.068-03:00,85,0,0,59,3374,2729,33483,3500,0,40000,0x07
2026-09-06T12:47:55.090-03:00,86,0,0,59,3374,2729,33483,3500,0,40000,0x07
2026-09-06T12:47:55.109-03:00,87,0,0,59,3374,2729,33483,3500,0,40000,0x07
2026-09-06T12:47:55.127-03:00,88,0,0,59,3374,2746,33411,3500,0,40000,0x07
2026-09-06T12:47:55.150-03:00,89,0,0,59,3374,2746,33411,3500,0,40000,0x07
2026-09-06T12:47:55.170-03:00,90,0,0,59,3374,2746,33411,3500,0,40000,0x07
2026-09-06T12:47:55.188-03:00,91,0,0,59,3374,2780,33267,3500,0,40000,0x07
2026-09-06T12:47:55.209-03:00,92,0,0,59,3374,2780,33267,3500,0,40000,0x07
2026-09-06T12:47:55.231-03:00,93,0,0,59,3374,2780,33267,3500,0,40000,0x07
2026-09-06T12:47:55.246-03:00,94,0,0,59,3374,2763,33339,3500,0,40000,0x07
2026-09-06T12:47:55.270-03:00,95,0,0,59,3374,2763,33339,3500,0,40000,0x07
2026-09-06T12:47:55.290-03:00,96,0,0,59,3374,2763,33339,3500,0,40000,0x07
2026-09-06T12:47:55.308-03:00,97,0,0,61,3374,2754,33376,3500,0,40000,0x07
2026-09-06T12:47:55.328-03:00,98,0,0,61,3374,2754,33376,3500,0,40000,0x07
2026-09-06T12:47:55.347-03:00,99,0,0,61,3374,2754,33376,3500,0,40000,0x07
2026-09-06T12:47:55.370-03:00,100,0,0,59,3374,2712,33555,3500,0,40000,0x07
2026-09-06T12:47:55.388-03:00,101,0,0,59,3374,2712,33555,3500,0,40000,0x07
2026-09-06T12:47:55.411-03:00,102,0,0,59,3374,2712,33555,3500,0,40000,0x07
2026-09-06T12:47:55.429-03:00,103,0,0,50,3374,2660,33776,3500,0,40000,0x07
2026-09-06T12:47:55.447-03:00,104,0,0,50,3374,2660,33776,3500,0,40000,0x07
2026-09-06T12:47:55.470-03:00,105,0,0,53,3374,2736,33453,3500,0,40000,0x07
2026-09-06T12:47:55.488-03:00,106,0,0,53,3374,2736,33453,3500,0,40000,0x07
2026-09-06T12:47:55.511-03:00,107,0,0,53,3374,2736,33453,3500,0,40000,0x07
2026-09-06T12:47:55.529-03:00,108,0,0,59,3374,2847,32979,3500,0,40000,0x07
2026-09-06T12:47:55.547-03:00,109,0,0,59,3374,2847,32979,3500,0,40000,0x07
2026-09-06T12:47:55.570-03:00,110,0,0,59,3374,2847,32979,3500,0,40000,0x07
2026-09-06T12:47:55.590-03:00,111,0,0,59,3374,2712,33555,3500,0,40000,0x07
2026-09-06T12:47:55.610-03:00,112,0,0,59,3374,2712,33555,3500,0,40000,0x07
2026-09-06T12:47:55.628-03:00,113,0,0,59,3374,2712,33555,3500,0,40000,0x07
2026-09-06T12:47:55.651-03:00,114,0,0,59,3374,2729,33483,3500,0,40000,0x07
2026-09-06T12:47:55.671-03:00,115,0,0,59,3374,2729,33483,3500,0,40000,0x07
2026-09-06T12:47:55.688-03:00,116,0,0,59,3374,2729,33483,3500,0,40000,0x07
2026-09-06T12:47:55.710-03:00,117,0,0,50,3374,2760,33350,3500,0,40000,0x07
2026-09-06T12:47:55.728-03:00,118,0,0,50,3374,2760,33350,3500,0,40000,0x07
2026-09-06T12:47:55.751-03:00,119,0,0,53,3374,2698,33614,3500,0,40000,0x07
2026-09-06T12:47:55.769-03:00,120,0,0,53,3374,2698,33614,3500,0,40000,0x07
2026-09-06T12:47:55.791-03:00,121,0,0,53,3374,2698,33614,3500,0,40000,0x07
2026-09-06T12:47:55.808-03:00,122,0,0,60,3374,2767,33322,3500,0,40000,0x07
2026-09-06T12:47:55.826-03:00,123,0,0,60,3374,2767,33322,3500,0,40000,0x07
2026-09-06T12:47:55.850-03:00,124,0,0,60,3374,2767,33322,3500,0,40000,0x07
2026-09-06T12:47:55.868-03:00,125,0,0,59,3374,2712,33555,3500,0,40000,0x07
2026-09-06T12:47:55.887-03:00,126,0,0,59,3374,2712,33555,3500,0,40000,0x07
2026-09-06T12:47:55.911-03:00,127,0,0,59,3374,2712,33555,3500,0,40000,0x07
2026-09-06T12:47:55.927-03:00,128,0,0,59,3374,2712,33555,3500,0,40000,0x07
2026-09-06T12:47:55.947-03:00,129,0,0,59,3374,2712,33555,3500,0,40000,0x07
2026-09-06T12:47:55.968-03:00,130,0,0,59,3374,2712,33555,3500,0,40000,0x07
2026-09-06T12:47:55.991-03:00,131,0,0,59,3374,2695,33627,3500,0,40000,0x07
2026-09-06T12:47:56.011-03:00,132,0,0,59,3374,2695,33627,3500,0,40000,0x07
2026-09-06T12:47:56.029-03:00,133,0,0,59,3374,2695,33627,3500,0,40000,0x07
2026-09-06T12:47:56.047-03:00,134,0,0,51,3374,2725,33497,3500,0,40000,0x07
2026-09-06T12:47:56.070-03:00,135,0,0,51,3374,2725,33497,3500,0,40000,0x07
2026-09-06T12:47:56.090-03:00,136,0,0,52,3374,2769,33311,3500,0,40000,0x07
2026-09-06T12:47:56.108-03:00,137,0,0,52,3374,2769,33311,3500,0,40000,0x07
2026-09-06T12:47:56.128-03:00,138,0,0,52,3374,2769,33311,3500,0,40000,0x07
2026-09-06T12:47:56.150-03:00,139,0,0,60,3374,2633,33889,3500,0,40000,0x07
2026-09-06T12:47:56.168-03:00,140,0,0,60,3374,2633,33889,3500,0,40000,0x07
2026-09-06T12:47:56.190-03:00,141,0,0,60,3374,2633,33889,3500,0,40000,0x07
2026-09-06T12:47:56.206-03:00,142,0,0,59,3374,2712,33555,3500,0,40000,0x07
2026-09-06T12:47:56.230-03:00,143,0,0,59,3374,2712,33555,3500,0,40000,0x07
2026-09-06T12:47:56.246-03:00,144,0,0,59,3374,2712,33555,3500,0,40000,0x07
2026-09-06T12:47:56.266-03:00,145,0,0,59,3374,2780,33267,3500,0,40000,0x07
2026-09-06T12:47:56.288-03:00,146,0,0,59,3374,2780,33267,3500,0,40000,0x07
2026-09-06T12:47:56.308-03:00,147,0,0,59,3374,2780,33267,3500,0,40000,0x07
2026-09-06T12:47:56.331-03:00,148,0,0,59,3374,2780,33267,3500,0,40000,0x07
2026-09-06T12:47:56.349-03:00,149,0,0,59,3374,2780,33267,3500,0,40000,0x07
2026-09-06T12:47:56.367-03:00,150,0,0,59,3374,2780,33267,3500,0,40000,0x07
2026-09-06T12:47:56.390-03:00,151,0,0,51,3374,2667,33747,3500,0,40000,0x07
2026-09-06T12:47:56.408-03:00,152,0,0,51,3374,2667,33747,3500,0,40000,0x07
2026-09-06T12:47:56.431-03:00,153,0,0,53,3374,2679,33694,3500,0,40000,0x07
2026-09-06T12:47:56.449-03:00,154,0,0,53,3374,2679,33694,3500,0,40000,0x07
2026-09-06T12:47:56.469-03:00,155,0,0,53,3374,2679,33694,3500,0,40000,0x07
2026-09-06T12:47:56.487-03:00,156,0,0,59,3374,2814,33123,3500,0,40000,0x07
2026-09-06T12:47:56.507-03:00,157,0,0,59,3374,2814,33123,3500,0,40000,0x07
2026-09-06T12:47:56.529-03:00,158,0,0,59,3374,2814,33123,3500,0,40000,0x07
2026-09-06T12:47:56.547-03:00,159,0,0,59,3374,2712,33555,3500,0,40000,0x07
2026-09-06T12:47:56.571-03:00,160,0,0,59,3374,2712,33555,3500,0,40000,0x07
2026-09-06T12:47:56.589-03:00,161,0,0,59,3374,2712,33555,3500,0,40000,0x07
2026-09-06T12:47:56.607-03:00,162,0,0,58,3374,2741,33430,3500,0,40000,0x07
2026-09-06T12:47:56.629-03:00,163,0,0,58,3374,2741,33430,3500,0,40000,0x07
2026-09-06T12:47:56.647-03:00,164,0,0,58,3374,2741,33430,3500,0,40000,0x07
2026-09-06T12:47:56.670-03:00,165,0,0,59,3374,2780,33267,3500,0,40000,0x07
2026-09-06T12:47:56.690-03:00,166,0,0,59,3374,2780,33267,3500,0,40000,0x07
2026-09-06T12:47:56.708-03:00,167,0,0,59,3374,2780,33267,3500,0,40000,0x07
2026-09-06T12:47:56.731-03:00,168,0,0,50,3374,2720,33520,3500,0,40000,0x07
2026-09-06T12:47:56.749-03:00,169,0,0,50,3374,2720,33520,3500,0,40000,0x07
2026-09-06T12:47:56.767-03:00,170,0,0,52,3374,2712,33556,3500,0,40000,0x07
2026-09-06T12:47:56.789-03:00,171,0,0,52,3374,2712,33556,3500,0,40000,0x07
2026-09-06T12:47:56.807-03:00,172,0,0,52,3374,2712,33556,3500,0,40000,0x07
2026-09-06T12:47:56.829-03:00,173,0,0,59,3374,2746,33411,3500,0,40000,0x07
2026-09-06T12:47:56.848-03:00,174,0,0,59,3374,2746,33411,3500,0,40000,0x07
2026-09-06T12:47:56.868-03:00,175,0,0,50,3374,2400,34880,3500,0,40000,0x07
2026-09-06T12:47:56.887-03:00,176,0,0,50,3374,2400,34880,3500,0,40000,0x07
2026-09-06T12:47:56.910-03:00,177,0,0,50,3374,2400,34880,3500,0,40000,0x07
2026-09-06T12:47:56.931-03:00,178,0,0,61,3374,2787,33236,3500,0,40000,0x07
2026-09-06T12:47:56.948-03:00,179,0,0,61,3374,2787,33236,3500,0,40000,0x07
2026-09-06T12:47:56.966-03:00,180,0,0,61,3374,2787,33236,3500,0,40000,0x07
2026-09-06T12:47:56.989-03:00,181,0,0,60,3374,2700,33606,3500,0,40000,0x07
2026-09-06T12:47:57.006-03:00,182,0,0,60,3374,2700,33606,3500,0,40000,0x07
2026-09-06T12:47:57.030-03:00,183,0,0,60,3374,2700,33606,3500,0,40000,0x07
2026-09-06T12:47:57.051-03:00,184,0,0,60,3374,2717,33535,3500,0,40000,0x07
2026-09-06T12:47:57.069-03:00,185,0,0,60,3374,2717,33535,3500,0,40000,0x07
2026-09-06T12:47:57.089-03:00,186,0,0,60,3374,2717,33535,3500,0,40000,0x07
2026-09-06T12:47:57.109-03:00,187,0,0,59,3374,2814,33123,3500,0,40000,0x07
2026-09-06T12:47:57.129-03:00,188,0,0,59,3374,2814,33123,3500,0,40000,0x07
2026-09-06T12:47:57.147-03:00,189,0,0,59,3374,2814,33123,3500,0,40000,0x07
2026-09-06T12:47:57.171-03:00,190,0,0,59,3374,2712,33555,3500,0,40000,0x07
2026-09-06T12:47:57.188-03:00,191,0,0,59,3374,2712,33555,3500,0,40000,0x07
2026-09-06T12:47:57.206-03:00,192,0,0,59,3374,2712,33555,3500,0,40000,0x07
2026-09-06T12:47:57.228-03:00,193,0,0,59,3374,2729,33483,3500,0,40000,0x07
2026-09-06T12:47:57.247-03:00,194,0,0,59,3374,2729,33483,3500,0,40000,0x07
2026-09-06T12:47:57.271-03:00,195,0,0,59,3374,2729,33483,3500,0,40000,0x07
2026-09-06T12:47:57.306-03:00,196,0,0,59,3374,2661,33771,3500,0,40000,0x07
2026-09-06T12:47:57.306-03:00,197,0,0,59,3374,2661,33771,3500,0,40000,0x07
2026-09-06T12:47:57.330-03:00,198,0,0,59,3374,2661,33771,3500,0,40000,0x07
2026-09-06T12:47:57.348-03:00,199,0,0,60,3374,2783,33251,3500,0,40000,0x07
2026-09-06T12:47:57.371-03:00,200,0,0,60,3374,2783,33251,3500,0,40000,0x07
2026-09-06T12:47:57.390-03:00,201,0,0,60,3374,2783,33251,3500,0,40000,0x07
2026-09-06T12:47:57.408-03:00,202,0,0,59,3374,2695,33627,3500,0,40000,0x07
2026-09-06T12:47:57.431-03:00,203,0,0,59,3374,2695,33627,3500,0,40000,0x07
2026-09-06T12:47:57.451-03:00,204,0,0,59,3374,2695,33627,3500,0,40000,0x07
2026-09-06T12:47:57.468-03:00,205,0,0,59,3374,2763,33339,3500,0,40000,0x07
2026-09-06T12:47:57.491-03:00,206,0,0,59,3374,2763,33339,3500,0,40000,0x07
2026-09-06T12:47:57.511-03:00,207,0,0,59,3374,2763,33339,3500,0,40000,0x07
2026-09-06T12:47:57.529-03:00,208,0,0,59,3374,2712,33555,3500,0,40000,0x07
2026-09-06T12:47:57.547-03:00,209,0,0,59,3374,2712,33555,3500,0,40000,0x07
2026-09-06T12:47:57.570-03:00,210,0,0,59,3374,2712,33555,3500,0,40000,0x07
2026-09-06T12:47:57.590-03:00,211,0,0,59,3374,2695,33627,3500,0,40000,0x07
2026-09-06T12:47:57.608-03:00,212,0,0,59,3374,2695,33627,3500,0,40000,0x07
2026-09-06T12:47:57.628-03:00,213,0,0,59,3374,2695,33627,3500,0,40000,0x07
2026-09-06T12:47:57.651-03:00,214,0,0,59,3374,2797,33195,3500,0,40000,0x07
2026-09-06T12:47:57.669-03:00,215,0,0,59,3374,2797,33195,3500,0,40000,0x07
2026-09-06T12:47:57.687-03:00,216,0,0,59,3374,2797,33195,3500,0,40000,0x07
2026-09-06T12:47:57.711-03:00,217,0,0,59,3374,2678,33699,3500,0,40000,0x07
2026-09-06T12:47:57.729-03:00,218,0,0,59,3374,2678,33699,3500,0,40000,0x07
2026-09-06T12:47:57.747-03:00,219,0,0,59,3374,2678,33699,3500,0,40000,0x07
2026-09-06T12:47:57.769-03:00,220,0,0,51,3374,2686,33664,3500,0,40000,0x07
2026-09-06T12:47:57.789-03:00,221,0,0,51,3374,2686,33664,3500,0,40000,0x07
2026-09-06T12:47:57.807-03:00,222,0,0,52,3374,2885,32821,3500,0,40000,0x07
2026-09-06T12:47:57.830-03:00,223,0,0,52,3374,2885,32821,3500,0,40000,0x07
2026-09-06T12:47:57.849-03:00,224,0,0,52,3374,2885,32821,3500,0,40000,0x07
2026-09-06T12:47:57.867-03:00,225,0,0,59,3374,2712,33555,3500,0,40000,0x07
2026-09-06T12:47:57.890-03:00,226,0,0,59,3374,2712,33555,3500,0,40000,0x07
2026-09-06T12:47:57.908-03:00,227,0,0,59,3374,2712,33555,3500,0,40000,0x07
2026-09-06T12:47:57.931-03:00,228,0,0,59,3374,2627,33915,3500,0,40000,0x07
2026-09-06T12:47:57.949-03:00,229,0,0,59,3374,2627,33915,3500,0,40000,0x07
2026-09-06T12:47:57.967-03:00,230,0,0,59,3374,2627,33915,3500,0,40000,0x07
2026-09-06T12:47:57.987-03:00,231,0,0,59,3374,2729,33483,3500,0,40000,0x07
2026-09-06T12:47:58.010-03:00,232,0,0,59,3374,2729,33483,3500,0,40000,0x07
2026-09-06T12:47:58.027-03:00,233,0,0,59,3374,2729,33483,3500,0,40000,0x07
2026-09-06T12:47:58.050-03:00,234,0,0,59,3374,2695,33627,3500,0,40000,0x07
2026-09-06T12:47:58.070-03:00,235,0,0,59,3374,2695,33627,3500,0,40000,0x07
2026-09-06T12:47:58.090-03:00,236,0,0,59,3374,2695,33627,3500,0,40000,0x07
2026-09-06T12:47:58.108-03:00,237,0,0,51,3374,2686,33664,3500,0,40000,0x07
2026-09-06T12:47:58.126-03:00,238,0,0,51,3374,2686,33664,3500,0,40000,0x07
2026-09-06T12:47:58.149-03:00,239,0,0,53,3374,2811,33132,3500,0,40000,0x07
2026-09-06T12:47:58.169-03:00,240,0,0,53,3374,2811,33132,3500,0,40000,0x07
2026-09-06T12:47:58.187-03:00,241,0,0,53,3374,2811,33132,3500,0,40000,0x07
2026-09-06T12:47:58.210-03:00,242,0,0,59,3374,2678,33699,3500,0,40000,0x07
2026-09-06T12:47:58.227-03:00,243,0,0,59,3374,2678,33699,3500,0,40000,0x07
2026-09-06T12:47:58.249-03:00,244,0,0,59,3374,2678,33699,3500,0,40000,0x07
2026-09-06T12:47:58.267-03:00,245,0,0,58,3374,2690,33649,3500,0,40000,0x07
2026-09-06T12:47:58.287-03:00,246,0,0,58,3374,2690,33649,3500,0,40000,0x07
2026-09-06T12:47:58.310-03:00,247,0,0,58,3374,2690,33649,3500,0,40000,0x07
2026-09-06T12:47:58.328-03:00,248,0,0,59,3374,2763,33339,3500,0,40000,0x07
2026-09-06T12:47:58.348-03:00,249,0,0,59,3374,2763,33339,3500,0,40000,0x07
2026-09-06T12:47:58.370-03:00,250,0,0,59,3374,2763,33339,3500,0,40000,0x07
2026-09-06T12:47:58.388-03:00,251,0,0,59,3374,2746,33411,3500,0,40000,0x07
2026-09-06T12:47:58.406-03:00,252,0,0,59,3374,2746,33411,3500,0,40000,0x07
2026-09-06T12:47:58.429-03:00,253,0,0,59,3374,2746,33411,3500,0,40000,0x07
2026-09-06T12:47:58.447-03:00,254,0,0,62,3374,2726,33496,3500,0,40000,0x07
2026-09-06T12:47:58.470-03:00,255,0,0,62,3374,2726,33496,3500,0,40000,0x07
2026-09-06T12:47:58.488-03:00,256,0,0,62,3374,2726,33496,3500,0,40000,0x07
2026-09-06T12:47:58.506-03:00,257,0,0,59,3374,2780,33267,3500,0,40000,0x07
2026-09-06T12:47:58.529-03:00,258,0,0,59,3374,2780,33267,3500,0,40000,0x07
2026-09-06T12:47:58.549-03:00,259,0,0,59,3374,2780,33267,3500,0,40000,0x07
2026-09-06T12:47:58.566-03:00,260,0,0,59,3374,2678,33699,3500,0,40000,0x07
2026-09-06T12:47:58.589-03:00,261,0,0,59,3374,2678,33699,3500,0,40000,0x07
2026-09-06T12:47:58.607-03:00,262,0,0,59,3374,2678,33699,3500,0,40000,0x07
2026-09-06T12:47:58.626-03:00,263,0,0,59,3374,2746,33411,3500,0,40000,0x07
2026-09-06T12:47:58.649-03:00,264,0,0,59,3374,2746,33411,3500,0,40000,0x07
2026-09-06T12:47:58.667-03:00,265,0,0,59,3374,2746,33411,3500,0,40000,0x07
2026-09-06T12:47:58.690-03:00,266,0,0,59,3374,2831,33051,3500,0,40000,0x07
2026-09-06T12:47:58.710-03:00,267,0,0,59,3374,2831,33051,3500,0,40000,0x07
2026-09-06T12:47:58.727-03:00,268,0,0,59,3374,2831,33051,3500,0,40000,0x07
2026-09-06T12:47:58.747-03:00,269,0,0,50,3374,2760,33350,3500,0,40000,0x07
2026-09-06T12:47:58.767-03:00,270,0,0,50,3374,2760,33350,3500,0,40000,0x07
2026-09-06T12:47:58.791-03:00,271,0,0,52,3374,2654,33802,3500,0,40000,0x07
2026-09-06T12:47:58.811-03:00,272,0,0,52,3374,2654,33802,3500,0,40000,0x07
2026-09-06T12:47:58.828-03:00,273,0,0,52,3374,2654,33802,3500,0,40000,0x07
2026-09-06T12:47:58.848-03:00,274,0,0,51,3374,2706,33580,3500,0,40000,0x07
2026-09-06T12:47:58.868-03:00,275,0,0,51,3374,2706,33580,3500,0,40000,0x07
2026-09-06T12:47:58.888-03:00,276,0,0,53,3374,2774,33293,3500,0,40000,0x07
2026-09-06T12:47:58.909-03:00,277,0,0,53,3374,2774,33293,3500,0,40000,0x07
2026-09-06T12:47:58.929-03:00,278,0,0,53,3374,2774,33293,3500,0,40000,0x07
2026-09-06T12:47:58.946-03:00,279,0,0,59,3374,2814,33123,3500,0,40000,0x07
2026-09-06T12:47:58.969-03:00,280,0,0,59,3374,2814,33123,3500,0,40000,0x07
2026-09-06T12:47:58.989-03:00,281,0,0,59,3374,2814,33123,3500,0,40000,0x07
2026-09-06T12:47:59.010-03:00,282,0,0,58,3374,2776,33283,3500,0,40000,0x07
2026-09-06T12:47:59.030-03:00,283,0,0,58,3374,2776,33283,3500,0,40000,0x07
2026-09-06T12:47:59.051-03:00,284,0,0,58,3374,2776,33283,3500,0,40000,0x07
2026-09-06T12:47:59.069-03:00,285,0,0,50,3374,2660,33776,3500,0,40000,0x07
2026-09-06T12:47:59.087-03:00,286,0,0,50,3374,2660,33776,3500,0,40000,0x07
2026-09-06T12:47:59.111-03:00,287,0,0,53,3374,2736,33453,3500,0,40000,0x07
2026-09-06T12:47:59.150-03:00,288,0,0,53,3374,2736,33453,3500,0,40000,0x07
2026-09-06T12:47:59.150-03:00,289,0,0,53,3374,2736,33453,3500,0,40000,0x07
2026-09-06T12:47:59.167-03:00,290,0,0,59,3374,2729,33483,3500,0,40000,0x07
2026-09-06T12:47:59.191-03:00,291,0,0,59,3374,2729,33483,3500,0,40000,0x07
2026-09-06T12:47:59.210-03:00,292,0,0,59,3374,2729,33483,3500,0,40000,0x07
2026-09-06T12:47:59.228-03:00,293,0,0,59,3374,2746,33411,3500,0,40000,0x07
2026-09-06T12:47:59.247-03:00,294,0,0,59,3374,2746,33411,3500,0,40000,0x07
2026-09-06T12:47:59.270-03:00,295,0,0,59,3374,2746,33411,3500,0,40000,0x07
2026-09-06T12:47:59.288-03:00,296,0,0,51,3374,2686,33664,3500,0,40000,0x07
2026-09-06T12:47:59.310-03:00,297,0,0,51,3374,2686,33664,3500,0,40000,0x07
2026-09-06T12:47:59.328-03:00,298,0,0,53,3374,2830,33052,3500,0,40000,0x07
2026-09-06T12:47:59.350-03:00,299,0,0,53,3374,2830,33052,3500,0,40000,0x07
2026-09-06T12:47:59.370-03:00,300,0,0,53,3374,2830,33052,3500,0,40000,0x07
2026-09-06T12:47:59.388-03:00,301,0,0,58,3374,2828,33063,3500,0,40000,0x07
2026-09-06T12:47:59.428-03:00,302,0,0,58,3374,2828,33063,3500,0,40000,0x07
2026-09-06T12:47:59.428-03:00,303,0,0,58,3374,2828,33063,3500,0,40000,0x07
2026-09-06T12:47:59.450-03:00,304,0,0,59,3374,2542,34275,3500,0,40000,0x07
2026-09-06T12:47:59.508-03:00,305,0,0,59,3374,2542,34275,3500,0,40000,0x07
2026-09-06T12:47:59.508-03:00,306,0,0,59,3374,2542,34275,3500,0,40000,0x07
2026-09-06T12:47:59.528-03:00,307,0,0,59,3374,2797,33195,3500,0,40000,0x07
2026-09-06T12:47:59.547-03:00,308,0,0,59,3374,2797,33195,3500,0,40000,0x07
2026-09-06T12:47:59.571-03:00,309,0,0,59,3374,2746,33411,3500,0,40000,0x07
2026-09-06T12:47:59.591-03:00,311,0,0,59,3374,2746,33411,3500,0,40000,0x07
2026-09-06T12:47:59.610-03:00,312,0,0,59,3374,2746,33411,3500,0,40000,0x07
2026-09-06T12:47:59.628-03:00,313,0,0,50,3374,2720,33520,3500,0,40000,0x07
2026-09-06T12:47:59.671-03:00,314,0,0,50,3374,2720,33520,3500,0,40000,0x07
2026-09-06T12:47:59.671-03:00,315,0,0,52,3374,2692,33638,3500,0,40000,0x07
2026-09-06T12:47:59.690-03:00,316,0,0,52,3374,2692,33638,3500,0,40000,0x07
2026-09-06T12:47:59.708-03:00,317,0,0,52,3374,2692,33638,3500,0,40000,0x07
2026-09-06T12:47:59.728-03:00,318,0,0,67,3374,2328,35185,3500,0,40000,0x07
2026-09-06T12:47:59.751-03:00,319,0,0,67,3374,2328,35185,3500,0,40000,0x07
2026-09-06T12:47:59.770-03:00,320,0,0,67,3374,2328,35185,3500,0,40000,0x07
2026-09-06T12:47:59.787-03:00,321,0,0,59,3374,2712,33555,3500,0,40000,0x07
2026-09-06T12:47:59.811-03:00,322,0,0,59,3374,2712,33555,3500,0,40000,0x07
2026-09-06T12:47:59.828-03:00,323,0,0,59,3374,2712,33555,3500,0,40000,0x07
2026-09-06T12:47:59.846-03:00,324,0,0,60,3374,2683,33676,3500,0,40000,0x07
2026-09-06T12:47:59.868-03:00,325,0,0,60,3374,2683,33676,3500,0,40000,0x07
2026-09-06T12:47:59.886-03:00,326,0,0,60,3374,2683,33676,3500,0,40000,0x07
2026-09-06T12:47:59.908-03:00,327,0,0,58,3374,2534,34309,3500,0,40000,0x07
2026-09-06T12:47:59.928-03:00,328,0,0,58,3374,2534,34309,3500,0,40000,0x07
2026-09-06T12:47:59.946-03:00,329,0,0,58,3374,2534,34309,3500,0,40000,0x07
2026-09-06T12:47:59.969-03:00,330,0,0,57,3374,2561,34195,3500,0,40000,0x07
2026-09-06T12:47:59.990-03:00,331,0,0,57,3374,2561,34195,3500,0,40000,0x07
2026-09-06T12:48:00.006-03:00,332,0,0,57,3374,2561,34195,3500,0,40000,0x07
2026-09-06T12:48:00.030-03:00,333,0,0,57,3374,2632,33896,3500,0,40000,0x07
2026-09-06T12:48:00.071-03:00,334,0,0,57,3374,2632,33896,3500,0,40000,0x07
2026-09-06T12:48:00.087-03:00,335,0,0,57,3374,2632,33896,3500,0,40000,0x07
2026-09-06T12:48:00.107-03:00,336,0,0,51,3374,2706,33580,3500,0,40000,0x07
2026-09-06T12:48:00.130-03:00,337,0,0,52,3374,2808,33148,3500,0,40000,0x07
2026-09-06T12:48:00.149-03:00,338,0,0,52,3374,2808,33148,3500,0,40000,0x07
2026-09-06T12:48:00.189-03:00,340,0,0,52,3374,2808,33148,3500,0,40000,0x07
2026-09-06T12:48:00.230-03:00,341,0,0,59,3374,2763,33339,3500,0,40000,0x07
2026-09-06T12:48:00.230-03:00,342,0,0,59,3374,2763,33339,3500,0,40000,0x07
2026-09-06T12:48:00.267-03:00,343,0,0,59,3374,2797,33195,3500,0,40000,0x07
2026-09-06T12:48:00.286-03:00,344,0,0,59,3374,2797,33195,3500,0,40000,0x07
2026-09-06T12:48:00.328-03:00,346,0,0,59,3374,2797,33195,3500,0,40000,0x07
2026-09-06T12:48:00.369-03:00,347,0,0,50,3374,2660,33776,3500,0,40000,0x07
2026-09-06T12:48:00.369-03:00,348,0,0,50,3374,2660,33776,3500,0,40000,0x07
2026-09-06T12:48:00.410-03:00,349,0,0,53,3374,2811,33132,3500,0,40000,0x07
2026-09-06T12:48:00.447-03:00,350,0,0,58,3374,2828,33063,3500,0,40000,0x07
2026-09-06T12:48:00.447-03:00,352,0,0,58,3374,2828,33063,3500,0,40000,0x07
2026-09-06T12:48:00.487-03:00,354,0,0,59,3374,2780,33267,3500,0,40000,0x07
2026-09-06T12:48:00.510-03:00,355,0,0,59,3374,2780,33267,3500,0,40000,0x07
2026-09-06T12:48:00.547-03:00,357,0,0,59,3374,2780,33267,3500,0,40000,0x07
2026-09-06T12:48:00.587-03:00,358,0,0,50,3374,2660,33776,3500,0,40000,0x07
2026-09-06T12:48:00.587-03:00,359,0,0,52,3374,2846,32984,3500,0,40000,0x07
2026-09-06T12:48:00.648-03:00,361,0,0,52,3374,2846,32984,3500,0,40000,0x07
2026-09-06T12:48:00.670-03:00,362,0,0,59,3374,2831,33051,3500,0,40000,0x07
2026-09-06T12:48:00.690-03:00,364,0,0,59,3374,2831,33051,3500,0,40000,0x07
2026-09-06T12:48:00.729-03:00,365,0,0,50,3374,2840,33010,3500,0,40000,0x07
2026-09-06T12:48:00.791-03:00,366,0,0,50,3374,2840,33010,3500,0,40000,0x07
2026-09-06T12:48:00.791-03:00,369,0,0,58,3374,2724,33503,3500,0,40000,0x07
2026-09-06T12:48:00.811-03:00,370,0,0,58,3374,2724,33503,3500,0,40000,0x07
2026-09-06T12:48:00.848-03:00,371,0,0,52,3374,2577,34129,3500,0,40000,0x07
2026-09-06T12:48:00.910-03:00,372,0,0,50,3374,2880,32840,3500,0,40000,0x07
2026-09-06T12:48:00.910-03:00,375,0,0,50,3374,2880,32840,3500,0,40000,0x07
2026-09-06T12:48:00.987-03:00,376,0,0,53,3374,2585,34095,3500,0,40000,0x07
2026-09-06T12:48:00.987-03:00,377,0,0,56,3374,2857,32938,3500,0,40000,0x07
2026-09-06T12:48:01.028-03:00,378,0,0,56,3374,2857,32938,3500,0,40000,0x07
2026-09-06T12:48:01.048-03:00,381,0,0,50,3374,2700,33606,3500,0,40000,0x07
2026-09-06T12:48:01.071-03:00,382,0,0,50,3374,2700,33606,3500,0,40000,0x07
2026-09-06T12:48:01.088-03:00,385,0,0,58,3374,2724,33503,3500,0,40000,0x07
2026-09-06T12:48:01.111-03:00,386,0,0,53,3374,2736,33453,3500,0,40000,0x07
2026-09-06T12:48:01.131-03:00,387,0,0,53,3374,2736,33453,3500,0,40000,0x07
2026-09-06T12:48:01.149-03:00,389,0,0,53,3374,2736,33453,3500,0,40000,0x07
2026-09-06T12:48:01.187-03:00,390,0,0,50,3374,2760,33350,3500,0,40000,0x07
2026-09-06T12:48:01.187-03:00,391,0,0,50,3374,2760,33350,3500,0,40000,0x07
2026-09-06T12:48:01.210-03:00,392,0,0,53,3374,2755,33373,3500,0,40000,0x07
2026-09-06T12:48:01.230-03:00,393,0,0,53,3374,2755,33373,3500,0,40000,0x07
2026-09-06T12:48:01.248-03:00,394,0,0,53,3374,2755,33373,3500,0,40000,0x07
2026-09-06T12:48:01.271-03:00,395,0,0,59,3374,2763,33339,3500,0,40000,0x07
2026-09-06T12:48:01.289-03:00,396,0,0,59,3374,2763,33339,3500,0,40000,0x07
2026-09-06T12:48:01.309-03:00,397,0,0,59,3374,2763,33339,3500,0,40000,0x07
2026-09-06T12:48:01.327-03:00,398,0,0,59,3374,2678,33699,3500,0,40000,0x07
2026-09-06T12:48:01.349-03:00,399,0,0,59,3374,2678,33699,3500,0,40000,0x07
2026-09-06T12:48:01.367-03:00,400,0,0,59,3374,2678,33699,3500,0,40000,0x07
2026-09-06T12:48:01.387-03:00,401,0,0,59,3374,2678,33699,3500,0,40000,0x07
2026-09-06T12:48:01.408-03:00,402,0,0,59,3374,2678,33699,3500,0,40000,0x07
2026-09-06T12:48:01.427-03:00,403,0,0,59,3374,2678,33699,3500,0,40000,0x07
2026-09-06T12:48:01.447-03:00,404,0,0,60,3374,2750,33393,3500,0,40000,0x07
2026-09-06T12:48:01.467-03:00,405,0,0,60,3374,2750,33393,3500,0,40000,0x07
2026-09-06T12:48:01.509-03:00,406,0,0,60,3374,2750,33393,3500,0,40000,0x07
2026-09-06T12:48:01.509-03:00,407,0,0,59,3374,2831,33051,3500,0,40000,0x07
2026-09-06T12:48:01.527-03:00,408,0,0,59,3374,2831,33051,3500,0,40000,0x07
2026-09-06T12:48:01.550-03:00,409,0,0,59,3374,2831,33051,3500,0,40000,0x07
2026-09-06T12:48:01.568-03:00,410,0,0,50,3374,2680,33690,3500,0,40000,0x07
2026-09-06T12:48:01.588-03:00,411,0,0,50,3374,2680,33690,3500,0,40000,0x07
2026-09-06T12:48:01.608-03:00,412,0,0,53,3374,2679,33694,3500,0,40000,0x07
2026-09-06T12:48:01.630-03:00,413,0,0,53,3374,2679,33694,3500,0,40000,0x07
2026-09-06T12:48:01.650-03:00,414,0,0,53,3374,2679,33694,3500,0,40000,0x07
2026-09-06T12:48:01.671-03:00,415,0,0,59,3374,2712,33555,3500,0,40000,0x07
2026-09-06T12:48:01.709-03:00,416,0,0,59,3374,2712,33555,3500,0,40000,0x07
2026-09-06T12:48:01.709-03:00,417,0,0,59,3374,2712,33555,3500,0,40000,0x07
2026-09-06T12:48:01.726-03:00,418,0,0,59,3374,2746,33411,3500,0,40000,0x07
2026-09-06T12:48:01.746-03:00,419,0,0,59,3374,2746,33411,3500,0,40000,0x07
2026-09-06T12:48:01.786-03:00,420,0,0,59,3374,2746,33411,3500,0,40000,0x07
2026-09-06T12:48:01.786-03:00,421,0,0,60,3374,2700,33606,3500,0,40000,0x07
2026-09-06T12:48:01.807-03:00,422,0,0,60,3374,2700,33606,3500,0,40000,0x07
2026-09-06T12:48:01.830-03:00,423,0,0,60,3374,2700,33606,3500,0,40000,0x07
2026-09-06T12:48:01.850-03:00,424,0,0,59,3374,2746,33411,3500,0,40000,0x07
2026-09-06T12:48:01.868-03:00,425,0,0,59,3374,2746,33411,3500,0,40000,0x07
2026-09-06T12:48:01.890-03:00,426,0,0,59,3374,2746,33411,3500,0,40000,0x07
2026-09-06T12:48:01.908-03:00,427,0,0,50,3374,2740,33436,3500,0,40000,0x07
2026-09-06T12:48:01.928-03:00,428,0,0,50,3374,2740,33436,3500,0,40000,0x07
2026-09-06T12:48:01.948-03:00,429,0,0,52,3374,2827,33066,3500,0,40000,0x07
2026-09-06T12:48:01.970-03:00,430,0,0,52,3374,2827,33066,3500,0,40000,0x07
2026-09-06T12:48:01.988-03:00,431,0,0,52,3374,2827,33066,3500,0,40000,0x07
2026-09-06T12:48:02.009-03:00,432,0,0,59,3374,2712,33555,3500,0,40000,0x07
2026-09-06T12:48:02.029-03:00,433,0,0,59,3374,2712,33555,3500,0,40000,0x07
2026-09-06T12:48:02.049-03:00,434,0,0,59,3374,2712,33555,3500,0,40000,0x07
2026-09-06T12:48:02.069-03:00,435,0,0,59,3374,2678,33699,3500,0,40000,0x07
2026-09-06T12:48:02.088-03:00,436,0,0,59,3374,2678,33699,3500,0,40000,0x07
2026-09-06T12:48:02.108-03:00,437,0,0,59,3374,2678,33699,3500,0,40000,0x07
2026-09-06T12:48:02.127-03:00,438,0,0,54,3374,2741,33432,3500,0,40000,0x07
2026-09-06T12:48:02.149-03:00,439,0,0,54,3374,2741,33432,3500,0,40000,0x07
2026-09-06T12:48:02.169-03:00,440,0,0,52,3374,2769,33311,3500,0,40000,0x07
2026-09-06T12:48:02.187-03:00,441,0,0,52,3374,2769,33311,3500,0,40000,0x07
2026-09-06T12:48:02.211-03:00,442,0,0,52,3374,2769,33311,3500,0,40000,0x07
2026-09-06T12:48:02.229-03:00,443,0,0,60,3374,2650,33818,3500,0,40000,0x07
2026-09-06T12:48:02.249-03:00,444,0,0,60,3374,2650,33818,3500,0,40000,0x07
2026-09-06T12:48:02.268-03:00,445,0,0,60,3374,2650,33818,3500,0,40000,0x07
2026-09-06T12:48:02.288-03:00,446,0,0,59,3374,2729,33483,3500,0,40000,0x07
2026-09-06T12:48:02.310-03:00,447,0,0,59,3374,2729,33483,3500,0,40000,0x07
2026-09-06T12:48:02.327-03:00,448,0,0,59,3374,2729,33483,3500,0,40000,0x07
2026-09-06T12:48:02.350-03:00,449,0,0,59,3374,2831,33051,3500,0,40000,0x07
2026-09-06T12:48:02.367-03:00,450,0,0,59,3374,2831,33051,3500,0,40000,0x07
2026-09-06T12:48:02.391-03:00,451,0,0,59,3374,2831,33051,3500,0,40000,0x07
2026-09-06T12:48:02.409-03:00,452,0,0,59,3374,2712,33555,3500,0,40000,0x07
2026-09-06T12:48:02.427-03:00,453,0,0,59,3374,2712,33555,3500,0,40000,0x07
2026-09-06T12:48:02.451-03:00,454,0,0,59,3374,2712,33555,3500,0,40000,0x07
2026-09-06T12:48:02.469-03:00,455,0,0,59,3374,2559,34203,3500,0,40000,0x07
2026-09-06T12:48:02.488-03:00,456,0,0,59,3374,2559,34203,3500,0,40000,0x07
2026-09-06T12:48:02.506-03:00,457,0,0,59,3374,2559,34203,3500,0,40000,0x07
2026-09-06T12:48:02.530-03:00,458,0,0,59,3374,2814,33123,3500,0,40000,0x07
2026-09-06T12:48:02.550-03:00,459,0,0,59,3374,2814,33123,3500,0,40000,0x07
2026-09-06T12:48:02.569-03:00,460,0,0,59,3374,2814,33123,3500,0,40000,0x07
2026-09-06T12:48:02.590-03:00,461,0,0,60,3374,2717,33535,3500,0,40000,0x07
2026-09-06T12:48:02.610-03:00,462,0,0,60,3374,2717,33535,3500,0,40000,0x07
2026-09-06T12:48:02.628-03:00,463,0,0,50,3374,2340,35136,3500,0,40000,0x07
2026-09-06T12:48:02.651-03:00,464,0,0,50,3374,2340,35136,3500,0,40000,0x07
2026-09-06T12:48:02.668-03:00,465,0,0,50,3374,2340,35136,3500,0,40000,0x07
2026-09-06T12:48:02.691-03:00,466,0,0,62,3374,2839,33016,3500,0,40000,0x07
2026-09-06T12:48:02.708-03:00,467,0,0,62,3374,2839,33016,3500,0,40000,0x07
2026-09-06T12:48:02.728-03:00,468,0,0,62,3374,2839,33016,3500,0,40000,0x07
2026-09-06T12:48:02.747-03:00,469,0,0,60,3374,2800,33180,3500,0,40000,0x07
2026-09-06T12:48:02.770-03:00,470,0,0,60,3374,2800,33180,3500,0,40000,0x07
2026-09-06T12:48:02.788-03:00,471,0,0,60,3374,2800,33180,3500,0,40000,0x07
2026-09-06T12:48:02.811-03:00,472,0,0,59,3374,2712,33555,3500,0,40000,0x07
2026-09-06T12:48:02.829-03:00,473,0,0,59,3374,2712,33555,3500,0,40000,0x07
2026-09-06T12:48:02.848-03:00,474,0,0,59,3374,2712,33555,3500,0,40000,0x07
2026-09-06T12:48:02.866-03:00,475,0,0,59,3374,2729,33483,3500,0,40000,0x07
2026-09-06T12:48:02.889-03:00,476,0,0,59,3374,2729,33483,3500,0,40000,0x07
2026-09-06T12:48:02.907-03:00,477,0,0,59,3374,2729,33483,3500,0,40000,0x07
2026-09-06T12:48:02.931-03:00,478,0,0,60,3374,2717,33535,3500,17,40000,0x07
2026-09-06T12:48:02.949-03:00,479,0,0,60,3374,2717,33535,3500,17,40000,0x07
2026-09-06T12:48:02.969-03:00,480,0,0,60,3374,2717,33535,3500,17,40000,0x07
2026-09-06T12:48:02.988-03:00,481,0,0,59,3374,2814,33123,3500,0,40000,0x07
2026-09-06T12:48:03.008-03:00,482,0,0,59,3374,2814,33123,3500,0,40000,0x07
2026-09-06T12:48:03.028-03:00,483,0,0,59,3374,2814,33123,3500,0,40000,0x07
2026-09-06T12:48:03.047-03:00,484,0,0,60,3374,2667,33747,3500,67,40000,0x07
2026-09-06T12:48:03.071-03:00,485,0,0,60,3374,2667,33747,3500,67,40000,0x07
2026-09-06T12:48:03.089-03:00,486,0,0,60,3374,2667,33747,3500,67,40000,0x07
2026-09-06T12:48:03.109-03:00,487,0,0,62,3374,2661,33770,3500,177,40000,0x07
2026-09-06T12:48:03.127-03:00,488,0,0,62,3374,2661,33770,3500,177,40000,0x07
2026-09-06T12:48:03.150-03:00,489,0,0,62,3374,2661,33770,3500,177,40000,0x07
2026-09-06T12:48:03.168-03:00,490,0,0,63,3374,2810,33140,3500,238,40000,0x07
2026-09-06T12:48:03.188-03:00,491,0,0,63,3374,2810,33140,3500,238,40000,0x07
2026-09-06T12:48:03.207-03:00,492,0,0,63,3374,2810,33140,3500,238,40000,0x07
2026-09-06T12:48:03.247-03:00,493,0,0,63,3374,2730,33477,3500,317,40000,0x07
2026-09-06T12:48:03.270-03:00,494,0,0,63,3374,2730,33477,3500,317,40000,0x07
2026-09-06T12:48:03.288-03:00,495,0,0,63,3374,2730,33477,3500,317,40000,0x07
2026-09-06T12:48:03.332-03:00,496,0,0,62,3374,2613,33976,3500,194,40000,0x07
2026-09-06T12:48:03.419-03:00,499,0,0,59,3374,2814,33123,3500,0,40000,0x07
2026-09-06T12:48:03.461-03:00,500,0,0,59,3374,2814,33123,3500,0,40000,0x07
2026-09-06T12:48:03.505-03:00,501,0,0,52,0,0,0,0,0,0,0x03
