timestamp,sequence,team,robot_id,interval_ms,left_target_eps,left_measured_eps,left_duty,right_target_eps,right_measured_eps,right_duty,flags
2026-09-06T21:17:18.166,487,0,2,51,0,0,0,0,0,0,0x03
2026-09-06T21:17:18.166,486,0,1,52,-471,0,8456,-1261,0,18078,0x07
2026-09-06T21:17:18.235,489,0,2,51,0,0,0,0,0,0,0x03
2026-09-06T21:17:18.235,488,0,1,52,-471,0,8450,-1262,0,18083,0x07
2026-09-06T21:17:18.300,491,0,2,52,0,0,0,0,0,0,0x03
2026-09-06T21:17:18.300,490,0,1,50,-474,0,8494,-1258,0,18039,0x07
2026-09-06T21:17:18.365,493,0,2,50,0,0,0,0,0,0,0x03
2026-09-06T21:17:18.365,492,0,1,51,0,0,0,0,0,0,0x03
2026-09-06T21:17:18.431,1,0,2,50,0,0,0,0,0,0,0x03
2026-09-06T21:17:18.431,0,0,1,50,0,0,0,0,0,0,0x03
2026-09-06T21:17:18.495,3,0,2,50,0,0,0,0,0,0,0x03
2026-09-06T21:17:18.496,2,0,1,51,0,0,0,0,0,0,0x03
2026-09-06T21:17:18.561,5,0,2,51,0,0,0,0,0,0,0x03
2026-09-06T21:17:18.561,4,0,1,50,0,0,0,0,0,0,0x03
2026-09-06T21:17:18.626,7,0,2,51,0,0,0,0,0,0,0x03
2026-09-06T21:17:18.626,6,0,1,50,0,0,0,0,0,0,0x03
2026-09-06T21:17:18.691,9,0,2,51,0,0,0,0,0,0,0x03
2026-09-06T21:17:18.691,8,0,1,54,0,0,0,0,0,0,0x03
2026-09-06T21:17:18.772,11,0,2,51,0,0,0,0,0,0,0x03
2026-09-06T21:17:18.772,10,0,1,52,0,0,0,0,0,0,0x03
2026-09-06T21:17:18.837,13,0,2,51,0,0,0,0,0,0,0x03
2026-09-06T21:17:18.837,12,0,1,51,0,0,0,0,0,0,0x03
2026-09-06T21:17:18.902,15,0,2,52,0,0,0,0,0,0,0x03
2026-09-06T21:17:18.902,14,0,1,50,0,0,0,0,0,0,0x03
2026-09-06T21:17:18.967,17,0,2,54,0,0,0,0,0,0,0x03
2026-09-06T21:17:18.967,16,0,1,50,0,0,0,0,0,0,0x03
2026-09-06T21:17:19.032,19,0,2,50,0,0,0,0,0,0,0x03
2026-09-06T21:17:19.032,18,0,1,51,0,0,0,0,0,0,0x03
2026-09-06T21:17:19.098,21,0,2,51,0,0,0,0,0,0,0x03
2026-09-06T21:17:19.098,20,0,1,51,0,0,0,0,0,0,0x03
2026-09-06T21:17:19.162,23,0,2,51,0,0,0,0,0,0,0x03
2026-09-06T21:17:19.162,22,0,1,51,0,0,0,0,0,0,0x03
2026-09-06T21:17:19.227,25,0,2,51,0,0,0,0,0,0,0x03
2026-09-06T21:17:19.227,24,0,1,52,0,0,0,0,0,0,0x03
2026-09-06T21:17:19.308,27,0,2,50,0,0,0,0,0,0,0x03
2026-09-06T21:17:19.308,26,0,1,50,0,0,0,0,0,0,0x03
2026-09-06T21:17:19.373,29,0,2,50,0,0,0,0,0,0,0x03
2026-09-06T21:17:19.373,28,0,1,50,0,0,0,0,0,0,0x03
2026-09-06T21:17:19.439,31,0,2,50,0,0,0,0,0,0,0x03
2026-09-06T21:17:19.439,30,0,1,52,0,0,0,0,0,0,0x03
2026-09-06T21:17:19.503,33,0,2,50,0,0,0,0,0,0,0x03
2026-09-06T21:17:19.504,32,0,1,50,0,0,0,0,0,0,0x03
2026-09-06T21:17:19.568,35,0,2,50,0,0,0,0,0,0,0x03
2026-09-06T21:17:19.568,34,0,1,52,0,0,0,0,0,0,0x03
2026-09-06T21:17:19.634,37,0,2,50,0,0,0,0,0,0,0x03
2026-09-06T21:17:19.634,36,0,1,52,0,0,0,0,0,0,0x03
2026-09-06T21:17:19.699,39,0,2,52,0,0,0,0,0,0,0x03
2026-09-06T21:17:19.699,38,0,1,50,0,0,0,0,0,0,0x03
2026-09-06T21:17:19.764,41,0,2,51,0,0,0,0,0,0,0x03
2026-09-06T21:17:19.764,40,0,1,54,0,0,0,0,0,0,0x03
2026-09-06T21:17:19.829,43,0,2,53,0,0,0,0,0,0,0x03
2026-09-06T21:17:19.829,42,0,1,50,0,0,0,0,0,0,0x03
2026-09-06T21:17:19.911,45,0,2,51,0,0,0,0,0,0,0x03
2026-09-06T21:17:19.911,44,0,1,50,0,0,0,0,0,0,0x03
2026-09-06T21:17:19.976,47,0,2,50,0,0,0,0,0,0,0x03
2026-09-06T21:17:19.976,46,0,1,50,0,0,0,0,0,0,0x03
2026-09-06T21:17:20.041,49,0,2,50,0,0,0,0,0,0,0x03
2026-09-06T21:17:20.041,48,0,1,52,0,0,0,0,0,0,0x03
2026-09-06T21:17:20.107,51,0,2,50,0,0,0,0,0,0,0x03
2026-09-06T21:17:20.107,50,0,1,51,0,0,0,0,0,0,0x03
2026-09-06T21:17:20.172,53,0,2,51,0,0,0,0,0,0,0x03
2026-09-06T21:17:20.172,52,0,1,50,0,0,0,0,0,0,0x03
2026-09-06T21:17:20.237,55,0,2,51,0,0,0,0,0,0,0x03
2026-09-06T21:17:20.237,54,0,1,50,0,0,0,0,0,0,0x03
2026-09-06T21:17:20.302,57,0,2,51,0,0,0,0,0,0,0x03
2026-09-06T21:17:20.302,56,0,1,50,0,0,0,0,0,0,0x03
2026-09-06T21:17:20.367,59,0,2,51,0,0,0,0,0,0,0x03
2026-09-06T21:17:20.367,58,0,1,51,0,0,0,0,0,0,0x03
2026-09-06T21:17:20.449,61,0,2,50,0,0,0,0,0,0,0x03
2026-09-06T21:17:20.449,60,0,1,50,0,0,0,0,0,0,0x03
2026-09-06T21:17:20.497,63,0,2,54,0,0,0,0,0,0,0x03
2026-09-06T21:17:20.498,62,0,1,50,0,0,0,0,0,0,0x03
2026-09-06T21:17:20.578,65,0,2,51,0,0,0,0,0,0,0x03
2026-09-06T21:17:20.578,64,0,1,51,0,0,0,0,0,0,0x03
2026-09-06T21:17:20.643,67,0,2,51,0,0,0,0,0,0,0x03
2026-09-06T21:17:20.643,66,0,1,50,0,0,0,0,0,0,0x03
2026-09-06T21:17:20.708,69,0,2,52,0,0,0,0,0,0,0x03
2026-09-06T21:17:20.708,68,0,1,51,0,0,0,0,0,0,0x03
2026-09-06T21:17:20.774,71,0,2,52,0,0,0,0,0,0,0x03
2026-09-06T21:17:20.774,70,0,1,50,0,0,0,0,0,0,0x03
2026-09-06T21:17:20.839,73,0,2,52,0,0,0,0,0,0,0x03
2026-09-06T21:17:20.839,72,0,1,50,0,0,0,0,0,0,0x03
2026-09-06T21:17:20.905,75,0,2,51,0,0,0,0,0,0,0x03
2026-09-06T21:17:20.905,74,0,1,52,0,0,0,0,0,0,0x03
2026-09-06T21:17:20.970,77,0,2,51,0,0,0,0,0,0,0x03
2026-09-06T21:17:20.970,76,0,1,51,0,0,0,0,0,0,0x03
2026-09-06T21:17:21.034,79,0,2,51,0,0,0,0,0,0,0x03
2026-09-06T21:17:21.034,78,0,1,54,0,0,0,0,0,0,0x03
2026-09-06T21:17:21.116,81,0,2,50,0,0,0,0,0,0,0x03
2026-09-06T21:17:21.116,80,0,1,51,0,0,0,0,0,0,0x03
2026-09-06T21:17:21.181,83,0,2,52,0,0,0,0,0,0,0x03
2026-09-06T21:17:21.181,82,0,1,50,0,0,0,0,0,0,0x03
2026-09-06T21:17:21.247,85,0,2,50,0,0,0,0,0,0,0x03
2026-09-06T21:17:21.247,84,0,1,51,0,0,0,0,0,0,0x03
2026-09-06T21:17:21.312,87,0,2,51,0,0,0,0,0,0,0x03
2026-09-06T21:17:21.312,86,0,1,51,0,0,0,0,0,0,0x03
2026-09-06T21:17:21.378,89,0,2,52,0,0,0,0,0,0,0x03
2026-09-06T21:17:21.378,88,0,1,50,0,0,0,0,0,0,0x03
2026-09-06T21:17:21.442,91,0,2,50,0,0,0,0,0,0,0x03
2026-09-06T21:17:21.442,90,0,1,54,0,0,0,0,0,0,0x03
2026-09-06T21:17:21.507,93,0,2,51,0,0,0,0,0,0,0x03
2026-09-06T21:17:21.507,92,0,1,52,0,0,0,0,0,0,0x03
2026-09-06T21:17:21.571,95,0,2,50,0,0,0,0,0,0,0x03
2026-09-06T21:17:21.572,94,0,1,50,0,0,0,0,0,0,0x03
2026-09-06T21:17:21.652,97,0,2,50,0,0,0,0,0,0,0x03
2026-09-06T21:17:21.652,96,0,1,50,0,0,0,0,0,0,0x03
2026-09-06T21:17:21.717,99,0,2,50,0,0,0,0,0,0,0x03
2026-09-06T21:17:21.717,98,0,1,51,0,0,0,0,0,0,0x03
2026-09-06T21:17:21.783,101,0,2,51,0,0,0,0,0,0,0x03
2026-09-06T21:17:21.783,100,0,1,52,0,0,0,0,0,0,0x03
2026-09-06T21:17:21.848,103,0,2,52,0,0,0,0,0,0,0x03
2026-09-06T21:17:21.848,102,0,1,50,0,0,0,0,0,0,0x03
2026-09-06T21:17:21.913,105,0,2,51,0,0,0,0,0,0,0x03
2026-09-06T21:17:21.913,104,0,1,52,0,0,0,0,0,0,0x03
2026-09-06T21:17:21.978,107,0,2,52,0,0,0,0,0,0,0x03
2026-09-06T21:17:21.978,106,0,1,50,0,0,0,0,0,0,0x03
2026-09-06T21:17:22.044,109,0,2,51,0,0,0,0,0,0,0x03
2026-09-06T21:17:22.044,108,0,1,50,0,0,0,0,0,0,0x03
2026-09-06T21:17:22.109,111,0,2,52,0,0,0,0,0,0,0x03
2026-09-06T21:17:22.109,110,0,1,51,0,0,0,0,0,0,0x03
2026-09-06T21:17:22.174,113,0,2,51,0,0,0,0,0,0,0x03
2026-09-06T21:17:22.174,112,0,1,51,0,0,0,0,0,0,0x03
2026-09-06T21:17:22.256,115,0,2,50,0,0,0,0,0,0,0x03
2026-09-06T21:17:22.256,114,0,1,51,0,0,0,0,0,0,0x03
2026-09-06T21:17:22.305,117,0,2,52,0,0,0,0,0,0,0x03
2026-09-06T21:17:22.305,116,0,1,51,0,0,0,0,0,0,0x03
2026-09-06T21:17:22.386,119,0,2,51,0,0,0,0,0,0,0x03
2026-09-06T21:17:22.386,118,0,1,51,0,0,0,0,0,0,0x03
2026-09-06T21:17:22.452,121,0,2,51,0,0,0,0,0,0,0x03
2026-09-06T21:17:22.452,120,0,1,50,0,0,0,0,0,0,0x03
2026-09-06T21:17:22.516,123,0,2,50,0,0,0,0,0,0,0x03
2026-09-06T21:17:22.516,122,0,1,52,0,0,0,0,0,0,0x03
2026-09-06T21:17:22.581,125,0,2,50,0,0,0,0,0,0,0x03
2026-09-06T21:17:22.581,124,0,1,52,0,0,0,0,0,0,0x03
2026-09-06T21:17:22.646,127,0,2,50,0,0,0,0,0,0,0x03
2026-09-06T21:17:22.647,126,0,1,50,0,0,0,0,0,0,0x03
2026-09-06T21:17:22.712,129,0,2,50,0,0,0,0,0,0,0x03
2026-09-06T21:17:22.712,128,0,1,50,0,0,0,0,0,0,0x03
2026-09-06T21:17:22.777,131,0,2,51,0,0,0,0,0,0,0x03
2026-09-06T21:17:22.777,130,0,1,52,0,0,0,0,0,0,0x03
2026-09-06T21:17:22.842,133,0,2,53,0,0,0,0,0,0,0x03
2026-09-06T21:17:22.842,132,0,1,50,0,0,0,0,0,0,0x03
2026-09-06T21:17:22.924,135,0,2,50,0,0,0,0,0,0,0x03
2026-09-06T21:17:22.924,134,0,1,51,0,0,0,0,0,0,0x03
2026-09-06T21:17:22.989,137,0,2,50,0,0,0,0,0,0,0x03
2026-09-06T21:17:22.989,136,0,1,52,0,0,0,0,0,0,0x03
2026-09-06T21:17:23.055,139,0,2,52,0,0,0,0,0,0,0x03
2026-09-06T21:17:23.055,138,0,1,50,0,0,0,0,0,0,0x03
2026-09-06T21:17:23.120,141,0,2,51,0,0,0,0,0,0,0x03
2026-09-06T21:17:23.120,140,0,1,50,0,0,0,0,0,0,0x03
2026-09-06T21:17:23.185,143,0,2,50,0,0,0,0,0,0,0x03
2026-09-06T21:17:23.185,142,0,1,51,0,0,0,0,0,0,0x03
2026-09-06T21:17:23.250,145,0,2,52,0,0,0,0,0,0,0x03
2026-09-06T21:17:23.250,144,0,1,51,0,0,0,0,0,0,0x03
2026-09-06T21:17:23.314,147,0,2,50,0,0,0,0,0,0,0x03
2026-09-06T21:17:23.314,146,0,1,50,0,0,0,0,0,0,0x03
2026-09-06T21:17:23.380,149,0,2,50,0,0,0,0,0,0,0x03
2026-09-06T21:17:23.380,148,0,1,52,0,0,0,0,0,0,0x03
2026-09-06T21:17:23.445,151,0,2,50,0,0,0,0,0,0,0x03
2026-09-06T21:17:23.446,150,0,1,51,0,0,0,0,0,0,0x03
2026-09-06T21:17:23.527,153,0,2,50,0,0,0,0,0,0,0x03
2026-09-06T21:17:23.527,152,0,1,52,0,0,0,0,0,0,0x03
2026-09-06T21:17:23.592,155,0,2,50,0,0,0,0,0,0,0x03
2026-09-06T21:17:23.592,154,0,1,50,0,0,0,0,0,0,0x03
2026-09-06T21:17:23.658,157,0,2,52,0,0,0,0,0,0,0x03
2026-09-06T21:17:23.658,156,0,1,55,0,0,0,0,0,0,0x03
2026-09-06T21:17:23.723,159,0,2,52,0,0,0,0,0,0,0x03
2026-09-06T21:17:23.723,158,0,1,50,0,0,0,0,0,0,0x03
2026-09-06T21:17:23.788,161,0,2,52,0,0,0,0,0,0,0x03
2026-09-06T21:17:23.788,160,0,1,50,0,0,0,0,0,0,0x03
2026-09-06T21:17:23.854,163,0,2,51,0,0,0,0,0,0,0x03
2026-09-06T21:17:23.854,162,0,1,51,0,0,0,0,0,0,0x03
2026-09-06T21:17:23.919,165,0,2,50,0,0,0,0,0,0,0x03
2026-09-06T21:17:23.919,164,0,1,51,0,0,0,0,0,0,0x03
2026-09-06T21:17:23.984,167,0,2,52,0,0,0,0,0,0,0x03
2026-09-06T21:17:23.984,166,0,1,50,0,0,0,0,0,0,0x03
2026-09-06T21:17:24.065,169,0,2,51,0,0,0,0,0,0,0x03
2026-09-06T21:17:24.065,168,0,1,50,0,0,0,0,0,0,0x03
2026-09-06T21:17:24.113,171,0,2,54,0,0,0,0,0,0,0x03
2026-09-06T21:17:24.113,170,0,1,50,0,0,0,0,0,0,0x03
2026-09-06T21:17:24.195,173,0,2,50,0,0,0,0,0,0,0x03
2026-09-06T21:17:24.195,172,0,1,51,0,0,0,0,0,0,0x03
2026-09-06T21:17:24.260,175,0,2,50,0,0,0,0,0,0,0x03
2026-09-06T21:17:24.260,174,0,1,51,0,0,0,0,0,0,0x03
2026-09-06T21:17:24.325,177,0,2,50,0,0,0,0,0,0,0x03
2026-09-06T21:17:24.325,176,0,1,51,0,0,0,0,0,0,0x03
2026-09-06T21:17:24.391,179,0,2,52,0,0,0,0,0,0,0x03
2026-09-06T21:17:24.391,178,0,1,52,0,0,0,0,0,0,0x03
2026-09-06T21:17:24.456,181,0,2,51,0,0,0,0,0,0,0x03
2026-09-06T21:17:24.456,180,0,1,51,0,0,0,0,0,0,0x03
2026-09-06T21:17:24.522,183,0,2,50,0,0,0,0,0,0,0x03
2026-09-06T21:17:24.522,182,0,1,50,0,0,0,0,0,0,0x03
2026-09-06T21:17:24.587,185,0,2,51,0,0,0,0,0,0,0x03
2026-09-06T21:17:24.587,184,0,1,50,0,0,0,0,0,0,0x03
2026-09-06T21:17:24.652,187,0,2,50,0,0,0,0,0,0,0x03
2026-09-06T21:17:24.652,186,0,1,52,0,0,0,0,0,0,0x03
2026-09-06T21:17:24.733,189,0,2,50,0,0,0,0,0,0,0x03
2026-09-06T21:17:24.733,188,0,1,52,0,0,0,0,0,0,0x03
2026-09-06T21:17:24.799,191,0,2,51,0,0,0,0,0,0,0x03
2026-09-06T21:17:24.799,190,0,1,52,0,0,0,0,0,0,0x03
2026-09-06T21:17:24.863,193,0,2,50,0,0,0,0,0,0,0x03
2026-09-06T21:17:24.863,192,0,1,51,0,0,0,0,0,0,0x03
2026-09-06T21:17:24.928,195,0,2,55,0,0,0,0,0,0,0x03
2026-09-06T21:17:24.928,194,0,1,51,0,0,0,0,0,0,0x03
2026-09-06T21:17:24.993,197,0,2,51,0,0,0,0,0,0,0x03
2026-09-06T21:17:24.993,196,0,1,52,0,0,0,0,0,0,0x03
2026-09-06T21:17:25.059,199,0,2,50,0,0,0,0,0,0,0x03
2026-09-06T21:17:25.059,198,0,1,50,0,0,0,0,0,0,0x03
2026-09-06T21:17:25.124,201,0,2,52,0,0,0,0,0,0,0x03
2026-09-06T21:17:25.124,200,0,1,50,0,0,0,0,0,0,0x03
2026-09-06T21:17:25.189,203,0,2,54,0,0,0,0,0,0,0x03
2026-09-06T21:17:25.189,202,0,1,51,0,0,0,0,0,0,0x03
2026-09-06T21:17:25.254,205,0,2,51,0,0,0,0,0,0,0x03
2026-09-06T21:17:25.254,204,0,1,51,0,0,0,0,0,0,0x03
2026-09-06T21:17:25.335,207,0,2,51,0,0,0,0,0,0,0x03
2026-09-06T21:17:25.335,206,0,1,52,0,0,0,0,0,0,0x03
2026-09-06T21:17:25.400,209,0,2,50,0,0,0,0,0,0,0x03
2026-09-06T21:17:25.400,208,0,1,51,0,0,0,0,0,0,0x03
2026-09-06T21:17:25.465,211,0,2,51,0,0,0,0,0,0,0x03
2026-09-06T21:17:25.465,210,0,1,51,0,0,0,0,0,0,0x03
2026-09-06T21:17:25.530,213,0,2,52,0,0,0,0,0,0,0x03
2026-09-06T21:17:25.595,215,0,2,51,0,0,0,0,0,0,0x03
2026-09-06T21:17:25.595,214,0,1,50,2246,0,30822,3182,0,40000,0x07
2026-09-06T21:17:25.660,217,0,2,51,0,0,0,0,0,0,0x03
2026-09-06T21:17:25.660,216,0,1,50,2458,0,33496,2883,0,38696,0x07
2026-09-06T21:17:25.725,217,0,2,51,0,0,0,0,0,0,0x03
2026-09-06T21:17:25.725,216,0,1,51,2433,0,33176,2857,0,38367,0x07
2026-09-06T21:17:25.790,217,0,2,50,0,0,0,0,0,0,0x03
2026-09-06T21:17:25.790,220,0,1,50,2433,0,33176,2857,0,38367,0x07
2026-09-06T21:17:25.872,223,0,2,53,0,0,0,0,0,0,0x03
2026-09-06T21:17:25.872,222,0,1,50,2428,0,33117,2847,0,38233,0x07
2026-09-06T21:17:25.936,225,0,2,52,0,0,0,0,0,0,0x03
2026-09-06T21:17:25.936,224,0,1,50,2294,0,31425,2766,0,37206,0x07
2026-09-06T21:17:26.001,227,0,2,51,0,0,0,0,0,0,0x03
2026-09-06T21:17:26.001,226,0,1,50,1912,0,26609,2499,0,33806,0x07
2026-09-06T21:17:26.067,229,0,2,52,0,0,0,0,0,0,0x03
2026-09-06T21:17:26.067,228,0,1,52,1244,0,18191,1969,0,27075,0x07
2026-09-06T21:17:26.131,231,0,2,50,0,0,0,0,0,0,0x03
2026-09-06T21:17:26.131,230,0,1,53,348,0,6908,1389,0,19698,0x07
2026-09-06T21:17:26.196,233,0,2,51,0,0,0,0,0,0,0x03
2026-09-06T21:17:26.196,232,0,1,51,0,0,10573,0,0,15235,0x07
2026-09-06T21:17:26.262,235,0,2,50,0,0,0,0,0,0,0x03
2026-09-06T21:17:26.327,237,0,2,51,0,0,0,0,0,0,0x03
2026-09-06T21:17:26.327,234,0,1,52,-964,0,14671,-1559,0,21860,0x07
2026-09-06T21:17:26.408,239,0,2,51,0,0,0,0,0,0,0x03
2026-09-06T21:17:26.408,236,0,1,52,-1816,0,25402,-2137,0,29211,0x07
2026-09-06T21:17:26.473,239,0,2,50,0,0,0,0,0,0,0x03
2026-09-06T21:17:26.473,236,0,1,50,-2480,0,33769,-2708,0,36471,0x07
2026-09-06T21:17:26.537,239,0,2,50,0,0,0,0,0,0,0x03
2026-09-06T21:17:26.537,242,0,1,51,0,0,26567,0,0,29146,0x07
2026-09-06T21:17:26.602,245,0,2,50,0,0,29917,0,0,33731,0x07
2026-09-06T21:17:26.602,244,0,1,50,-2880,0,38806,-3203,0,40000,0x07
2026-09-06T21:17:26.667,247,0,2,54,0,0,0,0,0,0,0x03
2026-09-06T21:17:26.667,246,0,1,50,-414,0,7736,-1660,0,23143,0x07
2026-09-06T21:17:26.732,249,0,2,50,0,0,0,0,0,0,0x03
2026-09-06T21:17:26.732,248,0,1,51,-2527,0,34367,-2539,0,34314,0x07
2026-09-06T21:17:26.797,251,0,2,51,0,0,0,0,0,0,0x03
2026-09-06T21:17:26.797,250,0,1,51,-1606,0,22757,-2303,0,31314,0x07
2026-09-06T21:17:26.863,253,0,2,50,0,0,0,0,0,0,0x03
2026-09-06T21:17:26.863,252,0,1,51,-844,0,13149,-1631,0,22772,0x07
2026-09-06T21:17:26.944,255,0,2,50,0,0,0,0,0,0,0x03
2026-09-06T21:17:26.944,254,0,1,51,-404,0,7613,-1331,0,18959,0x07
2026-09-06T21:17:27.009,257,0,2,51,0,0,0,0,0,0,0x03
2026-09-06T21:17:27.009,256,0,1,50,755,0,12035,1370,0,19463,0x07
2026-09-06T21:17:27.074,259,0,2,51,0,0,0,0,0,0,0x03
2026-09-06T21:17:27.074,258,0,1,50,755,0,12035,1370,0,19463,0x07
2026-09-06T21:17:27.139,261,0,2,50,0,0,0,0,0,0,0x03
2026-09-06T21:17:27.139,260,0,1,50,1375,0,19844,1800,0,24925,0x07
2026-09-06T21:17:27.204,263,0,2,50,0,0,0,0,0,0,0x03
2026-09-06T21:17:27.204,262,0,1,55,2001,0,27739,2405,0,32614,0x07
2026-09-06T21:17:27.269,265,0,2,50,0,0,0,0,0,0,0x03
2026-09-06T21:17:27.269,264,0,1,51,2001,0,27739,2405,0,32614,0x07
2026-09-06T21:17:27.334,267,0,2,50,0,0,0,0,0,0,0x03
2026-09-06T21:17:27.334,266,0,1,52,1890,0,26341,2399,0,32534,0x07
2026-09-06T21:17:27.399,269,0,2,50,0,0,0,0,0,0,0x03
2026-09-06T21:17:27.399,268,0,1,50,1825,0,25521,2342,0,31809,0x07
2026-09-06T21:17:27.464,271,0,2,51,0,0,0,0,0,0,0x03
2026-09-06T21:17:27.464,270,0,1,50,1634,0,23113,2202,0,30028,0x07
2026-09-06T21:17:27.529,273,0,2,57,3374,0,40000,3429,18,40000,0x07
2026-09-06T21:17:27.529,272,0,1,52,1281,0,18658,1924,0,26496,0x07
2026-09-06T21:17:27.610,275,0,2,50,0,0,0,0,0,0,0x03
2026-09-06T21:17:27.610,274,0,1,52,2835,0,38244,2826,0,37971,0x07
2026-09-06T21:17:27.676,277,0,2,51,0,0,0,0,0,0,0x03
2026-09-06T21:17:27.676,276,0,1,50,202,0,5063,1541,0,21630,0x07
2026-09-06T21:17:27.741,279,0,2,51,0,0,0,0,0,0,0x03
2026-09-06T21:17:27.741,278,0,1,51,413,0,7729,1321,0,18839,0x07
2026-09-06T21:17:27.806,281,0,2,51,0,0,30120,0,0,33731,0x07
2026-09-06T21:17:27.806,280,0,1,52,379,0,7300,1357,0,19289,0x07
2026-09-06T21:17:27.871,283,0,2,50,0,0,0,0,0,0,0x03
2026-09-06T21:17:27.871,282,0,1,55,-1534,0,21847,-2067,0,28326,0x07
2026-09-06T21:17:27.936,285,0,2,50,0,0,0,0,0,0,0x03
2026-09-06T21:17:27.936,284,0,1,51,-1534,0,21847,-2067,0,28326,0x07
2026-09-06T21:17:28.001,287,0,2,52,0,0,0,0,0,0,0x03
2026-09-06T21:17:28.001,286,0,1,52,-1956,0,27170,-2345,0,31853,0x07
2026-09-06T21:17:28.067,289,0,2,50,0,0,27902,0,0,33731,0x07
2026-09-06T21:17:28.067,288,0,1,51,-317,0,6512,-1421,0,20112,0x07
2026-09-06T21:17:28.148,291,0,2,50,0,0,0,0,0,0,0x03
2026-09-06T21:17:28.213,293,0,2,50,0,0,0,0,0,0,0x03
2026-09-06T21:17:28.278,295,0,2,51,0,0,0,0,0,0,0x03
2026-09-06T21:17:28.278,290,0,1,54,-2363,0,32297,-2360,0,32049,0x07
2026-09-06T21:17:28.343,295,0,2,51,0,0,0,0,0,0,0x03
2026-09-06T21:17:28.343,292,0,1,50,-2363,0,32297,-2360,0,32049,0x07
2026-09-06T21:17:28.407,297,0,2,52,0,0,0,0,0,0,0x03
2026-09-06T21:17:28.407,296,0,1,50,0,0,8989,0,0,14910,0x07
2026-09-06T21:17:28.472,297,0,2,50,0,0,0,0,0,0,0x03
2026-09-06T21:17:28.472,300,0,1,51,-775,0,12281,-1520,0,21372,0x07
2026-09-06T21:17:28.538,303,0,2,51,0,0,0,0,0,0,0x03
2026-09-06T21:17:28.538,302,0,1,50,-403,0,7596,-1332,0,18982,0x07
2026-09-06T21:17:28.603,305,0,2,50,0,0,23272,0,0,30582,0x07
2026-09-06T21:17:28.603,304,0,1,51,0,0,20008,0,0,23700,0x07
2026-09-06T21:17:28.684,307,0,2,50,2512,520,31738,3151,960,39892,0x07
2026-09-06T21:17:28.684,306,0,1,52,2094,0,28909,2559,0,34577,0x07
2026-09-06T21:17:28.749,309,0,2,51,2262,59,30563,2806,3137,26065,0x07
2026-09-06T21:17:28.749,308,0,1,52,278,0,6027,1461,0,20618,0x07
2026-09-06T21:17:28.813,311,0,2,51,2679,216,35122,2961,2588,30455,0x07
2026-09-06T21:17:28.814,310,0,1,55,562,0,9603,1167,0,16877,0x07
2026-09-06T21:17:28.878,313,0,2,50,2679,400,34339,2961,2240,31935,0x07
2026-09-06T21:17:28.878,312,0,1,50,562,0,9603,1167,0,16877,0x07
2026-09-06T21:17:28.943,315,0,2,50,2560,20,34463,2975,2660,30332,0x07
2026-09-06T21:17:28.943,314,0,1,52,555,0,9514,1174,0,16972,0x07
2026-09-06T21:17:29.008,317,0,2,50,2394,160,31785,2864,2880,27925,0x07
2026-09-06T21:17:29.008,316,0,1,52,511,0,8957,1220,0,17553,0x07
2026-09-06T21:17:29.073,319,0,2,51,2008,0,27641,2589,2471,26016,0x07
2026-09-06T21:17:29.073,318,0,1,50,502,0,8851,1229,0,17665,0x07
2026-09-06T21:17:29.138,321,0,2,51,1499,235,20270,2166,2137,21824,0x07
2026-09-06T21:17:29.138,320,0,1,50,486,0,8642,1246,0,17882,0x07
2026-09-06T21:17:29.219,323,0,2,53,895,792,10332,1600,736,20268,0x07
2026-09-06T21:17:29.219,322,0,1,53,438,0,8044,1295,0,18511,0x07
2026-09-06T21:17:29.283,325,0,2,50,895,800,10300,1600,800,19995,0x07
2026-09-06T21:17:29.284,324,0,1,50,438,0,8044,1295,0,18511,0x07
2026-09-06T21:17:29.349,327,0,2,51,477,882,4720,1255,922,14910,0x07
2026-09-06T21:17:29.349,326,0,1,50,427,0,7903,1307,0,18657,0x07
2026-09-06T21:17:29.414,329,0,2,51,423,510,5628,1311,1059,15070,0x07
2026-09-06T21:17:29.414,328,0,1,51,429,0,7928,1305,0,18630,0x07
2026-09-06T21:17:29.479,331,0,2,52,429,538,5578,1305,962,15403,0x07
2026-09-06T21:17:29.479,330,0,1,50,456,0,8264,1277,0,18279,0x07
2026-09-06T21:17:29.545,333,0,2,50,427,520,5635,1307,960,15434,0x07
2026-09-06T21:17:29.545,332,0,1,51,464,0,8361,1269,0,18177,0x07
2026-09-06T21:17:29.609,335,0,2,50,458,480,6193,1275,1000,14836,0x07
2026-09-06T21:17:29.609,334,0,1,54,420,0,7818,1314,0,18746,0x07
2026-09-06T21:17:29.674,337,0,2,51,477,471,6466,1255,1118,14082,0x07
2026-09-06T21:17:29.674,336,0,1,51,0,0,7587,0,0,12508,0x07
2026-09-06T21:17:29.756,339,0,2,50,550,500,7257,1180,1020,13490,0x07
2026-09-06T21:17:29.756,338,0,1,52,-607,0,10165,-1237,0,17763,0x07
2026-09-06T21:17:29.820,341,0,2,50,585,520,7616,1143,1000,13087,0x07
2026-09-06T21:17:29.820,340,0,1,52,-645,0,10653,-1264,0,18109,0x07
2026-09-06T21:17:29.884,343,0,2,53,1324,792,15700,1791,962,21840,0x07
2026-09-06T21:17:29.884,342,0,1,50,-529,0,9191,-1201,0,17309,0x07
2026-09-06T21:17:29.950,345,0,2,51,1324,667,16235,1791,1039,21513,0x07
2026-09-06T21:17:29.950,344,0,1,50,-529,0,9191,-1201,0,17309,0x07
2026-09-06T21:17:30.014,347,0,2,50,1712,760,20705,2132,1120,25702,0x07
2026-09-06T21:17:30.014,346,0,1,51,-534,0,9247,-1196,0,17251,0x07
2026-09-06T21:17:30.079,349,0,2,51,1951,1157,22010,2370,1314,28031,0x07
2026-09-06T21:17:30.079,348,0,1,50,-523,0,9115,-1207,0,17389,0x07
2026-09-06T21:17:30.144,351,0,2,52,2136,1365,23438,2544,1615,29056,0x07
2026-09-06T21:17:30.144,350,0,1,52,-550,0,9455,-1180,0,17038,0x07
2026-09-06T21:17:30.209,353,0,2,50,2229,1580,23685,2646,1800,29622,0x07
2026-09-06T21:17:30.209,352,0,1,51,0,0,20405,0,0,24049,0x07
2026-09-06T21:17:30.291,355,0,2,50,2295,1820,23497,2729,1940,30133,0x07
2026-09-06T21:17:30.291,354,0,1,51,2142,0,29508,2600,0,35101,0x07
2026-09-06T21:17:30.356,357,0,2,50,2295,2040,22562,2729,2060,29623,0x07
2026-09-06T21:17:30.356,356,0,1,52,2062,0,28496,2550,0,34460,0x07
2026-09-06T21:17:30.421,359,0,2,51,2208,2000,21637,2679,2078,28876,0x07
2026-09-06T21:17:30.421,358,0,1,51,1983,0,27510,2484,0,33620,0x07
2026-09-06T21:17:30.487,361,0,2,51,2093,2314,18867,2589,2412,26271,0x07
2026-09-06T21:17:30.487,360,0,1,57,1692,0,23837,2250,0,30652,0x07
2026-09-06T21:17:30.552,363,0,2,50,1808,2080,16291,2380,2260,24148,0x07
2026-09-06T21:17:30.552,362,0,1,50,1692,0,23837,2250,0,30652,0x07
2026-09-06T21:17:30.617,365,0,2,50,1455,1960,12383,2084,2360,19791,0x07
2026-09-06T21:17:30.617,364,0,1,52,1168,0,17234,1859,0,25679,0x07
2026-09-06T21:17:30.682,367,0,2,54,1019,1407,9273,1660,2148,15069,0x07
2026-09-06T21:17:30.682,366,0,1,51,850,0,13225,1533,0,21535,0x07
2026-09-06T21:17:30.747,369,0,2,51,1019,1392,9338,1660,2000,15698,0x07
2026-09-06T21:17:30.747,368,0,1,53,423,0,7848,1311,0,18715,0x07
2026-09-06T21:17:30.812,371,0,2,50,1071,1400,9955,1650,1780,16495,0x07
2026-09-06T21:17:30.812,370,0,1,52,423,0,7848,1311,0,18715,0x07
2026-09-06T21:17:30.877,373,0,2,51,0,0,19424,0,0,17323,0x07
2026-09-06T21:17:30.877,372,0,1,51,0,0,11964,0,0,16500,0x07
2026-09-06T21:17:30.958,375,0,2,59,675,102,10523,1298,136,18826,0x07
2026-09-06T21:17:30.958,374,0,1,51,-1131,0,16771,-1708,0,23760,0x07
2026-09-06T21:17:31.024,377,0,2,51,675,451,9038,0,0,9631,0x07
2026-09-06T21:17:31.089,379,0,2,50,0,0,6875,0,0,24944,0x07
2026-09-06T21:17:31.154,381,0,2,50,0,0,11008,2525,1320,30066,0x07
2026-09-06T21:17:31.154,378,0,1,50,-1834,0,25635,-2267,0,30856,0x07
2026-09-06T21:17:31.220,381,0,2,51,1029,275,14215,1544,765,19407,0x07
2026-09-06T21:17:31.220,65535,0,1,50,0,0,0,0,0,0,0x0b
2026-09-06T21:17:31.284,383,0,2,51,1029,78,15048,1544,529,20407,0x07
2026-09-06T21:17:31.284,382,0,1,50,0,0,18673,0,0,22915,0x07
2026-09-06T21:17:31.349,383,0,2,51,1506,314,20025,1936,431,26029,0x07
2026-09-06T21:17:31.414,389,0,2,51,1506,902,17525,1936,941,23862,0x07
2026-09-06T21:17:31.414,386,0,1,52,-1934,0,26894,-2466,0,33397,0x07
2026-09-06T21:17:31.496,391,0,2,50,2640,1120,30789,2951,1040,36907,0x07
2026-09-06T21:17:31.496,388,0,1,51,-1354,0,19585,-1988,0,27315,0x07
2026-09-06T21:17:31.561,391,0,2,50,2746,1360,31104,3065,1600,36040,0x07
2026-09-06T21:17:31.561,388,0,1,52,-1064,0,15933,-1718,0,23881,0x07
2026-09-06T21:17:31.625,391,0,2,53,2746,1906,28785,3065,2151,33698,0x07
2026-09-06T21:17:31.625,394,0,1,50,0,0,7307,0,0,12671,0x07
2026-09-06T21:17:31.690,397,0,2,51,0,0,16142,0,0,23372,0x07
2026-09-06T21:17:31.690,396,0,1,51,-573,0,9743,-1256,0,18008,0x07
2026-09-06T21:17:31.755,399,0,2,50,1650,560,20774,2351,560,30984,0x07
2026-09-06T21:17:31.755,398,0,1,51,-831,0,12996,-1393,0,19752,0x07
2026-09-06T21:17:31.821,401,0,2,51,3245,1902,35041,3095,2275,33572,0x07
2026-09-06T21:17:31.821,400,0,1,52,0,0,0,0,0,0,0x03
2026-09-06T21:17:31.885,403,0,2,50,2460,1560,26671,3054,1820,34951,0x07
2026-09-06T21:17:31.885,402,0,1,51,0,0,9964,0,0,14681,0x07
2026-09-06T21:17:31.950,405,0,2,51,2065,980,24180,2662,2725,25912,0x07
2026-09-06T21:17:31.950,404,0,1,50,-891,0,13752,-1493,0,21028,0x07
2026-09-06T21:17:32.032,407,0,2,52,672,731,7801,1356,1538,13621,0x07
2026-09-06T21:17:32.032,406,0,1,52,-1032,0,15530,-1591,0,22275,0x07
2026-09-06T21:17:32.081,409,0,2,51,672,784,7574,1356,1137,15326,0x07
2026-09-06T21:17:32.081,408,0,1,54,-1260,0,18395,-1807,0,25010,0x07
2026-09-06T21:17:32.162,411,0,2,51,510,745,5717,1221,1039,13956,0x07
2026-09-06T21:17:32.162,410,0,1,51,-1260,0,18395,-1807,0,25010,0x07
2026-09-06T21:17:32.227,413,0,2,57,538,667,6406,1191,877,14253,0x07
2026-09-06T21:17:32.227,412,0,1,51,-1194,0,17566,-1777,0,24628,0x07
2026-09-06T21:17:32.292,415,0,2,57,538,667,6406,1191,877,14253,0x07
2026-09-06T21:17:32.292,414,0,1,57,-1188,0,17493,-1752,0,24321,0x07
2026-09-06T21:17:32.357,417,0,2,51,550,627,6716,1180,902,13992,0x07
2026-09-06T21:17:32.357,416,0,1,50,-1188,0,17493,-1752,0,24321,0x07
2026-09-06T21:17:32.423,419,0,2,50,607,640,7372,1217,900,14492,0x07
2026-09-06T21:17:32.423,418,0,1,50,-831,0,12991,-1511,0,21252,0x07
2026-09-06T21:17:32.488,421,0,2,56,996,661,12159,1558,1000,18588,0x07
2026-09-06T21:17:32.488,420,0,1,52,-505,0,8885,-1226,0,17633,0x07
2026-09-06T21:17:32.568,423,0,2,50,996,540,12672,1558,1040,18418,0x07
2026-09-06T21:17:32.568,422,0,1,51,-476,0,8519,-1256,0,18012,0x07
2026-09-06T21:17:32.618,425,0,2,51,1419,686,17344,1875,1216,21877,0x07
2026-09-06T21:17:32.618,424,0,1,50,-427,0,7898,-1307,0,18661,0x07
2026-09-06T21:17:32.698,427,0,2,51,1854,765,22465,2245,1157,27040,0x07
2026-09-06T21:17:32.698,426,0,1,50,-409,0,7677,-1325,0,18892,0x07
2026-09-06T21:17:32.763,429,0,2,51,2417,1216,27594,2688,1490,31501,0x07
2026-09-06T21:17:32.763,428,0,1,50,0,0,10335,0,0,15018,0x07
2026-09-06T21:17:32.828,431,0,2,52,2802,1615,30720,3025,1673,35199,0x07
2026-09-06T21:17:32.828,430,0,1,51,936,0,14313,1533,0,21535,0x07
2026-09-06T21:17:32.893,433,0,2,53,3272,1491,37126,3385,2509,36418,0x07
2026-09-06T21:17:32.893,432,0,1,50,1140,0,16882,1674,0,23329,0x07
2026-09-06T21:17:32.957,435,0,2,50,3272,1480,37171,3385,3540,32038,0x07
2026-09-06T21:17:32.957,434,0,1,50,1116,0,16584,1695,0,23595,0x07
2026-09-06T21:17:33.022,437,0,2,50,3374,1420,38706,3446,3560,32761,0x07
2026-09-06T21:17:33.022,436,0,1,52,1215,0,17830,1763,0,24459,0x07
2026-09-06T21:17:33.104,439,0,2,51,3374,1392,38825,3487,2627,37267,0x07
2026-09-06T21:17:33.104,438,0,1,50,1213,0,17804,1780,0,24667,0x07
2026-09-06T21:17:33.153,441,0,2,56,2950,1786,31842,3435,3339,33550,0x07
2026-09-06T21:17:33.234,443,0,2,51,0,0,0,0,0,0,0x03
2026-09-06T21:17:33.299,445,0,2,52,0,0,0,0,0,0,0x03
2026-09-06T21:17:33.299,440,0,1,50,840,0,13107,1500,0,21108,0x07
2026-09-06T21:17:33.364,445,0,2,51,0,0,0,0,0,0,0x03
2026-09-06T21:17:33.429,447,0,2,51,0,0,0,0,0,0,0x03
2026-09-06T21:17:33.494,447,0,2,52,0,0,0,0,0,0,0x03
2026-09-06T21:17:33.494,446,0,1,50,0,0,29232,0,0,30425,0x07
2026-09-06T21:17:33.560,447,0,2,51,0,0,0,0,0,0,0x03
2026-09-06T21:17:33.625,453,0,2,50,0,0,0,0,0,0,0x03
2026-09-06T21:17:33.690,453,0,2,50,0,0,0,0,0,0,0x03
2026-09-06T21:17:33.690,452,0,1,51,0,0,30030,0,0,31530,0x07
2026-09-06T21:17:33.771,453,0,2,50,0,0,0,0,0,0,0x03
2026-09-06T21:17:33.836,459,0,2,51,0,0,0,0,0,0,0x03
2026-09-06T21:17:33.902,459,0,2,50,0,0,0,0,0,0,0x03
2026-09-06T21:17:33.902,462,0,1,51,-3238,0,40000,-3477,0,40000,0x07
2026-09-06T21:17:33.967,459,0,2,50,0,0,0,0,0,0,0x03
2026-09-06T21:17:34.032,465,0,2,52,0,0,0,0,0,0,0x03
2026-09-06T21:17:34.098,465,0,2,51,0,0,0,0,0,0,0x03
2026-09-06T21:17:34.098,468,0,1,51,-3253,0,40000,-3480,0,40000,0x07
2026-09-06T21:17:34.163,465,0,2,51,0,0,0,0,0,0,0x03
2026-09-06T21:17:34.163,468,0,1,50,-3097,0,40000,-3417,0,40000,0x07
2026-09-06T21:17:34.228,471,0,2,54,0,0,0,0,0,0,0x03
2026-09-06T21:17:34.228,470,0,1,50,-3097,0,40000,-3417,0,40000,0x07
2026-09-06T21:17:34.294,471,0,2,50,0,0,0,0,0,0,0x03
2026-09-06T21:17:34.294,474,0,1,50,-3046,0,40000,-3367,0,40000,0x07
2026-09-06T21:17:34.374,477,0,2,50,0,0,0,0,0,0,0x03
2026-09-06T21:17:34.374,476,0,1,52,-2541,0,34534,-3053,0,40000,0x07
2026-09-06T21:17:34.439,479,0,2,51,0,0,0,0,0,0,0x03
2026-09-06T21:17:34.439,478,0,1,51,-2142,0,29517,-2723,0,36662,0x07
2026-09-06T21:17:34.504,481,0,2,51,0,0,0,0,0,0,0x03
2026-09-06T21:17:34.504,480,0,1,50,-1592,0,22574,-2263,0,30811,0x07
2026-09-06T21:17:34.568,483,0,2,51,0,0,0,0,0,0,0x03
2026-09-06T21:17:34.568,482,0,1,52,-924,0,14169,-1680,0,23404,0x07
2026-09-06T21:17:34.633,485,0,2,53,0,0,0,0,0,0,0x03
2026-09-06T21:17:34.633,484,0,1,51,-514,0,8991,-1251,0,17944,0x07
2026-09-06T21:17:34.698,487,0,2,51,0,0,0,0,0,0,0x03
2026-09-06T21:17:34.698,486,0,1,51,-423,0,7856,-1311,0,18706,0x07
2026-09-06T21:17:34.763,489,0,2,51,0,0,0,0,0,0,0x03
2026-09-06T21:17:34.763,488,0,1,52,0,0,8967,0,0,13770,0x07
2026-09-06T21:17:34.910,491,0,2,50,0,0,0,0,0,0,0x03
2026-09-06T21:17:34.910,490,0,1,54,969,0,14730,1524,0,21411,0x07
2026-09-06T21:17:34.974,493,0,2,55,0,0,0,0,0,0,0x03
2026-09-06T21:17:34.974,492,0,1,52,969,0,14730,1524,0,21411,0x07
2026-09-06T21:17:35.040,495,0,2,50,0,0,0,0,0,0,0x03
2026-09-06T21:17:35.040,494,0,1,50,706,0,11415,1375,0,19521,0x07
2026-09-06T21:17:35.105,497,0,2,52,0,0,0,0,0,0,0x03
2026-09-06T21:17:35.105,496,0,1,50,0,0,0,0,0,0,0x03
2026-09-06T21:17:35.170,499,0,2,51,0,0,0,0,0,0,0x03
2026-09-06T21:17:35.170,498,0,1,52,0,0,5481,0,0,13740,0x07
2026-09-06T21:17:35.236,501,0,2,51,0,0,0,0,0,0,0x03
2026-09-06T21:17:35.236,500,0,1,50,355,0,6988,1382,0,19614,0x07
2026-09-06T21:17:35.300,503,0,2,50,0,0,0,0,0,0,0x03
2026-09-06T21:17:35.300,502,0,1,50,0,0,8668,0,0,13493,0x07
2026-09-06T21:17:35.366,505,0,2,52,0,0,0,0,0,0,0x03
2026-09-06T21:17:35.431,507,0,2,50,0,0,0,0,0,0,0x03
2026-09-06T21:17:35.431,506,0,1,50,-894,0,13790,-1462,0,20628,0x07
2026-09-06T21:17:35.497,509,0,2,51,0,0,0,0,0,0,0x03
2026-09-06T21:17:35.497,508,0,1,54,-919,0,14102,-1457,0,20570,0x07
2026-09-06T21:17:35.578,509,0,2,51,0,0,0,0,0,0,0x03
2026-09-06T21:17:35.578,508,0,1,50,-919,0,14102,-1457,0,20570,0x07
2026-09-06T21:17:35.643,509,0,2,50,0,0,0,0,0,0,0x03
2026-09-06T21:17:35.643,512,0,1,51,-919,0,14102,-1457,0,20570,0x07
2026-09-06T21:17:35.708,515,0,2,51,0,0,0,0,0,0,0x03
2026-09-06T21:17:35.708,514,0,1,50,-985,0,14926,-1407,0,19929,0x07
2026-09-06T21:17:35.773,517,0,2,52,0,0,0,0,0,0,0x03
2026-09-06T21:17:35.773,516,0,1,52,0,0,0,0,0,0,0x03
2026-09-06T21:17:35.839,519,0,2,51,0,0,0,0,0,0,0x03
2026-09-06T21:17:35.839,518,0,1,50,0,0,10724,0,0,12708,0x07
2026-09-06T21:17:35.904,521,0,2,51,0,0,0,0,0,0,0x03
2026-09-06T21:17:35.904,520,0,1,54,-986,0,14940,-1245,0,17875,0x07
2026-09-06T21:17:35.969,523,0,2,52,0,0,0,0,0,0,0x03
2026-09-06T21:17:35.969,522,0,1,52,-986,0,14940,-1245,0,17875,0x07
2026-09-06T21:17:36.034,525,0,2,52,0,0,0,0,0,0,0x03
2026-09-06T21:17:36.034,524,0,1,50,-970,0,14747,-1144,0,16593,0x07
2026-09-06T21:17:36.115,527,0,2,51,0,0,0,0,0,0,0x03
2026-09-06T21:17:36.115,526,0,1,50,-1009,0,15232,-1043,0,15307,0x07
2026-09-06T21:17:36.181,529,0,2,50,0,0,0,0,0,0,0x03
2026-09-06T21:17:36.181,528,0,1,50,-1045,0,15691,-862,0,13002,0x07
2026-09-06T21:17:36.245,531,0,2,50,0,0,0,0,0,0,0x03
2026-09-06T21:17:36.245,530,0,1,50,-1062,0,15899,0,0,2666,0x07
2026-09-06T21:17:36.310,533,0,2,50,0,0,0,0,0,0,0x03
2026-09-06T21:17:36.310,532,0,1,50,-820,0,12856,74,0,2978,0x07
2026-09-06T21:17:36.375,535,0,2,50,0,0,0,0,0,0,0x03
2026-09-06T21:17:36.375,534,0,1,52,0,0,7603,475,0,8082,0x07
2026-09-06T21:17:36.440,537,0,2,51,0,0,0,0,0,0,0x03
2026-09-06T21:17:36.440,536,0,1,51,609,0,10190,58,0,2787,0x07
2026-09-06T21:17:36.505,539,0,2,51,0,0,0,0,0,0,0x03
2026-09-06T21:17:36.506,538,0,1,50,869,0,13472,576,0,9367,0x07
2026-09-06T21:17:36.571,541,0,2,51,0,0,0,0,0,0,0x03
2026-09-06T21:17:36.571,540,0,1,51,0,0,0,0,0,0,0x03
2026-09-06T21:17:36.637,543,0,2,50,0,0,0,0,0,0,0x03
2026-09-06T21:17:36.637,542,0,1,52,0,0,0,0,0,0,0x03
2026-09-06T21:17:36.718,545,0,2,51,0,0,0,0,0,0,0x03
2026-09-06T21:17:36.718,544,0,1,52,0,0,0,0,0,0,0x03
2026-09-06T21:17:36.783,547,0,2,51,0,0,0,0,0,0,0x03
2026-09-06T21:17:36.783,546,0,1,51,0,0,0,0,0,0,0x03
2026-09-06T21:17:36.848,549,0,2,50,0,0,0,0,0,0,0x03
2026-09-06T21:17:36.848,548,0,1,50,0,0,18132,0,0,15828,0x07
2026-09-06T21:17:36.914,551,0,2,50,0,0,0,0,0,0,0x03
2026-09-06T21:17:36.914,550,0,1,52,1870,0,26078,1629,0,22751,0x07
2026-09-06T21:17:36.978,553,0,2,53,0,0,0,0,0,0,0x03
2026-09-06T21:17:36.978,552,0,1,51,0,0,0,0,0,0,0x03
2026-09-06T21:17:37.043,555,0,2,50,0,0,0,0,0,0,0x03
2026-09-06T21:17:37.043,554,0,1,50,0,0,0,0,0,0,0x03
2026-09-06T21:17:37.108,557,0,2,51,0,0,0,0,0,0,0x03
2026-09-06T21:17:37.108,556,0,1,50,0,0,21899,0,0,20172,0x07
2026-09-06T21:17:37.173,559,0,2,50,0,0,0,0,0,0,0x03
2026-09-06T21:17:37.173,558,0,1,53,0,0,0,0,0,0,0x03
2026-09-06T21:17:37.239,561,0,2,51,0,0,0,0,0,0,0x03
2026-09-06T21:17:37.239,560,0,1,50,0,0,0,0,0,0,0x03
2026-09-06T21:17:37.321,563,0,2,51,0,0,0,0,0,0,0x03
2026-09-06T21:17:37.321,562,0,1,50,0,0,0,0,0,0,0x03
2026-09-06T21:17:37.386,565,0,2,51,0,0,0,0,0,0,0x03
2026-09-06T21:17:37.386,564,0,1,50,0,0,0,0,0,0,0x03
2026-09-06T21:17:37.451,567,0,2,51,0,0,0,0,0,0,0x03
2026-09-06T21:17:37.451,566,0,1,51,0,0,0,0,0,0,0x03
2026-09-06T21:17:37.517,569,0,2,52,0,0,0,0,0,0,0x03
2026-09-06T21:17:37.517,568,0,1,51,0,0,0,0,0,0,0x03
2026-09-06T21:17:37.581,571,0,2,50,0,0,0,0,0,0,0x03
2026-09-06T21:17:37.647,573,0,2,50,0,0,0,0,0,0,0x03
2026-09-06T21:17:37.712,575,0,2,52,0,0,0,0,0,0,0x03
2026-09-06T21:17:37.712,574,0,1,50,2949,0,39677,3047,0,40000,0x07
2026-09-06T21:17:37.776,575,0,2,51,0,0,0,0,0,0,0x03
2026-09-06T21:17:37.776,574,0,1,51,3136,0,40000,3125,0,40000,0x07
2026-09-06T21:17:37.841,577,0,2,51,0,0,0,0,0,0,0x03
2026-09-06T21:17:37.841,576,0,1,52,3136,0,40000,3125,0,40000,0x07
2026-09-06T21:17:37.923,577,0,2,52,0,0,0,0,0,0,0x03
2026-09-06T21:17:37.923,580,0,1,51,3213,0,40000,3218,0,40000,0x07
2026-09-06T21:17:37.988,583,0,2,50,0,0,0,0,0,0,0x03
2026-09-06T21:17:37.988,582,0,1,52,3298,0,40000,3340,0,40000,0x07
2026-09-06T21:17:38.053,585,0,2,52,0,0,0,0,0,0,0x03
2026-09-06T21:17:38.053,584,0,1,51,3324,0,40000,3489,0,40000,0x07
2026-09-06T21:17:38.119,587,0,2,51,0,0,0,0,0,0,0x03
2026-09-06T21:17:38.119,586,0,1,52,2817,0,38011,3103,0,40000,0x07
2026-09-06T21:17:38.183,589,0,2,50,0,0,0,0,0,0,0x03
2026-09-06T21:17:38.183,588,0,1,52,0,0,7783,0,0,2571,0x07
2026-09-06T21:17:38.249,591,0,2,50,0,0,0,0,0,0,0x03
2026-09-06T21:17:38.249,590,0,1,55,-643,0,10629,22,0,2324,0x07
2026-09-06T21:17:38.314,593,0,2,52,0,0,0,0,0,0,0x03
2026-09-06T21:17:38.314,592,0,1,51,-643,0,10629,22,0,2324,0x07
2026-09-06T21:17:38.380,595,0,2,52,0,0,0,0,0,0,0x03
2026-09-06T21:17:38.380,594,0,1,52,-688,0,11189,4,0,2092,0x07
2026-09-06T21:17:38.445,597,0,2,51,0,0,0,0,0,0,0x03
2026-09-06T21:17:38.445,596,0,1,52,-779,0,12341,0,0,2613,0x07
2026-09-06T21:17:38.527,599,0,2,50,0,0,0,0,0,0,0x03
2026-09-06T21:17:38.527,598,0,1,54,-836,0,13060,-28,0,2396,0x07
2026-09-06T21:17:38.592,601,0,2,52,0,0,0,0,0,0,0x03
2026-09-06T21:17:38.592,600,0,1,50,-836,0,13060,-28,0,2396,0x07
2026-09-06T21:17:38.656,603,0,2,51,0,0,0,0,0,0,0x03
2026-09-06T21:17:38.656,602,0,1,52,-800,0,12596,-128,0,3671,0x07
2026-09-06T21:17:38.721,605,0,2,50,0,0,0,0,0,0,0x03
2026-09-06T21:17:38.721,604,0,1,51,-815,0,12796,-125,0,3629,0x07
2026-09-06T21:17:38.786,607,0,2,52,0,0,0,0,0,0,0x03
2026-09-06T21:17:38.787,606,0,1,52,-820,0,12856,-157,0,4036,0x07
2026-09-06T21:17:38.851,609,0,2,50,0,0,0,0,0,0,0x03
2026-09-06T21:17:38.851,608,0,1,50,-795,0,12533,-238,0,5070,0x07
2026-09-06T21:17:38.915,611,0,2,50,0,0,0,0,0,0,0x03
2026-09-06T21:17:38.915,610,0,1,54,-861,0,13375,-350,0,6489,0x07
2026-09-06T21:17:38.981,613,0,2,52,0,0,0,0,0,0,0x03
2026-09-06T21:17:38.981,612,0,1,50,-861,0,13375,-350,0,6489,0x07
2026-09-06T21:17:39.045,615,0,2,52,0,0,0,0,0,0,0x03
2026-09-06T21:17:39.045,614,0,1,52,-1034,0,15551,-567,0,9252,0x07
2026-09-06T21:17:39.126,617,0,2,51,0,0,0,0,0,0,0x03
2026-09-06T21:17:39.126,616,0,1,50,-1262,0,18417,-880,0,13230,0x07
2026-09-06T21:17:39.191,619,0,2,51,0,0,0,0,0,0,0x03
2026-09-06T21:17:39.256,621,0,2,51,0,0,0,0,0,0,0x03
2026-09-06T21:17:39.256,620,0,1,50,-1739,0,24436,-1492,0,21007,0x07
2026-09-06T21:17:39.321,623,0,2,50,0,0,0,0,0,0,0x03
2026-09-06T21:17:39.386,623,0,2,50,0,0,0,0,0,0,0x03
2026-09-06T21:17:39.451,623,0,2,51,0,0,0,0,0,0,0x03
2026-09-06T21:17:39.452,626,0,1,50,-2182,0,30014,-1983,0,27248,0x07
2026-09-06T21:17:39.517,65535,0,2,52,0,0,0,0,0,0,0x0b
2026-09-06T21:17:39.583,629,0,2,50,0,0,0,0,0,0,0x03
2026-09-06T21:17:39.663,629,0,2,52,0,0,0,0,0,0,0x03
2026-09-06T21:17:39.728,629,0,2,52,0,0,0,0,0,0,0x03
2026-09-06T21:17:39.728,632,0,1,50,-2689,0,36408,-2728,0,36721,0x07
2026-09-06T21:17:39.793,635,0,2,50,0,0,0,0,0,0,0x03
2026-09-06T21:17:39.793,632,0,1,52,-2641,0,35800,-2781,0,37392,0x07
2026-09-06T21:17:39.859,635,0,2,50,0,0,0,0,0,0,0x03
2026-09-06T21:17:39.859,636,0,1,51,0,0,21592,0,0,22441,0x07
2026-09-06T21:17:39.924,635,0,2,51,0,0,0,0,0,0,0x03
2026-09-06T21:17:39.925,640,0,1,50,-2284,0,31298,-2410,0,32685,0x07
2026-09-06T21:17:39.990,643,0,2,50,0,0,0,0,0,0,0x03
2026-09-06T21:17:39.990,642,0,1,50,-1508,0,21519,-1794,0,24845,0x07
2026-09-06T21:17:40.054,645,0,2,51,0,0,0,0,0,0,0x03
2026-09-06T21:17:40.054,644,0,1,51,0,0,0,0,0,0,0x03
2026-09-06T21:17:40.119,647,0,2,51,0,0,0,0,0,0,0x03
2026-09-06T21:17:40.119,646,0,1,50,0,0,7232,0,0,10802,0x07
2026-09-06T21:17:40.185,649,0,2,52,0,0,0,0,0,0,0x03
2026-09-06T21:17:40.185,648,0,1,52,0,0,4501,-1035,0,15201,0x07
2026-09-06T21:17:40.266,651,0,2,51,0,0,0,0,0,0,0x03
2026-09-06T21:17:40.266,650,0,1,51,0,0,0,0,0,0,0x03
2026-09-06T21:17:40.332,653,0,2,51,0,0,0,0,0,0,0x03
2026-09-06T21:17:40.332,652,0,1,51,0,0,0,0,0,0,0x03
2026-09-06T21:17:40.397,655,0,2,52,0,0,0,0,0,0,0x03
2026-09-06T21:17:40.397,654,0,1,51,0,0,0,0,0,0,0x03
2026-09-06T21:17:40.462,657,0,2,50,0,0,0,0,0,0,0x03
2026-09-06T21:17:40.462,656,0,1,52,0,0,8189,0,0,9641,0x07
2026-09-06T21:17:40.527,659,0,2,52,0,0,0,0,0,0,0x03
2026-09-06T21:17:40.527,658,0,1,51,0,0,0,0,0,0,0x03
2026-09-06T21:17:40.593,661,0,2,50,0,0,0,0,0,0,0x03
2026-09-06T21:17:40.593,660,0,1,51,0,0,0,0,0,0,0x03
2026-09-06T21:17:40.658,663,0,2,50,0,0,0,0,0,0,0x03
2026-09-06T21:17:40.658,662,0,1,50,0,0,0,0,0,0,0x03
2026-09-06T21:17:40.722,665,0,2,50,0,0,0,0,0,0,0x03
2026-09-06T21:17:40.722,664,0,1,50,0,0,0,0,0,0,0x03
2026-09-06T21:17:40.804,667,0,2,52,0,0,0,0,0,0,0x03
2026-09-06T21:17:40.804,666,0,1,51,0,0,0,0,0,0,0x03
2026-09-06T21:17:40.853,669,0,2,51,0,0,0,0,0,0,0x03
2026-09-06T21:17:40.853,668,0,1,51,0,0,0,0,0,0,0x03
2026-09-06T21:17:40.934,671,0,2,50,0,0,0,0,0,0,0x03
2026-09-06T21:17:40.934,670,0,1,52,0,0,0,0,0,0,0x03
2026-09-06T21:17:40.999,673,0,2,51,0,0,0,0,0,0,0x03
2026-09-06T21:17:40.999,672,0,1,51,0,0,0,0,0,0,0x03
2026-09-06T21:17:41.064,675,0,2,51,0,0,0,0,0,0,0x03
2026-09-06T21:17:41.064,674,0,1,51,0,0,0,0,0,0,0x03
2026-09-06T21:17:41.129,677,0,2,52,0,0,0,0,0,0,0x03
2026-09-06T21:17:41.129,676,0,1,50,0,0,0,0,0,0,0x03
2026-09-06T21:17:41.194,679,0,2,51,0,0,0,0,0,0,0x03
2026-09-06T21:17:41.194,678,0,1,51,0,0,0,0,0,0,0x03
2026-09-06T21:17:41.260,681,0,2,50,0,0,0,0,0,0,0x03
2026-09-06T21:17:41.260,680,0,1,53,0,0,0,0,0,0,0x03
2026-09-06T21:17:41.324,683,0,2,50,0,0,0,0,0,0,0x03
2026-09-06T21:17:41.325,682,0,1,51,0,0,0,0,0,0,0x03
2026-09-06T21:17:41.390,685,0,2,51,0,0,0,0,0,0,0x03
2026-09-06T21:17:41.390,684,0,1,52,0,0,0,0,0,0,0x03
2026-09-06T21:17:41.471,687,0,2,51,0,0,0,0,0,0,0x03
2026-09-06T21:17:41.471,686,0,1,50,0,0,0,0,0,0,0x03
2026-09-06T21:17:41.520,689,0,2,50,0,0,0,0,0,0,0x03
2026-09-06T21:17:41.520,688,0,1,54,0,0,0,0,0,0,0x03
