timestamp,sequence,team,robot_id,interval_ms,left_target_eps,left_measured_eps,left_duty,right_target_eps,right_measured_eps,right_duty,flags
2026-09-06T21:00:03.786,255,0,2,50,3374,840,40000,3457,3220,33188,0x07
2026-09-06T21:00:03.786,256,0,1,50,1482,1920,12678,2362,0,31953,0x07
2026-09-06T21:00:03.838,257,0,2,50,3374,880,40000,3417,2760,34657,0x07
2026-09-06T21:00:03.838,258,0,1,50,0,0,14289,0,0,18811,0x07
2026-09-06T21:00:03.903,259,0,2,50,3374,880,40000,3417,2760,34657,0x07
2026-09-06T21:00:03.903,260,0,1,51,0,0,0,0,0,0,0x03
2026-09-06T21:00:03.968,261,0,2,50,0,0,0,0,0,0,0x03
2026-09-06T21:00:03.968,0,0,1,50,0,0,0,0,0,0,0x03
2026-09-06T21:00:04.033,1,0,2,51,0,0,0,0,0,0,0x03
2026-09-06T21:00:04.033,2,0,1,55,0,0,0,0,0,0,0x03
2026-09-06T21:00:04.114,3,0,2,51,0,0,0,0,0,0,0x03
2026-09-06T21:00:04.114,4,0,1,51,0,0,0,0,0,0,0x03
2026-09-06T21:00:04.179,5,0,2,51,0,0,0,0,0,0,0x03
2026-09-06T21:00:04.179,6,0,1,50,0,0,0,0,0,0,0x03
2026-09-06T21:00:04.244,7,0,2,50,0,0,0,0,0,0,0x03
2026-09-06T21:00:04.244,8,0,1,51,0,0,0,0,0,0,0x03
2026-09-06T21:00:04.309,9,0,2,52,0,0,0,0,0,0,0x03
2026-09-06T21:00:04.309,10,0,1,52,0,0,0,0,0,0,0x03
2026-09-06T21:00:04.374,11,0,2,55,0,0,0,0,0,0,0x03
2026-09-06T21:00:04.374,12,0,1,50,0,0,0,0,0,0,0x03
2026-09-06T21:00:04.439,13,0,2,50,0,0,0,0,0,0,0x03
2026-09-06T21:00:04.439,14,0,1,52,0,0,0,0,0,0,0x03
2026-09-06T21:00:04.504,15,0,2,50,0,0,0,0,0,0,0x03
2026-09-06T21:00:04.504,16,0,1,52,0,0,0,0,0,0,0x03
2026-09-06T21:00:04.569,17,0,2,50,0,0,0,0,0,0,0x03
2026-09-06T21:00:04.569,18,0,1,50,0,0,0,0,0,0,0x03
2026-09-06T21:00:04.649,19,0,2,50,0,0,0,0,0,0,0x03
2026-09-06T21:00:04.649,20,0,1,52,0,0,0,0,0,0,0x03
2026-09-06T21:00:04.714,21,0,2,50,0,0,0,0,0,0,0x03
2026-09-06T21:00:04.714,22,0,1,54,0,0,0,0,0,0,0x03
2026-09-06T21:00:04.779,23,0,2,50,0,0,0,0,0,0,0x03
2026-09-06T21:00:04.779,24,0,1,50,0,0,0,0,0,0,0x03
2026-09-06T21:00:04.845,25,0,2,52,0,0,0,0,0,0,0x03
2026-09-06T21:00:04.845,26,0,1,52,0,0,0,0,0,0,0x03
2026-09-06T21:00:04.910,27,0,2,51,0,0,0,0,0,0,0x03
2026-09-06T21:00:04.910,28,0,1,55,0,0,0,0,0,0,0x03
2026-09-06T21:00:04.975,29,0,2,50,0,0,0,0,0,0,0x03
2026-09-06T21:00:04.975,30,0,1,51,0,0,0,0,0,0,0x03
2026-09-06T21:00:05.040,31,0,2,51,0,0,0,0,0,0,0x03
2026-09-06T21:00:05.040,32,0,1,50,0,0,0,0,0,0,0x03
2026-09-06T21:00:05.104,33,0,2,51,0,0,0,0,0,0,0x03
2026-09-06T21:00:05.104,34,0,1,50,0,0,0,0,0,0,0x03
2026-09-06T21:00:05.185,35,0,2,50,0,0,0,0,0,0,0x03
2026-09-06T21:00:05.185,36,0,1,52,0,0,0,0,0,0,0x03
2026-09-06T21:00:05.250,37,0,2,52,0,0,0,0,0,0,0x03
2026-09-06T21:00:05.250,38,0,1,51,0,0,0,0,0,0,0x03
2026-09-06T21:00:05.315,39,0,2,51,0,0,0,0,0,0,0x03
2026-09-06T21:00:05.315,40,0,1,51,0,0,0,0,0,0,0x03
2026-09-06T21:00:05.379,41,0,2,51,0,0,0,0,0,0,0x03
2026-09-06T21:00:05.379,42,0,1,52,0,0,0,0,0,0,0x03
2026-09-06T21:00:05.444,43,0,2,51,0,0,0,0,0,0,0x03
2026-09-06T21:00:05.444,44,0,1,50,0,0,0,0,0,0,0x03
2026-09-06T21:00:05.509,45,0,2,51,0,0,0,0,0,0,0x03
2026-09-06T21:00:05.509,46,0,1,50,0,0,0,0,0,0,0x03
2026-09-06T21:00:05.574,47,0,2,51,0,0,0,0,0,0,0x03
2026-09-06T21:00:05.575,48,0,1,50,0,0,28038,0,0,30661,0x07
2026-09-06T21:00:05.640,49,0,2,51,1742,0,24227,156,0,4136,0x07
2026-09-06T21:00:05.640,50,0,1,51,-3136,-686,38451,-3401,-353,40000,0x07
2026-09-06T21:00:05.721,51,0,2,50,1742,360,22697,156,20,4051,0x07
2026-09-06T21:00:05.721,52,0,1,50,-3136,-1460,35158,-3401,-700,40000,0x07
2026-09-06T21:00:05.785,53,0,2,52,1292,462,16648,768,0,12074,0x07
2026-09-06T21:00:05.785,54,0,1,53,-3163,-1377,35848,-3416,-1830,37528,0x07
2026-09-06T21:00:05.850,55,0,2,50,1352,700,16379,837,300,11699,0x07
2026-09-06T21:00:05.850,56,0,1,50,-3163,-1480,35412,-3416,-2060,36551,0x07
2026-09-06T21:00:05.915,57,0,2,50,1497,860,17519,1042,440,13762,0x07
2026-09-06T21:00:05.915,58,0,1,50,-3250,-1720,35465,-3434,-2120,36522,0x07
2026-09-06T21:00:05.980,59,0,2,51,1694,1000,19380,1293,529,16645,0x07
2026-09-06T21:00:05.980,60,0,1,55,-3350,-2218,34589,-3499,-2073,37553,0x07
2026-09-06T21:00:06.045,61,0,2,50,2468,1300,27769,2342,860,28863,0x07
2026-09-06T21:00:06.045,62,0,1,51,-3350,-2588,33017,-3499,-2157,37195,0x07
2026-09-06T21:00:06.110,63,0,2,50,2468,1500,26919,2342,1220,27333,0x07
2026-09-06T21:00:06.110,64,0,1,50,-3318,-2280,33934,-3500,-2280,36680,0x07
2026-09-06T21:00:06.176,65,0,2,50,2845,1640,31020,2832,1480,32580,0x07
2026-09-06T21:00:06.176,66,0,1,50,-3255,-1540,36288,-3500,-1900,38295,0x07
2026-09-06T21:00:06.241,67,0,2,51,3123,1882,33468,3223,1725,36618,0x07
2026-09-06T21:00:06.241,68,0,1,57,-2937,-2035,30245,-3365,-1088,40000,0x07
2026-09-06T21:00:06.322,69,0,2,50,3271,2200,33968,3415,2740,34801,0x07
2026-09-06T21:00:06.322,70,0,1,50,-2937,-1840,31075,-3365,-1100,39984,0x07
2026-09-06T21:00:06.388,71,0,2,50,3318,2620,32759,3500,2440,37180,0x07
2026-09-06T21:00:06.388,72,0,1,51,-2621,-1255,29640,-3128,-1510,35246,0x07
2026-09-06T21:00:06.453,73,0,2,50,3291,2660,32256,3500,2660,36245,0x07
2026-09-06T21:00:06.453,74,0,1,51,-2246,-804,26902,-2812,-1412,31649,0x07
2026-09-06T21:00:06.518,75,0,2,50,3142,2760,29966,3500,2700,36075,0x07
2026-09-06T21:00:06.518,76,0,1,50,-2261,-820,27026,-2715,-1280,30990,0x07
2026-09-06T21:00:06.583,77,0,2,51,2837,2902,25559,3328,2824,33322,0x07
2026-09-06T21:00:06.583,78,0,1,51,-2625,-686,32110,-2915,-1451,32790,0x07
2026-09-06T21:00:06.648,79,0,2,50,1653,2480,12580,2353,2800,20759,0x07
2026-09-06T21:00:06.648,80,0,1,53,-2242,-830,26744,-510,-962,4408,0x07
2026-09-06T21:00:06.713,81,0,2,67,3374,1985,36160,3143,2657,31628,0x07
2026-09-06T21:00:06.713,82,0,1,50,-2242,-1300,24748,-510,-220,7563,0x07
2026-09-06T21:00:06.779,83,0,2,52,3374,3192,31029,3143,2865,30741,0x07
2026-09-06T21:00:06.779,84,0,1,50,-1268,-960,14114,-434,-140,6940,0x07
2026-09-06T21:00:06.844,85,0,2,51,2972,3118,26328,3349,2725,34008,0x07
2026-09-06T21:00:06.844,86,0,1,50,0,0,15096,0,0,10925,0x07
2026-09-06T21:00:06.925,87,0,2,50,2833,2640,26622,3237,2640,32912,0x07
2026-09-06T21:00:06.925,88,0,1,50,1549,940,17686,1056,20,15329,0x07
2026-09-06T21:00:06.990,89,0,2,55,2597,2600,23845,3033,2818,29506,0x07
2026-09-06T21:00:06.990,90,0,1,51,2131,392,27228,1983,20,27071,0x07
2026-09-06T21:00:07.055,91,0,2,51,2597,2784,23061,3033,2824,29483,0x07
2026-09-06T21:00:07.055,92,0,1,50,2581,1060,29978,2484,260,32398,0x07
2026-09-06T21:00:07.120,93,0,2,50,2535,2580,23164,2959,2860,28369,0x07
2026-09-06T21:00:07.120,94,0,1,60,2890,1200,33213,2861,450,36358,0x07
2026-09-06T21:00:07.185,95,0,2,50,2290,2380,20947,2796,2940,25921,0x07
2026-09-06T21:00:07.185,96,0,1,51,3126,1510,34821,3200,353,40000,0x07
2026-09-06T21:00:07.250,97,0,2,50,2271,2480,20286,2725,2820,25505,0x07
2026-09-06T21:00:07.250,98,0,1,50,3267,1680,35847,3404,220,40000,0x07
2026-09-06T21:00:07.315,99,0,2,51,2142,2490,18634,2634,2863,24146,0x07
2026-09-06T21:00:07.315,100,0,1,53,3120,1962,32823,3500,0,40000,0x07
2026-09-06T21:00:07.380,101,0,2,53,1695,2094,14737,2267,2679,20149,0x07
2026-09-06T21:00:07.380,102,0,1,50,3120,2120,32153,3500,20,40000,0x07
2026-09-06T21:00:07.462,103,0,2,51,1695,1961,15304,2267,2588,20536,0x07
2026-09-06T21:00:07.462,104,0,1,50,2452,2200,23521,3153,0,40000,0x07
2026-09-06T21:00:07.527,105,0,2,50,1463,1880,12759,2062,2560,18003,0x07
2026-09-06T21:00:07.527,106,0,1,51,0,0,10041,0,0,14894,0x07
2026-09-06T21:00:07.591,107,0,2,50,1259,1880,10206,1872,2340,16475,0x07
2026-09-06T21:00:07.591,108,0,1,51,-930,-137,13408,-1528,-588,18887,0x07
2026-09-06T21:00:07.640,109,0,2,51,1324,1647,12005,1872,2020,17832,0x07
2026-09-06T21:00:07.640,110,0,1,51,-3374,-39,40000,-3004,-569,37676,0x07
