timestamp,sequence,team,robot_id,interval_ms,left_target_eps,left_measured_eps,left_duty,right_target_eps,right_measured_eps,right_duty,flags
2026-09-06T13:39:55.817-03:00,65535,255,0,0,0,0,0,0,0,0,0x03
2026-09-06T13:39:55.840-03:00,1,0,0,58,3374,0,40000,3500,0,40000,0x07
2026-09-06T13:39:55.858-03:00,2,0,0,58,3374,0,40000,3500,0,40000,0x07
2026-09-06T13:39:55.881-03:00,3,0,0,58,3374,0,40000,3500,0,40000,0x07
2026-09-06T13:39:55.899-03:00,4,0,0,50,3374,0,40000,3500,0,40000,0x07
2026-09-06T13:39:55.920-03:00,5,0,0,50,3374,0,40000,3500,0,40000,0x07
2026-09-06T13:39:55.940-03:00,6,0,0,53,3374,0,40000,3500,0,40000,0x07
2026-09-06T13:39:55.960-03:00,7,0,0,53,3374,0,40000,3500,0,40000,0x07
2026-09-06T13:39:55.978-03:00,8,0,0,53,3374,0,40000,3500,0,40000,0x07
2026-09-06T13:39:56.001-03:00,9,0,0,50,3374,0,40000,3500,0,40000,0x07
2026-09-06T13:39:56.018-03:00,10,0,0,50,3374,0,40000,3500,0,40000,0x07
2026-09-06T13:39:56.038-03:00,11,0,0,50,3374,0,40000,3500,0,40000,0x07
2026-09-06T13:39:56.061-03:00,12,0,0,53,3374,0,40000,3500,0,40000,0x07
2026-09-06T13:39:56.081-03:00,13,0,0,53,3374,0,40000,3500,0,40000,0x07
2026-09-06T13:39:56.099-03:00,14,0,0,55,3374,0,40000,3500,0,40000,0x07
2026-09-06T13:39:56.141-03:00,15,0,0,55,3374,0,40000,3500,0,40000,0x07
2026-09-06T13:39:56.141-03:00,16,0,0,55,3374,0,40000,3500,0,40000,0x07
2026-09-06T13:39:56.161-03:00,17,0,0,50,3374,0,40000,3500,0,40000,0x07
2026-09-06T13:39:56.178-03:00,18,0,0,50,3374,0,40000,3500,0,40000,0x07
2026-09-06T13:39:56.199-03:00,19,0,0,51,3374,0,40000,3500,0,40000,0x07
2026-09-06T13:39:56.216-03:00,20,0,0,51,3374,0,40000,3500,0,40000,0x07
2026-09-06T13:39:56.240-03:00,21,0,0,51,3374,0,40000,3500,0,40000,0x07
2026-09-06T13:39:56.259-03:00,22,0,0,56,3374,0,40000,3500,0,40000,0x07
2026-09-06T13:39:56.277-03:00,23,0,0,56,3374,0,40000,3500,0,40000,0x07
2026-09-06T13:39:56.300-03:00,24,0,0,56,3374,0,40000,3500,0,40000,0x07
2026-09-06T13:39:56.321-03:00,25,0,0,51,3374,0,40000,3500,0,40000,0x07
2026-09-06T13:39:56.339-03:00,26,0,0,51,3374,0,40000,3500,0,40000,0x07
2026-09-06T13:39:56.360-03:00,27,0,0,53,3374,0,40000,3500,0,40000,0x07
2026-09-06T13:39:56.381-03:00,28,0,0,53,3374,0,40000,3500,0,40000,0x07
2026-09-06T13:39:56.399-03:00,29,0,0,53,3374,0,40000,3500,0,40000,0x07
2026-09-06T13:39:56.421-03:00,30,0,0,51,3374,0,40000,3500,0,40000,0x07
2026-09-06T13:39:56.437-03:00,31,0,0,51,3374,0,40000,3500,0,40000,0x07
2026-09-06T13:39:56.460-03:00,32,0,0,51,3374,0,40000,3500,0,40000,0x07
2026-09-06T13:39:56.499-03:00,33,0,0,53,3374,0,40000,3500,0,40000,0x07
2026-09-06T13:39:56.540-03:00,34,0,0,53,3374,0,40000,3500,0,40000,0x07
2026-09-06T13:39:56.619-03:00,35,0,0,50,3374,0,40000,3500,0,40000,0x07
2026-09-06T13:39:56.619-03:00,36,0,0,52,3374,0,40000,3500,0,40000,0x07
2026-09-06T13:39:56.638-03:00,37,0,0,51,3374,0,40000,3500,0,40000,0x07
2026-09-06T13:39:56.661-03:00,38,0,0,51,3374,0,40000,3500,0,40000,0x07
2026-09-06T13:39:56.679-03:00,41,0,0,51,3374,0,40000,3500,0,40000,0x07
2026-09-06T13:39:56.701-03:00,42,0,0,51,3374,0,40000,3500,0,40000,0x07
2026-09-06T13:39:56.721-03:00,43,0,0,50,3374,0,40000,3500,0,40000,0x07
2026-09-06T13:39:56.739-03:00,44,0,0,50,3374,0,40000,3500,0,40000,0x07
2026-09-06T13:39:56.757-03:00,45,0,0,50,3374,0,40000,3500,0,40000,0x07
2026-09-06T13:39:56.780-03:00,46,0,0,52,3374,0,40000,3500,0,40000,0x07
2026-09-06T13:39:56.800-03:00,47,0,0,52,3374,0,40000,3500,0,40000,0x07
2026-09-06T13:39:56.820-03:00,48,0,0,51,3374,0,40000,3500,0,40000,0x07
2026-09-06T13:39:56.838-03:00,49,0,0,51,3374,0,40000,3500,0,40000,0x07
2026-09-06T13:39:56.860-03:00,50,0,0,51,3374,0,40000,3500,0,40000,0x07
2026-09-06T13:39:56.898-03:00,51,0,0,54,3374,0,40000,3500,0,40000,0x07
2026-09-06T13:39:56.898-03:00,52,0,0,54,3374,0,40000,3500,0,40000,0x07
2026-09-06T13:39:56.921-03:00,53,0,0,54,3374,0,40000,3500,0,40000,0x07
2026-09-06T13:39:56.939-03:00,54,0,0,52,3374,0,40000,3500,0,40000,0x07
2026-09-06T13:39:56.957-03:00,55,0,0,52,3374,0,40000,3500,0,40000,0x07
2026-09-06T13:39:56.977-03:00,56,0,0,51,3374,0,40000,3500,0,40000,0x07
2026-09-06T13:39:57.000-03:00,57,0,0,51,3374,0,40000,3500,0,40000,0x07
2026-09-06T13:39:57.018-03:00,58,0,0,51,3374,0,40000,3500,0,40000,0x07
2026-09-06T13:39:57.039-03:00,59,0,0,50,3374,0,40000,3500,0,40000,0x07
2026-09-06T13:39:57.081-03:00,60,0,0,50,3374,0,40000,3500,0,40000,0x07
2026-09-06T13:39:57.081-03:00,61,0,0,50,3374,0,40000,3500,0,40000,0x07
2026-09-06T13:39:57.101-03:00,62,0,0,53,3374,0,40000,3500,0,40000,0x07
2026-09-06T13:39:57.119-03:00,63,0,0,53,3374,0,40000,3500,0,40000,0x07
2026-09-06T13:39:57.139-03:00,64,0,0,52,3374,0,40000,3500,0,40000,0x07
2026-09-06T13:39:57.157-03:00,65,0,0,52,3374,0,40000,3500,0,40000,0x07
2026-09-06T13:39:57.180-03:00,66,0,0,52,3374,0,40000,3500,0,40000,0x07
2026-09-06T13:39:57.200-03:00,67,0,0,52,3374,0,40000,3500,0,40000,0x07
2026-09-06T13:39:57.218-03:00,68,0,0,52,3374,0,40000,3500,0,40000,0x07
2026-09-06T13:39:57.240-03:00,69,0,0,53,3374,0,40000,3500,0,40000,0x07
2026-09-06T13:39:57.277-03:00,70,0,0,53,3374,0,40000,3500,0,40000,0x07
2026-09-06T13:39:57.298-03:00,71,0,0,53,3374,0,40000,3500,0,40000,0x07
2026-09-06T13:39:57.320-03:00,72,0,0,52,3374,0,40000,3500,0,40000,0x07
2026-09-06T13:39:57.338-03:00,73,0,0,52,3374,0,40000,3500,0,40000,0x07
2026-09-06T13:39:57.361-03:00,74,0,0,51,3374,0,40000,3500,0,40000,0x07
2026-09-06T13:39:57.400-03:00,76,0,0,51,3374,0,40000,3500,0,40000,0x07
2026-09-06T13:39:57.401-03:00,77,0,0,50,3374,0,40000,3500,0,40000,0x07
2026-09-06T13:39:57.418-03:00,78,0,0,50,3374,0,40000,3500,0,40000,0x07
2026-09-06T13:39:57.441-03:00,79,0,0,50,3374,0,40000,3500,0,40000,0x07
2026-09-06T13:39:57.459-03:00,80,0,0,52,3374,0,40000,3500,0,40000,0x07
2026-09-06T13:39:57.482-03:00,81,0,0,52,3374,0,40000,3500,0,40000,0x07
2026-09-06T13:39:57.521-03:00,82,0,0,54,3374,0,40000,3500,0,40000,0x07
2026-09-06T13:39:57.521-03:00,83,0,0,54,3374,0,40000,3500,0,40000,0x07
2026-09-06T13:39:57.539-03:00,84,0,0,54,3374,0,40000,3500,0,40000,0x07
2026-09-06T13:39:57.559-03:00,85,0,0,52,3374,0,40000,3500,0,40000,0x07
2026-09-06T13:39:57.600-03:00,86,0,0,52,3374,0,40000,3500,0,40000,0x07
2026-09-06T13:39:57.600-03:00,87,0,0,52,3374,0,40000,3500,0,40000,0x07
2026-09-06T13:39:57.617-03:00,88,0,0,52,3374,0,40000,3500,0,40000,0x07
2026-09-06T13:39:57.637-03:00,89,0,0,52,3374,0,40000,3500,0,40000,0x07
2026-09-06T13:39:57.660-03:00,90,0,0,51,3374,0,40000,3500,0,40000,0x07
2026-09-06T13:39:57.678-03:00,91,0,0,51,3374,0,40000,3500,0,40000,0x07
2026-09-06T13:39:57.696-03:00,92,0,0,51,3374,0,40000,3500,0,40000,0x07
2026-09-06T13:39:57.716-03:00,93,0,0,51,3374,0,40000,3500,0,40000,0x07
2026-09-06T13:39:57.741-03:00,94,0,0,51,3374,0,40000,3500,0,40000,0x07
2026-09-06T13:39:57.759-03:00,95,0,0,50,3374,0,40000,3500,0,40000,0x07
2026-09-06T13:39:57.777-03:00,96,0,0,50,3374,0,40000,3500,0,40000,0x07
2026-09-06T13:39:57.797-03:00,97,0,0,50,3374,0,40000,3500,0,40000,0x07
2026-09-06T13:39:57.819-03:00,98,0,0,51,3374,0,40000,3500,0,40000,0x07
2026-09-06T13:39:57.840-03:00,99,0,0,51,3374,0,40000,3500,0,40000,0x07
2026-09-06T13:39:57.860-03:00,100,0,0,50,3374,0,40000,3500,0,40000,0x07
2026-09-06T13:39:57.880-03:00,101,0,0,50,3374,0,40000,3500,0,40000,0x07
2026-09-06T13:39:57.898-03:00,102,0,0,50,3374,0,40000,3500,0,40000,0x07
2026-09-06T13:39:57.921-03:00,103,0,0,52,3374,0,40000,3500,0,40000,0x07
2026-09-06T13:39:57.936-03:00,104,0,0,52,3374,0,40000,3500,0,40000,0x07
2026-09-06T13:39:57.961-03:00,105,0,0,54,3374,0,40000,3500,0,40000,0x07
2026-09-06T13:39:57.978-03:00,106,0,0,54,3374,0,40000,3500,0,40000,0x07
2026-09-06T13:39:58.018-03:00,107,0,0,54,3374,0,40000,3500,0,40000,0x07
2026-09-06T13:39:58.019-03:00,108,0,0,51,3374,0,40000,3500,0,40000,0x07
2026-09-06T13:39:58.041-03:00,109,0,0,51,3374,0,40000,3500,0,40000,0x07
2026-09-06T13:39:58.058-03:00,110,0,0,51,3374,0,40000,3500,0,40000,0x07
2026-09-06T13:39:58.078-03:00,111,0,0,50,3374,0,40000,3500,0,40000,0x07
2026-09-06T13:39:58.101-03:00,112,0,0,50,3374,0,40000,3500,0,40000,0x07
2026-09-06T13:39:58.119-03:00,113,0,0,56,3374,0,40000,3500,0,40000,0x07
2026-09-06T13:39:58.138-03:00,114,0,0,56,3374,0,40000,3500,0,40000,0x07
2026-09-06T13:39:58.160-03:00,115,0,0,56,3374,0,40000,3500,0,40000,0x07
2026-09-06T13:39:58.177-03:00,116,0,0,52,3374,0,40000,3500,0,40000,0x07
2026-09-06T13:39:58.200-03:00,117,0,0,52,3374,0,40000,3500,0,40000,0x07
2026-09-06T13:39:58.219-03:00,118,0,0,52,3374,0,40000,3500,0,40000,0x07
2026-09-06T13:39:58.237-03:00,119,0,0,50,3374,0,40000,3500,0,40000,0x07
2026-09-06T13:39:58.257-03:00,120,0,0,50,3374,0,40000,3500,0,40000,0x07
2026-09-06T13:39:58.279-03:00,121,0,0,51,3374,0,40000,3500,0,40000,0x07
2026-09-06T13:39:58.296-03:00,122,0,0,51,3374,0,40000,3500,0,40000,0x07
2026-09-06T13:39:58.318-03:00,123,0,0,51,3374,0,40000,3500,0,40000,0x07
2026-09-06T13:39:58.340-03:00,124,0,0,54,3374,0,40000,3500,0,40000,0x07
2026-09-06T13:39:58.358-03:00,125,0,0,54,3374,0,40000,3500,0,40000,0x07
2026-09-06T13:39:58.379-03:00,126,0,0,54,3374,0,40000,3500,0,40000,0x07
2026-09-06T13:39:58.420-03:00,127,0,0,54,3374,0,40000,3500,0,40000,0x07
2026-09-06T13:39:58.421-03:00,128,0,0,54,3374,0,40000,3500,0,40000,0x07
2026-09-06T13:39:58.438-03:00,129,0,0,51,3374,0,40000,3500,0,40000,0x07
2026-09-06T13:39:58.499-03:00,130,0,0,51,3374,0,40000,3500,0,40000,0x07
2026-09-06T13:39:58.499-03:00,131,0,0,51,3374,0,40000,3500,0,40000,0x07
2026-09-06T13:39:58.519-03:00,132,0,0,52,3374,0,40000,3500,0,40000,0x07
2026-09-06T13:39:58.599-03:00,133,0,0,52,3374,0,40000,3500,0,40000,0x07
2026-09-06T13:39:58.599-03:00,134,0,0,51,3374,0,40000,3500,0,40000,0x07
2026-09-06T13:39:58.620-03:00,135,0,0,51,3374,0,40000,3500,0,40000,0x07
2026-09-06T13:39:58.638-03:00,136,0,0,51,3374,0,40000,3500,0,40000,0x07
2026-09-06T13:39:58.661-03:00,137,0,0,50,3374,0,40000,3500,0,40000,0x07
2026-09-06T13:39:58.720-03:00,140,0,0,50,3374,0,40000,3500,0,40000,0x07
2026-09-06T13:39:58.737-03:00,141,0,0,50,3374,0,40000,3500,0,40000,0x07
2026-09-06T13:39:58.737-03:00,142,0,0,51,3374,0,40000,3500,0,40000,0x07
2026-09-06T13:39:58.777-03:00,143,0,0,50,3374,0,40000,3500,0,40000,0x07
2026-09-06T13:39:58.820-03:00,144,0,0,50,3374,0,40000,3500,0,40000,0x07
2026-09-06T13:39:58.857-03:00,146,0,0,50,3374,0,40000,3500,0,40000,0x07
2026-09-06T13:39:58.877-03:00,147,0,0,51,3374,0,40000,3500,0,40000,0x07
2026-09-06T13:39:58.900-03:00,148,0,0,51,3374,0,40000,3500,0,40000,0x07
2026-09-06T13:39:58.918-03:00,150,0,0,50,3374,0,40000,3500,0,40000,0x07
2026-09-06T13:39:58.939-03:00,152,0,0,50,3374,0,40000,3500,0,40000,0x07
2026-09-06T13:39:58.959-03:00,154,0,0,53,3374,0,40000,3500,0,40000,0x07
2026-09-06T13:39:58.978-03:00,155,0,0,53,3374,0,40000,3500,0,40000,0x07
2026-09-06T13:39:58.999-03:00,156,0,0,53,3374,0,40000,3500,0,40000,0x07
2026-09-06T13:39:59.017-03:00,157,0,0,50,3374,0,40000,3500,0,40000,0x07
2026-09-06T13:39:59.041-03:00,158,0,0,50,3374,0,40000,3500,0,40000,0x07
2026-09-06T13:39:59.059-03:00,159,0,0,50,3374,0,40000,3500,0,40000,0x07
2026-09-06T13:39:59.079-03:00,160,0,0,53,3374,0,40000,3500,0,40000,0x07
2026-09-06T13:39:59.139-03:00,161,0,0,53,3374,0,40000,3500,0,40000,0x07
2026-09-06T13:39:59.139-03:00,162,0,0,51,3374,0,40000,3500,0,40000,0x07
2026-09-06T13:39:59.181-03:00,163,0,0,51,3374,0,40000,3500,0,40000,0x07
2026-09-06T13:39:59.201-03:00,164,0,0,51,3374,0,40000,3500,0,40000,0x07
2026-09-06T13:39:59.219-03:00,165,0,0,51,3374,0,40000,3500,0,40000,0x07
2026-09-06T13:39:59.237-03:00,167,0,0,52,3374,0,40000,3500,0,40000,0x07
2026-09-06T13:39:59.260-03:00,168,0,0,52,3374,0,40000,3500,0,40000,0x07
2026-09-06T13:39:59.280-03:00,170,0,0,50,3374,0,40000,3500,0,40000,0x07
2026-09-06T13:39:59.298-03:00,171,0,0,50,3374,0,40000,3500,0,40000,0x07
2026-09-06T13:39:59.379-03:00,172,0,0,54,3374,0,40000,3500,0,40000,0x07
2026-09-06T13:39:59.379-03:00,173,0,0,54,3374,0,40000,3500,0,40000,0x07
2026-09-06T13:39:59.420-03:00,174,0,0,54,3374,0,40000,3500,0,40000,0x07
2026-09-06T13:39:59.440-03:00,175,0,0,50,3374,0,40000,3500,0,40000,0x07
2026-09-06T13:39:59.459-03:00,176,0,0,50,3374,0,40000,3500,0,40000,0x07
2026-09-06T13:39:59.479-03:00,179,0,0,50,3374,0,40000,3500,0,40000,0x07
2026-09-06T13:39:59.497-03:00,180,0,0,53,3374,0,40000,3500,0,40000,0x07
2026-09-06T13:39:59.521-03:00,181,0,0,53,3374,0,40000,3500,0,40000,0x07
2026-09-06T13:39:59.539-03:00,183,0,0,50,3374,0,40000,3500,0,40000,0x07
2026-09-06T13:39:59.558-03:00,184,0,0,50,3374,0,40000,3500,0,40000,0x07
2026-09-06T13:39:59.700-03:00,185,0,0,57,3374,0,40000,3500,0,40000,0x07
2026-09-06T13:39:59.717-03:00,186,0,0,57,3374,0,40000,3500,0,40000,0x07
2026-09-06T13:39:59.740-03:00,187,0,0,57,3374,0,40000,3500,0,40000,0x07
2026-09-06T13:39:59.758-03:00,188,0,0,52,3374,0,40000,3500,0,40000,0x07
2026-09-06T13:39:59.841-03:00,189,0,0,52,3374,0,40000,3500,0,40000,0x07
2026-09-06T13:39:59.997-03:00,196,0,0,52,3374,0,40000,3500,0,40000,0x07
2026-09-06T13:40:00.039-03:00,197,0,0,52,3374,0,40000,3500,0,40000,0x07
2026-09-06T13:40:00.298-03:00,198,0,0,52,3374,0,40000,3500,0,40000,0x07
2026-09-06T13:40:00.520-03:00,199,0,0,51,3374,0,40000,3500,0,40000,0x07
2026-09-06T13:40:00.538-03:00,202,0,0,52,3374,0,40000,3500,0,40000,0x07
2026-09-06T13:40:00.601-03:00,210,0,0,53,3374,0,40000,3500,0,40000,0x07
2026-09-06T13:40:00.637-03:00,212,0,0,52,0,0,28094,0,0,28548,0x07
2026-09-06T13:40:00.681-03:00,225,0,0,50,3374,0,40000,3500,0,40000,0x07
2026-09-06T13:40:00.700-03:00,237,0,0,51,3374,0,40000,3500,0,40000,0x07
2026-09-06T13:40:00.780-03:00,238,0,0,51,3374,0,40000,3500,0,40000,0x07
2026-09-06T13:40:00.860-03:00,241,0,0,50,3374,0,40000,3500,0,40000,0x07
2026-09-06T13:40:00.956-03:00,243,0,0,57,3374,0,40000,3500,0,40000,0x07
2026-09-06T13:40:01.017-03:00,245,0,0,52,3374,0,40000,3500,0,40000,0x07
2026-09-06T13:40:01.039-03:00,246,0,0,50,3374,0,40000,3500,0,40000,0x07
2026-09-06T13:40:01.118-03:00,249,0,0,52,3374,0,40000,3500,0,40000,0x07
2026-09-06T13:40:01.457-03:00,253,0,0,50,3374,0,40000,3500,0,40000,0x07
2026-09-06T13:40:01.579-03:00,258,0,0,51,3374,0,40000,3500,0,40000,0x07
2026-09-06T13:40:01.619-03:00,261,0,0,51,3374,0,40000,3500,0,40000,0x07
2026-09-06T13:40:01.619-03:00,262,0,0,52,0,0,28094,0,0,28548,0x07
2026-09-06T13:40:01.639-03:00,267,0,0,50,3374,0,40000,3500,0,40000,0x07
2026-09-06T13:40:01.861-03:00,283,0,0,50,3374,0,40000,3500,0,40000,0x07
2026-09-06T13:40:01.919-03:00,289,0,0,50,3374,0,40000,3500,0,40000,0x07
2026-09-06T13:40:01.919-03:00,291,0,0,50,3374,0,40000,3500,0,40000,0x07
2026-09-06T13:40:01.958-03:00,292,0,0,52,0,0,28094,0,0,28548,0x07
2026-09-06T13:40:02.061-03:00,293,0,0,51,3374,0,40000,3500,0,40000,0x07
2026-09-06T13:40:02.256-03:00,303,0,0,54,3374,0,40000,3500,0,40000,0x07
2026-09-06T13:40:02.277-03:00,306,0,0,54,3374,0,40000,3500,0,40000,0x07
2026-09-06T13:40:02.300-03:00,307,0,0,55,3374,0,40000,3500,0,40000,0x07
2026-09-06T13:40:02.361-03:00,308,0,0,52,0,0,28094,0,0,28548,0x07
2026-09-06T13:40:02.479-03:00,313,0,0,52,0,0,28094,0,0,28548,0x07
2026-09-06T13:40:02.499-03:00,323,0,0,50,3374,0,40000,3500,0,40000,0x07
2026-09-06T13:40:02.516-03:00,324,0,0,52,3374,0,40000,3500,0,40000,0x07
2026-09-06T13:40:02.537-03:00,326,0,0,52,3374,0,40000,3500,0,40000,0x07
2026-09-06T13:40:02.596-03:00,329,0,0,52,3374,0,40000,3500,0,40000,0x07
2026-09-06T13:40:02.618-03:00,334,0,0,50,3374,0,40000,3500,0,40000,0x07
2026-09-06T13:40:02.658-03:00,335,0,0,50,3374,0,40000,3500,0,40000,0x07
2026-09-06T13:40:02.678-03:00,337,0,0,53,3374,0,40000,3500,0,40000,0x07
2026-09-06T13:40:02.678-03:00,338,0,0,53,3374,0,40000,3500,0,40000,0x07
2026-09-06T13:40:02.699-03:00,341,0,0,55,3374,0,40000,3500,0,40000,0x07
2026-09-06T13:40:02.719-03:00,342,0,0,55,3374,0,40000,3500,0,40000,0x07
2026-09-06T13:40:02.741-03:00,343,0,0,55,3374,0,40000,3500,0,40000,0x07
2026-09-06T13:40:02.799-03:00,344,0,0,51,3374,0,40000,3500,0,40000,0x07
2026-09-06T13:40:02.840-03:00,345,0,0,51,3374,0,40000,3500,0,40000,0x07
2026-09-06T13:40:02.857-03:00,346,0,0,51,3374,0,40000,3500,0,40000,0x07
2026-09-06T13:40:02.877-03:00,347,0,0,50,3374,0,40000,3500,0,40000,0x07
2026-09-06T13:40:02.877-03:00,348,0,0,51,3374,0,40000,3500,0,40000,0x07
2026-09-06T13:40:02.937-03:00,350,0,0,51,3374,0,40000,3500,0,40000,0x07
2026-09-06T13:40:02.977-03:00,352,0,0,56,3374,0,40000,3500,0,40000,0x07
2026-09-06T13:40:03.001-03:00,353,0,0,56,3374,0,40000,3500,0,40000,0x07
2026-09-06T13:40:03.001-03:00,354,0,0,52,3374,0,40000,3500,0,40000,0x07
2026-09-06T13:40:03.097-03:00,355,0,0,50,3374,0,40000,3500,0,40000,0x07
2026-09-06T13:40:03.117-03:00,358,0,0,50,3374,0,40000,3500,0,40000,0x07
2026-09-06T13:40:03.141-03:00,359,0,0,53,3374,0,40000,3500,0,40000,0x07
2026-09-06T13:40:03.141-03:00,360,0,0,53,3374,0,40000,3500,0,40000,0x07
2026-09-06T13:40:03.161-03:00,361,0,0,53,3374,0,40000,3500,0,40000,0x07
2026-09-06T13:40:03.180-03:00,365,0,0,54,3374,0,40000,3500,0,40000,0x07
2026-09-06T13:40:03.198-03:00,366,0,0,54,3374,0,40000,3500,0,40000,0x07
2026-09-06T13:40:03.216-03:00,367,0,0,54,3374,0,40000,3500,0,40000,0x07
2026-09-06T13:40:03.240-03:00,368,0,0,50,3374,0,40000,3500,0,40000,0x07
2026-09-06T13:40:03.257-03:00,369,0,0,50,3374,0,40000,3500,0,40000,0x07
2026-09-06T13:40:03.281-03:00,370,0,0,50,3374,0,40000,3500,0,40000,0x07
2026-09-06T13:40:03.299-03:00,371,0,0,53,3374,0,40000,3500,0,40000,0x07
2026-09-06T13:40:03.321-03:00,372,0,0,53,3374,0,40000,3500,0,40000,0x07
2026-09-06T13:40:03.339-03:00,373,0,0,50,3374,0,40000,3500,0,40000,0x07
2026-09-06T13:40:03.357-03:00,374,0,0,50,3374,0,40000,3500,0,40000,0x07
2026-09-06T13:40:03.380-03:00,375,0,0,50,3374,0,40000,3500,0,40000,0x07
2026-09-06T13:40:03.398-03:00,376,0,0,50,3374,0,40000,3500,0,40000,0x07
2026-09-06T13:40:03.420-03:00,377,0,0,50,3374,0,40000,3500,0,40000,0x07
2026-09-06T13:40:03.438-03:00,378,0,0,51,3374,0,40000,3500,0,40000,0x07
2026-09-06T13:40:03.461-03:00,379,0,0,51,3374,0,40000,3500,0,40000,0x07
2026-09-06T13:40:03.481-03:00,380,0,0,51,3374,0,40000,3500,0,40000,0x07
2026-09-06T13:40:03.499-03:00,381,0,0,53,3374,0,40000,3500,0,40000,0x07
2026-09-06T13:40:03.517-03:00,382,0,0,53,3374,0,40000,3500,0,40000,0x07
2026-09-06T13:40:03.537-03:00,383,0,0,56,3374,0,40000,3500,0,40000,0x07
2026-09-06T13:40:03.559-03:00,384,0,0,56,3374,0,40000,3500,0,40000,0x07
2026-09-06T13:40:03.578-03:00,385,0,0,56,3374,0,40000,3500,0,40000,0x07
2026-09-06T13:40:03.601-03:00,386,0,0,50,3374,0,40000,3500,0,40000,0x07
2026-09-06T13:40:03.619-03:00,387,0,0,50,3374,0,40000,3500,0,40000,0x07
2026-09-06T13:40:03.660-03:00,388,0,0,50,3374,0,40000,3500,0,40000,0x07
2026-09-06T13:40:03.680-03:00,389,0,0,51,3374,0,40000,3500,0,40000,0x07
2026-09-06T13:40:03.699-03:00,390,0,0,51,3374,0,40000,3500,0,40000,0x07
2026-09-06T13:40:03.821-03:00,391,0,0,58,3374,0,40000,3500,0,40000,0x07
2026-09-06T13:40:04.061-03:00,392,0,0,58,3374,0,40000,3500,0,40000,0x07
2026-09-06T13:40:04.097-03:00,394,0,0,50,3374,0,40000,3500,0,40000,0x07
2026-09-06T13:40:04.201-03:00,395,0,0,50,0,0,28094,0,0,28548,0x07
2026-09-06T13:40:04.258-03:00,396,0,0,50,3374,0,40000,3500,0,40000,0x07
2026-09-06T13:40:04.359-03:00,401,0,0,50,3374,0,40000,3500,0,40000,0x07
2026-09-06T13:40:04.441-03:00,414,0,0,50,3374,0,40000,3500,0,40000,0x07
2026-09-06T13:40:04.460-03:00,415,0,0,52,3374,0,40000,3500,0,40000,0x07
2026-09-06T13:40:04.479-03:00,420,0,0,50,3374,0,40000,3500,0,40000,0x07
2026-09-06T13:40:04.597-03:00,433,0,0,52,3374,0,40000,3500,0,40000,0x07
2026-09-06T13:40:04.641-03:00,434,0,0,52,3374,0,40000,3500,0,40000,0x07
2026-09-06T13:40:04.683-03:00,434,0,0,52,3374,0,40000,3500,0,40000,0x07
2026-09-06T13:40:04.727-03:00,437,0,0,52,0,0,0,0,0,0,0x03
