timestamp,sequence,team,robot_id,interval_ms,left_target_eps,left_measured_eps,left_duty,right_target_eps,right_measured_eps,right_duty,flags
2026-09-06T13:09:43.305-03:00,153,0,2,50,0,0,0,0,0,0,0x03
2026-09-06T13:09:43.325-03:00,154,0,2,50,0,0,0,0,0,0,0x03
2026-09-06T13:09:43.343-03:00,155,0,2,50,0,0,0,0,0,0,0x03
2026-09-06T13:09:43.361-03:00,155,0,2,52,0,0,0,0,0,0,0x03
2026-09-06T13:09:43.384-03:00,155,0,2,52,0,0,0,0,0,0,0x03
2026-09-06T13:09:43.402-03:00,155,0,2,51,0,0,0,0,0,0,0x03
2026-09-06T13:09:43.425-03:00,155,0,2,51,0,0,0,0,0,0,0x03
2026-09-06T13:09:43.442-03:00,155,0,2,51,0,0,0,0,0,0,0x03
2026-09-06T13:09:43.462-03:00,155,0,2,51,0,0,0,0,0,0,0x03
2026-09-06T13:09:43.484-03:00,155,0,2,51,0,0,0,0,0,0,0x03
2026-09-06T13:09:43.504-03:00,8,0,2,56,3374,0,40000,3500,0,40000,0x07
2026-09-06T13:09:43.524-03:00,9,0,2,56,3374,0,40000,3500,0,40000,0x07
2026-09-06T13:09:43.542-03:00,10,0,2,56,3374,0,40000,3500,0,40000,0x07
2026-09-06T13:09:43.564-03:00,11,0,2,50,3374,1880,35817,3500,1820,37002,0x07
2026-09-06T13:09:43.584-03:00,12,0,2,50,3374,1880,35817,3500,1820,37002,0x07
2026-09-06T13:09:43.602-03:00,13,0,2,50,3374,3700,27793,3500,3480,29960,0x07
2026-09-06T13:09:43.622-03:00,14,0,2,50,3374,3700,27793,3500,3480,29960,0x07
2026-09-06T13:09:43.645-03:00,15,0,2,50,3374,3700,27793,3500,3480,29960,0x07
2026-09-06T13:09:43.665-03:00,16,0,2,51,3374,3608,27974,3500,3490,29922,0x07
2026-09-06T13:09:43.683-03:00,17,0,2,51,3374,3608,27974,3500,3490,29922,0x07
2026-09-06T13:09:43.704-03:00,18,0,2,55,3374,3327,29212,3500,3200,31359,0x07
2026-09-06T13:09:43.724-03:00,19,0,2,55,3374,3327,29212,3500,3200,31359,0x07
2026-09-06T13:09:43.744-03:00,20,0,2,55,3374,3327,29212,3500,3200,31359,0x07
2026-09-06T13:09:43.765-03:00,21,0,2,56,3374,3232,29757,3500,3196,31583,0x07
2026-09-06T13:09:43.782-03:00,22,0,2,56,3374,3232,29757,3500,3196,31583,0x07
2026-09-06T13:09:43.800-03:00,23,0,2,56,3374,3232,29757,3500,3196,31583,0x07
2026-09-06T13:09:43.823-03:00,24,0,2,51,3374,3314,29464,3500,3294,31297,0x07
2026-09-06T13:09:43.841-03:00,25,0,2,51,3374,3314,29464,3500,3294,31297,0x07
2026-09-06T13:09:43.861-03:00,26,0,2,51,3374,3314,29464,3500,3294,31297,0x07
2026-09-06T13:09:43.881-03:00,27,0,2,53,3374,3321,29484,3500,3245,31670,0x07
2026-09-06T13:09:43.904-03:00,28,0,2,53,3374,3321,29484,3500,3245,31670,0x07
2026-09-06T13:09:43.922-03:00,29,0,2,53,3374,3340,29436,3500,3264,31744,0x07
2026-09-06T13:09:43.942-03:00,30,0,2,53,3374,3340,29436,3500,3264,31744,0x07
2026-09-06T13:09:43.965-03:00,31,0,2,53,3374,3340,29436,3500,3264,31744,0x07
2026-09-06T13:09:43.985-03:00,32,0,2,51,3374,3314,29601,3500,3314,31650,0x07
2026-09-06T13:09:44.005-03:00,33,0,2,51,3374,3314,29601,3500,3314,31650,0x07
2026-09-06T13:09:44.025-03:00,34,0,2,58,3374,3328,29590,3500,3276,31971,0x07
2026-09-06T13:09:44.045-03:00,35,0,2,58,3374,3328,29590,3500,3276,31971,0x07
2026-09-06T13:09:44.063-03:00,36,0,2,58,3374,3328,29590,3500,3276,31971,0x07
2026-09-06T13:09:44.081-03:00,37,0,2,55,3374,3327,29636,3500,3255,32228,0x07
2026-09-06T13:09:44.104-03:00,38,0,2,55,3374,3327,29636,3500,3255,32228,0x07
2026-09-06T13:09:44.123-03:00,39,0,2,55,3374,3327,29636,3500,3255,32228,0x07
2026-09-06T13:09:44.161-03:00,40,0,2,56,3374,3339,29620,3500,3339,31978,0x07
2026-09-06T13:09:44.185-03:00,41,0,2,56,3374,3339,29620,3500,3339,31978,0x07
2026-09-06T13:09:44.203-03:00,42,0,2,56,3374,3339,29620,3500,3339,31978,0x07
2026-09-06T13:09:44.221-03:00,43,0,2,55,3374,3309,29811,3500,3291,32325,0x07
2026-09-06T13:09:44.243-03:00,44,0,2,55,3374,3309,29811,3500,3291,32325,0x07
2026-09-06T13:09:44.264-03:00,45,0,2,54,3374,3315,29844,3500,3315,32347,0x07
2026-09-06T13:09:44.282-03:00,46,0,2,54,3374,3315,29844,3500,3315,32347,0x07
2026-09-06T13:09:44.302-03:00,47,0,2,51,3374,3451,29195,3500,3471,31703,0x07
2026-09-06T13:09:44.321-03:00,48,0,2,51,3374,3451,29195,3500,3471,31703,0x07
2026-09-06T13:09:44.344-03:00,49,0,2,51,3374,3451,29195,3500,3471,31703,0x07
2026-09-06T13:09:44.362-03:00,50,0,2,51,3374,3314,29833,3500,3314,32487,0x07
2026-09-06T13:09:44.381-03:00,51,0,2,51,3374,3314,29833,3500,3314,32487,0x07
2026-09-06T13:09:44.403-03:00,52,0,2,51,3374,3294,29989,3500,3314,32603,0x07
2026-09-06T13:09:44.421-03:00,53,0,2,51,3374,3294,29989,3500,3314,32603,0x07
2026-09-06T13:09:44.444-03:00,54,0,2,51,3374,3294,29989,3500,3314,32603,0x07
2026-09-06T13:09:44.464-03:00,55,0,2,58,3374,3379,29621,3500,3362,32496,0x07
2026-09-06T13:09:44.481-03:00,56,0,2,58,3374,3379,29621,3500,3362,32496,0x07
2026-09-06T13:09:44.505-03:00,57,0,2,58,3374,3379,29621,3500,3362,32496,0x07
2026-09-06T13:09:44.523-03:00,58,0,2,50,3374,3380,29613,3500,3420,32299,0x07
2026-09-06T13:09:44.543-03:00,59,0,2,50,3374,3380,29613,3500,3420,32299,0x07
2026-09-06T13:09:44.563-03:00,60,0,2,52,3374,3346,29782,3500,3385,32524,0x07
2026-09-06T13:09:44.582-03:00,61,0,2,52,3374,3346,29782,3500,3385,32524,0x07
2026-09-06T13:09:44.605-03:00,62,0,2,52,3374,3346,29782,3500,3385,32524,0x07
2026-09-06T13:09:44.625-03:00,63,0,2,58,3374,3379,29636,3500,3397,32547,0x07
2026-09-06T13:09:44.642-03:00,64,0,2,58,3374,3379,29636,3500,3397,32547,0x07
2026-09-06T13:09:44.665-03:00,65,0,2,58,3374,3379,29636,3500,3397,32547,0x07
2026-09-06T13:09:44.683-03:00,66,0,2,51,3374,3373,29666,3500,3412,32537,0x07
2026-09-06T13:09:44.703-03:00,67,0,2,51,3374,3373,29666,3500,3412,32537,0x07
2026-09-06T13:09:44.721-03:00,68,0,2,52,3374,3346,29804,3500,3365,32821,0x07
2026-09-06T13:09:44.744-03:00,69,0,2,52,3374,3346,29804,3500,3365,32821,0x07
2026-09-06T13:09:44.762-03:00,70,0,2,52,3374,3346,29804,3500,3365,32821,0x07
2026-09-06T13:09:44.780-03:00,71,0,2,55,3374,3364,29740,3500,3400,32741,0x07
2026-09-06T13:09:44.803-03:00,72,0,2,55,3374,3364,29740,3500,3400,32741,0x07
2026-09-06T13:09:44.823-03:00,73,0,2,55,3374,3364,29740,3500,3400,32741,0x07
2026-09-06T13:09:44.841-03:00,74,0,2,50,3374,3360,29767,3500,3480,32413,0x07
2026-09-06T13:09:44.861-03:00,75,0,2,50,3374,3360,29767,3500,3480,32413,0x07
2026-09-06T13:09:44.881-03:00,76,0,2,53,3374,3396,29593,3500,3434,32652,0x07
2026-09-06T13:09:44.903-03:00,77,0,2,53,3374,3396,29593,3500,3434,32652,0x07
2026-09-06T13:09:44.940-03:00,78,0,2,53,3374,3396,29593,3500,3434,32652,0x07
2026-09-06T13:09:44.940-03:00,79,0,2,56,3374,3357,29775,3500,3429,32724,0x07
2026-09-06T13:09:44.960-03:00,80,0,2,56,3374,3357,29775,3500,3429,32724,0x07
2026-09-06T13:09:44.983-03:00,81,0,2,56,3374,3357,29775,3500,3429,32724,0x07
2026-09-06T13:09:45.001-03:00,82,0,2,50,3374,3380,29673,3500,3480,32518,0x07
2026-09-06T13:09:45.023-03:00,83,0,2,50,3374,3380,29673,3500,3480,32518,0x07
2026-09-06T13:09:45.043-03:00,84,0,2,52,3374,3385,29644,3500,3442,32715,0x07
2026-09-06T13:09:45.061-03:00,85,0,2,52,3374,3385,29644,3500,3442,32715,0x07
2026-09-06T13:09:45.083-03:00,86,0,2,52,3374,3385,29644,3500,3442,32715,0x07
2026-09-06T13:09:45.103-03:00,87,0,2,52,3374,3327,29932,3500,3404,32940,0x07
2026-09-06T13:09:45.121-03:00,88,0,2,52,3374,3327,29932,3500,3404,32940,0x07
2026-09-06T13:09:45.143-03:00,89,0,2,52,3374,3327,29932,3500,3404,32940,0x07
2026-09-06T13:09:45.162-03:00,90,0,2,54,3374,3370,29751,3500,3426,32895,0x07
2026-09-06T13:09:45.185-03:00,91,0,2,54,3374,3370,29751,3500,3426,32895,0x07
2026-09-06T13:09:45.202-03:00,92,0,2,54,3374,3389,29658,3500,3500,32580,0x07
2026-09-06T13:09:45.220-03:00,93,0,2,54,3374,3389,29658,3500,3500,32580,0x07
2026-09-06T13:09:45.243-03:00,94,0,2,54,3374,3389,29658,3500,3500,32580,0x07
2026-09-06T13:09:45.262-03:00,95,0,2,51,3374,3314,30046,3500,3451,32867,0x07
2026-09-06T13:09:45.284-03:00,96,0,2,51,3374,3314,30046,3500,3451,32867,0x07
2026-09-06T13:09:45.304-03:00,97,0,2,51,3374,3373,29797,3500,3431,32993,0x07
2026-09-06T13:09:45.323-03:00,98,0,2,51,3374,3373,29797,3500,3431,32993,0x07
2026-09-06T13:09:45.361-03:00,99,0,2,51,3374,3373,29797,3500,3431,32993,0x07
2026-09-06T13:09:45.420-03:00,100,0,2,50,3374,3400,29657,3500,3520,32604,0x07
2026-09-06T13:09:45.445-03:00,101,0,2,50,3374,3400,29657,3500,3520,32604,0x07
2026-09-06T13:09:45.445-03:00,102,0,2,52,3374,3346,29912,3500,3442,32971,0x07
2026-09-06T13:09:45.464-03:00,103,0,2,50,3374,3340,29968,3500,3440,33018,0x07
2026-09-06T13:09:45.482-03:00,104,0,2,50,3374,3340,29968,3500,3440,33018,0x07
2026-09-06T13:09:45.502-03:00,107,0,2,50,3374,3360,29896,3500,3460,32957,0x07
2026-09-06T13:09:45.525-03:00,108,0,2,50,3374,3360,29896,3500,3460,32957,0x07
2026-09-06T13:09:45.543-03:00,109,0,2,50,3374,3360,29896,3500,3460,32957,0x07
2026-09-06T13:09:45.561-03:00,110,0,2,55,3374,3418,29605,3500,3491,32832,0x07
2026-09-06T13:09:45.584-03:00,111,0,2,55,3374,3418,29605,3500,3491,32832,0x07
2026-09-06T13:09:45.602-03:00,112,0,2,55,3374,3418,29605,3500,3491,32832,0x07
2026-09-06T13:09:45.625-03:00,113,0,2,50,3374,3340,29968,3500,3440,33085,0x07
2026-09-06T13:09:45.643-03:00,114,0,2,50,3374,3340,29968,3500,3440,33085,0x07
2026-09-06T13:09:45.661-03:00,115,0,2,50,3374,3340,29998,3500,3440,33122,0x07
2026-09-06T13:09:45.684-03:00,116,0,2,50,3374,3340,29998,3500,3440,33122,0x07
2026-09-06T13:09:45.704-03:00,117,0,2,50,3374,3340,29998,3500,3440,33122,0x07
2026-09-06T13:09:45.722-03:00,118,0,2,50,3374,3420,29617,3500,3500,32867,0x07
2026-09-06T13:09:45.740-03:00,119,0,2,50,3374,3420,29617,3500,3500,32867,0x07
2026-09-06T13:09:45.760-03:00,120,0,2,52,3374,3365,29857,3500,3462,33055,0x07
2026-09-06T13:09:45.783-03:00,121,0,2,52,3374,3365,29857,3500,3462,33055,0x07
2026-09-06T13:09:45.804-03:00,122,0,2,52,3374,3365,29857,3500,3462,33055,0x07
2026-09-06T13:09:45.824-03:00,123,0,2,55,3374,3400,29685,3500,3509,32847,0x07
2026-09-06T13:09:45.842-03:00,124,0,2,55,3374,3400,29685,3500,3509,32847,0x07
2026-09-06T13:09:45.865-03:00,125,0,2,55,3374,3400,29685,3500,3509,32847,0x07
2026-09-06T13:09:45.883-03:00,126,0,2,51,3374,3333,30005,3500,3412,33316,0x07
2026-09-06T13:09:45.901-03:00,127,0,2,51,3374,3333,30005,3500,3412,33316,0x07
2026-09-06T13:09:45.921-03:00,128,0,2,53,3374,3434,29521,3500,3528,32802,0x07
2026-09-06T13:09:45.941-03:00,129,0,2,53,3374,3434,29521,3500,3528,32802,0x07
2026-09-06T13:09:45.961-03:00,130,0,2,53,3374,3434,29521,3500,3528,32802,0x07
2026-09-06T13:09:45.981-03:00,131,0,2,56,3374,3375,29770,3500,3518,32835,0x07
2026-09-06T13:09:46.001-03:00,132,0,2,56,3374,3375,29770,3500,3518,32835,0x07
2026-09-06T13:09:46.025-03:00,133,0,2,56,3374,3375,29770,3500,3518,32835,0x07
2026-09-06T13:09:46.043-03:00,134,0,2,51,3374,3353,29883,3500,3451,33149,0x07
2026-09-06T13:09:46.061-03:00,135,0,2,51,3374,3353,29883,3500,3451,33149,0x07
2026-09-06T13:09:46.081-03:00,136,0,2,53,3374,3396,29678,3500,3472,33080,0x07
2026-09-06T13:09:46.105-03:00,137,0,2,53,3374,3396,29678,3500,3472,33080,0x07
2026-09-06T13:09:46.123-03:00,138,0,2,53,3374,3396,29678,3500,3472,33080,0x07
2026-09-06T13:09:46.140-03:00,139,0,2,57,3374,3351,29894,3500,3509,32916,0x07
2026-09-06T13:09:46.161-03:00,140,0,2,57,3374,3351,29894,3500,3509,32916,0x07
2026-09-06T13:09:46.181-03:00,141,0,2,57,3374,3351,29894,3500,3509,32916,0x07
2026-09-06T13:09:46.202-03:00,142,0,2,58,3374,3362,29859,3500,3500,32953,0x07
2026-09-06T13:09:46.224-03:00,143,0,2,58,3374,3362,29859,3500,3500,32953,0x07
2026-09-06T13:09:46.242-03:00,144,0,2,58,3374,3362,29859,3500,3500,32953,0x07
2026-09-06T13:09:46.265-03:00,145,0,2,51,3374,3392,29715,3500,3451,33193,0x07
2026-09-06T13:09:46.283-03:00,146,0,2,51,3374,3392,29715,3500,3451,33193,0x07
2026-09-06T13:09:46.303-03:00,147,0,2,52,3374,3327,30035,3500,3500,32984,0x07
2026-09-06T13:09:46.321-03:00,148,0,2,52,3374,3327,30035,3500,3500,32984,0x07
2026-09-06T13:09:46.342-03:00,149,0,2,52,3374,3327,30035,3500,3500,32984,0x07
2026-09-06T13:09:46.365-03:00,150,0,2,51,3374,3353,29944,3500,3471,33128,0x07
2026-09-06T13:09:46.383-03:00,151,0,2,51,3374,3353,29944,3500,3471,33128,0x07
2026-09-06T13:09:46.405-03:00,152,0,2,51,3374,3353,29944,3500,3471,33128,0x07
2026-09-06T13:09:46.422-03:00,153,0,2,56,3374,3375,29849,3500,3464,33179,0x07
2026-09-06T13:09:46.443-03:00,154,0,2,56,3374,3375,29849,3500,3464,33179,0x07
2026-09-06T13:09:46.463-03:00,155,0,2,54,3374,3389,29776,3500,3500,33027,0x07
2026-09-06T13:09:46.483-03:00,156,0,2,54,3374,3389,29776,3500,3500,33027,0x07
2026-09-06T13:09:46.501-03:00,157,0,2,54,3374,3389,29776,3500,3500,33027,0x07
2026-09-06T13:09:46.521-03:00,158,0,2,50,3374,3380,29808,3500,3480,33125,0x07
2026-09-06T13:09:46.540-03:00,159,0,2,50,3374,3380,29808,3500,3480,33125,0x07
2026-09-06T13:09:46.564-03:00,160,0,2,50,3374,3320,30111,3500,3420,33429,0x07
2026-09-06T13:09:46.582-03:00,161,0,2,50,3374,3320,30111,3500,3420,33429,0x07
2026-09-06T13:09:46.605-03:00,162,0,2,50,3374,3320,30111,3500,3420,33429,0x07
2026-09-06T13:09:46.625-03:00,163,0,2,51,3374,3412,29687,3500,3510,33041,0x07
2026-09-06T13:09:46.643-03:00,164,0,2,51,3374,3412,29687,3500,3510,33041,0x07
2026-09-06T13:09:46.660-03:00,165,0,2,51,3374,3412,29687,3500,3510,33041,0x07
2026-09-06T13:09:46.683-03:00,166,0,2,56,3374,3357,29936,3500,3446,33347,0x07
2026-09-06T13:09:46.701-03:00,167,0,2,56,3374,3357,29936,3500,3446,33347,0x07
2026-09-06T13:09:46.723-03:00,168,0,2,56,3374,3357,29936,3500,3446,33347,0x07
2026-09-06T13:09:46.744-03:00,169,0,2,55,3374,3382,29823,3500,3455,33343,0x07
2026-09-06T13:09:46.762-03:00,170,0,2,55,3374,3382,29823,3500,3455,33343,0x07
2026-09-06T13:09:46.784-03:00,171,0,2,57,3374,3404,29701,3500,3509,33107,0x07
2026-09-06T13:09:46.804-03:00,172,0,2,57,3374,3404,29701,3500,3509,33107,0x07
2026-09-06T13:09:46.822-03:00,173,0,2,57,3374,3404,29701,3500,3509,33107,0x07
2026-09-06T13:09:46.840-03:00,174,0,2,51,3374,3392,29733,3500,3510,33096,0x07
2026-09-06T13:09:46.860-03:00,175,0,2,51,3374,3392,29733,3500,3510,33096,0x07
2026-09-06T13:09:46.884-03:00,176,0,2,51,3374,3392,29733,3500,3510,33096,0x07
2026-09-06T13:09:46.901-03:00,177,0,2,56,3374,3339,29992,3500,3446,33403,0x07
2026-09-06T13:09:46.924-03:00,178,0,2,56,3374,3339,29992,3500,3446,33403,0x07
2026-09-06T13:09:46.942-03:00,179,0,2,60,3374,3400,29707,3500,3517,33092,0x07
2026-09-06T13:09:46.963-03:00,180,0,2,60,3374,3400,29707,3500,3517,33092,0x07
2026-09-06T13:09:46.981-03:00,181,0,2,60,3374,3400,29707,3500,3517,33092,0x07
2026-09-06T13:09:47.004-03:00,182,0,2,53,3374,3415,29604,3500,3566,32839,0x07
2026-09-06T13:09:47.025-03:00,183,0,2,53,3374,3415,29604,3500,3566,32839,0x07
2026-09-06T13:09:47.045-03:00,184,0,2,53,3374,3415,29604,3500,3566,32839,0x07
2026-09-06T13:09:47.063-03:00,185,0,2,51,3374,3353,29887,3500,3471,33263,0x07
2026-09-06T13:09:47.083-03:00,186,0,2,51,3374,3353,29887,3500,3471,33263,0x07
2026-09-06T13:09:47.101-03:00,187,0,2,50,3374,3400,29664,3500,3460,33333,0x07
2026-09-06T13:09:47.124-03:00,188,0,2,50,3374,3400,29664,3500,3460,33333,0x07
2026-09-06T13:09:47.142-03:00,189,0,2,50,3374,3400,29664,3500,3460,33333,0x07
2026-09-06T13:09:47.163-03:00,190,0,2,55,3374,3364,29829,3500,3582,32759,0x07
2026-09-06T13:09:47.185-03:00,191,0,2,55,3374,3364,29829,3500,3582,32759,0x07
2026-09-06T13:09:47.205-03:00,192,0,2,55,3374,3364,29829,3500,3582,32759,0x07
2026-09-06T13:09:47.223-03:00,193,0,2,51,3374,3373,29792,3500,3451,33346,0x07
2026-09-06T13:09:47.241-03:00,194,0,2,51,3374,3373,29792,3500,3451,33346,0x07
2026-09-06T13:09:47.265-03:00,195,0,2,54,3374,3370,29805,3500,3481,33229,0x07
2026-09-06T13:09:47.283-03:00,196,0,2,54,3374,3370,29805,3500,3481,33229,0x07
2026-09-06T13:09:47.301-03:00,197,0,2,54,3374,3370,29805,3500,3481,33229,0x07
2026-09-06T13:09:47.323-03:00,198,0,2,50,3374,3320,30067,3500,3520,33053,0x07
2026-09-06T13:09:47.343-03:00,199,0,2,50,3374,3320,30067,3500,3520,33053,0x07
2026-09-06T13:09:47.363-03:00,200,0,2,50,3374,3320,30067,3500,3520,33053,0x07
2026-09-06T13:09:47.381-03:00,201,0,2,56,3374,3375,29832,3500,3482,33226,0x07
2026-09-06T13:09:47.404-03:00,202,0,2,56,3374,3375,29832,3500,3482,33226,0x07
2026-09-06T13:09:47.422-03:00,203,0,2,51,3374,3392,29743,3500,3529,33007,0x07
2026-09-06T13:09:47.444-03:00,204,0,2,51,3374,3392,29743,3500,3529,33007,0x07
2026-09-06T13:09:47.462-03:00,205,0,2,51,3374,3392,29743,3500,3529,33007,0x07
2026-09-06T13:09:47.485-03:00,206,0,2,58,3374,3362,29883,3500,3534,32961,0x07
2026-09-06T13:09:47.502-03:00,207,0,2,58,3374,3362,29883,3500,3534,32961,0x07
2026-09-06T13:09:47.524-03:00,208,0,2,58,3374,3362,29883,3500,3534,32961,0x07
2026-09-06T13:09:47.545-03:00,209,0,2,51,3374,3392,29739,3500,3490,33155,0x07
2026-09-06T13:09:47.562-03:00,210,0,2,51,3374,3392,29739,3500,3490,33155,0x07
2026-09-06T13:09:47.580-03:00,211,0,2,52,3374,3365,29860,3500,3423,33489,0x07
2026-09-06T13:09:47.605-03:00,212,0,2,52,3374,3365,29860,3500,3423,33489,0x07
2026-09-06T13:09:47.625-03:00,213,0,2,52,3374,3365,29860,3500,3423,33489,0x07
2026-09-06T13:09:47.640-03:00,214,0,2,56,3374,3339,30006,3500,3554,32898,0x07
2026-09-06T13:09:47.663-03:00,215,0,2,56,3374,3339,30006,3500,3554,32898,0x07
2026-09-06T13:09:47.681-03:00,216,0,2,56,3374,3339,30006,3500,3554,32898,0x07
2026-09-06T13:09:47.701-03:00,217,0,2,51,3374,3373,29866,3500,3490,33173,0x07
2026-09-06T13:09:47.721-03:00,218,0,2,51,3374,3373,29866,3500,3490,33173,0x07
2026-09-06T13:09:47.743-03:00,219,0,2,50,3374,3400,29726,3500,3480,33229,0x07
2026-09-06T13:09:47.762-03:00,220,0,2,50,3374,3400,29726,3500,3480,33229,0x07
2026-09-06T13:09:47.784-03:00,221,0,2,50,3374,3400,29726,3500,3480,33229,0x07
2026-09-06T13:09:47.801-03:00,222,0,2,51,3374,3373,29844,3500,3529,33001,0x07
2026-09-06T13:09:47.824-03:00,223,0,2,51,3374,3373,29844,3500,3529,33001,0x07
2026-09-06T13:09:47.842-03:00,224,0,2,51,3374,3353,29946,3500,3529,32982,0x07
2026-09-06T13:09:47.862-03:00,225,0,2,51,3374,3353,29946,3500,3529,32982,0x07
2026-09-06T13:09:47.882-03:00,226,0,2,51,3374,3353,29946,3500,3529,32982,0x07
2026-09-06T13:09:47.904-03:00,227,0,2,50,3374,3400,29723,3500,3480,33204,0x07
2026-09-06T13:09:47.922-03:00,228,0,2,50,3374,3400,29723,3500,3480,33204,0x07
2026-09-06T13:09:47.942-03:00,229,0,2,50,3374,3400,29723,3500,3480,33204,0x07
2026-09-06T13:09:47.965-03:00,230,0,2,56,3374,3393,29735,3500,3518,33031,0x07
2026-09-06T13:09:47.985-03:00,231,0,2,56,3374,3393,29735,3500,3518,33031,0x07
2026-09-06T13:09:48.003-03:00,232,0,2,52,3374,3385,29760,3500,3558,32825,0x07
2026-09-06T13:09:48.023-03:00,233,0,2,52,3374,3385,29760,3500,3558,32825,0x07
2026-09-06T13:09:48.041-03:00,234,0,2,52,3374,3385,29760,3500,3558,32825,0x07
2026-09-06T13:09:48.064-03:00,235,0,2,51,3374,3373,29813,3500,3471,33214,0x07
2026-09-06T13:09:48.082-03:00,236,0,2,51,3374,3373,29813,3500,3471,33214,0x07
2026-09-06T13:09:48.102-03:00,237,0,2,51,3374,3373,29813,3500,3471,33214,0x07
2026-09-06T13:09:48.125-03:00,238,0,2,55,3374,3382,29766,3500,3473,33223,0x07
2026-09-06T13:09:48.143-03:00,239,0,2,55,3374,3382,29766,3500,3473,33223,0x07
2026-09-06T13:09:48.163-03:00,240,0,2,53,3374,3377,29782,3500,3509,33061,0x07
2026-09-06T13:09:48.181-03:00,241,0,2,53,3374,3377,29782,3500,3509,33061,0x07
2026-09-06T13:09:48.203-03:00,242,0,2,53,3374,3377,29782,3500,3509,33061,0x07
2026-09-06T13:09:48.225-03:00,243,0,2,51,3374,3412,29601,3500,3510,33053,0x07
2026-09-06T13:09:48.243-03:00,244,0,2,51,3374,3412,29601,3500,3510,33053,0x07
2026-09-06T13:09:48.263-03:00,245,0,2,52,3374,3346,29906,3500,3481,33189,0x07
2026-09-06T13:09:48.281-03:00,246,0,2,52,3374,3346,29906,3500,3481,33189,0x07
2026-09-06T13:09:48.304-03:00,247,0,2,52,3374,3346,29906,3500,3481,33189,0x07
2026-09-06T13:09:48.322-03:00,248,0,2,58,3374,3345,29941,3500,3517,33022,0x07
2026-09-06T13:09:48.340-03:00,249,0,2,58,3374,3345,29941,3500,3517,33022,0x07
2026-09-06T13:09:48.364-03:00,250,0,2,58,3374,3345,29941,3500,3517,33022,0x07
2026-09-06T13:09:48.382-03:00,251,0,2,51,3374,3392,29724,3500,3529,32951,0x07
2026-09-06T13:09:48.405-03:00,252,0,2,51,3374,3392,29724,3500,3529,32951,0x07
2026-09-06T13:09:48.422-03:00,253,0,2,61,3374,3328,30047,3500,3475,33199,0x07
2026-09-06T13:09:48.445-03:00,254,0,2,61,3374,3328,30047,3500,3475,33199,0x07
2026-09-06T13:09:48.464-03:00,255,0,2,61,3374,3328,30047,3500,3475,33199,0x07
2026-09-06T13:09:48.482-03:00,256,0,2,53,3374,3377,29833,3500,3491,33141,0x07
2026-09-06T13:09:48.504-03:00,257,0,2,53,3374,3377,29833,3500,3491,33141,0x07
2026-09-06T13:09:48.523-03:00,258,0,2,53,3374,3377,29833,3500,3491,33141,0x07
2026-09-06T13:09:48.541-03:00,259,0,2,53,3374,3415,29634,3500,3528,32962,0x07
2026-09-06T13:09:48.564-03:00,260,0,2,53,3374,3415,29634,3500,3528,32962,0x07
2026-09-06T13:09:48.600-03:00,261,0,2,53,3374,3415,29634,3500,3528,32962,0x07
2026-09-06T13:09:48.600-03:00,262,0,2,51,3374,3373,29816,3500,3529,32939,0x07
2026-09-06T13:09:48.623-03:00,263,0,2,51,3374,3373,29816,3500,3529,32939,0x07
2026-09-06T13:09:48.642-03:00,264,0,2,51,3374,3373,29816,3500,3529,32939,0x07
2026-09-06T13:09:48.665-03:00,265,0,2,56,3374,3339,29992,3500,3500,33064,0x07
2026-09-06T13:09:48.683-03:00,266,0,2,56,3374,3339,29992,3500,3500,33064,0x07
2026-09-06T13:09:48.703-03:00,267,0,2,53,3374,3396,29729,3500,3509,33018,0x07
2026-09-06T13:09:48.721-03:00,268,0,2,53,3374,3396,29729,3500,3509,33018,0x07
2026-09-06T13:09:48.744-03:00,269,0,2,53,3374,3396,29729,3500,3509,33018,0x07
2026-09-06T13:09:48.765-03:00,270,0,2,51,3374,3373,29831,3500,3490,33106,0x07
2026-09-06T13:09:48.785-03:00,271,0,2,51,3374,3373,29831,3500,3490,33106,0x07
2026-09-06T13:09:48.804-03:00,272,0,2,52,3374,3365,29870,3500,3538,32876,0x07
2026-09-06T13:09:48.823-03:00,273,0,2,52,3374,3365,29870,3500,3538,32876,0x07
2026-09-06T13:09:48.843-03:00,274,0,2,52,3374,3365,29870,3500,3538,32876,0x07
2026-09-06T13:09:48.885-03:00,275,0,2,51,3374,3353,29942,3500,3510,32992,0x07
2026-09-06T13:09:48.885-03:00,276,0,2,51,3374,3353,29942,3500,3510,32992,0x07
2026-09-06T13:09:48.905-03:00,277,0,2,54,3374,3426,29582,3500,3500,33033,0x07
2026-09-06T13:09:48.923-03:00,278,0,2,54,3374,3426,29582,3500,3500,33033,0x07
2026-09-06T13:09:48.941-03:00,279,0,2,54,3374,3426,29582,3500,3500,33033,0x07
2026-09-06T13:09:48.963-03:00,280,0,2,56,3374,3375,29797,3500,3518,32945,0x07
2026-09-06T13:09:48.981-03:00,281,0,2,56,3374,3375,29797,3500,3518,32945,0x07
2026-09-06T13:09:49.004-03:00,282,0,2,56,3374,3375,29797,3500,3518,32945,0x07
2026-09-06T13:09:49.022-03:00,283,0,2,57,3374,3351,29923,3500,3491,33065,0x07
2026-09-06T13:09:49.040-03:00,284,0,2,57,3374,3351,29923,3500,3491,33065,0x07
2026-09-06T13:09:49.064-03:00,285,0,2,57,3374,3351,29923,3500,3491,33065,0x07
2026-09-06T13:09:49.084-03:00,286,0,2,51,3374,3412,29630,3500,3529,32884,0x07
2026-09-06T13:09:49.102-03:00,287,0,2,51,3374,3412,29630,3500,3529,32884,0x07
2026-09-06T13:09:49.125-03:00,288,0,2,50,3374,3320,30068,3500,3480,33106,0x07
2026-09-06T13:09:49.143-03:00,289,0,2,50,3374,3320,30068,3500,3480,33106,0x07
2026-09-06T13:09:49.162-03:00,290,0,2,50,3374,3320,30068,3500,3480,33106,0x07
2026-09-06T13:09:49.182-03:00,291,0,2,50,3374,3400,29705,3500,3560,32729,0x07
2026-09-06T13:09:49.205-03:00,292,0,2,50,3374,3400,29705,3500,3560,32729,0x07
2026-09-06T13:09:49.223-03:00,293,0,2,50,3374,3400,29705,3500,3560,32729,0x07
2026-09-06T13:09:49.241-03:00,294,0,2,56,3374,3393,29717,3500,3464,33161,0x07
2026-09-06T13:09:49.265-03:00,295,0,2,56,3374,3393,29717,3500,3464,33161,0x07
2026-09-06T13:09:49.282-03:00,296,0,2,53,3374,3396,29682,3500,3566,32685,0x07
2026-09-06T13:09:49.305-03:00,297,0,2,53,3374,3396,29682,3500,3566,32685,0x07
2026-09-06T13:09:49.325-03:00,298,0,2,53,3374,3396,29682,3500,3566,32685,0x07
2026-09-06T13:09:49.343-03:00,299,0,2,58,3374,3345,29930,3500,3483,33051,0x07
2026-09-06T13:09:49.365-03:00,300,0,2,58,3374,3345,29930,3500,3483,33051,0x07
2026-09-06T13:09:49.385-03:00,301,0,2,58,3374,3345,29930,3500,3483,33051,0x07
2026-09-06T13:09:49.403-03:00,302,0,2,52,3374,3346,29950,3500,3462,33166,0x07
2026-09-06T13:09:49.422-03:00,303,0,2,52,3374,3346,29950,3500,3462,33166,0x07
2026-09-06T13:09:49.445-03:00,304,0,2,51,3374,3412,29637,3500,3569,32668,0x07
2026-09-06T13:09:49.462-03:00,305,0,2,51,3374,3412,29637,3500,3569,32668,0x07
2026-09-06T13:09:49.485-03:00,306,0,2,51,3374,3412,29637,3500,3569,32668,0x07
2026-09-06T13:09:49.503-03:00,307,0,2,51,3374,3373,29805,3500,3490,33007,0x07
2026-09-06T13:09:49.521-03:00,308,0,2,51,3374,3373,29805,3500,3490,33007,0x07
2026-09-06T13:09:49.544-03:00,309,0,2,51,3374,3373,29805,3500,3490,33007,0x07
2026-09-06T13:09:49.585-03:00,310,0,2,56,3374,3321,30074,3500,3446,33230,0x07
2026-09-06T13:09:49.585-03:00,311,0,2,56,3374,3321,30074,3500,3446,33230,0x07
2026-09-06T13:09:49.621-03:00,312,0,2,53,3374,3415,29638,3500,3566,32679,0x07
2026-09-06T13:09:49.621-03:00,313,0,2,53,3374,3415,29638,3500,3566,32679,0x07
2026-09-06T13:09:49.644-03:00,314,0,2,53,3374,3415,29638,3500,3566,32679,0x07
2026-09-06T13:09:49.663-03:00,315,0,2,58,3374,3397,29693,3500,3534,32788,0x07
2026-09-06T13:09:49.685-03:00,316,0,2,58,3374,3397,29693,3500,3534,32788,0x07
2026-09-06T13:09:49.703-03:00,317,0,2,58,3374,3397,29693,3500,3534,32788,0x07
2026-09-06T13:09:49.722-03:00,318,0,2,51,3374,3333,29999,3500,3529,32792,0x07
2026-09-06T13:09:49.744-03:00,319,0,2,51,3374,3333,29999,3500,3529,32792,0x07
2026-09-06T13:09:49.764-03:00,320,0,2,51,3374,3333,29999,3500,3529,32792,0x07
2026-09-06T13:09:49.784-03:00,321,0,2,56,3374,3339,30008,3500,3482,33005,0x07
2026-09-06T13:09:49.804-03:00,322,0,2,56,3374,3339,30008,3500,3482,33005,0x07
2026-09-06T13:09:49.823-03:00,323,0,2,55,3374,3418,29630,3500,3527,32794,0x07
2026-09-06T13:09:49.841-03:00,324,0,2,55,3374,3418,29630,3500,3527,32794,0x07
2026-09-06T13:09:49.884-03:00,325,0,2,50,3374,3360,29889,3500,3460,33105,0x07
2026-09-06T13:09:49.903-03:00,326,0,2,50,3374,3360,29889,3500,3460,33105,0x07
2026-09-06T13:09:49.923-03:00,327,0,2,50,3374,3360,29889,3500,3460,33105,0x07
2026-09-06T13:09:49.943-03:00,328,0,2,51,3374,3373,29837,3500,3510,32887,0x07
2026-09-06T13:09:49.964-03:00,329,0,2,51,3374,3373,29837,3500,3510,32887,0x07
2026-09-06T13:09:49.982-03:00,331,0,2,56,3374,3375,29826,3500,3500,32929,0x07
2026-09-06T13:09:50.005-03:00,332,0,2,56,3374,3375,29826,3500,3500,32929,0x07
2026-09-06T13:09:50.023-03:00,333,0,2,56,3374,3375,29826,3500,3500,32929,0x07
2026-09-06T13:09:50.062-03:00,334,0,2,51,3374,3373,29837,3500,3451,33168,0x07
2026-09-06T13:09:50.084-03:00,335,0,2,51,3374,3373,29837,3500,3451,33168,0x07
2026-09-06T13:09:50.102-03:00,336,0,2,52,3374,3404,29677,3500,3519,32866,0x07
2026-09-06T13:09:50.125-03:00,337,0,2,52,3374,3404,29677,3500,3519,32866,0x07
2026-09-06T13:09:50.145-03:00,338,0,2,58,3374,3379,29776,3500,3448,33204,0x07
2026-09-06T13:09:50.165-03:00,340,0,2,58,3374,3379,29776,3500,3448,33204,0x07
2026-09-06T13:09:50.185-03:00,341,0,2,58,3374,3379,29776,3500,3448,33204,0x07
2026-09-06T13:09:50.203-03:00,342,0,2,51,3374,3353,29907,3500,3490,33032,0x07
2026-09-06T13:09:50.220-03:00,343,0,2,51,3374,3353,29907,3500,3490,33032,0x07
2026-09-06T13:09:50.240-03:00,344,0,2,52,3374,3404,29663,3500,3538,32802,0x07
2026-09-06T13:09:50.283-03:00,345,0,2,52,3374,3404,29663,3500,3538,32802,0x07
2026-09-06T13:09:50.283-03:00,346,0,2,52,3374,3404,29663,3500,3538,32802,0x07
2026-09-06T13:09:50.301-03:00,347,0,2,56,3374,3393,29691,3500,3518,32878,0x07
2026-09-06T13:09:50.322-03:00,348,0,2,56,3374,3393,29691,3500,3518,32878,0x07
2026-09-06T13:09:50.342-03:00,349,0,2,56,3374,3393,29691,3500,3518,32878,0x07
2026-09-06T13:09:50.362-03:00,350,0,2,58,3374,3362,29834,3500,3466,33125,0x07
2026-09-06T13:09:50.385-03:00,351,0,2,58,3374,3362,29834,3500,3466,33125,0x07
2026-09-06T13:09:50.405-03:00,352,0,2,58,3374,3362,29834,3500,3466,33125,0x07
2026-09-06T13:09:50.425-03:00,353,0,2,51,3374,3373,29791,3500,3529,32835,0x07
2026-09-06T13:09:50.443-03:00,354,0,2,51,3374,3373,29791,3500,3529,32835,0x07
2026-09-06T13:09:50.462-03:00,355,0,2,54,3374,3370,29804,3500,3500,32960,0x07
2026-09-06T13:09:50.485-03:00,356,0,2,54,3374,3370,29804,3500,3500,32960,0x07
2026-09-06T13:09:50.521-03:00,357,0,2,54,3374,3370,29804,3500,3500,32960,0x07
2026-09-06T13:09:50.521-03:00,358,0,2,55,3374,3400,29652,3500,3509,32915,0x07
2026-09-06T13:09:50.544-03:00,359,0,2,55,3374,3400,29652,3500,3509,32915,0x07
2026-09-06T13:09:50.562-03:00,360,0,2,55,3374,3400,29652,3500,3509,32915,0x07
2026-09-06T13:09:50.580-03:00,361,0,2,50,3374,3360,29835,3500,3500,32953,0x07
2026-09-06T13:09:50.602-03:00,362,0,2,50,3374,3360,29835,3500,3500,32953,0x07
2026-09-06T13:09:50.622-03:00,363,0,2,52,3374,3365,29820,3500,3481,33047,0x07
2026-09-06T13:09:50.645-03:00,364,0,2,52,3374,3365,29820,3500,3481,33047,0x07
2026-09-06T13:09:50.663-03:00,365,0,2,52,3374,3365,29820,3500,3481,33047,0x07
2026-09-06T13:09:50.681-03:00,366,0,2,50,3374,3380,29752,3500,3480,33063,0x07
2026-09-06T13:09:50.705-03:00,367,0,2,50,3374,3380,29752,3500,3480,33063,0x07
2026-09-06T13:09:50.723-03:00,368,0,2,50,3374,3380,29752,3500,3480,33063,0x07
2026-09-06T13:09:50.741-03:00,369,0,2,56,3374,3357,29866,3500,3536,32802,0x07
2026-09-06T13:09:50.764-03:00,370,0,2,56,3374,3357,29866,3500,3536,32802,0x07
2026-09-06T13:09:50.781-03:00,371,0,2,54,3374,3389,29717,3500,3519,32862,0x07
2026-09-06T13:09:50.804-03:00,372,0,2,54,3374,3389,29717,3500,3519,32862,0x07
2026-09-06T13:09:50.824-03:00,373,0,2,54,3374,3389,29717,3500,3519,32862,0x07
2026-09-06T13:09:50.840-03:00,374,0,2,57,3374,3386,29718,3500,3526,32811,0x07
2026-09-06T13:09:50.861-03:00,375,0,2,57,3374,3386,29718,3500,3526,32811,0x07
2026-09-06T13:09:50.881-03:00,376,0,2,57,3374,3386,29718,3500,3526,32811,0x07
2026-09-06T13:09:50.901-03:00,377,0,2,51,3374,3333,29978,3500,3471,33066,0x07
2026-09-06T13:09:50.921-03:00,378,0,2,51,3374,3333,29978,3500,3471,33066,0x07
2026-09-06T13:09:50.944-03:00,379,0,2,51,3374,3333,29978,3500,3471,33066,0x07
2026-09-06T13:09:50.962-03:00,380,0,2,56,3374,3357,29893,3500,3500,32941,0x07
2026-09-06T13:09:50.982-03:00,381,0,2,56,3374,3357,29893,3500,3500,32941,0x07
2026-09-06T13:09:51.002-03:00,382,0,2,57,3374,3439,29482,3500,3561,32637,0x07
2026-09-06T13:09:51.025-03:00,383,0,2,57,3374,3439,29482,3500,3561,32637,0x07
2026-09-06T13:09:51.043-03:00,384,0,2,57,3374,3439,29482,3500,3561,32637,0x07
2026-09-06T13:09:51.063-03:00,385,0,2,57,3374,3333,29970,3500,3544,32681,0x07
2026-09-06T13:09:51.081-03:00,386,0,2,57,3374,3333,29970,3500,3544,32681,0x07
2026-09-06T13:09:51.104-03:00,387,0,2,57,3374,3333,29970,3500,3544,32681,0x07
2026-09-06T13:09:51.121-03:00,388,0,2,51,3374,3373,29805,3500,3510,32820,0x07
2026-09-06T13:09:51.144-03:00,389,0,2,51,3374,3373,29805,3500,3510,32820,0x07
2026-09-06T13:09:51.163-03:00,390,0,2,52,3374,3385,29744,3500,3500,32861,0x07
2026-09-06T13:09:51.181-03:00,391,0,2,52,3374,3385,29744,3500,3500,32861,0x07
2026-09-06T13:09:51.204-03:00,392,0,2,52,3374,3385,29744,3500,3500,32861,0x07
2026-09-06T13:09:51.222-03:00,393,0,2,58,3374,3345,29943,3500,3517,32776,0x07
2026-09-06T13:09:51.242-03:00,394,0,2,58,3374,3345,29943,3500,3517,32776,0x07
2026-09-06T13:09:51.260-03:00,395,0,2,58,3374,3345,29943,3500,3517,32776,0x07
2026-09-06T13:09:51.285-03:00,396,0,2,59,3374,3407,29646,3500,3508,32807,0x07
2026-09-06T13:09:51.305-03:00,397,0,2,59,3374,3407,29646,3500,3508,32807,0x07
2026-09-06T13:09:51.323-03:00,398,0,2,59,3374,3407,29646,3500,3508,32807,0x07
2026-09-06T13:09:51.341-03:00,399,0,2,50,3374,3380,29754,3500,3500,32843,0x07
2026-09-06T13:09:51.361-03:00,400,0,2,50,3374,3380,29754,3500,3500,32843,0x07
2026-09-06T13:09:51.381-03:00,401,0,2,61,3374,3328,30025,3500,3475,32966,0x07
2026-09-06T13:09:51.400-03:00,402,0,2,61,3374,3328,30025,3500,3475,32966,0x07
2026-09-06T13:09:51.422-03:00,403,0,2,61,3374,3328,30025,3500,3475,32966,0x07
2026-09-06T13:09:51.445-03:00,404,0,2,53,3374,3453,29420,3500,3528,32722,0x07
2026-09-06T13:09:51.463-03:00,405,0,2,53,3374,3453,29420,3500,3528,32722,0x07
2026-09-06T13:09:51.483-03:00,406,0,2,53,3374,3453,29420,3500,3528,32722,0x07
2026-09-06T13:09:51.501-03:00,407,0,2,50,3374,3380,29725,3500,3500,32843,0x07
2026-09-06T13:09:51.524-03:00,408,0,2,50,3374,3380,29725,3500,3500,32843,0x07
2026-09-06T13:09:51.542-03:00,409,0,2,50,3374,3380,29725,3500,3500,32843,0x07
2026-09-06T13:09:51.565-03:00,410,0,2,63,3374,3349,29883,3500,3492,32883,0x07
2026-09-06T13:09:51.582-03:00,411,0,2,63,3374,3349,29883,3500,3492,32883,0x07
2026-09-06T13:09:51.601-03:00,412,0,2,63,3374,3349,29883,3500,3492,32883,0x07
2026-09-06T13:09:51.624-03:00,413,0,2,51,3374,3412,29583,3500,3529,32705,0x07
2026-09-06T13:09:51.644-03:00,414,0,2,51,3374,3412,29583,3500,3529,32705,0x07
2026-09-06T13:09:51.663-03:00,415,0,2,51,3374,3412,29583,3500,3529,32705,0x07
2026-09-06T13:09:51.681-03:00,416,0,2,56,3374,3357,29832,3500,3446,33095,0x07
2026-09-06T13:09:51.704-03:00,417,0,2,56,3374,3357,29832,3500,3446,33095,0x07
2026-09-06T13:09:51.722-03:00,418,0,2,55,3374,3345,29909,3500,3491,32912,0x07
2026-09-06T13:09:51.742-03:00,419,0,2,55,3374,3345,29909,3500,3491,32912,0x07
2026-09-06T13:09:51.760-03:00,420,0,2,55,3374,3345,29909,3500,3491,32912,0x07
2026-09-06T13:09:51.784-03:00,421,0,2,51,3374,3373,29796,3500,3529,32730,0x07
2026-09-06T13:09:51.802-03:00,422,0,2,51,3374,3373,29796,3500,3529,32730,0x07
2026-09-06T13:09:51.825-03:00,423,0,2,51,3374,3373,29796,3500,3529,32730,0x07
2026-09-06T13:09:51.844-03:00,424,0,2,56,3374,3321,30065,3500,3464,33031,0x07
2026-09-06T13:09:51.864-03:00,425,0,2,56,3374,3321,30065,3500,3464,33031,0x07
2026-09-06T13:09:51.882-03:00,426,0,2,57,3374,3421,29594,3500,3596,32402,0x07
2026-09-06T13:09:51.900-03:00,427,0,2,57,3374,3421,29594,3500,3596,32402,0x07
2026-09-06T13:09:51.924-03:00,428,0,2,57,3374,3421,29594,3500,3596,32402,0x07
2026-09-06T13:09:51.941-03:00,429,0,2,56,3374,3339,29976,3500,3482,32900,0x07
2026-09-06T13:09:51.965-03:00,430,0,2,56,3374,3339,29976,3500,3482,32900,0x07
2026-09-06T13:09:51.983-03:00,431,0,2,56,3374,3339,29976,3500,3482,32900,0x07
2026-09-06T13:09:52.001-03:00,432,0,2,58,3374,3362,29891,3500,3448,33081,0x07
2026-09-06T13:09:52.024-03:00,433,0,2,58,3374,3362,29891,3500,3448,33081,0x07
2026-09-06T13:09:52.041-03:00,434,0,2,58,3374,3362,29891,3500,3448,33081,0x07
2026-09-06T13:09:52.064-03:00,435,0,2,51,3374,3392,29747,3500,3510,32813,0x07
2026-09-06T13:09:52.082-03:00,436,0,2,51,3374,3392,29747,3500,3510,32813,0x07
2026-09-06T13:09:52.125-03:00,437,0,2,51,3374,3392,29747,3500,3510,32813,0x07
2026-09-06T13:09:52.125-03:00,438,0,2,56,3374,3339,30006,3500,3518,32767,0x07
2026-09-06T13:09:52.142-03:00,439,0,2,56,3374,3339,30006,3500,3518,32767,0x07
2026-09-06T13:09:52.160-03:00,440,0,2,55,3374,3400,29723,3500,3509,32798,0x07
2026-09-06T13:09:52.184-03:00,441,0,2,55,3374,3400,29723,3500,3509,32798,0x07
2026-09-06T13:09:52.202-03:00,442,0,2,55,3374,3400,29723,3500,3509,32798,0x07
2026-09-06T13:09:52.221-03:00,443,0,2,58,3374,3414,29624,3500,3552,32580,0x07
2026-09-06T13:09:52.244-03:00,444,0,2,58,3374,3414,29624,3500,3552,32580,0x07
2026-09-06T13:09:52.263-03:00,445,0,2,58,3374,3414,29624,3500,3552,32580,0x07
2026-09-06T13:09:52.281-03:00,446,0,2,51,3374,3333,30002,3500,3471,32943,0x07
2026-09-06T13:09:52.304-03:00,447,0,2,51,3374,3333,30002,3500,3471,32943,0x07
2026-09-06T13:09:52.324-03:00,448,0,2,51,3374,3412,29635,3500,3471,32962,0x07
2026-09-06T13:09:52.342-03:00,449,0,2,51,3374,3412,29635,3500,3471,32962,0x07
2026-09-06T13:09:52.365-03:00,450,0,2,51,3374,3412,29635,3500,3471,32962,0x07
2026-09-06T13:09:52.384-03:00,451,0,2,51,3374,3412,29601,3500,3510,32789,0x07
2026-09-06T13:09:52.402-03:00,452,0,2,51,3374,3412,29601,3500,3510,32789,0x07
2026-09-06T13:09:52.422-03:00,453,0,2,51,3374,3333,29971,3500,3471,32974,0x07
2026-09-06T13:09:52.445-03:00,454,0,2,51,3374,3333,29971,3500,3471,32974,0x07
2026-09-06T13:09:52.463-03:00,455,0,2,51,3374,3333,29971,3500,3471,32974,0x07
2026-09-06T13:09:52.482-03:00,456,0,2,57,3374,3404,29643,3500,3456,33066,0x07
2026-09-06T13:09:52.502-03:00,457,0,2,57,3374,3404,29643,3500,3456,33066,0x07
2026-09-06T13:09:52.525-03:00,458,0,2,57,3374,3404,29643,3500,3456,33066,0x07
2026-09-06T13:09:52.543-03:00,459,0,2,51,3374,3373,29776,3500,3471,33023,0x07
2026-09-06T13:09:52.562-03:00,460,0,2,51,3374,3373,29776,3500,3471,33023,0x07
2026-09-06T13:09:52.581-03:00,461,0,2,52,3374,3346,29913,3500,3519,32804,0x07
2026-09-06T13:09:52.605-03:00,462,0,2,52,3374,3346,29913,3500,3519,32804,0x07
2026-09-06T13:09:52.622-03:00,463,0,2,52,3374,3346,29913,3500,3519,32804,0x07
2026-09-06T13:09:52.640-03:00,464,0,2,56,3374,3411,29603,3500,3446,33150,0x07
2026-09-06T13:09:52.664-03:00,465,0,2,56,3374,3411,29603,3500,3446,33150,0x07
2026-09-06T13:09:52.682-03:00,466,0,2,56,3374,3411,29603,3500,3446,33150,0x07
2026-09-06T13:09:52.725-03:00,467,0,2,58,3374,3379,29731,3500,3500,32923,0x07
2026-09-06T13:09:52.743-03:00,468,0,2,58,3374,3379,29731,3500,3500,32923,0x07
2026-09-06T13:09:52.762-03:00,469,0,2,58,3374,3379,29731,3500,3500,32923,0x07
2026-09-06T13:09:52.785-03:00,470,0,2,51,3374,3314,30064,3500,3490,32971,0x07
2026-09-06T13:09:52.803-03:00,471,0,2,53,3374,3396,29692,3500,3491,32975,0x07
2026-09-06T13:09:52.821-03:00,473,0,2,53,3374,3396,29692,3500,3491,32975,0x07
2026-09-06T13:09:52.841-03:00,474,0,2,53,3374,3396,29692,3500,3491,32975,0x07
2026-09-06T13:09:52.862-03:00,475,0,2,60,3374,3317,30091,3500,3450,33184,0x07
2026-09-06T13:09:52.885-03:00,476,0,2,60,3374,3317,30091,3500,3450,33184,0x07
2026-09-06T13:09:52.903-03:00,477,0,2,60,3374,3317,30091,3500,3450,33184,0x07
2026-09-06T13:09:52.922-03:00,478,0,2,62,3374,3387,29778,3500,3548,32729,0x07
2026-09-06T13:09:52.945-03:00,479,0,2,62,3374,3387,29778,3500,3548,32729,0x07
2026-09-06T13:09:52.960-03:00,480,0,2,62,3374,3387,29778,3500,3548,32729,0x07
2026-09-06T13:09:52.984-03:00,481,0,2,56,3374,3411,29641,3500,3500,32935,0x07
2026-09-06T13:09:53.002-03:00,482,0,2,56,3374,3411,29641,3500,3500,32935,0x07
2026-09-06T13:09:53.025-03:00,483,0,2,56,3374,3411,29641,3500,3500,32935,0x07
2026-09-06T13:09:53.043-03:00,484,0,2,51,3374,3353,29905,3500,3471,33078,0x07
2026-09-06T13:09:53.061-03:00,485,0,2,51,3374,3353,29905,3500,3471,33078,0x07
2026-09-06T13:09:53.084-03:00,486,0,2,52,3374,3346,29960,3500,3481,33047,0x07
2026-09-06T13:09:53.102-03:00,487,0,2,52,3374,3346,29960,3500,3481,33047,0x07
2026-09-06T13:09:53.122-03:00,488,0,2,52,3374,3346,29960,3500,3481,33047,0x07
2026-09-06T13:09:53.141-03:00,489,0,2,50,3374,3360,29913,3500,3480,33063,0x07
2026-09-06T13:09:53.164-03:00,490,0,2,50,3374,3360,29913,3500,3480,33063,0x07
2026-09-06T13:09:53.183-03:00,491,0,2,50,3374,3360,29913,3500,3480,33063,0x07
2026-09-06T13:09:53.201-03:00,492,0,2,56,3374,3375,29849,3500,3482,33066,0x07
2026-09-06T13:09:53.221-03:00,493,0,2,56,3374,3375,29849,3500,3482,33066,0x07
2026-09-06T13:09:53.242-03:00,494,0,2,51,3374,3431,29557,3500,3529,32847,0x07
2026-09-06T13:09:53.261-03:00,495,0,2,51,3374,3431,29557,3500,3529,32847,0x07
2026-09-06T13:09:53.284-03:00,496,0,2,51,3374,3431,29557,3500,3529,32847,0x07
2026-09-06T13:09:53.325-03:00,497,0,2,50,3374,3360,29873,3500,3460,33166,0x07
2026-09-06T13:09:53.369-03:00,498,0,2,50,3374,3360,29873,3500,3460,33166,0x07
2026-09-06T13:09:53.410-03:00,499,0,2,52,3374,3385,29759,3500,3442,33279,0x07
2026-09-06T13:09:53.454-03:00,500,0,2,52,3374,3385,29759,3500,3442,33279,0x07
2026-09-06T13:09:53.499-03:00,501,0,2,50,0,0,0,0,0,0,0x03
