timestamp,sequence,team,robot_id,interval_ms,left_target_eps,left_measured_eps,left_duty,right_target_eps,right_measured_eps,right_duty,flags
2026-09-06T09:55:48.902-03:00,413,0,2,50,0,0,0,0,0,0,0x03
2026-09-06T09:55:48.943-03:00,414,0,2,56,0,0,0,0,0,0,0x03
2026-09-06T09:55:48.984-03:00,417,0,2,50,0,0,0,0,0,0,0x03
2026-09-06T09:55:49.024-03:00,418,0,2,53,0,0,0,0,0,0,0x03
2026-09-06T09:55:49.063-03:00,1,0,2,53,0,0,0,0,0,0,0x03
2026-09-06T09:55:49.106-03:00,2,0,2,50,0,0,0,0,0,0,0x03
2026-09-06T09:55:49.154-03:00,3,0,2,50,0,0,0,0,0,0,0x03
2026-09-06T09:55:49.193-03:00,4,0,2,50,0,0,0,0,0,0,0x03
2026-09-06T09:55:49.237-03:00,5,0,2,50,0,0,0,0,0,0,0x03
2026-09-06T09:55:49.281-03:00,6,0,2,52,0,0,0,0,0,0,0x03
2026-09-06T09:55:49.325-03:00,7,0,2,52,0,0,0,0,0,0,0x03
2026-09-06T09:55:49.348-03:00,8,0,2,51,0,0,0,0,0,0,0x03
2026-09-06T09:55:49.367-03:00,9,0,2,50,0,0,0,0,0,0,0x03
2026-09-06T09:55:49.390-03:00,10,0,2,50,0,0,0,0,0,0,0x03
2026-09-06T09:55:49.407-03:00,11,0,2,50,0,0,21706,0,0,27773,0x07
2026-09-06T09:55:49.436-03:00,12,0,2,50,0,0,21706,0,0,27773,0x07
2026-09-06T09:55:49.448-03:00,13,0,2,57,2024,439,28446,2800,561,37287,0x07
2026-09-06T09:55:49.520-03:00,14,0,2,50,2024,1600,23510,2800,2120,30663,0x07
2026-09-06T09:55:49.601-03:00,15,0,2,86,2024,1651,23292,2800,2209,30283,0x07
2026-09-06T09:55:49.767-03:00,16,0,2,79,2024,1519,23854,2800,2152,30527,0x07
2026-09-06T09:55:49.774-03:00,17,0,2,77,2024,1766,22803,2800,2091,30787,0x07
2026-09-06T09:55:49.835-03:00,18,0,2,78,2024,1705,23063,2800,2128,30628,0x07
2026-09-06T09:55:49.993-03:00,19,0,2,78,2024,1538,23771,2800,2179,30410,0x07
2026-09-06T09:55:50.070-03:00,20,0,2,78,2024,1564,23662,2800,2192,30356,0x07
2026-09-06T09:55:50.077-03:00,21,0,2,78,2024,1577,23608,2800,2141,30574,0x07
2026-09-06T09:55:50.224-03:00,25,0,2,77,2024,1636,23355,2800,2104,30731,0x07
2026-09-06T09:55:50.303-03:00,33,0,2,79,2024,1544,23746,2800,2076,30850,0x07
2026-09-06T09:55:50.311-03:00,34,0,2,79,2024,1519,23854,2800,2165,30474,0x07
2026-09-06T09:55:50.390-03:00,37,0,2,79,2024,1494,23962,2800,2051,30958,0x07
2026-09-06T09:55:50.472-03:00,45,0,2,88,2024,1352,24563,2800,1989,31221,0x07
2026-09-06T09:55:50.552-03:00,48,0,2,80,2024,1688,23138,2800,2038,31014,0x07
2026-09-06T09:55:50.687-03:00,49,0,2,82,2024,1634,23365,2800,2098,30758,0x07
2026-09-06T09:55:50.695-03:00,56,0,2,79,2699,1519,32678,2100,2329,20612,0x07
2026-09-06T09:55:50.762-03:00,60,0,2,52,2699,2077,30307,2100,2231,21030,0x07
2026-09-06T09:55:50.915-03:00,61,0,2,76,2699,2079,30298,2100,1487,24192,0x07
2026-09-06T09:55:50.999-03:00,64,0,2,76,2699,1947,30857,2100,1447,24360,0x07
2026-09-06T09:55:51.012-03:00,69,0,2,80,2699,2112,30155,2100,1800,22861,0x07
2026-09-06T09:55:51.077-03:00,72,0,2,80,2699,1938,30899,2100,1688,23339,0x07
2026-09-06T09:55:51.154-03:00,79,0,2,79,2699,1987,30687,2100,1684,23356,0x07
2026-09-06T09:55:51.314-03:00,80,0,2,81,2699,2173,29899,2100,1667,23428,0x07
2026-09-06T09:55:51.332-03:00,83,0,2,77,2699,2013,30578,2100,1610,23667,0x07
2026-09-06T09:55:51.401-03:00,91,0,2,78,3374,1949,39676,1400,1782,13775,0x07
2026-09-06T09:55:51.464-03:00,95,0,2,78,3374,1949,39676,1400,1782,13775,0x07
2026-09-06T09:55:51.472-03:00,96,0,2,88,3374,2807,36030,1400,1489,15022,0x07
2026-09-06T09:55:51.616-03:00,99,0,2,63,3374,2698,36490,1400,1016,17032,0x07
2026-09-06T09:55:51.629-03:00,102,0,2,75,3374,2280,38268,1400,1013,17042,0x07
2026-09-06T09:55:51.782-03:00,111,0,2,78,3374,2423,37660,1400,1013,17045,0x07
2026-09-06T09:55:51.789-03:00,112,0,2,81,3374,2346,37989,1400,1123,16574,0x07
2026-09-06T09:55:51.857-03:00,115,0,2,80,3374,2575,37015,1400,1038,16940,0x07
2026-09-06T09:55:51.940-03:00,118,0,2,80,3374,2375,37865,1400,1100,16674,0x07
2026-09-06T09:55:52.015-03:00,119,0,2,79,3374,2380,37845,1400,1101,16669,0x07
2026-09-06T09:55:52.199-03:00,126,0,2,79,3374,2329,38060,1400,1013,17065,0x07
2026-09-06T09:55:52.207-03:00,127,0,2,80,3374,2325,38125,1400,1050,16926,0x07
2026-09-06T09:55:52.276-03:00,133,0,2,92,1350,2054,12778,3500,1011,40000,0x07
2026-09-06T09:55:52.284-03:00,134,0,2,92,1350,2054,12778,3500,1011,40000,0x07
2026-09-06T09:55:52.344-03:00,137,0,2,89,1350,1865,13596,3500,2427,38609,0x07
2026-09-06T09:55:52.505-03:00,142,0,2,63,1350,905,17694,3500,2635,37774,0x07
2026-09-06T09:55:52.513-03:00,145,0,2,80,1350,962,17464,3500,2625,37864,0x07
2026-09-06T09:55:52.583-03:00,154,0,2,83,1350,1072,17014,3500,2410,38826,0x07
2026-09-06T09:55:52.667-03:00,155,0,2,83,1350,1024,17235,3500,2711,37593,0x07
2026-09-06T09:55:52.838-03:00,158,0,2,84,1350,964,17507,3500,2488,38586,0x07
2026-09-06T09:55:52.920-03:00,159,0,2,83,1350,952,17578,3500,2687,37787,0x07
2026-09-06T09:55:52.938-03:00,162,0,2,85,1350,1035,17242,3500,2541,38452,0x07
2026-09-06T09:55:53.009-03:00,170,0,2,84,1350,1012,17359,3500,2464,38824,0x07
2026-09-06T09:55:53.064-03:00,171,0,2,85,2024,988,26350,2800,2576,29100,0x07
2026-09-06T09:55:53.148-03:00,174,0,2,58,2024,1672,23471,2800,2897,27776,0x07
2026-09-06T09:55:53.223-03:00,178,0,2,80,2024,1638,23647,2800,2000,31622,0x07
2026-09-06T09:55:53.304-03:00,186,0,2,78,2024,1577,23933,2800,1923,31985,0x07
2026-09-06T09:55:53.389-03:00,191,0,2,81,2024,1593,23894,2800,2025,31588,0x07
2026-09-06T09:55:53.473-03:00,192,0,2,85,2024,1529,24191,2800,2059,31478,0x07
2026-09-06T09:55:53.556-03:00,195,0,2,85,2024,1412,24718,2800,2082,31413,0x07
2026-09-06T09:55:53.723-03:00,198,0,2,85,2024,1624,23845,2800,2129,31247,0x07
2026-09-06T09:55:53.805-03:00,202,0,2,84,2024,1548,24193,2800,2095,31426,0x07
2026-09-06T09:55:53.898-03:00,205,0,2,82,2024,1561,24164,2800,2037,31710,0x07
2026-09-06T09:55:53.905-03:00,210,0,2,83,2024,1506,24423,2800,2157,31232,0x07
2026-09-06T09:55:54.041-03:00,214,0,2,92,2699,1380,33922,2100,1815,23359,0x07
2026-09-06T09:55:54.049-03:00,218,0,2,59,2699,2169,30601,2100,2424,20799,0x07
2026-09-06T09:55:54.120-03:00,222,0,2,83,2699,1819,32123,2100,1699,23905,0x07
2026-09-06T09:55:54.296-03:00,230,0,2,81,2699,1938,31649,2100,1420,25116,0x07
2026-09-06T09:55:54.304-03:00,235,0,2,87,2699,1885,31907,2100,1747,23750,0x07
2026-09-06T09:55:54.377-03:00,239,0,2,86,2699,2035,31302,2100,1616,24330,0x07
2026-09-06T09:55:54.465-03:00,240,0,2,84,2699,1964,31633,2100,1702,23989,0x07
2026-09-06T09:55:54.630-03:00,246,0,2,84,2699,1988,31563,2100,1512,24822,0x07
2026-09-06T09:55:54.717-03:00,247,0,2,83,2699,1867,32107,2100,1735,23899,0x07
2026-09-06T09:55:54.725-03:00,250,0,2,86,2699,1977,31672,2100,1698,24080,0x07
2026-09-06T09:55:54.771-03:00,259,0,2,86,3374,2105,40000,1400,1570,15237,0x07
2026-09-06T09:55:54.841-03:00,260,0,2,56,3374,2571,38173,1400,1643,14943,0x07
2026-09-06T09:55:55.002-03:00,263,0,2,68,3374,2618,38012,1400,1132,17130,0x07
2026-09-06T09:55:55.010-03:00,267,0,2,79,3374,2570,38254,1400,962,17869,0x07
2026-09-06T09:55:55.086-03:00,275,0,2,82,3374,2622,38067,1400,976,17828,0x07
2026-09-06T09:55:55.171-03:00,280,0,2,85,3374,2388,39096,1400,1165,17040,0x07
2026-09-06T09:55:55.242-03:00,281,0,2,84,3374,2440,38873,1400,1143,17149,0x07
2026-09-06T09:55:55.410-03:00,283,0,2,72,3374,2694,37829,1400,1111,17300,0x07
2026-09-06T09:55:55.466-03:00,286,0,2,85,3374,2329,39416,1400,1047,17587,0x07
2026-09-06T09:55:55.473-03:00,294,0,2,84,1350,2405,11902,3500,1155,40000,0x07
2026-09-06T09:55:55.501-03:00,295,0,2,84,1350,2405,11902,3500,1155,40000,0x07
2026-09-06T09:55:55.565-03:00,298,0,2,88,1350,1864,14217,3500,2443,39970,0x07
2026-09-06T09:55:55.632-03:00,302,0,2,64,1350,938,18169,3500,2781,38534,0x07
2026-09-06T09:55:55.812-03:00,306,0,2,68,1350,1029,17795,3500,2794,38513,0x07
2026-09-06T09:55:55.890-03:00,314,0,2,86,1350,884,18430,3500,2628,39252,0x07
2026-09-06T09:55:55.898-03:00,317,0,2,97,1350,1052,17732,3500,2268,40000,0x07
2026-09-06T09:55:55.965-03:00,318,0,2,78,1350,1179,17204,3500,2833,38379,0x07
2026-09-06T09:55:56.054-03:00,319,0,2,75,1350,1200,17132,3500,2773,38668,0x07
2026-09-06T09:55:56.140-03:00,322,0,2,87,1350,1080,17655,3500,2575,39545,0x07
2026-09-06T09:55:56.281-03:00,325,0,2,89,1350,1157,17343,3500,2539,39696,0x07
2026-09-06T09:55:56.365-03:00,335,0,2,78,2024,1231,26148,2800,2833,28982,0x07
2026-09-06T09:55:56.448-03:00,338,0,2,60,2024,1550,24811,2800,2850,28938,0x07
2026-09-06T09:55:56.455-03:00,339,0,2,82,2024,1573,24734,2800,1939,32836,0x07
2026-09-06T09:55:56.535-03:00,342,0,2,84,2024,1774,23900,2800,2012,32552,0x07
2026-09-06T09:55:56.623-03:00,346,0,2,89,2024,1629,24535,2800,1978,32725,0x07
2026-09-06T09:55:56.716-03:00,351,0,2,90,2024,1589,24726,2800,2044,32466,0x07
2026-09-06T09:55:56.805-03:00,358,0,2,93,2024,1645,24506,2800,2419,30898,0x07
2026-09-06T09:55:56.980-03:00,362,0,2,86,2024,1500,25142,2800,2093,32310,0x07
2026-09-06T09:55:56.988-03:00,366,0,2,87,2024,1506,25136,2800,2080,32388,0x07
2026-09-06T09:55:57.069-03:00,367,0,2,90,2024,1744,24141,2800,2311,31433,0x07
2026-09-06T09:55:57.156-03:00,370,0,2,88,2024,1477,25295,2800,2057,32538,0x07
2026-09-06T09:55:57.219-03:00,375,0,2,87,2699,1529,34246,2100,2218,22331,0x07
2026-09-06T09:55:57.307-03:00,379,0,2,64,2699,2391,30607,2100,2344,21816,0x07
2026-09-06T09:55:57.484-03:00,384,0,2,84,2699,1929,32594,2100,1429,25725,0x07
2026-09-06T09:55:57.570-03:00,392,0,2,81,2699,2123,31789,2100,1531,25308,0x07
2026-09-06T09:55:57.578-03:00,393,0,2,91,2699,2055,32103,2100,1615,24967,0x07
2026-09-06T09:55:57.756-03:00,397,0,2,89,2699,1944,32597,2100,1674,24735,0x07
2026-09-06T09:55:57.764-03:00,401,0,2,99,2699,1879,32896,2100,1505,25472,0x07
2026-09-06T09:55:57.850-03:00,404,0,2,93,2699,2140,31809,2100,1624,24985,0x07
2026-09-06T09:55:57.996-03:00,409,0,2,93,2699,2140,31831,2100,1634,24957,0x07
2026-09-06T09:55:58.003-03:00,418,0,2,88,3374,2057,40000,1400,1705,15099,0x07
2026-09-06T09:55:58.069-03:00,422,0,2,56,3374,2571,39207,1400,1804,14690,0x07
2026-09-06T09:55:58.133-03:00,423,0,2,68,3374,2456,39698,1400,1162,17430,0x07
2026-09-06T09:55:58.211-03:00,431,0,2,71,3374,2648,38882,1400,1014,18069,0x07
2026-09-06T09:55:58.384-03:00,432,0,2,74,3374,2676,38790,1400,1149,17509,0x07
2026-09-06T09:55:58.392-03:00,436,0,2,89,3374,2539,39395,1400,1180,17389,0x07
2026-09-06T09:55:58.537-03:00,443,0,2,88,3374,2330,40000,1400,1170,17441,0x07
2026-09-06T09:55:58.544-03:00,444,0,2,76,3374,2842,38109,1400,1250,17114,0x07
2026-09-06T09:55:58.708-03:00,447,0,2,75,3374,2707,38710,1400,1173,17451,0x07
2026-09-06T09:55:58.766-03:00,450,0,2,85,3374,2412,39990,1400,1012,18149,0x07
2026-09-06T09:55:58.776-03:00,454,0,2,88,1350,2409,12316,3500,1136,40000,0x07
2026-09-06T09:55:58.831-03:00,462,0,2,53,1350,2057,13826,3500,1962,40000,0x07
2026-09-06T09:55:59.006-03:00,463,0,2,64,1350,1125,17797,3500,2469,40000,0x07
2026-09-06T09:55:59.052-03:00,470,0,2,68,1350,1000,18340,3500,2544,40000,0x07
2026-09-06T09:55:59.091-03:00,471,0,2,76,1350,1092,17959,3500,2737,39630,0x07
2026-09-06T09:55:59.137-03:00,479,0,2,78,1350,1295,17110,3500,2769,39493,0x07
2026-09-06T09:55:59.217-03:00,481,0,2,78,1350,1192,17556,3500,2782,39438,0x07
2026-09-06T09:55:59.275-03:00,482,0,2,76,1350,1066,18105,3500,2776,39463,0x07
