timestamp,sequence,team,robot_id,interval_ms,left_target_eps,left_measured_eps,left_duty,right_target_eps,right_measured_eps,right_duty,flags
2026-09-06T08:41:47.466,195,0,2,50,347,0,7779,0,0,16934,0x07
2026-09-06T08:41:47.531,196,0,2,50,347,0,7779,0,0,16934,0x07
2026-09-06T08:41:47.612,197,0,2,52,1687,0,24295,-1750,0,24372,0x07
2026-09-06T08:41:47.677,198,0,2,52,0,0,0,0,0,0,0x03
2026-09-06T08:41:47.742,0,0,2,51,0,0,0,0,0,0,0x03
2026-09-06T08:41:47.806,1,0,2,50,0,0,0,0,0,0,0x03
2026-09-06T08:41:47.871,2,0,2,50,0,0,0,0,0,0,0x03
2026-09-06T08:41:47.936,3,0,2,51,0,0,0,0,0,0,0x03
2026-09-06T08:41:48.001,4,0,2,51,0,0,0,0,0,0,0x03
2026-09-06T08:41:48.065,5,0,2,51,0,0,0,0,0,0,0x03
2026-09-06T08:41:48.146,6,0,2,52,0,0,0,0,0,0,0x03
2026-09-06T08:41:48.211,7,0,2,50,0,0,0,0,0,0,0x03
2026-09-06T08:41:48.276,8,0,2,52,0,0,0,0,0,0,0x03
2026-09-06T08:41:48.340,9,0,2,54,0,0,0,0,0,0,0x03
2026-09-06T08:41:48.405,10,0,2,52,0,0,0,0,0,0,0x03
2026-09-06T08:41:48.470,11,0,2,51,0,0,0,0,0,0,0x03
2026-09-06T08:41:48.535,12,0,2,51,0,0,0,0,0,0,0x03
2026-09-06T08:41:48.616,13,0,2,52,0,0,0,0,0,0,0x03
2026-09-06T08:41:48.680,14,0,2,52,0,0,0,0,0,0,0x03
2026-09-06T08:41:48.745,15,0,2,50,0,0,0,0,0,0,0x03
2026-09-06T08:41:48.810,16,0,2,52,0,0,0,0,0,0,0x03
2026-09-06T08:41:48.875,17,0,2,50,0,0,0,0,0,0,0x03
2026-09-06T08:41:48.940,18,0,2,50,0,0,0,0,0,0,0x03
2026-09-06T08:41:49.006,19,0,2,51,0,0,0,0,0,0,0x03
2026-09-06T08:41:49.071,20,0,2,52,0,0,0,0,0,0,0x03
2026-09-06T08:41:49.152,21,0,2,50,0,0,0,0,0,0,0x03
2026-09-06T08:41:49.200,22,0,2,50,0,0,0,0,0,0,0x03
2026-09-06T08:41:49.281,23,0,2,54,0,0,0,0,0,0,0x03
2026-09-06T08:41:49.346,24,0,2,51,0,0,0,0,0,0,0x03
2026-09-06T08:41:49.411,25,0,2,51,0,0,0,0,0,0,0x03
2026-09-06T08:41:49.476,26,0,2,51,0,0,0,0,0,0,0x03
2026-09-06T08:41:49.541,27,0,2,50,0,0,0,0,0,0,0x03
2026-09-06T08:41:49.606,28,0,2,50,0,0,0,0,0,0,0x03
2026-09-06T08:41:49.687,29,0,2,51,0,0,0,0,0,0,0x03
2026-09-06T08:41:49.752,30,0,2,52,0,0,0,0,0,0,0x03
2026-09-06T08:41:49.816,31,0,2,50,0,0,0,0,0,0,0x03
2026-09-06T08:41:49.881,32,0,2,50,0,0,0,0,0,0,0x03
2026-09-06T08:41:49.945,33,0,2,50,0,0,0,0,0,0,0x03
2026-09-06T08:41:50.010,34,0,2,50,0,0,0,0,0,0,0x03
2026-09-06T08:41:50.075,35,0,2,52,0,0,0,0,0,0,0x03
2026-09-06T08:41:50.156,36,0,2,51,0,0,0,0,0,0,0x03
2026-09-06T08:41:50.221,37,0,2,50,0,0,0,0,0,0,0x03
2026-09-06T08:41:50.285,38,0,2,52,0,0,0,0,0,0,0x03
2026-09-06T08:41:50.350,39,0,2,52,0,0,0,0,0,0,0x03
2026-09-06T08:41:50.415,40,0,2,52,0,0,0,0,0,0,0x03
2026-09-06T08:41:50.480,41,0,2,50,0,0,0,0,0,0,0x03
2026-09-06T08:41:50.544,42,0,2,50,0,0,0,0,0,0,0x03
2026-09-06T08:41:50.609,43,0,2,51,0,0,0,0,0,0,0x03
2026-09-06T08:41:50.690,44,0,2,50,0,0,0,0,0,0,0x03
2026-09-06T08:41:50.754,45,0,2,54,0,0,0,0,0,0,0x03
2026-09-06T08:41:50.819,46,0,2,51,0,0,0,0,0,0,0x03
2026-09-06T08:41:50.884,47,0,2,50,0,0,0,0,0,0,0x03
2026-09-06T08:41:50.948,48,0,2,50,0,0,0,0,0,0,0x03
2026-09-06T08:41:51.013,49,0,2,50,0,0,0,0,0,0,0x03
2026-09-06T08:41:51.078,50,0,2,51,0,0,0,0,0,0,0x03
2026-09-06T08:41:51.159,51,0,2,50,0,0,0,0,0,0,0x03
2026-09-06T08:41:51.224,52,0,2,52,0,0,0,0,0,0,0x03
2026-09-06T08:41:51.289,53,0,2,51,0,0,0,0,0,0,0x03
2026-09-06T08:41:51.354,54,0,2,50,0,0,0,0,0,0,0x03
2026-09-06T08:41:51.419,55,0,2,50,0,0,0,0,0,0,0x03
2026-09-06T08:41:51.484,56,0,2,50,0,0,0,0,0,0,0x03
2026-09-06T08:41:51.548,57,0,2,52,0,0,0,0,0,0,0x03
2026-09-06T08:41:51.613,58,0,2,50,0,0,0,0,0,0,0x03
2026-09-06T08:41:51.694,59,0,2,50,0,0,0,0,0,0,0x03
2026-09-06T08:41:51.759,60,0,2,50,0,0,0,0,0,0,0x03
2026-09-06T08:41:51.824,61,0,2,51,0,0,0,0,0,0,0x03
2026-09-06T08:41:51.889,62,0,2,50,0,0,0,0,0,0,0x03
2026-09-06T08:41:51.954,63,0,2,51,0,0,0,0,0,0,0x03
2026-09-06T08:41:52.019,64,0,2,51,0,0,0,0,0,0,0x03
2026-09-06T08:41:52.083,65,0,2,50,0,0,0,0,0,0,0x03
2026-09-06T08:41:52.148,66,0,2,50,0,0,0,0,0,0,0x03
2026-09-06T08:41:52.229,67,0,2,50,0,0,0,0,0,0,0x03
2026-09-06T08:41:52.294,68,0,2,52,0,0,0,0,0,0,0x03
2026-09-06T08:41:52.358,69,0,2,52,0,0,0,0,0,0,0x03
2026-09-06T08:41:52.423,70,0,2,51,0,0,0,0,0,0,0x03
2026-09-06T08:41:52.488,71,0,2,50,0,0,0,0,0,0,0x03
2026-09-06T08:41:52.553,72,0,2,50,0,0,0,0,0,0,0x03
2026-09-06T08:41:52.618,73,0,2,51,0,0,0,0,0,0,0x03
2026-09-06T08:41:52.699,74,0,2,52,0,0,30495,0,0,31098,0x07
2026-09-06T08:41:52.764,75,0,2,50,3344,160,40000,3500,800,40000,0x07
2026-09-06T08:41:52.829,76,0,2,50,3361,1760,37442,3500,700,40000,0x07
2026-09-06T08:41:52.894,77,0,2,53,3361,1094,40000,3500,1434,39879,0x07
2026-09-06T08:41:52.958,78,0,2,51,3359,1275,39481,3500,1784,38390,0x07
2026-09-06T08:41:53.023,79,0,2,58,3374,1690,37899,3499,1672,38853,0x07
2026-09-06T08:41:53.088,80,0,2,51,3374,1941,36830,3499,1686,38794,0x07
2026-09-06T08:41:53.153,81,0,2,52,3351,1635,37846,3500,1423,39925,0x07
2026-09-06T08:41:53.234,82,0,2,51,3245,1549,36913,3500,1804,38306,0x07
2026-09-06T08:41:53.299,83,0,2,50,2953,1520,33436,3368,1600,37540,0x07
2026-09-06T08:41:53.364,84,0,2,67,2639,1791,28418,3148,1821,33892,0x07
2026-09-06T08:41:53.429,85,0,2,50,2639,1820,28295,3148,1520,35171,0x07
2026-09-06T08:41:53.494,86,0,2,50,2375,2100,23846,2898,1880,30556,0x07
2026-09-06T08:41:53.558,87,0,2,51,1685,1765,16766,2295,1922,22926,0x07
2026-09-06T08:41:53.624,88,0,2,62,1190,1629,11244,1884,1903,17941,0x07
2026-09-06T08:41:53.688,89,0,2,63,821,1587,6877,1523,1873,13607,0x07
2026-09-06T08:41:53.769,90,0,2,51,821,1490,7289,1523,1902,13484,0x07
2026-09-06T08:41:53.834,91,0,2,51,500,1294,4174,1231,1647,10964,0x07
2026-09-06T08:41:53.899,92,0,2,50,510,1000,5541,1221,1400,11893,0x07
2026-09-06T08:41:53.964,93,0,2,50,519,940,5903,1212,1420,11695,0x07
2026-09-06T08:41:54.029,94,0,2,50,569,800,7114,1160,1240,11821,0x07
2026-09-06T08:41:54.094,95,0,2,51,908,765,11441,1416,1176,15245,0x07
2026-09-06T08:41:54.239,96,0,2,58,1835,1293,20620,2213,1121,25320,0x07
2026-09-06T08:41:54.303,97,0,2,50,1835,780,22801,2213,1060,25578,0x07
2026-09-06T08:41:54.368,98,0,2,51,2185,922,26518,2537,1137,29250,0x07
2026-09-06T08:41:54.433,99,0,2,53,2407,1453,26987,2754,1528,30275,0x07
2026-09-06T08:41:54.497,100,0,2,52,2583,1500,28957,2913,1500,32357,0x07
2026-09-06T08:41:54.562,102,0,2,52,2625,1615,28981,2986,1558,33010,0x07
2026-09-06T08:41:54.627,103,0,2,53,2398,1660,25993,2917,1811,31077,0x07
2026-09-06T08:41:54.692,104,0,2,51,2398,1843,25216,2917,1824,31025,0x07
2026-09-06T08:41:54.773,105,0,2,51,1619,1784,15867,2205,1667,22904,0x07
2026-09-06T08:41:54.838,106,0,2,52,0,0,4073,1293,1365,12930,0x07
2026-09-06T08:41:54.903,107,0,2,52,-129,-115,4606,1346,1212,14236,0x07
2026-09-06T08:41:54.968,108,0,2,50,0,0,30376,0,0,16554,0x07
2026-09-06T08:41:55.033,109,0,2,52,3329,673,40000,0,0,5888,0x07
2026-09-06T08:41:55.098,110,0,2,50,0,0,17089,385,380,5911,0x07
2026-09-06T08:41:55.163,111,0,2,50,0,0,6643,3495,580,40000,0x07
2026-09-06T08:41:55.228,112,0,2,50,388,220,7358,0,0,4990,0x07
2026-09-06T08:41:55.309,113,0,2,53,1040,1283,10864,290,19,6266,0x07
2026-09-06T08:41:55.374,114,0,2,50,1040,540,14022,290,320,4987,0x07
2026-09-06T08:41:55.439,115,0,2,51,913,490,12679,0,0,2828,0x07
2026-09-06T08:41:55.504,116,0,2,50,802,580,10921,-7,0,2859,0x07
2026-09-06T08:41:55.569,117,0,2,50,695,480,10033,-80,0,3759,0x07
2026-09-06T08:41:55.634,118,0,2,51,571,392,8877,-84,-20,3718,0x07
2026-09-06T08:41:55.699,119,0,2,52,355,423,6080,-51,0,3404,0x07
2026-09-06T08:41:55.764,120,0,2,50,355,380,6263,0,0,6358,0x07
2026-09-06T08:41:55.845,121,0,2,52,0,0,0,0,0,0,0x03
2026-09-06T08:41:55.909,122,0,2,52,0,0,4163,0,0,17613,0x07
2026-09-06T08:41:55.974,123,0,2,53,396,0,8394,1339,415,17531,0x07
2026-09-06T08:41:56.039,124,0,2,51,396,353,6894,1339,216,18378,0x07
2026-09-06T08:41:56.104,125,0,2,50,370,120,7556,1366,300,18361,0x07
2026-09-06T08:41:56.169,126,0,2,52,344,0,7745,1393,288,18743,0x07
2026-09-06T08:41:56.234,127,0,2,52,353,19,7775,1384,385,18217,0x07
2026-09-06T08:41:56.315,128,0,2,51,406,0,8514,1329,78,18836,0x07
2026-09-06T08:41:56.379,129,0,2,52,403,0,8469,1332,0,19217,0x07
2026-09-06T08:41:56.444,130,0,2,51,476,0,9379,1256,0,18270,0x07
2026-09-06T08:41:56.509,131,0,2,51,479,0,9412,1253,0,18236,0x07
2026-09-06T08:41:56.574,132,0,2,55,479,0,9412,1253,0,18236,0x07
2026-09-06T08:41:56.638,133,0,2,51,479,0,9412,1253,0,18236,0x07
2026-09-06T08:41:56.704,134,0,2,51,476,0,9379,1256,0,18275,0x07
2026-09-06T08:41:56.768,135,0,2,50,473,0,9342,1259,0,18310,0x07
2026-09-06T08:41:56.849,136,0,2,55,469,0,9287,1264,0,18366,0x07
2026-09-06T08:41:56.914,137,0,2,52,469,0,9287,1264,0,18366,0x07
2026-09-06T08:41:56.979,138,0,2,52,468,0,9270,1265,0,18387,0x07
2026-09-06T08:41:57.044,139,0,2,51,467,0,9258,1266,0,18396,0x07
2026-09-06T08:41:57.109,140,0,2,50,466,0,9254,1266,0,18400,0x07
2026-09-06T08:41:57.174,141,0,2,52,466,0,9250,1267,0,18404,0x07
2026-09-06T08:41:57.238,142,0,2,52,466,0,9254,1267,0,18404,0x07
2026-09-06T08:41:57.319,143,0,2,52,466,0,9254,1266,0,18400,0x07
2026-09-06T08:41:57.384,144,0,2,50,467,0,9258,1266,0,18396,0x07
2026-09-06T08:41:57.449,145,0,2,52,467,0,9258,1266,0,18396,0x07
2026-09-06T08:41:57.513,146,0,2,51,467,0,9263,1266,0,18392,0x07
2026-09-06T08:41:57.579,147,0,2,52,467,0,9267,0,0,16934,0x07
2026-09-06T08:41:57.644,148,0,2,52,1687,0,24295,-1750,-308,23064,0x07
2026-09-06T08:41:57.708,149,0,2,54,1687,0,24295,-1750,-481,22325,0x07
2026-09-06T08:41:57.773,150,0,2,51,1687,0,24295,-1750,-314,23038,0x07
2026-09-06T08:41:57.854,151,0,2,51,1687,0,24295,-1750,-431,22538,0x07
2026-09-06T08:41:57.919,152,0,2,51,1687,59,24045,-1750,-529,22122,0x07
2026-09-06T08:41:57.984,153,0,2,56,0,0,0,0,0,0,0x03
2026-09-06T08:41:58.049,154,0,2,51,0,0,6619,0,0,13698,0x07
2026-09-06T08:41:58.113,155,0,2,51,385,78,7923,1350,216,18520,0x07
2026-09-06T08:41:58.178,156,0,2,57,225,509,4119,1517,123,20967,0x07
2026-09-06T08:41:58.243,157,0,2,50,225,20,6196,1517,300,20214,0x07
2026-09-06T08:41:58.308,158,0,2,52,93,288,3431,1653,385,21544,0x07
2026-09-06T08:41:58.389,159,0,2,50,36,80,3613,0,0,22361,0x07
2026-09-06T08:41:58.454,160,0,2,57,1452,596,18866,244,53,5553,0x07
2026-09-06T08:41:58.519,161,0,2,51,1452,667,18567,244,275,4610,0x07
2026-09-06T08:41:58.584,162,0,2,51,1493,824,18404,201,392,3587,0x07
2026-09-06T08:41:58.649,163,0,2,56,1585,714,20007,105,143,3463,0x07
2026-09-06T08:41:58.713,164,0,2,51,0,0,0,0,0,0,0x03
2026-09-06T08:41:58.779,165,0,2,50,0,0,15137,0,0,4837,0x07
2026-09-06T08:41:58.843,166,0,2,50,1441,280,20070,256,20,5838,0x07
2026-09-06T08:41:58.924,167,0,2,57,1283,825,15814,419,298,6673,0x07
2026-09-06T08:41:58.989,168,0,2,50,1283,800,15918,419,220,7006,0x07
2026-09-06T08:41:59.054,169,0,2,50,1190,740,15030,515,140,8534,0x07
2026-09-06T08:41:59.119,170,0,2,51,1116,686,14339,593,235,9088,0x07
2026-09-06T08:41:59.184,171,0,2,50,1070,600,14137,640,240,9655,0x07
2026-09-06T08:41:59.249,172,0,2,51,1143,667,14755,790,255,11437,0x07
2026-09-06T08:41:59.313,173,0,2,54,2286,648,28915,2139,685,26264,0x07
2026-09-06T08:41:59.394,174,0,2,51,2286,804,28253,2139,706,26176,0x07
2026-09-06T08:41:59.459,175,0,2,52,2709,923,32963,2668,885,31948,0x07
2026-09-06T08:41:59.523,176,0,2,52,3021,1096,36077,3077,1077,36173,0x07
2026-09-06T08:41:59.588,177,0,2,50,3208,1440,36911,3312,1580,36943,0x07
2026-09-06T08:41:59.653,178,0,2,52,3297,1558,37516,3383,1596,37742,0x07
2026-09-06T08:41:59.719,179,0,2,50,3348,1840,36936,3376,1780,36883,0x07
2026-09-06T08:41:59.784,180,0,2,53,3348,1774,37218,3376,1623,37552,0x07
2026-09-06T08:41:59.848,181,0,2,52,3345,1827,36962,3338,1712,36698,0x07
2026-09-06T08:41:59.929,182,0,2,50,3326,1580,37779,3291,1580,36674,0x07
2026-09-06T08:41:59.994,183,0,2,55,3302,1800,36545,3289,1782,35800,0x07
2026-09-06T08:42:00.059,184,0,2,64,3289,2078,35197,3232,1734,35297,0x07
2026-09-06T08:42:00.124,185,0,2,52,3289,1904,35937,3232,1769,35149,0x07
2026-09-06T08:42:00.189,186,0,2,50,3214,1580,36395,3047,1720,33072,0x07
2026-09-06T08:42:00.254,187,0,2,58,1861,1931,18228,0,0,3540,0x07
2026-09-06T08:42:00.319,188,0,2,52,1066,1692,9445,158,19,4632,0x07
2026-09-06T08:42:00.384,189,0,2,50,1066,1540,10092,158,720,1653,0x07
2026-09-06T08:42:00.464,190,0,2,51,832,1549,7181,328,863,3150,0x07
2026-09-06T08:42:00.529,191,0,2,50,781,1140,8288,323,760,3531,0x07
2026-09-06T08:42:00.594,192,0,2,57,1162,930,13878,1015,649,12535,0x07
2026-09-06T08:42:00.659,193,0,2,52,1162,923,13907,1015,1019,10963,0x07
2026-09-06T08:42:00.724,194,0,2,50,1479,720,18673,1738,1080,19634,0x07
2026-09-06T08:42:00.788,195,0,2,51,985,647,12898,0,0,7931,0x07
2026-09-06T08:42:00.853,196,0,2,51,1508,706,19087,0,0,4208,0x07
2026-09-06T08:42:00.934,197,0,2,50,1352,900,16342,178,40,4794,0x07
2026-09-06T08:42:00.999,198,0,2,50,1361,880,16543,338,240,5918,0x07
2026-09-06T08:42:01.063,199,0,2,52,0,0,17686,360,154,6561,0x07
2026-09-06T08:42:01.128,200,0,2,52,-1757,-442,23271,3143,135,40000,0x07
2026-09-06T08:42:01.192,201,0,2,52,0,0,30741,0,0,22636,0x07
2026-09-06T08:42:01.257,202,0,2,50,3374,1280,39640,0,0,6466,0x07
2026-09-06T08:42:01.322,203,0,2,51,1247,902,15036,457,98,7991,0x07
2026-09-06T08:42:01.402,204,0,2,51,1184,647,15347,522,608,6632,0x07
2026-09-06T08:42:01.467,205,0,2,56,1243,643,16087,461,429,6638,0x07
2026-09-06T08:42:01.531,206,0,2,51,1243,627,16153,461,98,8042,0x07
2026-09-06T08:42:01.596,207,0,2,51,1270,608,16569,433,98,7696,0x07
2026-09-06T08:42:01.661,208,0,2,50,1223,720,15515,482,220,7779,0x07
2026-09-06T08:42:01.725,209,0,2,50,1178,800,14625,528,280,8094,0x07
2026-09-06T08:42:01.806,210,0,2,50,1102,820,13597,607,300,8990,0x07
2026-09-06T08:42:01.854,211,0,2,51,1864,667,23643,1655,373,21613,0x07
2026-09-06T08:42:01.935,212,0,2,50,0,0,0,0,0,0,0x03
2026-09-06T08:42:02.000,213,0,2,52,0,0,0,0,0,0,0x03
2026-09-06T08:42:02.064,214,0,2,51,0,0,25384,0,0,26036,0x07
2026-09-06T08:42:02.129,215,0,2,51,2710,1843,29070,2875,1608,31420,0x07
2026-09-06T08:42:02.193,216,0,2,51,3151,863,38666,3388,1137,39757,0x07
2026-09-06T08:42:02.274,217,0,2,50,3303,1280,38767,3500,1360,40000,0x07
2026-09-06T08:42:02.322,218,0,2,53,0,0,0,0,0,0,0x03
2026-09-06T08:42:02.403,219,0,2,51,0,0,29880,0,0,31098,0x07
2026-09-06T08:42:02.468,220,0,2,57,3071,1667,34268,3483,1737,38384,0x07
2026-09-06T08:42:02.533,221,0,2,57,3071,1667,34268,3483,1737,38384,0x07
2026-09-06T08:42:02.598,222,0,2,50,2844,1920,30389,3303,1940,35300,0x07
2026-09-06T08:42:02.662,223,0,2,51,2429,1765,25940,2999,1725,32453,0x07
2026-09-06T08:42:02.727,224,0,2,53,1789,1491,19219,2484,1604,26610,0x07
2026-09-06T08:42:02.808,225,0,2,61,1044,1770,8850,1824,1885,17275,0x07
2026-09-06T08:42:02.873,226,0,2,54,389,1093,3654,1347,1630,12468,0x07
2026-09-06T08:42:02.938,227,0,2,50,389,1120,3538,1347,1520,12934,0x07
2026-09-06T08:42:03.003,228,0,2,52,349,942,3803,1388,1423,13855,0x07
2026-09-06T08:42:03.067,229,0,2,50,359,720,4872,1378,1540,13229,0x07
2026-09-06T08:42:03.132,230,0,2,50,376,580,5671,1360,1360,13782,0x07
2026-09-06T08:42:03.196,231,0,2,51,421,471,6693,1314,1333,13317,0x07
2026-09-06T08:42:03.277,232,0,2,52,564,481,8412,1165,1038,12738,0x07
2026-09-06T08:42:03.342,233,0,2,52,564,596,7921,1165,981,12984,0x07
2026-09-06T08:42:03.406,234,0,2,50,660,500,9519,1065,960,11836,0x07
2026-09-06T08:42:03.471,235,0,2,54,0,0,0,0,0,0,0x03
2026-09-06T08:42:03.535,236,0,2,51,0,0,24940,0,0,24928,0x07
2026-09-06T08:42:03.600,237,0,2,50,2655,640,33505,2738,960,32483,0x07
2026-09-06T08:42:03.665,238,0,2,50,3212,880,39349,3229,1320,37015,0x07
2026-09-06T08:42:03.746,239,0,2,55,3374,1418,39053,3342,1600,37224,0x07
2026-09-06T08:42:03.810,240,0,2,53,3374,1717,37783,3342,1547,37449,0x07
2026-09-06T08:42:03.875,241,0,2,52,3357,1750,37434,3184,1500,35692,0x07
2026-09-06T08:42:03.940,242,0,2,56,3184,1946,34467,3086,1786,33277,0x07
2026-09-06T08:42:04.004,243,0,2,50,3184,1840,34919,3086,1700,33642,0x07
2026-09-06T08:42:04.069,244,0,2,52,3233,1635,36392,3290,1500,37010,0x07
2026-09-06T08:42:04.133,245,0,2,51,3296,1882,36116,3500,1765,38473,0x07
2026-09-06T08:42:04.214,246,0,2,53,3105,1887,33748,3500,1679,38836,0x07
2026-09-06T08:42:04.279,247,0,2,66,2733,1667,30102,3281,1985,34837,0x07
2026-09-06T08:42:04.343,248,0,2,62,2284,1935,23423,2890,1774,30897,0x07
2026-09-06T08:42:04.408,249,0,2,50,2284,1560,25018,2890,1720,31128,0x07
2026-09-06T08:42:04.472,250,0,2,50,1475,1860,13783,2241,2060,21673,0x07
2026-09-06T08:42:04.730,251,0,2,50,400,1340,2748,1335,1860,11338,0x07
2026-09-06T08:42:05.503,252,0,2,50,400,1180,3428,1335,1740,11848,0x07
