timestamp,sequence,team,robot_id,interval_ms,left_target_eps,left_measured_eps,left_duty,right_target_eps,right_measured_eps,right_duty,flags
2026-09-06T16:31:49.954,65535,255,2,0,0,0,0,0,0,0,0x03
2026-09-06T16:31:50.019,503,0,2,51,0,0,0,0,0,0,0x03
2026-09-06T16:31:50.084,505,0,2,52,0,0,0,0,0,0,0x03
2026-09-06T16:31:50.148,0,0,2,51,0,0,0,0,0,0,0x03
2026-09-06T16:31:50.213,1,0,2,51,0,0,0,0,0,0,0x03
2026-09-06T16:31:50.278,2,0,2,51,0,0,0,0,0,0,0x03
2026-09-06T16:31:50.343,3,0,2,54,0,0,0,0,0,0,0x03
2026-09-06T16:31:50.408,4,0,2,50,0,0,0,0,0,0,0x03
2026-09-06T16:31:50.489,5,0,2,51,0,0,0,0,0,0,0x03
2026-09-06T16:31:50.554,6,0,2,51,0,0,0,0,0,0,0x03
2026-09-06T16:31:50.618,7,0,2,52,0,0,0,0,0,0,0x03
2026-09-06T16:31:50.683,8,0,2,50,0,0,0,0,0,0,0x03
2026-09-06T16:31:50.748,9,0,2,50,0,0,0,0,0,0,0x03
2026-09-06T16:31:50.813,10,0,2,51,0,0,0,0,0,0,0x03
2026-09-06T16:31:50.877,11,0,2,52,0,0,0,0,0,0,0x03
2026-09-06T16:31:50.958,12,0,2,51,0,0,0,0,0,0,0x03
2026-09-06T16:31:51.023,13,0,2,52,0,0,0,0,0,0,0x03
2026-09-06T16:31:51.088,14,0,2,51,0,0,0,0,0,0,0x03
2026-09-06T16:31:51.152,15,0,2,52,0,0,0,0,0,0,0x03
2026-09-06T16:31:51.217,16,0,2,50,0,0,0,0,0,0,0x03
2026-09-06T16:31:51.282,17,0,2,50,0,0,0,0,0,0,0x03
2026-09-06T16:31:51.347,18,0,2,52,0,0,0,0,0,0,0x03
2026-09-06T16:31:51.412,19,0,2,50,0,0,0,0,0,0,0x03
2026-09-06T16:31:51.492,20,0,2,50,0,0,0,0,0,0,0x03
2026-09-06T16:31:51.558,21,0,2,51,0,0,0,0,0,0,0x03
2026-09-06T16:31:51.622,22,0,2,50,0,0,0,0,0,0,0x03
2026-09-06T16:31:51.688,23,0,2,51,0,0,0,0,0,0,0x03
2026-09-06T16:31:51.753,24,0,2,51,0,0,0,0,0,0,0x03
2026-09-06T16:31:51.818,25,0,2,51,0,0,0,0,0,0,0x03
2026-09-06T16:31:51.883,26,0,2,50,0,0,0,0,0,0,0x03
2026-09-06T16:31:51.947,27,0,2,51,0,0,0,0,0,0,0x03
2026-09-06T16:31:52.028,28,0,2,50,0,0,0,0,0,0,0x03
2026-09-06T16:31:52.093,29,0,2,52,0,0,0,0,0,0,0x03
2026-09-06T16:31:52.158,30,0,2,51,0,0,0,0,0,0,0x03
2026-09-06T16:31:52.224,31,0,2,51,0,0,0,0,0,0,0x03
2026-09-06T16:31:52.289,32,0,2,50,0,0,0,0,0,0,0x03
2026-09-06T16:31:52.354,33,0,2,50,0,0,0,0,0,0,0x03
2026-09-06T16:31:52.419,34,0,2,52,0,0,0,0,0,0,0x03
2026-09-06T16:31:52.485,35,0,2,53,0,0,0,0,0,0,0x03
2026-09-06T16:31:52.566,36,0,2,50,0,0,0,0,0,0,0x03
2026-09-06T16:31:52.632,37,0,2,51,0,0,0,0,0,0,0x03
2026-09-06T16:31:52.697,38,0,2,52,0,0,0,0,0,0,0x03
2026-09-06T16:31:52.762,39,0,2,50,0,0,0,0,0,0,0x03
2026-09-06T16:31:52.827,40,0,2,50,0,0,0,0,0,0,0x03
2026-09-06T16:31:52.893,41,0,2,55,0,0,0,0,0,0,0x03
2026-09-06T16:31:52.958,42,0,2,51,0,0,0,0,0,0,0x03
2026-09-06T16:31:53.023,43,0,2,50,0,0,0,0,0,0,0x03
2026-09-06T16:31:53.088,44,0,2,50,0,0,0,0,0,0,0x03
2026-09-06T16:31:53.170,45,0,2,51,0,0,0,0,0,0,0x03
2026-09-06T16:31:53.235,46,0,2,51,0,0,0,0,0,0,0x03
2026-09-06T16:31:53.300,47,0,2,53,0,0,0,0,0,0,0x03
2026-09-06T16:31:53.365,48,0,2,50,0,0,0,0,0,0,0x03
2026-09-06T16:31:53.430,49,0,2,51,0,0,0,0,0,0,0x03
2026-09-06T16:31:53.494,50,0,2,51,0,0,0,0,0,0,0x03
2026-09-06T16:31:53.559,51,0,2,52,0,0,0,0,0,0,0x03
2026-09-06T16:31:53.625,52,0,2,51,0,0,0,0,0,0,0x03
2026-09-06T16:31:53.706,53,0,2,50,0,0,0,0,0,0,0x03
2026-09-06T16:31:53.771,54,0,2,51,0,0,0,0,0,0,0x03
2026-09-06T16:31:53.836,55,0,2,52,0,0,0,0,0,0,0x03
2026-09-06T16:31:53.901,56,0,2,50,0,0,0,0,0,0,0x03
2026-09-06T16:31:53.966,57,0,2,55,0,0,0,0,0,0,0x03
2026-09-06T16:31:54.031,58,0,2,51,0,0,0,0,0,0,0x03
2026-09-06T16:31:54.096,59,0,2,51,0,0,0,0,0,0,0x03
2026-09-06T16:31:54.161,60,0,2,50,0,0,0,0,0,0,0x03
2026-09-06T16:31:54.226,61,0,2,50,0,0,0,0,0,0,0x03
2026-09-06T16:31:54.291,62,0,2,51,0,0,0,0,0,0,0x03
2026-09-06T16:31:54.373,63,0,2,50,0,0,0,0,0,0,0x03
2026-09-06T16:31:54.438,64,0,2,53,0,0,0,0,0,0,0x03
2026-09-06T16:31:54.503,65,0,2,50,0,0,0,0,0,0,0x03
2026-09-06T16:31:54.569,66,0,2,50,0,0,0,0,0,0,0x03
2026-09-06T16:31:54.634,67,0,2,52,0,0,0,0,0,0,0x03
2026-09-06T16:31:54.699,68,0,2,50,0,0,0,0,0,0,0x03
2026-09-06T16:31:54.764,69,0,2,52,0,0,0,0,0,0,0x03
2026-09-06T16:31:54.829,70,0,2,53,0,0,0,0,0,0,0x03
2026-09-06T16:31:54.910,71,0,2,51,0,0,0,0,0,0,0x03
2026-09-06T16:31:54.976,72,0,2,50,0,0,0,0,0,0,0x03
2026-09-06T16:31:55.105,73,0,2,50,0,0,0,0,0,0,0x03
2026-09-06T16:31:55.171,74,0,2,51,0,0,0,0,0,0,0x03
2026-09-06T16:31:55.236,75,0,2,53,0,0,0,0,0,0,0x03
2026-09-06T16:31:55.301,76,0,2,50,0,0,0,0,0,0,0x03
2026-09-06T16:31:55.367,77,0,2,50,0,0,0,0,0,0,0x03
2026-09-06T16:31:55.496,78,0,2,50,0,0,0,0,0,0,0x03
2026-09-06T16:31:55.578,79,0,2,50,0,0,0,0,0,0,0x03
2026-09-06T16:31:55.643,80,0,2,51,0,0,0,0,0,0,0x03
2026-09-06T16:31:55.708,81,0,2,51,0,0,0,0,0,0,0x03
2026-09-06T16:31:55.774,82,0,2,50,0,0,0,0,0,0,0x03
2026-09-06T16:31:55.839,83,0,2,51,0,0,0,0,0,0,0x03
2026-09-06T16:31:55.904,84,0,2,50,0,0,0,0,0,0,0x03
2026-09-06T16:31:55.969,85,0,2,51,0,0,0,0,0,0,0x03
2026-09-06T16:31:56.034,86,0,2,50,0,0,0,0,0,0,0x03
2026-09-06T16:31:56.099,87,0,2,55,0,0,0,0,0,0,0x03
2026-09-06T16:31:56.180,88,0,2,51,0,0,0,0,0,0,0x03
2026-09-06T16:31:56.245,89,0,2,51,0,0,0,0,0,0,0x03
2026-09-06T16:31:56.311,90,0,2,50,0,0,0,0,0,0,0x03
2026-09-06T16:31:56.376,91,0,2,52,0,0,0,0,0,0,0x03
2026-09-06T16:31:56.442,92,0,2,51,0,0,0,0,0,0,0x03
2026-09-06T16:31:56.507,93,0,2,52,0,0,0,0,0,0,0x03
2026-09-06T16:31:56.572,94,0,2,51,0,0,0,0,0,0,0x03
2026-09-06T16:31:56.636,95,0,2,51,0,0,0,0,0,0,0x03
2026-09-06T16:31:56.718,96,0,2,52,0,0,0,0,0,0,0x03
2026-09-06T16:31:56.783,97,0,2,53,0,0,0,0,0,0,0x03
2026-09-06T16:31:56.848,98,0,2,51,0,0,0,0,0,0,0x03
2026-09-06T16:31:56.913,99,0,2,52,0,0,0,0,0,0,0x03
2026-09-06T16:31:56.978,100,0,2,50,0,0,0,0,0,0,0x03
2026-09-06T16:31:57.043,101,0,2,51,0,0,0,0,0,0,0x03
2026-09-06T16:31:57.108,102,0,2,52,0,0,0,0,0,0,0x03
2026-09-06T16:31:57.174,103,0,2,52,0,0,0,0,0,0,0x03
2026-09-06T16:31:57.255,104,0,2,52,0,0,0,0,0,0,0x03
2026-09-06T16:31:57.304,105,0,2,52,0,0,0,0,0,0,0x03
2026-09-06T16:31:57.385,106,0,2,55,0,0,0,0,0,0,0x03
2026-09-06T16:31:57.450,107,0,2,55,0,0,0,0,0,0,0x03
2026-09-06T16:31:57.515,108,0,2,50,0,0,0,0,0,0,0x03
2026-09-06T16:31:57.580,109,0,2,51,0,0,0,0,0,0,0x03
2026-09-06T16:31:57.645,110,0,2,51,0,0,0,0,0,0,0x03
2026-09-06T16:31:57.710,111,0,2,50,0,0,0,0,0,0,0x03
2026-09-06T16:31:57.775,112,0,2,50,0,0,0,0,0,0,0x03
2026-09-06T16:31:57.840,113,0,2,51,0,0,0,0,0,0,0x03
2026-09-06T16:31:57.922,114,0,2,51,0,0,0,0,0,0,0x03
2026-09-06T16:31:57.986,115,0,2,50,0,0,0,0,0,0,0x03
2026-09-06T16:31:58.051,116,0,2,50,0,0,0,0,0,0,0x03
2026-09-06T16:31:58.117,117,0,2,51,0,0,0,0,0,0,0x03
2026-09-06T16:31:58.182,118,0,2,51,0,0,0,0,0,0,0x03
2026-09-06T16:31:58.247,119,0,2,51,0,0,0,0,0,0,0x03
2026-09-06T16:31:58.312,120,0,2,51,0,0,0,0,0,0,0x03
2026-09-06T16:31:58.378,121,0,2,50,0,0,0,0,0,0,0x03
2026-09-06T16:31:58.459,122,0,2,50,0,0,0,0,0,0,0x03
2026-09-06T16:31:58.525,123,0,2,55,0,0,0,0,0,0,0x03
2026-09-06T16:31:58.590,124,0,2,52,0,0,0,0,0,0,0x03
2026-09-06T16:31:58.655,125,0,2,51,0,0,0,0,0,0,0x03
2026-09-06T16:31:58.720,126,0,2,50,0,0,0,0,0,0,0x03
2026-09-06T16:31:58.785,127,0,2,51,0,0,0,0,0,0,0x03
2026-09-06T16:31:58.851,128,0,2,51,0,0,0,0,0,0,0x03
2026-09-06T16:31:58.916,129,0,2,52,0,0,0,0,0,0,0x03
2026-09-06T16:31:58.981,130,0,2,52,0,0,0,0,0,0,0x03
2026-09-06T16:31:59.063,131,0,2,51,0,0,0,0,0,0,0x03
2026-09-06T16:31:59.111,132,0,2,50,0,0,0,0,0,0,0x03
2026-09-06T16:31:59.192,133,0,2,52,0,0,0,0,0,0,0x03
2026-09-06T16:31:59.257,134,0,2,51,0,0,0,0,0,0,0x03
2026-09-06T16:31:59.322,135,0,2,51,0,0,0,0,0,0,0x03
2026-09-06T16:31:59.387,136,0,2,50,0,0,0,0,0,0,0x03
2026-09-06T16:31:59.453,137,0,2,51,0,0,0,0,0,0,0x03
2026-09-06T16:31:59.518,138,0,2,51,0,0,0,0,0,0,0x03
2026-09-06T16:31:59.599,139,0,2,50,0,0,0,0,0,0,0x03
2026-09-06T16:31:59.648,140,0,2,50,0,0,0,0,0,0,0x03
2026-09-06T16:31:59.729,141,0,2,52,0,0,0,0,0,0,0x03
2026-09-06T16:31:59.794,142,0,2,52,0,0,0,0,0,0,0x03
2026-09-06T16:31:59.859,143,0,2,50,0,0,0,0,0,0,0x03
2026-09-06T16:31:59.925,144,0,2,52,0,0,0,0,0,0,0x03
2026-09-06T16:31:59.990,145,0,2,51,0,0,0,0,0,0,0x03
2026-09-06T16:32:00.055,146,0,2,50,0,0,0,0,0,0,0x03
2026-09-06T16:32:00.120,147,0,2,50,0,0,0,0,0,0,0x03
2026-09-06T16:32:00.186,148,0,2,52,0,0,0,0,0,0,0x03
2026-09-06T16:32:00.332,149,0,2,50,0,0,0,0,0,0,0x03
2026-09-06T16:32:00.398,150,0,2,52,0,0,0,0,0,0,0x03
2026-09-06T16:32:00.463,151,0,2,51,0,0,0,0,0,0,0x03
2026-09-06T16:32:00.529,152,0,2,52,0,0,0,0,0,0,0x03
2026-09-06T16:32:00.594,153,0,2,50,0,0,0,0,0,0,0x03
2026-09-06T16:32:00.659,154,0,2,52,0,0,0,0,0,0,0x03
2026-09-06T16:32:00.724,155,0,2,51,0,0,0,0,0,0,0x03
2026-09-06T16:32:00.790,156,0,2,52,0,0,0,0,0,0,0x03
2026-09-06T16:32:00.855,157,0,2,52,0,0,0,0,0,0,0x03
2026-09-06T16:32:00.920,158,0,2,52,0,0,0,0,0,0,0x03
2026-09-06T16:32:01.001,159,0,2,50,0,0,0,0,0,0,0x03
2026-09-06T16:32:01.067,160,0,2,52,0,0,0,0,0,0,0x03
2026-09-06T16:32:01.132,161,0,2,52,0,0,0,0,0,0,0x03
2026-09-06T16:32:01.197,162,0,2,50,0,0,0,0,0,0,0x03
2026-09-06T16:32:01.262,163,0,2,50,0,0,0,0,0,0,0x03
2026-09-06T16:32:01.328,164,0,2,51,0,0,0,0,0,0,0x03
2026-09-06T16:32:01.393,165,0,2,50,0,0,0,0,0,0,0x03
2026-09-06T16:32:01.458,166,0,2,50,0,0,0,0,0,0,0x03
2026-09-06T16:32:01.540,167,0,2,51,0,0,0,0,0,0,0x03
2026-09-06T16:32:01.605,168,0,2,50,0,0,0,0,0,0,0x03
2026-09-06T16:32:01.670,169,0,2,54,0,0,0,0,0,0,0x03
2026-09-06T16:32:01.736,170,0,2,51,0,0,0,0,0,0,0x03
2026-09-06T16:32:01.801,171,0,2,50,0,0,0,0,0,0,0x03
2026-09-06T16:32:01.866,172,0,2,50,0,0,0,0,0,0,0x03
2026-09-06T16:32:01.931,173,0,2,51,0,0,0,0,0,0,0x03
2026-09-06T16:32:01.996,174,0,2,51,0,0,0,0,0,0,0x03
2026-09-06T16:32:02.061,175,0,2,51,0,0,0,0,0,0,0x03
2026-09-06T16:32:02.142,176,0,2,50,0,0,0,0,0,0,0x03
2026-09-06T16:32:02.207,177,0,2,51,0,0,0,0,0,0,0x03
2026-09-06T16:32:02.273,178,0,2,51,0,0,0,0,0,0,0x03
2026-09-06T16:32:02.338,179,0,2,51,0,0,0,0,0,0,0x03
2026-09-06T16:32:02.404,180,0,2,50,0,0,0,0,0,0,0x03
2026-09-06T16:32:02.469,181,0,2,50,0,0,0,0,0,0,0x03
2026-09-06T16:32:02.534,182,0,2,51,0,0,0,0,0,0,0x03
2026-09-06T16:32:02.600,183,0,2,52,0,0,0,0,0,0,0x03
2026-09-06T16:32:02.665,184,0,2,51,0,0,0,0,0,0,0x03
2026-09-06T16:32:02.730,185,0,2,51,0,0,0,0,0,0,0x03
2026-09-06T16:32:02.812,186,0,2,50,0,0,0,0,0,0,0x03
2026-09-06T16:32:02.878,187,0,2,50,0,0,0,0,0,0,0x03
2026-09-06T16:32:02.943,188,0,2,52,0,0,0,0,0,0,0x03
2026-09-06T16:32:03.009,189,0,2,50,0,0,0,0,0,0,0x03
2026-09-06T16:32:03.074,190,0,2,51,0,0,0,0,0,0,0x03
2026-09-06T16:32:03.139,191,0,2,50,0,0,0,0,0,0,0x03
2026-09-06T16:32:03.204,192,0,2,52,0,0,0,0,0,0,0x03
2026-09-06T16:32:03.268,193,0,2,51,0,0,0,0,0,0,0x03
2026-09-06T16:32:03.333,194,0,2,50,0,0,0,0,0,0,0x03
2026-09-06T16:32:03.414,195,0,2,50,0,0,0,0,0,0,0x03
2026-09-06T16:32:03.479,196,0,2,50,0,0,0,0,0,0,0x03
2026-09-06T16:32:03.544,197,0,2,52,0,0,0,0,0,0,0x03
2026-09-06T16:32:03.609,198,0,2,53,0,0,0,0,0,0,0x03
2026-09-06T16:32:03.675,199,0,2,50,0,0,0,0,0,0,0x03
2026-09-06T16:32:03.691,200,0,2,51,0,0,0,0,0,0,0x03
2026-09-06T16:32:03.696,201,0,2,52,0,0,0,0,0,0,0x03
