timestamp,sequence,team,robot_id,interval_ms,left_target_eps,left_measured_eps,left_duty,right_target_eps,right_measured_eps,right_duty,flags
2026-09-06T16:29:26.132-03:00,65535,255,2,0,0,0,0,0,0,0,0x03
2026-09-06T16:29:26.152-03:00,65535,255,2,51,0,0,0,0,0,0,0x03
2026-09-06T16:29:26.172-03:00,65535,255,2,51,0,0,0,0,0,0,0x03
2026-09-06T16:29:26.196-03:00,1,0,2,51,0,0,28094,0,0,28548,0x07
2026-09-06T16:29:26.213-03:00,2,0,2,51,0,0,28094,0,0,28548,0x07
2026-09-06T16:29:26.235-03:00,3,0,2,52,3374,404,40000,3500,0,40000,0x07
2026-09-06T16:29:26.256-03:00,4,0,2,52,3374,404,40000,3500,0,40000,0x07
2026-09-06T16:29:26.296-03:00,5,0,2,50,3374,2660,31128,3500,0,40000,0x07
2026-09-06T16:29:26.296-03:00,6,0,2,50,3374,2660,31128,3500,0,40000,0x07
2026-09-06T16:29:26.316-03:00,7,0,2,50,3374,2660,31128,3500,0,40000,0x07
2026-09-06T16:29:26.336-03:00,8,0,2,52,3374,3596,27150,3500,0,40000,0x07
2026-09-06T16:29:26.357-03:00,9,0,2,52,3374,3596,27150,3500,0,40000,0x07
2026-09-06T16:29:26.395-03:00,10,0,2,57,3374,3368,28118,3500,0,40000,0x07
2026-09-06T16:29:26.395-03:00,11,0,2,57,3374,3368,28118,3500,0,40000,0x07
2026-09-06T16:29:26.413-03:00,12,0,2,57,3374,3368,28118,3500,0,40000,0x07
2026-09-06T16:29:26.435-03:00,13,0,2,50,3374,3240,28664,3500,0,40000,0x07
2026-09-06T16:29:26.456-03:00,14,0,2,50,3374,3240,28664,3500,0,40000,0x07
2026-09-06T16:29:26.475-03:00,15,0,2,50,3374,3240,28664,3500,0,40000,0x07
2026-09-06T16:29:26.516-03:00,16,0,2,54,3374,3222,28739,3500,0,40000,0x07
2026-09-06T16:29:26.534-03:00,17,0,2,54,3374,3222,28739,3500,0,40000,0x07
2026-09-06T16:29:26.553-03:00,18,0,2,51,3374,3176,28934,3500,0,40000,0x07
2026-09-06T16:29:26.575-03:00,19,0,2,51,3374,3176,28934,3500,0,40000,0x07
2026-09-06T16:29:26.614-03:00,21,0,2,51,3374,3216,28767,3500,0,40000,0x07
2026-09-06T16:29:26.614-03:00,22,0,2,51,3374,3216,28767,3500,0,40000,0x07
2026-09-06T16:29:26.636-03:00,23,0,2,50,3374,3260,28578,3500,0,40000,0x07
2026-09-06T16:29:26.653-03:00,24,0,2,50,3374,3260,28578,3500,0,40000,0x07
2026-09-06T16:29:26.677-03:00,25,0,2,50,3374,3260,28578,3500,0,40000,0x07
2026-09-06T16:29:26.736-03:00,26,0,2,50,3374,3200,28834,3500,0,40000,0x07
2026-09-06T16:29:26.776-03:00,27,0,2,50,3374,3200,28834,3500,0,40000,0x07
2026-09-06T16:29:26.776-03:00,28,0,2,51,3374,3235,28684,3500,0,40000,0x07
2026-09-06T16:29:26.894-03:00,29,0,2,50,3374,3200,28834,3500,0,40000,0x07
2026-09-06T16:29:26.955-03:00,31,0,2,50,3374,3200,28834,3500,0,40000,0x07
2026-09-06T16:29:27.156-03:00,33,0,2,50,3374,3200,28834,3500,0,40000,0x07
2026-09-06T16:29:27.172-03:00,34,0,2,55,3374,3255,28602,3500,0,40000,0x07
2026-09-06T16:29:27.232-03:00,39,0,2,52,0,0,28094,0,0,28548,0x07
2026-09-06T16:29:27.253-03:00,42,0,2,54,3374,815,38971,3500,0,40000,0x07
2026-09-06T16:29:27.297-03:00,52,0,2,54,3374,815,38971,3500,0,40000,0x07
2026-09-06T16:29:27.297-03:00,53,0,2,51,3374,3490,27600,3500,0,40000,0x07
2026-09-06T16:29:27.312-03:00,54,0,2,51,3374,3490,27600,3500,0,40000,0x07
2026-09-06T16:29:27.335-03:00,57,0,2,50,3374,3680,26794,3500,0,40000,0x07
2026-09-06T16:29:27.354-03:00,58,0,2,50,3374,3680,26794,3500,0,40000,0x07
2026-09-06T16:29:27.372-03:00,59,0,2,53,3374,3264,28561,3500,0,40000,0x07
2026-09-06T16:29:27.394-03:00,60,0,2,53,3374,3264,28561,3500,0,40000,0x07
2026-09-06T16:29:27.432-03:00,61,0,2,53,3374,3264,28561,3500,0,40000,0x07
2026-09-06T16:29:27.455-03:00,62,0,2,50,3374,3260,28578,3500,0,40000,0x07
2026-09-06T16:29:27.495-03:00,63,0,2,50,3374,3260,28578,3500,0,40000,0x07
2026-09-06T16:29:27.495-03:00,64,0,2,56,3374,3214,28773,3500,0,40000,0x07
2026-09-06T16:29:27.515-03:00,65,0,2,56,3374,3214,28773,3500,0,40000,0x07
2026-09-06T16:29:27.574-03:00,66,0,2,51,3374,3235,28684,3500,0,40000,0x07
2026-09-06T16:29:27.593-03:00,68,0,2,51,3374,3235,28684,3500,0,40000,0x07
2026-09-06T16:29:27.835-03:00,69,0,2,51,3374,3235,28684,3500,0,40000,0x07
2026-09-06T16:29:27.973-03:00,70,0,2,52,3374,3192,28866,3500,0,40000,0x07
2026-09-06T16:29:27.973-03:00,71,0,2,50,3374,3240,28664,3500,0,40000,0x07
2026-09-06T16:29:28.094-03:00,73,0,2,52,3374,192,40000,3500,0,40000,0x07
2026-09-06T16:29:28.156-03:00,74,0,2,50,3374,3640,26964,3500,0,40000,0x07
2026-09-06T16:29:28.156-03:00,86,0,2,50,3374,3640,26964,3500,0,40000,0x07
2026-09-06T16:29:28.174-03:00,93,0,2,51,3374,3157,29017,3500,0,40000,0x07
2026-09-06T16:29:28.193-03:00,94,0,2,54,3374,3241,28660,3500,0,40000,0x07
2026-09-06T16:29:28.215-03:00,99,0,2,54,3374,3241,28660,3500,0,40000,0x07
2026-09-06T16:29:28.233-03:00,102,0,2,54,3374,3241,28660,3500,0,40000,0x07
2026-09-06T16:29:28.252-03:00,103,0,2,50,3374,3300,28408,3500,0,40000,0x07
2026-09-06T16:29:28.295-03:00,104,0,2,50,3374,3300,28408,3500,0,40000,0x07
2026-09-06T16:29:28.295-03:00,105,0,2,51,3374,3235,28684,3500,0,40000,0x07
2026-09-06T16:29:28.316-03:00,106,0,2,51,3374,3235,28684,3500,0,40000,0x07
2026-09-06T16:29:28.335-03:00,107,0,2,51,3374,3235,28684,3500,0,40000,0x07
2026-09-06T16:29:28.356-03:00,108,0,2,51,3374,3255,28600,3500,0,40000,0x07
2026-09-06T16:29:28.394-03:00,109,0,2,51,3374,3255,28600,3500,0,40000,0x07
2026-09-06T16:29:28.395-03:00,110,0,2,50,3374,3200,28834,3500,0,40000,0x07
2026-09-06T16:29:28.435-03:00,111,0,2,50,3374,3200,28834,3500,0,40000,0x07
2026-09-06T16:29:28.435-03:00,112,0,2,50,3374,3200,28834,3500,0,40000,0x07
2026-09-06T16:29:28.452-03:00,113,0,2,51,3374,3314,28350,3500,0,40000,0x07
2026-09-06T16:29:28.476-03:00,114,0,2,51,3374,3314,28350,3500,0,40000,0x07
2026-09-06T16:29:28.494-03:00,115,0,2,50,3374,3180,28918,3500,0,40000,0x07
2026-09-06T16:29:28.515-03:00,116,0,2,50,3374,3180,28918,3500,0,40000,0x07
2026-09-06T16:29:28.533-03:00,117,0,2,50,3374,3180,28918,3500,0,40000,0x07
2026-09-06T16:29:28.555-03:00,118,0,2,50,3374,3280,28494,3500,0,40000,0x07
2026-09-06T16:29:28.574-03:00,119,0,2,50,3374,3280,28494,3500,0,40000,0x07
2026-09-06T16:29:28.597-03:00,120,0,2,50,3374,3280,28494,3500,0,40000,0x07
2026-09-06T16:29:28.614-03:00,121,0,2,53,3374,3245,28641,3500,0,40000,0x07
2026-09-06T16:29:28.632-03:00,122,0,2,53,3374,3245,28641,3500,0,40000,0x07
2026-09-06T16:29:28.656-03:00,123,0,2,50,3374,3220,28748,3500,0,40000,0x07
2026-09-06T16:29:28.674-03:00,124,0,2,50,3374,3220,28748,3500,0,40000,0x07
2026-09-06T16:29:28.693-03:00,125,0,2,50,3374,3220,28748,3500,0,40000,0x07
2026-09-06T16:29:28.713-03:00,126,0,2,51,3374,3235,28684,3500,0,40000,0x07
2026-09-06T16:29:28.732-03:00,127,0,2,51,3374,3235,28684,3500,0,40000,0x07
2026-09-06T16:29:28.755-03:00,128,0,2,55,3374,3182,28911,3500,0,40000,0x07
2026-09-06T16:29:28.773-03:00,129,0,2,55,3374,3182,28911,3500,0,40000,0x07
2026-09-06T16:29:28.796-03:00,130,0,2,55,3374,3182,28911,3500,0,40000,0x07
2026-09-06T16:29:28.837-03:00,131,0,2,50,3374,3220,28748,3500,0,40000,0x07
2026-09-06T16:29:28.837-03:00,132,0,2,50,3374,3220,28748,3500,0,40000,0x07
2026-09-06T16:29:28.856-03:00,133,0,2,55,3374,3200,28834,3500,0,40000,0x07
2026-09-06T16:29:28.874-03:00,134,0,2,55,3374,3200,28834,3500,0,40000,0x07
2026-09-06T16:29:28.893-03:00,135,0,2,55,3374,3200,28834,3500,0,40000,0x07
2026-09-06T16:29:28.912-03:00,136,0,2,56,3374,3250,28621,3500,0,40000,0x07
2026-09-06T16:29:28.936-03:00,137,0,2,56,3374,3250,28621,3500,0,40000,0x07
2026-09-06T16:29:28.955-03:00,138,0,2,56,3374,3250,28621,3500,0,40000,0x07
2026-09-06T16:29:28.992-03:00,139,0,2,57,3374,3281,28491,3500,0,40000,0x07
2026-09-06T16:29:28.992-03:00,140,0,2,57,3374,3281,28491,3500,0,40000,0x07
2026-09-06T16:29:29.015-03:00,141,0,2,57,3374,3281,28491,3500,0,40000,0x07
2026-09-06T16:29:29.033-03:00,142,0,2,51,3374,3255,28600,3500,0,40000,0x07
2026-09-06T16:29:29.056-03:00,143,0,2,51,3374,3255,28600,3500,0,40000,0x07
2026-09-06T16:29:29.077-03:00,144,0,2,52,3374,3231,28703,3500,0,40000,0x07
2026-09-06T16:29:29.095-03:00,145,0,2,52,3374,3231,28703,3500,0,40000,0x07
2026-09-06T16:29:29.115-03:00,146,0,2,52,3374,3231,28703,3500,0,40000,0x07
2026-09-06T16:29:29.175-03:00,147,0,2,50,3374,3280,28494,3500,0,40000,0x07
2026-09-06T16:29:29.175-03:00,148,0,2,50,3374,3280,28494,3500,0,40000,0x07
2026-09-06T16:29:29.195-03:00,149,0,2,50,3374,3200,28834,3500,0,40000,0x07
2026-09-06T16:29:29.216-03:00,150,0,2,50,3374,3200,28834,3500,0,40000,0x07
2026-09-06T16:29:29.255-03:00,151,0,2,51,3374,3314,28350,3500,0,40000,0x07
2026-09-06T16:29:29.273-03:00,153,0,2,51,3374,3314,28350,3500,0,40000,0x07
2026-09-06T16:29:29.293-03:00,154,0,2,52,3374,3192,28866,3500,0,40000,0x07
2026-09-06T16:29:29.352-03:00,155,0,2,52,3374,3192,28866,3500,0,40000,0x07
2026-09-06T16:29:29.352-03:00,156,0,2,57,3374,3263,28565,3500,0,40000,0x07
2026-09-06T16:29:29.392-03:00,158,0,2,57,3374,3263,28565,3500,0,40000,0x07
2026-09-06T16:29:29.392-03:00,159,0,2,51,3374,3275,28517,3500,0,40000,0x07
2026-09-06T16:29:29.415-03:00,160,0,2,51,3374,3275,28517,3500,0,40000,0x07
2026-09-06T16:29:29.454-03:00,162,0,2,51,3374,3275,28517,3500,0,40000,0x07
2026-09-06T16:29:29.454-03:00,163,0,2,50,3374,3240,28664,3500,0,40000,0x07
2026-09-06T16:29:29.496-03:00,164,0,2,50,3374,3240,28664,3500,0,40000,0x07
2026-09-06T16:29:29.496-03:00,165,0,2,51,3374,3255,28600,3500,0,40000,0x07
2026-09-06T16:29:29.517-03:00,166,0,2,51,3374,3255,28600,3500,0,40000,0x07
2026-09-06T16:29:29.536-03:00,167,0,2,51,3374,3255,28600,3500,0,40000,0x07
2026-09-06T16:29:29.557-03:00,168,0,2,53,3374,3189,28882,3500,0,40000,0x07
2026-09-06T16:29:29.572-03:00,169,0,2,53,3374,3189,28882,3500,0,40000,0x07
2026-09-06T16:29:29.593-03:00,170,0,2,56,3374,3250,28621,3500,0,40000,0x07
2026-09-06T16:29:29.614-03:00,171,0,2,56,3374,3250,28621,3500,0,40000,0x07
2026-09-06T16:29:29.632-03:00,172,0,2,56,3374,3250,28621,3500,0,40000,0x07
2026-09-06T16:29:29.652-03:00,173,0,2,56,3374,3232,28697,3500,0,40000,0x07
2026-09-06T16:29:29.676-03:00,174,0,2,56,3374,3232,28697,3500,0,40000,0x07
2026-09-06T16:29:29.693-03:00,175,0,2,56,3374,3232,28697,3500,0,40000,0x07
2026-09-06T16:29:29.733-03:00,176,0,2,51,3374,3275,28517,3500,0,40000,0x07
2026-09-06T16:29:29.752-03:00,177,0,2,51,3374,3275,28517,3500,0,40000,0x07
2026-09-06T16:29:29.752-03:00,178,0,2,51,3374,3275,28517,3500,0,40000,0x07
2026-09-06T16:29:29.773-03:00,179,0,2,54,3374,3241,28660,3500,0,40000,0x07
2026-09-06T16:29:29.796-03:00,180,0,2,54,3374,3241,28660,3500,0,40000,0x07
2026-09-06T16:29:29.815-03:00,181,0,2,54,3374,3204,28818,3500,0,40000,0x07
2026-09-06T16:29:29.856-03:00,182,0,2,54,3374,3204,28818,3500,0,40000,0x07
2026-09-06T16:29:29.873-03:00,183,0,2,54,3374,3204,28818,3500,0,40000,0x07
2026-09-06T16:29:29.894-03:00,184,0,2,50,3374,3280,28494,3500,0,40000,0x07
2026-09-06T16:29:29.912-03:00,185,0,2,55,3374,3200,28834,3500,0,40000,0x07
2026-09-06T16:29:29.933-03:00,186,0,2,55,3374,3200,28834,3500,0,40000,0x07
2026-09-06T16:29:29.956-03:00,188,0,2,55,3374,3200,28834,3500,0,40000,0x07
2026-09-06T16:29:29.976-03:00,189,0,2,56,3374,3250,28621,3500,0,40000,0x07
2026-09-06T16:29:30.036-03:00,190,0,2,56,3374,3250,28621,3500,0,40000,0x07
2026-09-06T16:29:30.054-03:00,191,0,2,56,3374,3250,28621,3500,0,40000,0x07
2026-09-06T16:29:30.072-03:00,192,0,2,51,3374,3294,28434,3500,0,40000,0x07
2026-09-06T16:29:30.114-03:00,193,0,2,50,3374,3220,28748,3500,0,40000,0x07
2026-09-06T16:29:30.114-03:00,194,0,2,50,3374,3220,28748,3500,0,40000,0x07
2026-09-06T16:29:30.137-03:00,197,0,2,51,3374,3235,28684,3500,0,40000,0x07
2026-09-06T16:29:30.155-03:00,198,0,2,51,3374,3235,28684,3500,0,40000,0x07
2026-09-06T16:29:30.176-03:00,199,0,2,50,3374,3240,28664,3500,0,40000,0x07
2026-09-06T16:29:30.194-03:00,200,0,2,50,3374,3240,28664,3500,0,40000,0x07
2026-09-06T16:29:30.212-03:00,201,0,2,50,3374,3240,28664,3500,0,40000,0x07
2026-09-06T16:29:30.233-03:00,202,0,2,51,3374,3314,28350,3500,0,40000,0x07
2026-09-06T16:29:30.257-03:00,203,0,2,51,3374,3314,28350,3500,0,40000,0x07
2026-09-06T16:29:30.276-03:00,204,0,2,50,3374,3240,28664,3500,0,40000,0x07
2026-09-06T16:29:30.294-03:00,205,0,2,50,3374,3240,28664,3500,0,40000,0x07
2026-09-06T16:29:30.312-03:00,206,0,2,50,3374,3240,28664,3500,0,40000,0x07
2026-09-06T16:29:30.336-03:00,207,0,2,51,3374,3275,28517,3500,0,40000,0x07
2026-09-06T16:29:30.356-03:00,208,0,2,51,3374,3275,28517,3500,0,40000,0x07
2026-09-06T16:29:30.373-03:00,209,0,2,51,3374,3275,28517,3500,0,40000,0x07
2026-09-06T16:29:30.397-03:00,210,0,2,54,3374,3241,28660,3500,0,40000,0x07
2026-09-06T16:29:30.417-03:00,211,0,2,54,3374,3241,28660,3500,0,40000,0x07
2026-09-06T16:29:30.434-03:00,212,0,2,52,3374,3231,28703,3500,0,40000,0x07
2026-09-06T16:29:30.454-03:00,213,0,2,52,3374,3231,28703,3500,0,40000,0x07
2026-09-06T16:29:30.472-03:00,214,0,2,52,3374,3231,28703,3500,0,40000,0x07
2026-09-06T16:29:30.496-03:00,215,0,2,50,3374,3260,28578,3500,0,40000,0x07
2026-09-06T16:29:30.517-03:00,216,0,2,50,3374,3260,28578,3500,0,40000,0x07
2026-09-06T16:29:30.555-03:00,217,0,2,50,3374,3240,28664,3500,0,40000,0x07
2026-09-06T16:29:30.555-03:00,218,0,2,50,3374,3240,28664,3500,0,40000,0x07
2026-09-06T16:29:30.593-03:00,219,0,2,50,3374,3240,28664,3500,0,40000,0x07
2026-09-06T16:29:30.593-03:00,220,0,2,50,3374,3260,28578,3500,0,40000,0x07
2026-09-06T16:29:30.635-03:00,221,0,2,50,3374,3260,28578,3500,0,40000,0x07
2026-09-06T16:29:30.635-03:00,222,0,2,53,3374,3208,28801,3500,0,40000,0x07
2026-09-06T16:29:30.656-03:00,223,0,2,53,3374,3208,28801,3500,0,40000,0x07
2026-09-06T16:29:30.674-03:00,224,0,2,53,3374,3208,28801,3500,0,40000,0x07
2026-09-06T16:29:30.692-03:00,225,0,2,50,3374,3240,28664,3500,0,40000,0x07
2026-09-06T16:29:30.716-03:00,226,0,2,50,3374,3240,28664,3500,0,40000,0x07
2026-09-06T16:29:30.736-03:00,227,0,2,50,3374,3240,28664,3500,0,40000,0x07
2026-09-06T16:29:30.754-03:00,228,0,2,53,3374,3283,28481,3500,0,40000,0x07
2026-09-06T16:29:30.777-03:00,229,0,2,53,3374,3283,28481,3500,0,40000,0x07
2026-09-06T16:29:30.796-03:00,230,0,2,50,3374,3220,28748,3500,0,40000,0x07
2026-09-06T16:29:30.832-03:00,231,0,2,50,3374,3220,28748,3500,0,40000,0x07
2026-09-06T16:29:30.832-03:00,232,0,2,50,3374,3220,28748,3500,0,40000,0x07
2026-09-06T16:29:30.855-03:00,233,0,2,53,3374,3226,28721,3500,0,40000,0x07
2026-09-06T16:29:30.874-03:00,234,0,2,53,3374,3226,28721,3500,0,40000,0x07
2026-09-06T16:29:30.892-03:00,235,0,2,50,3374,3240,28664,3500,0,40000,0x07
2026-09-06T16:29:30.914-03:00,236,0,2,50,3374,3240,28664,3500,0,40000,0x07
2026-09-06T16:29:30.934-03:00,237,0,2,50,3374,3240,28664,3500,0,40000,0x07
2026-09-06T16:29:30.957-03:00,238,0,2,50,3374,3260,28578,3500,0,40000,0x07
2026-09-06T16:29:30.975-03:00,239,0,2,50,3374,3260,28578,3500,0,40000,0x07
2026-09-06T16:29:30.995-03:00,240,0,2,52,3374,3231,28703,3500,0,40000,0x07
2026-09-06T16:29:31.013-03:00,241,0,2,52,3374,3231,28703,3500,0,40000,0x07
2026-09-06T16:29:31.036-03:00,242,0,2,52,3374,3231,28703,3500,0,40000,0x07
2026-09-06T16:29:31.053-03:00,243,0,2,50,3374,3240,28664,3500,0,40000,0x07
2026-09-06T16:29:31.073-03:00,244,0,2,50,3374,3240,28664,3500,0,40000,0x07
2026-09-06T16:29:31.097-03:00,245,0,2,53,3374,3245,28641,3500,0,40000,0x07
2026-09-06T16:29:31.115-03:00,246,0,2,53,3374,3245,28641,3500,0,40000,0x07
2026-09-06T16:29:31.133-03:00,247,0,2,53,3374,3245,28641,3500,0,40000,0x07
2026-09-06T16:29:31.157-03:00,248,0,2,50,3374,3280,28494,3500,0,40000,0x07
2026-09-06T16:29:31.175-03:00,249,0,2,50,3374,3280,28494,3500,0,40000,0x07
2026-09-06T16:29:31.193-03:00,250,0,2,50,3374,3280,28494,3500,0,40000,0x07
2026-09-06T16:29:31.215-03:00,251,0,2,52,3374,3231,28703,3500,0,40000,0x07
2026-09-06T16:29:31.234-03:00,252,0,2,52,3374,3231,28703,3500,0,40000,0x07
2026-09-06T16:29:31.252-03:00,253,0,2,55,3374,3236,28679,3500,0,40000,0x07
2026-09-06T16:29:31.275-03:00,254,0,2,55,3374,3236,28679,3500,0,40000,0x07
2026-09-06T16:29:31.295-03:00,255,0,2,55,3374,3236,28679,3500,0,40000,0x07
2026-09-06T16:29:31.314-03:00,256,0,2,50,3374,3260,28578,3500,0,40000,0x07
2026-09-06T16:29:31.332-03:00,257,0,2,50,3374,3260,28578,3500,0,40000,0x07
2026-09-06T16:29:31.355-03:00,258,0,2,54,3374,3241,28660,3500,0,40000,0x07
2026-09-06T16:29:31.372-03:00,259,0,2,54,3374,3241,28660,3500,0,40000,0x07
2026-09-06T16:29:31.394-03:00,260,0,2,54,3374,3241,28660,3500,0,40000,0x07
2026-09-06T16:29:31.414-03:00,261,0,2,50,3374,3240,28664,3500,0,40000,0x07
2026-09-06T16:29:31.432-03:00,262,0,2,50,3374,3240,28664,3500,0,40000,0x07
2026-09-06T16:29:31.455-03:00,263,0,2,50,3374,3240,28664,3500,0,40000,0x07
2026-09-06T16:29:31.475-03:00,264,0,2,51,3374,3275,28517,3500,0,40000,0x07
2026-09-06T16:29:31.494-03:00,265,0,2,51,3374,3275,28517,3500,0,40000,0x07
2026-09-06T16:29:31.512-03:00,266,0,2,56,3374,3232,28697,3500,0,40000,0x07
2026-09-06T16:29:31.535-03:00,267,0,2,56,3374,3232,28697,3500,0,40000,0x07
2026-09-06T16:29:31.553-03:00,268,0,2,56,3374,3232,28697,3500,0,40000,0x07
2026-09-06T16:29:31.574-03:00,269,0,2,50,3374,3220,28748,3500,0,40000,0x07
2026-09-06T16:29:31.597-03:00,270,0,2,50,3374,3220,28748,3500,0,40000,0x07
2026-09-06T16:29:31.615-03:00,271,0,2,50,3374,3220,28748,3500,0,40000,0x07
2026-09-06T16:29:31.636-03:00,272,0,2,54,3374,3278,28503,3500,0,40000,0x07
2026-09-06T16:29:31.656-03:00,273,0,2,54,3374,3278,28503,3500,0,40000,0x07
2026-09-06T16:29:31.676-03:00,274,0,2,51,3374,3235,28684,3500,0,40000,0x07
2026-09-06T16:29:31.693-03:00,275,0,2,51,3374,3235,28684,3500,0,40000,0x07
2026-09-06T16:29:31.713-03:00,276,0,2,51,3374,3235,28684,3500,0,40000,0x07
2026-09-06T16:29:31.732-03:00,277,0,2,51,3374,3235,28684,3500,0,40000,0x07
2026-09-06T16:29:31.756-03:00,278,0,2,51,3374,3235,28684,3500,0,40000,0x07
2026-09-06T16:29:31.775-03:00,279,0,2,52,3374,3192,28866,3500,0,40000,0x07
2026-09-06T16:29:31.793-03:00,280,0,2,52,3374,3192,28866,3500,0,40000,0x07
2026-09-06T16:29:31.816-03:00,281,0,2,52,3374,3192,28866,3500,0,40000,0x07
2026-09-06T16:29:31.834-03:00,282,0,2,54,3374,3278,28503,3500,0,40000,0x07
2026-09-06T16:29:31.854-03:00,283,0,2,54,3374,3278,28503,3500,0,40000,0x07
2026-09-06T16:29:31.875-03:00,284,0,2,50,3374,3240,28664,3500,0,40000,0x07
2026-09-06T16:29:31.893-03:00,285,0,2,50,3374,3240,28664,3500,0,40000,0x07
2026-09-06T16:29:31.916-03:00,286,0,2,50,3374,3240,28664,3500,0,40000,0x07
2026-09-06T16:29:31.934-03:00,287,0,2,51,3374,3255,28600,3500,0,40000,0x07
2026-09-06T16:29:31.954-03:00,288,0,2,51,3374,3255,28600,3500,0,40000,0x07
2026-09-06T16:29:31.974-03:00,289,0,2,57,3374,3263,28565,3500,0,40000,0x07
2026-09-06T16:29:31.992-03:00,290,0,2,57,3374,3263,28565,3500,0,40000,0x07
2026-09-06T16:29:32.014-03:00,291,0,2,57,3374,3263,28565,3500,0,40000,0x07
2026-09-06T16:29:32.032-03:00,292,0,2,57,3374,3263,28565,3500,0,40000,0x07
2026-09-06T16:29:32.055-03:00,293,0,2,54,3374,3241,28660,3500,0,40000,0x07
2026-09-06T16:29:32.073-03:00,294,0,2,54,3374,3241,28660,3500,0,40000,0x07
2026-09-06T16:29:32.096-03:00,295,0,2,53,3374,3208,28801,3500,0,40000,0x07
2026-09-06T16:29:32.116-03:00,296,0,2,53,3374,3208,28801,3500,0,40000,0x07
2026-09-06T16:29:32.134-03:00,297,0,2,53,3374,3208,28801,3500,0,40000,0x07
2026-09-06T16:29:32.152-03:00,298,0,2,51,3374,3294,28434,3500,0,40000,0x07
2026-09-06T16:29:32.175-03:00,299,0,2,51,3374,3294,28434,3500,0,40000,0x07
2026-09-06T16:29:32.193-03:00,300,0,2,52,3374,3212,28784,3500,0,40000,0x07
2026-09-06T16:29:32.216-03:00,301,0,2,52,3374,3212,28784,3500,0,40000,0x07
2026-09-06T16:29:32.234-03:00,302,0,2,52,3374,3212,28784,3500,0,40000,0x07
2026-09-06T16:29:32.253-03:00,303,0,2,50,3374,3300,28408,3500,0,40000,0x07
2026-09-06T16:29:32.272-03:00,304,0,2,50,3374,3300,28408,3500,0,40000,0x07
2026-09-06T16:29:32.292-03:00,305,0,2,50,3374,3240,28664,3500,0,40000,0x07
2026-09-06T16:29:32.334-03:00,306,0,2,50,3374,3240,28664,3500,0,40000,0x07
2026-09-06T16:29:32.334-03:00,307,0,2,50,3374,3240,28664,3500,0,40000,0x07
2026-09-06T16:29:32.373-03:00,308,0,2,50,3374,3280,28494,3500,0,40000,0x07
2026-09-06T16:29:32.373-03:00,309,0,2,50,3374,3280,28494,3500,0,40000,0x07
2026-09-06T16:29:32.396-03:00,310,0,2,50,3374,3220,28748,3500,0,40000,0x07
2026-09-06T16:29:32.432-03:00,311,0,2,50,3374,3220,28748,3500,0,40000,0x07
2026-09-06T16:29:32.456-03:00,312,0,2,50,3374,3220,28748,3500,0,40000,0x07
2026-09-06T16:29:32.456-03:00,313,0,2,50,3374,3160,29004,3500,0,40000,0x07
2026-09-06T16:29:32.474-03:00,314,0,2,50,3374,3160,29004,3500,0,40000,0x07
2026-09-06T16:29:32.492-03:00,315,0,2,50,3374,3160,29004,3500,0,40000,0x07
2026-09-06T16:29:32.515-03:00,316,0,2,52,3374,3250,28621,3500,0,40000,0x07
2026-09-06T16:29:32.535-03:00,317,0,2,52,3374,3250,28621,3500,0,40000,0x07
2026-09-06T16:29:32.553-03:00,318,0,2,55,3374,3236,28679,3500,0,40000,0x07
2026-09-06T16:29:32.577-03:00,319,0,2,55,3374,3236,28679,3500,0,40000,0x07
2026-09-06T16:29:32.595-03:00,320,0,2,55,3374,3236,28679,3500,0,40000,0x07
2026-09-06T16:29:32.614-03:00,321,0,2,51,3374,3235,28684,3500,0,40000,0x07
2026-09-06T16:29:32.632-03:00,322,0,2,51,3374,3235,28684,3500,0,40000,0x07
2026-09-06T16:29:32.654-03:00,323,0,2,52,3374,3192,28866,3500,0,40000,0x07
2026-09-06T16:29:32.672-03:00,324,0,2,52,3374,3192,28866,3500,0,40000,0x07
2026-09-06T16:29:32.694-03:00,325,0,2,52,3374,3192,28866,3500,0,40000,0x07
2026-09-06T16:29:32.712-03:00,326,0,2,50,3374,3260,28578,3500,0,40000,0x07
2026-09-06T16:29:32.754-03:00,327,0,2,50,3374,3260,28578,3500,0,40000,0x07
2026-09-06T16:29:32.774-03:00,328,0,2,50,3374,3200,28834,3500,0,40000,0x07
2026-09-06T16:29:32.794-03:00,329,0,2,50,3374,3200,28834,3500,0,40000,0x07
2026-09-06T16:29:32.812-03:00,330,0,2,51,3374,3255,28600,3500,0,40000,0x07
2026-09-06T16:29:32.834-03:00,331,0,2,51,3374,3255,28600,3500,0,40000,0x07
2026-09-06T16:29:32.854-03:00,333,0,2,51,3374,3255,28600,3500,0,40000,0x07
2026-09-06T16:29:32.876-03:00,334,0,2,53,3374,3264,28561,3500,0,40000,0x07
2026-09-06T16:29:32.894-03:00,335,0,2,53,3374,3264,28561,3500,0,40000,0x07
2026-09-06T16:29:32.915-03:00,336,0,2,56,3374,3196,28849,3500,0,40000,0x07
2026-09-06T16:29:32.933-03:00,337,0,2,56,3374,3196,28849,3500,0,40000,0x07
2026-09-06T16:29:32.955-03:00,338,0,2,56,3374,3196,28849,3500,0,40000,0x07
2026-09-06T16:29:32.973-03:00,339,0,2,50,3374,3260,28578,3500,0,40000,0x07
2026-09-06T16:29:32.995-03:00,340,0,2,50,3374,3260,28578,3500,0,40000,0x07
2026-09-06T16:29:33.013-03:00,341,0,2,50,3374,3220,28748,3500,0,40000,0x07
2026-09-06T16:29:33.037-03:00,342,0,2,50,3374,3220,28748,3500,0,40000,0x07
2026-09-06T16:29:33.055-03:00,343,0,2,50,3374,3220,28748,3500,0,40000,0x07
2026-09-06T16:29:33.073-03:00,344,0,2,50,3374,3240,28664,3500,0,40000,0x07
2026-09-06T16:29:33.095-03:00,345,0,2,50,3374,3240,28664,3500,0,40000,0x07
2026-09-06T16:29:33.115-03:00,346,0,2,50,3374,3260,28578,3500,0,40000,0x07
2026-09-06T16:29:33.135-03:00,347,0,2,50,3374,3260,28578,3500,0,40000,0x07
2026-09-06T16:29:33.153-03:00,348,0,2,50,3374,3260,28578,3500,0,40000,0x07
2026-09-06T16:29:33.175-03:00,349,0,2,50,3374,3220,28748,3500,0,40000,0x07
2026-09-06T16:29:33.195-03:00,350,0,2,50,3374,3220,28748,3500,0,40000,0x07
2026-09-06T16:29:33.212-03:00,351,0,2,50,3374,3220,28748,3500,0,40000,0x07
2026-09-06T16:29:33.234-03:00,352,0,2,53,3374,3283,28481,3500,0,40000,0x07
2026-09-06T16:29:33.252-03:00,353,0,2,53,3374,3283,28481,3500,0,40000,0x07
2026-09-06T16:29:33.277-03:00,354,0,2,55,3374,3236,28679,3500,0,40000,0x07
2026-09-06T16:29:33.295-03:00,355,0,2,55,3374,3236,28679,3500,0,40000,0x07
2026-09-06T16:29:33.336-03:00,356,0,2,55,3374,3236,28679,3500,0,40000,0x07
2026-09-06T16:29:33.337-03:00,357,0,2,52,3374,3250,28621,3500,0,40000,0x07
2026-09-06T16:29:33.353-03:00,358,0,2,52,3374,3250,28621,3500,0,40000,0x07
2026-09-06T16:29:33.377-03:00,359,0,2,52,3374,3250,28621,3500,0,40000,0x07
2026-09-06T16:29:33.395-03:00,360,0,2,53,3374,3264,28561,3500,0,40000,0x07
2026-09-06T16:29:33.413-03:00,361,0,2,53,3374,3264,28561,3500,0,40000,0x07
2026-09-06T16:29:33.434-03:00,362,0,2,51,3374,3235,28684,3500,0,40000,0x07
2026-09-06T16:29:33.452-03:00,363,0,2,51,3374,3235,28684,3500,0,40000,0x07
2026-09-06T16:29:33.474-03:00,364,0,2,51,3374,3235,28684,3500,0,40000,0x07
2026-09-06T16:29:33.492-03:00,365,0,2,51,3374,3255,28600,3500,0,40000,0x07
2026-09-06T16:29:33.515-03:00,366,0,2,51,3374,3255,28600,3500,0,40000,0x07
2026-09-06T16:29:33.533-03:00,367,0,2,54,3374,3222,28739,3500,0,40000,0x07
2026-09-06T16:29:33.553-03:00,368,0,2,54,3374,3222,28739,3500,0,40000,0x07
2026-09-06T16:29:33.575-03:00,369,0,2,54,3374,3222,28739,3500,0,40000,0x07
2026-09-06T16:29:33.593-03:00,370,0,2,50,3374,3260,28578,3500,0,40000,0x07
2026-09-06T16:29:33.616-03:00,371,0,2,50,3374,3260,28578,3500,0,40000,0x07
2026-09-06T16:29:33.636-03:00,372,0,2,52,3374,3231,28703,3500,0,40000,0x07
2026-09-06T16:29:33.654-03:00,373,0,2,52,3374,3231,28703,3500,0,40000,0x07
2026-09-06T16:29:33.677-03:00,374,0,2,52,3374,3231,28703,3500,0,40000,0x07
2026-09-06T16:29:33.695-03:00,375,0,2,51,3374,3196,28850,3500,0,40000,0x07
2026-09-06T16:29:33.717-03:00,376,0,2,51,3374,3196,28850,3500,0,40000,0x07
2026-09-06T16:29:33.756-03:00,377,0,2,51,3374,3275,28517,3500,0,40000,0x07
2026-09-06T16:29:33.756-03:00,378,0,2,51,3374,3275,28517,3500,0,40000,0x07
2026-09-06T16:29:33.792-03:00,379,0,2,51,3374,3275,28517,3500,0,40000,0x07
2026-09-06T16:29:33.792-03:00,380,0,2,51,3374,3235,28684,3500,0,40000,0x07
2026-09-06T16:29:33.816-03:00,381,0,2,51,3374,3235,28684,3500,0,40000,0x07
2026-09-06T16:29:33.834-03:00,382,0,2,51,3374,3235,28684,3500,0,40000,0x07
2026-09-06T16:29:33.857-03:00,383,0,2,50,3374,3220,28748,3500,0,40000,0x07
2026-09-06T16:29:33.874-03:00,384,0,2,50,3374,3220,28748,3500,0,40000,0x07
2026-09-06T16:29:33.893-03:00,385,0,2,56,3374,3214,28773,3500,0,40000,0x07
2026-09-06T16:29:33.934-03:00,386,0,2,56,3374,3214,28773,3500,0,40000,0x07
2026-09-06T16:29:33.934-03:00,387,0,2,56,3374,3214,28773,3500,0,40000,0x07
2026-09-06T16:29:33.972-03:00,388,0,2,50,3374,3240,28664,3500,0,40000,0x07
2026-09-06T16:29:33.972-03:00,389,0,2,50,3374,3240,28664,3500,0,40000,0x07
2026-09-06T16:29:33.995-03:00,390,0,2,50,3374,3240,28664,3500,0,40000,0x07
2026-09-06T16:29:34.034-03:00,391,0,2,50,3374,3240,28664,3500,0,40000,0x07
2026-09-06T16:29:34.034-03:00,392,0,2,50,3374,3240,28664,3500,0,40000,0x07
2026-09-06T16:29:34.053-03:00,393,0,2,51,3374,3255,28600,3500,0,40000,0x07
2026-09-06T16:29:34.073-03:00,394,0,2,51,3374,3255,28600,3500,0,40000,0x07
2026-09-06T16:29:34.114-03:00,395,0,2,51,3374,3255,28600,3500,0,40000,0x07
2026-09-06T16:29:34.133-03:00,396,0,2,53,3374,3302,28400,3500,0,40000,0x07
2026-09-06T16:29:34.177-03:00,397,0,2,53,3374,3302,28400,3500,0,40000,0x07
2026-09-06T16:29:34.195-03:00,398,0,2,50,3374,3180,28918,3500,0,40000,0x07
2026-09-06T16:29:34.213-03:00,399,0,2,50,3374,3180,28918,3500,0,40000,0x07
2026-09-06T16:29:34.236-03:00,401,0,2,51,3374,3275,28517,3500,0,40000,0x07
2026-09-06T16:29:34.275-03:00,402,0,2,56,3374,3214,28773,3500,0,40000,0x07
2026-09-06T16:29:34.275-03:00,404,0,2,56,3374,3214,28773,3500,0,40000,0x07
2026-09-06T16:29:34.296-03:00,405,0,2,56,3374,3214,28773,3500,0,40000,0x07
2026-09-06T16:29:34.316-03:00,406,0,2,56,3374,3268,28545,3500,0,40000,0x07
2026-09-06T16:29:34.334-03:00,407,0,2,56,3374,3268,28545,3500,0,40000,0x07
2026-09-06T16:29:34.372-03:00,408,0,2,56,3374,3268,28545,3500,0,40000,0x07
2026-09-06T16:29:34.372-03:00,409,0,2,50,3374,3280,28494,3500,0,40000,0x07
2026-09-06T16:29:34.415-03:00,410,0,2,50,3374,3280,28494,3500,0,40000,0x07
2026-09-06T16:29:34.436-03:00,411,0,2,53,3374,3189,28882,3500,0,40000,0x07
2026-09-06T16:29:34.454-03:00,412,0,2,53,3374,3189,28882,3500,0,40000,0x07
2026-09-06T16:29:34.474-03:00,413,0,2,51,3374,3294,28434,3500,0,40000,0x07
2026-09-06T16:29:34.496-03:00,414,0,2,51,3374,3294,28434,3500,0,40000,0x07
2026-09-06T16:29:34.532-03:00,416,0,2,51,3374,3294,28434,3500,0,40000,0x07
2026-09-06T16:29:34.532-03:00,417,0,2,53,3374,3208,28801,3500,0,40000,0x07
2026-09-06T16:29:34.556-03:00,418,0,2,53,3374,3208,28801,3500,0,40000,0x07
2026-09-06T16:29:34.576-03:00,419,0,2,55,3374,3236,28679,3500,0,40000,0x07
2026-09-06T16:29:34.594-03:00,420,0,2,55,3374,3236,28679,3500,0,40000,0x07
2026-09-06T16:29:34.614-03:00,421,0,2,55,3374,3236,28679,3500,0,40000,0x07
2026-09-06T16:29:34.635-03:00,422,0,2,50,3374,3280,28494,3500,0,40000,0x07
2026-09-06T16:29:34.654-03:00,423,0,2,50,3374,3280,28494,3500,0,40000,0x07
2026-09-06T16:29:34.677-03:00,424,0,2,51,3374,3176,28934,3500,0,40000,0x07
2026-09-06T16:29:34.712-03:00,425,0,2,51,3374,3176,28934,3500,0,40000,0x07
2026-09-06T16:29:34.712-03:00,426,0,2,51,3374,3176,28934,3500,0,40000,0x07
2026-09-06T16:29:34.754-03:00,427,0,2,50,3374,3280,28494,3500,0,40000,0x07
2026-09-06T16:29:34.793-03:00,428,0,2,50,3374,3280,28494,3500,0,40000,0x07
2026-09-06T16:29:34.815-03:00,429,0,2,50,3374,3280,28494,3500,0,40000,0x07
2026-09-06T16:29:34.832-03:00,430,0,2,52,3374,3231,28703,3500,0,40000,0x07
2026-09-06T16:29:34.855-03:00,431,0,2,51,3374,3235,28684,3500,0,40000,0x07
2026-09-06T16:29:34.873-03:00,433,0,2,51,3374,3235,28684,3500,0,40000,0x07
2026-09-06T16:29:34.896-03:00,435,0,2,52,3374,3250,28621,3500,0,40000,0x07
2026-09-06T16:29:34.913-03:00,436,0,2,52,3374,3250,28621,3500,0,40000,0x07
2026-09-06T16:29:34.937-03:00,437,0,2,52,3374,3231,28703,3500,0,40000,0x07
2026-09-06T16:29:34.954-03:00,438,0,2,52,3374,3231,28703,3500,0,40000,0x07
2026-09-06T16:29:34.977-03:00,439,0,2,52,3374,3231,28703,3500,0,40000,0x07
2026-09-06T16:29:34.995-03:00,440,0,2,50,3374,3280,28494,3500,0,40000,0x07
2026-09-06T16:29:35.014-03:00,441,0,2,50,3374,3280,28494,3500,0,40000,0x07
2026-09-06T16:29:35.054-03:00,442,0,2,55,3374,3218,28756,3500,0,40000,0x07
2026-09-06T16:29:35.077-03:00,443,0,2,55,3374,3218,28756,3500,0,40000,0x07
2026-09-06T16:29:35.077-03:00,444,0,2,55,3374,3218,28756,3500,0,40000,0x07
2026-09-06T16:29:35.134-03:00,445,0,2,51,3374,3294,28434,3500,0,40000,0x07
2026-09-06T16:29:35.134-03:00,446,0,2,51,3374,3294,28434,3500,0,40000,0x07
2026-09-06T16:29:35.155-03:00,447,0,2,51,3374,3294,28434,3500,0,40000,0x07
2026-09-06T16:29:35.194-03:00,448,0,2,54,3374,3222,28739,3500,0,40000,0x07
2026-09-06T16:29:35.194-03:00,449,0,2,53,3374,3245,28641,3500,0,40000,0x07
2026-09-06T16:29:35.217-03:00,451,0,2,53,3374,3245,28641,3500,0,40000,0x07
2026-09-06T16:29:35.254-03:00,452,0,2,53,3374,3245,28641,3500,0,40000,0x07
2026-09-06T16:29:35.254-03:00,453,0,2,50,3374,3260,28578,3500,0,40000,0x07
2026-09-06T16:29:35.273-03:00,454,0,2,50,3374,3260,28578,3500,0,40000,0x07
2026-09-06T16:29:35.295-03:00,455,0,2,52,3374,3212,28784,3500,0,40000,0x07
2026-09-06T16:29:35.313-03:00,456,0,2,52,3374,3212,28784,3500,0,40000,0x07
2026-09-06T16:29:35.332-03:00,457,0,2,52,3374,3212,28784,3500,0,40000,0x07
2026-09-06T16:29:35.356-03:00,458,0,2,51,3374,3294,28434,3500,0,40000,0x07
2026-09-06T16:29:35.394-03:00,459,0,2,51,3374,3294,28434,3500,0,40000,0x07
2026-09-06T16:29:35.394-03:00,460,0,2,54,3374,3204,28818,3500,0,40000,0x07
2026-09-06T16:29:35.414-03:00,461,0,2,54,3374,3204,28818,3500,0,40000,0x07
2026-09-06T16:29:35.436-03:00,462,0,2,54,3374,3204,28818,3500,0,40000,0x07
2026-09-06T16:29:35.454-03:00,463,0,2,52,3374,3269,28539,3500,0,40000,0x07
2026-09-06T16:29:35.474-03:00,464,0,2,52,3374,3269,28539,3500,0,40000,0x07
2026-09-06T16:29:35.513-03:00,465,0,2,52,3374,3269,28539,3500,0,40000,0x07
2026-09-06T16:29:35.536-03:00,466,0,2,50,3374,3280,28494,3500,0,40000,0x07
2026-09-06T16:29:35.553-03:00,467,0,2,50,3374,3280,28494,3500,0,40000,0x07
2026-09-06T16:29:35.596-03:00,468,0,2,50,3374,3200,28834,3500,0,40000,0x07
2026-09-06T16:29:35.597-03:00,469,0,2,50,3374,3200,28834,3500,0,40000,0x07
2026-09-06T16:29:35.615-03:00,471,0,2,50,3374,3260,28578,3500,0,40000,0x07
2026-09-06T16:29:35.635-03:00,472,0,2,50,3374,3260,28578,3500,0,40000,0x07
2026-09-06T16:29:35.955-03:00,473,0,2,53,3374,3245,28641,3500,0,40000,0x07
2026-09-06T16:29:35.996-03:00,474,0,2,53,3374,3245,28641,3500,0,40000,0x07
2026-09-06T16:29:36.012-03:00,475,0,2,53,3374,3245,28641,3500,0,40000,0x07
2026-09-06T16:29:36.034-03:00,476,0,2,50,0,0,28094,0,0,28548,0x07
2026-09-06T16:29:36.074-03:00,477,0,2,53,3374,302,40000,3500,0,40000,0x07
2026-09-06T16:29:36.157-03:00,492,0,2,53,3374,302,40000,3500,0,40000,0x07
2026-09-06T16:29:36.201-03:00,494,0,2,50,3374,3000,29684,3500,0,40000,0x07
2026-09-06T16:29:36.246-03:00,495,0,2,52,3374,3673,26823,3500,0,40000,0x07
2026-09-06T16:29:36.289-03:00,496,0,2,53,3374,3189,28882,3500,0,40000,0x07
