timestamp,sequence,team,robot_id,interval_ms,left_target_eps,left_measured_eps,left_duty,right_target_eps,right_measured_eps,right_duty,flags
2026-09-06T15:34:53.773-03:00,65535,255,0,0,0,0,0,0,0,0,0x03
2026-09-06T15:34:53.796-03:00,54,0,0,51,0,0,0,0,0,0,0x03
2026-09-06T15:34:53.814-03:00,55,0,0,51,0,0,0,0,0,0,0x03
2026-09-06T15:34:53.833-03:00,55,0,0,52,0,0,0,0,0,0,0x03
2026-09-06T15:34:53.856-03:00,55,0,0,52,0,0,0,0,0,0,0x03
2026-09-06T15:34:53.876-03:00,55,0,0,52,0,0,0,0,0,0,0x03
2026-09-06T15:34:53.894-03:00,55,0,0,51,0,0,0,0,0,0,0x03
2026-09-06T15:34:53.912-03:00,55,0,0,51,0,0,0,0,0,0,0x03
2026-09-06T15:34:53.936-03:00,55,0,0,51,0,0,0,0,0,0,0x03
2026-09-06T15:34:53.954-03:00,55,0,0,51,0,0,0,0,0,0,0x03
2026-09-06T15:34:53.977-03:00,8,0,0,53,3374,0,40000,3500,0,40000,0x07
2026-09-06T15:34:53.994-03:00,9,0,0,53,3374,0,40000,3500,0,40000,0x07
2026-09-06T15:34:54.012-03:00,10,0,0,53,3374,0,40000,3500,0,40000,0x07
2026-09-06T15:34:54.054-03:00,11,0,0,59,3374,0,40000,3500,1441,39850,0x07
2026-09-06T15:34:54.073-03:00,12,0,0,59,3374,0,40000,3500,1441,39850,0x07
2026-09-06T15:34:54.096-03:00,13,0,0,59,3374,0,40000,3500,1441,39850,0x07
2026-09-06T15:34:54.114-03:00,14,0,0,69,3374,420,40000,3500,2565,35071,0x07
2026-09-06T15:34:54.137-03:00,15,0,0,69,3374,420,40000,3500,2565,35071,0x07
2026-09-06T15:34:54.157-03:00,16,0,0,50,3374,320,40000,3500,3060,32968,0x07
2026-09-06T15:34:54.177-03:00,17,0,0,50,3374,320,40000,3500,3060,32968,0x07
2026-09-06T15:34:54.216-03:00,18,0,0,50,3374,320,40000,3500,3060,32968,0x07
2026-09-06T15:34:54.236-03:00,19,0,0,67,3374,30,40000,3500,3299,31954,0x07
2026-09-06T15:34:54.255-03:00,20,0,0,67,3374,30,40000,3500,3299,31954,0x07
2026-09-06T15:34:54.273-03:00,21,0,0,67,3374,30,40000,3500,3299,31954,0x07
2026-09-06T15:34:54.295-03:00,22,0,0,70,3374,0,40000,3500,3257,32130,0x07
2026-09-06T15:34:54.313-03:00,23,0,0,70,3374,0,40000,3500,3257,32130,0x07
2026-09-06T15:34:54.357-03:00,24,0,0,70,3374,0,40000,3500,3257,32130,0x07
2026-09-06T15:34:54.375-03:00,25,0,0,68,3374,0,40000,3500,3368,31660,0x07
2026-09-06T15:34:54.393-03:00,26,0,0,68,3374,0,40000,3500,3368,31660,0x07
2026-09-06T15:34:54.417-03:00,27,0,0,68,3374,0,40000,3500,3368,31660,0x07
2026-09-06T15:34:54.435-03:00,28,0,0,70,3374,0,40000,3500,3257,32130,0x07
2026-09-06T15:34:54.536-03:00,29,0,0,70,3374,0,40000,3500,3257,32130,0x07
2026-09-06T15:34:54.616-03:00,30,0,0,71,3374,803,40000,3500,2704,34480,0x07
2026-09-06T15:34:54.616-03:00,31,0,0,76,3374,2118,36077,3500,3053,32999,0x07
2026-09-06T15:34:54.717-03:00,32,0,0,79,3374,2316,35236,3500,2924,33546,0x07
2026-09-06T15:34:54.717-03:00,33,0,0,79,3374,2316,35236,3500,2924,33546,0x07
2026-09-06T15:34:54.776-03:00,34,0,0,81,3374,1802,37420,3500,2667,34640,0x07
2026-09-06T15:34:54.776-03:00,35,0,0,81,3374,1802,37420,3500,2667,34640,0x07
2026-09-06T15:34:54.817-03:00,39,0,0,65,3374,1169,40000,3500,2800,34073,0x07
2026-09-06T15:34:54.835-03:00,43,0,0,65,3374,1169,40000,3500,2800,34073,0x07
2026-09-06T15:34:54.915-03:00,44,0,0,75,3374,1387,39187,3500,2800,34073,0x07
2026-09-06T15:34:55.053-03:00,48,0,0,79,3374,2165,35881,3500,3038,33062,0x07
2026-09-06T15:34:55.054-03:00,49,0,0,68,3374,2324,35206,3500,2941,33473,0x07
2026-09-06T15:34:55.097-03:00,51,0,0,57,3374,2228,35611,3500,2982,33298,0x07
2026-09-06T15:34:55.157-03:00,52,0,0,55,3374,2164,35885,3500,2636,34768,0x07
2026-09-06T15:34:55.235-03:00,53,0,0,50,3374,2100,36156,3500,2520,35263,0x07
2026-09-06T15:34:55.235-03:00,55,0,0,50,3374,2100,36156,3500,2520,35263,0x07
2026-09-06T15:34:55.316-03:00,58,0,0,77,3374,1740,37684,3500,2753,34272,0x07
2026-09-06T15:34:55.316-03:00,65,0,0,77,3374,1740,37684,3500,2753,34272,0x07
2026-09-06T15:34:55.355-03:00,66,0,0,65,3374,1154,40000,3500,2708,34465,0x07
2026-09-06T15:34:55.397-03:00,68,0,0,65,3374,1154,40000,3500,2708,34465,0x07
2026-09-06T15:34:55.397-03:00,70,0,0,59,3374,712,40000,3500,2966,33367,0x07
2026-09-06T15:34:55.415-03:00,74,0,0,59,3374,712,40000,3500,2966,33367,0x07
2026-09-06T15:34:55.436-03:00,75,0,0,52,3374,500,40000,3500,3115,32733,0x07
2026-09-06T15:34:55.475-03:00,78,0,0,52,3374,500,40000,3500,3115,32733,0x07
2026-09-06T15:34:55.517-03:00,79,0,0,52,3374,500,40000,3500,3115,32733,0x07
2026-09-06T15:34:55.533-03:00,81,0,0,70,3374,0,40000,3500,3186,32434,0x07
2026-09-06T15:34:55.555-03:00,82,0,0,70,3374,0,40000,3500,3186,32434,0x07
2026-09-06T15:34:55.555-03:00,83,0,0,70,3374,0,40000,3500,3186,32434,0x07
2026-09-06T15:34:55.596-03:00,84,0,0,70,3374,0,40000,3500,3286,32009,0x07
2026-09-06T15:34:55.635-03:00,85,0,0,70,3374,0,40000,3500,3286,32009,0x07
2026-09-06T15:34:55.656-03:00,86,0,0,70,3374,0,40000,3500,3286,32009,0x07
2026-09-06T15:34:55.656-03:00,88,0,0,69,3374,0,40000,3500,3304,31930,0x07
2026-09-06T15:34:55.695-03:00,89,0,0,69,3374,0,40000,3500,3304,31930,0x07
2026-09-06T15:34:55.715-03:00,90,0,0,69,3374,0,40000,3500,3304,31930,0x07
2026-09-06T15:34:55.733-03:00,91,0,0,69,3374,0,40000,3500,3275,32053,0x07
2026-09-06T15:34:55.757-03:00,93,0,0,69,3374,0,40000,3500,3275,32053,0x07
2026-09-06T15:34:55.775-03:00,94,0,0,69,3374,0,40000,3500,3275,32053,0x07
2026-09-06T15:34:55.793-03:00,95,0,0,70,3374,0,40000,3500,3329,31827,0x07
2026-09-06T15:34:55.816-03:00,96,0,0,70,3374,0,40000,3500,3329,31827,0x07
2026-09-06T15:34:55.835-03:00,98,0,0,70,3374,0,40000,3500,3329,31827,0x07
2026-09-06T15:34:55.857-03:00,99,0,0,69,3374,0,40000,3500,3290,31991,0x07
2026-09-06T15:34:55.876-03:00,100,0,0,69,3374,0,40000,3500,3290,31991,0x07
2026-09-06T15:34:55.934-03:00,101,0,0,69,3374,0,40000,3500,3290,31991,0x07
2026-09-06T15:34:55.934-03:00,102,0,0,69,3374,0,40000,3500,3362,31683,0x07
2026-09-06T15:34:55.953-03:00,103,0,0,69,3374,0,40000,3500,3362,31683,0x07
2026-09-06T15:34:55.977-03:00,104,0,0,69,3374,0,40000,3500,3362,31683,0x07
2026-09-06T15:34:55.997-03:00,105,0,0,69,3374,0,40000,3500,3159,32545,0x07
2026-09-06T15:34:56.012-03:00,106,0,0,69,3374,0,40000,3500,3159,32545,0x07
2026-09-06T15:34:56.034-03:00,107,0,0,69,3374,0,40000,3500,3159,32545,0x07
2026-09-06T15:34:56.075-03:00,109,0,0,70,3374,0,40000,3500,3343,31766,0x07
2026-09-06T15:34:56.097-03:00,110,0,0,70,3374,0,40000,3500,3343,31766,0x07
2026-09-06T15:34:56.116-03:00,111,0,0,70,3374,0,40000,3500,3343,31766,0x07
2026-09-06T15:34:56.156-03:00,112,0,0,69,3374,0,40000,3500,3319,31868,0x07
2026-09-06T15:34:56.156-03:00,113,0,0,69,3374,0,40000,3500,3319,31868,0x07
2026-09-06T15:34:56.216-03:00,114,0,0,69,3374,0,40000,3500,3319,31868,0x07
2026-09-06T15:34:56.234-03:00,115,0,0,69,3374,0,40000,3500,3406,31498,0x07
2026-09-06T15:34:56.234-03:00,116,0,0,69,3374,0,40000,3500,3406,31498,0x07
2026-09-06T15:34:56.257-03:00,117,0,0,69,3374,0,40000,3500,3406,31498,0x07
2026-09-06T15:34:56.275-03:00,118,0,0,69,3374,0,40000,3500,3203,32361,0x07
2026-09-06T15:34:56.293-03:00,120,0,0,69,3374,0,40000,3500,3203,32361,0x07
2026-09-06T15:34:56.316-03:00,121,0,0,69,3374,0,40000,3500,3203,32361,0x07
2026-09-06T15:34:56.353-03:00,123,0,0,70,3374,0,40000,3500,3329,31827,0x07
2026-09-06T15:34:56.374-03:00,124,0,0,70,3374,0,40000,3500,3329,31827,0x07
2026-09-06T15:34:56.395-03:00,125,0,0,70,3374,0,40000,3500,3329,31827,0x07
2026-09-06T15:34:56.416-03:00,126,0,0,68,3374,0,40000,3500,3294,31973,0x07
2026-09-06T15:34:56.457-03:00,127,0,0,68,3374,0,40000,3500,3294,31973,0x07
2026-09-06T15:34:56.475-03:00,128,0,0,50,3374,180,40000,3500,3240,32203,0x07
2026-09-06T15:34:56.493-03:00,129,0,0,50,3374,180,40000,3500,3240,32203,0x07
2026-09-06T15:34:56.517-03:00,130,0,0,50,3374,180,40000,3500,3240,32203,0x07
2026-09-06T15:34:56.554-03:00,131,0,0,70,3374,0,40000,3500,3314,31887,0x07
2026-09-06T15:34:56.554-03:00,132,0,0,70,3374,0,40000,3500,3314,31887,0x07
2026-09-06T15:34:56.575-03:00,134,0,0,70,3374,0,40000,3500,3314,31887,0x07
2026-09-06T15:34:56.596-03:00,136,0,0,70,3374,0,40000,3500,3357,31705,0x07
2026-09-06T15:34:56.633-03:00,137,0,0,70,3374,0,40000,3500,3357,31705,0x07
2026-09-06T15:34:56.654-03:00,138,0,0,70,3374,0,40000,3500,3357,31705,0x07
2026-09-06T15:34:56.675-03:00,139,0,0,69,3374,0,40000,3500,3333,31806,0x07
2026-09-06T15:34:56.693-03:00,140,0,0,69,3374,0,40000,3500,3333,31806,0x07
2026-09-06T15:34:56.714-03:00,141,0,0,69,3374,0,40000,3500,3333,31806,0x07
2026-09-06T15:34:56.733-03:00,142,0,0,70,3374,0,40000,3500,3200,32373,0x07
2026-09-06T15:34:56.755-03:00,143,0,0,70,3374,0,40000,3500,3200,32373,0x07
2026-09-06T15:34:56.776-03:00,144,0,0,70,3374,0,40000,3500,3200,32373,0x07
2026-09-06T15:34:56.814-03:00,145,0,0,69,3374,0,40000,3500,3319,31868,0x07
2026-09-06T15:34:56.834-03:00,147,0,0,69,3374,0,40000,3500,3319,31868,0x07
2026-09-06T15:34:56.856-03:00,148,0,0,69,3374,0,40000,3500,3319,31868,0x07
2026-09-06T15:34:56.876-03:00,149,0,0,68,3374,0,40000,3500,3294,31973,0x07
2026-09-06T15:34:56.917-03:00,150,0,0,68,3374,0,40000,3500,3294,31973,0x07
2026-09-06T15:34:56.957-03:00,151,0,0,68,3374,1000,40000,3500,2926,33536,0x07
2026-09-06T15:34:57.057-03:00,152,0,0,66,3374,2045,36387,3500,3030,33094,0x07
2026-09-06T15:34:57.133-03:00,153,0,0,87,3374,2517,34382,3500,3161,32539,0x07
2026-09-06T15:34:57.197-03:00,154,0,0,69,3374,2449,34671,3500,2797,34085,0x07
2026-09-06T15:34:57.256-03:00,155,0,0,67,3374,2597,34043,3500,2731,34365,0x07
2026-09-06T15:34:57.317-03:00,157,0,0,67,3374,2552,34233,3500,2746,34301,0x07
2026-09-06T15:34:57.394-03:00,158,0,0,66,3374,2576,34134,3500,2803,34060,0x07
2026-09-06T15:34:57.515-03:00,161,0,0,66,3374,2682,33683,3500,2621,34833,0x07
2026-09-06T15:34:57.574-03:00,165,0,0,60,3374,2650,33818,3500,2667,34640,0x07
2026-09-06T15:34:57.633-03:00,169,0,0,58,3374,2552,34236,3500,2586,34982,0x07
2026-09-06T15:34:57.693-03:00,172,0,0,62,3374,2613,33976,3500,2710,34457,0x07
2026-09-06T15:34:57.714-03:00,175,0,0,61,3374,2607,34003,3500,2541,35174,0x07
2026-09-06T15:34:57.754-03:00,179,0,0,63,3374,2635,33882,3500,2746,34302,0x07
2026-09-06T15:34:57.812-03:00,182,0,0,56,3374,2357,35063,3500,2286,36259,0x07
2026-09-06T15:34:57.896-03:00,188,0,0,66,3374,2591,34069,3500,2561,35090,0x07
2026-09-06T15:34:57.954-03:00,191,0,0,76,3374,2816,33113,3500,2592,34957,0x07
2026-09-06T15:34:58.013-03:00,194,0,0,61,3374,2705,33585,3500,2328,36080,0x07
2026-09-06T15:34:58.074-03:00,197,0,0,64,3374,2812,33127,3500,2688,34551,0x07
2026-09-06T15:34:58.133-03:00,198,0,0,57,3374,2649,33822,3500,2333,36056,0x07
2026-09-06T15:34:58.193-03:00,201,0,0,56,3374,2696,33621,3500,2429,35652,0x07
2026-09-06T15:34:58.315-03:00,203,0,0,63,3374,2683,33680,3500,2476,35449,0x07
2026-09-06T15:34:58.315-03:00,207,0,0,57,3374,2632,33896,3500,2474,35460,0x07
2026-09-06T15:34:58.357-03:00,210,0,0,55,3374,2491,34494,3500,2473,35464,0x07
2026-09-06T15:34:58.394-03:00,213,0,0,55,3374,2491,34494,3500,2473,35464,0x07
2026-09-06T15:34:58.474-03:00,216,0,0,80,3374,2275,35412,3500,2612,34870,0x07
2026-09-06T15:34:58.474-03:00,219,0,0,80,3374,2275,35412,3500,2612,34870,0x07
2026-09-06T15:34:58.575-03:00,222,0,0,81,3374,2025,36476,3500,2543,35164,0x07
2026-09-06T15:34:58.635-03:00,228,0,0,56,3374,2411,34835,3500,2536,35196,0x07
2026-09-06T15:34:58.717-03:00,229,0,0,59,3374,2576,34131,3500,2729,34376,0x07
2026-09-06T15:34:58.717-03:00,231,0,0,60,3374,2450,34668,3500,2417,35702,0x07
2026-09-06T15:34:58.775-03:00,233,0,0,66,3374,2758,33361,3500,2530,35219,0x07
2026-09-06T15:34:58.817-03:00,236,0,0,57,3374,2667,33747,3500,2333,36056,0x07
2026-09-06T15:34:58.916-03:00,237,0,0,56,3374,2429,34759,3500,2375,35879,0x07
2026-09-06T15:34:58.932-03:00,241,0,0,50,3374,2300,35306,3500,2300,36198,0x07
2026-09-06T15:34:58.974-03:00,245,0,0,50,3374,2300,35306,3500,2300,36198,0x07
2026-09-06T15:34:59.013-03:00,248,0,0,84,3374,2190,35771,3500,2524,35247,0x07
2026-09-06T15:34:59.056-03:00,249,0,0,84,3374,2190,35771,3500,2524,35247,0x07
2026-09-06T15:34:59.097-03:00,251,0,0,92,3374,2228,35610,3500,2641,34747,0x07
2026-09-06T15:34:59.133-03:00,254,0,0,92,3374,2228,35610,3500,2641,34747,0x07
2026-09-06T15:34:59.177-03:00,258,0,0,85,3374,2165,35880,3500,2659,34673,0x07
2026-09-06T15:34:59.275-03:00,259,0,0,85,3374,2165,35880,3500,2659,34673,0x07
2026-09-06T15:34:59.333-03:00,261,0,0,86,3374,2186,35790,3500,2570,35051,0x07
2026-09-06T15:34:59.356-03:00,263,0,0,52,3374,2442,34701,3500,2519,35266,0x07
2026-09-06T15:34:59.395-03:00,265,0,0,58,3374,2293,35335,3500,2466,35495,0x07
2026-09-06T15:34:59.513-03:00,267,0,0,63,3374,2095,36176,3500,2238,36461,0x07
2026-09-06T15:34:59.536-03:00,269,0,0,58,3374,2517,34382,3500,2362,35934,0x07
2026-09-06T15:34:59.553-03:00,271,0,0,60,3374,2617,33960,3500,2667,34640,0x07
2026-09-06T15:34:59.596-03:00,276,0,0,60,3374,2617,33960,3500,2667,34640,0x07
2026-09-06T15:34:59.617-03:00,280,0,0,62,3374,2613,33976,3500,1500,39598,0x07
2026-09-06T15:34:59.635-03:00,281,0,0,62,3374,2613,33976,3500,1500,39598,0x07
2026-09-06T15:34:59.653-03:00,282,0,0,62,3374,2613,33976,3500,1500,39598,0x07
2026-09-06T15:34:59.713-03:00,289,0,0,63,3374,2714,33545,3500,286,40000,0x07
2026-09-06T15:34:59.713-03:00,290,0,0,63,3374,2714,33545,3500,286,40000,0x07
2026-09-06T15:34:59.736-03:00,291,0,0,63,3374,2714,33545,3500,286,40000,0x07
2026-09-06T15:34:59.755-03:00,292,0,0,62,3374,2871,32879,3500,16,40000,0x07
2026-09-06T15:34:59.773-03:00,294,0,0,62,3374,2871,32879,3500,16,40000,0x07
2026-09-06T15:34:59.796-03:00,295,0,0,62,3374,2871,32879,3500,16,40000,0x07
2026-09-06T15:34:59.817-03:00,296,0,0,61,3374,2852,32958,3500,148,40000,0x07
2026-09-06T15:34:59.837-03:00,298,0,0,61,3374,2852,32958,3500,148,40000,0x07
2026-09-06T15:34:59.855-03:00,299,0,0,61,3374,2852,32958,3500,148,40000,0x07
2026-09-06T15:34:59.873-03:00,300,0,0,59,3374,2542,34275,3500,0,40000,0x07
2026-09-06T15:34:59.896-03:00,301,0,0,59,3374,2542,34275,3500,0,40000,0x07
2026-09-06T15:34:59.915-03:00,302,0,0,59,3374,2542,34275,3500,0,40000,0x07
2026-09-06T15:34:59.933-03:00,303,0,0,59,3374,2780,33267,3500,0,40000,0x07
2026-09-06T15:34:59.957-03:00,304,0,0,59,3374,2780,33267,3500,0,40000,0x07
2026-09-06T15:34:59.975-03:00,305,0,0,59,3374,2780,33267,3500,0,40000,0x07
2026-09-06T15:34:59.993-03:00,306,0,0,61,3374,2934,32609,3500,0,40000,0x07
2026-09-06T15:35:00.013-03:00,307,0,0,61,3374,2934,32609,3500,0,40000,0x07
2026-09-06T15:35:00.036-03:00,308,0,0,61,3374,2934,32609,3500,0,40000,0x07
2026-09-06T15:35:00.054-03:00,309,0,0,62,3374,2919,32673,3500,0,40000,0x07
2026-09-06T15:35:00.073-03:00,310,0,0,62,3374,2919,32673,3500,0,40000,0x07
2026-09-06T15:35:00.093-03:00,311,0,0,62,3374,2919,32673,3500,0,40000,0x07
2026-09-06T15:35:00.117-03:00,312,0,0,56,3374,2518,34380,3500,0,40000,0x07
2026-09-06T15:35:00.135-03:00,313,0,0,56,3374,2518,34380,3500,0,40000,0x07
2026-09-06T15:35:00.153-03:00,314,0,0,56,3374,2518,34380,3500,0,40000,0x07
2026-09-06T15:35:00.176-03:00,315,0,0,54,3374,2352,35085,3500,0,40000,0x07
2026-09-06T15:35:00.197-03:00,316,0,0,54,3374,2352,35085,3500,0,40000,0x07
2026-09-06T15:35:00.217-03:00,317,0,0,54,3374,2352,35085,3500,0,40000,0x07
2026-09-06T15:35:00.236-03:00,318,0,0,59,3374,2576,34131,3500,0,40000,0x07
2026-09-06T15:35:00.257-03:00,319,0,0,59,3374,2576,34131,3500,0,40000,0x07
2026-09-06T15:35:00.274-03:00,320,0,0,59,3374,2576,34131,3500,0,40000,0x07
2026-09-06T15:35:00.297-03:00,321,0,0,61,3374,2902,32749,3500,0,40000,0x07
2026-09-06T15:35:00.314-03:00,322,0,0,61,3374,2902,32749,3500,0,40000,0x07
2026-09-06T15:35:00.332-03:00,323,0,0,61,3374,2902,32749,3500,0,40000,0x07
2026-09-06T15:35:00.356-03:00,324,0,0,63,3374,2857,32938,3500,159,40000,0x07
2026-09-06T15:35:00.374-03:00,325,0,0,63,3374,2857,32938,3500,159,40000,0x07
2026-09-06T15:35:00.416-03:00,326,0,0,71,3374,2662,33767,3500,1451,39808,0x07
2026-09-06T15:35:00.536-03:00,327,0,0,55,3374,2800,33180,3500,2073,37164,0x07
2026-09-06T15:35:00.554-03:00,328,0,0,63,3374,2841,33005,3500,2365,35921,0x07
2026-09-06T15:35:00.613-03:00,329,0,0,61,3374,2607,34003,3500,2328,36080,0x07
2026-09-06T15:35:00.672-03:00,330,0,0,71,3374,2901,32750,3500,2592,34959,0x07
2026-09-06T15:35:00.732-03:00,331,0,0,67,3374,2776,33282,3500,2642,34745,0x07
2026-09-06T15:35:00.793-03:00,332,0,0,59,3374,2593,34059,3500,2508,35312,0x07
2026-09-06T15:35:00.857-03:00,334,0,0,58,3374,2638,33869,3500,2448,35568,0x07
2026-09-06T15:35:00.917-03:00,339,0,0,61,3374,2672,33724,3500,2525,35243,0x07
2026-09-06T15:35:00.973-03:00,340,0,0,60,3374,2633,33889,3500,2533,35206,0x07
2026-09-06T15:35:01.033-03:00,343,0,0,60,3374,2633,33889,3500,2533,35206,0x07
2026-09-06T15:35:01.033-03:00,346,0,0,70,3374,2557,34213,3500,1786,38384,0x07
2026-09-06T15:35:01.073-03:00,350,0,0,70,3374,2557,34213,3500,1786,38384,0x07
2026-09-06T15:35:01.094-03:00,352,0,0,70,3374,2557,34213,3500,1786,38384,0x07
2026-09-06T15:35:01.094-03:00,355,0,0,64,3374,2391,34920,3500,391,40000,0x07
2026-09-06T15:35:01.117-03:00,359,0,0,64,3374,2391,34920,3500,391,40000,0x07
2026-09-06T15:35:01.133-03:00,361,0,0,64,3374,2391,34920,3500,391,40000,0x07
2026-09-06T15:35:01.175-03:00,364,0,0,58,3374,2690,33649,3500,0,40000,0x07
2026-09-06T15:35:01.175-03:00,365,0,0,58,3374,2690,33649,3500,0,40000,0x07
2026-09-06T15:35:01.217-03:00,366,0,0,58,3374,2690,33649,3500,0,40000,0x07
2026-09-06T15:35:01.235-03:00,367,0,0,62,3374,2935,32605,3500,0,40000,0x07
2026-09-06T15:35:01.255-03:00,368,0,0,62,3374,2935,32605,3500,0,40000,0x07
2026-09-06T15:35:01.274-03:00,369,0,0,62,3374,2935,32605,3500,0,40000,0x07
2026-09-06T15:35:01.297-03:00,370,0,0,62,3374,2968,32468,3500,0,40000,0x07
2026-09-06T15:35:01.313-03:00,371,0,0,62,3374,2968,32468,3500,0,40000,0x07
2026-09-06T15:35:01.336-03:00,372,0,0,62,3374,2968,32468,3500,0,40000,0x07
2026-09-06T15:35:01.355-03:00,374,0,0,61,3374,2951,32540,3500,0,40000,0x07
2026-09-06T15:35:01.373-03:00,375,0,0,61,3374,2951,32540,3500,0,40000,0x07
2026-09-06T15:35:01.393-03:00,376,0,0,61,3374,2951,32540,3500,0,40000,0x07
2026-09-06T15:35:01.417-03:00,377,0,0,61,3374,2885,32818,3500,0,40000,0x07
2026-09-06T15:35:01.435-03:00,378,0,0,61,3374,2885,32818,3500,0,40000,0x07
2026-09-06T15:35:01.454-03:00,379,0,0,61,3374,2885,32818,3500,0,40000,0x07
2026-09-06T15:35:01.477-03:00,380,0,0,61,3374,2770,33306,3500,0,40000,0x07
2026-09-06T15:35:01.496-03:00,381,0,0,61,3374,2770,33306,3500,0,40000,0x07
2026-09-06T15:35:01.514-03:00,382,0,0,61,3374,2770,33306,3500,0,40000,0x07
2026-09-06T15:35:01.532-03:00,383,0,0,60,3374,2833,33039,3500,0,40000,0x07
2026-09-06T15:35:01.553-03:00,384,0,0,60,3374,2833,33039,3500,0,40000,0x07
2026-09-06T15:35:01.577-03:00,385,0,0,60,3374,2833,33039,3500,0,40000,0x07
2026-09-06T15:35:01.596-03:00,386,0,0,61,3374,2803,33167,3500,0,40000,0x07
2026-09-06T15:35:01.614-03:00,387,0,0,61,3374,2803,33167,3500,0,40000,0x07
2026-09-06T15:35:01.637-03:00,388,0,0,61,3374,2803,33167,3500,0,40000,0x07
2026-09-06T15:35:01.655-03:00,389,0,0,61,3374,2951,32540,3500,0,40000,0x07
2026-09-06T15:35:01.673-03:00,390,0,0,61,3374,2951,32540,3500,0,40000,0x07
2026-09-06T15:35:01.693-03:00,391,0,0,61,3374,2951,32540,3500,0,40000,0x07
2026-09-06T15:35:01.716-03:00,392,0,0,60,3374,2667,33747,3500,0,40000,0x07
2026-09-06T15:35:01.735-03:00,393,0,0,60,3374,2667,33747,3500,0,40000,0x07
2026-09-06T15:35:01.753-03:00,394,0,0,60,3374,2667,33747,3500,0,40000,0x07
2026-09-06T15:35:01.776-03:00,395,0,0,57,3374,2544,34269,3500,0,40000,0x07
2026-09-06T15:35:01.795-03:00,396,0,0,57,3374,2544,34269,3500,0,40000,0x07
2026-09-06T15:35:01.815-03:00,397,0,0,57,3374,2544,34269,3500,0,40000,0x07
2026-09-06T15:35:01.833-03:00,398,0,0,60,3374,2767,33322,3500,0,40000,0x07
2026-09-06T15:35:01.857-03:00,399,0,0,60,3374,2767,33322,3500,0,40000,0x07
2026-09-06T15:35:01.877-03:00,400,0,0,60,3374,2767,33322,3500,0,40000,0x07
2026-09-06T15:35:01.895-03:00,401,0,0,62,3374,2935,32605,3500,0,40000,0x07
2026-09-06T15:35:01.914-03:00,402,0,0,62,3374,2935,32605,3500,0,40000,0x07
2026-09-06T15:35:01.996-03:00,403,0,0,63,3374,2778,33275,3500,1159,40000,0x07
2026-09-06T15:35:01.996-03:00,404,0,0,63,3374,2778,33275,3500,1159,40000,0x07
2026-09-06T15:35:02.073-03:00,405,0,0,97,3374,2825,33075,3500,2082,37122,0x07
2026-09-06T15:35:02.157-03:00,406,0,0,87,3374,2989,32379,3500,2586,34982,0x07
2026-09-06T15:35:02.216-03:00,407,0,0,72,3374,2833,33039,3500,2583,34994,0x07
2026-09-06T15:35:02.356-03:00,408,0,0,65,3374,2738,33442,3500,2554,35119,0x07
2026-09-06T15:35:02.356-03:00,409,0,0,65,3374,2846,32984,3500,2631,34792,0x07
2026-09-06T15:35:02.417-03:00,412,0,0,70,3374,2614,33970,3500,2771,34194,0x07
2026-09-06T15:35:02.477-03:00,413,0,0,66,3374,2742,33425,3500,2742,34318,0x07
2026-09-06T15:35:02.554-03:00,416,0,0,62,3374,2694,33633,3500,2613,34868,0x07
2026-09-06T15:35:02.694-03:00,420,0,0,63,3374,2603,34017,3500,2444,35584,0x07
2026-09-06T15:35:02.694-03:00,423,0,0,69,3374,2841,33008,3500,2812,34024,0x07
2026-09-06T15:35:02.735-03:00,430,0,0,68,3374,2632,33893,3500,2882,33723,0x07
2026-09-06T15:35:02.855-03:00,431,0,0,57,3374,2526,34344,3500,2561,35087,0x07
2026-09-06T15:35:02.873-03:00,434,0,0,57,3374,2368,35015,3500,2421,35684,0x07
2026-09-06T15:35:02.937-03:00,437,0,0,66,3374,2485,34520,3500,2455,35541,0x07
2026-09-06T15:35:02.996-03:00,440,0,0,69,3374,2826,33070,3500,2667,34640,0x07
2026-09-06T15:35:03.055-03:00,447,0,0,70,3374,2800,33180,3500,2571,35044,0x07
2026-09-06T15:35:03.115-03:00,448,0,0,55,3374,2655,33799,3500,2382,35850,0x07
2026-09-06T15:35:03.157-03:00,450,0,0,55,3374,2655,33799,3500,2382,35850,0x07
2026-09-06T15:35:03.215-03:00,455,0,0,101,3374,2604,34014,3500,2347,36000,0x07
2026-09-06T15:35:03.273-03:00,456,0,0,57,3374,2579,34120,3500,2491,35385,0x07
2026-09-06T15:35:03.395-03:00,459,0,0,57,3374,2596,34045,3500,2456,35534,0x07
2026-09-06T15:35:03.395-03:00,462,0,0,58,3374,2534,34309,3500,2586,34982,0x07
2026-09-06T15:35:03.434-03:00,466,0,0,56,3374,2482,34531,3500,2429,35652,0x07
2026-09-06T15:35:03.494-03:00,468,0,0,52,3374,2365,35028,3500,2404,35757,0x07
2026-09-06T15:35:03.536-03:00,470,0,0,55,3374,2473,34571,3500,2309,36159,0x07
2026-09-06T15:35:03.574-03:00,474,0,0,55,3374,2473,34571,3500,2309,36159,0x07
2026-09-06T15:35:03.594-03:00,476,0,0,62,3374,2645,33839,3500,1532,39461,0x07
2026-09-06T15:35:03.616-03:00,482,0,0,62,3374,2645,33839,3500,1532,39461,0x07
2026-09-06T15:35:03.652-03:00,483,0,0,52,3374,2769,33311,3500,846,40000,0x07
2026-09-06T15:35:03.737-03:00,485,0,0,52,3374,2769,33311,3500,846,40000,0x07
2026-09-06T15:35:03.797-03:00,488,0,0,69,3374,2826,33070,3500,1406,39998,0x07
2026-09-06T15:35:03.797-03:00,490,0,0,69,3374,2826,33070,3500,1406,39998,0x07
2026-09-06T15:35:03.841-03:00,491,0,0,88,3374,2739,33441,3500,1841,38149,0x07
2026-09-06T15:35:03.885-03:00,493,0,0,57,3374,2281,35388,3500,1632,39039,0x07
