timestamp,sequence,team,robot_id,interval_ms,left_target_eps,left_measured_eps,left_duty,right_target_eps,right_measured_eps,right_duty,flags
2026-09-06T12:31:30.338-03:00,65535,255,0,0,0,0,0,0,0,0,0x03
2026-09-06T12:31:30.361-03:00,192,0,0,51,0,0,0,0,0,0,0x03
2026-09-06T12:31:30.378-03:00,193,0,0,50,0,0,0,0,0,0,0x03
2026-09-06T12:31:30.398-03:00,193,0,0,50,0,0,0,0,0,0,0x03
2026-09-06T12:31:30.422-03:00,193,0,0,50,0,0,0,0,0,0,0x03
2026-09-06T12:31:30.440-03:00,193,0,0,50,0,0,0,0,0,0,0x03
2026-09-06T12:31:30.463-03:00,193,0,0,50,0,0,0,0,0,0,0x03
2026-09-06T12:31:30.481-03:00,193,0,0,50,0,0,0,0,0,0,0x03
2026-09-06T12:31:30.502-03:00,193,0,0,50,0,0,0,0,0,0,0x03
2026-09-06T12:31:30.520-03:00,193,0,0,50,0,0,0,0,0,0,0x03
2026-09-06T12:31:30.539-03:00,8,0,0,53,0,0,28094,0,0,28548,0x07
2026-09-06T12:31:30.562-03:00,9,0,0,53,0,0,28094,0,0,28548,0x07
2026-09-06T12:31:30.582-03:00,10,0,0,55,3374,0,40000,3500,0,40000,0x07
2026-09-06T12:31:30.600-03:00,11,0,0,55,3374,0,40000,3500,0,40000,0x07
2026-09-06T12:31:30.618-03:00,12,0,0,55,3374,0,40000,3500,0,40000,0x07
2026-09-06T12:31:30.641-03:00,13,0,0,50,3374,0,40000,3500,0,40000,0x07
2026-09-06T12:31:30.680-03:00,14,0,0,50,3374,0,40000,3500,0,40000,0x07
2026-09-06T12:31:30.680-03:00,15,0,0,54,3374,0,40000,3500,0,40000,0x07
2026-09-06T12:31:30.699-03:00,16,0,0,54,3374,0,40000,3500,0,40000,0x07
2026-09-06T12:31:30.722-03:00,17,0,0,54,3374,0,40000,3500,0,40000,0x07
2026-09-06T12:31:30.740-03:00,18,0,0,50,3374,0,40000,3500,0,40000,0x07
2026-09-06T12:31:30.778-03:00,19,0,0,50,3374,0,40000,3500,0,40000,0x07
2026-09-06T12:31:30.801-03:00,20,0,0,51,3374,0,40000,3500,0,40000,0x07
2026-09-06T12:31:30.818-03:00,21,0,0,51,3374,0,40000,3500,0,40000,0x07
2026-09-06T12:31:30.839-03:00,22,0,0,51,3374,0,40000,3500,0,40000,0x07
2026-09-06T12:31:30.862-03:00,23,0,0,50,3374,0,40000,3500,0,40000,0x07
2026-09-06T12:31:30.880-03:00,24,0,0,50,3374,0,40000,3500,0,40000,0x07
2026-09-06T12:31:30.898-03:00,25,0,0,50,3374,0,40000,3500,0,40000,0x07
2026-09-06T12:31:30.918-03:00,26,0,0,51,3374,0,40000,3500,0,40000,0x07
2026-09-06T12:31:30.938-03:00,27,0,0,51,3374,0,40000,3500,0,40000,0x07
2026-09-06T12:31:30.960-03:00,28,0,0,53,3374,0,40000,3500,0,40000,0x07
2026-09-06T12:31:30.978-03:00,29,0,0,53,3374,0,40000,3500,0,40000,0x07
2026-09-06T12:31:31.001-03:00,30,0,0,53,3374,0,40000,3500,0,40000,0x07
2026-09-06T12:31:31.021-03:00,31,0,0,51,3374,0,40000,3500,0,40000,0x07
2026-09-06T12:31:31.039-03:00,32,0,0,51,3374,0,40000,3500,0,40000,0x07
2026-09-06T12:31:31.062-03:00,33,0,0,52,3374,0,40000,3500,0,40000,0x07
2026-09-06T12:31:31.082-03:00,34,0,0,52,3374,0,40000,3500,0,40000,0x07
2026-09-06T12:31:31.100-03:00,35,0,0,52,3374,0,40000,3500,0,40000,0x07
2026-09-06T12:31:31.122-03:00,36,0,0,50,3374,0,40000,3500,0,40000,0x07
2026-09-06T12:31:31.140-03:00,37,0,0,50,3374,0,40000,3500,0,40000,0x07
2026-09-06T12:31:31.160-03:00,38,0,0,50,3374,0,40000,3500,0,40000,0x07
2026-09-06T12:31:31.198-03:00,39,0,0,54,3374,0,40000,3500,0,40000,0x07
2026-09-06T12:31:31.198-03:00,40,0,0,54,3374,0,40000,3500,0,40000,0x07
2026-09-06T12:31:31.221-03:00,41,0,0,51,3374,0,40000,3500,0,40000,0x07
2026-09-06T12:31:31.239-03:00,42,0,0,51,3374,0,40000,3500,0,40000,0x07
2026-09-06T12:31:31.262-03:00,43,0,0,51,3374,0,40000,3500,0,40000,0x07
2026-09-06T12:31:31.280-03:00,44,0,0,51,3374,0,40000,3500,0,40000,0x07
2026-09-06T12:31:31.300-03:00,45,0,0,51,3374,0,40000,3500,0,40000,0x07
2026-09-06T12:31:31.318-03:00,46,0,0,56,3374,0,40000,3500,0,40000,0x07
2026-09-06T12:31:31.338-03:00,47,0,0,56,3374,0,40000,3500,0,40000,0x07
2026-09-06T12:31:31.362-03:00,48,0,0,56,3374,0,40000,3500,0,40000,0x07
2026-09-06T12:31:31.379-03:00,49,0,0,56,3374,0,40000,3500,0,40000,0x07
2026-09-06T12:31:31.403-03:00,50,0,0,56,3374,0,40000,3500,0,40000,0x07
2026-09-06T12:31:31.421-03:00,51,0,0,56,3374,0,40000,3500,0,40000,0x07
2026-09-06T12:31:31.438-03:00,52,0,0,50,3374,0,40000,3500,0,40000,0x07
2026-09-06T12:31:31.461-03:00,53,0,0,50,3374,0,40000,3500,0,40000,0x07
2026-09-06T12:31:31.479-03:00,54,0,0,54,3374,0,40000,3500,0,40000,0x07
2026-09-06T12:31:31.502-03:00,55,0,0,54,3374,0,40000,3500,0,40000,0x07
2026-09-06T12:31:31.520-03:00,56,0,0,54,3374,0,40000,3500,0,40000,0x07
2026-09-06T12:31:31.538-03:00,57,0,0,56,3374,0,40000,3500,0,40000,0x07
2026-09-06T12:31:31.560-03:00,58,0,0,56,3374,0,40000,3500,0,40000,0x07
2026-09-06T12:31:31.578-03:00,59,0,0,56,3374,0,40000,3500,0,40000,0x07
2026-09-06T12:31:31.602-03:00,60,0,0,50,3374,0,40000,3500,0,40000,0x07
2026-09-06T12:31:31.619-03:00,61,0,0,50,3374,0,40000,3500,0,40000,0x07
2026-09-06T12:31:31.639-03:00,62,0,0,50,3374,0,40000,3500,0,40000,0x07
2026-09-06T12:31:31.659-03:00,63,0,0,53,3374,0,40000,3500,0,40000,0x07
2026-09-06T12:31:31.682-03:00,64,0,0,53,3374,0,40000,3500,0,40000,0x07
2026-09-06T12:31:31.700-03:00,65,0,0,57,3374,0,40000,3500,0,40000,0x07
2026-09-06T12:31:31.718-03:00,66,0,0,57,3374,0,40000,3500,0,40000,0x07
2026-09-06T12:31:31.741-03:00,67,0,0,57,3374,0,40000,3500,0,40000,0x07
2026-09-06T12:31:31.759-03:00,68,0,0,50,3374,0,40000,3500,0,40000,0x07
2026-09-06T12:31:31.782-03:00,69,0,0,50,3374,0,40000,3500,0,40000,0x07
2026-09-06T12:31:31.800-03:00,70,0,0,52,3374,0,40000,3500,0,40000,0x07
2026-09-06T12:31:31.818-03:00,71,0,0,52,3374,0,40000,3500,0,40000,0x07
2026-09-06T12:31:31.841-03:00,72,0,0,52,3374,0,40000,3500,0,40000,0x07
2026-09-06T12:31:31.859-03:00,73,0,0,50,3374,0,40000,3500,0,40000,0x07
2026-09-06T12:31:31.882-03:00,74,0,0,50,3374,0,40000,3500,0,40000,0x07
2026-09-06T12:31:31.901-03:00,75,0,0,51,3374,0,40000,3500,0,40000,0x07
2026-09-06T12:31:31.918-03:00,76,0,0,51,3374,0,40000,3500,0,40000,0x07
2026-09-06T12:31:31.939-03:00,77,0,0,51,3374,0,40000,3500,0,40000,0x07
2026-09-06T12:31:31.962-03:00,78,0,0,51,3374,0,40000,3500,0,40000,0x07
2026-09-06T12:31:31.980-03:00,79,0,0,51,3374,0,40000,3500,0,40000,0x07
2026-09-06T12:31:32.020-03:00,80,0,0,51,3374,0,40000,3500,0,40000,0x07
2026-09-06T12:31:32.059-03:00,81,0,0,51,3374,0,40000,3500,0,40000,0x07
2026-09-06T12:31:32.082-03:00,82,0,0,50,3374,0,40000,3500,0,40000,0x07
2026-09-06T12:31:32.100-03:00,83,0,0,50,3374,0,40000,3500,0,40000,0x07
2026-09-06T12:31:32.118-03:00,84,0,0,52,3374,0,40000,3500,0,40000,0x07
2026-09-06T12:31:32.141-03:00,86,0,0,52,3374,0,40000,3500,0,40000,0x07
2026-09-06T12:31:32.182-03:00,88,0,0,54,3374,0,40000,3500,0,40000,0x07
2026-09-06T12:31:32.182-03:00,89,0,0,54,3374,0,40000,3500,0,40000,0x07
2026-09-06T12:31:32.200-03:00,90,0,0,54,3374,0,40000,3500,0,40000,0x07
2026-09-06T12:31:32.218-03:00,91,0,0,50,3374,0,40000,3500,0,40000,0x07
2026-09-06T12:31:32.239-03:00,92,0,0,50,3374,0,40000,3500,0,40000,0x07
2026-09-06T12:31:32.261-03:00,93,0,0,50,3374,0,40000,3500,0,40000,0x07
2026-09-06T12:31:32.279-03:00,94,0,0,54,3374,0,40000,3500,0,40000,0x07
2026-09-06T12:31:32.302-03:00,95,0,0,54,3374,0,40000,3500,0,40000,0x07
2026-09-06T12:31:32.320-03:00,96,0,0,51,3374,0,40000,3500,0,40000,0x07
2026-09-06T12:31:32.338-03:00,97,0,0,51,3374,0,40000,3500,0,40000,0x07
2026-09-06T12:31:32.358-03:00,98,0,0,51,3374,0,40000,3500,0,40000,0x07
2026-09-06T12:31:32.378-03:00,99,0,0,51,3374,0,40000,3500,0,40000,0x07
2026-09-06T12:31:32.402-03:00,100,0,0,51,3374,0,40000,3500,0,40000,0x07
2026-09-06T12:31:32.420-03:00,101,0,0,51,3374,0,40000,3500,0,40000,0x07
2026-09-06T12:31:32.438-03:00,102,0,0,51,3374,0,40000,3500,0,40000,0x07
2026-09-06T12:31:32.461-03:00,103,0,0,51,3374,0,40000,3500,0,40000,0x07
2026-09-06T12:31:32.481-03:00,104,0,0,51,3374,0,40000,3500,0,40000,0x07
2026-09-06T12:31:32.499-03:00,105,0,0,51,3374,0,40000,3500,0,40000,0x07
2026-09-06T12:31:32.522-03:00,106,0,0,53,3374,0,40000,3500,0,40000,0x07
2026-09-06T12:31:32.542-03:00,107,0,0,53,3374,0,40000,3500,0,40000,0x07
2026-09-06T12:31:32.562-03:00,108,0,0,53,3374,0,40000,3500,0,40000,0x07
2026-09-06T12:31:32.580-03:00,109,0,0,51,3374,0,40000,3500,0,40000,0x07
2026-09-06T12:31:32.600-03:00,110,0,0,51,3374,0,40000,3500,0,40000,0x07
2026-09-06T12:31:32.618-03:00,111,0,0,52,3374,0,40000,3500,0,40000,0x07
2026-09-06T12:31:32.642-03:00,112,0,0,52,3374,0,40000,3500,0,40000,0x07
2026-09-06T12:31:32.662-03:00,113,0,0,52,3374,0,40000,3500,0,40000,0x07
2026-09-06T12:31:32.681-03:00,114,0,0,55,3374,0,40000,3500,0,40000,0x07
2026-09-06T12:31:32.701-03:00,115,0,0,55,3374,0,40000,3500,0,40000,0x07
2026-09-06T12:31:32.721-03:00,116,0,0,55,3374,0,40000,3500,0,40000,0x07
2026-09-06T12:31:32.741-03:00,117,0,0,53,3374,0,40000,3500,0,40000,0x07
2026-09-06T12:31:32.760-03:00,118,0,0,53,3374,0,40000,3500,0,40000,0x07
2026-09-06T12:31:32.780-03:00,119,0,0,53,3374,0,40000,3500,0,40000,0x07
2026-09-06T12:31:32.798-03:00,120,0,0,53,3374,0,40000,3500,0,40000,0x07
2026-09-06T12:31:32.822-03:00,121,0,0,53,3374,0,40000,3500,0,40000,0x07
2026-09-06T12:31:32.839-03:00,122,0,0,56,3374,0,40000,3500,0,40000,0x07
2026-09-06T12:31:32.879-03:00,123,0,0,56,3374,0,40000,3500,0,40000,0x07
2026-09-06T12:31:32.879-03:00,124,0,0,56,3374,0,40000,3500,0,40000,0x07
2026-09-06T12:31:32.902-03:00,125,0,0,51,3374,0,40000,3500,0,40000,0x07
2026-09-06T12:31:32.919-03:00,126,0,0,51,3374,0,40000,3500,0,40000,0x07
2026-09-06T12:31:32.940-03:00,127,0,0,51,3374,0,40000,3500,0,40000,0x07
2026-09-06T12:31:32.958-03:00,128,0,0,51,3374,0,40000,3500,0,40000,0x07
2026-09-06T12:31:33.002-03:00,129,0,0,51,3374,0,40000,3500,0,40000,0x07
2026-09-06T12:31:33.039-03:00,130,0,0,51,3374,0,40000,3500,0,40000,0x07
2026-09-06T12:31:33.062-03:00,131,0,0,51,3374,0,40000,3500,0,40000,0x07
2026-09-06T12:31:33.080-03:00,132,0,0,52,3374,0,40000,3500,0,40000,0x07
2026-09-06T12:31:33.102-03:00,133,0,0,52,3374,0,40000,3500,0,40000,0x07
2026-09-06T12:31:33.120-03:00,135,0,0,52,3374,0,40000,3500,0,40000,0x07
2026-09-06T12:31:33.138-03:00,137,0,0,52,3374,0,40000,3500,0,40000,0x07
2026-09-06T12:31:33.162-03:00,138,0,0,51,3374,0,40000,3500,0,40000,0x07
2026-09-06T12:31:33.180-03:00,139,0,0,51,3374,0,40000,3500,0,40000,0x07
2026-09-06T12:31:33.198-03:00,140,0,0,51,3374,0,40000,3500,0,40000,0x07
2026-09-06T12:31:33.221-03:00,141,0,0,54,3374,0,40000,3500,0,40000,0x07
2026-09-06T12:31:33.239-03:00,142,0,0,54,3374,0,40000,3500,0,40000,0x07
2026-09-06T12:31:33.262-03:00,143,0,0,56,3374,0,40000,3500,0,40000,0x07
2026-09-06T12:31:33.282-03:00,144,0,0,56,3374,0,40000,3500,0,40000,0x07
2026-09-06T12:31:33.300-03:00,145,0,0,56,3374,0,40000,3500,0,40000,0x07
2026-09-06T12:31:33.318-03:00,146,0,0,50,3374,0,40000,3500,0,40000,0x07
2026-09-06T12:31:33.341-03:00,147,0,0,50,3374,0,40000,3500,0,40000,0x07
2026-09-06T12:31:33.361-03:00,148,0,0,51,3374,0,40000,3500,0,40000,0x07
2026-09-06T12:31:33.381-03:00,149,0,0,51,3374,0,40000,3500,0,40000,0x07
2026-09-06T12:31:33.400-03:00,150,0,0,51,3374,0,40000,3500,0,40000,0x07
2026-09-06T12:31:33.418-03:00,151,0,0,51,3374,0,40000,3500,0,40000,0x07
2026-09-06T12:31:33.441-03:00,152,0,0,51,3374,0,40000,3500,0,40000,0x07
2026-09-06T12:31:33.459-03:00,153,0,0,51,3374,0,40000,3500,0,40000,0x07
2026-09-06T12:31:33.479-03:00,154,0,0,54,3374,0,40000,3500,0,40000,0x07
2026-09-06T12:31:33.503-03:00,155,0,0,54,3374,0,40000,3500,0,40000,0x07
2026-09-06T12:31:33.521-03:00,156,0,0,55,3374,0,40000,3500,0,40000,0x07
2026-09-06T12:31:33.539-03:00,157,0,0,55,3374,0,40000,3500,0,40000,0x07
2026-09-06T12:31:33.562-03:00,158,0,0,55,3374,0,40000,3500,0,40000,0x07
2026-09-06T12:31:33.580-03:00,159,0,0,51,3374,0,40000,3500,0,40000,0x07
2026-09-06T12:31:33.598-03:00,160,0,0,51,3374,0,40000,3500,0,40000,0x07
2026-09-06T12:31:33.621-03:00,161,0,0,51,3374,0,40000,3500,0,40000,0x07
2026-09-06T12:31:33.639-03:00,162,0,0,51,3374,0,40000,3500,0,40000,0x07
2026-09-06T12:31:33.662-03:00,163,0,0,51,3374,0,40000,3500,0,40000,0x07
2026-09-06T12:31:33.680-03:00,164,0,0,51,3374,0,40000,3500,0,40000,0x07
2026-09-06T12:31:33.698-03:00,165,0,0,51,3374,0,40000,3500,0,40000,0x07
2026-09-06T12:31:33.721-03:00,166,0,0,51,3374,0,40000,3500,0,40000,0x07
2026-09-06T12:31:33.739-03:00,167,0,0,54,3374,0,40000,3500,0,40000,0x07
2026-09-06T12:31:33.762-03:00,168,0,0,54,3374,0,40000,3500,0,40000,0x07
2026-09-06T12:31:33.780-03:00,169,0,0,55,3374,0,40000,3500,0,40000,0x07
2026-09-06T12:31:33.798-03:00,170,0,0,55,3374,0,40000,3500,0,40000,0x07
2026-09-06T12:31:33.821-03:00,171,0,0,55,3374,0,40000,3500,0,40000,0x07
2026-09-06T12:31:33.839-03:00,172,0,0,51,3374,0,40000,3500,0,40000,0x07
2026-09-06T12:31:33.863-03:00,173,0,0,51,3374,0,40000,3500,0,40000,0x07
2026-09-06T12:31:33.883-03:00,174,0,0,51,3374,0,40000,3500,0,40000,0x07
2026-09-06T12:31:33.901-03:00,175,0,0,54,3374,0,40000,3500,0,40000,0x07
2026-09-06T12:31:33.919-03:00,176,0,0,54,3374,0,40000,3500,0,40000,0x07
2026-09-06T12:31:33.939-03:00,177,0,0,50,3374,0,40000,3500,0,40000,0x07
2026-09-06T12:31:33.962-03:00,178,0,0,50,3374,0,40000,3500,0,40000,0x07
2026-09-06T12:31:33.980-03:00,179,0,0,50,3374,0,40000,3500,0,40000,0x07
2026-09-06T12:31:34.002-03:00,180,0,0,51,3374,0,40000,3500,0,40000,0x07
2026-09-06T12:31:34.019-03:00,181,0,0,51,3374,0,40000,3500,0,40000,0x07
2026-09-06T12:31:34.038-03:00,182,0,0,53,3374,0,40000,3500,0,40000,0x07
2026-09-06T12:31:34.059-03:00,183,0,0,53,3374,0,40000,3500,0,40000,0x07
2026-09-06T12:31:34.082-03:00,184,0,0,53,3374,0,40000,3500,0,40000,0x07
2026-09-06T12:31:34.102-03:00,185,0,0,51,3374,0,40000,3500,0,40000,0x07
2026-09-06T12:31:34.121-03:00,186,0,0,51,3374,0,40000,3500,0,40000,0x07
2026-09-06T12:31:34.141-03:00,187,0,0,52,3374,0,40000,3500,0,40000,0x07
2026-09-06T12:31:34.159-03:00,188,0,0,52,3374,0,40000,3500,0,40000,0x07
2026-09-06T12:31:34.182-03:00,189,0,0,52,3374,0,40000,3500,0,40000,0x07
2026-09-06T12:31:34.201-03:00,190,0,0,50,3374,0,40000,3500,0,40000,0x07
2026-09-06T12:31:34.218-03:00,191,0,0,50,3374,0,40000,3500,0,40000,0x07
2026-09-06T12:31:34.241-03:00,192,0,0,50,3374,0,40000,3500,0,40000,0x07
2026-09-06T12:31:34.261-03:00,193,0,0,52,3374,0,40000,3500,0,40000,0x07
2026-09-06T12:31:34.280-03:00,194,0,0,52,3374,0,40000,3500,0,40000,0x07
2026-09-06T12:31:34.303-03:00,195,0,0,57,3374,0,40000,3500,0,40000,0x07
2026-09-06T12:31:34.321-03:00,196,0,0,57,3374,0,40000,3500,0,40000,0x07
2026-09-06T12:31:34.339-03:00,197,0,0,57,3374,0,40000,3500,0,40000,0x07
2026-09-06T12:31:34.362-03:00,198,0,0,50,3374,0,40000,3500,0,40000,0x07
2026-09-06T12:31:34.380-03:00,199,0,0,50,3374,0,40000,3500,0,40000,0x07
2026-09-06T12:31:34.400-03:00,200,0,0,50,3374,0,40000,3500,0,40000,0x07
2026-09-06T12:31:34.421-03:00,201,0,0,51,3374,0,40000,3500,0,40000,0x07
2026-09-06T12:31:34.438-03:00,202,0,0,51,3374,0,40000,3500,0,40000,0x07
2026-09-06T12:31:34.461-03:00,203,0,0,50,3374,0,40000,3500,0,40000,0x07
2026-09-06T12:31:34.479-03:00,204,0,0,50,3374,0,40000,3500,0,40000,0x07
2026-09-06T12:31:34.502-03:00,205,0,0,50,3374,0,40000,3500,0,40000,0x07
2026-09-06T12:31:34.521-03:00,206,0,0,50,3374,0,40000,3500,0,40000,0x07
2026-09-06T12:31:34.541-03:00,207,0,0,50,3374,0,40000,3500,0,40000,0x07
2026-09-06T12:31:34.561-03:00,208,0,0,51,3374,0,40000,3500,0,40000,0x07
2026-09-06T12:31:34.579-03:00,209,0,0,51,3374,0,40000,3500,0,40000,0x07
2026-09-06T12:31:34.598-03:00,210,0,0,51,3374,0,40000,3500,0,40000,0x07
2026-09-06T12:31:34.620-03:00,211,0,0,52,3374,0,40000,3500,0,40000,0x07
2026-09-06T12:31:34.662-03:00,212,0,0,52,3374,0,40000,3500,0,40000,0x07
2026-09-06T12:31:34.662-03:00,213,0,0,51,3374,0,40000,3500,0,40000,0x07
2026-09-06T12:31:34.680-03:00,214,0,0,51,3374,0,40000,3500,0,40000,0x07
2026-09-06T12:31:34.700-03:00,215,0,0,51,3374,0,40000,3500,0,40000,0x07
2026-09-06T12:31:34.741-03:00,216,0,0,50,3374,0,40000,3500,0,40000,0x07
2026-09-06T12:31:34.741-03:00,217,0,0,50,3374,0,40000,3500,0,40000,0x07
2026-09-06T12:31:34.760-03:00,218,0,0,54,3374,0,40000,3500,0,40000,0x07
2026-09-06T12:31:34.780-03:00,219,0,0,54,3374,0,40000,3500,0,40000,0x07
2026-09-06T12:31:34.798-03:00,220,0,0,54,3374,0,40000,3500,0,40000,0x07
2026-09-06T12:31:34.821-03:00,221,0,0,51,3374,0,40000,3500,0,40000,0x07
2026-09-06T12:31:34.840-03:00,222,0,0,51,3374,0,40000,3500,0,40000,0x07
2026-09-06T12:31:35.041-03:00,223,0,0,51,3374,0,40000,3500,0,40000,0x07
2026-09-06T12:31:35.061-03:00,224,0,0,50,3374,0,40000,3500,0,40000,0x07
2026-09-06T12:31:35.061-03:00,225,0,0,50,3374,0,40000,3500,0,40000,0x07
2026-09-06T12:31:35.078-03:00,226,0,0,50,0,0,28094,0,0,28548,0x07
2026-09-06T12:31:35.102-03:00,227,0,0,50,0,0,28094,0,0,28548,0x07
2026-09-06T12:31:35.122-03:00,236,0,0,56,3374,0,40000,3500,0,40000,0x07
2026-09-06T12:31:35.143-03:00,237,0,0,56,3374,0,40000,3500,0,40000,0x07
2026-09-06T12:31:35.160-03:00,238,0,0,56,3374,0,40000,3500,0,40000,0x07
2026-09-06T12:31:35.182-03:00,239,0,0,51,3374,0,40000,3500,0,40000,0x07
2026-09-06T12:31:35.200-03:00,240,0,0,51,3374,0,40000,3500,0,40000,0x07
2026-09-06T12:31:35.218-03:00,241,0,0,51,3374,0,40000,3500,0,40000,0x07
2026-09-06T12:31:35.241-03:00,242,0,0,52,3374,0,40000,3500,0,40000,0x07
2026-09-06T12:31:35.261-03:00,243,0,0,52,3374,0,40000,3500,0,40000,0x07
2026-09-06T12:31:35.302-03:00,244,0,0,54,3374,0,40000,3500,0,40000,0x07
2026-09-06T12:31:35.302-03:00,245,0,0,54,3374,0,40000,3500,0,40000,0x07
2026-09-06T12:31:35.320-03:00,246,0,0,54,3374,0,40000,3500,0,40000,0x07
2026-09-06T12:31:35.338-03:00,247,0,0,52,3374,0,40000,3500,0,40000,0x07
2026-09-06T12:31:35.362-03:00,248,0,0,52,3374,0,40000,3500,0,40000,0x07
2026-09-06T12:31:35.379-03:00,249,0,0,50,3374,0,40000,3500,0,40000,0x07
2026-09-06T12:31:35.399-03:00,250,0,0,50,3374,0,40000,3500,0,40000,0x07
2026-09-06T12:31:35.419-03:00,251,0,0,50,3374,0,40000,3500,0,40000,0x07
2026-09-06T12:31:35.443-03:00,252,0,0,51,3374,0,40000,3500,0,40000,0x07
2026-09-06T12:31:35.482-03:00,253,0,0,51,3374,0,40000,3500,0,40000,0x07
2026-09-06T12:31:35.482-03:00,254,0,0,51,3374,0,40000,3500,0,40000,0x07
2026-09-06T12:31:35.502-03:00,255,0,0,54,3374,0,40000,3500,0,40000,0x07
2026-09-06T12:31:35.539-03:00,256,0,0,54,3374,0,40000,3500,0,40000,0x07
2026-09-06T12:31:35.539-03:00,257,0,0,50,3374,0,40000,3500,0,40000,0x07
2026-09-06T12:31:35.562-03:00,258,0,0,50,3374,0,40000,3500,0,40000,0x07
2026-09-06T12:31:35.582-03:00,259,0,0,50,3374,0,40000,3500,0,40000,0x07
2026-09-06T12:31:35.602-03:00,260,0,0,50,3374,0,40000,3500,0,40000,0x07
2026-09-06T12:31:35.620-03:00,261,0,0,50,3374,0,40000,3500,0,40000,0x07
2026-09-06T12:31:35.638-03:00,262,0,0,50,3374,0,40000,3500,0,40000,0x07
2026-09-06T12:31:35.659-03:00,263,0,0,50,3374,0,40000,3500,0,40000,0x07
2026-09-06T12:31:35.682-03:00,264,0,0,50,3374,0,40000,3500,0,40000,0x07
2026-09-06T12:31:35.700-03:00,265,0,0,50,3374,0,40000,3500,0,40000,0x07
2026-09-06T12:31:35.718-03:00,266,0,0,50,3374,0,40000,3500,0,40000,0x07
2026-09-06T12:31:35.738-03:00,267,0,0,51,3374,0,40000,3500,0,40000,0x07
2026-09-06T12:31:35.762-03:00,268,0,0,51,3374,0,40000,3500,0,40000,0x07
2026-09-06T12:31:35.781-03:00,269,0,0,51,3374,0,40000,3500,0,40000,0x07
2026-09-06T12:31:35.799-03:00,270,0,0,51,3374,0,40000,3500,0,40000,0x07
2026-09-06T12:31:35.818-03:00,271,0,0,51,3374,0,40000,3500,0,40000,0x07
2026-09-06T12:31:35.839-03:00,272,0,0,54,3374,0,40000,3500,0,40000,0x07
2026-09-06T12:31:35.862-03:00,273,0,0,54,3374,0,40000,3500,0,40000,0x07
2026-09-06T12:31:35.879-03:00,274,0,0,54,3374,0,40000,3500,0,40000,0x07
2026-09-06T12:31:35.902-03:00,275,0,0,51,3374,0,40000,3500,0,40000,0x07
2026-09-06T12:31:35.920-03:00,276,0,0,51,3374,0,40000,3500,0,40000,0x07
2026-09-06T12:31:35.939-03:00,277,0,0,51,3374,0,40000,3500,0,40000,0x07
2026-09-06T12:31:35.962-03:00,278,0,0,52,3374,0,40000,3500,0,40000,0x07
2026-09-06T12:31:35.980-03:00,279,0,0,52,3374,0,40000,3500,0,40000,0x07
2026-09-06T12:31:36.018-03:00,280,0,0,54,3374,0,40000,3500,0,40000,0x07
2026-09-06T12:31:36.038-03:00,281,0,0,54,3374,0,40000,3500,0,40000,0x07
2026-09-06T12:31:36.118-03:00,282,0,0,54,3374,0,40000,3500,0,40000,0x07
2026-09-06T12:31:36.321-03:00,283,0,0,50,3374,0,40000,3500,0,40000,0x07
2026-09-06T12:31:36.339-03:00,284,0,0,50,3374,0,40000,3500,0,40000,0x07
2026-09-06T12:31:36.362-03:00,285,0,0,50,3374,0,40000,3500,0,40000,0x07
2026-09-06T12:31:36.382-03:00,286,0,0,50,0,0,28094,0,0,28548,0x07
2026-09-06T12:31:36.400-03:00,290,0,0,50,3374,0,40000,3500,0,40000,0x07
2026-09-06T12:31:36.440-03:00,301,0,0,50,3374,0,40000,3500,0,40000,0x07
2026-09-06T12:31:36.440-03:00,302,0,0,50,3374,0,40000,3500,0,40000,0x07
2026-09-06T12:31:36.458-03:00,303,0,0,51,3374,0,40000,3500,0,40000,0x07
2026-09-06T12:31:36.480-03:00,304,0,0,51,3374,0,40000,3500,0,40000,0x07
2026-09-06T12:31:36.498-03:00,305,0,0,51,3374,0,40000,3500,0,40000,0x07
2026-09-06T12:31:36.521-03:00,306,0,0,53,3374,0,40000,3500,0,40000,0x07
2026-09-06T12:31:36.541-03:00,307,0,0,53,3374,0,40000,3500,0,40000,0x07
2026-09-06T12:31:36.558-03:00,308,0,0,55,3374,0,40000,3500,0,40000,0x07
2026-09-06T12:31:36.578-03:00,309,0,0,55,3374,0,40000,3500,0,40000,0x07
2026-09-06T12:31:36.599-03:00,310,0,0,55,3374,0,40000,3500,0,40000,0x07
2026-09-06T12:31:36.620-03:00,311,0,0,50,3374,0,40000,3500,0,40000,0x07
2026-09-06T12:31:36.638-03:00,312,0,0,50,3374,0,40000,3500,0,40000,0x07
2026-09-06T12:31:36.658-03:00,313,0,0,51,3374,0,40000,3500,0,40000,0x07
2026-09-06T12:31:36.681-03:00,314,0,0,51,3374,0,40000,3500,0,40000,0x07
2026-09-06T12:31:36.699-03:00,315,0,0,51,3374,0,40000,3500,0,40000,0x07
2026-09-06T12:31:36.719-03:00,316,0,0,51,3374,0,40000,3500,0,40000,0x07
2026-09-06T12:31:36.743-03:00,317,0,0,51,3374,0,40000,3500,0,40000,0x07
2026-09-06T12:31:36.761-03:00,318,0,0,51,3374,0,40000,3500,0,40000,0x07
2026-09-06T12:31:36.779-03:00,319,0,0,53,3374,0,40000,3500,0,40000,0x07
2026-09-06T12:31:36.802-03:00,320,0,0,53,3374,0,40000,3500,0,40000,0x07
2026-09-06T12:31:36.820-03:00,321,0,0,56,3374,0,40000,3500,0,40000,0x07
2026-09-06T12:31:36.838-03:00,322,0,0,56,3374,0,40000,3500,0,40000,0x07
2026-09-06T12:31:36.858-03:00,323,0,0,56,3374,0,40000,3500,0,40000,0x07
2026-09-06T12:31:36.882-03:00,324,0,0,50,3374,0,40000,3500,0,40000,0x07
2026-09-06T12:31:36.902-03:00,325,0,0,50,3374,0,40000,3500,0,40000,0x07
2026-09-06T12:31:36.922-03:00,326,0,0,50,3374,0,40000,3500,0,40000,0x07
2026-09-06T12:31:36.940-03:00,327,0,0,52,3374,0,40000,3500,0,40000,0x07
2026-09-06T12:31:36.958-03:00,328,0,0,52,3374,0,40000,3500,0,40000,0x07
2026-09-06T12:31:36.981-03:00,329,0,0,51,3374,0,40000,3500,0,40000,0x07
2026-09-06T12:31:36.999-03:00,330,0,0,51,3374,0,40000,3500,0,40000,0x07
2026-09-06T12:31:37.021-03:00,331,0,0,51,3374,0,40000,3500,0,40000,0x07
2026-09-06T12:31:37.041-03:00,332,0,0,51,3374,0,40000,3500,0,40000,0x07
2026-09-06T12:31:37.059-03:00,333,0,0,51,3374,0,40000,3500,0,40000,0x07
2026-09-06T12:31:37.082-03:00,334,0,0,51,3374,0,40000,3500,0,40000,0x07
2026-09-06T12:31:37.100-03:00,335,0,0,51,3374,0,40000,3500,0,40000,0x07
2026-09-06T12:31:37.118-03:00,336,0,0,51,3374,0,40000,3500,0,40000,0x07
2026-09-06T12:31:37.139-03:00,337,0,0,51,3374,0,40000,3500,0,40000,0x07
2026-09-06T12:31:37.158-03:00,338,0,0,51,3374,0,40000,3500,0,40000,0x07
2026-09-06T12:31:37.182-03:00,339,0,0,52,3374,0,40000,3500,0,40000,0x07
2026-09-06T12:31:37.200-03:00,340,0,0,52,3374,0,40000,3500,0,40000,0x07
2026-09-06T12:31:37.223-03:00,341,0,0,52,3374,0,40000,3500,0,40000,0x07
2026-09-06T12:31:37.241-03:00,342,0,0,50,3374,0,40000,3500,0,40000,0x07
2026-09-06T12:31:37.259-03:00,343,0,0,50,3374,0,40000,3500,0,40000,0x07
2026-09-06T12:31:37.282-03:00,344,0,0,55,3374,0,40000,3500,0,40000,0x07
2026-09-06T12:31:37.299-03:00,345,0,0,55,3374,0,40000,3500,0,40000,0x07
2026-09-06T12:31:37.322-03:00,346,0,0,55,3374,0,40000,3500,0,40000,0x07
2026-09-06T12:31:37.340-03:00,347,0,0,51,3374,0,40000,3500,0,40000,0x07
2026-09-06T12:31:37.363-03:00,348,0,0,51,3374,0,40000,3500,0,40000,0x07
2026-09-06T12:31:37.381-03:00,349,0,0,51,3374,0,40000,3500,0,40000,0x07
2026-09-06T12:31:37.401-03:00,350,0,0,51,3374,0,40000,3500,0,40000,0x07
2026-09-06T12:31:37.419-03:00,351,0,0,51,3374,0,40000,3500,0,40000,0x07
2026-09-06T12:31:37.439-03:00,352,0,0,56,3374,0,40000,3500,0,40000,0x07
2026-09-06T12:31:37.463-03:00,353,0,0,56,3374,0,40000,3500,0,40000,0x07
2026-09-06T12:31:37.481-03:00,354,0,0,56,3374,0,40000,3500,0,40000,0x07
2026-09-06T12:31:37.500-03:00,355,0,0,51,3374,0,40000,3500,0,40000,0x07
2026-09-06T12:31:37.518-03:00,356,0,0,51,3374,0,40000,3500,0,40000,0x07
2026-09-06T12:31:37.541-03:00,357,0,0,51,3374,0,40000,3500,0,40000,0x07
2026-09-06T12:31:37.560-03:00,358,0,0,53,3374,0,40000,3500,0,40000,0x07
2026-09-06T12:31:37.578-03:00,359,0,0,53,3374,0,40000,3500,0,40000,0x07
2026-09-06T12:31:37.601-03:00,360,0,0,50,3374,0,40000,3500,0,40000,0x07
2026-09-06T12:31:37.619-03:00,361,0,0,50,3374,0,40000,3500,0,40000,0x07
2026-09-06T12:31:37.642-03:00,362,0,0,50,3374,0,40000,3500,0,40000,0x07
2026-09-06T12:31:37.660-03:00,363,0,0,50,3374,0,40000,3500,0,40000,0x07
2026-09-06T12:31:37.680-03:00,364,0,0,50,3374,0,40000,3500,0,40000,0x07
2026-09-06T12:31:37.698-03:00,365,0,0,51,3374,0,40000,3500,0,40000,0x07
2026-09-06T12:31:37.719-03:00,366,0,0,51,3374,0,40000,3500,0,40000,0x07
2026-09-06T12:31:37.742-03:00,367,0,0,51,3374,0,40000,3500,0,40000,0x07
2026-09-06T12:31:37.760-03:00,368,0,0,50,3374,0,40000,3500,0,40000,0x07
2026-09-06T12:31:37.778-03:00,369,0,0,50,3374,0,40000,3500,0,40000,0x07
2026-09-06T12:31:37.798-03:00,370,0,0,56,3374,0,40000,3500,0,40000,0x07
2026-09-06T12:31:37.818-03:00,371,0,0,56,3374,0,40000,3500,0,40000,0x07
2026-09-06T12:31:37.841-03:00,372,0,0,56,3374,0,40000,3500,0,40000,0x07
2026-09-06T12:31:37.861-03:00,373,0,0,50,3374,0,40000,3500,0,40000,0x07
2026-09-06T12:31:37.881-03:00,374,0,0,50,3374,0,40000,3500,0,40000,0x07
2026-09-06T12:31:37.899-03:00,375,0,0,50,3374,0,40000,3500,0,40000,0x07
2026-09-06T12:31:37.918-03:00,376,0,0,53,3374,0,40000,3500,0,40000,0x07
2026-09-06T12:31:37.941-03:00,377,0,0,53,3374,0,40000,3500,0,40000,0x07
2026-09-06T12:31:37.962-03:00,378,0,0,56,3374,0,40000,3500,0,40000,0x07
2026-09-06T12:31:37.980-03:00,379,0,0,56,3374,0,40000,3500,0,40000,0x07
2026-09-06T12:31:37.999-03:00,380,0,0,56,3374,0,40000,3500,0,40000,0x07
2026-09-06T12:31:38.022-03:00,381,0,0,51,3374,0,40000,3500,0,40000,0x07
2026-09-06T12:31:38.040-03:00,382,0,0,51,3374,0,40000,3500,0,40000,0x07
2026-09-06T12:31:38.058-03:00,383,0,0,51,3374,0,40000,3500,0,40000,0x07
2026-09-06T12:31:38.078-03:00,384,0,0,51,3374,0,40000,3500,0,40000,0x07
2026-09-06T12:31:38.098-03:00,385,0,0,51,3374,0,40000,3500,0,40000,0x07
2026-09-06T12:31:38.121-03:00,386,0,0,56,3374,0,40000,3500,0,40000,0x07
2026-09-06T12:31:38.139-03:00,387,0,0,56,3374,0,40000,3500,0,40000,0x07
2026-09-06T12:31:38.159-03:00,388,0,0,56,3374,0,40000,3500,0,40000,0x07
2026-09-06T12:31:38.183-03:00,389,0,0,50,3374,0,40000,3500,0,40000,0x07
2026-09-06T12:31:38.198-03:00,390,0,0,50,3374,0,40000,3500,0,40000,0x07
2026-09-06T12:31:38.221-03:00,391,0,0,51,3374,0,40000,3500,0,40000,0x07
2026-09-06T12:31:38.239-03:00,392,0,0,51,3374,0,40000,3500,0,40000,0x07
2026-09-06T12:31:38.262-03:00,393,0,0,51,3374,0,40000,3500,0,40000,0x07
2026-09-06T12:31:38.280-03:00,394,0,0,50,3374,0,40000,3500,0,40000,0x07
2026-09-06T12:31:38.298-03:00,395,0,0,50,3374,0,40000,3500,0,40000,0x07
2026-09-06T12:31:38.322-03:00,396,0,0,51,3374,0,40000,3500,0,40000,0x07
2026-09-06T12:31:38.339-03:00,397,0,0,51,3374,0,40000,3500,0,40000,0x07
2026-09-06T12:31:38.361-03:00,398,0,0,51,3374,0,40000,3500,0,40000,0x07
2026-09-06T12:31:38.380-03:00,399,0,0,50,3374,0,40000,3500,0,40000,0x07
2026-09-06T12:31:38.398-03:00,400,0,0,50,3374,0,40000,3500,0,40000,0x07
2026-09-06T12:31:38.421-03:00,401,0,0,51,3374,0,40000,3500,0,40000,0x07
2026-09-06T12:31:38.439-03:00,402,0,0,51,3374,0,40000,3500,0,40000,0x07
2026-09-06T12:31:38.461-03:00,403,0,0,51,3374,0,40000,3500,0,40000,0x07
2026-09-06T12:31:38.480-03:00,404,0,0,50,3374,0,40000,3500,0,40000,0x07
2026-09-06T12:31:38.500-03:00,405,0,0,50,3374,0,40000,3500,0,40000,0x07
2026-09-06T12:31:38.522-03:00,406,0,0,50,3374,0,40000,3500,0,40000,0x07
2026-09-06T12:31:38.542-03:00,407,0,0,50,3374,0,40000,3500,0,40000,0x07
2026-09-06T12:31:38.561-03:00,408,0,0,50,3374,0,40000,3500,0,40000,0x07
2026-09-06T12:31:38.579-03:00,409,0,0,50,3374,0,40000,3500,0,40000,0x07
2026-09-06T12:31:38.602-03:00,410,0,0,50,3374,0,40000,3500,0,40000,0x07
2026-09-06T12:31:38.620-03:00,411,0,0,58,3374,0,40000,3500,0,40000,0x07
2026-09-06T12:31:38.643-03:00,412,0,0,58,3374,0,40000,3500,0,40000,0x07
2026-09-06T12:31:38.660-03:00,413,0,0,58,3374,0,40000,3500,0,40000,0x07
2026-09-06T12:31:38.678-03:00,414,0,0,50,3374,0,40000,3500,0,40000,0x07
2026-09-06T12:31:38.701-03:00,415,0,0,50,3374,0,40000,3500,0,40000,0x07
2026-09-06T12:31:38.720-03:00,416,0,0,50,3374,0,40000,3500,0,40000,0x07
2026-09-06T12:31:38.742-03:00,417,0,0,50,3374,0,40000,3500,0,40000,0x07
2026-09-06T12:31:38.760-03:00,418,0,0,50,3374,0,40000,3500,0,40000,0x07
2026-09-06T12:31:38.780-03:00,419,0,0,50,3374,0,40000,3500,0,40000,0x07
2026-09-06T12:31:38.802-03:00,420,0,0,54,3374,0,40000,3500,0,40000,0x07
2026-09-06T12:31:38.821-03:00,421,0,0,54,3374,0,40000,3500,0,40000,0x07
2026-09-06T12:31:38.840-03:00,422,0,0,50,3374,0,40000,3500,0,40000,0x07
2026-09-06T12:31:38.860-03:00,423,0,0,50,3374,0,40000,3500,0,40000,0x07
2026-09-06T12:31:38.878-03:00,424,0,0,50,3374,0,40000,3500,0,40000,0x07
2026-09-06T12:31:38.898-03:00,425,0,0,51,3374,0,40000,3500,0,40000,0x07
2026-09-06T12:31:38.919-03:00,426,0,0,51,3374,0,40000,3500,0,40000,0x07
2026-09-06T12:31:38.939-03:00,427,0,0,53,3374,0,40000,3500,0,40000,0x07
2026-09-06T12:31:38.962-03:00,428,0,0,53,3374,0,40000,3500,0,40000,0x07
2026-09-06T12:31:38.980-03:00,429,0,0,53,3374,0,40000,3500,0,40000,0x07
2026-09-06T12:31:38.998-03:00,430,0,0,51,3374,0,40000,3500,0,40000,0x07
2026-09-06T12:31:39.022-03:00,431,0,0,51,3374,0,40000,3500,0,40000,0x07
2026-09-06T12:31:39.040-03:00,432,0,0,51,3374,0,40000,3500,0,40000,0x07
2026-09-06T12:31:39.058-03:00,433,0,0,51,3374,0,40000,3500,0,40000,0x07
2026-09-06T12:31:39.082-03:00,434,0,0,51,3374,0,40000,3500,0,40000,0x07
2026-09-06T12:31:39.098-03:00,435,0,0,50,3374,0,40000,3500,0,40000,0x07
2026-09-06T12:31:39.122-03:00,436,0,0,50,3374,0,40000,3500,0,40000,0x07
2026-09-06T12:31:39.140-03:00,437,0,0,51,3374,0,40000,3500,0,40000,0x07
2026-09-06T12:31:39.158-03:00,438,0,0,51,3374,0,40000,3500,0,40000,0x07
2026-09-06T12:31:39.181-03:00,439,0,0,51,3374,0,40000,3500,0,40000,0x07
2026-09-06T12:31:39.202-03:00,440,0,0,51,3374,0,40000,3500,0,40000,0x07
2026-09-06T12:31:39.220-03:00,441,0,0,51,3374,0,40000,3500,0,40000,0x07
2026-09-06T12:31:39.240-03:00,442,0,0,50,3374,0,40000,3500,0,40000,0x07
2026-09-06T12:31:39.258-03:00,443,0,0,50,3374,0,40000,3500,0,40000,0x07
2026-09-06T12:31:39.281-03:00,444,0,0,50,3374,0,40000,3500,0,40000,0x07
2026-09-06T12:31:39.300-03:00,445,0,0,51,3374,0,40000,3500,0,40000,0x07
2026-09-06T12:31:39.318-03:00,446,0,0,51,3374,0,40000,3500,0,40000,0x07
2026-09-06T12:31:39.338-03:00,447,0,0,51,3374,0,40000,3500,0,40000,0x07
2026-09-06T12:31:39.361-03:00,448,0,0,53,3374,0,40000,3500,0,40000,0x07
2026-09-06T12:31:39.379-03:00,449,0,0,53,3374,0,40000,3500,0,40000,0x07
2026-09-06T12:31:39.402-03:00,450,0,0,52,3374,0,40000,3500,0,40000,0x07
2026-09-06T12:31:39.420-03:00,451,0,0,52,3374,0,40000,3500,0,40000,0x07
2026-09-06T12:31:39.439-03:00,452,0,0,52,3374,0,40000,3500,0,40000,0x07
2026-09-06T12:31:39.459-03:00,453,0,0,51,3374,0,40000,3500,0,40000,0x07
2026-09-06T12:31:39.482-03:00,454,0,0,51,3374,0,40000,3500,0,40000,0x07
2026-09-06T12:31:39.499-03:00,455,0,0,51,3374,0,40000,3500,0,40000,0x07
2026-09-06T12:31:39.522-03:00,456,0,0,53,3374,0,40000,3500,0,40000,0x07
2026-09-06T12:31:39.543-03:00,457,0,0,53,3374,0,40000,3500,0,40000,0x07
2026-09-06T12:31:39.563-03:00,458,0,0,57,3374,0,40000,3500,0,40000,0x07
2026-09-06T12:31:39.601-03:00,459,0,0,57,3374,0,40000,3500,0,40000,0x07
2026-09-06T12:31:39.601-03:00,460,0,0,57,3374,0,40000,3500,0,40000,0x07
2026-09-06T12:31:39.621-03:00,461,0,0,52,3374,0,40000,3500,0,40000,0x07
2026-09-06T12:31:39.641-03:00,462,0,0,52,3374,0,40000,3500,0,40000,0x07
2026-09-06T12:31:39.660-03:00,463,0,0,52,3374,0,40000,3500,0,40000,0x07
2026-09-06T12:31:39.678-03:00,464,0,0,53,3374,0,40000,3500,0,40000,0x07
2026-09-06T12:31:39.702-03:00,465,0,0,53,3374,0,40000,3500,0,40000,0x07
2026-09-06T12:31:39.723-03:00,466,0,0,55,3374,0,40000,3500,0,40000,0x07
2026-09-06T12:31:39.741-03:00,467,0,0,55,3374,0,40000,3500,0,40000,0x07
2026-09-06T12:31:39.759-03:00,468,0,0,51,3374,0,40000,3500,0,40000,0x07
2026-09-06T12:31:39.782-03:00,469,0,0,51,3374,0,40000,3500,0,40000,0x07
2026-09-06T12:31:39.800-03:00,470,0,0,51,3374,0,40000,3500,0,40000,0x07
2026-09-06T12:31:39.821-03:00,471,0,0,50,3374,0,40000,3500,0,40000,0x07
2026-09-06T12:31:39.841-03:00,472,0,0,50,3374,0,40000,3500,0,40000,0x07
2026-09-06T12:31:39.861-03:00,473,0,0,50,3374,0,40000,3500,0,40000,0x07
2026-09-06T12:31:39.879-03:00,474,0,0,51,3374,0,40000,3500,0,40000,0x07
2026-09-06T12:31:39.902-03:00,475,0,0,51,3374,0,40000,3500,0,40000,0x07
2026-09-06T12:31:39.920-03:00,476,0,0,50,3374,0,40000,3500,0,40000,0x07
2026-09-06T12:31:39.938-03:00,477,0,0,50,3374,0,40000,3500,0,40000,0x07
2026-09-06T12:31:39.960-03:00,478,0,0,50,3374,0,40000,3500,0,40000,0x07
2026-09-06T12:31:39.978-03:00,479,0,0,50,3374,0,40000,3500,0,40000,0x07
2026-09-06T12:31:40.001-03:00,480,0,0,50,3374,0,40000,3500,0,40000,0x07
2026-09-06T12:31:40.023-03:00,481,0,0,50,3374,0,40000,3500,0,40000,0x07
2026-09-06T12:31:40.040-03:00,482,0,0,50,3374,0,40000,3500,0,40000,0x07
2026-09-06T12:31:40.058-03:00,483,0,0,50,3374,0,40000,3500,0,40000,0x07
2026-09-06T12:31:40.081-03:00,484,0,0,50,3374,0,40000,3500,0,40000,0x07
2026-09-06T12:31:40.099-03:00,485,0,0,50,3374,0,40000,3500,0,40000,0x07
2026-09-06T12:31:40.119-03:00,486,0,0,50,3374,0,40000,3500,0,40000,0x07
2026-09-06T12:31:40.142-03:00,487,0,0,51,3374,0,40000,3500,0,40000,0x07
2026-09-06T12:31:40.160-03:00,488,0,0,51,3374,0,40000,3500,0,40000,0x07
2026-09-06T12:31:40.180-03:00,489,0,0,51,3374,0,40000,3500,0,40000,0x07
2026-09-06T12:31:40.198-03:00,490,0,0,51,3374,0,40000,3500,0,40000,0x07
2026-09-06T12:31:40.221-03:00,491,0,0,51,3374,0,40000,3500,0,40000,0x07
2026-09-06T12:31:40.239-03:00,492,0,0,51,3374,0,40000,3500,0,40000,0x07
2026-09-06T12:31:40.263-03:00,493,0,0,51,3374,0,40000,3500,0,40000,0x07
2026-09-06T12:31:40.281-03:00,494,0,0,51,3374,0,40000,3500,0,40000,0x07
2026-09-06T12:31:40.299-03:00,495,0,0,51,3374,0,40000,3500,0,40000,0x07
2026-09-06T12:31:40.319-03:00,496,0,0,51,3374,0,40000,3500,0,40000,0x07
2026-09-06T12:31:40.363-03:00,497,0,0,51,3374,0,40000,3500,0,40000,0x07
2026-09-06T12:31:40.407-03:00,498,0,0,51,3374,0,40000,3500,0,40000,0x07
2026-09-06T12:31:40.451-03:00,499,0,0,54,3374,0,40000,3500,0,40000,0x07
2026-09-06T12:31:40.496-03:00,500,0,0,54,3374,0,40000,3500,0,40000,0x07
2026-09-06T12:31:40.541-03:00,501,0,0,50,0,0,0,0,0,0,0x03
