timestamp,sequence,team,robot_id,interval_ms,left_target_eps,left_measured_eps,left_duty,right_target_eps,right_measured_eps,right_duty,flags
2026-09-06T11:30:55.393-03:00,65535,255,0,0,0,0,0,0,0,0,0x03
2026-09-06T11:30:55.411-03:00,5,0,0,50,0,0,0,0,0,0,0x03
2026-09-06T11:30:55.430-03:00,6,0,0,53,0,0,0,0,0,0,0x03
2026-09-06T11:30:55.453-03:00,6,0,0,53,0,0,0,0,0,0,0x03
2026-09-06T11:30:55.471-03:00,6,0,0,50,0,0,0,0,0,0,0x03
2026-09-06T11:30:55.494-03:00,6,0,0,50,0,0,0,0,0,0,0x03
2026-09-06T11:30:55.514-03:00,6,0,0,50,0,0,0,0,0,0,0x03
2026-09-06T11:30:55.532-03:00,6,0,0,50,0,0,0,0,0,0,0x03
2026-09-06T11:30:55.550-03:00,6,0,0,50,0,0,0,0,0,0,0x03
2026-09-06T11:30:55.573-03:00,7,0,0,51,0,0,28094,0,0,28548,0x07
2026-09-06T11:30:55.593-03:00,8,0,0,51,0,0,28094,0,0,28548,0x07
2026-09-06T11:30:55.611-03:00,9,0,0,51,0,0,28094,0,0,28548,0x07
2026-09-06T11:30:55.634-03:00,10,0,0,53,3374,0,40000,3500,0,40000,0x07
2026-09-06T11:30:55.651-03:00,11,0,0,53,3374,0,40000,3500,0,40000,0x07
2026-09-06T11:30:55.669-03:00,12,0,0,51,3374,0,40000,3500,0,40000,0x07
2026-09-06T11:30:55.692-03:00,13,0,0,51,3374,0,40000,3500,0,40000,0x07
2026-09-06T11:30:55.711-03:00,14,0,0,51,3374,0,40000,3500,0,40000,0x07
2026-09-06T11:30:55.733-03:00,15,0,0,50,3374,0,40000,3500,0,40000,0x07
2026-09-06T11:30:55.753-03:00,16,0,0,50,3374,0,40000,3500,0,40000,0x07
2026-09-06T11:30:55.771-03:00,17,0,0,56,3374,0,40000,3500,0,40000,0x07
2026-09-06T11:30:55.791-03:00,18,0,0,56,3374,0,40000,3500,0,40000,0x07
2026-09-06T11:30:55.812-03:00,19,0,0,56,3374,0,40000,3500,0,40000,0x07
2026-09-06T11:30:55.832-03:00,20,0,0,52,3374,0,40000,3500,0,40000,0x07
2026-09-06T11:30:55.849-03:00,21,0,0,52,3374,0,40000,3500,0,40000,0x07
2026-09-06T11:30:55.873-03:00,22,0,0,52,3374,0,40000,3500,0,40000,0x07
2026-09-06T11:30:55.891-03:00,23,0,0,51,3374,0,40000,3500,0,40000,0x07
2026-09-06T11:30:55.914-03:00,24,0,0,51,3374,0,40000,3500,0,40000,0x07
2026-09-06T11:30:55.932-03:00,25,0,0,55,3374,0,40000,3500,0,40000,0x07
2026-09-06T11:30:55.952-03:00,26,0,0,55,3374,0,40000,3500,0,40000,0x07
2026-09-06T11:30:55.970-03:00,27,0,0,55,3374,0,40000,3500,0,40000,0x07
2026-09-06T11:30:55.993-03:00,28,0,0,51,3374,0,40000,3500,0,40000,0x07
2026-09-06T11:30:56.010-03:00,29,0,0,51,3374,0,40000,3500,0,40000,0x07
2026-09-06T11:30:56.030-03:00,30,0,0,52,3374,0,40000,3500,0,40000,0x07
2026-09-06T11:30:56.053-03:00,31,0,0,52,3374,0,40000,3500,0,40000,0x07
2026-09-06T11:30:56.070-03:00,32,0,0,52,3374,0,40000,3500,0,40000,0x07
2026-09-06T11:30:56.093-03:00,33,0,0,51,3374,0,40000,3500,0,40000,0x07
2026-09-06T11:30:56.111-03:00,34,0,0,51,3374,0,40000,3500,0,40000,0x07
2026-09-06T11:30:56.133-03:00,35,0,0,51,3374,0,40000,3500,0,40000,0x07
2026-09-06T11:30:56.153-03:00,36,0,0,52,3374,0,40000,3500,0,40000,0x07
2026-09-06T11:30:56.171-03:00,37,0,0,52,3374,0,40000,3500,0,40000,0x07
2026-09-06T11:30:56.189-03:00,38,0,0,50,3374,0,40000,3500,0,40000,0x07
2026-09-06T11:30:56.209-03:00,39,0,0,50,3374,0,40000,3500,0,40000,0x07
2026-09-06T11:30:56.232-03:00,40,0,0,50,3374,0,40000,3500,0,40000,0x07
2026-09-06T11:30:56.252-03:00,41,0,0,50,3374,0,40000,3500,0,40000,0x07
2026-09-06T11:30:56.272-03:00,42,0,0,50,3374,0,40000,3500,0,40000,0x07
2026-09-06T11:30:56.290-03:00,43,0,0,57,3374,0,40000,3500,0,40000,0x07
2026-09-06T11:30:56.314-03:00,44,0,0,57,3374,0,40000,3500,0,40000,0x07
2026-09-06T11:30:56.334-03:00,45,0,0,57,3374,0,40000,3500,0,40000,0x07
2026-09-06T11:30:56.351-03:00,46,0,0,52,3374,0,40000,3500,0,40000,0x07
2026-09-06T11:30:56.369-03:00,47,0,0,52,3374,0,40000,3500,0,40000,0x07
2026-09-06T11:30:56.393-03:00,48,0,0,52,3374,0,40000,3500,0,40000,0x07
2026-09-06T11:30:56.410-03:00,49,0,0,51,3374,0,40000,3500,0,40000,0x07
2026-09-06T11:30:56.432-03:00,50,0,0,51,3374,0,40000,3500,0,40000,0x07
2026-09-06T11:30:56.450-03:00,51,0,0,53,3374,0,40000,3500,0,40000,0x07
2026-09-06T11:30:56.473-03:00,52,0,0,53,3374,0,40000,3500,0,40000,0x07
2026-09-06T11:30:56.491-03:00,53,0,0,53,3374,0,40000,3500,0,40000,0x07
2026-09-06T11:30:56.511-03:00,54,0,0,50,3374,0,40000,3500,0,40000,0x07
2026-09-06T11:30:56.529-03:00,55,0,0,50,3374,0,40000,3500,0,40000,0x07
2026-09-06T11:30:56.552-03:00,56,0,0,52,3374,0,40000,3500,0,40000,0x07
2026-09-06T11:30:56.570-03:00,57,0,0,52,3374,0,40000,3500,0,40000,0x07
2026-09-06T11:30:56.594-03:00,58,0,0,52,3374,0,40000,3500,0,40000,0x07
2026-09-06T11:30:56.614-03:00,59,0,0,50,3374,0,40000,3500,0,40000,0x07
2026-09-06T11:30:56.631-03:00,60,0,0,50,3374,0,40000,3500,0,40000,0x07
2026-09-06T11:30:56.649-03:00,61,0,0,51,3374,0,40000,3500,0,40000,0x07
2026-09-06T11:30:56.669-03:00,62,0,0,51,3374,0,40000,3500,0,40000,0x07
2026-09-06T11:30:56.693-03:00,63,0,0,51,3374,0,40000,3500,0,40000,0x07
2026-09-06T11:30:56.711-03:00,64,0,0,50,3374,0,40000,3500,0,40000,0x07
2026-09-06T11:30:56.734-03:00,65,0,0,50,3374,0,40000,3500,0,40000,0x07
2026-09-06T11:30:56.754-03:00,66,0,0,50,3374,0,40000,3500,0,40000,0x07
2026-09-06T11:30:56.772-03:00,67,0,0,51,3374,0,40000,3500,0,40000,0x07
2026-09-06T11:30:56.792-03:00,68,0,0,51,3374,0,40000,3500,0,40000,0x07
2026-09-06T11:30:56.810-03:00,69,0,0,50,3374,0,40000,3500,0,40000,0x07
2026-09-06T11:30:56.830-03:00,70,0,0,50,3374,0,40000,3500,0,40000,0x07
2026-09-06T11:30:56.852-03:00,71,0,0,50,3374,0,40000,3500,0,40000,0x07
2026-09-06T11:30:56.870-03:00,72,0,0,50,3374,0,40000,3500,0,40000,0x07
2026-09-06T11:30:56.893-03:00,73,0,0,50,3374,0,40000,3500,0,40000,0x07
2026-09-06T11:30:56.911-03:00,74,0,0,56,3374,0,40000,3500,0,40000,0x07
2026-09-06T11:30:56.929-03:00,75,0,0,56,3374,0,40000,3500,0,40000,0x07
2026-09-06T11:30:56.949-03:00,76,0,0,56,3374,0,40000,3500,0,40000,0x07
2026-09-06T11:30:56.971-03:00,77,0,0,52,3374,0,40000,3500,0,40000,0x07
2026-09-06T11:30:56.989-03:00,78,0,0,52,3374,0,40000,3500,0,40000,0x07
2026-09-06T11:30:57.012-03:00,79,0,0,52,3374,0,40000,3500,0,40000,0x07
2026-09-06T11:30:57.030-03:00,80,0,0,53,3374,0,40000,3500,0,40000,0x07
2026-09-06T11:30:57.053-03:00,81,0,0,53,3374,0,40000,3500,0,40000,0x07
2026-09-06T11:30:57.071-03:00,82,0,0,54,3374,0,40000,3500,0,40000,0x07
2026-09-06T11:30:57.089-03:00,83,0,0,54,3374,0,40000,3500,0,40000,0x07
2026-09-06T11:30:57.112-03:00,84,0,0,54,3374,0,40000,3500,0,40000,0x07
2026-09-06T11:30:57.130-03:00,85,0,0,50,3374,0,40000,3500,0,40000,0x07
2026-09-06T11:30:57.153-03:00,86,0,0,50,3374,0,40000,3500,0,40000,0x07
2026-09-06T11:30:57.172-03:00,87,0,0,52,3374,0,40000,3500,0,40000,0x07
2026-09-06T11:30:57.190-03:00,88,0,0,52,3374,0,40000,3500,0,40000,0x07
2026-09-06T11:30:57.213-03:00,89,0,0,52,3374,0,40000,3500,0,40000,0x07
2026-09-06T11:30:57.231-03:00,90,0,0,52,3374,0,40000,3500,0,40000,0x07
2026-09-06T11:30:57.254-03:00,91,0,0,52,3374,0,40000,3500,0,40000,0x07
2026-09-06T11:30:57.272-03:00,92,0,0,52,3374,0,40000,3500,0,40000,0x07
2026-09-06T11:30:57.290-03:00,93,0,0,53,3374,0,40000,3500,0,40000,0x07
2026-09-06T11:30:57.310-03:00,94,0,0,53,3374,0,40000,3500,0,40000,0x07
2026-09-06T11:30:57.330-03:00,95,0,0,54,3374,0,40000,3500,0,40000,0x07
2026-09-06T11:30:57.353-03:00,96,0,0,54,3374,0,40000,3500,0,40000,0x07
2026-09-06T11:30:57.373-03:00,97,0,0,54,3374,0,40000,3500,0,40000,0x07
2026-09-06T11:30:57.394-03:00,98,0,0,52,3374,0,40000,3500,0,40000,0x07
2026-09-06T11:30:57.413-03:00,99,0,0,52,3374,0,40000,3500,0,40000,0x07
2026-09-06T11:30:57.431-03:00,100,0,0,51,3374,0,40000,3500,0,40000,0x07
2026-09-06T11:30:57.451-03:00,101,0,0,51,3374,0,40000,3500,0,40000,0x07
2026-09-06T11:30:57.474-03:00,102,0,0,51,3374,0,40000,3500,0,40000,0x07
2026-09-06T11:30:57.491-03:00,103,0,0,56,3374,0,40000,3500,0,40000,0x07
2026-09-06T11:30:57.513-03:00,104,0,0,56,3374,0,40000,3500,0,40000,0x07
2026-09-06T11:30:57.532-03:00,105,0,0,56,3374,0,40000,3500,0,40000,0x07
2026-09-06T11:30:57.550-03:00,106,0,0,52,3374,0,40000,3500,0,40000,0x07
2026-09-06T11:30:57.573-03:00,107,0,0,52,3374,0,40000,3500,0,40000,0x07
2026-09-06T11:30:57.591-03:00,108,0,0,50,3374,0,40000,3500,0,40000,0x07
2026-09-06T11:30:57.609-03:00,109,0,0,50,3374,0,40000,3500,0,40000,0x07
2026-09-06T11:30:57.632-03:00,110,0,0,50,3374,0,40000,3500,0,40000,0x07
2026-09-06T11:30:57.653-03:00,111,0,0,51,3374,0,40000,3500,0,40000,0x07
2026-09-06T11:30:57.671-03:00,112,0,0,51,3374,0,40000,3500,0,40000,0x07
2026-09-06T11:30:57.689-03:00,113,0,0,51,3374,0,40000,3500,0,40000,0x07
2026-09-06T11:30:57.712-03:00,114,0,0,51,3374,0,40000,3500,0,40000,0x07
2026-09-06T11:30:57.730-03:00,115,0,0,51,3374,0,40000,3500,0,40000,0x07
2026-09-06T11:30:57.753-03:00,116,0,0,50,3374,0,40000,3500,0,40000,0x07
2026-09-06T11:30:57.771-03:00,117,0,0,50,3374,0,40000,3500,0,40000,0x07
2026-09-06T11:30:57.789-03:00,118,0,0,50,3374,0,40000,3500,0,40000,0x07
2026-09-06T11:30:57.812-03:00,119,0,0,50,3374,0,40000,3500,0,40000,0x07
2026-09-06T11:30:57.832-03:00,120,0,0,50,3374,0,40000,3500,0,40000,0x07
2026-09-06T11:30:57.852-03:00,121,0,0,52,3374,0,40000,3500,0,40000,0x07
2026-09-06T11:30:57.872-03:00,122,0,0,52,3374,0,40000,3500,0,40000,0x07
2026-09-06T11:30:57.892-03:00,123,0,0,52,3374,0,40000,3500,0,40000,0x07
2026-09-06T11:30:57.910-03:00,124,0,0,51,3374,0,40000,3500,0,40000,0x07
2026-09-06T11:30:57.933-03:00,125,0,0,51,3374,0,40000,3500,0,40000,0x07
2026-09-06T11:30:57.951-03:00,126,0,0,54,3374,0,40000,3500,0,40000,0x07
2026-09-06T11:30:57.974-03:00,127,0,0,54,3374,0,40000,3500,0,40000,0x07
2026-09-06T11:30:57.993-03:00,128,0,0,54,3374,0,40000,3500,0,40000,0x07
2026-09-06T11:30:58.011-03:00,129,0,0,52,3374,0,40000,3500,0,40000,0x07
2026-09-06T11:30:58.034-03:00,130,0,0,52,3374,0,40000,3500,0,40000,0x07
2026-09-06T11:30:58.052-03:00,131,0,0,52,3374,0,40000,3500,0,40000,0x07
2026-09-06T11:30:58.070-03:00,132,0,0,53,3374,0,40000,3500,0,40000,0x07
2026-09-06T11:30:58.093-03:00,133,0,0,53,3374,0,40000,3500,0,40000,0x07
2026-09-06T11:30:58.110-03:00,134,0,0,55,3374,0,40000,3500,0,40000,0x07
2026-09-06T11:30:58.133-03:00,135,0,0,55,3374,0,40000,3500,0,40000,0x07
2026-09-06T11:30:58.151-03:00,136,0,0,55,3374,0,40000,3500,0,40000,0x07
2026-09-06T11:30:58.173-03:00,137,0,0,50,3374,0,40000,3500,0,40000,0x07
2026-09-06T11:30:58.191-03:00,138,0,0,50,3374,0,40000,3500,0,40000,0x07
2026-09-06T11:30:58.211-03:00,139,0,0,55,3374,0,40000,3500,0,40000,0x07
2026-09-06T11:30:58.234-03:00,140,0,0,55,3374,0,40000,3500,0,40000,0x07
2026-09-06T11:30:58.251-03:00,141,0,0,55,3374,0,40000,3500,0,40000,0x07
2026-09-06T11:30:58.269-03:00,142,0,0,52,3374,0,40000,3500,0,40000,0x07
2026-09-06T11:30:58.292-03:00,143,0,0,52,3374,0,40000,3500,0,40000,0x07
2026-09-06T11:30:58.312-03:00,144,0,0,52,3374,0,40000,3500,0,40000,0x07
2026-09-06T11:30:58.329-03:00,145,0,0,50,3374,0,40000,3500,0,40000,0x07
2026-09-06T11:30:58.352-03:00,146,0,0,50,3374,0,40000,3500,0,40000,0x07
2026-09-06T11:30:58.372-03:00,147,0,0,51,3374,0,40000,3500,0,40000,0x07
2026-09-06T11:30:58.393-03:00,148,0,0,51,3374,0,40000,3500,0,40000,0x07
2026-09-06T11:30:58.411-03:00,149,0,0,51,3374,0,40000,3500,0,40000,0x07
2026-09-06T11:30:58.433-03:00,150,0,0,52,3374,0,40000,3500,0,40000,0x07
2026-09-06T11:30:58.451-03:00,151,0,0,52,3374,0,40000,3500,0,40000,0x07
2026-09-06T11:30:58.474-03:00,152,0,0,55,3374,0,40000,3500,0,40000,0x07
2026-09-06T11:30:58.494-03:00,153,0,0,55,3374,0,40000,3500,0,40000,0x07
2026-09-06T11:30:58.512-03:00,154,0,0,55,3374,0,40000,3500,0,40000,0x07
2026-09-06T11:30:58.530-03:00,155,0,0,52,3374,0,40000,3500,0,40000,0x07
2026-09-06T11:30:58.553-03:00,156,0,0,52,3374,0,40000,3500,0,40000,0x07
2026-09-06T11:30:58.573-03:00,157,0,0,52,3374,0,40000,3500,0,40000,0x07
2026-09-06T11:30:58.591-03:00,158,0,0,50,3374,0,40000,3500,0,40000,0x07
2026-09-06T11:30:58.611-03:00,159,0,0,50,3374,0,40000,3500,0,40000,0x07
2026-09-06T11:30:58.629-03:00,160,0,0,54,3374,0,40000,3500,0,40000,0x07
2026-09-06T11:30:58.652-03:00,161,0,0,54,3374,0,40000,3500,0,40000,0x07
2026-09-06T11:30:58.669-03:00,162,0,0,54,3374,0,40000,3500,0,40000,0x07
2026-09-06T11:30:58.692-03:00,163,0,0,51,3374,0,40000,3500,0,40000,0x07
2026-09-06T11:30:58.712-03:00,164,0,0,51,3374,0,40000,3500,0,40000,0x07
2026-09-06T11:30:58.732-03:00,165,0,0,50,3374,0,40000,3500,0,40000,0x07
2026-09-06T11:30:58.750-03:00,166,0,0,50,3374,0,40000,3500,0,40000,0x07
2026-09-06T11:30:58.773-03:00,167,0,0,50,3374,0,40000,3500,0,40000,0x07
2026-09-06T11:30:58.790-03:00,168,0,0,51,3374,0,40000,3500,0,40000,0x07
2026-09-06T11:30:58.813-03:00,169,0,0,51,3374,0,40000,3500,0,40000,0x07
2026-09-06T11:30:58.831-03:00,170,0,0,51,3374,0,40000,3500,0,40000,0x07
2026-09-06T11:30:58.849-03:00,171,0,0,51,3374,0,40000,3500,0,40000,0x07
2026-09-06T11:30:58.869-03:00,172,0,0,51,3374,0,40000,3500,0,40000,0x07
2026-09-06T11:30:58.889-03:00,173,0,0,54,3374,0,40000,3500,0,40000,0x07
2026-09-06T11:30:58.911-03:00,174,0,0,54,3374,0,40000,3500,0,40000,0x07
2026-09-06T11:30:58.934-03:00,175,0,0,54,3374,0,40000,3500,0,40000,0x07
2026-09-06T11:30:58.952-03:00,176,0,0,51,3374,0,40000,3500,0,40000,0x07
2026-09-06T11:30:58.969-03:00,177,0,0,51,3374,0,40000,3500,0,40000,0x07
2026-09-06T11:30:58.989-03:00,178,0,0,53,3374,0,40000,3500,0,40000,0x07
2026-09-06T11:30:59.012-03:00,179,0,0,53,3374,0,40000,3500,0,40000,0x07
2026-09-06T11:30:59.032-03:00,180,0,0,53,3374,0,40000,3500,0,40000,0x07
2026-09-06T11:30:59.050-03:00,181,0,0,50,3374,0,40000,3500,0,40000,0x07
2026-09-06T11:30:59.072-03:00,182,0,0,50,3374,0,40000,3500,0,40000,0x07
2026-09-06T11:30:59.090-03:00,183,0,0,50,3374,0,40000,3500,0,40000,0x07
2026-09-06T11:30:59.113-03:00,184,0,0,51,3374,0,40000,3500,0,40000,0x07
2026-09-06T11:30:59.131-03:00,185,0,0,51,3374,0,40000,3500,0,40000,0x07
2026-09-06T11:30:59.152-03:00,186,0,0,51,3374,0,40000,3500,0,40000,0x07
2026-09-06T11:30:59.170-03:00,187,0,0,51,3374,0,40000,3500,0,40000,0x07
2026-09-06T11:30:59.193-03:00,188,0,0,51,3374,0,40000,3500,0,40000,0x07
2026-09-06T11:30:59.211-03:00,189,0,0,52,3374,0,40000,3500,0,40000,0x07
2026-09-06T11:30:59.234-03:00,190,0,0,52,3374,0,40000,3500,0,40000,0x07
2026-09-06T11:30:59.252-03:00,191,0,0,56,3374,0,40000,3500,0,40000,0x07
2026-09-06T11:30:59.272-03:00,192,0,0,56,3374,0,40000,3500,0,40000,0x07
2026-09-06T11:30:59.292-03:00,193,0,0,56,3374,0,40000,3500,0,40000,0x07
2026-09-06T11:30:59.310-03:00,194,0,0,52,3374,0,40000,3500,0,40000,0x07
2026-09-06T11:30:59.333-03:00,195,0,0,52,3374,0,40000,3500,0,40000,0x07
2026-09-06T11:30:59.351-03:00,196,0,0,52,3374,0,40000,3500,0,40000,0x07
2026-09-06T11:30:59.374-03:00,197,0,0,52,3374,0,40000,3500,0,40000,0x07
2026-09-06T11:30:59.391-03:00,198,0,0,52,3374,0,40000,3500,0,40000,0x07
2026-09-06T11:30:59.410-03:00,199,0,0,51,3374,0,40000,3500,0,40000,0x07
2026-09-06T11:30:59.434-03:00,200,0,0,51,3374,0,40000,3500,0,40000,0x07
2026-09-06T11:30:59.454-03:00,201,0,0,51,3374,0,40000,3500,0,40000,0x07
2026-09-06T11:30:59.474-03:00,202,0,0,51,3374,0,40000,3500,0,40000,0x07
2026-09-06T11:30:59.492-03:00,203,0,0,51,3374,0,40000,3500,0,40000,0x07
2026-09-06T11:30:59.510-03:00,204,0,0,55,3374,0,40000,3500,0,40000,0x07
2026-09-06T11:30:59.533-03:00,205,0,0,55,3374,0,40000,3500,0,40000,0x07
2026-09-06T11:30:59.551-03:00,206,0,0,55,3374,0,40000,3500,0,40000,0x07
2026-09-06T11:30:59.569-03:00,207,0,0,51,3374,0,40000,3500,0,40000,0x07
2026-09-06T11:30:59.592-03:00,208,0,0,51,3374,0,40000,3500,0,40000,0x07
2026-09-06T11:30:59.612-03:00,209,0,0,51,3374,0,40000,3500,0,40000,0x07
2026-09-06T11:30:59.630-03:00,210,0,0,51,3374,0,40000,3500,0,40000,0x07
2026-09-06T11:30:59.653-03:00,211,0,0,51,3374,0,40000,3500,0,40000,0x07
2026-09-06T11:30:59.671-03:00,212,0,0,55,3374,0,40000,3500,0,40000,0x07
2026-09-06T11:30:59.689-03:00,213,0,0,55,3374,0,40000,3500,0,40000,0x07
2026-09-06T11:30:59.709-03:00,214,0,0,55,3374,0,40000,3500,0,40000,0x07
2026-09-06T11:30:59.733-03:00,215,0,0,50,3374,0,40000,3500,0,40000,0x07
2026-09-06T11:30:59.752-03:00,216,0,0,50,3374,0,40000,3500,0,40000,0x07
2026-09-06T11:30:59.772-03:00,217,0,0,53,3374,0,40000,3500,0,40000,0x07
2026-09-06T11:30:59.790-03:00,218,0,0,53,3374,0,40000,3500,0,40000,0x07
2026-09-06T11:30:59.813-03:00,219,0,0,53,3374,0,40000,3500,0,40000,0x07
2026-09-06T11:30:59.831-03:00,220,0,0,56,3374,0,40000,3500,0,40000,0x07
2026-09-06T11:30:59.854-03:00,221,0,0,56,3374,0,40000,3500,0,40000,0x07
2026-09-06T11:30:59.872-03:00,222,0,0,56,3374,0,40000,3500,0,40000,0x07
2026-09-06T11:30:59.890-03:00,223,0,0,52,3374,0,40000,3500,0,40000,0x07
2026-09-06T11:30:59.913-03:00,224,0,0,52,3374,0,40000,3500,0,40000,0x07
2026-09-06T11:30:59.930-03:00,225,0,0,52,3374,0,40000,3500,0,40000,0x07
2026-09-06T11:30:59.953-03:00,226,0,0,53,3374,0,40000,3500,0,40000,0x07
2026-09-06T11:30:59.971-03:00,227,0,0,53,3374,0,40000,3500,0,40000,0x07
2026-09-06T11:30:59.989-03:00,228,0,0,50,3374,0,40000,3500,0,40000,0x07
2026-09-06T11:31:00.013-03:00,229,0,0,50,3374,0,40000,3500,0,40000,0x07
2026-09-06T11:31:00.030-03:00,230,0,0,50,3374,0,40000,3500,0,40000,0x07
2026-09-06T11:31:00.054-03:00,231,0,0,51,3374,0,40000,3500,0,40000,0x07
2026-09-06T11:31:00.072-03:00,232,0,0,51,3374,0,40000,3500,0,40000,0x07
2026-09-06T11:31:00.090-03:00,233,0,0,50,3374,0,40000,3500,0,40000,0x07
2026-09-06T11:31:00.113-03:00,234,0,0,50,3374,0,40000,3500,0,40000,0x07
2026-09-06T11:31:00.132-03:00,235,0,0,50,3374,0,40000,3500,0,40000,0x07
2026-09-06T11:31:00.150-03:00,236,0,0,50,3374,0,40000,3500,0,40000,0x07
2026-09-06T11:31:00.170-03:00,237,0,0,50,3374,0,40000,3500,0,40000,0x07
2026-09-06T11:31:00.190-03:00,238,0,0,55,3374,0,40000,3500,0,40000,0x07
2026-09-06T11:31:00.214-03:00,239,0,0,55,3374,0,40000,3500,0,40000,0x07
2026-09-06T11:31:00.233-03:00,240,0,0,55,3374,0,40000,3500,0,40000,0x07
2026-09-06T11:31:00.252-03:00,241,0,0,51,3374,0,40000,3500,0,40000,0x07
2026-09-06T11:31:00.270-03:00,242,0,0,51,3374,0,40000,3500,0,40000,0x07
2026-09-06T11:31:00.293-03:00,243,0,0,50,3374,0,40000,3500,0,40000,0x07
2026-09-06T11:31:00.311-03:00,244,0,0,50,3374,0,40000,3500,0,40000,0x07
2026-09-06T11:31:00.329-03:00,245,0,0,50,3374,0,40000,3500,0,40000,0x07
2026-09-06T11:31:00.354-03:00,246,0,0,52,3374,0,40000,3500,0,40000,0x07
2026-09-06T11:31:00.372-03:00,247,0,0,52,3374,0,40000,3500,0,40000,0x07
2026-09-06T11:31:00.390-03:00,248,0,0,51,3374,0,40000,3500,0,40000,0x07
2026-09-06T11:31:00.410-03:00,249,0,0,51,3374,0,40000,3500,0,40000,0x07
2026-09-06T11:31:00.430-03:00,250,0,0,51,3374,0,40000,3500,0,40000,0x07
2026-09-06T11:31:00.450-03:00,251,0,0,56,3374,0,40000,3500,0,40000,0x07
2026-09-06T11:31:00.470-03:00,252,0,0,56,3374,0,40000,3500,0,40000,0x07
2026-09-06T11:31:00.493-03:00,253,0,0,56,3374,0,40000,3500,0,40000,0x07
2026-09-06T11:31:00.510-03:00,254,0,0,51,3374,0,40000,3500,0,40000,0x07
2026-09-06T11:31:00.533-03:00,255,0,0,51,3374,0,40000,3500,0,40000,0x07
2026-09-06T11:31:00.551-03:00,256,0,0,51,3374,0,40000,3500,0,40000,0x07
2026-09-06T11:31:00.571-03:00,257,0,0,54,3374,0,40000,3500,0,40000,0x07
2026-09-06T11:31:00.594-03:00,258,0,0,54,3374,0,40000,3500,0,40000,0x07
2026-09-06T11:31:00.614-03:00,259,0,0,55,3374,0,40000,3500,0,40000,0x07
2026-09-06T11:31:00.634-03:00,260,0,0,55,3374,0,40000,3500,0,40000,0x07
2026-09-06T11:31:00.652-03:00,261,0,0,55,3374,0,40000,3500,0,40000,0x07
2026-09-06T11:31:00.670-03:00,262,0,0,50,3374,0,40000,3500,0,40000,0x07
2026-09-06T11:31:00.692-03:00,263,0,0,50,3374,0,40000,3500,0,40000,0x07
2026-09-06T11:31:00.710-03:00,264,0,0,50,3374,0,40000,3500,0,40000,0x07
2026-09-06T11:31:00.733-03:00,265,0,0,50,3374,0,40000,3500,0,40000,0x07
2026-09-06T11:31:00.753-03:00,266,0,0,50,3374,0,40000,3500,0,40000,0x07
2026-09-06T11:31:00.771-03:00,267,0,0,51,3374,0,40000,3500,0,40000,0x07
2026-09-06T11:31:00.789-03:00,268,0,0,51,3374,0,40000,3500,0,40000,0x07
2026-09-06T11:31:00.812-03:00,269,0,0,51,3374,0,40000,3500,0,40000,0x07
2026-09-06T11:31:00.832-03:00,270,0,0,54,3374,0,40000,3500,0,40000,0x07
2026-09-06T11:31:00.850-03:00,271,0,0,54,3374,0,40000,3500,0,40000,0x07
2026-09-06T11:31:00.873-03:00,272,0,0,51,3374,0,40000,3500,0,40000,0x07
2026-09-06T11:31:00.890-03:00,273,0,0,51,3374,0,40000,3500,0,40000,0x07
2026-09-06T11:31:00.914-03:00,274,0,0,51,3374,0,40000,3500,0,40000,0x07
2026-09-06T11:31:00.932-03:00,275,0,0,52,3374,0,40000,3500,0,40000,0x07
2026-09-06T11:31:00.950-03:00,276,0,0,52,3374,0,40000,3500,0,40000,0x07
2026-09-06T11:31:00.973-03:00,277,0,0,53,3374,0,40000,3500,0,40000,0x07
2026-09-06T11:31:00.991-03:00,278,0,0,53,3374,0,40000,3500,0,40000,0x07
2026-09-06T11:31:01.014-03:00,279,0,0,53,3374,0,40000,3500,0,40000,0x07
2026-09-06T11:31:01.034-03:00,280,0,0,51,3374,0,40000,3500,0,40000,0x07
2026-09-06T11:31:01.052-03:00,281,0,0,51,3374,0,40000,3500,0,40000,0x07
2026-09-06T11:31:01.091-03:00,282,0,0,50,3374,0,40000,3500,0,40000,0x07
2026-09-06T11:31:01.114-03:00,283,0,0,50,3374,0,40000,3500,0,40000,0x07
2026-09-06T11:31:01.132-03:00,284,0,0,50,3374,0,40000,3500,0,40000,0x07
2026-09-06T11:31:01.149-03:00,285,0,0,51,3374,0,40000,3500,0,40000,0x07
2026-09-06T11:31:01.173-03:00,286,0,0,51,3374,0,40000,3500,0,40000,0x07
2026-09-06T11:31:01.191-03:00,287,0,0,51,3374,0,40000,3500,0,40000,0x07
2026-09-06T11:31:01.209-03:00,288,0,0,54,3374,0,40000,3500,0,40000,0x07
2026-09-06T11:31:01.233-03:00,289,0,0,54,3374,0,40000,3500,0,40000,0x07
2026-09-06T11:31:01.250-03:00,290,0,0,54,3374,0,40000,3500,0,40000,0x07
2026-09-06T11:31:01.273-03:00,291,0,0,54,3374,0,40000,3500,0,40000,0x07
2026-09-06T11:31:01.293-03:00,292,0,0,54,3374,0,40000,3500,0,40000,0x07
2026-09-06T11:31:01.312-03:00,293,0,0,50,3374,0,40000,3500,0,40000,0x07
2026-09-06T11:31:01.330-03:00,294,0,0,50,3374,0,40000,3500,0,40000,0x07
2026-09-06T11:31:01.349-03:00,295,0,0,53,3374,0,40000,3500,0,40000,0x07
2026-09-06T11:31:01.372-03:00,296,0,0,53,3374,0,40000,3500,0,40000,0x07
2026-09-06T11:31:01.390-03:00,297,0,0,53,3374,0,40000,3500,0,40000,0x07
2026-09-06T11:31:01.413-03:00,298,0,0,56,3374,0,40000,3500,0,40000,0x07
2026-09-06T11:31:01.431-03:00,299,0,0,56,3374,0,40000,3500,0,40000,0x07
2026-09-06T11:31:01.452-03:00,300,0,0,56,3374,0,40000,3500,0,40000,0x07
2026-09-06T11:31:01.472-03:00,301,0,0,50,3374,0,40000,3500,0,40000,0x07
2026-09-06T11:31:01.490-03:00,302,0,0,50,3374,0,40000,3500,0,40000,0x07
2026-09-06T11:31:01.513-03:00,303,0,0,52,3374,0,40000,3500,0,40000,0x07
2026-09-06T11:31:01.533-03:00,304,0,0,52,3374,0,40000,3500,0,40000,0x07
2026-09-06T11:31:01.551-03:00,305,0,0,52,3374,0,40000,3500,0,40000,0x07
2026-09-06T11:31:01.574-03:00,306,0,0,50,3374,0,40000,3500,0,40000,0x07
2026-09-06T11:31:01.592-03:00,307,0,0,50,3374,0,40000,3500,0,40000,0x07
2026-09-06T11:31:01.610-03:00,308,0,0,50,3374,0,40000,3500,0,40000,0x07
2026-09-06T11:31:01.633-03:00,309,0,0,53,3374,0,40000,3500,0,40000,0x07
2026-09-06T11:31:01.651-03:00,310,0,0,53,3374,0,40000,3500,0,40000,0x07
2026-09-06T11:31:01.669-03:00,311,0,0,56,3374,0,40000,3500,0,40000,0x07
2026-09-06T11:31:01.693-03:00,312,0,0,56,3374,0,40000,3500,0,40000,0x07
2026-09-06T11:31:01.711-03:00,313,0,0,56,3374,0,40000,3500,0,40000,0x07
2026-09-06T11:31:01.729-03:00,314,0,0,51,3374,0,40000,3500,0,40000,0x07
2026-09-06T11:31:01.752-03:00,315,0,0,51,3374,0,40000,3500,0,40000,0x07
2026-09-06T11:31:01.770-03:00,316,0,0,50,3374,0,40000,3500,0,40000,0x07
2026-09-06T11:31:01.792-03:00,317,0,0,50,3374,0,40000,3500,0,40000,0x07
2026-09-06T11:31:01.810-03:00,318,0,0,50,3374,0,40000,3500,0,40000,0x07
2026-09-06T11:31:01.832-03:00,319,0,0,51,3374,0,40000,3500,0,40000,0x07
2026-09-06T11:31:01.852-03:00,320,0,0,51,3374,0,40000,3500,0,40000,0x07
2026-09-06T11:31:01.874-03:00,321,0,0,51,3374,0,40000,3500,0,40000,0x07
2026-09-06T11:31:01.894-03:00,322,0,0,52,3374,0,40000,3500,0,40000,0x07
2026-09-06T11:31:01.913-03:00,323,0,0,52,3374,0,40000,3500,0,40000,0x07
2026-09-06T11:31:01.933-03:00,324,0,0,50,3374,0,40000,3500,0,40000,0x07
2026-09-06T11:31:01.951-03:00,325,0,0,50,3374,0,40000,3500,0,40000,0x07
2026-09-06T11:31:01.969-03:00,326,0,0,50,3374,0,40000,3500,0,40000,0x07
2026-09-06T11:31:01.992-03:00,327,0,0,54,3374,0,40000,3500,0,40000,0x07
2026-09-06T11:31:02.010-03:00,328,0,0,54,3374,0,40000,3500,0,40000,0x07
2026-09-06T11:31:02.033-03:00,329,0,0,54,3374,0,40000,3500,0,40000,0x07
2026-09-06T11:31:02.050-03:00,330,0,0,54,3374,0,40000,3500,0,40000,0x07
2026-09-06T11:31:02.073-03:00,331,0,0,54,3374,0,40000,3500,0,40000,0x07
2026-09-06T11:31:02.091-03:00,332,0,0,51,3374,0,40000,3500,0,40000,0x07
2026-09-06T11:31:02.110-03:00,333,0,0,51,3374,0,40000,3500,0,40000,0x07
2026-09-06T11:31:02.132-03:00,334,0,0,51,3374,0,40000,3500,0,40000,0x07
2026-09-06T11:31:02.150-03:00,335,0,0,52,3374,0,40000,3500,0,40000,0x07
2026-09-06T11:31:02.173-03:00,336,0,0,52,3374,0,40000,3500,0,40000,0x07
2026-09-06T11:31:02.191-03:00,337,0,0,55,3374,0,40000,3500,0,40000,0x07
2026-09-06T11:31:02.211-03:00,338,0,0,55,3374,0,40000,3500,0,40000,0x07
2026-09-06T11:31:02.234-03:00,339,0,0,55,3374,0,40000,3500,0,40000,0x07
2026-09-06T11:31:02.252-03:00,340,0,0,52,3374,0,40000,3500,0,40000,0x07
2026-09-06T11:31:02.270-03:00,341,0,0,52,3374,0,40000,3500,0,40000,0x07
2026-09-06T11:31:02.293-03:00,342,0,0,50,3374,0,40000,3500,0,40000,0x07
2026-09-06T11:31:02.313-03:00,343,0,0,50,3374,0,40000,3500,0,40000,0x07
2026-09-06T11:31:02.330-03:00,344,0,0,50,3374,0,40000,3500,0,40000,0x07
2026-09-06T11:31:02.353-03:00,345,0,0,51,3374,0,40000,3500,0,40000,0x07
2026-09-06T11:31:02.371-03:00,346,0,0,51,3374,0,40000,3500,0,40000,0x07
2026-09-06T11:31:02.391-03:00,347,0,0,51,3374,0,40000,3500,0,40000,0x07
2026-09-06T11:31:02.410-03:00,348,0,0,51,3374,0,40000,3500,0,40000,0x07
2026-09-06T11:31:02.430-03:00,349,0,0,51,3374,0,40000,3500,0,40000,0x07
2026-09-06T11:31:02.454-03:00,350,0,0,56,3374,0,40000,3500,0,40000,0x07
2026-09-06T11:31:02.471-03:00,351,0,0,56,3374,0,40000,3500,0,40000,0x07
2026-09-06T11:31:02.489-03:00,352,0,0,56,3374,0,40000,3500,0,40000,0x07
2026-09-06T11:31:02.512-03:00,353,0,0,51,3374,0,40000,3500,0,40000,0x07
2026-09-06T11:31:02.530-03:00,354,0,0,51,3374,0,40000,3500,0,40000,0x07
2026-09-06T11:31:02.554-03:00,355,0,0,51,3374,0,40000,3500,0,40000,0x07
2026-09-06T11:31:02.572-03:00,356,0,0,50,3374,0,40000,3500,0,40000,0x07
2026-09-06T11:31:02.589-03:00,357,0,0,50,3374,0,40000,3500,0,40000,0x07
2026-09-06T11:31:02.612-03:00,358,0,0,51,3374,0,40000,3500,0,40000,0x07
2026-09-06T11:31:02.630-03:00,359,0,0,51,3374,0,40000,3500,0,40000,0x07
2026-09-06T11:31:02.650-03:00,360,0,0,51,3374,0,40000,3500,0,40000,0x07
2026-09-06T11:31:02.672-03:00,361,0,0,51,3374,0,40000,3500,0,40000,0x07
2026-09-06T11:31:02.690-03:00,362,0,0,51,3374,0,40000,3500,0,40000,0x07
2026-09-06T11:31:02.713-03:00,363,0,0,55,3374,0,40000,3500,0,40000,0x07
2026-09-06T11:31:02.731-03:00,364,0,0,55,3374,0,40000,3500,0,40000,0x07
2026-09-06T11:31:02.749-03:00,365,0,0,55,3374,0,40000,3500,0,40000,0x07
2026-09-06T11:31:02.770-03:00,366,0,0,52,3374,0,40000,3500,0,40000,0x07
2026-09-06T11:31:02.793-03:00,367,0,0,52,3374,0,40000,3500,0,40000,0x07
2026-09-06T11:31:02.811-03:00,368,0,0,52,3374,0,40000,3500,0,40000,0x07
2026-09-06T11:31:02.834-03:00,369,0,0,51,3374,0,40000,3500,0,40000,0x07
2026-09-06T11:31:02.854-03:00,370,0,0,51,3374,0,40000,3500,0,40000,0x07
2026-09-06T11:31:02.872-03:00,371,0,0,50,3374,0,40000,3500,0,40000,0x07
2026-09-06T11:31:02.890-03:00,372,0,0,50,3374,0,40000,3500,0,40000,0x07
2026-09-06T11:31:02.910-03:00,373,0,0,51,3374,0,40000,3500,0,40000,0x07
2026-09-06T11:31:02.933-03:00,374,0,0,51,3374,0,40000,3500,0,40000,0x07
2026-09-06T11:31:02.951-03:00,375,0,0,51,3374,0,40000,3500,0,40000,0x07
2026-09-06T11:31:02.969-03:00,376,0,0,56,3374,0,40000,3500,0,40000,0x07
2026-09-06T11:31:02.989-03:00,377,0,0,56,3374,0,40000,3500,0,40000,0x07
2026-09-06T11:31:03.012-03:00,378,0,0,56,3374,0,40000,3500,0,40000,0x07
2026-09-06T11:31:03.030-03:00,379,0,0,52,3374,0,40000,3500,0,40000,0x07
2026-09-06T11:31:03.054-03:00,380,0,0,52,3374,0,40000,3500,0,40000,0x07
2026-09-06T11:31:03.072-03:00,381,0,0,51,3374,0,40000,3500,0,40000,0x07
2026-09-06T11:31:03.090-03:00,382,0,0,51,3374,0,40000,3500,0,40000,0x07
2026-09-06T11:31:03.113-03:00,383,0,0,51,3374,0,40000,3500,0,40000,0x07
2026-09-06T11:31:03.133-03:00,384,0,0,51,3374,0,40000,3500,0,40000,0x07
2026-09-06T11:31:03.153-03:00,385,0,0,51,3374,0,40000,3500,0,40000,0x07
2026-09-06T11:31:03.171-03:00,386,0,0,51,3374,0,40000,3500,0,40000,0x07
2026-09-06T11:31:03.191-03:00,387,0,0,54,3374,0,40000,3500,0,40000,0x07
2026-09-06T11:31:03.209-03:00,388,0,0,54,3374,0,40000,3500,0,40000,0x07
2026-09-06T11:31:03.233-03:00,389,0,0,54,3374,0,40000,3500,0,40000,0x07
2026-09-06T11:31:03.251-03:00,390,0,0,54,3374,0,40000,3500,0,40000,0x07
2026-09-06T11:31:03.269-03:00,391,0,0,54,3374,0,40000,3500,0,40000,0x07
2026-09-06T11:31:03.292-03:00,392,0,0,50,3374,0,40000,3500,0,40000,0x07
2026-09-06T11:31:03.310-03:00,393,0,0,50,3374,0,40000,3500,0,40000,0x07
2026-09-06T11:31:03.332-03:00,394,0,0,50,3374,0,40000,3500,0,40000,0x07
2026-09-06T11:31:03.350-03:00,395,0,0,51,3374,0,40000,3500,0,40000,0x07
2026-09-06T11:31:03.371-03:00,396,0,0,51,3374,0,40000,3500,0,40000,0x07
2026-09-06T11:31:03.394-03:00,397,0,0,50,3374,0,40000,3500,0,40000,0x07
2026-09-06T11:31:03.412-03:00,398,0,0,50,3374,0,40000,3500,0,40000,0x07
2026-09-06T11:31:03.430-03:00,399,0,0,50,3374,0,40000,3500,0,40000,0x07
2026-09-06T11:31:03.453-03:00,400,0,0,54,3374,0,40000,3500,0,40000,0x07
2026-09-06T11:31:03.471-03:00,401,0,0,54,3374,0,40000,3500,0,40000,0x07
2026-09-06T11:31:03.489-03:00,402,0,0,55,3374,0,40000,3500,0,40000,0x07
2026-09-06T11:31:03.511-03:00,403,0,0,55,3374,0,40000,3500,0,40000,0x07
2026-09-06T11:31:03.532-03:00,404,0,0,55,3374,0,40000,3500,0,40000,0x07
2026-09-06T11:31:03.549-03:00,405,0,0,50,3374,0,40000,3500,0,40000,0x07
2026-09-06T11:31:03.571-03:00,406,0,0,50,3374,0,40000,3500,0,40000,0x07
2026-09-06T11:31:03.590-03:00,407,0,0,50,3374,0,40000,3500,0,40000,0x07
2026-09-06T11:31:03.613-03:00,408,0,0,54,3374,0,40000,3500,0,40000,0x07
2026-09-06T11:31:03.633-03:00,409,0,0,54,3374,0,40000,3500,0,40000,0x07
2026-09-06T11:31:03.651-03:00,410,0,0,55,3374,0,40000,3500,0,40000,0x07
2026-09-06T11:31:03.669-03:00,411,0,0,55,3374,0,40000,3500,0,40000,0x07
2026-09-06T11:31:03.692-03:00,412,0,0,55,3374,0,40000,3500,0,40000,0x07
2026-09-06T11:31:03.710-03:00,413,0,0,50,3374,0,40000,3500,0,40000,0x07
2026-09-06T11:31:03.733-03:00,414,0,0,50,3374,0,40000,3500,0,40000,0x07
2026-09-06T11:31:03.751-03:00,415,0,0,51,3374,0,40000,3500,0,40000,0x07
2026-09-06T11:31:03.774-03:00,416,0,0,51,3374,0,40000,3500,0,40000,0x07
2026-09-06T11:31:03.792-03:00,417,0,0,51,3374,0,40000,3500,0,40000,0x07
2026-09-06T11:31:03.812-03:00,418,0,0,52,3374,0,40000,3500,0,40000,0x07
2026-09-06T11:31:03.831-03:00,419,0,0,52,3374,0,40000,3500,0,40000,0x07
2026-09-06T11:31:03.852-03:00,420,0,0,50,3374,0,40000,3500,0,40000,0x07
2026-09-06T11:31:03.870-03:00,421,0,0,50,3374,0,40000,3500,0,40000,0x07
2026-09-06T11:31:03.892-03:00,422,0,0,50,3374,0,40000,3500,0,40000,0x07
2026-09-06T11:31:03.910-03:00,423,0,0,52,3374,0,40000,3500,0,40000,0x07
2026-09-06T11:31:03.933-03:00,424,0,0,52,3374,0,40000,3500,0,40000,0x07
2026-09-06T11:31:03.951-03:00,425,0,0,52,3374,0,40000,3500,0,40000,0x07
2026-09-06T11:31:03.969-03:00,426,0,0,51,3374,0,40000,3500,0,40000,0x07
2026-09-06T11:31:03.993-03:00,427,0,0,51,3374,0,40000,3500,0,40000,0x07
2026-09-06T11:31:04.011-03:00,428,0,0,55,3374,0,40000,3500,0,40000,0x07
2026-09-06T11:31:04.034-03:00,429,0,0,55,3374,0,40000,3500,0,40000,0x07
2026-09-06T11:31:04.052-03:00,430,0,0,55,3374,0,40000,3500,0,40000,0x07
2026-09-06T11:31:04.070-03:00,431,0,0,51,3374,0,40000,3500,0,40000,0x07
2026-09-06T11:31:04.093-03:00,432,0,0,51,3374,0,40000,3500,0,40000,0x07
2026-09-06T11:31:04.111-03:00,433,0,0,50,3374,0,40000,3500,0,40000,0x07
2026-09-06T11:31:04.131-03:00,434,0,0,50,3374,0,40000,3500,0,40000,0x07
2026-09-06T11:31:04.149-03:00,435,0,0,50,3374,0,40000,3500,0,40000,0x07
2026-09-06T11:31:04.173-03:00,436,0,0,51,3374,0,40000,3500,0,40000,0x07
2026-09-06T11:31:04.191-03:00,437,0,0,51,3374,0,40000,3500,0,40000,0x07
2026-09-06T11:31:04.211-03:00,438,0,0,51,3374,0,40000,3500,0,40000,0x07
2026-09-06T11:31:04.234-03:00,439,0,0,51,3374,0,40000,3500,0,40000,0x07
2026-09-06T11:31:04.251-03:00,440,0,0,51,3374,0,40000,3500,0,40000,0x07
2026-09-06T11:31:04.269-03:00,441,0,0,56,3374,0,40000,3500,0,40000,0x07
2026-09-06T11:31:04.293-03:00,442,0,0,56,3374,0,40000,3500,0,40000,0x07
2026-09-06T11:31:04.310-03:00,443,0,0,56,3374,0,40000,3500,0,40000,0x07
2026-09-06T11:31:04.334-03:00,444,0,0,52,3374,0,40000,3500,0,40000,0x07
2026-09-06T11:31:04.352-03:00,445,0,0,52,3374,0,40000,3500,0,40000,0x07
2026-09-06T11:31:04.370-03:00,446,0,0,52,3374,0,40000,3500,0,40000,0x07
2026-09-06T11:31:04.394-03:00,447,0,0,54,3374,0,40000,3500,0,40000,0x07
2026-09-06T11:31:04.412-03:00,448,0,0,54,3374,0,40000,3500,0,40000,0x07
2026-09-06T11:31:04.432-03:00,449,0,0,53,3374,0,40000,3500,0,40000,0x07
2026-09-06T11:31:04.450-03:00,450,0,0,53,3374,0,40000,3500,0,40000,0x07
2026-09-06T11:31:04.473-03:00,451,0,0,53,3374,0,40000,3500,0,40000,0x07
2026-09-06T11:31:04.491-03:00,452,0,0,51,3374,0,40000,3500,0,40000,0x07
2026-09-06T11:31:04.510-03:00,453,0,0,51,3374,0,40000,3500,0,40000,0x07
2026-09-06T11:31:04.533-03:00,454,0,0,54,3374,0,40000,3500,0,40000,0x07
2026-09-06T11:31:04.551-03:00,455,0,0,54,3374,0,40000,3500,0,40000,0x07
2026-09-06T11:31:04.569-03:00,456,0,0,54,3374,0,40000,3500,0,40000,0x07
2026-09-06T11:31:04.589-03:00,457,0,0,50,3374,0,40000,3500,0,40000,0x07
2026-09-06T11:31:04.613-03:00,458,0,0,50,3374,0,40000,3500,0,40000,0x07
2026-09-06T11:31:04.630-03:00,459,0,0,50,3374,0,40000,3500,0,40000,0x07
2026-09-06T11:31:04.653-03:00,460,0,0,52,3374,0,40000,3500,0,40000,0x07
2026-09-06T11:31:04.671-03:00,461,0,0,52,3374,0,40000,3500,0,40000,0x07
2026-09-06T11:31:04.689-03:00,462,0,0,54,3374,0,40000,3500,0,40000,0x07
2026-09-06T11:31:04.712-03:00,463,0,0,54,3374,0,40000,3500,0,40000,0x07
2026-09-06T11:31:04.732-03:00,464,0,0,54,3374,0,40000,3500,0,40000,0x07
2026-09-06T11:31:04.750-03:00,465,0,0,52,3374,0,40000,3500,0,40000,0x07
2026-09-06T11:31:04.773-03:00,466,0,0,52,3374,0,40000,3500,0,40000,0x07
2026-09-06T11:31:04.791-03:00,467,0,0,52,3374,0,40000,3500,0,40000,0x07
2026-09-06T11:31:04.809-03:00,468,0,0,54,3374,0,40000,3500,0,40000,0x07
2026-09-06T11:31:04.832-03:00,469,0,0,54,3374,0,40000,3500,0,40000,0x07
2026-09-06T11:31:04.850-03:00,470,0,0,54,3374,0,40000,3500,0,40000,0x07
2026-09-06T11:31:04.874-03:00,471,0,0,54,3374,0,40000,3500,0,40000,0x07
2026-09-06T11:31:04.894-03:00,472,0,0,54,3374,0,40000,3500,0,40000,0x07
2026-09-06T11:31:04.909-03:00,473,0,0,51,3374,0,40000,3500,0,40000,0x07
2026-09-06T11:31:04.933-03:00,474,0,0,51,3374,0,40000,3500,0,40000,0x07
2026-09-06T11:31:04.951-03:00,475,0,0,52,3374,0,40000,3500,0,40000,0x07
2026-09-06T11:31:04.973-03:00,476,0,0,52,3374,0,40000,3500,0,40000,0x07
2026-09-06T11:31:04.991-03:00,477,0,0,52,3374,0,40000,3500,0,40000,0x07
2026-09-06T11:31:05.009-03:00,478,0,0,51,3374,0,40000,3500,0,40000,0x07
2026-09-06T11:31:05.032-03:00,479,0,0,51,3374,0,40000,3500,0,40000,0x07
2026-09-06T11:31:05.050-03:00,480,0,0,51,3374,0,40000,3500,0,40000,0x07
2026-09-06T11:31:05.073-03:00,481,0,0,50,3374,0,40000,3500,0,40000,0x07
2026-09-06T11:31:05.091-03:00,482,0,0,50,3374,0,40000,3500,0,40000,0x07
2026-09-06T11:31:05.109-03:00,483,0,0,55,3374,0,40000,3500,0,40000,0x07
2026-09-06T11:31:05.133-03:00,484,0,0,55,3374,0,40000,3500,0,40000,0x07
2026-09-06T11:31:05.153-03:00,485,0,0,55,3374,0,40000,3500,0,40000,0x07
2026-09-06T11:31:05.174-03:00,486,0,0,51,3374,0,40000,3500,0,40000,0x07
2026-09-06T11:31:05.192-03:00,487,0,0,51,3374,0,40000,3500,0,40000,0x07
2026-09-06T11:31:05.210-03:00,488,0,0,52,3374,0,40000,3500,0,40000,0x07
2026-09-06T11:31:05.230-03:00,489,0,0,52,3374,0,40000,3500,0,40000,0x07
2026-09-06T11:31:05.253-03:00,490,0,0,52,3374,0,40000,3500,0,40000,0x07
2026-09-06T11:31:05.270-03:00,491,0,0,52,3374,0,40000,3500,0,40000,0x07
2026-09-06T11:31:05.293-03:00,492,0,0,52,3374,0,40000,3500,0,40000,0x07
2026-09-06T11:31:05.311-03:00,493,0,0,52,3374,0,40000,3500,0,40000,0x07
2026-09-06T11:31:05.329-03:00,494,0,0,52,3374,0,40000,3500,0,40000,0x07
2026-09-06T11:31:05.349-03:00,495,0,0,52,3374,0,40000,3500,0,40000,0x07
2026-09-06T11:31:05.372-03:00,496,0,0,55,3374,0,40000,3500,0,40000,0x07
2026-09-06T11:31:05.416-03:00,497,0,0,55,3374,0,40000,3500,0,40000,0x07
2026-09-06T11:31:05.460-03:00,498,0,0,55,3374,0,40000,3500,0,40000,0x07
2026-09-06T11:31:05.504-03:00,499,0,0,52,3374,0,40000,3500,0,40000,0x07
2026-09-06T11:31:05.548-03:00,500,0,0,52,3374,0,40000,3500,0,40000,0x07
2026-09-06T11:31:05.592-03:00,501,0,0,52,0,0,0,0,0,0,0x03
