timestamp,sequence,team,robot_id,interval_ms,left_target_eps,left_measured_eps,left_duty,right_target_eps,right_measured_eps,right_duty,flags
2026-09-06T17:13:11.338,89,0,2,51,0,0,0,0,0,0,0x03
2026-09-06T17:13:11.338,88,0,1,50,0,0,0,0,0,0,0x03
2026-09-06T17:13:11.407,91,0,2,50,0,0,0,0,0,0,0x03
2026-09-06T17:13:11.407,90,0,1,52,0,0,0,0,0,0,0x03
2026-09-06T17:13:11.472,93,0,2,51,0,0,0,0,0,0,0x03
2026-09-06T17:13:11.472,92,0,1,51,0,0,0,0,0,0,0x03
2026-09-06T17:13:11.537,1,0,2,50,0,0,0,0,0,0,0x03
2026-09-06T17:13:11.537,0,0,1,52,0,0,0,0,0,0,0x03
2026-09-06T17:13:11.618,3,0,2,53,0,0,0,0,0,0,0x03
2026-09-06T17:13:11.619,2,0,1,50,0,0,0,0,0,0,0x03
2026-09-06T17:13:11.684,5,0,2,51,0,0,0,0,0,0,0x03
2026-09-06T17:13:11.684,4,0,1,52,0,0,0,0,0,0,0x03
2026-09-06T17:13:11.749,7,0,2,50,0,0,0,0,0,0,0x03
2026-09-06T17:13:11.749,6,0,1,51,0,0,0,0,0,0,0x03
2026-09-06T17:13:11.813,9,0,2,51,0,0,0,0,0,0,0x03
2026-09-06T17:13:11.813,8,0,1,50,0,0,0,0,0,0,0x03
2026-09-06T17:13:11.878,11,0,2,52,0,0,0,0,0,0,0x03
2026-09-06T17:13:11.878,10,0,1,51,0,0,0,0,0,0,0x03
2026-09-06T17:13:11.943,13,0,2,51,0,0,0,0,0,0,0x03
2026-09-06T17:13:11.943,12,0,1,55,0,0,0,0,0,0,0x03
2026-09-06T17:13:12.008,15,0,2,52,0,0,0,0,0,0,0x03
2026-09-06T17:13:12.009,14,0,1,50,0,0,0,0,0,0,0x03
2026-09-06T17:13:12.074,17,0,2,50,0,0,0,0,0,0,0x03
2026-09-06T17:13:12.074,16,0,1,52,0,0,0,0,0,0,0x03
2026-09-06T17:13:12.155,19,0,2,51,0,0,0,0,0,0,0x03
2026-09-06T17:13:12.155,18,0,1,52,0,0,0,0,0,0,0x03
2026-09-06T17:13:12.219,21,0,2,51,0,0,0,0,0,0,0x03
2026-09-06T17:13:12.219,20,0,1,52,0,0,0,0,0,0,0x03
2026-09-06T17:13:12.285,23,0,2,50,0,0,0,0,0,0,0x03
2026-09-06T17:13:12.285,22,0,1,52,0,0,0,0,0,0,0x03
2026-09-06T17:13:12.349,25,0,2,50,0,0,0,0,0,0,0x03
2026-09-06T17:13:12.349,24,0,1,50,0,0,0,0,0,0,0x03
2026-09-06T17:13:12.414,27,0,2,50,0,0,0,0,0,0,0x03
2026-09-06T17:13:12.414,26,0,1,51,0,0,0,0,0,0,0x03
2026-09-06T17:13:12.479,29,0,2,50,0,0,0,0,0,0,0x03
2026-09-06T17:13:12.479,28,0,1,51,0,0,0,0,0,0,0x03
2026-09-06T17:13:12.545,31,0,2,52,0,0,0,0,0,0,0x03
2026-09-06T17:13:12.545,30,0,1,51,0,0,0,0,0,0,0x03
2026-09-06T17:13:12.610,33,0,2,51,0,0,0,0,0,0,0x03
2026-09-06T17:13:12.610,32,0,1,50,0,0,0,0,0,0,0x03
2026-09-06T17:13:12.692,35,0,2,51,0,0,0,0,0,0,0x03
2026-09-06T17:13:12.692,34,0,1,50,0,0,0,0,0,0,0x03
2026-09-06T17:13:12.757,37,0,2,50,0,0,0,0,0,0,0x03
2026-09-06T17:13:12.757,36,0,1,53,0,0,0,0,0,0,0x03
2026-09-06T17:13:12.822,39,0,2,52,0,0,0,0,0,0,0x03
2026-09-06T17:13:12.822,38,0,1,51,0,0,0,0,0,0,0x03
2026-09-06T17:13:12.886,41,0,2,50,0,0,0,0,0,0,0x03
2026-09-06T17:13:12.886,40,0,1,50,0,0,0,0,0,0,0x03
2026-09-06T17:13:12.951,43,0,2,52,0,0,0,0,0,0,0x03
2026-09-06T17:13:12.951,42,0,1,50,0,0,0,0,0,0,0x03
2026-09-06T17:13:13.016,45,0,2,51,0,0,0,0,0,0,0x03
2026-09-06T17:13:13.016,44,0,1,50,0,0,0,0,0,0,0x03
2026-09-06T17:13:13.081,47,0,2,51,0,0,0,0,0,0,0x03
2026-09-06T17:13:13.081,46,0,1,52,0,0,0,0,0,0,0x03
2026-09-06T17:13:13.146,49,0,2,50,0,0,0,0,0,0,0x03
2026-09-06T17:13:13.146,48,0,1,50,0,0,0,0,0,0,0x03
2026-09-06T17:13:13.211,51,0,2,51,0,0,0,0,0,0,0x03
2026-09-06T17:13:13.211,50,0,1,50,0,0,0,0,0,0,0x03
2026-09-06T17:13:13.277,53,0,2,50,0,0,0,0,0,0,0x03
2026-09-06T17:13:13.277,52,0,1,51,0,0,0,0,0,0,0x03
2026-09-06T17:13:13.358,55,0,2,51,0,0,0,0,0,0,0x03
2026-09-06T17:13:13.358,54,0,1,51,0,0,0,0,0,0,0x03
2026-09-06T17:13:13.423,57,0,2,51,0,0,0,0,0,0,0x03
2026-09-06T17:13:13.423,56,0,1,50,0,0,0,0,0,0,0x03
2026-09-06T17:13:13.488,58,0,1,52,0,0,0,0,0,0,0x03
2026-09-06T17:13:13.553,61,0,2,52,0,0,0,0,0,0,0x03
2026-09-06T17:13:13.553,58,0,1,52,0,0,0,0,0,0,0x03
2026-09-06T17:13:13.618,61,0,2,51,0,0,0,0,0,0,0x03
2026-09-06T17:13:13.618,58,0,1,52,0,0,0,0,0,0,0x03
2026-09-06T17:13:13.684,65,0,2,51,0,0,0,0,0,0,0x03
2026-09-06T17:13:13.684,64,0,1,50,0,0,0,0,0,0,0x03
2026-09-06T17:13:13.748,67,0,2,55,0,0,0,0,0,0,0x03
2026-09-06T17:13:13.748,66,0,1,50,0,0,0,0,0,0,0x03
2026-09-06T17:13:13.813,69,0,2,50,0,0,0,0,0,0,0x03
2026-09-06T17:13:13.813,68,0,1,50,0,0,0,0,0,0,0x03
2026-09-06T17:13:13.894,71,0,2,51,0,0,0,0,0,0,0x03
2026-09-06T17:13:13.894,70,0,1,50,0,0,0,0,0,0,0x03
2026-09-06T17:13:13.959,73,0,2,50,0,0,0,0,0,0,0x03
2026-09-06T17:13:13.959,72,0,1,51,0,0,0,0,0,0,0x03
2026-09-06T17:13:14.024,75,0,2,50,0,0,0,0,0,0,0x03
2026-09-06T17:13:14.024,74,0,1,50,0,0,0,0,0,0,0x03
2026-09-06T17:13:14.089,77,0,2,50,0,0,0,0,0,0,0x03
2026-09-06T17:13:14.089,76,0,1,50,0,0,0,0,0,0,0x03
2026-09-06T17:13:14.154,79,0,2,52,0,0,0,0,0,0,0x03
2026-09-06T17:13:14.154,78,0,1,53,0,0,0,0,0,0,0x03
2026-09-06T17:13:14.219,81,0,2,50,0,0,0,0,0,0,0x03
2026-09-06T17:13:14.219,80,0,1,50,0,0,0,0,0,0,0x03
2026-09-06T17:13:14.284,83,0,2,50,0,0,0,0,0,0,0x03
2026-09-06T17:13:14.284,82,0,1,51,0,0,0,0,0,0,0x03
2026-09-06T17:13:14.350,85,0,2,51,0,0,0,0,0,0,0x03
2026-09-06T17:13:14.350,84,0,1,50,0,0,0,0,0,0,0x03
2026-09-06T17:13:14.430,87,0,2,50,0,0,0,0,0,0,0x03
2026-09-06T17:13:14.430,86,0,1,54,0,0,0,0,0,0,0x03
2026-09-06T17:13:14.495,89,0,2,51,0,0,0,0,0,0,0x03
2026-09-06T17:13:14.495,88,0,1,51,0,0,0,0,0,0,0x03
2026-09-06T17:13:14.561,91,0,2,54,0,0,0,0,0,0,0x03
2026-09-06T17:13:14.561,90,0,1,51,0,0,0,0,0,0,0x03
2026-09-06T17:13:14.626,93,0,2,52,0,0,0,0,0,0,0x03
2026-09-06T17:13:14.626,92,0,1,51,0,0,0,0,0,0,0x03
2026-09-06T17:13:14.691,95,0,2,51,0,0,0,0,0,0,0x03
2026-09-06T17:13:14.691,94,0,1,51,0,0,0,0,0,0,0x03
2026-09-06T17:13:14.757,97,0,2,50,0,0,0,0,0,0,0x03
2026-09-06T17:13:14.757,96,0,1,51,0,0,0,0,0,0,0x03
2026-09-06T17:13:14.822,99,0,2,50,0,0,0,0,0,0,0x03
2026-09-06T17:13:14.822,98,0,1,53,0,0,0,0,0,0,0x03
2026-09-06T17:13:14.887,101,0,2,51,0,0,0,0,0,0,0x03
2026-09-06T17:13:14.887,100,0,1,51,0,0,0,0,0,0,0x03
2026-09-06T17:13:14.969,103,0,2,51,0,0,0,0,0,0,0x03
2026-09-06T17:13:14.969,102,0,1,50,0,0,0,0,0,0,0x03
2026-09-06T17:13:15.018,105,0,2,52,0,0,0,0,0,0,0x03
2026-09-06T17:13:15.018,104,0,1,52,0,0,0,0,0,0,0x03
2026-09-06T17:13:15.099,106,0,1,52,0,0,0,0,0,0,0x03
2026-09-06T17:13:15.165,106,0,1,52,0,0,0,0,0,0,0x03
2026-09-06T17:13:15.229,109,0,2,51,0,0,0,0,0,0,0x03
2026-09-06T17:13:15.229,108,0,1,51,0,0,0,0,0,0,0x03
2026-09-06T17:13:15.294,111,0,2,51,0,0,0,0,0,0,0x03
2026-09-06T17:13:15.294,108,0,1,52,0,0,0,0,0,0,0x03
2026-09-06T17:13:15.360,115,0,2,50,0,0,0,0,0,0,0x03
2026-09-06T17:13:15.360,114,0,1,52,0,0,0,0,0,0,0x03
2026-09-06T17:13:15.425,117,0,2,51,0,0,0,0,0,0,0x03
2026-09-06T17:13:15.425,116,0,1,52,0,0,0,0,0,0,0x03
2026-09-06T17:13:15.490,119,0,2,50,0,0,0,0,0,0,0x03
2026-09-06T17:13:15.490,118,0,1,53,0,0,0,0,0,0,0x03
2026-09-06T17:13:15.556,121,0,2,51,0,0,0,0,0,0,0x03
2026-09-06T17:13:15.556,120,0,1,50,0,0,0,0,0,0,0x03
2026-09-06T17:13:15.621,123,0,2,51,0,0,0,0,0,0,0x03
2026-09-06T17:13:15.621,122,0,1,50,0,0,0,0,0,0,0x03
2026-09-06T17:13:15.703,125,0,2,54,0,0,0,0,0,0,0x03
2026-09-06T17:13:15.703,124,0,1,50,0,0,0,0,0,0,0x03
2026-09-06T17:13:15.767,127,0,2,50,0,0,0,0,0,0,0x03
2026-09-06T17:13:15.768,126,0,1,52,0,0,0,0,0,0,0x03
2026-09-06T17:13:15.833,129,0,2,51,0,0,0,0,0,0,0x03
2026-09-06T17:13:15.833,128,0,1,52,0,0,0,0,0,0,0x03
2026-09-06T17:13:15.898,131,0,2,50,0,0,0,0,0,0,0x03
2026-09-06T17:13:15.898,130,0,1,51,0,0,0,0,0,0,0x03
2026-09-06T17:13:15.963,133,0,2,52,0,0,0,0,0,0,0x03
2026-09-06T17:13:15.963,132,0,1,52,0,0,0,0,0,0,0x03
2026-09-06T17:13:16.029,135,0,2,50,0,0,0,0,0,0,0x03
2026-09-06T17:13:16.029,134,0,1,51,0,0,0,0,0,0,0x03
2026-09-06T17:13:16.094,137,0,2,50,0,0,0,0,0,0,0x03
2026-09-06T17:13:16.094,136,0,1,50,0,0,0,0,0,0,0x03
2026-09-06T17:13:16.160,139,0,2,51,0,0,0,0,0,0,0x03
2026-09-06T17:13:16.160,138,0,1,50,0,0,0,0,0,0,0x03
2026-09-06T17:13:16.225,141,0,2,50,0,0,0,0,0,0,0x03
2026-09-06T17:13:16.225,140,0,1,51,0,0,0,0,0,0,0x03
2026-09-06T17:13:16.290,143,0,2,50,0,0,0,0,0,0,0x03
2026-09-06T17:13:16.290,142,0,1,50,0,0,0,0,0,0,0x03
2026-09-06T17:13:16.372,145,0,2,52,0,0,0,0,0,0,0x03
2026-09-06T17:13:16.372,144,0,1,50,0,0,0,0,0,0,0x03
2026-09-06T17:13:16.437,147,0,2,50,0,0,0,0,0,0,0x03
2026-09-06T17:13:16.437,146,0,1,52,0,0,0,0,0,0,0x03
2026-09-06T17:13:16.502,149,0,2,52,0,0,0,0,0,0,0x03
2026-09-06T17:13:16.502,148,0,1,52,0,0,0,0,0,0,0x03
2026-09-06T17:13:16.568,151,0,2,52,0,0,0,0,0,0,0x03
2026-09-06T17:13:16.568,150,0,1,52,0,0,0,0,0,0,0x03
2026-09-06T17:13:16.632,153,0,2,50,0,0,0,0,0,0,0x03
2026-09-06T17:13:16.632,152,0,1,50,0,0,0,0,0,0,0x03
2026-09-06T17:13:16.698,155,0,2,50,0,0,0,0,0,0,0x03
2026-09-06T17:13:16.698,154,0,1,51,0,0,0,0,0,0,0x03
2026-09-06T17:13:16.762,157,0,2,50,0,0,0,0,0,0,0x03
2026-09-06T17:13:16.762,156,0,1,53,0,0,0,0,0,0,0x03
2026-09-06T17:13:16.827,159,0,2,50,0,0,29858,0,0,32792,0x07
2026-09-06T17:13:16.828,158,0,1,50,0,0,28891,0,0,31098,0x07
2026-09-06T17:13:16.893,161,0,2,51,3374,333,40000,3440,216,40000,0x07
2026-09-06T17:13:16.893,160,0,1,51,2969,686,38593,3500,0,40000,0x07
2026-09-06T17:13:16.974,163,0,2,51,3374,1314,38614,3473,2765,36092,0x07
2026-09-06T17:13:16.974,162,0,1,50,3103,720,40000,3379,0,40000,0x07
2026-09-06T17:13:17.039,165,0,2,51,3374,1627,37281,3470,2588,36801,0x07
2026-09-06T17:13:17.039,164,0,1,51,3100,1373,37343,3378,0,40000,0x07
2026-09-06T17:13:17.103,167,0,2,57,3279,1912,34890,3500,2754,36491,0x07
2026-09-06T17:13:17.103,166,0,1,51,3099,1745,35752,3376,0,40000,0x07
2026-09-06T17:13:17.169,169,0,2,50,3279,2140,33922,3500,2760,36467,0x07
2026-09-06T17:13:17.169,168,0,1,50,1886,1940,19464,2640,0,35362,0x07
2026-09-06T17:13:17.234,171,0,2,50,3035,2280,30312,3494,3000,35370,0x07
2026-09-06T17:13:17.234,170,0,1,50,1886,1880,19719,2640,0,35362,0x07
2026-09-06T17:13:17.300,173,0,2,50,2546,2520,23248,3149,2800,31675,0x07
2026-09-06T17:13:17.300,172,0,1,51,334,1784,357,1404,0,20098,0x07
2026-09-06T17:13:17.364,175,0,2,57,378,1825,0,1358,2018,11438,0x07
2026-09-06T17:13:17.364,174,0,1,50,143,900,1683,1602,20,22458,0x07
2026-09-06T17:13:17.429,177,0,2,51,378,1137,2298,1358,1686,12846,0x07
2026-09-06T17:13:17.429,176,0,1,50,3,600,1179,0,0,20548,0x07
2026-09-06T17:13:17.510,179,0,2,51,295,1078,1517,1444,1471,14899,0x07
2026-09-06T17:13:17.510,178,0,1,50,3374,260,40000,0,0,6659,0x07
2026-09-06T17:13:17.575,181,0,2,50,253,1120,818,1488,1520,15265,0x07
2026-09-06T17:13:17.576,180,0,1,50,1224,1520,12818,481,20,8616,0x07
2026-09-06T17:13:17.640,183,0,2,50,206,460,3048,0,0,19707,0x07
2026-09-06T17:13:17.640,182,0,1,50,1176,660,15862,530,0,9315,0x07
2026-09-06T17:13:17.706,185,0,2,50,3374,360,40000,0,0,4094,0x07
2026-09-06T17:13:17.706,184,0,1,50,1218,660,16395,487,0,8783,0x07
2026-09-06T17:13:17.770,187,0,2,51,1542,1353,15784,150,392,2460,0x07
2026-09-06T17:13:17.770,186,0,1,52,1172,750,15436,534,0,9357,0x07
2026-09-06T17:13:17.835,189,0,2,52,0,0,16059,150,462,2166,0x07
2026-09-06T17:13:17.835,188,0,1,52,1138,808,14749,570,0,9803,0x07
2026-09-06T17:13:17.901,191,0,2,50,0,0,6662,3488,260,40000,0x07
2026-09-06T17:13:17.901,190,0,1,50,1155,800,15000,552,0,9582,0x07
2026-09-06T17:13:17.966,193,0,2,51,518,196,8031,1212,2235,8602,0x07
2026-09-06T17:13:17.966,192,0,1,51,1103,843,14151,735,0,11837,0x07
2026-09-06T17:13:18.047,195,0,2,50,515,660,6014,1216,400,16452,0x07
2026-09-06T17:13:18.047,194,0,1,56,2487,982,31190,2448,0,32986,0x07
2026-09-06T17:13:18.113,197,0,2,51,401,510,5245,1334,569,17288,0x07
2026-09-06T17:13:18.113,196,0,1,50,2487,1180,30349,2448,0,32986,0x07
2026-09-06T17:13:18.178,199,0,2,53,393,566,4909,1342,660,17003,0x07
2026-09-06T17:13:18.178,198,0,1,50,1927,1480,21943,1221,0,17843,0x07
2026-09-06T17:13:18.244,201,0,2,50,393,340,5870,1342,720,16750,0x07
2026-09-06T17:13:18.244,200,0,1,51,1638,1176,19555,1346,0,19389,0x07
2026-09-06T17:13:18.308,203,0,2,52,397,404,5654,1338,788,16399,0x07
2026-09-06T17:13:18.308,202,0,1,50,1012,1880,8593,378,140,6840,0x07
2026-09-06T17:13:18.373,205,0,2,51,393,373,5728,1343,843,16231,0x07
2026-09-06T17:13:18.373,204,0,1,50,0,0,7338,534,260,8261,0x07
2026-09-06T17:13:18.439,207,0,2,50,430,360,6240,1304,940,15312,0x07
2026-09-06T17:13:18.439,206,0,1,55,2688,0,37934,-2189,0,29789,0x07
2026-09-06T17:13:18.504,209,0,2,51,472,353,6788,1261,980,14570,0x07
2026-09-06T17:13:18.504,208,0,1,50,2688,1520,31474,0,0,3154,0x07
2026-09-06T17:13:18.584,211,0,2,51,519,392,7206,1212,941,14097,0x07
2026-09-06T17:13:18.584,210,0,1,51,917,1294,9875,48,39,3190,0x07
2026-09-06T17:13:18.633,213,0,2,52,560,365,7829,1169,962,13444,0x07
2026-09-06T17:13:18.633,212,0,1,52,1177,808,15247,227,0,5569,0x07
2026-09-06T17:13:18.715,215,0,2,50,615,460,8103,1112,980,12620,0x07
2026-09-06T17:13:18.715,214,0,1,50,1303,980,16127,398,0,7681,0x07
2026-09-06T17:13:18.780,217,0,2,52,1196,481,15208,1620,981,19302,0x07
2026-09-06T17:13:18.780,216,0,1,52,1209,923,15165,496,38,8727,0x07
2026-09-06T17:13:18.845,219,0,2,55,1753,636,21443,2126,1000,25866,0x07
2026-09-06T17:13:18.846,218,0,1,51,0,0,14464,557,0,9647,0x07
2026-09-06T17:13:18.911,221,0,2,50,2025,1100,22837,2421,1360,28217,0x07
2026-09-06T17:13:18.911,220,0,1,50,0,0,5033,3067,0,40000,0x07
2026-09-06T17:13:18.976,223,0,2,50,1972,1360,21068,2456,1520,27997,0x07
2026-09-06T17:13:18.976,222,0,1,51,158,157,5039,1586,0,22345,0x07
2026-09-06T17:13:19.042,225,0,2,50,1950,1540,20032,2439,1660,27186,0x07
2026-09-06T17:13:19.042,224,0,1,52,77,346,3194,1671,365,21837,0x07
2026-09-06T17:13:19.106,227,0,2,55,1433,1636,13226,2074,1873,21483,0x07
2026-09-06T17:13:19.106,226,0,1,50,3374,0,40000,-2353,-20,31730,0x07
2026-09-06T17:13:19.171,229,0,2,50,1433,1560,13551,2074,2020,20857,0x07
2026-09-06T17:13:19.171,228,0,1,51,3374,1314,40000,0,0,4270,0x07
2026-09-06T17:13:19.237,231,0,2,51,950,1588,7461,1659,1961,15649,0x07
2026-09-06T17:13:19.237,230,0,1,50,1508,2580,11936,186,140,4463,0x07
2026-09-06T17:13:19.319,233,0,2,51,482,1294,2913,1251,1863,10687,0x07
2026-09-06T17:13:19.319,232,0,1,51,481,2353,14211,1272,0,18470,0x07
2026-09-06T17:13:19.383,235,0,2,51,425,941,3716,1309,1549,12784,0x07
2026-09-06T17:13:19.383,234,0,1,56,1230,54,19127,474,0,8624,0x07
2026-09-06T17:13:19.448,237,0,2,51,437,902,4020,1297,1510,12799,0x07
2026-09-06T17:13:19.448,236,0,1,51,1230,0,19355,474,0,8624,0x07
2026-09-06T17:13:19.513,239,0,2,51,116,569,1472,1630,1294,18091,0x07
2026-09-06T17:13:19.513,238,0,1,51,1270,314,18533,433,0,8109,0x07
2026-09-06T17:13:19.578,241,0,2,50,116,380,2273,1630,1280,18151,0x07
2026-09-06T17:13:19.578,240,0,1,52,1312,538,18120,388,0,7565,0x07
2026-09-06T17:13:19.643,243,0,2,50,174,320,3250,1569,1300,17268,0x07
2026-09-06T17:13:19.643,242,0,1,51,1310,608,17799,391,0,7591,0x07
2026-09-06T17:13:19.709,245,0,2,50,337,280,5437,1400,1440,14450,0x07
2026-09-06T17:13:19.709,244,0,1,50,1230,340,17914,474,20,8534,0x07
2026-09-06T17:13:19.774,247,0,2,51,453,490,5979,1280,1275,13569,0x07
2026-09-06T17:13:19.774,246,0,1,54,1059,667,14351,651,0,10805,0x07
2026-09-06T17:13:19.855,249,0,2,52,522,500,6781,1209,1154,13152,0x07
2026-09-06T17:13:19.855,248,0,1,51,0,0,12934,651,0,10805,0x07
2026-09-06T17:13:19.920,251,0,2,51,630,118,9746,1097,1176,11578,0x07
2026-09-06T17:13:19.920,250,0,1,50,0,0,5661,2880,0,38317,0x07
2026-09-06T17:13:19.985,253,0,2,52,1165,365,15310,1434,1058,16527,0x07
2026-09-06T17:13:19.985,252,0,1,56,154,375,4052,1591,0,22406,0x07
2026-09-06T17:13:20.244,255,0,2,50,2298,580,28415,2450,1040,29962,0x07
2026-09-06T17:13:20.244,254,0,1,51,154,137,5062,1591,0,22406,0x07
2026-09-06T17:13:23.857,257,0,2,50,3077,880,36780,3107,1300,37496,0x07
2026-09-06T17:13:23.857,256,0,1,51,58,20,4350,1689,0,23623,0x07
2026-09-06T17:13:23.938,259,0,2,51,3374,118,40000,3382,98,40000,0x07
2026-09-06T17:13:23.938,258,0,1,51,0,0,32327,0,0,22223,0x07
2026-09-06T17:13:24.068,261,0,2,53,0,0,0,0,0,0,0x03
2026-09-06T17:13:24.068,260,0,1,50,0,0,0,0,0,0,0x03
2026-09-06T17:13:24.133,263,0,2,50,0,0,26717,0,0,22235,0x07
2026-09-06T17:13:24.133,262,0,1,50,0,0,22097,0,0,25432,0x07
2026-09-06T17:13:24.198,265,0,2,50,2987,1400,33463,2255,2280,22129,0x07
2026-09-06T17:13:24.198,264,0,1,51,-2169,-667,28481,2800,0,37332,0x07
2026-09-06T17:13:24.263,267,0,2,52,2505,1808,25758,2095,1250,24406,0x07
2026-09-06T17:13:24.263,266,0,1,50,0,0,8307,551,0,9574,0x07
2026-09-06T17:13:24.328,269,0,2,50,2087,1960,19951,1548,1440,16393,0x07
2026-09-06T17:13:24.328,268,0,1,50,544,80,10279,384,20,7428,0x07
2026-09-06T17:13:24.393,271,0,2,56,2135,2089,19985,1820,1446,19943,0x07
2026-09-06T17:13:24.393,270,0,1,50,1212,20,19043,891,0,13773,0x07
2026-09-06T17:13:24.474,273,0,2,50,2135,2100,19940,1820,1560,19461,0x07
2026-09-06T17:13:24.474,272,0,1,52,3040,231,40000,1699,0,23745,0x07
2026-09-06T17:13:24.539,275,0,2,50,2413,2000,23805,2220,1580,24643,0x07
2026-09-06T17:13:24.539,274,0,1,50,3040,720,39352,1699,0,23745,0x07
2026-09-06T17:13:24.605,277,0,2,51,2740,1020,32015,2669,2725,25688,0x07
2026-09-06T17:13:24.605,276,0,1,51,2557,1333,30600,2263,0,30709,0x07
2026-09-06T17:13:24.670,279,0,2,51,3066,784,37057,3168,2549,32990,0x07
2026-09-06T17:13:24.670,278,0,1,51,2557,1098,31600,2263,0,30709,0x07
2026-09-06T17:13:24.735,281,0,2,51,3248,882,38891,3387,2667,35382,0x07
2026-09-06T17:13:24.735,280,0,1,50,3116,1040,38954,3500,0,40000,0x07
2026-09-06T17:13:24.801,283,0,2,53,2980,1453,33152,3457,2962,35037,0x07
2026-09-06T17:13:24.801,282,0,1,50,2813,1200,34419,3500,0,40000,0x07
2026-09-06T17:13:24.866,285,0,2,51,2980,1275,33909,3457,3118,34377,0x07
2026-09-06T17:13:24.866,284,0,1,55,352,891,4382,1385,0,19870,0x07
2026-09-06T17:13:24.931,287,0,2,51,2605,1020,30347,3158,3235,29949,0x07
2026-09-06T17:13:24.931,286,0,1,51,352,549,5835,1385,0,19870,0x07
2026-09-06T17:13:25.012,289,0,2,51,1990,902,23245,2693,3451,22908,0x07
2026-09-06T17:13:25.012,288,0,1,51,354,510,6027,1384,20,19764,0x07
2026-09-06T17:13:25.062,291,0,2,57,2136,263,27767,-466,-18,8210,0x07
2026-09-06T17:13:25.062,290,0,1,52,342,404,6336,1395,0,19986,0x07
2026-09-06T17:13:25.143,293,0,2,52,2136,654,26107,0,0,7986,0x07
2026-09-06T17:13:25.143,292,0,1,52,1647,462,22701,1546,19,21775,0x07
2026-09-06T17:13:25.208,295,0,2,51,1047,725,12322,655,98,10354,0x07
2026-09-06T17:13:25.208,294,0,1,51,1403,255,20476,1934,39,26481,0x07
2026-09-06T17:13:25.273,297,0,2,50,0,0,4773,675,0,11033,0x07
2026-09-06T17:13:25.273,296,0,1,50,2120,60,30433,2460,0,33141,0x07
2026-09-06T17:13:25.338,299,0,2,50,-286,-220,5053,1226,0,18285,0x07
2026-09-06T17:13:25.338,298,0,1,50,2120,60,30433,2460,40,32971,0x07
2026-09-06T17:13:25.403,301,0,2,52,0,0,5631,1223,19,18159,0x07
2026-09-06T17:13:25.403,300,0,1,50,3113,60,40000,0,0,9633,0x07
2026-09-06T17:13:25.469,303,0,2,51,454,412,6317,1279,0,18982,0x07
2026-09-06T17:13:25.469,302,0,1,54,-1776,0,26313,3500,0,40000,0x07
2026-09-06T17:13:25.534,305,0,2,51,454,333,6650,1279,0,18982,0x07
2026-09-06T17:13:25.534,304,0,1,55,480,36,9647,1252,73,17918,0x07
2026-09-06T17:13:25.599,307,0,2,51,463,59,7925,1270,98,18444,0x07
2026-09-06T17:13:25.599,306,0,1,50,480,260,8696,1252,0,18227,0x07
2026-09-06T17:13:25.681,309,0,2,50,472,0,8292,1260,220,17796,0x07
2026-09-06T17:13:25.681,308,0,1,50,395,0,8718,1340,20,19231,0x07
2026-09-06T17:13:25.746,311,0,2,51,466,0,8222,1266,1039,14394,0x07
2026-09-06T17:13:25.746,310,0,1,50,362,0,8306,1374,0,19731,0x07
2026-09-06T17:13:25.811,313,0,2,50,459,0,8129,1274,1100,14238,0x07
2026-09-06T17:13:25.811,312,0,1,51,386,0,8611,1349,0,19424,0x07
2026-09-06T17:13:25.876,315,0,2,56,187,0,4760,1556,18,22552,0x07
2026-09-06T17:13:25.876,314,0,1,51,403,0,8826,1332,0,19208,0x07
2026-09-06T17:13:25.941,317,0,2,52,187,0,4760,1556,404,20912,0x07
2026-09-06T17:13:25.941,316,0,1,51,396,0,8731,1339,0,19304,0x07
2026-09-06T17:13:26.006,319,0,2,50,411,0,7540,1323,880,15821,0x07
2026-09-06T17:13:26.006,318,0,1,51,361,0,8284,1376,0,19752,0x07
2026-09-06T17:13:26.071,321,0,2,50,416,0,7599,1318,1140,14652,0x07
2026-09-06T17:13:26.071,320,0,1,51,356,0,8224,1381,0,19813,0x07
2026-09-06T17:13:26.136,323,0,2,51,416,0,7603,1318,1255,14159,0x07
2026-09-06T17:13:26.136,322,0,1,51,366,0,8354,1370,0,19684,0x07
2026-09-06T17:13:26.217,325,0,2,51,375,0,7086,1362,1059,15563,0x07
2026-09-06T17:13:26.217,324,0,1,51,393,0,8697,1342,0,19338,0x07
2026-09-06T17:13:26.282,327,0,2,51,398,0,7374,1337,118,19246,0x07
2026-09-06T17:13:26.282,326,0,1,51,366,0,8348,1371,0,19688,0x07
2026-09-06T17:13:26.347,329,0,2,50,393,0,7320,1342,0,19810,0x07
2026-09-06T17:13:26.347,328,0,1,50,364,0,8324,1373,0,19714,0x07
2026-09-06T17:13:26.412,331,0,2,50,368,0,7011,1368,0,20146,0x07
2026-09-06T17:13:26.412,330,0,1,51,392,0,8683,1343,0,19351,0x07
2026-09-06T17:13:26.477,333,0,2,52,390,0,7273,1346,0,19855,0x07
2026-09-06T17:13:26.477,332,0,1,50,368,0,8384,1368,0,19653,0x07
2026-09-06T17:13:26.541,335,0,2,50,358,0,6881,1379,0,20288,0x07
2026-09-06T17:13:26.542,334,0,1,50,379,0,8521,1357,0,19515,0x07
2026-09-06T17:13:26.606,337,0,2,51,361,0,6915,1376,0,20256,0x07
2026-09-06T17:13:26.606,336,0,1,50,402,0,8804,1334,0,19229,0x07
2026-09-06T17:13:26.671,339,0,2,52,359,0,6894,1378,0,20275,0x07
2026-09-06T17:13:26.671,338,0,1,51,376,0,8482,1360,0,19554,0x07
2026-09-06T17:13:26.753,341,0,2,51,356,0,6860,1381,0,20316,0x07
2026-09-06T17:13:26.753,340,0,1,50,400,0,8791,1335,0,19243,0x07
2026-09-06T17:13:26.818,343,0,2,50,356,0,6851,1381,0,20322,0x07
2026-09-06T17:13:26.818,342,0,1,51,373,0,8443,1363,0,19592,0x07
2026-09-06T17:13:26.883,345,0,2,51,669,0,10731,1056,0,16048,0x07
2026-09-06T17:13:26.883,344,0,1,52,373,0,8443,1363,0,19592,0x07
2026-09-06T17:13:26.948,347,0,2,55,464,0,8196,1268,0,18839,0x07
2026-09-06T17:13:26.948,346,0,1,50,378,0,8508,1358,0,19528,0x07
2026-09-06T17:13:27.013,349,0,2,51,464,0,8196,1268,0,18839,0x07
2026-09-06T17:13:27.013,348,0,1,56,350,0,8147,1387,0,19895,0x07
2026-09-06T17:13:27.079,351,0,2,51,489,0,8505,1242,0,18498,0x07
2026-09-06T17:13:27.079,350,0,1,50,350,0,8147,1387,0,19895,0x07
2026-09-06T17:13:27.144,353,0,2,50,466,0,8213,1267,0,18820,0x07
2026-09-06T17:13:27.144,352,0,1,51,401,0,8800,1334,0,19234,0x07
2026-09-06T17:13:27.209,355,0,2,51,490,0,8518,1241,0,18483,0x07
2026-09-06T17:13:27.209,354,0,1,52,375,0,8469,1361,0,19566,0x07
2026-09-06T17:13:27.275,357,0,2,51,466,0,8216,1267,0,18816,0x07
2026-09-06T17:13:27.275,356,0,1,52,351,0,8159,1386,0,19878,0x07
2026-09-06T17:13:27.356,359,0,2,52,465,0,8208,1267,0,18824,0x07
2026-09-06T17:13:27.356,358,0,1,50,381,0,8546,1354,0,19489,0x07
2026-09-06T17:13:27.405,361,0,2,50,492,0,8534,1240,0,18470,0x07
2026-09-06T17:13:27.405,360,0,1,52,397,0,8743,1338,0,19290,0x07
2026-09-06T17:13:27.486,363,0,2,51,492,0,8534,1240,0,18470,0x07
2026-09-06T17:13:27.486,362,0,1,51,375,0,8469,1361,0,19566,0x07
2026-09-06T17:13:27.551,365,0,2,51,493,0,8555,1238,0,18442,0x07
2026-09-06T17:13:27.551,364,0,1,51,396,0,8735,1339,0,19299,0x07
2026-09-06T17:13:27.616,367,0,2,50,494,0,8563,1238,0,18433,0x07
2026-09-06T17:13:27.616,366,0,1,52,363,0,8314,1373,0,19722,0x07
2026-09-06T17:13:27.682,369,0,2,50,494,0,8563,1238,0,18433,0x07
2026-09-06T17:13:27.682,368,0,1,56,388,0,8636,1347,0,19398,0x07
2026-09-06T17:13:27.746,371,0,2,51,469,0,8254,1264,0,18775,0x07
2026-09-06T17:13:27.746,370,0,1,50,388,0,8636,1347,0,19398,0x07
2026-09-06T17:13:27.811,373,0,2,52,470,0,8272,1262,0,18759,0x07
2026-09-06T17:13:27.811,372,0,1,52,378,0,8508,1358,0,19528,0x07
2026-09-06T17:13:27.892,375,0,2,51,470,0,8272,1262,0,18759,0x07
2026-09-06T17:13:27.892,374,0,1,51,372,0,8434,1364,0,19601,0x07
2026-09-06T17:13:27.941,377,0,2,51,471,0,8275,1262,0,18750,0x07
2026-09-06T17:13:27.941,376,0,1,57,339,0,8005,1399,0,20033,0x07
2026-09-06T17:13:28.023,379,0,2,50,473,0,8301,1260,0,18724,0x07
2026-09-06T17:13:28.023,378,0,1,52,339,0,8005,1399,0,20033,0x07
2026-09-06T17:13:28.088,381,0,2,57,477,0,8351,1255,0,18668,0x07
2026-09-06T17:13:28.088,380,0,1,50,279,0,7239,1461,0,20803,0x07
2026-09-06T17:13:28.153,383,0,2,52,477,0,8351,1255,0,18668,0x07
2026-09-06T17:13:28.153,382,0,1,50,299,0,7502,1440,0,20539,0x07
2026-09-06T17:13:28.218,385,0,2,50,480,0,8393,1252,0,18622,0x07
2026-09-06T17:13:28.218,384,0,1,51,265,0,7059,1463,0,20832,0x07
2026-09-06T17:13:28.284,387,0,2,50,483,0,8430,1249,0,18580,0x07
2026-09-06T17:13:28.284,386,0,1,51,136,0,5426,1590,0,22397,0x07
2026-09-06T17:13:28.348,389,0,2,51,486,0,8467,1246,0,18539,0x07
2026-09-06T17:13:28.348,388,0,1,52,40,0,4197,1661,0,23269,0x07
2026-09-06T17:13:28.413,391,0,2,51,511,0,8780,1219,0,18193,0x07
2026-09-06T17:13:28.413,390,0,1,50,40,0,4197,0,0,21656,0x07
2026-09-06T17:13:28.478,393,0,2,52,494,0,8563,1238,0,18433,0x07
2026-09-06T17:13:28.478,392,0,1,50,3374,0,40000,0,0,5834,0x07
2026-09-06T17:13:28.559,395,0,2,52,519,0,8872,1212,19,18010,0x07
2026-09-06T17:13:28.559,394,0,1,50,1274,540,17618,379,0,7443,0x07
2026-09-06T17:13:28.625,397,0,2,50,502,0,8660,1230,20,18242,0x07
2026-09-06T17:13:28.625,396,0,1,52,996,58,16135,226,96,5156,0x07
2026-09-06T17:13:28.690,399,0,2,54,335,0,6592,1029,0,15685,0x07
2026-09-06T17:13:28.690,398,0,1,52,954,0,15839,1603,96,22148,0x07
2026-09-06T17:13:28.755,401,0,2,52,335,0,6592,1029,0,15685,0x07
2026-09-06T17:13:28.755,400,0,1,52,3202,58,40000,3500,0,40000,0x07
2026-09-06T17:13:28.821,403,0,2,50,306,0,6243,941,0,14528,0x07
2026-09-06T17:13:28.821,402,0,1,52,3202,0,40000,3500,0,40000,0x07
2026-09-06T17:13:28.886,405,0,2,51,213,0,5086,853,0,13368,0x07
2026-09-06T17:13:28.886,404,0,1,51,3115,0,40000,3500,0,40000,0x07
2026-09-06T17:13:28.952,407,0,2,52,176,0,4627,730,0,11757,0x07
2026-09-06T17:13:28.952,406,0,1,50,2877,0,40000,3382,0,40000,0x07
2026-09-06T17:13:29.017,409,0,2,50,165,0,4493,728,0,11729,0x07
2026-09-06T17:13:29.017,408,0,1,51,2743,196,37796,3184,0,40000,0x07
2026-09-06T17:13:29.082,411,0,2,52,216,0,5119,717,0,11586,0x07
2026-09-06T17:13:29.082,410,0,1,52,2430,365,33093,2952,0,39203,0x07
2026-09-06T17:13:29.163,413,0,2,51,139,0,4172,922,0,14280,0x07
2026-09-06T17:13:29.163,412,0,1,51,2786,569,36758,3053,59,40000,0x07
2026-09-06T17:13:29.228,415,0,2,50,139,0,4172,922,0,14280,0x07
2026-09-06T17:13:29.228,414,0,1,52,2891,827,36993,2085,173,27774,0x07
2026-09-06T17:13:29.293,417,0,2,50,260,0,5667,1021,0,15579,0x07
2026-09-06T17:13:29.293,416,0,1,50,2891,860,36853,2085,140,27915,0x07
2026-09-06T17:13:29.359,419,0,2,51,420,0,7645,1179,118,17164,0x07
2026-09-06T17:13:29.359,418,0,1,51,1337,980,16551,402,20,7654,0x07
2026-09-06T17:13:29.424,421,0,2,52,470,0,8266,1262,115,18269,0x07
2026-09-06T17:13:29.424,420,0,1,57,1277,632,17272,2489,0,33492,0x07
2026-09-06T17:13:29.490,423,0,2,50,433,0,7803,1301,160,18592,0x07
2026-09-06T17:13:29.490,422,0,1,51,1277,490,17873,2489,0,33492,0x07
2026-09-06T17:13:29.554,425,0,2,52,394,0,7328,1341,0,19796,0x07
2026-09-06T17:13:29.554,424,0,1,51,378,333,7086,1358,59,19282,0x07
2026-09-06T17:13:29.619,427,0,2,51,394,0,7328,1341,0,19796,0x07
2026-09-06T17:13:29.619,426,0,1,50,347,40,7943,1390,40,19759,0x07
2026-09-06T17:13:29.685,429,0,2,51,363,0,6939,1374,0,20229,0x07
2026-09-06T17:13:29.685,428,0,1,51,318,0,7743,1420,0,20297,0x07
2026-09-06T17:13:29.749,431,0,2,52,353,0,6822,1384,0,20353,0x07
2026-09-06T17:13:29.749,430,0,1,51,343,0,8060,1394,0,19977,0x07
2026-09-06T17:13:29.830,433,0,2,50,355,0,6844,1382,0,20330,0x07
2026-09-06T17:13:29.831,432,0,1,50,350,0,8143,1387,0,19895,0x07
2026-09-06T17:13:29.896,435,0,2,52,369,0,7019,1367,0,20137,0x07
2026-09-06T17:13:29.896,434,0,1,50,356,0,8228,1381,0,19813,0x07
2026-09-06T17:13:29.960,437,0,2,50,1774,0,24402,2015,0,28660,0x07
2026-09-06T17:13:29.960,436,0,1,50,359,0,8263,1378,0,19774,0x07
2026-09-06T17:13:30.025,439,0,2,52,1774,96,23993,2015,19,28578,0x07
2026-09-06T17:13:30.025,438,0,1,52,362,0,8302,1374,0,19735,0x07
2026-09-06T17:13:30.089,441,0,2,52,0,0,3808,2895,615,37625,0x07
2026-09-06T17:13:30.090,440,0,1,57,358,0,8246,1379,0,19792,0x07
2026-09-06T17:13:30.155,443,0,2,50,0,0,5820,1923,1720,20143,0x07
2026-09-06T17:13:30.155,442,0,1,52,358,0,8246,1379,0,19792,0x07
2026-09-06T17:13:30.220,445,0,2,53,412,340,6106,1323,189,18750,0x07
2026-09-06T17:13:30.220,444,0,1,50,352,0,8177,1385,0,19861,0x07
2026-09-06T17:13:30.285,447,0,2,50,412,0,7550,1323,0,19552,0x07
2026-09-06T17:13:30.285,446,0,1,52,344,0,8074,1393,0,19964,0x07
2026-09-06T17:13:30.366,449,0,2,52,388,0,7253,1348,0,19883,0x07
2026-09-06T17:13:30.366,448,0,1,51,337,0,7979,1401,0,20059,0x07
2026-09-06T17:13:30.432,451,0,2,52,396,0,7349,1339,0,19773,0x07
2026-09-06T17:13:30.432,450,0,1,52,336,0,7967,1402,0,20072,0x07
2026-09-06T17:13:30.497,453,0,2,50,399,0,7395,1336,0,19723,0x07
2026-09-06T17:13:30.497,452,0,1,51,331,0,7906,1407,0,20132,0x07
2026-09-06T17:13:30.562,455,0,2,50,408,0,7494,1327,0,19613,0x07
2026-09-06T17:13:30.562,454,0,1,52,331,0,7902,1407,0,20137,0x07
2026-09-06T17:13:30.627,457,0,2,52,423,0,7683,1311,0,19405,0x07
2026-09-06T17:13:30.627,456,0,1,50,327,0,7850,1411,0,20189,0x07
2026-09-06T17:13:30.692,459,0,2,51,423,0,7683,1311,0,19405,0x07
2026-09-06T17:13:30.693,458,0,1,50,326,0,7846,1412,0,20193,0x07
2026-09-06T17:13:30.758,461,0,2,51,426,0,7724,1308,0,19359,0x07
2026-09-06T17:13:30.758,460,0,1,52,323,0,7803,1415,0,20236,0x07
2026-09-06T17:13:30.823,463,0,2,50,431,0,7783,1303,0,19294,0x07
2026-09-06T17:13:30.823,462,0,1,51,323,0,7803,0,0,15948,0x07
2026-09-06T17:13:30.904,465,0,2,51,1498,78,20654,1460,20,21274,0x07
2026-09-06T17:13:30.904,464,0,1,51,3257,0,40000,0,0,5225,0x07
2026-09-06T17:13:30.969,467,0,2,50,1148,20,16573,1735,480,22932,0x07
2026-09-06T17:13:30.969,466,0,1,50,1394,20,21368,303,0,6515,0x07
2026-09-06T17:13:31.033,469,0,2,54,1049,0,15427,1647,1704,16579,0x07
2026-09-06T17:13:31.034,468,0,1,51,1398,0,21499,300,0,6467,0x07
2026-09-06T17:13:31.099,471,0,2,51,1049,0,15427,1647,1745,16404,0x07
2026-09-06T17:13:31.099,470,0,1,50,1401,0,21529,297,0,6437,0x07
2026-09-06T17:13:31.164,473,0,2,51,1009,0,14938,1609,1275,17898,0x07
2026-09-06T17:13:31.164,472,0,1,56,1442,0,22053,254,0,5910,0x07
2026-09-06T17:13:31.229,475,0,2,51,963,0,14362,1568,78,22442,0x07
2026-09-06T17:13:31.229,474,0,1,50,1442,0,22053,254,0,5910,0x07
2026-09-06T17:13:31.294,477,0,2,54,969,0,14446,1565,0,22739,0x07
2026-09-06T17:13:31.294,476,0,1,51,1432,0,21929,265,0,6036,0x07
2026-09-06T17:13:31.359,479,0,2,50,0,0,0,0,0,0,0x03
2026-09-06T17:13:31.359,478,0,1,52,1431,0,21921,265,0,6044,0x07
2026-09-06T17:13:31.440,481,0,2,50,0,0,9328,0,0,15315,0x07
2026-09-06T17:13:31.440,480,0,1,50,1450,0,22161,246,0,5802,0x07
2026-09-06T17:13:31.505,483,0,2,50,847,0,12926,1478,0,21597,0x07
2026-09-06T17:13:31.505,482,0,1,51,1417,0,21736,280,0,6229,0x07
2026-09-06T17:13:31.570,485,0,2,50,855,0,13034,1462,0,21380,0x07
2026-09-06T17:13:31.570,484,0,1,53,1420,0,21778,277,0,6187,0x07
2026-09-06T17:13:31.635,487,0,2,51,795,0,12287,1419,0,20814,0x07
2026-09-06T17:13:31.635,486,0,1,52,1420,0,21778,277,0,6187,0x07
2026-09-06T17:13:31.700,489,0,2,52,649,0,10479,1297,0,19221,0x07
2026-09-06T17:13:31.700,488,0,1,51,1424,0,21830,273,0,6135,0x07
2026-09-06T17:13:31.765,491,0,2,50,0,0,0,0,0,0,0x03
2026-09-06T17:13:31.765,490,0,1,52,1442,0,22059,254,0,5906,0x07
2026-09-06T17:13:31.830,493,0,2,52,0,0,7585,0,0,13416,0x07
2026-09-06T17:13:31.830,492,0,1,50,1453,0,22200,243,0,5763,0x07
2026-09-06T17:13:31.895,495,0,2,52,632,0,10271,1265,0,18792,0x07
2026-09-06T17:13:31.895,494,0,1,50,1458,0,22256,238,0,5706,0x07
2026-09-06T17:13:31.961,497,0,2,55,679,0,10856,1298,0,19225,0x07
2026-09-06T17:13:31.961,496,0,1,51,1441,0,22049,255,0,5914,0x07
2026-09-06T17:13:32.026,499,0,2,51,0,0,0,0,0,0,0x03
2026-09-06T17:13:32.026,498,0,1,50,1442,0,22059,254,0,5906,0x07
2026-09-06T17:13:32.107,501,0,2,51,0,0,0,0,0,0,0x03
2026-09-06T17:13:32.107,500,0,1,51,1467,0,22372,229,0,5590,0x07
2026-09-06T17:13:32.171,503,0,2,50,0,0,9413,0,0,14851,0x07
2026-09-06T17:13:32.172,502,0,1,51,1469,0,22402,226,0,5560,0x07
2026-09-06T17:13:32.237,505,0,2,50,857,0,13055,1426,0,20911,0x07
2026-09-06T17:13:32.237,504,0,1,52,1472,0,22436,223,0,5525,0x07
2026-09-06T17:13:32.302,507,0,2,51,875,0,13277,1471,0,21499,0x07
2026-09-06T17:13:32.302,506,0,1,52,1474,0,22466,221,0,5496,0x07
2026-09-06T17:13:32.368,509,0,2,51,838,0,12825,1459,0,21344,0x07
2026-09-06T17:13:32.368,508,0,1,50,1478,0,22513,217,0,5447,0x07
2026-09-06T17:13:32.433,511,0,2,51,838,0,12825,1459,0,21344,0x07
2026-09-06T17:13:32.433,510,0,1,52,1466,0,22358,230,0,5603,0x07
2026-09-06T17:13:32.499,513,0,2,51,830,0,12717,1441,0,21108,0x07
2026-09-06T17:13:32.499,512,0,1,52,1482,0,22569,212,0,5392,0x07
2026-09-06T17:13:32.564,515,0,2,51,785,0,12161,1407,0,20657,0x07
2026-09-06T17:13:32.564,514,0,1,51,1482,0,22569,212,0,5392,0x07
2026-09-06T17:13:32.629,517,0,2,56,812,0,12501,1414,0,20754,0x07
2026-09-06T17:13:32.629,516,0,1,50,1487,0,22625,208,0,5336,0x07
2026-09-06T17:13:32.711,519,0,2,50,812,0,12501,1414,0,20754,0x07
2026-09-06T17:13:32.711,518,0,1,50,1513,0,22956,181,0,5003,0x07
2026-09-06T17:13:32.776,521,0,2,50,724,0,11410,1359,0,20035,0x07
2026-09-06T17:13:32.776,520,0,1,51,1511,0,22934,183,0,5024,0x07
2026-09-06T17:13:32.840,523,0,2,50,790,0,12220,1390,0,20440,0x07
2026-09-06T17:13:32.840,522,0,1,50,1522,0,23081,171,0,4877,0x07
2026-09-06T17:13:32.906,525,0,2,51,824,0,12642,1424,0,20887,0x07
2026-09-06T17:13:32.906,524,0,1,55,1533,0,23223,159,0,4735,0x07
2026-09-06T17:13:32.971,527,0,2,50,844,0,12897,1446,0,21168,0x07
2026-09-06T17:13:32.971,526,0,1,51,1533,0,23223,159,0,4735,0x07
2026-09-06T17:13:33.036,529,0,2,56,951,0,14224,1529,0,22268,0x07
2026-09-06T17:13:33.036,528,0,1,52,1530,0,23183,162,0,4773,0x07
2026-09-06T17:13:33.101,531,0,2,51,951,0,14224,1529,0,22268,0x07
2026-09-06T17:13:33.101,530,0,1,51,1526,0,23129,167,0,4830,0x07
2026-09-06T17:13:33.167,533,0,2,51,972,0,14475,1559,0,22665,0x07
2026-09-06T17:13:33.248,535,0,2,50,993,0,14734,1579,0,22927,0x07
2026-09-06T17:13:33.248,534,0,1,51,1508,0,22892,187,0,5072,0x07
2026-09-06T17:13:33.312,535,0,2,51,1079,0,15803,1643,0,23770,0x07
2026-09-06T17:13:33.312,534,0,1,50,1529,0,23171,163,0,4787,0x07
2026-09-06T17:13:33.378,535,0,2,50,1079,0,15803,1643,0,23770,0x07
2026-09-06T17:13:33.378,538,0,1,50,1529,0,23171,163,0,4787,0x07
2026-09-06T17:13:33.443,541,0,2,50,0,0,12381,0,0,17889,0x07
2026-09-06T17:13:33.443,540,0,1,52,1532,0,23210,160,0,4747,0x07
2026-09-06T17:13:33.508,543,0,2,50,1222,0,17576,1767,0,25399,0x07
2026-09-06T17:13:33.508,542,0,1,50,1544,0,23351,149,0,4605,0x07
2026-09-06T17:13:33.573,545,0,2,50,1303,0,18574,1843,0,26395,0x07
2026-09-06T17:13:33.573,544,0,1,51,1531,0,23197,161,0,4761,0x07
2026-09-06T17:13:33.637,547,0,2,50,1328,20,18798,1877,0,26845,0x07
2026-09-06T17:13:33.637,546,0,1,51,1552,0,23455,140,0,4501,0x07
2026-09-06T17:13:33.702,549,0,2,52,215,0,5107,1527,154,21592,0x07
2026-09-06T17:13:33.702,548,0,1,50,0,0,23581,123,0,4285,0x07
2026-09-06T17:13:33.783,551,0,2,51,215,0,5107,1527,196,21412,0x07
2026-09-06T17:13:33.783,550,0,1,51,0,0,5184,3500,0,40000,0x07
2026-09-06T17:13:33.848,553,0,2,51,487,0,8481,1245,118,18030,0x07
2026-09-06T17:13:33.848,552,0,1,51,176,98,5516,1567,0,22116,0x07
2026-09-06T17:13:33.913,555,0,2,52,494,154,7909,1238,173,17697,0x07
2026-09-06T17:13:33.913,554,0,1,50,178,20,5879,1565,0,22086,0x07
2026-09-06T17:13:33.978,557,0,2,50,497,20,8520,1234,60,18132,0x07
2026-09-06T17:13:33.978,556,0,1,52,187,0,6067,1556,0,21982,0x07
2026-09-06T17:13:34.043,559,0,2,51,484,0,8443,1248,0,18566,0x07
2026-09-06T17:13:34.043,558,0,1,50,230,0,6617,1512,0,21429,0x07
2026-09-06T17:13:34.108,561,0,2,51,475,0,8330,1257,0,18690,0x07
2026-09-06T17:13:34.108,560,0,1,51,256,0,6957,1484,0,21087,0x07
2026-09-06T17:13:34.174,563,0,2,52,428,0,7749,1306,0,19332,0x07
2026-09-06T17:13:34.174,562,0,1,52,266,0,7073,1475,0,20971,0x07
2026-09-06T17:13:34.239,565,0,2,50,461,0,8150,1272,0,18889,0x07
2026-09-06T17:13:34.239,564,0,1,53,289,0,7377,1450,0,20664,0x07
2026-09-06T17:13:34.320,567,0,2,50,456,0,8096,1277,0,18948,0x07
2026-09-06T17:13:34.320,566,0,1,51,289,0,7377,1450,0,20664,0x07
2026-09-06T17:13:34.369,569,0,2,53,1643,0,22782,1669,0,24106,0x07
2026-09-06T17:13:34.369,568,0,1,50,300,0,7511,1439,0,20530,0x07
2026-09-06T17:13:34.450,571,0,2,50,1643,100,22357,1669,200,23256,0x07
2026-09-06T17:13:34.450,570,0,1,50,318,0,7738,1420,0,20301,0x07
2026-09-06T17:13:34.514,573,0,2,51,0,0,0,0,0,0,0x03
2026-09-06T17:13:34.514,572,0,1,51,324,0,7812,1414,39,20061,0x07
2026-09-06T17:13:34.579,575,0,2,51,0,0,0,0,0,0,0x03
2026-09-06T17:13:34.579,574,0,1,50,336,0,7967,1402,100,19647,0x07
2026-09-06T17:13:34.645,577,0,2,51,0,0,0,0,0,0,0x03
2026-09-06T17:13:34.645,576,0,1,54,369,0,8396,1367,0,19640,0x07
2026-09-06T17:13:34.710,579,0,2,50,0,0,13807,0,0,19404,0x07
2026-09-06T17:13:34.710,578,0,1,50,369,0,8396,1367,0,19640,0x07
2026-09-06T17:13:34.775,581,0,2,53,1449,38,20225,1980,547,25879,0x07
2026-09-06T17:13:34.775,580,0,1,51,363,0,8318,1373,0,19722,0x07
2026-09-06T17:13:34.840,583,0,2,51,0,0,0,0,0,0,0x03
2026-09-06T17:13:34.840,582,0,1,50,368,0,8378,1368,0,19658,0x07
2026-09-06T17:13:34.905,585,0,2,52,0,0,0,0,0,0,0x03
2026-09-06T17:13:34.905,584,0,1,52,375,0,8461,1362,0,19575,0x07
2026-09-06T17:13:34.986,587,0,2,51,0,0,19501,0,0,23662,0x07
2026-09-06T17:13:34.986,586,0,1,50,381,0,8546,1354,0,19489,0x07
2026-09-06T17:13:35.051,589,0,2,55,2220,55,29689,2619,1691,29421,0x07
2026-09-06T17:13:35.051,588,0,1,50,404,0,8834,1331,0,19200,0x07
2026-09-06T17:13:35.117,591,0,2,51,2220,0,29920,2619,2941,24107,0x07
2026-09-06T17:13:35.117,590,0,1,50,395,0,8723,1340,0,19316,0x07
2026-09-06T17:13:35.182,593,0,2,50,-52,0,3099,1804,2100,16962,0x07
2026-09-06T17:13:35.182,592,0,1,52,399,0,8773,1336,0,19264,0x07
2026-09-06T17:13:35.247,595,0,2,51,0,0,5858,1804,2059,17137,0x07
2026-09-06T17:13:35.247,594,0,1,52,406,0,8864,1329,0,19174,0x07
2026-09-06T17:13:35.313,597,0,2,51,419,137,7057,1315,725,16367,0x07
2026-09-06T17:13:35.313,596,0,1,52,410,0,8912,1325,0,19122,0x07
2026-09-06T17:13:35.377,599,0,2,51,439,20,7795,1295,451,17272,0x07
2026-09-06T17:13:35.377,598,0,1,51,436,0,9247,1297,0,18785,0x07
2026-09-06T17:13:35.442,601,0,2,50,436,0,7841,1298,500,17110,0x07
2026-09-06T17:13:35.442,600,0,1,50,425,0,9105,1309,0,18927,0x07
2026-09-06T17:13:35.523,603,0,2,52,436,0,7841,1298,808,15802,0x07
2026-09-06T17:13:35.523,602,0,1,56,436,0,9243,1298,0,18789,0x07
2026-09-06T17:13:35.588,605,0,2,51,439,0,7878,1295,961,15105,0x07
2026-09-06T17:13:35.588,604,0,1,52,436,0,9243,1298,0,18789,0x07
2026-09-06T17:13:35.652,607,0,2,55,450,0,8021,1283,55,18805,0x07
2026-09-06T17:13:35.652,606,0,1,50,438,0,9264,1296,0,18767,0x07
2026-09-06T17:13:35.717,609,0,2,50,450,0,8021,1283,0,19037,0x07
2026-09-06T17:13:35.717,608,0,1,51,431,0,9183,1303,0,18849,0x07
2026-09-06T17:13:35.782,611,0,2,51,454,0,8076,1279,0,18972,0x07
2026-09-06T17:13:35.782,610,0,1,52,432,0,9187,1302,0,18845,0x07
2026-09-06T17:13:35.847,613,0,2,50,462,0,8172,1271,0,18871,0x07
2026-09-06T17:13:35.847,612,0,1,50,433,0,9208,1301,0,18824,0x07
2026-09-06T17:13:35.913,615,0,2,50,477,0,8359,1255,0,18659,0x07
2026-09-06T17:13:35.913,614,0,1,51,433,0,9208,1301,0,18824,0x07
2026-09-06T17:13:35.979,617,0,2,52,462,0,8172,1270,0,18866,0x07
2026-09-06T17:13:35.979,616,0,1,51,437,0,9252,1297,0,18781,0x07
2026-09-06T17:13:36.059,619,0,2,51,460,0,8146,1273,0,18894,0x07
2026-09-06T17:13:36.059,618,0,1,51,437,0,9252,1297,0,18781,0x07
2026-09-06T17:13:36.125,621,0,2,50,456,0,8092,1278,0,18957,0x07
2026-09-06T17:13:36.125,620,0,1,52,438,0,9264,1296,0,18767,0x07
2026-09-06T17:13:36.190,623,0,2,50,456,0,8092,1278,0,18957,0x07
2026-09-06T17:13:36.190,622,0,1,51,441,0,9303,1293,0,18729,0x07
2026-09-06T17:13:36.255,625,0,2,50,464,0,8187,1269,0,18848,0x07
2026-09-06T17:13:36.255,624,0,1,50,449,0,9411,1284,0,18621,0x07
2026-09-06T17:13:36.321,627,0,2,52,0,0,0,0,0,0,0x03
2026-09-06T17:13:36.321,626,0,1,52,458,0,9526,1275,0,18508,0x07
2026-09-06T17:13:36.386,629,0,2,51,0,0,0,0,0,0,0x03
2026-09-06T17:13:36.386,628,0,1,51,465,0,9613,1268,0,18418,0x07
2026-09-06T17:13:36.452,631,0,2,50,0,0,5919,0,0,13797,0x07
2026-09-06T17:13:36.452,630,0,1,50,470,0,9681,1262,0,18348,0x07
2026-09-06T17:13:36.517,633,0,2,52,435,0,7838,1298,0,19235,0x07
2026-09-06T17:13:36.517,632,0,1,51,480,0,9806,1252,0,18223,0x07
2026-09-06T17:13:36.582,635,0,2,51,435,0,7838,1298,0,19235,0x07
2026-09-06T17:13:36.582,634,0,1,51,476,20,9667,1256,0,18279,0x07
2026-09-06T17:13:36.647,637,0,2,50,431,0,7788,1303,0,19290,0x07
2026-09-06T17:13:36.648,636,0,1,52,450,0,9424,1283,0,18607,0x07
2026-09-06T17:13:36.713,639,0,2,51,0,0,0,0,0,0,0x03
2026-09-06T17:13:36.713,638,0,1,50,484,0,9858,1248,0,18171,0x07
2026-09-06T17:13:36.793,641,0,2,50,0,0,0,0,0,0,0x03
2026-09-06T17:13:36.793,640,0,1,51,492,0,9952,1240,0,18076,0x07
2026-09-06T17:13:36.857,643,0,2,51,0,0,0,0,0,0,0x03
2026-09-06T17:13:36.857,642,0,1,53,503,0,10102,1228,0,17925,0x07
2026-09-06T17:13:36.923,645,0,2,56,402,0,7420,1334,0,19695,0x07
2026-09-06T17:13:36.923,644,0,1,50,503,0,10102,1228,0,17925,0x07
2026-09-06T17:13:36.987,647,0,2,50,402,0,7420,1334,20,19610,0x07
2026-09-06T17:13:36.987,646,0,1,51,512,0,10209,1219,0,17817,0x07
2026-09-06T17:13:37.052,649,0,2,50,432,0,7791,1302,0,19285,0x07
2026-09-06T17:13:37.052,648,0,1,51,518,0,10292,1212,20,17651,0x07
2026-09-06T17:13:37.118,651,0,2,52,428,0,7745,1306,0,19335,0x07
2026-09-06T17:13:37.118,650,0,1,52,527,0,10404,1203,0,17623,0x07
2026-09-06T17:13:37.183,653,0,2,50,405,0,7465,1330,0,19644,0x07
2026-09-06T17:13:37.183,652,0,1,50,537,0,10528,1193,0,17497,0x07
2026-09-06T17:13:37.264,655,0,2,50,420,0,7645,1315,0,19451,0x07
2026-09-06T17:13:37.264,654,0,1,50,559,0,10815,1170,0,17212,0x07
2026-09-06T17:13:37.329,657,0,2,52,395,0,7340,1340,0,19782,0x07
2026-09-06T17:13:37.329,656,0,1,50,559,0,10815,1170,0,17212,0x07
2026-09-06T17:13:37.394,659,0,2,51,389,0,7270,1346,0,19861,0x07
2026-09-06T17:13:37.394,658,0,1,52,631,0,11723,1223,0,17864,0x07
2026-09-06T17:13:37.459,661,0,2,51,0,0,0,0,0,0,0x03
2026-09-06T17:13:37.459,660,0,1,51,815,0,14078,1384,0,19856,0x07
2026-09-06T17:13:37.524,663,0,2,51,0,0,0,0,0,0,0x03
2026-09-06T17:13:37.524,662,0,1,51,981,20,16105,1536,0,21727,0x07
2026-09-06T17:13:37.589,665,0,2,54,0,0,0,0,0,0,0x03
2026-09-06T17:13:37.589,664,0,1,52,1383,38,21147,1846,19,25469,0x07
2026-09-06T17:13:37.655,667,0,2,50,0,0,0,0,0,0,0x03
2026-09-06T17:13:37.655,666,0,1,58,1649,103,24253,2102,0,28713,0x07
2026-09-06T17:13:37.719,669,0,2,52,0,0,4962,0,0,14881,0x07
2026-09-06T17:13:37.720,668,0,1,54,2308,167,32377,2645,19,35344,0x07
2026-09-06T17:13:37.801,671,0,2,51,309,0,6275,1429,39,20789,0x07
2026-09-06T17:13:37.801,670,0,1,51,2308,0,33085,2645,0,35423,0x07
2026-09-06T17:13:37.865,673,0,2,56,328,0,6505,1410,0,20703,0x07
2026-09-06T17:13:37.865,672,0,1,50,2555,0,36232,2872,0,38222,0x07
2026-09-06T17:13:37.930,675,0,2,50,328,0,6505,1410,0,20703,0x07
2026-09-06T17:13:37.930,674,0,1,50,2630,0,37194,2980,0,39548,0x07
2026-09-06T17:13:37.994,677,0,2,50,319,0,6397,1419,0,20823,0x07
2026-09-06T17:13:37.994,676,0,1,50,2632,0,37212,3008,0,39903,0x07
2026-09-06T17:13:38.060,679,0,2,51,333,0,6568,1405,0,20634,0x07
2026-09-06T17:13:38.060,678,0,1,50,2649,0,37434,3022,0,40000,0x07
2026-09-06T17:13:38.125,681,0,2,51,336,0,6606,1402,0,20597,0x07
2026-09-06T17:13:38.125,680,0,1,51,2694,0,38011,3058,0,40000,0x07
2026-09-06T17:13:38.190,683,0,2,50,338,0,6630,1400,0,20565,0x07
2026-09-06T17:13:38.190,682,0,1,50,2694,0,38011,3058,0,40000,0x07
2026-09-06T17:13:38.256,685,0,2,52,343,0,6698,1394,0,20496,0x07
2026-09-06T17:13:38.256,684,0,1,52,2744,0,38639,3089,0,40000,0x07
2026-09-06T17:13:38.321,687,0,2,51,343,0,6698,1394,0,20496,0x07
2026-09-06T17:13:38.321,686,0,1,51,2781,0,39115,3121,0,40000,0x07
2026-09-06T17:13:38.403,689,0,2,52,330,0,6530,1408,0,20675,0x07
2026-09-06T17:13:38.403,688,0,1,50,2824,0,39661,3153,0,40000,0x07
2026-09-06T17:13:38.468,691,0,2,52,347,0,6748,1390,0,20437,0x07
2026-09-06T17:13:38.468,690,0,1,50,2870,0,40000,3188,0,40000,0x07
2026-09-06T17:13:38.533,693,0,2,51,336,0,6606,1402,0,20592,0x07
2026-09-06T17:13:38.533,692,0,1,53,2884,0,40000,3162,0,40000,0x07
2026-09-06T17:13:38.598,695,0,2,50,339,0,6648,1398,0,20548,0x07
2026-09-06T17:13:38.598,694,0,1,52,2884,0,40000,3162,0,40000,0x07
2026-09-06T17:13:38.663,697,0,2,52,3374,0,40000,1895,0,27076,0x07
2026-09-06T17:13:38.663,696,0,1,51,2710,0,38204,2958,0,39285,0x07
2026-09-06T17:13:38.729,699,0,2,50,3374,460,40000,1895,660,24271,0x07
2026-09-06T17:13:38.729,698,0,1,51,2790,0,39231,0,0,9089,0x07
2026-09-06T17:13:38.794,701,0,2,50,3113,1020,36627,3014,1860,33892,0x07
2026-09-06T17:13:38.794,700,0,1,50,0,0,19079,0,0,31098,0x07
2026-09-06T17:13:38.859,703,0,2,50,2937,2040,30122,2838,2040,30815,0x07
2026-09-06T17:13:38.859,702,0,1,50,0,0,4885,3500,20,40000,0x07
2026-09-06T17:13:38.940,705,0,2,51,2669,1059,30973,2658,2686,25702,0x07
2026-09-06T17:13:38.940,704,0,1,50,141,40,5313,1595,0,22458,0x07
2026-09-06T17:13:38.989,707,0,2,50,2396,200,31250,2405,2840,21720,0x07
2026-09-06T17:13:38.989,706,0,1,50,176,100,5508,1567,40,21946,0x07
2026-09-06T17:13:39.071,709,0,2,53,1818,0,24949,1836,1962,17967,0x07
2026-09-06T17:13:39.071,708,0,1,51,258,78,6645,1483,0,21070,0x07
2026-09-06T17:13:39.136,711,0,2,51,1546,0,21584,1643,1941,15511,0x07
2026-09-06T17:13:39.136,710,0,1,50,249,0,6862,1492,0,21183,0x07
2026-09-06T17:13:39.202,713,0,2,50,1546,0,21584,1643,1640,16791,0x07
2026-09-06T17:13:39.202,712,0,1,52,264,0,7051,1476,0,20992,0x07
2026-09-06T17:13:39.267,715,0,2,51,1187,0,17138,1394,1647,13487,0x07
2026-09-06T17:13:39.267,714,0,1,50,289,0,7368,1451,0,20677,0x07
2026-09-06T17:13:39.333,717,0,2,50,0,0,2594,1072,720,13200,0x07
2026-09-06T17:13:39.333,716,0,1,51,285,20,7234,1455,0,20725,0x07
2026-09-06T17:13:39.397,719,0,2,51,-18,-98,2252,746,59,11714,0x07
2026-09-06T17:13:39.397,718,0,1,52,282,0,7278,1458,0,20763,0x07
2026-09-06T17:13:39.463,721,0,2,51,-199,0,4911,660,0,10831,0x07
2026-09-06T17:13:39.463,720,0,1,50,282,0,7278,1458,0,20763,0x07
2026-09-06T17:13:39.528,723,0,2,51,-165,-275,3331,795,0,12613,0x07
2026-09-06T17:13:39.528,722,0,1,50,280,0,7262,1459,0,20780,0x07
2026-09-06T17:13:39.594,725,0,2,52,-165,-212,3599,795,0,12613,0x07
2026-09-06T17:13:39.594,724,0,1,52,259,0,6995,1481,0,21049,0x07
2026-09-06T17:13:39.675,727,0,2,52,-145,-19,4169,837,0,13161,0x07
2026-09-06T17:13:39.675,726,0,1,51,257,0,6969,1483,0,21075,0x07
2026-09-06T17:13:39.740,729,0,2,50,-104,0,3734,893,0,13897,0x07
2026-09-06T17:13:39.741,728,0,1,51,257,0,6960,1484,0,21084,0x07
2026-09-06T17:13:39.806,731,0,2,50,0,0,2509,932,0,14409,0x07
2026-09-06T17:13:39.806,730,0,1,51,256,0,6957,1484,0,21087,0x07
2026-09-06T17:13:39.872,733,0,2,50,7,40,2369,992,0,15201,0x07
2026-09-06T17:13:39.872,732,0,1,50,256,0,6957,1484,0,21091,0x07
2026-09-06T17:13:39.936,735,0,2,54,66,0,3270,1118,0,16859,0x07
2026-09-06T17:13:39.936,734,0,1,50,257,0,6960,1484,0,21084,0x07
2026-09-06T17:13:40.001,737,0,2,50,66,0,3270,1118,0,16859,0x07
2026-09-06T17:13:40.001,736,0,1,52,241,0,6754,1500,0,21291,0x07
2026-09-06T17:13:40.066,739,0,2,52,117,0,3901,1180,0,17669,0x07
2026-09-06T17:13:40.066,738,0,1,50,255,0,6935,1486,0,21109,0x07
2026-09-06T17:13:40.325,741,0,2,50,188,0,4781,1221,0,18212,0x07
2026-09-06T17:13:40.325,740,0,1,51,240,0,6741,1502,0,21303,0x07
2026-09-06T17:13:40.472,743,0,2,56,242,18,5374,1320,0,19520,0x07
2026-09-06T17:13:40.472,742,0,1,51,240,0,6741,1502,0,21303,0x07
2026-09-06T17:13:40.602,745,0,2,50,0,0,6566,0,0,13058,0x07
2026-09-06T17:13:40.602,744,0,1,50,0,0,9942,0,0,10749,0x07
2026-09-06T17:13:40.666,747,0,2,50,0,0,0,0,0,0,0x03
2026-09-06T17:13:40.666,746,0,1,50,0,0,0,0,0,0,0x03
2026-09-06T17:13:40.748,749,0,2,51,0,0,5217,0,0,14592,0x07
2026-09-06T17:13:40.748,748,0,1,52,0,0,6863,0,0,13795,0x07
2026-09-06T17:13:40.877,751,0,2,51,340,0,6664,1397,0,20529,0x07
2026-09-06T17:13:40.877,750,0,1,50,0,0,3873,1362,0,19584,0x07
2026-09-06T17:13:40.942,753,0,2,50,0,0,0,0,0,0,0x03
2026-09-06T17:13:40.942,752,0,1,57,3374,18,40000,2158,0,29412,0x07
2026-09-06T17:13:41.007,755,0,2,52,0,0,0,0,0,0,0x03
2026-09-06T17:13:41.007,754,0,1,50,3374,500,40000,0,0,9033,0x07
2026-09-06T17:13:41.072,757,0,2,52,0,0,29858,0,0,18728,0x07
2026-09-06T17:13:41.072,756,0,1,51,0,0,0,0,0,0,0x03
2026-09-06T17:13:41.137,759,0,2,52,3374,173,40000,1861,269,25494,0x07
2026-09-06T17:13:41.137,758,0,1,50,0,0,0,0,0,0,0x03
2026-09-06T17:13:41.202,761,0,2,50,3079,860,36898,2935,1000,36516,0x07
2026-09-06T17:13:41.202,760,0,1,50,0,0,0,0,0,0,0x03
2026-09-06T17:13:41.283,763,0,2,54,-781,-56,11875,2560,3148,22450,0x07
2026-09-06T17:13:41.283,762,0,1,50,0,0,11012,0,0,24177,0x07
2026-09-06T17:13:41.348,765,0,2,50,0,0,11652,2560,2960,23250,0x07
2026-09-06T17:13:41.348,764,0,1,50,132,0,5371,1613,0,22682,0x07
2026-09-06T17:13:41.414,767,0,2,51,1133,333,15049,847,980,9124,0x07
2026-09-06T17:13:41.414,766,0,1,51,132,157,4704,1613,20,22599,0x07
