timestamp,sequence,team,robot_id,interval_ms,left_target_eps,left_measured_eps,left_duty,right_target_eps,right_measured_eps,right_duty,flags
2026-09-06T11:31:34.189-03:00,65535,255,0,0,0,0,0,0,0,0,0x03
2026-09-06T11:31:34.207-03:00,504,0,0,52,0,0,0,0,0,0,0x03
2026-09-06T11:31:34.230-03:00,505,0,0,54,0,0,0,0,0,0,0x03
2026-09-06T11:31:34.248-03:00,505,0,0,54,0,0,0,0,0,0,0x03
2026-09-06T11:31:34.266-03:00,505,0,0,54,0,0,0,0,0,0,0x03
2026-09-06T11:31:34.289-03:00,505,0,0,52,0,0,0,0,0,0,0x03
2026-09-06T11:31:34.309-03:00,505,0,0,52,0,0,0,0,0,0,0x03
2026-09-06T11:31:34.327-03:00,505,0,0,52,0,0,0,0,0,0,0x03
2026-09-06T11:31:34.350-03:00,505,0,0,50,0,0,0,0,0,0,0x03
2026-09-06T11:31:34.368-03:00,505,0,0,50,0,0,0,0,0,0,0x03
2026-09-06T11:31:34.391-03:00,8,0,0,52,0,0,30741,0,0,31098,0x07
2026-09-06T11:31:34.409-03:00,9,0,0,52,0,0,30741,0,0,31098,0x07
2026-09-06T11:31:34.427-03:00,10,0,0,50,3374,920,40000,3500,0,40000,0x07
2026-09-06T11:31:34.447-03:00,11,0,0,50,3374,920,40000,3500,0,40000,0x07
2026-09-06T11:31:34.470-03:00,12,0,0,50,3374,920,40000,3500,0,40000,0x07
2026-09-06T11:31:34.509-03:00,13,0,0,60,3374,2250,35518,3500,0,40000,0x07
2026-09-06T11:31:34.527-03:00,14,0,0,60,3374,2250,35518,3500,0,40000,0x07
2026-09-06T11:31:34.550-03:00,15,0,0,60,3374,2250,35518,3500,0,40000,0x07
2026-09-06T11:31:34.570-03:00,16,0,0,62,3374,2952,32536,3500,0,40000,0x07
2026-09-06T11:31:34.588-03:00,17,0,0,62,3374,2952,32536,3500,0,40000,0x07
2026-09-06T11:31:34.606-03:00,18,0,0,62,3374,2952,32536,3500,0,40000,0x07
2026-09-06T11:31:34.626-03:00,19,0,0,60,3374,2700,33606,3500,0,40000,0x07
2026-09-06T11:31:34.649-03:00,20,0,0,60,3374,2700,33606,3500,0,40000,0x07
2026-09-06T11:31:34.667-03:00,21,0,0,60,3374,2700,33606,3500,0,40000,0x07
2026-09-06T11:31:34.687-03:00,22,0,0,58,3374,2655,33796,3500,0,40000,0x07
2026-09-06T11:31:34.711-03:00,23,0,0,58,3374,2655,33796,3500,0,40000,0x07
2026-09-06T11:31:34.729-03:00,24,0,0,58,3374,2655,33796,3500,0,40000,0x07
2026-09-06T11:31:34.747-03:00,25,0,0,59,3374,2729,33483,3500,0,40000,0x07
2026-09-06T11:31:34.769-03:00,26,0,0,59,3374,2729,33483,3500,0,40000,0x07
2026-09-06T11:31:34.787-03:00,27,0,0,59,3374,2729,33483,3500,0,40000,0x07
2026-09-06T11:31:34.807-03:00,28,0,0,59,3374,2661,33771,3500,0,40000,0x07
2026-09-06T11:31:34.827-03:00,29,0,0,59,3374,2661,33771,3500,0,40000,0x07
2026-09-06T11:31:34.849-03:00,30,0,0,59,3374,2661,33771,3500,0,40000,0x07
2026-09-06T11:31:34.867-03:00,31,0,0,50,3374,2680,33690,3500,0,40000,0x07
2026-09-06T11:31:34.887-03:00,32,0,0,50,3374,2680,33690,3500,0,40000,0x07
2026-09-06T11:31:34.907-03:00,33,0,0,53,3374,2830,33052,3500,0,40000,0x07
2026-09-06T11:31:34.927-03:00,34,0,0,53,3374,2830,33052,3500,0,40000,0x07
2026-09-06T11:31:34.950-03:00,35,0,0,53,3374,2830,33052,3500,0,40000,0x07
2026-09-06T11:31:34.968-03:00,36,0,0,61,3374,2738,33445,3500,0,40000,0x07
2026-09-06T11:31:34.986-03:00,37,0,0,61,3374,2738,33445,3500,0,40000,0x07
2026-09-06T11:31:35.009-03:00,38,0,0,61,3374,2738,33445,3500,0,40000,0x07
2026-09-06T11:31:35.029-03:00,39,0,0,58,3374,2621,33943,3500,0,40000,0x07
2026-09-06T11:31:35.047-03:00,40,0,0,58,3374,2621,33943,3500,0,40000,0x07
2026-09-06T11:31:35.070-03:00,41,0,0,58,3374,2621,33943,3500,0,40000,0x07
2026-09-06T11:31:35.089-03:00,42,0,0,51,3374,2686,33664,3500,0,40000,0x07
2026-09-06T11:31:35.106-03:00,43,0,0,51,3374,2686,33664,3500,0,40000,0x07
2026-09-06T11:31:35.130-03:00,44,0,0,52,3374,2712,33556,3500,0,40000,0x07
2026-09-06T11:31:35.148-03:00,45,0,0,52,3374,2712,33556,3500,0,40000,0x07
2026-09-06T11:31:35.168-03:00,46,0,0,52,3374,2712,33556,3500,0,40000,0x07
2026-09-06T11:31:35.186-03:00,47,0,0,59,3374,2695,33627,3500,0,40000,0x07
2026-09-06T11:31:35.207-03:00,48,0,0,59,3374,2695,33627,3500,0,40000,0x07
2026-09-06T11:31:35.231-03:00,49,0,0,59,3374,2695,33627,3500,0,40000,0x07
2026-09-06T11:31:35.249-03:00,50,0,0,59,3374,2695,33627,3500,0,40000,0x07
2026-09-06T11:31:35.267-03:00,51,0,0,59,3374,2695,33627,3500,0,40000,0x07
2026-09-06T11:31:35.290-03:00,52,0,0,59,3374,2695,33627,3500,0,40000,0x07
2026-09-06T11:31:35.308-03:00,53,0,0,58,3374,2724,33503,3500,0,40000,0x07
2026-09-06T11:31:35.326-03:00,54,0,0,58,3374,2724,33503,3500,0,40000,0x07
2026-09-06T11:31:35.349-03:00,55,0,0,58,3374,2724,33503,3500,0,40000,0x07
2026-09-06T11:31:35.366-03:00,56,0,0,62,3374,2742,33427,3500,0,40000,0x07
2026-09-06T11:31:35.386-03:00,57,0,0,62,3374,2742,33427,3500,0,40000,0x07
2026-09-06T11:31:35.409-03:00,58,0,0,62,3374,2742,33427,3500,0,40000,0x07
2026-09-06T11:31:35.427-03:00,59,0,0,58,3374,2672,33723,3500,0,40000,0x07
2026-09-06T11:31:35.450-03:00,60,0,0,58,3374,2672,33723,3500,0,40000,0x07
2026-09-06T11:31:35.468-03:00,61,0,0,58,3374,2672,33723,3500,0,40000,0x07
2026-09-06T11:31:35.486-03:00,62,0,0,59,3374,2593,34059,3500,0,40000,0x07
2026-09-06T11:31:35.510-03:00,63,0,0,59,3374,2593,34059,3500,0,40000,0x07
2026-09-06T11:31:35.528-03:00,64,0,0,59,3374,2593,34059,3500,0,40000,0x07
2026-09-06T11:31:35.546-03:00,65,0,0,60,3374,2800,33180,3500,0,40000,0x07
2026-09-06T11:31:35.569-03:00,66,0,0,60,3374,2800,33180,3500,0,40000,0x07
2026-09-06T11:31:35.587-03:00,67,0,0,60,3374,2800,33180,3500,0,40000,0x07
2026-09-06T11:31:35.610-03:00,68,0,0,58,3374,2603,34016,3500,0,40000,0x07
2026-09-06T11:31:35.627-03:00,69,0,0,58,3374,2603,34016,3500,0,40000,0x07
2026-09-06T11:31:35.651-03:00,70,0,0,58,3374,2603,34016,3500,0,40000,0x07
2026-09-06T11:31:35.669-03:00,71,0,0,53,3374,2792,33213,3500,0,40000,0x07
2026-09-06T11:31:35.689-03:00,72,0,0,53,3374,2792,33213,3500,0,40000,0x07
2026-09-06T11:31:35.707-03:00,73,0,0,52,3374,2788,33230,3500,0,40000,0x07
2026-09-06T11:31:35.730-03:00,74,0,0,52,3374,2788,33230,3500,0,40000,0x07
2026-09-06T11:31:35.747-03:00,75,0,0,52,3374,2788,33230,3500,0,40000,0x07
2026-09-06T11:31:35.770-03:00,76,0,0,58,3374,2586,34089,3500,0,40000,0x07
2026-09-06T11:31:35.787-03:00,77,0,0,58,3374,2586,34089,3500,0,40000,0x07
2026-09-06T11:31:35.810-03:00,78,0,0,58,3374,2586,34089,3500,0,40000,0x07
2026-09-06T11:31:35.828-03:00,79,0,0,51,3374,2667,33747,3500,0,40000,0x07
2026-09-06T11:31:35.850-03:00,80,0,0,51,3374,2667,33747,3500,0,40000,0x07
2026-09-06T11:31:35.868-03:00,81,0,0,53,3374,2717,33533,3500,0,40000,0x07
2026-09-06T11:31:35.891-03:00,82,0,0,53,3374,2717,33533,3500,0,40000,0x07
2026-09-06T11:31:35.906-03:00,83,0,0,53,3374,2717,33533,3500,0,40000,0x07
2026-09-06T11:31:35.930-03:00,84,0,0,58,3374,2759,33356,3500,0,40000,0x07
2026-09-06T11:31:35.948-03:00,85,0,0,58,3374,2759,33356,3500,0,40000,0x07
2026-09-06T11:31:35.971-03:00,86,0,0,58,3374,2759,33356,3500,0,40000,0x07
2026-09-06T11:31:35.989-03:00,87,0,0,59,3374,2644,33843,3500,0,40000,0x07
2026-09-06T11:31:36.007-03:00,88,0,0,59,3374,2644,33843,3500,0,40000,0x07
2026-09-06T11:31:36.030-03:00,89,0,0,59,3374,2644,33843,3500,0,40000,0x07
2026-09-06T11:31:36.051-03:00,90,0,0,62,3374,2661,33770,3500,0,40000,0x07
2026-09-06T11:31:36.071-03:00,91,0,0,62,3374,2661,33770,3500,0,40000,0x07
2026-09-06T11:31:36.089-03:00,92,0,0,62,3374,2661,33770,3500,0,40000,0x07
2026-09-06T11:31:36.107-03:00,93,0,0,50,3374,2800,33180,3500,0,40000,0x07
2026-09-06T11:31:36.127-03:00,94,0,0,50,3374,2800,33180,3500,0,40000,0x07
2026-09-06T11:31:36.151-03:00,95,0,0,53,3374,2642,33854,3500,0,40000,0x07
2026-09-06T11:31:36.169-03:00,96,0,0,53,3374,2642,33854,3500,0,40000,0x07
2026-09-06T11:31:36.187-03:00,97,0,0,53,3374,2642,33854,3500,0,40000,0x07
2026-09-06T11:31:36.210-03:00,98,0,0,58,3374,2672,33723,3500,0,40000,0x07
2026-09-06T11:31:36.228-03:00,99,0,0,58,3374,2672,33723,3500,0,40000,0x07
2026-09-06T11:31:36.246-03:00,100,0,0,58,3374,2672,33723,3500,0,40000,0x07
2026-09-06T11:31:36.269-03:00,101,0,0,59,3374,2678,33699,3500,0,40000,0x07
2026-09-06T11:31:36.288-03:00,102,0,0,59,3374,2678,33699,3500,0,40000,0x07
2026-09-06T11:31:36.308-03:00,103,0,0,59,3374,2678,33699,3500,0,40000,0x07
2026-09-06T11:31:36.326-03:00,104,0,0,60,3374,2767,33322,3500,0,40000,0x07
2026-09-06T11:31:36.346-03:00,105,0,0,60,3374,2767,33322,3500,0,40000,0x07
2026-09-06T11:31:36.369-03:00,106,0,0,60,3374,2767,33322,3500,0,40000,0x07
2026-09-06T11:31:36.388-03:00,107,0,0,58,3374,2638,33869,3500,0,40000,0x07
2026-09-06T11:31:36.406-03:00,108,0,0,58,3374,2638,33869,3500,0,40000,0x07
2026-09-06T11:31:36.430-03:00,109,0,0,58,3374,2638,33869,3500,0,40000,0x07
2026-09-06T11:31:36.450-03:00,110,0,0,50,3374,2720,33520,3500,0,40000,0x07
2026-09-06T11:31:36.468-03:00,111,0,0,50,3374,2720,33520,3500,0,40000,0x07
2026-09-06T11:31:36.486-03:00,112,0,0,52,3374,2712,33556,3500,0,40000,0x07
2026-09-06T11:31:36.510-03:00,113,0,0,52,3374,2712,33556,3500,0,40000,0x07
2026-09-06T11:31:36.527-03:00,114,0,0,52,3374,2712,33556,3500,0,40000,0x07
2026-09-06T11:31:36.547-03:00,115,0,0,58,3374,2690,33649,3500,0,40000,0x07
2026-09-06T11:31:36.570-03:00,116,0,0,58,3374,2690,33649,3500,0,40000,0x07
2026-09-06T11:31:36.588-03:00,117,0,0,58,3374,2690,33649,3500,0,40000,0x07
2026-09-06T11:31:36.608-03:00,118,0,0,59,3374,2678,33699,3500,0,40000,0x07
2026-09-06T11:31:36.627-03:00,119,0,0,59,3374,2678,33699,3500,0,40000,0x07
2026-09-06T11:31:36.650-03:00,120,0,0,59,3374,2678,33699,3500,0,40000,0x07
2026-09-06T11:31:36.668-03:00,121,0,0,50,3374,2540,34286,3500,0,40000,0x07
2026-09-06T11:31:36.686-03:00,122,0,0,50,3374,2540,34286,3500,0,40000,0x07
2026-09-06T11:31:36.710-03:00,123,0,0,53,3374,2660,33774,3500,0,40000,0x07
2026-09-06T11:31:36.728-03:00,124,0,0,53,3374,2660,33774,3500,0,40000,0x07
2026-09-06T11:31:36.746-03:00,125,0,0,53,3374,2660,33774,3500,0,40000,0x07
2026-09-06T11:31:36.769-03:00,126,0,0,60,3374,2800,33180,3500,0,40000,0x07
2026-09-06T11:31:36.789-03:00,127,0,0,60,3374,2800,33180,3500,0,40000,0x07
2026-09-06T11:31:36.806-03:00,128,0,0,60,3374,2800,33180,3500,0,40000,0x07
2026-09-06T11:31:36.829-03:00,129,0,0,58,3374,2552,34236,3500,0,40000,0x07
2026-09-06T11:31:36.847-03:00,130,0,0,58,3374,2552,34236,3500,0,40000,0x07
2026-09-06T11:31:36.870-03:00,131,0,0,58,3374,2552,34236,3500,0,40000,0x07
2026-09-06T11:31:36.889-03:00,132,0,0,50,3374,2740,33436,3500,0,40000,0x07
2026-09-06T11:31:36.909-03:00,133,0,0,50,3374,2740,33436,3500,0,40000,0x07
2026-09-06T11:31:36.926-03:00,134,0,0,54,3374,2704,33590,3500,0,40000,0x07
2026-09-06T11:31:36.949-03:00,135,0,0,54,3374,2704,33590,3500,0,40000,0x07
2026-09-06T11:31:36.971-03:00,136,0,0,54,3374,2704,33590,3500,0,40000,0x07
2026-09-06T11:31:36.991-03:00,137,0,0,58,3374,2672,33723,3500,0,40000,0x07
2026-09-06T11:31:37.011-03:00,138,0,0,58,3374,2672,33723,3500,0,40000,0x07
2026-09-06T11:31:37.031-03:00,139,0,0,58,3374,2672,33723,3500,0,40000,0x07
2026-09-06T11:31:37.049-03:00,140,0,0,62,3374,2726,33496,3500,0,40000,0x07
2026-09-06T11:31:37.069-03:00,141,0,0,62,3374,2726,33496,3500,0,40000,0x07
2026-09-06T11:31:37.087-03:00,142,0,0,62,3374,2726,33496,3500,0,40000,0x07
2026-09-06T11:31:37.110-03:00,143,0,0,67,3374,2373,34995,3500,0,40000,0x07
2026-09-06T11:31:37.128-03:00,144,0,0,67,3374,2373,34995,3500,0,40000,0x07
2026-09-06T11:31:37.146-03:00,145,0,0,67,3374,2373,34995,3500,0,40000,0x07
2026-09-06T11:31:37.170-03:00,146,0,0,60,3374,2817,33110,3500,0,40000,0x07
2026-09-06T11:31:37.188-03:00,147,0,0,60,3374,2817,33110,3500,0,40000,0x07
2026-09-06T11:31:37.206-03:00,148,0,0,60,3374,2817,33110,3500,0,40000,0x07
2026-09-06T11:31:37.230-03:00,149,0,0,60,3374,2783,33251,3500,0,40000,0x07
2026-09-06T11:31:37.248-03:00,150,0,0,60,3374,2783,33251,3500,0,40000,0x07
2026-09-06T11:31:37.268-03:00,151,0,0,60,3374,2783,33251,3500,0,40000,0x07
2026-09-06T11:31:37.290-03:00,152,0,0,58,3374,2741,33430,3500,0,40000,0x07
2026-09-06T11:31:37.309-03:00,153,0,0,58,3374,2741,33430,3500,0,40000,0x07
2026-09-06T11:31:37.326-03:00,154,0,0,58,3374,2741,33430,3500,0,40000,0x07
2026-09-06T11:31:37.350-03:00,155,0,0,59,3374,2627,33915,3500,0,40000,0x07
2026-09-06T11:31:37.368-03:00,156,0,0,59,3374,2627,33915,3500,0,40000,0x07
2026-09-06T11:31:37.388-03:00,157,0,0,59,3374,2627,33915,3500,0,40000,0x07
2026-09-06T11:31:37.406-03:00,158,0,0,59,3374,2661,33771,3500,0,40000,0x07
2026-09-06T11:31:37.429-03:00,159,0,0,59,3374,2661,33771,3500,0,40000,0x07
2026-09-06T11:31:37.447-03:00,160,0,0,59,3374,2661,33771,3500,0,40000,0x07
2026-09-06T11:31:37.470-03:00,161,0,0,58,3374,2621,33943,3500,0,40000,0x07
2026-09-06T11:31:37.488-03:00,162,0,0,58,3374,2621,33943,3500,0,40000,0x07
2026-09-06T11:31:37.507-03:00,163,0,0,58,3374,2621,33943,3500,0,40000,0x07
2026-09-06T11:31:37.530-03:00,164,0,0,60,3374,2783,33251,3500,0,40000,0x07
2026-09-06T11:31:37.548-03:00,165,0,0,60,3374,2783,33251,3500,0,40000,0x07
2026-09-06T11:31:37.566-03:00,166,0,0,60,3374,2783,33251,3500,0,40000,0x07
2026-09-06T11:31:37.586-03:00,167,0,0,59,3374,2661,33771,3500,0,40000,0x07
2026-09-06T11:31:37.608-03:00,168,0,0,59,3374,2661,33771,3500,0,40000,0x07
2026-09-06T11:31:37.628-03:00,169,0,0,59,3374,2661,33771,3500,0,40000,0x07
2026-09-06T11:31:37.646-03:00,170,0,0,58,3374,2638,33869,3500,0,40000,0x07
2026-09-06T11:31:37.669-03:00,171,0,0,58,3374,2638,33869,3500,0,40000,0x07
2026-09-06T11:31:37.687-03:00,172,0,0,58,3374,2638,33869,3500,0,40000,0x07
2026-09-06T11:31:37.707-03:00,173,0,0,60,3374,2683,33676,3500,0,40000,0x07
2026-09-06T11:31:37.730-03:00,174,0,0,60,3374,2683,33676,3500,0,40000,0x07
2026-09-06T11:31:37.747-03:00,175,0,0,60,3374,2683,33676,3500,0,40000,0x07
2026-09-06T11:31:37.770-03:00,176,0,0,58,3374,2690,33649,3500,0,40000,0x07
2026-09-06T11:31:37.789-03:00,177,0,0,58,3374,2690,33649,3500,0,40000,0x07
2026-09-06T11:31:37.807-03:00,178,0,0,58,3374,2690,33649,3500,0,40000,0x07
2026-09-06T11:31:37.830-03:00,179,0,0,51,3374,2765,33330,3500,0,40000,0x07
2026-09-06T11:31:37.848-03:00,180,0,0,51,3374,2765,33330,3500,0,40000,0x07
2026-09-06T11:31:37.866-03:00,181,0,0,52,3374,2750,33393,3500,0,40000,0x07
2026-09-06T11:31:37.889-03:00,182,0,0,52,3374,2750,33393,3500,0,40000,0x07
2026-09-06T11:31:37.907-03:00,183,0,0,52,3374,2750,33393,3500,0,40000,0x07
2026-09-06T11:31:37.930-03:00,184,0,0,58,3374,2690,33649,3500,0,40000,0x07
2026-09-06T11:31:37.948-03:00,185,0,0,58,3374,2690,33649,3500,0,40000,0x07
2026-09-06T11:31:37.966-03:00,186,0,0,58,3374,2690,33649,3500,0,40000,0x07
2026-09-06T11:31:37.989-03:00,187,0,0,50,3374,2740,33436,3500,0,40000,0x07
2026-09-06T11:31:38.009-03:00,188,0,0,50,3374,2740,33436,3500,0,40000,0x07
2026-09-06T11:31:38.027-03:00,189,0,0,53,3374,2717,33533,3500,0,40000,0x07
2026-09-06T11:31:38.048-03:00,190,0,0,53,3374,2717,33533,3500,0,40000,0x07
2026-09-06T11:31:38.071-03:00,191,0,0,53,3374,2717,33533,3500,0,40000,0x07
2026-09-06T11:31:38.088-03:00,192,0,0,58,3374,2552,34236,3500,0,40000,0x07
2026-09-06T11:31:38.106-03:00,193,0,0,58,3374,2552,34236,3500,0,40000,0x07
2026-09-06T11:31:38.130-03:00,194,0,0,58,3374,2552,34236,3500,0,40000,0x07
2026-09-06T11:31:38.150-03:00,195,0,0,62,3374,2742,33427,3500,0,40000,0x07
2026-09-06T11:31:38.170-03:00,196,0,0,62,3374,2742,33427,3500,0,40000,0x07
2026-09-06T11:31:38.188-03:00,197,0,0,62,3374,2742,33427,3500,0,40000,0x07
2026-09-06T11:31:38.208-03:00,198,0,0,59,3374,2729,33483,3500,0,40000,0x07
2026-09-06T11:31:38.231-03:00,199,0,0,59,3374,2729,33483,3500,0,40000,0x07
2026-09-06T11:31:38.248-03:00,200,0,0,59,3374,2729,33483,3500,0,40000,0x07
2026-09-06T11:31:38.266-03:00,201,0,0,59,3374,2644,33843,3500,0,40000,0x07
2026-09-06T11:31:38.290-03:00,202,0,0,59,3374,2644,33843,3500,0,40000,0x07
2026-09-06T11:31:38.308-03:00,203,0,0,59,3374,2644,33843,3500,0,40000,0x07
2026-09-06T11:31:38.326-03:00,204,0,0,59,3374,2763,33339,3500,0,40000,0x07
2026-09-06T11:31:38.349-03:00,205,0,0,59,3374,2763,33339,3500,0,40000,0x07
2026-09-06T11:31:38.366-03:00,206,0,0,59,3374,2763,33339,3500,0,40000,0x07
2026-09-06T11:31:38.390-03:00,207,0,0,58,3374,2638,33869,3500,0,40000,0x07
2026-09-06T11:31:38.408-03:00,208,0,0,58,3374,2638,33869,3500,0,40000,0x07
2026-09-06T11:31:38.427-03:00,209,0,0,58,3374,2638,33869,3500,0,40000,0x07
2026-09-06T11:31:38.448-03:00,210,0,0,50,3374,2720,33520,3500,0,40000,0x07
2026-09-06T11:31:38.471-03:00,211,0,0,50,3374,2720,33520,3500,0,40000,0x07
2026-09-06T11:31:38.491-03:00,212,0,0,56,3374,2732,33469,3500,0,40000,0x07
2026-09-06T11:31:38.509-03:00,213,0,0,56,3374,2732,33469,3500,0,40000,0x07
2026-09-06T11:31:38.527-03:00,214,0,0,56,3374,2732,33469,3500,0,40000,0x07
2026-09-06T11:31:38.550-03:00,215,0,0,58,3374,2586,34089,3500,0,40000,0x07
2026-09-06T11:31:38.568-03:00,216,0,0,58,3374,2586,34089,3500,0,40000,0x07
2026-09-06T11:31:38.588-03:00,217,0,0,58,3374,2586,34089,3500,0,40000,0x07
2026-09-06T11:31:38.606-03:00,218,0,0,60,3374,2800,33180,3500,0,40000,0x07
2026-09-06T11:31:38.631-03:00,219,0,0,60,3374,2800,33180,3500,0,40000,0x07
2026-09-06T11:31:38.649-03:00,220,0,0,60,3374,2800,33180,3500,0,40000,0x07
2026-09-06T11:31:38.667-03:00,221,0,0,59,3374,2678,33699,3500,0,40000,0x07
2026-09-06T11:31:38.690-03:00,222,0,0,59,3374,2678,33699,3500,0,40000,0x07
2026-09-06T11:31:38.708-03:00,223,0,0,59,3374,2678,33699,3500,0,40000,0x07
2026-09-06T11:31:38.726-03:00,224,0,0,58,3374,2586,34089,3500,0,40000,0x07
2026-09-06T11:31:38.749-03:00,225,0,0,58,3374,2586,34089,3500,0,40000,0x07
2026-09-06T11:31:38.767-03:00,226,0,0,58,3374,2586,34089,3500,0,40000,0x07
2026-09-06T11:31:38.791-03:00,227,0,0,59,3374,2763,33339,3500,0,40000,0x07
2026-09-06T11:31:38.809-03:00,228,0,0,59,3374,2763,33339,3500,0,40000,0x07
2026-09-06T11:31:38.827-03:00,229,0,0,59,3374,2763,33339,3500,0,40000,0x07
2026-09-06T11:31:38.847-03:00,230,0,0,50,3374,2740,33436,3500,0,40000,0x07
2026-09-06T11:31:38.870-03:00,231,0,0,50,3374,2740,33436,3500,0,40000,0x07
2026-09-06T11:31:38.890-03:00,232,0,0,52,3374,2692,33638,3500,0,40000,0x07
2026-09-06T11:31:38.910-03:00,233,0,0,52,3374,2692,33638,3500,0,40000,0x07
2026-09-06T11:31:38.928-03:00,234,0,0,52,3374,2692,33638,3500,0,40000,0x07
2026-09-06T11:31:38.946-03:00,235,0,0,50,3374,2660,33776,3500,0,40000,0x07
2026-09-06T11:31:38.969-03:00,236,0,0,50,3374,2660,33776,3500,0,40000,0x07
2026-09-06T11:31:38.990-03:00,237,0,0,52,3374,2654,33802,3500,0,40000,0x07
2026-09-06T11:31:39.008-03:00,238,0,0,52,3374,2654,33802,3500,0,40000,0x07
2026-09-06T11:31:39.031-03:00,239,0,0,52,3374,2654,33802,3500,0,40000,0x07
2026-09-06T11:31:39.049-03:00,240,0,0,59,3374,2627,33915,3500,0,40000,0x07
2026-09-06T11:31:39.067-03:00,241,0,0,59,3374,2627,33915,3500,0,40000,0x07
2026-09-06T11:31:39.089-03:00,242,0,0,59,3374,2627,33915,3500,0,40000,0x07
2026-09-06T11:31:39.109-03:00,243,0,0,59,3374,2729,33483,3500,0,40000,0x07
2026-09-06T11:31:39.129-03:00,244,0,0,59,3374,2729,33483,3500,0,40000,0x07
2026-09-06T11:31:39.148-03:00,245,0,0,59,3374,2729,33483,3500,0,40000,0x07
2026-09-06T11:31:39.167-03:00,246,0,0,59,3374,2678,33699,3500,0,40000,0x07
2026-09-06T11:31:39.187-03:00,247,0,0,59,3374,2678,33699,3500,0,40000,0x07
2026-09-06T11:31:39.210-03:00,248,0,0,59,3374,2678,33699,3500,0,40000,0x07
2026-09-06T11:31:39.228-03:00,249,0,0,59,3374,2712,33555,3500,0,40000,0x07
2026-09-06T11:31:39.246-03:00,250,0,0,59,3374,2712,33555,3500,0,40000,0x07
2026-09-06T11:31:39.269-03:00,251,0,0,59,3374,2712,33555,3500,0,40000,0x07
2026-09-06T11:31:39.286-03:00,252,0,0,62,3374,2710,33564,3500,0,40000,0x07
2026-09-06T11:31:39.309-03:00,253,0,0,62,3374,2710,33564,3500,0,40000,0x07
2026-09-06T11:31:39.327-03:00,254,0,0,62,3374,2710,33564,3500,0,40000,0x07
2026-09-06T11:31:39.351-03:00,255,0,0,58,3374,2690,33649,3500,0,40000,0x07
2026-09-06T11:31:39.368-03:00,256,0,0,58,3374,2690,33649,3500,0,40000,0x07
2026-09-06T11:31:39.386-03:00,257,0,0,58,3374,2690,33649,3500,0,40000,0x07
2026-09-06T11:31:39.406-03:00,258,0,0,51,3374,2725,33497,3500,0,40000,0x07
2026-09-06T11:31:39.429-03:00,259,0,0,51,3374,2725,33497,3500,0,40000,0x07
2026-09-06T11:31:39.446-03:00,260,0,0,52,3374,2750,33393,3500,0,40000,0x07
2026-09-06T11:31:39.470-03:00,261,0,0,52,3374,2750,33393,3500,0,40000,0x07
2026-09-06T11:31:39.489-03:00,262,0,0,52,3374,2750,33393,3500,0,40000,0x07
2026-09-06T11:31:39.508-03:00,263,0,0,59,3374,2678,33699,3500,0,40000,0x07
2026-09-06T11:31:39.528-03:00,264,0,0,59,3374,2678,33699,3500,0,40000,0x07
2026-09-06T11:31:39.551-03:00,265,0,0,59,3374,2678,33699,3500,0,40000,0x07
2026-09-06T11:31:39.569-03:00,266,0,0,59,3374,2712,33555,3500,0,40000,0x07
2026-09-06T11:31:39.587-03:00,267,0,0,59,3374,2712,33555,3500,0,40000,0x07
2026-09-06T11:31:39.610-03:00,268,0,0,59,3374,2712,33555,3500,0,40000,0x07
2026-09-06T11:31:39.630-03:00,269,0,0,61,3374,2656,33794,3500,0,40000,0x07
2026-09-06T11:31:39.650-03:00,270,0,0,61,3374,2656,33794,3500,0,40000,0x07
2026-09-06T11:31:39.668-03:00,271,0,0,61,3374,2656,33794,3500,0,40000,0x07
2026-09-06T11:31:39.690-03:00,272,0,0,50,3374,2700,33606,3500,0,40000,0x07
2026-09-06T11:31:39.708-03:00,273,0,0,50,3374,2700,33606,3500,0,40000,0x07
2026-09-06T11:31:39.728-03:00,274,0,0,52,3374,2731,33475,3500,0,40000,0x07
2026-09-06T11:31:39.746-03:00,275,0,0,52,3374,2731,33475,3500,0,40000,0x07
2026-09-06T11:31:39.770-03:00,276,0,0,52,3374,2731,33475,3500,0,40000,0x07
2026-09-06T11:31:39.788-03:00,277,0,0,59,3374,2542,34275,3500,0,40000,0x07
2026-09-06T11:31:39.810-03:00,278,0,0,59,3374,2542,34275,3500,0,40000,0x07
2026-09-06T11:31:39.828-03:00,279,0,0,59,3374,2542,34275,3500,0,40000,0x07
2026-09-06T11:31:39.849-03:00,280,0,0,59,3374,2763,33339,3500,0,40000,0x07
2026-09-06T11:31:39.867-03:00,281,0,0,59,3374,2763,33339,3500,0,40000,0x07
2026-09-06T11:31:39.890-03:00,282,0,0,59,3374,2763,33339,3500,0,40000,0x07
2026-09-06T11:31:39.908-03:00,283,0,0,59,3374,2712,33555,3500,0,40000,0x07
2026-09-06T11:31:39.931-03:00,284,0,0,59,3374,2712,33555,3500,0,40000,0x07
2026-09-06T11:31:39.948-03:00,285,0,0,59,3374,2712,33555,3500,0,40000,0x07
2026-09-06T11:31:39.967-03:00,286,0,0,68,3374,2338,35143,3500,0,40000,0x07
2026-09-06T11:31:39.991-03:00,287,0,0,68,3374,2338,35143,3500,0,40000,0x07
2026-09-06T11:31:40.009-03:00,288,0,0,68,3374,2338,35143,3500,0,40000,0x07
2026-09-06T11:31:40.027-03:00,289,0,0,60,3374,2750,33393,3500,0,40000,0x07
2026-09-06T11:31:40.050-03:00,290,0,0,60,3374,2750,33393,3500,0,40000,0x07
2026-09-06T11:31:40.070-03:00,291,0,0,60,3374,2750,33393,3500,0,40000,0x07
2026-09-06T11:31:40.090-03:00,292,0,0,59,3374,2797,33195,3500,0,40000,0x07
2026-09-06T11:31:40.108-03:00,293,0,0,59,3374,2797,33195,3500,0,40000,0x07
2026-09-06T11:31:40.130-03:00,294,0,0,59,3374,2797,33195,3500,0,40000,0x07
2026-09-06T11:31:40.148-03:00,295,0,0,60,3374,2700,33606,3500,0,40000,0x07
2026-09-06T11:31:40.169-03:00,296,0,0,60,3374,2700,33606,3500,0,40000,0x07
2026-09-06T11:31:40.189-03:00,297,0,0,60,3374,2700,33606,3500,0,40000,0x07
2026-09-06T11:31:40.210-03:00,298,0,0,58,3374,2603,34016,3500,0,40000,0x07
2026-09-06T11:31:40.230-03:00,299,0,0,58,3374,2603,34016,3500,0,40000,0x07
2026-09-06T11:31:40.248-03:00,300,0,0,58,3374,2603,34016,3500,0,40000,0x07
2026-09-06T11:31:40.266-03:00,301,0,0,59,3374,2610,33987,3500,0,40000,0x07
2026-09-06T11:31:40.286-03:00,302,0,0,59,3374,2610,33987,3500,0,40000,0x07
2026-09-06T11:31:40.309-03:00,303,0,0,59,3374,2610,33987,3500,0,40000,0x07
2026-09-06T11:31:40.327-03:00,304,0,0,59,3374,2814,33123,3500,0,40000,0x07
2026-09-06T11:31:40.350-03:00,305,0,0,59,3374,2814,33123,3500,0,40000,0x07
2026-09-06T11:31:40.370-03:00,306,0,0,59,3374,2814,33123,3500,0,40000,0x07
2026-09-06T11:31:40.388-03:00,307,0,0,59,3374,2644,33843,3500,0,40000,0x07
2026-09-06T11:31:40.406-03:00,308,0,0,59,3374,2644,33843,3500,0,40000,0x07
2026-09-06T11:31:40.429-03:00,309,0,0,59,3374,2644,33843,3500,0,40000,0x07
2026-09-06T11:31:40.450-03:00,310,0,0,59,3374,2712,33555,3500,0,40000,0x07
2026-09-06T11:31:40.468-03:00,311,0,0,59,3374,2712,33555,3500,0,40000,0x07
2026-09-06T11:31:40.491-03:00,312,0,0,59,3374,2712,33555,3500,0,40000,0x07
2026-09-06T11:31:40.511-03:00,313,0,0,50,3374,2740,33436,3500,0,40000,0x07
2026-09-06T11:31:40.529-03:00,314,0,0,50,3374,2740,33436,3500,0,40000,0x07
2026-09-06T11:31:40.547-03:00,315,0,0,53,3374,2642,33854,3500,0,40000,0x07
2026-09-06T11:31:40.566-03:00,316,0,0,53,3374,2642,33854,3500,0,40000,0x07
2026-09-06T11:31:40.590-03:00,317,0,0,53,3374,2642,33854,3500,0,40000,0x07
2026-09-06T11:31:40.607-03:00,318,0,0,59,3374,2729,33483,3500,0,40000,0x07
2026-09-06T11:31:40.631-03:00,319,0,0,59,3374,2729,33483,3500,0,40000,0x07
2026-09-06T11:31:40.649-03:00,320,0,0,59,3374,2729,33483,3500,0,40000,0x07
2026-09-06T11:31:40.667-03:00,321,0,0,60,3374,2617,33960,3500,0,40000,0x07
2026-09-06T11:31:40.690-03:00,322,0,0,60,3374,2617,33960,3500,0,40000,0x07
2026-09-06T11:31:40.708-03:00,323,0,0,60,3374,2617,33960,3500,0,40000,0x07
2026-09-06T11:31:40.726-03:00,324,0,0,58,3374,2655,33796,3500,0,40000,0x07
2026-09-06T11:31:40.749-03:00,325,0,0,58,3374,2655,33796,3500,0,40000,0x07
2026-09-06T11:31:40.767-03:00,326,0,0,58,3374,2655,33796,3500,0,40000,0x07
2026-09-06T11:31:40.790-03:00,327,0,0,59,3374,2864,32907,3500,0,40000,0x07
2026-09-06T11:31:40.808-03:00,328,0,0,59,3374,2864,32907,3500,0,40000,0x07
2026-09-06T11:31:40.826-03:00,329,0,0,59,3374,2864,32907,3500,0,40000,0x07
2026-09-06T11:31:40.846-03:00,330,0,0,50,3374,2680,33690,3500,0,40000,0x07
2026-09-06T11:31:40.870-03:00,331,0,0,50,3374,2680,33690,3500,0,40000,0x07
2026-09-06T11:31:40.888-03:00,332,0,0,52,3374,2654,33802,3500,0,40000,0x07
2026-09-06T11:31:40.908-03:00,333,0,0,52,3374,2654,33802,3500,0,40000,0x07
2026-09-06T11:31:40.926-03:00,334,0,0,52,3374,2654,33802,3500,0,40000,0x07
2026-09-06T11:31:40.949-03:00,335,0,0,60,3374,2633,33889,3500,0,40000,0x07
2026-09-06T11:31:40.969-03:00,336,0,0,60,3374,2633,33889,3500,0,40000,0x07
2026-09-06T11:31:40.987-03:00,337,0,0,60,3374,2633,33889,3500,0,40000,0x07
2026-09-06T11:31:41.011-03:00,338,0,0,58,3374,2741,33430,3500,0,40000,0x07
2026-09-06T11:31:41.029-03:00,339,0,0,58,3374,2741,33430,3500,0,40000,0x07
2026-09-06T11:31:41.049-03:00,340,0,0,58,3374,2741,33430,3500,0,40000,0x07
2026-09-06T11:31:41.069-03:00,341,0,0,51,3374,2745,33414,3500,0,40000,0x07
2026-09-06T11:31:41.089-03:00,342,0,0,51,3374,2745,33414,3500,0,40000,0x07
2026-09-06T11:31:41.107-03:00,343,0,0,52,3374,2750,33393,3500,0,40000,0x07
2026-09-06T11:31:41.127-03:00,344,0,0,52,3374,2750,33393,3500,0,40000,0x07
2026-09-06T11:31:41.150-03:00,345,0,0,52,3374,2750,33393,3500,0,40000,0x07
2026-09-06T11:31:41.168-03:00,346,0,0,58,3374,2690,33649,3500,0,40000,0x07
2026-09-06T11:31:41.187-03:00,347,0,0,58,3374,2690,33649,3500,0,40000,0x07
2026-09-06T11:31:41.210-03:00,348,0,0,58,3374,2690,33649,3500,0,40000,0x07
2026-09-06T11:31:41.227-03:00,349,0,0,59,3374,2780,33267,3500,0,40000,0x07
2026-09-06T11:31:41.250-03:00,350,0,0,59,3374,2780,33267,3500,0,40000,0x07
2026-09-06T11:31:41.269-03:00,351,0,0,59,3374,2780,33267,3500,0,40000,0x07
2026-09-06T11:31:41.287-03:00,352,0,0,59,3374,2644,33843,3500,0,40000,0x07
2026-09-06T11:31:41.310-03:00,353,0,0,59,3374,2644,33843,3500,0,40000,0x07
2026-09-06T11:31:41.328-03:00,354,0,0,59,3374,2644,33843,3500,0,40000,0x07
2026-09-06T11:31:41.348-03:00,355,0,0,61,3374,2623,33933,3500,0,40000,0x07
2026-09-06T11:31:41.366-03:00,356,0,0,61,3374,2623,33933,3500,0,40000,0x07
2026-09-06T11:31:41.389-03:00,357,0,0,61,3374,2623,33933,3500,0,40000,0x07
2026-09-06T11:31:41.407-03:00,358,0,0,60,3374,2750,33393,3500,0,40000,0x07
2026-09-06T11:31:41.430-03:00,359,0,0,60,3374,2750,33393,3500,0,40000,0x07
2026-09-06T11:31:41.448-03:00,360,0,0,60,3374,2750,33393,3500,0,40000,0x07
2026-09-06T11:31:41.466-03:00,361,0,0,59,3374,2695,33627,3500,0,40000,0x07
2026-09-06T11:31:41.489-03:00,362,0,0,59,3374,2695,33627,3500,0,40000,0x07
2026-09-06T11:31:41.507-03:00,363,0,0,59,3374,2695,33627,3500,0,40000,0x07
2026-09-06T11:31:41.527-03:00,364,0,0,59,3374,2610,33987,3500,0,40000,0x07
2026-09-06T11:31:41.549-03:00,365,0,0,59,3374,2610,33987,3500,0,40000,0x07
2026-09-06T11:31:41.567-03:00,366,0,0,59,3374,2610,33987,3500,0,40000,0x07
2026-09-06T11:31:41.590-03:00,367,0,0,50,3374,2800,33180,3500,0,40000,0x07
2026-09-06T11:31:41.608-03:00,368,0,0,50,3374,2800,33180,3500,0,40000,0x07
2026-09-06T11:31:41.628-03:00,369,0,0,53,3374,2604,34014,3500,0,40000,0x07
2026-09-06T11:31:41.650-03:00,370,0,0,53,3374,2604,34014,3500,0,40000,0x07
2026-09-06T11:31:41.670-03:00,371,0,0,53,3374,2604,34014,3500,0,40000,0x07
2026-09-06T11:31:41.688-03:00,372,0,0,59,3374,2729,33483,3500,0,40000,0x07
2026-09-06T11:31:41.707-03:00,373,0,0,59,3374,2729,33483,3500,0,40000,0x07
2026-09-06T11:31:41.730-03:00,374,0,0,59,3374,2729,33483,3500,0,40000,0x07
2026-09-06T11:31:41.748-03:00,375,0,0,62,3374,2742,33427,3500,0,40000,0x07
2026-09-06T11:31:41.766-03:00,376,0,0,62,3374,2742,33427,3500,0,40000,0x07
2026-09-06T11:31:41.789-03:00,377,0,0,62,3374,2742,33427,3500,0,40000,0x07
2026-09-06T11:31:41.809-03:00,378,0,0,58,3374,2707,33576,3500,0,40000,0x07
2026-09-06T11:31:41.827-03:00,379,0,0,58,3374,2707,33576,3500,0,40000,0x07
2026-09-06T11:31:41.846-03:00,380,0,0,58,3374,2707,33576,3500,0,40000,0x07
2026-09-06T11:31:41.869-03:00,381,0,0,51,3374,2706,33580,3500,0,40000,0x07
2026-09-06T11:31:41.887-03:00,382,0,0,51,3374,2706,33580,3500,0,40000,0x07
2026-09-06T11:31:41.910-03:00,383,0,0,52,3374,2615,33965,3500,0,40000,0x07
2026-09-06T11:31:41.928-03:00,384,0,0,52,3374,2615,33965,3500,0,40000,0x07
2026-09-06T11:31:41.946-03:00,385,0,0,52,3374,2615,33965,3500,0,40000,0x07
2026-09-06T11:31:41.969-03:00,386,0,0,58,3374,2724,33503,3500,0,40000,0x07
2026-09-06T11:31:41.989-03:00,387,0,0,58,3374,2724,33503,3500,0,40000,0x07
2026-09-06T11:31:42.007-03:00,388,0,0,58,3374,2724,33503,3500,0,40000,0x07
2026-09-06T11:31:42.031-03:00,389,0,0,60,3374,2733,33464,3500,0,40000,0x07
2026-09-06T11:31:42.049-03:00,390,0,0,60,3374,2733,33464,3500,0,40000,0x07
2026-09-06T11:31:42.069-03:00,391,0,0,60,3374,2733,33464,3500,0,40000,0x07
2026-09-06T11:31:42.087-03:00,392,0,0,61,3374,2705,33585,3500,0,40000,0x07
2026-09-06T11:31:42.111-03:00,393,0,0,61,3374,2705,33585,3500,0,40000,0x07
2026-09-06T11:31:42.129-03:00,394,0,0,61,3374,2705,33585,3500,0,40000,0x07
2026-09-06T11:31:42.147-03:00,395,0,0,59,3374,2661,33771,3500,0,40000,0x07
2026-09-06T11:31:42.169-03:00,396,0,0,59,3374,2661,33771,3500,0,40000,0x07
2026-09-06T11:31:42.190-03:00,397,0,0,59,3374,2661,33771,3500,0,40000,0x07
2026-09-06T11:31:42.208-03:00,398,0,0,59,3374,2695,33627,3500,0,40000,0x07
2026-09-06T11:31:42.230-03:00,399,0,0,59,3374,2695,33627,3500,0,40000,0x07
2026-09-06T11:31:42.248-03:00,400,0,0,59,3374,2695,33627,3500,0,40000,0x07
2026-09-06T11:31:42.266-03:00,401,0,0,50,3374,2540,34286,3500,0,40000,0x07
2026-09-06T11:31:42.289-03:00,402,0,0,50,3374,2540,34286,3500,0,40000,0x07
2026-09-06T11:31:42.307-03:00,403,0,0,53,3374,2849,32972,3500,0,40000,0x07
2026-09-06T11:31:42.330-03:00,404,0,0,53,3374,2849,32972,3500,0,40000,0x07
2026-09-06T11:31:42.348-03:00,405,0,0,53,3374,2849,32972,3500,0,40000,0x07
2026-09-06T11:31:42.366-03:00,406,0,0,59,3374,2746,33411,3500,0,40000,0x07
2026-09-06T11:31:42.389-03:00,407,0,0,59,3374,2746,33411,3500,0,40000,0x07
2026-09-06T11:31:42.407-03:00,408,0,0,59,3374,2746,33411,3500,0,40000,0x07
2026-09-06T11:31:42.430-03:00,409,0,0,58,3374,2586,34089,3500,0,40000,0x07
2026-09-06T11:31:42.448-03:00,410,0,0,58,3374,2586,34089,3500,0,40000,0x07
2026-09-06T11:31:42.466-03:00,411,0,0,58,3374,2586,34089,3500,0,40000,0x07
2026-09-06T11:31:42.490-03:00,412,0,0,50,3374,2800,33180,3500,0,40000,0x07
2026-09-06T11:31:42.508-03:00,413,0,0,50,3374,2800,33180,3500,0,40000,0x07
2026-09-06T11:31:42.526-03:00,414,0,0,52,3374,2712,33556,3500,0,40000,0x07
2026-09-06T11:31:42.549-03:00,415,0,0,52,3374,2712,33556,3500,0,40000,0x07
2026-09-06T11:31:42.569-03:00,416,0,0,52,3374,2712,33556,3500,0,40000,0x07
2026-09-06T11:31:42.589-03:00,417,0,0,59,3374,2542,34275,3500,0,40000,0x07
2026-09-06T11:31:42.607-03:00,418,0,0,59,3374,2542,34275,3500,0,40000,0x07
2026-09-06T11:31:42.630-03:00,419,0,0,59,3374,2542,34275,3500,0,40000,0x07
2026-09-06T11:31:42.988-03:00,420,0,0,59,3374,2780,33267,3500,0,40000,0x07
2026-09-06T11:31:42.988-03:00,421,0,0,59,3374,2780,33267,3500,0,40000,0x07
2026-09-06T11:31:43.006-03:00,422,0,0,51,0,0,30741,0,0,31098,0x07
2026-09-06T11:31:43.029-03:00,423,0,0,51,0,0,30741,0,0,31098,0x07
2026-09-06T11:31:43.047-03:00,440,0,0,51,0,0,30741,0,0,31098,0x07
2026-09-06T11:31:43.071-03:00,441,0,0,58,3374,1431,38999,3500,0,40000,0x07
2026-09-06T11:31:43.087-03:00,442,0,0,58,3374,1431,38999,3500,0,40000,0x07
2026-09-06T11:31:43.107-03:00,443,0,0,58,3374,1431,38999,3500,0,40000,0x07
2026-09-06T11:31:43.127-03:00,444,0,0,53,3374,2509,34415,3500,0,40000,0x07
2026-09-06T11:31:43.150-03:00,445,0,0,53,3374,2509,34415,3500,0,40000,0x07
2026-09-06T11:31:43.168-03:00,446,0,0,54,3374,2889,32803,3500,0,40000,0x07
2026-09-06T11:31:43.186-03:00,447,0,0,54,3374,2889,32803,3500,0,40000,0x07
2026-09-06T11:31:43.209-03:00,448,0,0,54,3374,2889,32803,3500,0,40000,0x07
2026-09-06T11:31:43.229-03:00,449,0,0,59,3374,2729,33483,3500,0,40000,0x07
2026-09-06T11:31:43.246-03:00,450,0,0,59,3374,2729,33483,3500,0,40000,0x07
2026-09-06T11:31:43.270-03:00,451,0,0,59,3374,2729,33483,3500,0,40000,0x07
2026-09-06T11:31:43.288-03:00,452,0,0,59,3374,2576,34131,3500,0,40000,0x07
2026-09-06T11:31:43.306-03:00,453,0,0,59,3374,2576,34131,3500,0,40000,0x07
2026-09-06T11:31:43.329-03:00,454,0,0,59,3374,2576,34131,3500,0,40000,0x07
2026-09-06T11:31:43.347-03:00,455,0,0,59,3374,2729,33483,3500,0,40000,0x07
2026-09-06T11:31:43.366-03:00,456,0,0,59,3374,2729,33483,3500,0,40000,0x07
2026-09-06T11:31:43.389-03:00,457,0,0,59,3374,2729,33483,3500,0,40000,0x07
2026-09-06T11:31:43.407-03:00,458,0,0,59,3374,2712,33555,3500,0,40000,0x07
2026-09-06T11:31:43.430-03:00,459,0,0,59,3374,2712,33555,3500,0,40000,0x07
2026-09-06T11:31:43.447-03:00,460,0,0,59,3374,2712,33555,3500,0,40000,0x07
2026-09-06T11:31:43.471-03:00,461,0,0,62,3374,2742,33427,3500,0,40000,0x07
2026-09-06T11:31:43.491-03:00,462,0,0,62,3374,2742,33427,3500,0,40000,0x07
2026-09-06T11:31:43.509-03:00,463,0,0,62,3374,2742,33427,3500,0,40000,0x07
2026-09-06T11:31:43.527-03:00,464,0,0,62,3374,2758,33359,3500,0,40000,0x07
2026-09-06T11:31:43.547-03:00,465,0,0,62,3374,2758,33359,3500,0,40000,0x07
2026-09-06T11:31:43.570-03:00,466,0,0,62,3374,2758,33359,3500,0,40000,0x07
2026-09-06T11:31:43.589-03:00,467,0,0,58,3374,2690,33649,3500,0,40000,0x07
2026-09-06T11:31:43.607-03:00,468,0,0,58,3374,2690,33649,3500,0,40000,0x07
2026-09-06T11:31:43.630-03:00,469,0,0,58,3374,2690,33649,3500,0,40000,0x07
2026-09-06T11:31:43.651-03:00,470,0,0,59,3374,2797,33195,3500,0,40000,0x07
2026-09-06T11:31:43.668-03:00,471,0,0,59,3374,2797,33195,3500,0,40000,0x07
2026-09-06T11:31:43.686-03:00,472,0,0,59,3374,2797,33195,3500,0,40000,0x07
2026-09-06T11:31:43.710-03:00,473,0,0,62,3374,2629,33907,3500,0,40000,0x07
2026-09-06T11:31:43.729-03:00,474,0,0,62,3374,2629,33907,3500,0,40000,0x07
2026-09-06T11:31:43.749-03:00,475,0,0,62,3374,2629,33907,3500,0,40000,0x07
2026-09-06T11:31:43.768-03:00,476,0,0,61,3374,2754,33376,3500,0,40000,0x07
2026-09-06T11:31:43.786-03:00,477,0,0,61,3374,2754,33376,3500,0,40000,0x07
2026-09-06T11:31:43.810-03:00,478,0,0,61,3374,2754,33376,3500,0,40000,0x07
2026-09-06T11:31:43.828-03:00,479,0,0,59,3374,2746,33411,3500,0,40000,0x07
2026-09-06T11:31:43.846-03:00,480,0,0,59,3374,2746,33411,3500,0,40000,0x07
2026-09-06T11:31:43.869-03:00,481,0,0,59,3374,2746,33411,3500,0,40000,0x07
2026-09-06T11:31:43.887-03:00,482,0,0,59,3374,2610,33987,3500,0,40000,0x07
2026-09-06T11:31:43.910-03:00,483,0,0,59,3374,2610,33987,3500,0,40000,0x07
2026-09-06T11:31:43.928-03:00,484,0,0,59,3374,2610,33987,3500,0,40000,0x07
2026-09-06T11:31:43.947-03:00,485,0,0,59,3374,2746,33411,3500,0,40000,0x07
2026-09-06T11:31:43.970-03:00,486,0,0,59,3374,2746,33411,3500,0,40000,0x07
2026-09-06T11:31:43.988-03:00,487,0,0,59,3374,2746,33411,3500,0,40000,0x07
2026-09-06T11:31:44.010-03:00,488,0,0,58,3374,2776,33283,3500,0,40000,0x07
2026-09-06T11:31:44.029-03:00,489,0,0,58,3374,2776,33283,3500,0,40000,0x07
2026-09-06T11:31:44.049-03:00,490,0,0,58,3374,2776,33283,3500,0,40000,0x07
2026-09-06T11:31:44.067-03:00,491,0,0,50,3374,2580,34116,3500,0,40000,0x07
2026-09-06T11:31:44.087-03:00,492,0,0,50,3374,2580,34116,3500,0,40000,0x07
2026-09-06T11:31:44.110-03:00,493,0,0,53,3374,2792,33213,3500,0,40000,0x07
2026-09-06T11:31:44.128-03:00,494,0,0,53,3374,2792,33213,3500,0,40000,0x07
2026-09-06T11:31:44.146-03:00,495,0,0,53,3374,2792,33213,3500,0,40000,0x07
2026-09-06T11:31:44.166-03:00,496,0,0,50,3374,2740,33436,3500,0,40000,0x07
2026-09-06T11:31:44.207-03:00,497,0,0,50,3374,2740,33436,3500,0,40000,0x07
2026-09-06T11:31:44.248-03:00,498,0,0,52,3374,2635,33883,3500,0,40000,0x07
2026-09-06T11:31:44.293-03:00,499,0,0,52,3374,2635,33883,3500,0,40000,0x07
2026-09-06T11:31:44.336-03:00,500,0,0,56,3374,2857,32938,3500,0,40000,0x07
2026-09-06T11:31:44.380-03:00,501,0,0,56,0,0,0,0,0,0,0x03
