timestamp,sequence,team,robot_id,interval_ms,left_target_eps,left_measured_eps,left_duty,right_target_eps,right_measured_eps,right_duty,flags
2026-09-06T16:51:48.917,310,0,0,54,490,0,10121,-93,0,3954,0x07
2026-09-06T16:51:48.917,313,0,2,51,1266,0,17367,436,0,7430,0x07
2026-09-06T16:51:48.985,312,0,0,50,490,0,10121,-93,0,3954,0x07
2026-09-06T16:51:48.985,315,0,2,52,1288,0,17623,414,0,7150,0x07
2026-09-06T16:51:49.050,314,0,0,51,491,0,10128,-92,0,3940,0x07
2026-09-06T16:51:49.050,317,0,2,51,0,0,0,0,0,0,0x03
2026-09-06T16:51:49.115,316,0,0,52,0,0,0,0,0,0,0x03
2026-09-06T16:51:49.115,1,0,2,51,0,0,0,0,0,0,0x03
2026-09-06T16:51:49.179,0,0,0,51,0,0,0,0,0,0,0x03
2026-09-06T16:51:49.179,3,0,2,52,0,0,0,0,0,0,0x03
2026-09-06T16:51:49.244,2,0,0,51,0,0,0,0,0,0,0x03
2026-09-06T16:51:49.244,5,0,2,50,0,0,0,0,0,0,0x03
2026-09-06T16:51:49.326,4,0,0,51,0,0,0,0,0,0,0x03
2026-09-06T16:51:49.326,7,0,2,51,0,0,0,0,0,0,0x03
2026-09-06T16:51:49.390,6,0,0,51,0,0,0,0,0,0,0x03
2026-09-06T16:51:49.390,9,0,2,51,0,0,0,0,0,0,0x03
2026-09-06T16:51:49.455,8,0,0,50,0,0,0,0,0,0,0x03
2026-09-06T16:51:49.455,11,0,2,51,0,0,0,0,0,0,0x03
2026-09-06T16:51:49.520,10,0,0,51,0,0,0,0,0,0,0x03
2026-09-06T16:51:49.520,13,0,2,50,0,0,0,0,0,0,0x03
2026-09-06T16:51:49.585,12,0,0,51,0,0,0,0,0,0,0x03
2026-09-06T16:51:49.585,15,0,2,51,0,0,0,0,0,0,0x03
2026-09-06T16:51:49.650,14,0,0,51,0,0,0,0,0,0,0x03
2026-09-06T16:51:49.650,17,0,2,51,0,0,0,0,0,0,0x03
2026-09-06T16:51:49.715,16,0,0,51,0,0,0,0,0,0,0x03
2026-09-06T16:51:49.715,19,0,2,51,0,0,0,0,0,0,0x03
2026-09-06T16:51:49.780,18,0,0,50,0,0,0,0,0,0,0x03
2026-09-06T16:51:49.780,21,0,2,51,0,0,0,0,0,0,0x03
2026-09-06T16:51:49.861,20,0,0,51,0,0,0,0,0,0,0x03
2026-09-06T16:51:49.861,23,0,2,50,0,0,0,0,0,0,0x03
2026-09-06T16:51:49.925,22,0,0,51,0,0,0,0,0,0,0x03
2026-09-06T16:51:49.926,25,0,2,50,0,0,0,0,0,0,0x03
2026-09-06T16:51:49.991,24,0,0,56,0,0,0,0,0,0,0x03
2026-09-06T16:51:49.991,27,0,2,50,0,0,0,0,0,0,0x03
2026-09-06T16:51:50.056,26,0,0,50,0,0,0,0,0,0,0x03
2026-09-06T16:51:50.056,29,0,2,50,0,0,0,0,0,0,0x03
2026-09-06T16:51:50.121,28,0,0,51,0,0,0,0,0,0,0x03
2026-09-06T16:51:50.121,31,0,2,50,0,0,0,0,0,0,0x03
2026-09-06T16:51:50.186,30,0,0,52,0,0,0,0,0,0,0x03
2026-09-06T16:51:50.186,33,0,2,50,0,0,0,0,0,0,0x03
2026-09-06T16:51:50.251,32,0,0,51,0,0,0,0,0,0,0x03
2026-09-06T16:51:50.251,35,0,2,50,0,0,0,0,0,0,0x03
2026-09-06T16:51:50.316,34,0,0,51,0,0,0,0,0,0,0x03
2026-09-06T16:51:50.316,37,0,2,50,0,0,0,0,0,0,0x03
2026-09-06T16:51:50.397,36,0,0,52,0,0,0,0,0,0,0x03
2026-09-06T16:51:50.397,39,0,2,50,0,0,0,0,0,0,0x03
2026-09-06T16:51:50.462,38,0,0,51,0,0,0,0,0,0,0x03
2026-09-06T16:51:50.462,41,0,2,51,0,0,0,0,0,0,0x03
2026-09-06T16:51:50.527,40,0,0,52,0,0,0,0,0,0,0x03
2026-09-06T16:51:50.527,43,0,2,52,0,0,0,0,0,0,0x03
2026-09-06T16:51:50.592,42,0,0,53,0,0,0,0,0,0,0x03
2026-09-06T16:51:50.592,45,0,2,50,0,0,0,0,0,0,0x03
2026-09-06T16:51:50.657,44,0,0,51,0,0,0,0,0,0,0x03
2026-09-06T16:51:50.657,47,0,2,50,0,0,0,0,0,0,0x03
2026-09-06T16:51:50.722,46,0,0,50,0,0,0,0,0,0,0x03
2026-09-06T16:51:50.722,49,0,2,51,0,0,0,0,0,0,0x03
2026-09-06T16:51:50.787,48,0,0,51,0,0,0,0,0,0,0x03
2026-09-06T16:51:50.787,51,0,2,50,0,0,0,0,0,0,0x03
2026-09-06T16:51:50.852,50,0,0,51,0,0,0,0,0,0,0x03
2026-09-06T16:51:50.852,53,0,2,52,0,0,0,0,0,0,0x03
2026-09-06T16:51:50.917,52,0,0,50,0,0,0,0,0,0,0x03
2026-09-06T16:51:50.917,55,0,2,51,0,0,0,0,0,0,0x03
2026-09-06T16:51:50.998,54,0,0,51,0,0,0,0,0,0,0x03
2026-09-06T16:51:50.998,57,0,2,51,0,0,0,0,0,0,0x03
2026-09-06T16:51:51.063,56,0,0,51,0,0,0,0,0,0,0x03
2026-09-06T16:51:51.063,59,0,2,51,0,0,0,0,0,0,0x03
2026-09-06T16:51:51.128,58,0,0,50,0,0,0,0,0,0,0x03
2026-09-06T16:51:51.128,61,0,2,51,0,0,0,0,0,0,0x03
2026-09-06T16:51:51.193,60,0,0,51,0,0,0,0,0,0,0x03
2026-09-06T16:51:51.193,63,0,2,50,0,0,0,0,0,0,0x03
2026-09-06T16:51:51.258,62,0,0,50,0,0,0,0,0,0,0x03
2026-09-06T16:51:51.258,65,0,2,51,0,0,0,0,0,0,0x03
2026-09-06T16:51:51.323,64,0,0,50,0,0,0,0,0,0,0x03
2026-09-06T16:51:51.323,67,0,2,50,0,0,0,0,0,0,0x03
2026-09-06T16:51:51.388,66,0,0,50,0,0,0,0,0,0,0x03
2026-09-06T16:51:51.388,69,0,2,51,0,0,0,0,0,0,0x03
2026-09-06T16:51:51.453,68,0,0,55,0,0,0,0,0,0,0x03
2026-09-06T16:51:51.453,71,0,2,50,0,0,0,0,0,0,0x03
2026-09-06T16:51:51.534,70,0,0,51,0,0,0,0,0,0,0x03
2026-09-06T16:51:51.534,73,0,2,51,0,0,0,0,0,0,0x03
2026-09-06T16:51:51.600,72,0,0,51,0,0,0,0,0,0,0x03
2026-09-06T16:51:51.600,75,0,2,50,0,0,0,0,0,0,0x03
2026-09-06T16:51:51.665,74,0,0,51,0,0,0,0,0,0,0x03
2026-09-06T16:51:51.665,77,0,2,52,0,0,0,0,0,0,0x03
2026-09-06T16:51:51.730,76,0,0,50,0,0,0,0,0,0,0x03
2026-09-06T16:51:51.730,79,0,2,51,0,0,0,0,0,0,0x03
2026-09-06T16:51:51.795,78,0,0,52,0,0,0,0,0,0,0x03
2026-09-06T16:51:51.795,81,0,2,51,0,0,0,0,0,0,0x03
2026-09-06T16:51:51.861,80,0,0,50,0,0,0,0,0,0,0x03
2026-09-06T16:51:51.861,83,0,2,50,0,0,0,0,0,0,0x03
2026-09-06T16:51:51.925,82,0,0,52,0,0,0,0,0,0,0x03
2026-09-06T16:51:51.925,85,0,2,50,0,0,0,0,0,0,0x03
2026-09-06T16:51:51.990,84,0,0,51,0,0,0,0,0,0,0x03
2026-09-06T16:51:51.990,87,0,2,51,0,0,0,0,0,0,0x03
2026-09-06T16:51:52.055,86,0,0,51,0,0,0,0,0,0,0x03
2026-09-06T16:51:52.055,89,0,2,53,0,0,0,0,0,0,0x03
2026-09-06T16:51:52.136,88,0,0,51,0,0,0,0,0,0,0x03
2026-09-06T16:51:52.136,91,0,2,51,0,0,0,0,0,0,0x03
2026-09-06T16:51:52.202,90,0,0,50,0,0,0,0,0,0,0x03
2026-09-06T16:51:52.202,93,0,2,52,0,0,0,0,0,0,0x03
2026-09-06T16:51:52.267,92,0,0,51,0,0,0,0,0,0,0x03
2026-09-06T16:51:52.267,95,0,2,51,0,0,0,0,0,0,0x03
2026-09-06T16:51:52.332,94,0,0,50,0,0,0,0,0,0,0x03
2026-09-06T16:51:52.332,97,0,2,50,0,0,0,0,0,0,0x03
2026-09-06T16:51:52.397,96,0,0,50,0,0,0,0,0,0,0x03
2026-09-06T16:51:52.397,99,0,2,50,0,0,0,0,0,0,0x03
2026-09-06T16:51:52.462,98,0,0,51,0,0,0,0,0,0,0x03
2026-09-06T16:51:52.462,101,0,2,52,0,0,0,0,0,0,0x03
2026-09-06T16:51:52.527,100,0,0,53,0,0,0,0,0,0,0x03
2026-09-06T16:51:52.527,103,0,2,50,0,0,0,0,0,0,0x03
2026-09-06T16:51:52.592,102,0,0,50,0,0,0,0,0,0,0x03
2026-09-06T16:51:52.592,105,0,2,50,0,0,0,0,0,0,0x03
2026-09-06T16:51:52.673,104,0,0,51,0,0,0,0,0,0,0x03
2026-09-06T16:51:52.674,107,0,2,52,0,0,0,0,0,0,0x03
2026-09-06T16:51:52.739,106,0,0,50,0,0,0,0,0,0,0x03
2026-09-06T16:51:52.739,109,0,2,51,0,0,0,0,0,0,0x03
2026-09-06T16:51:52.804,108,0,0,51,0,0,0,0,0,0,0x03
2026-09-06T16:51:52.804,111,0,2,51,0,0,0,0,0,0,0x03
2026-09-06T16:51:52.869,110,0,0,51,0,0,0,0,0,0,0x03
2026-09-06T16:51:52.869,113,0,2,51,0,0,0,0,0,0,0x03
2026-09-06T16:51:52.933,112,0,0,52,0,0,0,0,0,0,0x03
2026-09-06T16:51:52.933,115,0,2,52,0,0,0,0,0,0,0x03
2026-09-06T16:51:52.999,114,0,0,52,0,0,0,0,0,0,0x03
2026-09-06T16:51:52.999,117,0,2,52,0,0,0,0,0,0,0x03
2026-09-06T16:51:53.064,116,0,0,51,0,0,0,0,0,0,0x03
2026-09-06T16:51:53.064,119,0,2,51,0,0,0,0,0,0,0x03
2026-09-06T16:51:53.130,118,0,0,51,0,0,0,0,0,0,0x03
2026-09-06T16:51:53.130,121,0,2,55,0,0,0,0,0,0,0x03
2026-09-06T16:51:53.211,120,0,0,55,0,0,0,0,0,0,0x03
2026-09-06T16:51:53.211,123,0,2,52,0,0,0,0,0,0,0x03
2026-09-06T16:51:53.260,122,0,0,51,0,0,0,0,0,0,0x03
2026-09-06T16:51:53.260,125,0,2,51,0,0,0,0,0,0,0x03
2026-09-06T16:51:53.341,124,0,0,50,0,0,0,0,0,0,0x03
2026-09-06T16:51:53.341,127,0,2,50,0,0,0,0,0,0,0x03
2026-09-06T16:51:53.407,126,0,0,51,0,0,0,0,0,0,0x03
2026-09-06T16:51:53.407,129,0,2,51,0,0,0,0,0,0,0x03
2026-09-06T16:51:53.472,128,0,0,51,0,0,0,0,0,0,0x03
2026-09-06T16:51:53.472,131,0,2,50,0,0,0,0,0,0,0x03
2026-09-06T16:51:53.537,130,0,0,50,0,0,0,0,0,0,0x03
2026-09-06T16:51:53.537,133,0,2,51,0,0,0,0,0,0,0x03
2026-09-06T16:51:53.601,132,0,0,54,0,0,0,0,0,0,0x03
2026-09-06T16:51:53.601,135,0,2,51,0,0,0,0,0,0,0x03
2026-09-06T16:51:53.667,134,0,0,51,0,0,0,0,0,0,0x03
2026-09-06T16:51:53.667,137,0,2,52,0,0,0,0,0,0,0x03
2026-09-06T16:51:53.747,136,0,0,52,0,0,0,0,0,0,0x03
2026-09-06T16:51:53.747,139,0,2,51,0,0,0,0,0,0,0x03
2026-09-06T16:51:53.811,138,0,0,50,0,0,0,0,0,0,0x03
2026-09-06T16:51:53.811,141,0,2,50,0,0,0,0,0,0,0x03
2026-09-06T16:51:53.877,140,0,0,50,0,0,0,0,0,0,0x03
2026-09-06T16:51:53.877,143,0,2,50,0,0,0,0,0,0,0x03
2026-09-06T16:51:53.941,142,0,0,50,0,0,0,0,0,0,0x03
2026-09-06T16:51:53.941,145,0,2,51,3370,0,40000,3500,0,40000,0x07
2026-09-06T16:51:54.006,144,0,0,53,-6,0,3860,1332,0,19345,0x07
2026-09-06T16:51:54.006,147,0,2,51,3370,1157,37473,3500,1863,37722,0x07
2026-09-06T16:51:54.071,146,0,0,50,0,0,7312,1332,0,19345,0x07
2026-09-06T16:51:54.071,149,0,2,51,3356,902,38388,3500,2863,33472,0x07
2026-09-06T16:51:54.136,148,0,0,51,407,176,8291,904,0,14027,0x07
2026-09-06T16:51:54.136,151,0,2,51,3353,1373,36352,3500,2588,34639,0x07
2026-09-06T16:51:54.201,150,0,0,50,407,300,7772,904,0,14032,0x07
2026-09-06T16:51:54.201,153,0,2,55,3278,2036,32640,3500,2327,35748,0x07
2026-09-06T16:51:54.267,152,0,0,54,408,0,9051,905,0,14036,0x07
2026-09-06T16:51:54.267,155,0,2,51,3278,2392,31128,3500,2745,33972,0x07
2026-09-06T16:51:54.332,154,0,0,50,408,0,9051,905,0,14036,0x07
2026-09-06T16:51:54.332,157,0,2,50,3066,2520,28065,3474,2300,35541,0x07
2026-09-06T16:51:54.413,156,0,0,52,473,0,9893,933,0,14390,0x07
2026-09-06T16:51:54.413,159,0,2,50,2654,2480,23330,3207,2560,31101,0x07
2026-09-06T16:51:54.478,158,0,0,51,439,0,9452,936,0,14428,0x07
2026-09-06T16:51:54.478,161,0,2,50,1778,2280,13759,2544,2720,22153,0x07
2026-09-06T16:51:54.543,160,0,0,52,425,0,9282,924,0,14280,0x07
2026-09-06T16:51:54.543,163,0,2,51,547,1784,1233,1478,2529,9666,0x07
2026-09-06T16:51:54.608,162,0,0,50,416,0,9160,916,0,14171,0x07
2026-09-06T16:51:54.608,165,0,2,54,204,926,796,1539,1519,14723,0x07
2026-09-06T16:51:54.673,164,0,0,52,407,0,9037,906,0,14051,0x07
2026-09-06T16:51:54.673,167,0,2,50,204,680,1841,1539,1620,14292,0x07
2026-09-06T16:51:54.738,166,0,0,51,407,0,9037,906,0,14051,0x07
2026-09-06T16:51:54.738,169,0,2,51,0,0,3357,935,1725,6313,0x07
2026-09-06T16:51:54.803,168,0,0,52,405,0,9016,0,0,4879,0x07
2026-09-06T16:51:54.803,171,0,2,50,0,0,3480,1892,1240,20319,0x07
2026-09-06T16:51:54.868,170,0,0,50,2170,0,31851,0,0,8526,0x07
2026-09-06T16:51:54.949,172,0,0,56,1277,232,19318,744,0,12037,0x07
2026-09-06T16:51:54.949,175,0,2,50,323,300,4876,1415,1320,14020,0x07
2026-09-06T16:51:55.015,174,0,0,51,0,0,7287,744,0,12037,0x07
2026-09-06T16:51:55.015,175,0,2,51,364,353,5136,1372,1216,13936,0x07
2026-09-06T16:51:55.080,174,0,0,51,-404,-235,8003,1902,0,26425,0x07
2026-09-06T16:51:55.080,179,0,2,52,364,77,6309,1372,1000,14852,0x07
2026-09-06T16:51:55.145,174,0,0,51,-404,-78,8670,1902,0,26425,0x07
2026-09-06T16:51:55.145,181,0,2,52,479,154,7347,1253,1058,13124,0x07
2026-09-06T16:51:55.210,180,0,0,50,0,0,27035,0,0,9041,0x07
2026-09-06T16:51:55.210,183,0,2,50,515,220,7500,1216,1020,12812,0x07
2026-09-06T16:51:55.276,182,0,0,51,2677,431,36579,764,0,12288,0x07
2026-09-06T16:51:55.276,185,0,2,54,580,315,7867,1148,1074,11744,0x07
2026-09-06T16:51:55.341,184,0,0,52,2286,538,31064,1965,0,27212,0x07
2026-09-06T16:51:55.341,187,0,2,51,580,549,6872,1148,1392,10392,0x07
2026-09-06T16:51:55.406,186,0,0,51,2286,706,30352,1965,0,27212,0x07
2026-09-06T16:51:55.406,189,0,2,51,2545,608,29991,2420,1098,27502,0x07
2026-09-06T16:51:55.488,188,0,0,50,2301,940,29554,1971,0,27281,0x07
2026-09-06T16:51:55.488,191,0,2,51,3245,2020,32314,3195,1627,34921,0x07
2026-09-06T16:51:55.552,190,0,0,50,2464,1060,31148,2245,0,30681,0x07
2026-09-06T16:51:55.552,193,0,2,56,3374,2018,33858,3161,2000,32914,0x07
2026-09-06T16:51:55.618,192,0,0,50,2764,1320,33932,2700,0,36335,0x07
2026-09-06T16:51:55.618,195,0,2,50,3374,2280,32744,3161,2280,31724,0x07
2026-09-06T16:51:55.683,194,0,0,50,3116,1400,38141,3291,80,40000,0x07
2026-09-06T16:51:55.683,197,0,2,51,3202,2647,29134,3144,2569,30278,0x07
2026-09-06T16:51:55.748,199,0,2,50,3202,2480,29844,3144,2660,29890,0x07
2026-09-06T16:51:55.813,196,0,0,50,3223,1620,38594,3500,0,40000,0x07
2026-09-06T16:51:55.813,199,0,2,51,3230,2059,31967,3220,2392,31981,0x07
2026-09-06T16:51:55.879,198,0,0,51,2802,1647,33027,3459,0,40000,0x07
2026-09-06T16:51:55.879,199,0,2,50,3230,2060,31962,3220,2660,30843,0x07
2026-09-06T16:51:55.944,198,0,0,51,1695,1392,19797,2573,0,34764,0x07
2026-09-06T16:51:55.944,205,0,2,55,0,0,0,0,0,0,0x03
2026-09-06T16:51:56.009,204,0,0,51,0,0,4795,0,0,16107,0x07
2026-09-06T16:51:56.009,207,0,2,50,0,0,21467,0,0,28321,0x07
2026-09-06T16:51:56.074,206,0,0,50,117,560,2913,1629,0,23028,0x07
2026-09-06T16:51:56.074,209,0,2,51,0,0,0,0,0,0,0x03
2026-09-06T16:51:56.140,208,0,0,51,7,667,1036,0,0,20582,0x07
2026-09-06T16:51:56.140,211,0,2,50,0,0,0,0,0,0,0x03
2026-09-06T16:51:56.221,210,0,0,57,1200,1386,13419,505,0,9071,0x07
2026-09-06T16:51:56.221,213,0,2,50,0,0,0,0,0,0,0x03
2026-09-06T16:51:56.286,212,0,0,51,1200,353,17809,505,0,9071,0x07
2026-09-06T16:51:56.286,215,0,2,50,0,0,23172,0,0,27262,0x07
2026-09-06T16:51:56.350,214,0,0,51,1136,490,16392,572,0,9897,0x07
2026-09-06T16:51:56.350,217,0,2,52,2730,654,31995,0,0,10254,0x07
2026-09-06T16:51:56.416,216,0,0,50,1144,460,16630,563,0,9788,0x07
2026-09-06T16:51:56.416,219,0,2,51,2656,863,30232,0,0,2078,0x07
2026-09-06T16:51:56.481,218,0,0,51,1099,471,15991,610,0,10380,0x07
2026-09-06T16:51:56.481,221,0,2,51,0,0,19569,11,59,1876,0x07
2026-09-06T16:51:56.547,220,0,0,52,1168,519,16684,842,0,13262,0x07
2026-09-06T16:51:56.547,223,0,2,51,0,0,3852,3500,0,40000,0x07
2026-09-06T16:51:56.612,222,0,0,50,1828,540,25139,1593,0,22586,0x07
2026-09-06T16:51:56.612,225,0,2,50,202,220,3776,1540,720,18138,0x07
2026-09-06T16:51:56.678,224,0,0,50,2339,780,30723,2194,0,30060,0x07
2026-09-06T16:51:56.678,227,0,2,52,184,212,3591,1560,212,20543,0x07
2026-09-06T16:51:56.759,226,0,0,50,2816,960,36126,2843,0,38121,0x07
2026-09-06T16:51:56.759,229,0,2,51,3374,78,40000,1953,216,25432,0x07
2026-09-06T16:51:56.825,228,0,0,50,3121,1160,39226,3228,0,40000,0x07
2026-09-06T16:51:56.825,231,0,2,54,2941,1000,33036,3210,1944,33751,0x07
2026-09-06T16:51:56.890,230,0,0,50,3273,1480,39831,3500,0,40000,0x07
2026-09-06T16:51:56.890,233,0,2,50,2941,1460,31081,3210,2340,32070,0x07
2026-09-06T16:51:56.955,232,0,0,51,3196,1608,38288,3500,0,40000,0x07
2026-09-06T16:51:56.955,235,0,2,51,2973,1725,30334,3263,2078,33855,0x07
2026-09-06T16:51:57.020,234,0,0,55,1733,1655,19166,2548,0,34448,0x07
2026-09-06T16:51:57.020,237,0,2,50,2880,1340,30869,3241,2820,30424,0x07
2026-09-06T16:51:57.086,236,0,0,51,1733,1490,19864,2548,0,34448,0x07
2026-09-06T16:51:57.086,239,0,2,50,2412,1580,24275,2979,2280,29450,0x07
2026-09-06T16:51:57.151,238,0,0,51,405,1569,2345,1372,0,19842,0x07
2026-09-06T16:51:57.151,241,0,2,50,1838,1680,17028,2502,1600,26399,0x07
2026-09-06T16:51:57.217,240,0,0,50,253,760,3817,1488,0,21281,0x07
2026-09-06T16:51:57.217,243,0,2,50,444,1340,1897,1289,1900,9988,0x07
2026-09-06T16:51:57.282,242,0,0,50,138,640,2847,1606,0,22755,0x07
2026-09-06T16:51:57.282,245,0,2,50,444,700,4617,1289,1580,11348,0x07
2026-09-06T16:51:57.347,244,0,0,50,52,400,2745,0,0,21365,0x07
2026-09-06T16:51:57.348,247,0,2,51,450,980,3489,1283,1412,11994,0x07
2026-09-06T16:51:57.413,246,0,0,52,3374,231,40000,0,0,6083,0x07
2026-09-06T16:51:57.413,249,0,2,51,434,902,3630,1300,1471,11953,0x07
2026-09-06T16:51:57.494,248,0,0,50,1280,540,18040,422,0,8044,0x07
2026-09-06T16:51:57.494,251,0,2,50,435,600,4925,1299,1260,12836,0x07
2026-09-06T16:51:57.559,250,0,0,51,1280,431,18502,422,0,8044,0x07
2026-09-06T16:51:57.559,253,0,2,52,462,538,5512,1271,1231,12606,0x07
2026-09-06T16:51:57.623,252,0,0,50,1278,420,18528,424,0,8066,0x07
2026-09-06T16:51:57.623,255,0,2,53,539,434,6871,1191,1094,12191,0x07
2026-09-06T16:51:57.689,254,0,0,52,1219,462,17583,486,0,8832,0x07
2026-09-06T16:51:57.689,257,0,2,50,539,460,6760,1191,1060,12337,0x07
2026-09-06T16:51:57.754,256,0,0,51,1210,510,17261,495,0,8950,0x07
2026-09-06T16:51:57.754,259,0,2,51,566,588,6545,1162,1039,12067,0x07
2026-09-06T16:51:57.819,258,0,0,50,1139,580,16046,569,0,9862,0x07
2026-09-06T16:51:57.819,261,0,2,53,1560,283,19659,1939,962,22077,0x07
2026-09-06T16:51:57.884,260,0,0,52,0,0,0,0,0,0,0x03
2026-09-06T16:51:57.885,263,0,2,55,2244,600,26450,2514,1073,28779,0x07
2026-09-06T16:51:57.950,262,0,0,51,0,0,16391,0,0,12623,0x07
2026-09-06T16:51:57.950,265,0,2,51,2244,961,24916,2514,1294,27838,0x07
2026-09-06T16:51:58.015,264,0,0,51,1452,471,20561,1202,0,17733,0x07
2026-09-06T16:51:58.015,267,0,2,51,2653,1294,28363,2901,1431,32082,0x07
2026-09-06T16:51:58.095,266,0,0,52,2250,673,30025,2179,0,29865,0x07
2026-09-06T16:51:58.095,269,0,2,50,2986,1580,31109,3172,1640,34579,0x07
2026-09-06T16:51:58.160,268,0,0,50,2826,860,36691,2891,0,38714,0x07
2026-09-06T16:51:58.160,271,0,2,57,3213,2053,31792,3406,2281,34773,0x07
2026-09-06T16:51:58.226,270,0,0,50,3135,1060,39835,3247,0,40000,0x07
2026-09-06T16:51:58.226,273,0,2,51,3213,2510,29849,3406,2412,34216,0x07
2026-09-06T16:51:58.291,272,0,0,52,3263,1423,39947,3500,0,40000,0x07
2026-09-06T16:51:58.291,275,0,2,57,3068,2684,27387,3400,2737,32756,0x07
2026-09-06T16:51:58.356,274,0,0,50,3263,1640,39025,3500,0,40000,0x07
2026-09-06T16:51:58.356,277,0,2,55,2984,2727,26201,3334,2927,31129,0x07
2026-09-06T16:51:58.421,276,0,0,52,3065,1712,36158,3500,0,40000,0x07
2026-09-06T16:51:58.421,279,0,2,50,2984,2980,25126,3334,3000,30820,0x07
2026-09-06T16:51:58.487,281,0,2,50,2616,2900,21092,3131,2960,28463,0x07
2026-09-06T16:51:58.552,280,0,0,55,312,1218,2638,1426,0,20516,0x07
2026-09-06T16:51:58.552,281,0,2,50,2124,2100,18646,2740,2380,26043,0x07
2026-09-06T16:51:58.634,282,0,0,51,312,863,4149,1426,216,19599,0x07
2026-09-06T16:51:58.634,281,0,2,50,2124,160,26891,2740,1820,28423,0x07
2026-09-06T16:51:58.698,282,0,0,51,177,784,2736,1566,1157,17338,0x07
2026-09-06T16:51:58.698,287,0,2,51,0,0,3883,0,0,14617,0x07
2026-09-06T16:51:58.764,286,0,0,50,0,0,4226,1566,20,22170,0x07
2026-09-06T16:51:58.764,289,0,2,52,227,0,5004,1515,365,19326,0x07
2026-09-06T16:51:58.828,288,0,0,50,0,0,33092,0,0,20711,0x07
2026-09-06T16:51:58.829,291,0,2,50,227,0,5004,1515,460,18924,0x07
2026-09-06T16:51:58.893,290,0,0,50,3374,440,40000,0,0,6410,0x07
2026-09-06T16:51:58.893,293,0,2,50,273,0,5550,1468,620,17654,0x07
2026-09-06T16:51:58.958,292,0,0,54,1256,352,18539,447,0,8345,0x07
2026-09-06T16:51:58.958,295,0,2,51,309,0,5982,1429,1039,15397,0x07
2026-09-06T16:51:59.023,294,0,0,51,1256,412,18284,447,20,8262,0x07
2026-09-06T16:51:59.023,297,0,2,50,375,0,6761,1362,1260,13612,0x07
2026-09-06T16:51:59.088,296,0,0,52,1269,442,18321,433,0,8180,0x07
2026-09-06T16:51:59.089,299,0,2,52,408,0,7154,1327,288,17314,0x07
2026-09-06T16:51:59.153,298,0,0,51,1247,471,17916,456,0,8462,0x07
2026-09-06T16:51:59.153,301,0,2,52,392,0,6970,1343,385,17105,0x07
2026-09-06T16:51:59.235,300,0,0,54,1169,519,16700,537,0,9471,0x07
2026-09-06T16:51:59.235,303,0,2,52,415,0,7238,1320,1154,13544,0x07
2026-09-06T16:51:59.300,302,0,0,50,1169,540,16609,537,0,9471,0x07
2026-09-06T16:51:59.300,305,0,2,50,415,0,7238,1320,1240,13177,0x07
2026-09-06T16:51:59.365,304,0,0,52,1100,519,15805,609,0,10358,0x07
2026-09-06T16:51:59.365,307,0,2,51,415,0,7246,1319,1059,13939,0x07
2026-09-06T16:51:59.430,306,0,0,50,1121,600,15729,729,0,11849,0x07
2026-09-06T16:51:59.430,309,0,2,56,388,0,6918,1348,36,18650,0x07
2026-09-06T16:51:59.495,308,0,0,52,1826,538,25110,1614,0,22847,0x07
2026-09-06T16:51:59.495,311,0,2,51,388,0,6918,1348,0,18802,0x07
2026-09-06T16:51:59.561,310,0,0,51,2344,608,31520,2200,0,30126,0x07
2026-09-06T16:51:59.561,313,0,2,51,406,0,7131,1329,0,18567,0x07
2026-09-06T16:51:59.626,312,0,0,52,1321,1000,16622,2640,308,34284,0x07
2026-09-06T16:51:59.626,315,0,2,51,382,0,6846,1354,0,18875,0x07
2026-09-06T16:51:59.756,314,0,0,51,1321,941,16872,2640,745,32425,0x07
2026-09-06T16:51:59.756,317,0,2,51,402,0,7090,1333,0,18609,0x07
2026-09-06T16:51:59.838,316,0,0,51,1547,980,19622,2114,961,24977,0x07
2026-09-06T16:51:59.838,319,0,2,51,404,0,7110,1331,0,18588,0x07
2026-09-06T16:51:59.902,318,0,0,55,319,927,3961,1251,818,14860,0x07
2026-09-06T16:51:59.902,323,0,2,50,401,0,7078,1334,0,18622,0x07
2026-09-06T16:51:59.967,320,0,0,52,319,404,6186,1251,865,14659,0x07
2026-09-06T16:51:59.967,325,0,2,52,399,0,7054,1336,0,18648,0x07
2026-09-06T16:52:00.032,324,0,0,51,0,0,4384,1351,784,16247,0x07
2026-09-06T16:52:00.032,327,0,2,50,375,0,6770,1361,0,18958,0x07
2026-09-06T16:52:00.098,326,0,0,51,0,0,33092,0,0,20997,0x07
2026-09-06T16:52:00.098,329,0,2,54,375,0,6761,1362,0,18967,0x07
2026-09-06T16:52:00.163,328,0,0,50,3374,600,40000,0,0,6536,0x07
2026-09-06T16:52:00.163,331,0,2,50,375,0,6761,1362,0,18967,0x07
2026-09-06T16:52:00.229,330,0,0,51,1207,980,15221,457,137,7897,0x07
2026-09-06T16:52:00.229,333,0,2,50,365,0,6653,1371,0,19085,0x07
2026-09-06T16:52:00.294,332,0,0,51,1130,588,15902,547,529,7347,0x07
2026-09-06T16:52:00.294,335,0,2,50,348,0,6444,1389,0,19312,0x07
2026-09-06T16:52:00.360,334,0,0,50,1130,620,15767,547,320,8237,0x07
2026-09-06T16:52:00.360,337,0,2,52,339,0,6340,1398,0,19426,0x07
2026-09-06T16:52:00.441,336,0,0,50,1053,540,15102,632,180,9880,0x07
2026-09-06T16:52:00.441,339,0,2,51,316,0,6063,1422,0,19727,0x07
2026-09-06T16:52:00.506,338,0,0,51,2144,510,29348,2082,196,27831,0x07
2026-09-06T16:52:00.506,341,0,2,50,279,0,5629,1460,0,20198,0x07
2026-09-06T16:52:00.571,340,0,0,52,2144,692,28572,2082,365,27111,0x07
2026-09-06T16:52:00.571,343,0,2,50,309,0,5982,1429,0,19814,0x07
2026-09-06T16:52:00.636,342,0,0,51,2731,784,35781,2779,569,34901,0x07
2026-09-06T16:52:00.636,345,0,2,50,0,0,15201,1487,0,20530,0x07
2026-09-06T16:52:00.701,344,0,0,50,3159,1200,39555,3380,1140,39943,0x07
2026-09-06T16:52:00.701,347,0,2,51,0,0,4055,1750,0,23814,0x07
2026-09-06T16:52:00.767,346,0,0,51,3230,1353,39821,3500,1373,40000,0x07
2026-09-06T16:52:00.767,349,0,2,52,229,269,3883,1513,154,20199,0x07
2026-09-06T16:52:00.831,348,0,0,51,3351,1549,40000,3500,1569,39612,0x07
2026-09-06T16:52:00.831,351,0,2,52,236,250,4050,1505,269,19618,0x07
2026-09-06T16:52:00.896,350,0,0,50,1893,1640,21302,2951,1680,32317,0x07
2026-09-06T16:52:00.896,353,0,2,50,218,220,3960,1524,320,19637,0x07
2026-09-06T16:52:00.961,352,0,0,50,0,0,6193,1679,1480,17369,0x07
2026-09-06T16:52:00.961,355,0,2,51,230,196,4206,1512,118,20341,0x07
2026-09-06T16:52:01.043,354,0,0,51,0,0,32388,0,0,16414,0x07
2026-09-06T16:52:01.043,357,0,2,51,219,0,4915,1522,176,20226,0x07
2026-09-06T16:52:01.108,356,0,0,50,3293,840,40000,0,0,31404,0x07
2026-09-06T16:52:01.108,359,0,2,52,209,0,4787,1534,365,19562,0x07
2026-09-06T16:52:01.172,358,0,0,51,1814,843,23666,3199,1333,36878,0x07
2026-09-06T16:52:01.172,361,0,2,54,203,0,4722,1539,963,17092,0x07
2026-09-06T16:52:01.238,360,0,0,51,1814,980,23083,3199,1451,36378,0x07
2026-09-06T16:52:01.238,363,0,2,50,203,0,4722,1539,1560,14555,0x07
2026-09-06T16:52:01.302,362,0,0,51,120,1157,419,1625,1451,16819,0x07
2026-09-06T16:52:01.302,365,0,2,51,169,0,4317,1575,1176,16626,0x07
2026-09-06T16:52:01.368,364,0,0,51,0,0,5293,1722,1471,17936,0x07
2026-09-06T16:52:01.368,367,0,2,50,179,0,4437,1564,1040,17075,0x07
2026-09-06T16:52:01.433,366,0,0,52,0,0,33092,0,0,18393,0x07
2026-09-06T16:52:01.433,369,0,2,50,149,0,4084,1595,1600,15079,0x07
2026-09-06T16:52:01.498,368,0,0,50,3374,680,40000,0,0,9688,0x07
2026-09-06T16:52:01.498,371,0,2,50,162,0,4237,1582,1400,15768,0x07
2026-09-06T16:52:01.579,370,0,0,51,2079,392,29005,2261,784,27549,0x07
2026-09-06T16:52:01.579,373,0,2,52,168,0,4305,1576,577,19188,0x07
2026-09-06T16:52:01.644,372,0,0,51,2079,569,28255,2261,294,29633,0x07
2026-09-06T16:52:01.644,375,0,2,53,154,0,4132,1591,38,21665,0x07
2026-09-06T16:52:01.709,374,0,0,51,2995,608,39949,3311,0,40000,0x07
2026-09-06T16:52:01.709,377,0,2,51,154,0,4132,1591,59,21576,0x07
2026-09-06T16:52:01.775,376,0,0,50,3223,1080,40000,3500,0,40000,0x07
2026-09-06T16:52:01.775,379,0,2,52,0,0,15201,1590,365,20269,0x07
2026-09-06T16:52:01.840,378,0,0,52,3044,1173,38180,3500,19,40000,0x07
2026-09-06T16:52:01.841,381,0,2,54,-1687,-1407,16389,1750,519,21610,0x07
2026-09-06T16:52:01.905,380,0,0,51,2569,1431,30936,3180,0,40000,0x07
2026-09-06T16:52:01.905,383,0,2,51,-1687,-412,20621,1750,235,22814,0x07
2026-09-06T16:52:01.969,382,0,0,51,745,1353,7666,1617,0,22885,0x07
2026-09-06T16:52:01.969,385,0,2,52,-1687,-596,19837,1750,462,21852,0x07
2026-09-06T16:52:02.035,384,0,0,51,745,902,9583,1617,0,22885,0x07
2026-09-06T16:52:02.035,387,0,2,52,-1687,-769,19102,1750,173,23078,0x07
2026-09-06T16:52:02.100,386,0,0,50,345,1000,3998,1392,0,20085,0x07
2026-09-06T16:52:02.100,389,0,2,50,-1687,-1200,17271,1750,320,22454,0x07
2026-09-06T16:52:02.182,388,0,0,50,256,800,3690,1484,0,21237,0x07
2026-09-06T16:52:02.182,391,0,2,50,0,0,0,0,0,0,0x03
2026-09-06T16:52:02.246,390,0,0,50,196,420,4524,1547,0,22016,0x07
2026-09-06T16:52:02.246,393,0,2,52,0,0,8723,0,0,9230,0x07
2026-09-06T16:52:02.311,392,0,0,52,109,346,3720,1637,0,23130,0x07
2026-09-06T16:52:02.312,395,0,2,50,839,60,12036,879,560,10587,0x07
2026-09-06T16:52:02.376,394,0,0,53,3374,151,40000,-2338,0,31839,0x07
2026-09-06T16:52:02.376,397,0,2,51,715,20,10726,1008,59,14329,0x07
2026-09-06T16:52:02.441,396,0,0,50,3374,1040,40000,0,0,4908,0x07
2026-09-06T16:52:02.441,399,0,2,51,2102,196,26477,2146,196,27943,0x07
2026-09-06T16:52:02.507,398,0,0,51,1438,471,20382,258,39,5839,0x07
2026-09-06T16:52:02.507,401,0,2,50,2780,1120,30607,2907,1820,30551,0x07
2026-09-06T16:52:02.572,400,0,0,52,1407,692,19039,218,0,5506,0x07
2026-09-06T16:52:02.572,403,0,2,51,3104,1255,33890,3239,2020,33841,0x07
2026-09-06T16:52:02.637,402,0,0,50,1356,740,18173,234,0,5710,0x07
2026-09-06T16:52:02.637,405,0,2,50,3087,1640,32049,3344,2040,35065,0x07
2026-09-06T16:52:02.718,404,0,0,50,1309,720,17650,253,0,5935,0x07
2026-09-06T16:52:02.718,407,0,2,53,2761,2075,26318,3291,2698,31616,0x07
2026-09-06T16:52:02.767,406,0,0,51,1180,667,16205,312,0,6670,0x07
2026-09-06T16:52:02.767,409,0,2,51,2761,2176,25889,3291,2235,33583,0x07
2026-09-06T16:52:02.849,408,0,0,52,915,558,13250,444,0,8315,0x07
2026-09-06T16:52:02.849,411,0,2,51,1953,2451,15119,2692,2118,26594,0x07
2026-09-06T16:52:02.913,410,0,0,50,915,520,13410,444,0,8315,0x07
2026-09-06T16:52:02.913,413,0,2,53,379,1245,1525,1357,1887,10909,0x07
2026-09-06T16:52:02.978,412,0,0,50,837,460,12653,498,0,8979,0x07
2026-09-06T16:52:02.978,415,0,2,52,0,0,0,0,0,0,0x03
2026-09-06T16:52:03.043,414,0,0,51,1449,510,20355,1296,0,18898,0x07
2026-09-06T16:52:03.043,417,0,2,51,0,0,4561,0,0,13882,0x07
2026-09-06T16:52:03.108,416,0,0,50,1963,520,26969,1866,0,25981,0x07
2026-09-06T16:52:03.108,419,0,2,51,295,373,4231,1444,373,18436,0x07
2026-09-06T16:52:03.173,418,0,0,51,2408,627,32261,2438,0,33091,0x07
2026-09-06T16:52:03.173,421,0,2,50,340,540,4061,1397,1660,12375,0x07
2026-09-06T16:52:03.255,420,0,0,54,3058,1037,38938,3287,0,40000,0x07
2026-09-06T16:52:03.255,423,0,2,50,368,440,4819,1368,1260,13711,0x07
2026-09-06T16:52:03.304,422,0,0,50,3058,1220,38160,3287,0,40000,0x07
2026-09-06T16:52:03.304,425,0,2,51,438,353,6012,1296,1196,13088,0x07
2026-09-06T16:52:03.385,424,0,0,50,3192,1380,39208,3500,60,40000,0x07
2026-09-06T16:52:03.385,427,0,2,50,523,480,6491,1207,1100,12386,0x07
2026-09-06T16:52:03.451,426,0,0,50,2996,1620,35656,3482,0,40000,0x07
2026-09-06T16:52:03.451,429,0,2,51,632,490,7735,1095,1000,11408,0x07
2026-09-06T16:52:03.516,428,0,0,51,2507,1627,29300,3114,20,40000,0x07
2026-09-06T16:52:03.516,431,0,2,50,1262,200,16468,1580,1040,17291,0x07
2026-09-06T16:52:03.581,430,0,0,51,1580,1667,17141,2373,0,32277,0x07
2026-09-06T16:52:03.581,433,0,2,50,2449,700,28457,2567,1120,29278,0x07
2026-09-06T16:52:03.646,432,0,0,50,393,940,4868,1343,0,19476,0x07
2026-09-06T16:52:03.646,435,0,2,50,3117,1080,34782,3155,1260,36025,0x07
2026-09-06T16:52:03.712,434,0,0,51,285,902,3637,1454,0,20859,0x07
2026-09-06T16:52:03.712,437,0,2,51,3374,1549,35850,3384,1706,36997,0x07
2026-09-06T16:52:03.777,436,0,0,51,196,686,3396,1547,0,22012,0x07
2026-09-06T16:52:03.777,439,0,2,50,3374,2100,33508,3384,2300,34472,0x07
2026-09-06T16:52:03.842,438,0,0,52,77,481,2725,1671,0,23550,0x07
2026-09-06T16:52:03.842,441,0,2,51,3374,2490,31850,3384,2294,34497,0x07
2026-09-06T16:52:03.923,440,0,0,51,95,196,4175,1651,0,23312,0x07
2026-09-06T16:52:03.923,443,0,2,50,3374,2640,31214,3355,2500,33251,0x07
2026-09-06T16:52:03.988,442,0,0,50,198,180,5575,1545,0,21985,0x07
2026-09-06T16:52:03.988,445,0,2,52,3350,2750,30461,3364,2654,32710,0x07
2026-09-06T16:52:04.053,444,0,0,51,244,20,6850,1497,0,21394,0x07
2026-09-06T16:52:04.053,447,0,2,50,3305,2920,29202,3159,2840,29362,0x07
2026-09-06T16:52:04.119,446,0,0,50,236,0,6825,1506,0,21507,0x07
2026-09-06T16:52:04.119,449,0,2,51,3180,3078,27047,3001,2882,27212,0x07
2026-09-06T16:52:04.184,448,0,0,52,250,38,6854,1490,0,21311,0x07
2026-09-06T16:52:04.184,451,0,2,53,1742,2906,10680,857,2623,1545,0x07
2026-09-06T16:52:04.250,450,0,0,51,262,118,6669,1478,0,21163,0x07
2026-09-06T16:52:04.250,453,0,2,51,1742,2176,13779,857,1490,6358,0x07
2026-09-06T16:52:04.315,452,0,0,52,110,0,5200,1636,0,23121,0x07
2026-09-06T16:52:04.315,455,0,2,51,1449,1902,11458,247,941,1071,0x07
2026-09-06T16:52:04.379,454,0,0,51,179,0,6091,1564,0,22233,0x07
2026-09-06T16:52:04.379,457,0,2,51,1436,1882,11385,260,1255,4234,0x07
2026-09-06T16:52:04.443,456,0,0,51,184,0,6152,1560,0,22177,0x07
2026-09-06T16:52:04.443,459,0,2,55,1395,1473,12645,302,727,2673,0x07
2026-09-06T16:52:04.524,458,0,0,52,188,0,6209,1555,0,22116,0x07
2026-09-06T16:52:04.525,461,0,2,51,1395,1431,12820,302,490,3681,0x07
2026-09-06T16:52:04.589,460,0,0,51,192,0,6261,1551,0,22064,0x07
2026-09-06T16:52:04.589,463,0,2,50,1366,1160,13628,332,400,4441,0x07
2026-09-06T16:52:04.654,462,0,0,51,195,0,6295,1548,0,22029,0x07
2026-09-06T16:52:04.654,465,0,2,51,1321,1039,13600,380,392,5063,0x07
2026-09-06T16:52:04.718,464,0,0,53,198,0,6335,1545,0,21989,0x07
2026-09-06T16:52:04.718,467,0,2,51,1249,980,12996,454,412,5911,0x07
2026-09-06T16:52:04.784,466,0,0,50,198,0,6335,1545,0,21989,0x07
2026-09-06T16:52:04.784,469,0,2,50,1219,960,12725,485,480,6010,0x07
2026-09-06T16:52:04.848,468,0,0,51,198,0,6344,1544,0,21981,0x07
2026-09-06T16:52:04.848,471,0,2,51,1110,941,11513,598,549,7124,0x07
2026-09-06T16:52:04.913,470,0,0,51,198,0,6344,1544,0,21981,0x07
2026-09-06T16:52:04.913,473,0,2,50,1110,880,11773,598,580,6992,0x07
2026-09-06T16:52:04.995,472,0,0,50,198,0,6344,1544,0,21981,0x07
2026-09-06T16:52:04.995,475,0,2,50,1070,960,10948,692,460,8674,0x07
2026-09-06T16:52:05.059,474,0,0,50,198,0,6344,1544,0,21981,0x07
2026-09-06T16:52:05.059,477,0,2,50,1910,940,21028,1764,520,21800,0x07
2026-09-06T16:52:05.125,476,0,0,51,198,0,6340,1545,0,21985,0x07
2026-09-06T16:52:05.125,479,0,2,50,2477,1160,26830,2387,980,27631,0x07
2026-09-06T16:52:05.190,478,0,0,51,181,0,6113,1563,0,22212,0x07
2026-09-06T16:52:05.190,481,0,2,51,2870,1451,30268,2874,1157,32953,0x07
2026-09-06T16:52:05.256,480,0,0,50,209,0,6483,1533,0,21842,0x07
2026-09-06T16:52:05.256,483,0,2,50,3109,1940,31043,3161,2000,32958,0x07
2026-09-06T16:52:05.320,482,0,0,50,198,0,6340,1545,0,21985,0x07
2026-09-06T16:52:05.320,485,0,2,51,3256,2176,31780,3397,2196,35070,0x07
2026-09-06T16:52:05.385,484,0,0,50,198,0,6340,1545,0,21985,0x07
2026-09-06T16:52:05.385,487,0,2,50,3321,2440,31434,3500,2240,36169,0x07
2026-09-06T16:52:05.449,486,0,0,52,198,0,6340,1545,0,21985,0x07
2026-09-06T16:52:05.449,489,0,2,51,3309,2431,31330,3500,2608,34606,0x07
2026-09-06T16:52:05.530,488,0,0,50,198,0,6335,1545,0,21989,0x07
2026-09-06T16:52:05.530,491,0,2,55,3165,2764,28336,3500,2891,33403,0x07
2026-09-06T16:52:05.596,490,0,0,53,198,0,6335,1545,0,21989,0x07
2026-09-06T16:52:05.596,493,0,2,51,3165,2980,27480,3500,3020,32856,0x07
2026-09-06T16:52:05.661,492,0,0,50,198,0,6335,1545,0,21989,0x07
2026-09-06T16:52:05.661,495,0,2,50,2953,2820,25690,3379,3180,30657,0x07
2026-09-06T16:52:05.725,494,0,0,52,198,0,6335,1545,0,21993,0x07
2026-09-06T16:52:05.725,497,0,2,57,2508,2825,20392,3010,3211,25926,0x07
2026-09-06T16:52:05.790,496,0,0,51,198,0,6335,1545,0,21993,0x07
2026-09-06T16:52:05.790,499,0,2,51,2508,2804,20531,3010,3216,25904,0x07
2026-09-06T16:52:05.855,498,0,0,51,197,0,6331,1545,0,21993,0x07
2026-09-06T16:52:05.855,501,0,2,50,1929,2660,14195,2581,3120,20949,0x07
2026-09-06T16:52:05.920,500,0,0,50,198,0,6335,1545,0,21993,0x07
2026-09-06T16:52:05.920,503,0,2,51,737,2333,1270,1635,2980,9739,0x07
2026-09-06T16:52:05.985,502,0,0,50,198,0,6335,1545,0,21993,0x07
2026-09-06T16:52:05.985,505,0,2,56,208,643,2108,1534,1554,14540,0x07
2026-09-06T16:52:06.066,504,0,0,50,198,0,6335,1545,0,21993,0x07
2026-09-06T16:52:06.066,507,0,2,51,208,588,2340,1534,2000,12666,0x07
2026-09-06T16:52:06.131,506,0,0,50,218,0,6597,1524,0,21729,0x07
2026-09-06T16:52:06.131,509,0,2,51,309,569,3638,1429,1961,11542,0x07
2026-09-06T16:52:06.197,508,0,0,50,198,0,6340,1545,0,21985,0x07
2026-09-06T16:52:06.197,511,0,2,51,329,549,3961,1408,1569,12992,0x07
2026-09-06T16:52:06.262,510,0,0,52,197,0,6326,1546,0,21999,0x07
2026-09-06T16:52:06.262,513,0,2,50,383,440,5064,1353,1540,12440,0x07
2026-09-06T16:52:06.327,512,0,0,51,179,0,6095,1564,0,22233,0x07
2026-09-06T16:52:06.327,515,0,2,50,473,460,6064,1259,1500,11451,0x07
2026-09-06T16:52:06.392,514,0,0,52,197,0,6326,1546,0,21999,0x07
2026-09-06T16:52:06.392,517,0,2,54,2881,574,34488,2450,1315,27229,0x07
2026-09-06T16:52:06.457,516,0,0,50,197,0,6326,1546,0,21999,0x07
2026-09-06T16:52:06.457,519,0,2,51,2881,2235,27484,2450,2314,23015,0x07
2026-09-06T16:52:06.522,518,0,0,51,198,0,6335,1545,0,21989,0x07
2026-09-06T16:52:06.522,521,0,2,50,3374,2020,34326,3270,2960,30586,0x07
2026-09-06T16:52:06.587,520,0,0,52,198,0,6340,1545,0,21985,0x07
2026-09-06T16:52:06.587,523,0,2,50,3368,2100,33979,2818,2140,28389,0x07
2026-09-06T16:52:06.652,522,0,0,56,181,0,6113,1563,0,22212,0x07
2026-09-06T16:52:06.652,525,0,2,51,2744,2373,25362,2235,2118,21170,0x07
2026-09-06T16:52:06.733,524,0,0,52,181,0,6113,1563,0,22212,0x07
2026-09-06T16:52:06.733,527,0,2,51,2527,2510,22213,2199,2078,20917,0x07
2026-09-06T16:52:06.799,526,0,0,51,198,0,6335,1545,0,21993,0x07
2026-09-06T16:52:06.799,529,0,2,51,2581,2627,22418,2355,2176,22494,0x07
2026-09-06T16:52:06.864,528,0,0,52,198,0,6344,1544,0,21981,0x07
2026-09-06T16:52:06.864,531,0,2,50,2268,2440,19468,3500,2380,36127,0x07
2026-09-06T16:52:06.930,530,0,0,51,199,0,6349,1544,0,21976,0x07
2026-09-06T16:52:06.930,533,0,2,51,2290,2275,20476,2871,2765,26546,0x07
2026-09-06T16:52:06.995,532,0,0,50,199,0,6349,1544,0,21976,0x07
2026-09-06T16:52:06.996,535,0,2,56,943,2089,4930,1734,2661,12618,0x07
2026-09-06T16:52:07.060,534,0,0,52,198,0,6344,1544,0,21981,0x07
2026-09-06T16:52:07.060,537,0,2,51,943,1275,8414,1734,2235,14449,0x07
2026-09-06T16:52:07.124,536,0,0,51,198,0,6344,1544,0,21981,0x07
2026-09-06T16:52:07.124,539,0,2,50,664,1420,4415,1366,1760,11817,0x07
2026-09-06T16:52:07.190,538,0,0,50,198,0,6340,1545,0,21985,0x07
2026-09-06T16:52:07.190,541,0,2,50,658,1180,5378,1292,1760,10905,0x07
2026-09-06T16:52:07.272,540,0,0,51,198,0,6340,1545,0,21985,0x07
2026-09-06T16:52:07.272,543,0,2,51,1375,1059,14606,1825,1510,18706,0x07
2026-09-06T16:52:07.337,542,0,0,52,198,0,6335,1545,0,21989,0x07
2026-09-06T16:52:07.337,545,0,2,51,1375,1333,13468,1825,1588,18395,0x07
2026-09-06T16:52:07.401,544,0,0,50,198,0,6335,1545,0,21989,0x07
2026-09-06T16:52:07.401,547,0,2,51,1569,1451,15335,2045,1490,21610,0x07
2026-09-06T16:52:07.466,546,0,0,50,198,0,6335,1545,0,21989,0x07
2026-09-06T16:52:07.466,549,0,2,50,1966,1080,21780,2352,1640,24887,0x07
2026-09-06T16:52:07.532,548,0,0,51,198,0,6335,1545,0,21993,0x07
2026-09-06T16:52:07.532,551,0,2,50,2468,1260,27140,2742,1780,29240,0x07
2026-09-06T16:52:07.597,550,0,0,51,209,0,6483,1533,0,21842,0x07
2026-09-06T16:52:07.597,553,0,2,51,2701,1588,28583,2986,1902,31815,0x07
2026-09-06T16:52:07.662,552,0,0,51,198,0,6335,1545,0,21989,0x07
2026-09-06T16:52:07.662,555,0,2,54,3228,2019,33172,3348,2241,35042,0x07
2026-09-06T16:52:07.726,554,0,0,55,197,0,6326,1546,0,21999,0x07
2026-09-06T16:52:07.726,557,0,2,50,3228,2400,31607,3348,2380,34489,0x07
2026-09-06T16:52:07.808,556,0,0,50,197,0,6326,1546,0,21999,0x07
2026-09-06T16:52:07.808,559,0,2,50,3301,2500,32135,3437,2720,34219,0x07
2026-09-06T16:52:07.873,558,0,0,52,197,0,6326,1546,0,21999,0x07
2026-09-06T16:52:07.873,561,0,2,52,3290,2808,30798,3483,2942,33936,0x07
2026-09-06T16:52:07.938,560,0,0,51,197,0,6326,1546,0,21999,0x07
2026-09-06T16:52:07.939,563,0,2,51,3290,2784,30950,3483,2647,35230,0x07
2026-09-06T16:52:08.004,562,0,0,50,197,0,6326,1546,0,21999,0x07
2026-09-06T16:52:08.004,565,0,2,51,3302,2510,32318,3487,2667,35234,0x07
2026-09-06T16:52:08.069,564,0,0,51,197,0,6331,1545,0,21993,0x07
2026-09-06T16:52:08.069,567,0,2,53,2904,1774,30608,3375,2434,34868,0x07
2026-09-06T16:52:08.133,566,0,0,51,209,0,6483,1533,0,21842,0x07
2026-09-06T16:52:08.133,569,0,2,51,2904,1471,31944,0,0,10500,0x07
2026-09-06T16:52:08.198,568,0,0,51,180,0,6108,1563,0,22216,0x07
2026-09-06T16:52:08.198,571,0,2,50,2639,1080,30338,0,0,2964,0x07
2026-09-06T16:52:08.263,570,0,0,52,197,0,6323,1546,0,22003,0x07
2026-09-06T16:52:08.263,573,0,2,50,1585,1080,17368,105,200,2562,0x07
2026-09-06T16:52:08.328,572,0,0,51,197,0,6331,1545,0,21993,0x07
2026-09-06T16:52:08.328,575,0,2,54,1560,333,20289,131,19,3664,0x07
2026-09-06T16:52:08.409,574,0,0,50,198,0,6340,1545,0,21985,0x07
2026-09-06T16:52:08.409,577,0,2,50,1560,20,21621,131,0,3743,0x07
2026-09-06T16:52:08.474,576,0,0,50,198,0,6340,1545,0,21985,0x07
2026-09-06T16:52:08.474,579,0,2,51,1522,39,21059,172,0,4262,0x07
2026-09-06T16:52:08.539,578,0,0,52,198,0,6340,1545,0,21985,0x07
2026-09-06T16:52:08.539,581,0,2,51,1537,98,20994,156,118,3561,0x07
2026-09-06T16:52:08.604,580,0,0,52,198,0,6340,1545,0,21985,0x07
2026-09-06T16:52:08.604,583,0,2,51,1521,314,19906,173,98,3856,0x07
2026-09-06T16:52:08.799,582,0,0,52,198,0,6340,1545,0,21989,0x07
2026-09-06T16:52:08.799,585,0,2,50,0,0,21014,131,120,3233,0x07
2026-09-06T16:52:08.863,584,0,0,52,198,0,6335,1545,0,21989,0x07
2026-09-06T16:52:08.863,587,0,2,51,0,0,4902,3500,1353,40000,0x07
2026-09-06T16:52:08.945,586,0,0,52,210,0,6488,1533,0,21837,0x07
2026-09-06T16:52:08.945,589,0,2,51,176,0,4631,1567,59,21868,0x07
2026-09-06T16:52:09.010,588,0,0,52,0,0,5492,0,0,15426,0x07
2026-09-06T16:52:09.010,591,0,2,51,176,216,3714,1567,1314,16535,0x07
2026-09-06T16:52:09.075,590,0,0,51,194,0,6292,1548,0,22034,0x07
2026-09-06T16:52:09.075,593,0,2,50,0,0,8361,2085,1300,23216,0x07
2026-09-06T16:52:09.140,592,0,0,50,194,0,6292,1548,0,22034,0x07
2026-09-06T16:52:09.140,595,0,2,57,375,18,7016,1161,1632,9979,0x07
2026-09-06T16:52:09.205,594,0,0,50,209,0,6480,1533,0,21847,0x07
2026-09-06T16:52:09.205,597,0,2,50,375,620,4455,1161,1420,10879,0x07
2026-09-06T16:52:09.271,596,0,0,51,197,0,6331,1545,0,21993,0x07
2026-09-06T16:52:09.271,599,0,2,51,389,510,5094,1105,1412,10198,0x07
2026-09-06T16:52:09.336,598,0,0,52,197,0,6326,1546,0,21999,0x07
2026-09-06T16:52:09.336,601,0,2,50,377,400,5419,1006,1320,9320,0x07
2026-09-06T16:52:09.401,600,0,0,50,197,0,6323,1546,0,22003,0x07
2026-09-06T16:52:09.401,603,0,2,54,2647,315,33868,-126,-74,3357,0x07
2026-09-06T16:52:09.466,602,0,0,53,3374,0,40000,-1873,0,26065,0x07
2026-09-06T16:52:09.467,605,0,2,50,2647,1600,28406,0,0,4436,0x07
2026-09-06T16:52:09.612,604,0,0,51,3374,569,40000,0,0,5225,0x07
2026-09-06T16:52:09.612,607,0,2,51,1419,1059,15515,278,137,5032,0x07
2026-09-06T16:52:09.677,606,0,0,50,1351,480,19217,297,20,6403,0x07
2026-09-06T16:52:09.742,608,0,0,51,0,0,15517,0,0,5225,0x07
2026-09-06T16:52:09.742,609,0,2,51,0,0,14532,0,0,3835,0x07
2026-09-06T16:52:09.808,610,0,0,50,1351,140,20665,297,0,6488,0x07
2026-09-06T16:52:09.808,609,0,2,51,1487,1235,15603,207,314,3382,0x07
2026-09-06T16:52:09.873,610,0,0,52,1250,673,17087,368,0,7366,0x07
2026-09-06T16:52:09.873,617,0,2,51,0,0,12496,0,0,6057,0x07
2026-09-06T16:52:09.938,610,0,0,50,1250,620,17312,368,0,7366,0x07
2026-09-06T16:52:09.938,619,0,2,50,1237,900,13926,467,160,7363,0x07
2026-09-06T16:52:10.003,618,0,0,50,0,0,15975,0,0,12526,0x07
2026-09-06T16:52:10.003,621,0,2,51,1139,1216,11383,568,529,7082,0x07
2026-09-06T16:52:10.069,620,0,0,51,1404,196,21108,1190,0,17585,0x07
2026-09-06T16:52:10.069,623,0,2,52,990,923,10782,723,365,9759,0x07
2026-09-06T16:52:10.150,622,0,0,55,2569,618,34392,2554,0,34531,0x07
2026-09-06T16:52:10.150,625,0,2,50,1946,940,22536,1960,180,26373,0x07
2026-09-06T16:52:10.216,624,0,0,51,2569,804,33603,2554,0,34531,0x07
2026-09-06T16:52:10.216,627,0,2,51,2861,1118,33106,3089,588,39084,0x07
2026-09-06T16:52:10.281,626,0,0,50,2981,960,38261,3132,20,40000,0x07
2026-09-06T16:52:10.281,629,0,2,50,3218,1680,35133,3500,1820,39111,0x07
2026-09-06T16:52:10.345,628,0,0,50,3249,1300,40000,3474,0,40000,0x07
2026-09-06T16:52:10.345,631,0,2,50,3110,1920,32769,3500,2500,36221,0x07
2026-09-06T16:52:10.409,630,0,0,50,3246,1480,39486,3500,20,40000,0x07
2026-09-06T16:52:10.409,633,0,2,50,2816,1940,29052,3344,2940,32349,0x07
2026-09-06T16:52:10.475,632,0,0,50,2948,1620,35037,3468,0,40000,0x07
2026-09-06T16:52:10.475,635,0,2,51,2557,1627,27179,3066,2373,31210,0x07
2026-09-06T16:52:10.540,634,0,0,54,1049,1352,11608,1952,241,26019,0x07
2026-09-06T16:52:10.541,637,0,2,50,2281,1580,23961,2813,2480,27516,0x07
2026-09-06T16:52:10.606,636,0,0,50,1049,660,14549,1952,340,25597,0x07
2026-09-06T16:52:10.606,639,0,2,51,1876,1588,18913,2482,2549,22987,0x07
2026-09-06T16:52:10.687,638,0,0,51,348,980,4107,1390,216,19143,0x07
2026-09-06T16:52:10.687,641,0,2,53,1861,1736,18101,2337,2302,22182,0x07
2026-09-06T16:52:10.751,640,0,0,50,279,680,4498,1461,80,20602,0x07
2026-09-06T16:52:10.751,643,0,2,51,1861,1922,17312,2337,2235,22465,0x07
2026-09-06T16:52:10.817,642,0,0,51,270,490,5182,1470,0,21064,0x07
2026-09-06T16:52:10.817,645,0,2,51,2399,1745,24720,2687,2157,27281,0x07
2026-09-06T16:52:10.881,644,0,0,51,242,412,5158,1499,0,21420,0x07
2026-09-06T16:52:10.946,646,0,0,53,150,321,4352,1595,0,22607,0x07
2026-09-06T16:52:10.946,649,0,2,51,3308,2235,33879,3361,2608,33989,0x07
2026-09-06T16:52:11.011,648,0,0,50,150,220,4781,1595,0,22607,0x07
2026-09-06T16:52:11.011,649,0,2,50,3368,2620,32988,3452,2760,34508,0x07
2026-09-06T16:52:11.075,648,0,0,51,121,157,4674,1625,0,22981,0x07
2026-09-06T16:52:11.075,653,0,2,52,3374,3077,31121,3318,2962,31931,0x07
2026-09-06T16:52:11.140,648,0,0,52,121,38,5177,1625,0,22981,0x07
2026-09-06T16:52:11.140,655,0,2,50,3374,2960,31618,3318,3120,31258,0x07
2026-09-06T16:52:11.222,654,0,0,55,3374,0,40000,-2427,0,32952,0x07
2026-09-06T16:52:11.222,657,0,2,50,2778,3300,22805,2486,2740,22229,0x07
2026-09-06T16:52:11.286,656,0,0,52,3374,577,40000,0,0,4190,0x07
2026-09-06T16:52:11.286,659,0,2,56,1377,1946,11220,322,786,2840,0x07
2026-09-06T16:52:11.350,658,0,0,52,1523,538,21190,170,0,4914,0x07
2026-09-06T16:52:11.350,661,0,2,51,1377,686,16576,322,176,5429,0x07
2026-09-06T16:52:11.416,660,0,0,51,1543,706,20745,149,0,4649,0x07
2026-09-06T16:52:11.416,663,0,2,51,1271,569,15761,432,0,7586,0x07
2026-09-06T16:52:11.480,662,0,0,50,1537,680,20772,156,0,4732,0x07
2026-09-06T16:52:11.480,665,0,2,50,988,180,13914,725,0,11339,0x07
2026-09-06T16:52:11.545,667,0,2,50,2473,720,29992,2742,1240,31881,0x07
2026-09-06T16:52:11.610,664,0,0,52,1447,654,19726,248,0,5883,0x07
2026-09-06T16:52:11.610,667,0,2,50,3137,1020,36932,3494,2080,37934,0x07
2026-09-06T16:52:11.692,666,0,0,52,1263,673,17257,347,0,7110,0x07
2026-09-06T16:52:11.692,667,0,2,50,3137,1500,34892,3494,2080,37934,0x07
2026-09-06T16:52:11.757,666,0,0,51,1263,647,17367,347,0,7110,0x07
2026-09-06T16:52:11.757,673,0,2,50,0,0,17041,0,0,12822,0x07
2026-09-06T16:52:11.822,672,0,0,55,0,0,11715,0,0,6681,0x07
2026-09-06T16:52:11.822,675,0,2,51,1796,1216,19507,1259,922,14256,0x07
2026-09-06T16:52:11.888,674,0,0,51,914,863,11931,475,0,8701,0x07
2026-09-06T16:52:11.888,677,0,2,51,1438,2059,11498,258,1333,5910,0x07
2026-09-06T16:52:11.953,676,0,0,51,1022,510,14837,780,0,12489,0x07
2026-09-06T16:52:11.953,679,0,2,50,0,0,0,0,0,0,0x03
2026-09-06T16:52:12.018,678,0,0,51,1692,667,22831,1558,0,22150,0x07
2026-09-06T16:52:12.018,681,0,2,52,0,0,16859,0,0,31971,0x07
2026-09-06T16:52:12.084,680,0,0,50,2262,680,30152,2263,0,30909,0x07
2026-09-06T16:52:12.084,683,0,2,51,0,0,0,0,0,0,0x03
2026-09-06T16:52:12.148,682,0,0,51,2729,843,35506,2846,0,38152,0x07
2026-09-06T16:52:12.149,685,0,2,56,98,18,3587,1205,18,17408,0x07
2026-09-06T16:52:12.214,684,0,0,51,3072,980,39361,3308,39,40000,0x07
2026-09-06T16:52:12.214,687,0,2,50,0,0,3707,1205,1080,12893,0x07
2026-09-06T16:52:12.295,686,0,0,52,3241,1115,40000,3500,0,40000,0x07
2026-09-06T16:52:12.295,689,0,2,51,0,0,3554,1910,784,23173,0x07
2026-09-06T16:52:12.344,688,0,0,50,3036,1500,36682,3495,0,40000,0x07
2026-09-06T16:52:12.344,691,0,2,50,136,140,3535,1609,1060,18150,0x07
2026-09-06T16:52:12.426,690,0,0,51,2540,1588,29890,3145,0,40000,0x07
2026-09-06T16:52:12.426,693,0,2,52,151,192,3501,1594,1115,17713,0x07
2026-09-06T16:52:12.491,692,0,0,56,845,1036,10311,1702,286,22727,0x07
2026-09-06T16:52:12.491,695,0,2,50,140,140,3594,1604,1200,17493,0x07
2026-09-06T16:52:12.556,694,0,0,53,304,774,4423,1435,434,18776,0x07
2026-09-06T16:52:12.556,697,0,2,52,235,192,4541,1506,1212,16189,0x07
2026-09-06T16:52:12.622,696,0,0,52,304,462,5749,1435,135,20048,0x07
2026-09-06T16:52:12.622,699,0,2,50,277,180,5119,1462,1160,15844,0x07
2026-09-06T16:52:12.686,698,0,0,50,261,560,4771,1479,40,21007,0x07
2026-09-06T16:52:12.686,701,0,2,51,436,255,6766,1297,1196,13582,0x07
2026-09-06T16:52:12.751,700,0,0,54,154,333,4347,1591,0,22560,0x07
2026-09-06T16:52:12.751,703,0,2,50,531,440,7148,1199,1160,12481,0x07
2026-09-06T16:52:12.815,702,0,0,50,154,80,5423,1591,0,22560,0x07
2026-09-06T16:52:12.815,705,0,2,52,658,192,9770,1068,1096,11069,0x07
2026-09-06T16:52:12.881,704,0,0,52,120,0,5327,1626,0,22994,0x07
2026-09-06T16:52:12.881,707,0,2,51,658,275,9421,1068,922,11811,0x07
2026-09-06T16:52:12.963,706,0,0,50,113,0,5239,1633,0,23080,0x07
2026-09-06T16:52:12.963,709,0,2,52,1554,385,20046,1853,923,21849,0x07
2026-09-06T16:52:13.027,708,0,0,51,116,0,5283,1629,0,23037,0x07
2026-09-06T16:52:13.027,711,0,2,50,2317,560,28734,2548,1040,30242,0x07
2026-09-06T16:52:13.092,710,0,0,52,120,0,5327,0,0,22796,0x07
2026-09-06T16:52:13.092,713,0,2,50,2803,1380,31274,2993,1620,33477,0x07
2026-09-06T16:52:13.157,712,0,0,53,1543,868,20046,150,0,4657,0x07
2026-09-06T16:52:13.157,715,0,2,51,221,1824,7021,1521,1882,13521,0x07
2026-09-06T16:52:13.222,714,0,0,50,1543,260,22630,150,0,4657,0x07
2026-09-06T16:52:13.222,717,0,2,55,529,1000,4747,1201,1345,11715,0x07
2026-09-06T16:52:13.288,716,0,0,50,1548,460,21851,144,0,4588,0x07
2026-09-06T16:52:13.288,719,0,2,50,529,1060,4492,1201,1360,11653,0x07
2026-09-06T16:52:13.353,718,0,0,51,1553,471,21867,139,0,4526,0x07
2026-09-06T16:52:13.353,721,0,2,52,415,904,3749,1319,1192,13875,0x07
2026-09-06T16:52:13.419,720,0,0,56,1464,607,20139,231,0,5671,0x07
2026-09-06T16:52:13.419,723,0,2,51,339,627,3985,1398,1176,14950,0x07
2026-09-06T16:52:13.484,722,0,0,51,1464,667,19886,231,0,5671,0x07
2026-09-06T16:52:13.484,725,0,2,54,293,315,4742,1446,259,19462,0x07
2026-09-06T16:52:13.566,724,0,0,51,1419,686,19217,278,0,6253,0x07
2026-09-06T16:52:13.566,727,0,2,50,293,200,5230,1446,60,20309,0x07
2026-09-06T16:52:13.631,726,0,0,50,1359,700,18386,340,0,7023,0x07
2026-09-06T16:52:13.631,729,0,2,51,368,255,5928,1368,20,19481,0x07
2026-09-06T16:52:13.696,728,0,0,50,1243,740,16714,423,0,8053,0x07
2026-09-06T16:52:13.696,731,0,2,51,383,0,7194,1352,0,19368,0x07
2026-09-06T16:52:13.760,730,0,0,50,1136,720,15411,450,0,8383,0x07
2026-09-06T16:52:13.760,733,0,2,52,397,0,7370,1338,0,19180,0x07
2026-09-06T16:52:13.825,732,0,0,55,936,636,13187,536,0,9453,0x07
2026-09-06T16:52:13.825,735,0,2,51,431,0,7778,1303,0,18741,0x07
2026-09-06T16:52:13.890,734,0,0,51,936,608,13308,536,0,9453,0x07
2026-09-06T16:52:13.890,737,0,2,50,448,0,7996,1285,0,18508,0x07
2026-09-06T16:52:13.956,736,0,0,50,1435,560,19964,1289,0,18807,0x07
2026-09-06T16:52:13.956,739,0,2,52,448,0,7996,1285,0,18508,0x07
2026-09-06T16:52:14.021,738,0,0,52,2203,538,29994,2208,0,30225,0x07
2026-09-06T16:52:14.021,741,0,2,51,470,0,8272,1262,0,18216,0x07
2026-09-06T16:52:14.087,740,0,0,55,3182,818,40000,3387,0,40000,0x07
2026-09-06T16:52:14.087,743,0,2,50,476,0,8338,1256,0,18141,0x07
2026-09-06T16:52:14.152,742,0,0,51,3182,1020,40000,3387,0,40000,0x07
2026-09-06T16:52:14.152,745,0,2,52,474,0,8317,1258,0,18163,0x07
2026-09-06T16:52:14.234,744,0,0,50,3291,1280,40000,3500,0,40000,0x07
2026-09-06T16:52:14.234,747,0,2,51,481,0,8405,1251,0,18068,0x07
2026-09-06T16:52:14.299,746,0,0,50,3195,1480,38823,3500,0,40000,0x07
2026-09-06T16:52:14.299,749,0,2,51,469,0,8254,1264,0,18231,0x07
2026-09-06T16:52:14.363,748,0,0,51,2823,1569,33631,3363,451,40000,0x07
2026-09-06T16:52:14.363,751,0,2,51,434,0,7820,1300,20,18612,0x07
2026-09-06T16:52:14.427,750,0,0,51,1890,1196,23153,2681,745,32933,0x07
2026-09-06T16:52:14.428,753,0,2,51,411,0,7537,1324,0,19006,0x07
2026-09-06T16:52:14.492,752,0,0,56,334,696,5134,1404,286,19023,0x07
2026-09-06T16:52:14.492,755,0,2,50,396,0,7357,1339,0,19194,0x07
2026-09-06T16:52:14.558,754,0,0,52,334,462,6133,1404,192,19420,0x07
2026-09-06T16:52:14.558,757,0,2,51,392,0,7303,1343,0,19251,0x07
2026-09-06T16:52:14.623,756,0,0,51,268,392,5577,1472,137,20502,0x07
2026-09-06T16:52:14.623,759,0,2,51,387,0,7244,1348,0,19315,0x07
2026-09-06T16:52:14.688,761,0,2,50,369,0,7019,1367,0,19556,0x07
2026-09-06T16:52:14.769,760,0,0,51,88,118,4417,1659,196,22574,0x07
2026-09-06T16:52:14.769,761,0,2,52,641,0,10384,1085,0,15947,0x07
2026-09-06T16:52:14.834,762,0,0,51,88,20,4834,1659,196,22574,0x07
2026-09-06T16:52:14.834,761,0,2,52,641,596,7850,1085,173,15212,0x07
2026-09-06T16:52:14.900,762,0,0,50,73,0,4725,1674,180,22830,0x07
2026-09-06T16:52:14.900,767,0,2,50,0,0,5927,0,0,13225,0x07
2026-09-06T16:52:14.964,766,0,0,51,73,0,4725,1674,333,22178,0x07
2026-09-06T16:52:14.964,769,0,2,51,428,608,5162,1306,59,18526,0x07
2026-09-06T16:52:15.029,768,0,0,52,1436,0,22360,260,269,4883,0x07
2026-09-06T16:52:15.029,771,0,2,51,364,333,5539,1372,0,19623,0x07
2026-09-06T16:52:15.093,770,0,0,50,1429,420,20483,267,20,6033,0x07
2026-09-06T16:52:15.093,773,0,2,52,246,0,5499,1494,19,21104,0x07
2026-09-06T16:52:15.158,772,0,0,51,1429,235,21265,268,20,6040,0x07
2026-09-06T16:52:15.158,775,0,2,52,158,0,4406,1586,0,22359,0x07
2026-09-06T16:52:15.239,774,0,0,50,1429,260,21160,268,0,6123,0x07
2026-09-06T16:52:15.239,777,0,2,56,143,0,4226,1601,0,22552,0x07
2026-09-06T16:52:15.304,776,0,0,51,1430,275,21115,266,0,6106,0x07
2026-09-06T16:52:15.304,779,0,2,50,143,0,4226,1601,0,22552,0x07
2026-09-06T16:52:15.369,778,0,0,51,1409,353,20507,288,0,6379,0x07
2026-09-06T16:52:15.369,781,0,2,53,164,0,4476,1580,0,22283,0x07
2026-09-06T16:52:15.433,780,0,0,50,1385,420,19916,313,0,6684,0x07
2026-09-06T16:52:15.433,783,0,2,50,164,0,4476,1580,0,22283,0x07
2026-09-06T16:52:15.498,782,0,0,51,1337,471,19072,363,0,7310,0x07
2026-09-06T16:52:15.498,785,0,2,52,174,0,4601,1570,0,22148,0x07
2026-09-06T16:52:15.563,784,0,0,50,1270,600,17658,433,0,8171,0x07
2026-09-06T16:52:15.563,787,0,2,51,172,0,4580,1572,0,22172,0x07
2026-09-06T16:52:15.628,786,0,0,51,1270,608,17625,433,0,8171,0x07
2026-09-06T16:52:15.628,789,0,2,51,149,0,4292,1596,0,22481,0x07
2026-09-06T16:52:15.694,788,0,0,50,1222,660,16783,482,0,8789,0x07
2026-09-06T16:52:15.694,791,0,2,50,171,0,4568,1573,0,22185,0x07
2026-09-06T16:52:15.760,790,0,0,50,1125,660,15527,583,0,10041,0x07
2026-09-06T16:52:15.760,793,0,2,51,170,0,4560,0,0,22497,0x07
2026-09-06T16:52:15.840,792,0,0,50,1047,620,14693,664,0,11040,0x07
2026-09-06T16:52:15.840,795,0,2,51,3374,0,40000,0,0,3527,0x07
2026-09-06T16:52:15.905,794,0,0,50,1483,660,20154,1205,0,17763,0x07
2026-09-06T16:52:15.905,797,0,2,51,1522,176,20534,171,98,3838,0x07
2026-09-06T16:52:15.970,796,0,0,51,2232,627,29983,2142,20,29329,0x07
2026-09-06T16:52:15.970,799,0,2,50,1514,0,21183,180,120,3851,0x07
2026-09-06T16:52:16.036,798,0,0,50,2823,900,36472,2896,400,37074,0x07
2026-09-06T16:52:16.036,801,0,2,51,1476,0,20720,218,137,4275,0x07
2026-09-06T16:52:16.100,800,0,0,51,3159,1078,40000,3325,706,40000,0x07
2026-09-06T16:52:16.100,803,0,2,50,1476,0,20720,218,140,4263,0x07
2026-09-06T16:52:16.165,802,0,0,50,3275,1320,40000,3500,1020,40000,0x07
2026-09-06T16:52:16.165,805,0,2,50,1472,0,20670,223,180,4147,0x07
2026-09-06T16:52:16.231,804,0,0,51,3024,1549,36325,3500,1490,39946,0x07
2026-09-06T16:52:16.231,807,0,2,55,1687,0,23325,-1750,0,24456,0x07
2026-09-06T16:52:16.296,806,0,0,50,2264,1740,25673,3013,980,36066,0x07
2026-09-06T16:52:16.296,809,0,2,52,1687,0,23325,-1750,-1385,18571,0x07
2026-09-06T16:52:16.377,808,0,0,51,52,922,529,1696,1098,19206,0x07
2026-09-06T16:52:16.377,811,0,2,51,1687,0,23325,-1750,-647,21706,0x07
2026-09-06T16:52:16.442,810,0,0,55,-135,-36,5365,1890,1200,21173,0x07
2026-09-06T16:52:16.442,813,0,2,51,1687,20,23241,-1750,-529,22206,0x07
2026-09-06T16:52:16.507,812,0,0,51,0,0,33092,0,0,18782,0x07
2026-09-06T16:52:16.507,815,0,2,50,1687,480,21285,-1750,-900,20630,0x07
2026-09-06T16:52:16.573,814,0,0,50,3374,1060,40000,0,0,9708,0x07
2026-09-06T16:52:16.573,817,0,2,50,1687,680,20435,-1750,-1120,19696,0x07
2026-09-06T16:52:16.638,816,0,0,51,872,392,13391,846,608,10718,0x07
2026-09-06T16:52:16.638,819,0,2,51,0,0,0,0,0,0,0x03
2026-09-06T16:52:16.704,818,0,0,50,1980,400,27697,2238,480,28556,0x07
2026-09-06T16:52:16.704,821,0,2,57,918,18,13736,798,18,12195,0x07
2026-09-06T16:52:16.768,820,0,0,50,2971,520,40000,3278,400,40000,0x07
2026-09-06T16:52:16.768,823,0,2,51,918,902,9977,798,412,10520,0x07
2026-09-06T16:52:16.834,822,0,0,54,3026,1019,38597,3500,963,40000,0x07
2026-09-06T16:52:16.834,825,0,2,51,906,1176,8666,810,98,12010,0x07
2026-09-06T16:52:16.899,824,0,0,50,3026,1220,37741,3500,1300,40000,0x07
2026-09-06T16:52:16.899,827,0,2,50,2602,960,30566,3016,360,39118,0x07
2026-09-06T16:52:16.965,826,0,0,50,2445,1480,29127,3111,1540,34899,0x07
2026-09-06T16:52:16.965,829,0,2,55,2459,1382,27007,3248,2600,32572,0x07
2026-09-06T16:52:17.046,828,0,0,51,1311,1471,14490,2183,1706,22671,0x07
2026-09-06T16:52:17.046,831,0,2,51,2459,1627,25963,3248,2510,32955,0x07
2026-09-06T16:52:17.110,830,0,0,57,-40,-53,4069,1791,1456,18862,0x07
2026-09-06T16:52:17.110,833,0,2,51,1681,1784,15671,2453,2078,24620,0x07
2026-09-06T16:52:17.175,832,0,0,50,0,0,33092,0,0,18625,0x07
2026-09-06T16:52:17.175,835,0,2,50,837,1180,7795,1656,1660,16200,0x07
2026-09-06T16:52:17.240,834,0,0,51,3374,1078,40000,0,0,10672,0x07
2026-09-06T16:52:17.240,837,0,2,51,408,980,3336,1326,1667,11953,0x07
2026-09-06T16:52:17.305,836,0,0,56,2279,500,31145,2741,804,33432,0x07
2026-09-06T16:52:17.305,839,0,2,50,354,1080,2246,1382,1480,13463,0x07
2026-09-06T16:52:17.371,838,0,0,50,2279,1180,28255,2741,1480,30558,0x07
2026-09-06T16:52:17.371,841,0,2,52,312,558,3939,1427,1308,14759,0x07
2026-09-06T16:52:17.435,840,0,0,50,3100,920,39981,3500,960,40000,0x07
2026-09-06T16:52:17.435,843,0,2,51,312,490,4226,1427,1392,14400,0x07
2026-09-06T16:52:17.500,842,0,0,50,2528,1060,31986,3368,1200,39545,0x07
2026-09-06T16:52:17.501,845,0,2,51,331,431,4718,1406,1314,14474,0x07
2026-09-06T16:52:17.582,844,0,0,51,1029,902,13258,2053,1275,22887,0x07
2026-09-06T16:52:17.582,847,0,2,51,438,412,6125,1295,1176,13638,0x07
2026-09-06T16:52:17.646,846,0,0,50,229,1020,2407,1512,1300,16060,0x07
2026-09-06T16:52:17.646,849,0,2,51,629,529,7984,1098,1118,11358,0x07
2026-09-06T16:52:17.712,848,0,0,51,2,588,1308,0,0,19815,0x07
2026-09-06T16:52:17.712,851,0,2,52,629,692,7292,1098,1058,11613,0x07
2026-09-06T16:52:17.777,850,0,0,50,3374,1460,40000,0,0,8478,0x07
2026-09-06T16:52:17.777,853,0,2,50,1099,640,13333,1444,1100,15871,0x07
2026-09-06T16:52:17.842,852,0,0,50,1017,1160,12005,695,140,10837,0x07
2026-09-06T16:52:17.842,855,0,2,51,2010,902,23487,2263,1157,26104,0x07
2026-09-06T16:52:17.907,854,0,0,51,890,686,12372,827,569,10654,0x07
2026-09-06T16:52:17.907,857,0,2,51,2697,1118,31065,2865,1451,32556,0x07
2026-09-06T16:52:17.972,856,0,0,51,2212,843,28808,2455,196,32458,0x07
2026-09-06T16:52:17.972,859,0,2,50,2729,1400,30261,3052,1700,33889,0x07
2026-09-06T16:52:18.037,858,0,0,50,3090,820,40000,3500,0,40000,0x07
2026-09-06T16:52:18.037,861,0,2,57,3262,2158,33640,3382,2228,35873,0x07
2026-09-06T16:52:18.119,860,0,0,50,3091,1000,39523,3500,0,40000,0x07
2026-09-06T16:52:18.119,863,0,2,51,3262,2373,32728,3382,2451,34926,0x07
2026-09-06T16:52:18.184,862,0,0,52,1729,1385,20257,2490,0,33735,0x07
2026-09-06T16:52:18.184,865,0,2,50,3237,2620,31368,3449,2460,35732,0x07
2026-09-06T16:52:18.248,864,0,0,51,1729,1353,20391,2490,627,31068,0x07
2026-09-06T16:52:18.248,867,0,2,55,3200,2909,29683,3447,2836,34116,0x07
2026-09-06T16:52:18.313,866,0,0,51,867,824,11496,1688,471,21764,0x07
2026-09-06T16:52:18.313,869,0,2,52,3200,3038,29134,3447,3038,33257,0x07
2026-09-06T16:52:18.377,868,0,0,51,402,59,8726,1334,196,18530,0x07
2026-09-06T16:52:18.377,871,0,2,50,3090,3100,27507,3418,3060,32788,0x07
2026-09-06T16:52:18.442,870,0,0,51,319,39,7732,1420,0,20432,0x07
2026-09-06T16:52:18.442,873,0,2,50,2846,2700,26194,3288,3160,30707,0x07
2026-09-06T16:52:18.507,872,0,0,50,246,40,6794,1494,40,21193,0x07
2026-09-06T16:52:18.507,875,0,2,51,0,0,0,0,0,0,0x03
2026-09-06T16:52:18.572,874,0,0,51,224,20,6593,1518,20,21566,0x07
2026-09-06T16:52:18.572,877,0,2,50,0,0,10361,0,0,18815,0x07
2026-09-06T16:52:18.654,876,0,0,54,219,0,6606,1523,0,21721,0x07
2026-09-06T16:52:18.654,879,0,2,51,974,39,14333,1960,137,26563,0x07
2026-09-06T16:52:18.719,878,0,0,50,225,0,6693,1516,0,21633,0x07
2026-09-06T16:52:18.719,881,0,2,55,-914,-18,13683,1464,1000,16551,0x07
2026-09-06T16:52:18.783,880,0,0,51,232,0,6776,1510,0,21551,0x07
2026-09-06T16:52:18.783,883,0,2,50,-914,-860,10106,1464,220,19866,0x07
2026-09-06T16:52:18.848,882,0,0,50,239,0,6868,1502,0,21459,0x07
2026-09-06T16:52:18.848,885,0,2,52,0,0,2501,937,192,13235,0x07
2026-09-06T16:52:18.914,884,0,0,50,246,0,6955,1495,0,21372,0x07
2026-09-06T16:52:18.914,887,0,2,51,6,0,2527,1073,0,15790,0x07
2026-09-06T16:52:18.979,886,0,0,51,252,0,7038,1489,0,21289,0x07
2026-09-06T16:52:18.979,889,0,2,52,0,0,0,0,0,0,0x03
2026-09-06T16:52:19.044,891,0,2,51,0,0,4919,0,0,11721,0x07
2026-09-06T16:52:19.110,888,0,0,52,257,0,7099,1484,0,21230,0x07
2026-09-06T16:52:19.110,891,0,2,53,304,208,5327,1130,19,16444,0x07
2026-09-06T16:52:19.191,890,0,0,52,260,0,7147,1480,0,21181,0x07
2026-09-06T16:52:19.191,891,0,2,50,304,0,6210,1130,0,16524,0x07
2026-09-06T16:52:19.240,890,0,0,54,262,0,7174,1478,0,21155,0x07
2026-09-06T16:52:19.240,897,0,2,50,0,0,5919,0,0,12367,0x07
2026-09-06T16:52:19.321,896,0,0,51,0,0,6070,0,0,14863,0x07
2026-09-06T16:52:19.321,899,0,2,52,447,96,7578,1286,115,18031,0x07
2026-09-06T16:52:19.387,901,0,2,52,447,96,7578,1286,115,18031,0x07
2026-09-06T16:52:19.452,898,0,0,51,264,0,7191,1476,0,21137,0x07
2026-09-06T16:52:19.452,901,0,2,50,446,160,7287,1288,340,17095,0x07
2026-09-06T16:52:19.518,900,0,0,51,264,0,7191,1477,20,21058,0x07
2026-09-06T16:52:19.518,901,0,2,52,446,192,7150,1288,442,16660,0x07
2026-09-06T16:52:19.583,900,0,0,50,264,0,7187,1477,0,21142,0x07
2026-09-06T16:52:19.583,907,0,2,57,425,0,7712,1309,0,18813,0x07
2026-09-06T16:52:19.649,906,0,0,52,263,0,7177,1477,0,21151,0x07
2026-09-06T16:52:19.649,909,0,2,50,425,120,7202,1309,380,17198,0x07
2026-09-06T16:52:19.713,908,0,0,52,263,0,7177,1477,19,21069,0x07
2026-09-06T16:52:19.713,911,0,2,51,428,176,6999,1306,314,17440,0x07
2026-09-06T16:52:19.778,910,0,0,51,262,0,7174,1478,0,21155,0x07
2026-09-06T16:52:19.778,913,0,2,51,454,137,7483,1279,588,15932,0x07
2026-09-06T16:52:19.844,912,0,0,50,262,0,7174,1478,0,21155,0x07
2026-09-06T16:52:19.844,915,0,2,52,449,154,7358,1284,288,17269,0x07
2026-09-06T16:52:19.926,914,0,0,55,262,0,7174,1478,0,21155,0x07
2026-09-06T16:52:19.926,917,0,2,51,3374,275,40000,2712,392,35103,0x07
2026-09-06T16:52:19.991,916,0,0,50,262,0,7174,1478,0,21155,0x07
2026-09-06T16:52:19.991,919,0,2,50,2994,940,35506,3283,1300,38541,0x07
2026-09-06T16:52:20.056,918,0,0,50,262,0,7174,1478,0,21155,0x07
2026-09-06T16:52:20.056,921,0,2,50,2969,1340,33498,3287,2440,33749,0x07
2026-09-06T16:52:20.122,920,0,0,51,262,0,7174,1478,0,21155,0x07
2026-09-06T16:52:20.122,923,0,2,50,2930,1400,32750,3266,1740,36455,0x07
2026-09-06T16:52:20.186,922,0,0,51,262,0,7174,1478,0,21155,0x07
2026-09-06T16:52:20.186,925,0,2,50,2347,1100,26811,2914,2020,30769,0x07
2026-09-06T16:52:20.252,924,0,0,50,262,0,7174,1478,0,21155,0x07
2026-09-06T16:52:20.252,927,0,2,50,2347,1660,24431,2914,1380,33489,0x07
2026-09-06T16:52:20.317,926,0,0,52,262,0,7174,1478,0,21155,0x07
2026-09-06T16:52:20.317,929,0,2,51,1655,1275,17507,2364,1118,27561,0x07
2026-09-06T16:52:20.382,928,0,0,50,262,0,7174,1478,0,21155,0x07
2026-09-06T16:52:20.382,931,0,2,50,44,1320,6629,1705,1400,17928,0x07
2026-09-06T16:52:20.463,930,0,0,50,262,0,7174,1478,0,21155,0x07
2026-09-06T16:52:20.463,933,0,2,51,379,686,4218,1357,1294,13931,0x07
2026-09-06T16:52:20.529,932,0,0,50,262,0,7174,1478,0,21155,0x07
2026-09-06T16:52:20.529,935,0,2,51,379,902,3302,1357,1255,14097,0x07
2026-09-06T16:52:20.593,934,0,0,50,262,0,7174,1478,0,21155,0x07
2026-09-06T16:52:20.593,937,0,2,52,341,365,5115,1396,865,16254,0x07
2026-09-06T16:52:20.658,936,0,0,51,262,0,7174,1478,0,21155,0x07
2026-09-06T16:52:20.658,939,0,2,56,383,54,6966,1352,250,18305,0x07
2026-09-06T16:52:20.723,941,0,2,50,383,200,6344,1352,20,19283,0x07
2026-09-06T16:52:20.787,940,0,0,50,262,0,7174,1478,0,21155,0x07
2026-09-06T16:52:20.787,941,0,2,50,511,120,8270,1219,0,17666,0x07
2026-09-06T16:52:20.852,942,0,0,52,262,0,7174,1478,0,21155,0x07
2026-09-06T16:52:20.852,941,0,2,50,511,160,8100,1219,20,17581,0x07
2026-09-06T16:52:20.918,942,0,0,51,262,0,7174,1478,0,21155,0x07
2026-09-06T16:52:20.918,947,0,2,51,0,0,6500,0,0,12600,0x07
2026-09-06T16:52:20.999,946,0,0,55,262,0,7174,1478,0,21155,0x07
2026-09-06T16:52:20.999,949,0,2,50,498,20,8533,1233,20,17755,0x07
2026-09-06T16:52:21.048,948,0,0,50,262,0,7174,1478,0,21155,0x07
2026-09-06T16:52:21.048,951,0,2,50,492,0,8542,1239,0,17921,0x07
2026-09-06T16:52:21.129,950,0,0,50,262,0,7174,1478,0,21155,0x07
2026-09-06T16:52:21.129,953,0,2,50,465,0,8201,1268,0,18288,0x07
2026-09-06T16:52:21.194,952,0,0,51,262,0,7174,1478,0,21155,0x07
2026-09-06T16:52:21.194,955,0,2,51,483,0,8434,1248,0,18038,0x07
2026-09-06T16:52:21.259,954,0,0,50,262,0,7174,1478,0,21155,0x07
2026-09-06T16:52:21.259,957,0,2,50,459,0,8134,1274,460,16405,0x07
2026-09-06T16:52:21.325,956,0,0,51,262,0,7174,1478,0,21155,0x07
2026-09-06T16:52:21.325,959,0,2,51,477,0,8359,1255,1510,11702,0x07
2026-09-06T16:52:21.390,958,0,0,56,262,0,7174,1478,0,21155,0x07
2026-09-06T16:52:21.390,961,0,2,50,374,0,7073,1363,940,15503,0x07
2026-09-06T16:52:21.455,960,0,0,50,262,0,7174,1478,0,21155,0x07
2026-09-06T16:52:21.455,963,0,2,51,411,0,7537,1324,59,18751,0x07
2026-09-06T16:52:21.535,962,0,0,51,262,0,7174,1478,0,21155,0x07
2026-09-06T16:52:21.535,965,0,2,55,401,0,7412,1335,364,17594,0x07
2026-09-06T16:52:21.600,967,0,2,50,401,0,7412,1335,680,16250,0x07
2026-09-06T16:52:21.665,964,0,0,52,262,0,7174,1478,0,21155,0x07
2026-09-06T16:52:21.665,967,0,2,50,402,0,7428,1333,20,19031,0x07
2026-09-06T16:52:21.730,966,0,0,55,262,0,7174,1478,0,21155,0x07
2026-09-06T16:52:21.730,967,0,2,54,402,0,7428,1333,19,19038,0x07
2026-09-06T16:52:21.794,966,0,0,50,262,0,7174,1478,0,21155,0x07
2026-09-06T16:52:21.794,973,0,2,51,0,0,5768,0,0,13399,0x07
2026-09-06T16:52:21.860,972,0,0,50,0,0,6058,0,0,14875,0x07
2026-09-06T16:52:21.860,975,0,2,51,408,0,7503,1326,59,18787,0x07
2026-09-06T16:52:21.925,974,0,0,52,262,0,7174,1478,19,21073,0x07
2026-09-06T16:52:21.925,977,0,2,50,410,0,7520,1325,80,18679,0x07
2026-09-06T16:52:21.990,976,0,0,51,262,0,7174,1478,0,21155,0x07
2026-09-06T16:52:21.990,979,0,2,51,411,20,7449,1324,373,17423,0x07
2026-09-06T16:52:22.071,978,0,0,55,262,0,7174,1478,0,21155,0x07
2026-09-06T16:52:22.071,981,0,2,50,411,20,7452,1324,320,17641,0x07
2026-09-06T16:52:22.120,980,0,0,56,262,0,7174,1478,0,21155,0x07
2026-09-06T16:52:22.120,983,0,2,52,411,0,7540,1323,38,18833,0x07
2026-09-06T16:52:22.201,982,0,0,50,262,0,7174,1478,0,21155,0x07
2026-09-06T16:52:22.201,985,0,2,51,416,0,7603,0,0,17018,0x07
2026-09-06T16:52:22.267,984,0,0,51,262,0,7174,1478,0,21155,0x07
2026-09-06T16:52:22.267,987,0,2,51,1687,0,23325,-1750,-549,22122,0x07
2026-09-06T16:52:22.332,986,0,0,51,262,0,7174,1478,0,21155,0x07
2026-09-06T16:52:22.332,989,0,2,50,1687,40,23155,-1750,-1680,17316,0x07
2026-09-06T16:52:22.397,988,0,0,51,262,0,7174,1478,0,21155,0x07
2026-09-06T16:52:22.397,991,0,2,50,1687,20,23240,-1750,-420,22670,0x07
2026-09-06T16:52:22.462,990,0,0,50,262,0,7174,1478,0,21155,0x07
2026-09-06T16:52:22.463,993,0,2,51,1687,20,23241,-1750,-647,21706,0x07
2026-09-06T16:52:22.528,992,0,0,53,262,0,7174,1478,0,21155,0x07
2026-09-06T16:52:22.528,995,0,2,50,1687,220,22390,-1750,-840,20886,0x07
2026-09-06T16:52:22.593,994,0,0,50,262,0,7174,1478,0,21155,0x07
2026-09-06T16:52:22.593,997,0,2,54,0,0,0,0,0,0,0x03
2026-09-06T16:52:22.658,996,0,0,52,262,0,7174,1478,0,21155,0x07
2026-09-06T16:52:22.658,999,0,2,52,0,0,3559,0,0,18225,0x07
2026-09-06T16:52:22.740,998,0,0,50,277,0,7357,1463,0,20973,0x07
2026-09-06T16:52:22.740,1001,0,2,52,0,0,29858,0,0,21378,0x07
2026-09-06T16:52:22.804,1000,0,0,51,384,0,8750,1351,0,19585,0x07
2026-09-06T16:52:22.805,1003,0,2,51,3374,510,40000,0,0,6708,0x07
2026-09-06T16:52:22.870,1002,0,0,51,475,0,9923,1257,0,18416,0x07
2026-09-06T16:52:22.870,1005,0,2,50,1163,680,13952,544,480,6978,0x07
2026-09-06T16:52:22.934,1004,0,0,54,535,56,10470,1195,37,17480,0x07
2026-09-06T16:52:22.934,1007,0,2,50,983,1000,10367,730,540,9111,0x07
2026-09-06T16:52:22.999,1006,0,0,50,535,60,10451,1195,20,17553,0x07
2026-09-06T16:52:22.999,1009,0,2,51,1888,706,22817,1774,314,23426,0x07
2026-09-06T16:52:23.064,1008,0,0,52,547,0,10850,1183,0,17494,0x07
2026-09-06T16:52:23.064,1011,0,2,51,1888,804,22400,1774,784,21426,0x07
2026-09-06T16:52:23.129,1010,0,0,50,559,0,11007,1171,20,17257,0x07
2026-09-06T16:52:23.129,1013,0,2,50,2650,1020,30909,2708,880,32973,0x07
2026-09-06T16:52:23.194,1012,0,0,50,548,0,10871,1181,0,17471,0x07
2026-09-06T16:52:23.194,1015,0,2,50,3075,1320,34889,3211,1280,37707,0x07
2026-09-06T16:52:23.275,1014,0,0,50,529,0,10622,1201,0,17720,0x07
2026-09-06T16:52:23.275,1017,0,2,50,3265,2000,34354,3500,2660,35541,0x07
2026-09-06T16:52:23.340,1016,0,0,50,529,0,10622,1201,0,17720,0x07
2026-09-06T16:52:23.340,1019,0,2,50,3262,2220,33373,3500,3020,34011,0x07
2026-09-06T16:52:23.405,1018,0,0,51,529,627,7951,1202,882,13974,0x07
2026-09-06T16:52:23.405,1021,0,2,52,2601,2500,24005,3176,3231,28969,0x07
2026-09-06T16:52:23.470,1020,0,0,50,529,680,7728,1202,640,15004,0x07
2026-09-06T16:52:23.470,1023,0,2,51,2601,2627,23463,3176,2686,31283,0x07
2026-09-06T16:52:23.535,1025,0,2,50,1792,2420,14333,2537,2520,23816,0x07
2026-09-06T16:52:23.601,1025,0,2,50,705,1340,5482,1589,1800,14750,0x07
2026-09-06T16:52:23.667,1024,0,0,51,347,59,8020,1390,98,19646,0x07
2026-09-06T16:52:23.667,1027,0,2,51,705,1373,5344,1589,1745,14983,0x07
2026-09-06T16:52:23.732,1026,0,0,52,228,0,6728,1513,154,20944,0x07
2026-09-06T16:52:23.732,1027,0,2,51,384,1314,1615,1352,1529,12863,0x07
2026-09-06T16:52:23.797,1028,0,0,53,196,0,6319,1546,0,22008,0x07
2026-09-06T16:52:23.797,1033,0,2,51,384,490,5115,1352,1020,15030,0x07
2026-09-06T16:52:23.878,1032,0,0,51,196,0,6319,1546,0,22008,0x07
2026-09-06T16:52:23.878,1035,0,2,56,248,357,3999,1493,339,19726,0x07
2026-09-06T16:52:23.942,1034,0,0,50,210,0,6493,1532,0,21832,0x07
2026-09-06T16:52:23.943,1037,0,2,50,248,280,4327,1493,40,20998,0x07
2026-09-06T16:52:24.007,1036,0,0,50,12,0,3930,1738,0,24385,0x07
2026-09-06T16:52:24.007,1039,0,2,53,248,0,5520,1493,0,21164,0x07
2026-09-06T16:52:24.073,1038,0,0,52,365,19,8414,1372,0,19838,0x07
2026-09-06T16:52:24.073,1041,0,2,55,260,0,5671,1480,0,21007,0x07
2026-09-06T16:52:24.137,1040,0,0,50,239,0,6864,1503,0,21464,0x07
2026-09-06T16:52:24.137,1043,0,2,50,260,0,5671,1480,0,21007,0x07
2026-09-06T16:52:24.202,1042,0,0,50,248,0,6986,1493,0,21341,0x07
2026-09-06T16:52:24.202,1045,0,2,50,252,0,5575,1488,0,21106,0x07
2026-09-06T16:52:24.268,1044,0,0,50,248,0,6986,1493,0,21341,0x07
2026-09-06T16:52:24.268,1047,0,2,57,265,0,5733,1475,0,20934,0x07
2026-09-06T16:52:24.333,1046,0,0,50,250,0,7017,1490,0,21311,0x07
2026-09-06T16:52:24.333,1049,0,2,57,265,0,5733,1475,0,20934,0x07
2026-09-06T16:52:24.397,1048,0,0,50,35,0,4236,1713,0,24081,0x07
2026-09-06T16:52:24.397,1051,0,2,51,271,0,5800,1469,0,20864,0x07
2026-09-06T16:52:24.478,1050,0,0,52,194,0,6292,1548,0,22034,0x07
2026-09-06T16:52:24.478,1053,0,2,50,292,0,6059,1448,0,20585,0x07
2026-09-06T16:52:24.543,1052,0,0,52,174,0,6030,1569,0,22294,0x07
2026-09-06T16:52:24.543,1055,0,2,51,321,0,6418,1418,0,20201,0x07
2026-09-06T16:52:24.609,1054,0,0,50,389,0,8810,1346,0,19524,0x07
2026-09-06T16:52:24.609,1057,0,2,50,322,0,6431,1416,0,20188,0x07
2026-09-06T16:52:24.674,1056,0,0,50,250,0,7013,1491,0,21320,0x07
2026-09-06T16:52:24.739,1058,0,0,52,270,0,7270,1470,0,21058,0x07
2026-09-06T16:52:24.739,1061,0,2,52,320,0,6405,1419,0,20215,0x07
2026-09-06T16:52:24.803,1060,0,0,51,250,0,7007,1491,0,21320,0x07
2026-09-06T16:52:24.804,1061,0,2,52,296,0,6109,1443,0,20532,0x07
2026-09-06T16:52:24.884,1060,0,0,51,249,0,6995,1492,0,21333,0x07
2026-09-06T16:52:24.884,1065,0,2,52,296,0,6109,1443,0,20532,0x07
2026-09-06T16:52:24.933,1060,0,0,50,249,0,6995,1492,0,21333,0x07
2026-09-06T16:52:24.933,1067,0,2,51,297,0,6125,1442,0,20514,0x07
2026-09-06T16:52:25.014,1066,0,0,51,0,0,5938,0,0,14994,0x07
2026-09-06T16:52:25.014,1069,0,2,50,318,0,6389,1420,0,20232,0x07
2026-09-06T16:52:25.079,1068,0,0,52,249,0,6995,1492,19,21255,0x07
2026-09-06T16:52:25.079,1071,0,2,52,321,0,6422,1417,0,20197,0x07
2026-09-06T16:52:25.143,1073,0,2,51,302,0,6188,1437,0,20447,0x07
2026-09-06T16:52:25.209,1072,0,0,50,270,0,7266,1470,0,21064,0x07
2026-09-06T16:52:25.209,1073,0,2,50,322,0,6438,1416,0,20178,0x07
2026-09-06T16:52:25.338,1074,0,0,51,250,0,7013,1491,0,21320,0x07
2026-09-06T16:52:25.338,65535,0,2,51,0,0,0,0,0,0,0x0b
2026-09-06T16:52:25.419,1074,0,0,51,249,0,6999,1492,0,21329,0x07
2026-09-06T16:52:25.419,1079,0,2,53,279,0,5905,1461,0,20751,0x07
2026-09-06T16:52:25.484,1078,0,0,51,249,0,6999,1492,0,21329,0x07
2026-09-06T16:52:25.484,1083,0,2,51,279,0,5905,0,0,17018,0x07
2026-09-06T16:52:25.549,1080,0,0,50,249,0,6995,1492,0,21333,0x07
2026-09-06T16:52:25.549,1085,0,2,51,1687,20,23241,-1750,-588,21956,0x07
2026-09-06T16:52:25.615,1084,0,0,51,249,0,6995,1492,0,21333,0x07
2026-09-06T16:52:25.615,1087,0,2,55,1687,400,21625,-1750,-509,22292,0x07
2026-09-06T16:52:25.680,1086,0,0,53,257,0,7099,1484,0,21230,0x07
2026-09-06T16:52:25.680,1089,0,2,50,1687,840,19755,-1750,-480,22416,0x07
2026-09-06T16:52:25.744,1088,0,0,50,257,0,7099,1484,0,21230,0x07
2026-09-06T16:52:25.744,1091,0,2,50,1687,560,20945,-1750,-900,20630,0x07
2026-09-06T16:52:25.810,1090,0,0,50,249,0,6995,1492,0,21333,0x07
2026-09-06T16:52:25.810,1093,0,2,51,0,0,0,0,0,0,0x03
2026-09-06T16:52:25.875,1092,0,0,52,248,0,6990,1492,0,21337,0x07
2026-09-06T16:52:25.875,1095,0,2,52,0,0,29858,0,0,20786,0x07
2026-09-06T16:52:25.940,1094,0,0,50,248,0,6990,1492,0,21337,0x07
2026-09-06T16:52:25.940,1097,0,2,50,3374,1040,39778,0,0,5539,0x07
2026-09-06T16:52:26.005,1096,0,0,51,249,0,6995,1492,0,21333,0x07
2026-09-06T16:52:26.006,1099,0,2,51,1295,1490,12140,407,176,6517,0x07
2026-09-06T16:52:26.087,1098,0,0,50,249,0,6999,1492,0,21333,0x07
2026-09-06T16:52:26.087,1101,0,2,54,1107,1148,11265,602,296,8507,0x07
2026-09-06T16:52:26.151,1100,0,0,54,249,0,7003,1491,0,21324,0x07
2026-09-06T16:52:26.152,1103,0,2,50,1107,940,12149,602,0,9766,0x07
2026-09-06T16:52:26.217,1102,0,0,50,249,0,7003,1491,0,21324,0x07
2026-09-06T16:52:26.217,1105,0,2,52,1005,846,11296,707,115,10619,0x07
2026-09-06T16:52:26.282,1104,0,0,51,250,0,7007,1491,0,21320,0x07
2026-09-06T16:52:26.282,1107,0,2,51,1860,961,21383,1847,686,22779,0x07
2026-09-06T16:52:26.347,1106,0,0,52,88,0,4912,1659,0,23408,0x07
2026-09-06T16:52:26.347,1109,0,2,50,2841,1100,32922,3087,820,38081,0x07
2026-09-06T16:52:26.413,1108,0,0,51,294,0,7584,1445,0,20745,0x07
2026-09-06T16:52:26.413,1111,0,2,50,3219,1340,36587,3500,1800,39196,0x07
2026-09-06T16:52:26.478,1110,0,0,50,256,0,7096,1484,0,21233,0x07
2026-09-06T16:52:26.478,1113,0,2,56,2989,2143,30327,3447,2482,35621,0x07
2026-09-06T16:52:26.542,1112,0,0,63,224,0,6671,1518,0,21654,0x07
2026-09-06T16:52:26.542,1115,0,2,50,2989,2360,29404,3447,2680,34780,0x07
2026-09-06T16:52:26.624,1114,0,0,54,202,0,6392,1540,0,21933,0x07
2026-09-06T16:52:26.624,1117,0,2,50,2660,2500,24739,3182,2540,31981,0x07
2026-09-06T16:52:26.689,1116,0,0,50,202,0,6392,1540,0,21933,0x07
2026-09-06T16:52:26.689,1119,0,2,51,2139,2471,18415,2765,2451,27030,0x07
2026-09-06T16:52:26.753,1118,0,0,52,194,0,6288,1549,0,22038,0x07
2026-09-06T16:52:26.753,1121,0,2,51,1280,1725,10961,2063,2059,19708,0x07
2026-09-06T16:52:26.818,1120,0,0,52,174,0,6034,1569,0,22289,0x07
2026-09-06T16:52:26.818,1123,0,2,50,432,1260,2440,1302,1920,10562,0x07
2026-09-06T16:52:26.884,1122,0,0,50,155,0,5781,1589,0,22542,0x07
2026-09-06T16:52:26.884,1125,0,2,51,347,549,4410,1390,1373,14018,0x07
2026-09-06T16:52:26.949,1124,0,0,50,139,0,5576,1606,0,22746,0x07
2026-09-06T16:52:26.949,1127,0,2,57,238,105,4948,1503,281,20105,0x07
2026-09-06T16:52:27.014,1126,0,0,50,3374,0,40000,-2418,0,32843,0x07
2026-09-06T16:52:27.080,1129,0,2,52,238,173,4659,1503,346,19827,0x07
2026-09-06T16:52:27.145,1128,0,0,50,3374,320,40000,0,0,4293,0x07
2026-09-06T16:52:27.145,1131,0,2,50,280,120,5411,1459,60,20478,0x07
2026-09-06T16:52:27.227,1130,0,0,51,1511,392,21655,183,0,5071,0x07
2026-09-06T16:52:27.227,1133,0,2,56,367,0,6990,1370,0,19588,0x07
2026-09-06T16:52:27.276,1132,0,0,50,1533,680,20718,160,0,4784,0x07
2026-09-06T16:52:27.276,1137,0,2,50,367,0,6990,1370,0,19588,0x07
2026-09-06T16:52:27.357,1136,0,0,50,1500,680,20295,194,0,5210,0x07
2026-09-06T16:52:27.357,1139,0,2,51,391,0,7294,1344,0,19261,0x07
2026-09-06T16:52:27.422,1138,0,0,54,1325,704,17929,376,0,7462,0x07
2026-09-06T16:52:27.422,1141,0,2,52,373,0,7069,1363,0,19502,0x07
2026-09-06T16:52:27.487,1140,0,0,54,1325,704,17929,376,0,7462,0x07
2026-09-06T16:52:27.487,1143,0,2,51,390,0,7273,1346,0,19282,0x07
2026-09-06T16:52:27.553,1142,0,0,51,1232,314,18386,472,59,8408,0x07
2026-09-06T16:52:27.553,1145,0,2,51,402,0,7424,1333,0,19122,0x07
2026-09-06T16:52:27.618,1144,0,0,51,1172,98,18530,534,20,9344,0x07
2026-09-06T16:52:27.618,1147,0,2,52,401,0,7415,1334,0,19130,0x07
2026-09-06T16:52:27.684,1146,0,0,55,1112,18,18084,597,0,10210,0x07
2026-09-06T16:52:27.684,1149,0,2,51,401,0,7415,1334,0,19130,0x07
2026-09-06T16:52:27.749,1148,0,0,51,1112,0,18161,597,0,10210,0x07
2026-09-06T16:52:27.749,1151,0,2,52,398,0,7374,1338,0,19180,0x07
2026-09-06T16:52:27.814,1150,0,0,52,1110,0,18134,599,0,10236,0x07
2026-09-06T16:52:27.814,1153,0,2,50,396,0,7352,1339,0,19197,0x07
2026-09-06T16:52:27.895,1152,0,0,50,1124,0,18318,584,0,10054,0x07
2026-09-06T16:52:27.895,1155,0,2,51,395,0,7340,1340,0,19211,0x07
2026-09-06T16:52:27.961,1154,0,0,52,1137,0,18484,571,0,9888,0x07
2026-09-06T16:52:27.961,1157,0,2,50,394,0,7332,1341,0,19224,0x07
2026-09-06T16:52:28.010,1156,0,0,51,0,0,0,0,0,0,0x03
2026-09-06T16:52:28.010,1159,0,2,52,373,0,7069,1363,0,19502,0x07
