timestamp,sequence,team,robot_id,interval_ms,left_target_eps,left_measured_eps,left_duty,right_target_eps,right_measured_eps,right_duty,flags
2026-09-06T13:20:00.622-03:00,18,0,2,50,0,0,0,0,0,0,0x03
2026-09-06T13:20:00.640-03:00,19,0,2,52,0,0,0,0,0,0,0x03
2026-09-06T13:20:00.660-03:00,20,0,2,50,0,0,0,0,0,0,0x03
2026-09-06T13:20:00.683-03:00,20,0,2,50,0,0,0,0,0,0,0x03
2026-09-06T13:20:00.701-03:00,20,0,2,50,0,0,0,0,0,0,0x03
2026-09-06T13:20:00.719-03:00,20,0,2,50,0,0,0,0,0,0,0x03
2026-09-06T13:20:00.742-03:00,20,0,2,50,0,0,0,0,0,0,0x03
2026-09-06T13:20:00.762-03:00,20,0,2,52,0,0,0,0,0,0,0x03
2026-09-06T13:20:00.780-03:00,20,0,2,52,0,0,0,0,0,0,0x03
2026-09-06T13:20:00.802-03:00,20,0,2,52,0,0,0,0,0,0,0x03
2026-09-06T13:20:00.819-03:00,20,0,2,50,0,0,0,0,0,0,0x03
2026-09-06T13:20:00.842-03:00,9,0,2,50,0,0,10043,0,0,9854,0x07
2026-09-06T13:20:00.860-03:00,10,0,2,52,1012,58,14978,1050,0,15408,0x07
2026-09-06T13:20:00.883-03:00,11,0,2,52,1012,58,14978,1050,0,15408,0x07
2026-09-06T13:20:00.901-03:00,12,0,2,52,1012,58,14978,1050,0,15408,0x07
2026-09-06T13:20:00.919-03:00,13,0,2,50,1012,800,12011,1050,0,16458,0x07
2026-09-06T13:20:00.939-03:00,14,0,2,50,1012,800,12011,1050,0,16458,0x07
2026-09-06T13:20:00.962-03:00,15,0,2,50,1012,1180,10248,1050,0,17508,0x07
2026-09-06T13:20:00.980-03:00,16,0,2,50,1012,1180,10248,1050,0,17508,0x07
2026-09-06T13:20:01.003-03:00,17,0,2,50,1012,1180,10248,1050,0,17508,0x07
2026-09-06T13:20:01.023-03:00,18,0,2,51,1012,1098,10519,1050,0,18580,0x07
2026-09-06T13:20:01.041-03:00,19,0,2,51,1012,1098,10519,1050,0,18580,0x07
2026-09-06T13:20:01.061-03:00,20,0,2,52,1012,962,11145,1050,0,19672,0x07
2026-09-06T13:20:01.081-03:00,21,0,2,52,1012,962,11145,1050,0,19672,0x07
2026-09-06T13:20:01.101-03:00,22,0,2,52,1012,962,11145,1050,0,19672,0x07
2026-09-06T13:20:01.121-03:00,23,0,2,51,1012,941,11296,1050,510,18056,0x07
2026-09-06T13:20:01.141-03:00,24,0,2,51,1012,941,11296,1050,510,18056,0x07
2026-09-06T13:20:01.202-03:00,25,0,2,50,1012,1020,10954,1050,1340,14238,0x07
2026-09-06T13:20:01.202-03:00,26,0,2,50,1012,1020,10954,1050,1340,14238,0x07
2026-09-06T13:20:01.220-03:00,27,0,2,50,1012,1020,10954,1050,1340,14238,0x07
2026-09-06T13:20:01.243-03:00,28,0,2,54,1012,1074,10665,1050,1389,13664,0x07
2026-09-06T13:20:01.261-03:00,29,0,2,54,1012,1074,10665,1050,1389,13664,0x07
2026-09-06T13:20:01.284-03:00,30,0,2,54,1012,1074,10665,1050,1389,13664,0x07
2026-09-06T13:20:01.304-03:00,31,0,2,51,1012,1098,10486,1050,1216,14231,0x07
2026-09-06T13:20:01.321-03:00,32,0,2,51,1012,1098,10486,1050,1216,14231,0x07
2026-09-06T13:20:01.339-03:00,33,0,2,56,1012,1000,10914,1050,1125,14532,0x07
2026-09-06T13:20:01.359-03:00,34,0,2,56,1012,1000,10914,1050,1125,14532,0x07
2026-09-06T13:20:01.379-03:00,35,0,2,56,1012,1000,10914,1050,1125,14532,0x07
2026-09-06T13:20:01.402-03:00,36,0,2,55,1012,1000,10926,1050,1236,13854,0x07
2026-09-06T13:20:01.422-03:00,37,0,2,55,1012,1000,10926,1050,1236,13854,0x07
2026-09-06T13:20:01.442-03:00,38,0,2,55,1012,1000,10926,1050,1236,13854,0x07
2026-09-06T13:20:01.460-03:00,39,0,2,50,1012,980,11040,1050,1180,13964,0x07
2026-09-06T13:20:01.483-03:00,40,0,2,50,1012,980,11040,1050,1180,13964,0x07
2026-09-06T13:20:01.501-03:00,41,0,2,53,1012,1038,10771,1050,1151,13980,0x07
2026-09-06T13:20:01.519-03:00,42,0,2,53,1012,1038,10771,1050,1151,13980,0x07
2026-09-06T13:20:01.542-03:00,43,0,2,53,1012,1038,10771,1050,1151,13980,0x07
2026-09-06T13:20:01.560-03:00,44,0,2,51,1012,1039,10740,1050,1137,13949,0x07
2026-09-06T13:20:01.583-03:00,45,0,2,51,1012,1039,10740,1050,1137,13949,0x07
2026-09-06T13:20:01.619-03:00,46,0,2,51,1012,1039,10740,1050,1137,13949,0x07
2026-09-06T13:20:01.620-03:00,47,0,2,53,1012,1057,10624,1050,1094,14085,0x07
2026-09-06T13:20:01.639-03:00,48,0,2,53,1012,1057,10624,1050,1094,14085,0x07
2026-09-06T13:20:01.660-03:00,49,0,2,54,1012,981,10973,1050,1093,14046,0x07
2026-09-06T13:20:01.680-03:00,50,0,2,54,1012,981,10973,1050,1093,14046,0x07
2026-09-06T13:20:01.703-03:00,51,0,2,54,1012,981,10973,1050,1093,14046,0x07
2026-09-06T13:20:01.723-03:00,52,0,2,50,1012,1020,10802,1050,1080,14070,0x07
2026-09-06T13:20:01.742-03:00,53,0,2,50,1012,1020,10802,1050,1080,14070,0x07
2026-09-06T13:20:01.762-03:00,54,0,2,53,1012,1057,10605,1050,1057,14162,0x07
2026-09-06T13:20:01.780-03:00,55,0,2,53,1012,1057,10605,1050,1057,14162,0x07
2026-09-06T13:20:01.803-03:00,56,0,2,53,1012,1057,10605,1050,1057,14162,0x07
2026-09-06T13:20:01.821-03:00,57,0,2,50,1012,1060,10548,1050,1100,13928,0x07
2026-09-06T13:20:01.844-03:00,58,0,2,50,1012,1060,10548,1050,1100,13928,0x07
2026-09-06T13:20:01.862-03:00,59,0,2,50,1012,1060,10506,1050,1080,13982,0x07
2026-09-06T13:20:01.880-03:00,60,0,2,50,1012,1060,10506,1050,1080,13982,0x07
2026-09-06T13:20:01.903-03:00,61,0,2,50,1012,1060,10506,1050,1080,13982,0x07
2026-09-06T13:20:01.921-03:00,62,0,2,52,1012,1019,10673,1050,1096,13866,0x07
2026-09-06T13:20:01.939-03:00,63,0,2,52,1012,1019,10673,1050,1096,13866,0x07
2026-09-06T13:20:01.962-03:00,64,0,2,52,1012,1019,10673,1050,1096,13866,0x07
2026-09-06T13:20:01.980-03:00,65,0,2,66,1012,1015,10687,1050,1106,13750,0x07
2026-09-06T13:20:02.000-03:00,66,0,2,66,1012,1015,10687,1050,1106,13750,0x07
2026-09-06T13:20:02.023-03:00,67,0,2,66,1012,1015,10687,1050,1106,13750,0x07
2026-09-06T13:20:02.041-03:00,68,0,2,50,1012,1020,10659,1050,1020,14146,0x07
2026-09-06T13:20:02.059-03:00,69,0,2,50,1012,1020,10659,1050,1020,14146,0x07
2026-09-06T13:20:02.082-03:00,70,0,2,53,1012,1019,10658,1050,1075,13883,0x07
2026-09-06T13:20:02.100-03:00,71,0,2,53,1012,1019,10658,1050,1075,13883,0x07
2026-09-06T13:20:02.143-03:00,72,0,2,53,1012,1019,10658,1050,1075,13883,0x07
2026-09-06T13:20:02.187-03:00,73,0,2,50,1012,1040,10543,1050,1040,14044,0x07
2026-09-06T13:20:02.231-03:00,74,0,2,50,1012,1040,10543,1050,1040,14044,0x07
2026-09-06T13:20:02.275-03:00,75,0,2,50,1012,1000,10724,1050,1040,14054,0x07
2026-09-06T13:20:02.319-03:00,76,0,2,51,0,0,0,0,0,0,0x03
