timestamp,sequence,team,robot_id,interval_ms,left_target_eps,left_measured_eps,left_duty,right_target_eps,right_measured_eps,right_duty,flags
2026-09-06T13:04:54.353-03:00,79,0,2,50,0,0,0,0,0,0,0x03
2026-09-06T13:04:54.373-03:00,80,0,2,51,0,0,0,0,0,0,0x03
2026-09-06T13:04:54.393-03:00,1,0,2,50,0,0,10043,0,0,9854,0x07
2026-09-06T13:04:54.414-03:00,2,0,2,50,0,0,10043,0,0,9854,0x07
2026-09-06T13:04:54.432-03:00,3,0,2,51,1012,137,14551,1050,59,14688,0x07
2026-09-06T13:04:54.450-03:00,4,0,2,51,1012,137,14551,1050,59,14688,0x07
2026-09-06T13:04:54.473-03:00,5,0,2,56,1012,929,11271,1050,732,12046,0x07
2026-09-06T13:04:54.493-03:00,6,0,2,56,1012,929,11271,1050,732,12046,0x07
2026-09-06T13:04:54.512-03:00,7,0,2,56,1012,929,11271,1050,732,12046,0x07
2026-09-06T13:04:54.530-03:00,8,0,2,50,1012,1260,9643,1050,900,11424,0x07
2026-09-06T13:04:54.553-03:00,9,0,2,50,1012,1260,9643,1050,900,11424,0x07
2026-09-06T13:04:54.571-03:00,10,0,2,50,1012,1260,9643,1050,900,11424,0x07
2026-09-06T13:04:54.589-03:00,11,0,2,50,1012,1120,10143,1050,860,11711,0x07
2026-09-06T13:04:54.609-03:00,12,0,2,50,1012,1120,10143,1050,860,11711,0x07
2026-09-06T13:04:54.633-03:00,13,0,2,54,1012,1019,10568,1050,722,12515,0x07
2026-09-06T13:04:54.651-03:00,14,0,2,54,1012,1019,10568,1050,722,12515,0x07
2026-09-06T13:04:54.669-03:00,15,0,2,54,1012,1019,10568,1050,722,12515,0x07
2026-09-06T13:04:54.692-03:00,16,0,2,51,1012,941,10961,1050,824,12226,0x07
2026-09-06T13:04:54.711-03:00,17,0,2,51,1012,941,10961,1050,824,12226,0x07
2026-09-06T13:04:54.729-03:00,18,0,2,51,1012,941,10961,1050,824,12226,0x07
2026-09-06T13:04:54.752-03:00,19,0,2,53,1012,981,10820,1050,774,12619,0x07
2026-09-06T13:04:54.770-03:00,20,0,2,53,1012,981,10820,1050,774,12619,0x07
2026-09-06T13:04:54.793-03:00,21,0,2,54,1012,1056,10463,1050,815,12600,0x07
2026-09-06T13:04:54.811-03:00,22,0,2,54,1012,1056,10463,1050,815,12600,0x07
2026-09-06T13:04:54.834-03:00,23,0,2,54,1012,1056,10463,1050,815,12600,0x07
2026-09-06T13:04:54.854-03:00,24,0,2,52,1012,1058,10412,1050,769,12973,0x07
2026-09-06T13:04:54.872-03:00,25,0,2,52,1012,1058,10412,1050,769,12973,0x07
2026-09-06T13:04:54.892-03:00,26,0,2,52,1012,1038,10469,1050,827,12870,0x07
2026-09-06T13:04:54.911-03:00,27,0,2,52,1012,1038,10469,1050,827,12870,0x07
2026-09-06T13:04:54.934-03:00,28,0,2,52,1012,1038,10469,1050,827,12870,0x07
2026-09-06T13:04:54.951-03:00,29,0,2,51,1012,961,10846,1050,784,13218,0x07
2026-09-06T13:04:54.973-03:00,30,0,2,51,1012,961,10846,1050,784,13218,0x07
2026-09-06T13:04:54.990-03:00,31,0,2,51,1012,961,10846,1050,784,13218,0x07
2026-09-06T13:04:55.011-03:00,32,0,2,53,1012,981,10788,1050,849,13074,0x07
2026-09-06T13:04:55.029-03:00,33,0,2,53,1012,981,10788,1050,849,13074,0x07
2026-09-06T13:04:55.053-03:00,34,0,2,50,1012,1060,10411,1050,860,13144,0x07
2026-09-06T13:04:55.071-03:00,35,0,2,50,1012,1060,10411,1050,860,13144,0x07
2026-09-06T13:04:55.091-03:00,36,0,2,50,1012,1060,10411,1050,860,13144,0x07
2026-09-06T13:04:55.112-03:00,37,0,2,50,1012,1040,10471,1050,880,13164,0x07
2026-09-06T13:04:55.130-03:00,38,0,2,50,1012,1040,10471,1050,880,13164,0x07
2026-09-06T13:04:55.152-03:00,39,0,2,52,1012,1038,10454,1050,885,13250,0x07
2026-09-06T13:04:55.170-03:00,40,0,2,52,1012,1038,10454,1050,885,13250,0x07
2026-09-06T13:04:55.192-03:00,41,0,2,52,1012,1038,10454,1050,885,13250,0x07
2026-09-06T13:04:55.211-03:00,42,0,2,50,1012,980,10731,1050,900,13277,0x07
2026-09-06T13:04:55.234-03:00,43,0,2,50,1012,980,10731,1050,900,13277,0x07
2026-09-06T13:04:55.252-03:00,44,0,2,50,1012,940,10964,1050,880,13466,0x07
2026-09-06T13:04:55.270-03:00,45,0,2,50,1012,940,10964,1050,880,13466,0x07
2026-09-06T13:04:55.294-03:00,46,0,2,50,1012,940,10964,1050,880,13466,0x07
2026-09-06T13:04:55.312-03:00,47,0,2,50,1012,980,10823,1050,920,13376,0x07
2026-09-06T13:04:55.330-03:00,48,0,2,50,1012,980,10823,1050,920,13376,0x07
2026-09-06T13:04:55.351-03:00,49,0,2,50,1012,1020,10646,1050,920,13456,0x07
2026-09-06T13:04:55.371-03:00,50,0,2,50,1012,1020,10646,1050,920,13456,0x07
2026-09-06T13:04:55.394-03:00,51,0,2,50,1012,1020,10646,1050,920,13456,0x07
2026-09-06T13:04:55.413-03:00,52,0,2,56,1012,982,10837,1050,893,13680,0x07
2026-09-06T13:04:55.431-03:00,53,0,2,56,1012,982,10837,1050,893,13680,0x07
2026-09-06T13:04:55.451-03:00,54,0,2,56,1012,982,10837,1050,893,13680,0x07
2026-09-06T13:04:55.469-03:00,55,0,2,50,1012,980,10874,1050,860,13936,0x07
2026-09-06T13:04:55.489-03:00,56,0,2,50,1012,980,10874,1050,860,13936,0x07
2026-09-06T13:04:55.510-03:00,57,0,2,51,1012,961,11002,1050,902,13851,0x07
2026-09-06T13:04:55.569-03:00,58,0,2,51,1012,961,11002,1050,902,13851,0x07
2026-09-06T13:04:55.570-03:00,59,0,2,51,1012,961,11002,1050,902,13851,0x07
2026-09-06T13:04:55.589-03:00,60,0,2,50,1012,980,10949,1050,840,14243,0x07
2026-09-06T13:04:55.609-03:00,61,0,2,50,1012,980,10949,1050,840,14243,0x07
2026-09-06T13:04:55.630-03:00,62,0,2,51,1012,1020,10774,1050,922,13977,0x07
2026-09-06T13:04:55.653-03:00,63,0,2,51,1012,1020,10774,1050,922,13977,0x07
2026-09-06T13:04:55.671-03:00,64,0,2,56,1012,1018,10776,1050,946,13943,0x07
2026-09-06T13:04:55.689-03:00,65,0,2,56,1012,1018,10776,1050,946,13943,0x07
2026-09-06T13:04:55.710-03:00,66,0,2,56,1012,1018,10776,1050,946,13943,0x07
2026-09-06T13:04:55.733-03:00,67,0,2,51,1012,1059,10560,1050,922,14129,0x07
2026-09-06T13:04:55.753-03:00,68,0,2,51,1012,1059,10560,1050,922,14129,0x07
2026-09-06T13:04:55.773-03:00,69,0,2,51,1012,1059,10560,1050,922,14129,0x07
2026-09-06T13:04:55.791-03:00,70,0,2,54,1012,981,10918,1050,963,14011,0x07
2026-09-06T13:04:55.809-03:00,71,0,2,54,1012,981,10918,1050,963,14011,0x07
2026-09-06T13:04:55.833-03:00,72,0,2,50,1012,960,11055,1050,960,14079,0x07
2026-09-06T13:04:55.851-03:00,73,0,2,50,1012,960,11055,1050,960,14079,0x07
2026-09-06T13:04:55.869-03:00,74,0,2,50,1012,960,11055,1050,960,14079,0x07
2026-09-06T13:04:55.893-03:00,75,0,2,51,1012,941,11200,1050,980,14036,0x07
2026-09-06T13:04:55.913-03:00,76,0,2,51,1012,941,11200,1050,980,14036,0x07
2026-09-06T13:04:55.931-03:00,77,0,2,52,1012,1000,10961,1050,981,14079,0x07
2026-09-06T13:04:55.953-03:00,78,0,2,52,1012,1000,10961,1050,981,14079,0x07
2026-09-06T13:04:55.971-03:00,79,0,2,52,1012,1000,10961,1050,981,14079,0x07
2026-09-06T13:04:55.994-03:00,80,0,2,50,1012,1040,10766,1050,920,14417,0x07
2026-09-06T13:04:56.012-03:00,81,0,2,50,1012,1040,10766,1050,920,14417,0x07
2026-09-06T13:04:56.030-03:00,82,0,2,51,1012,1059,10644,1050,961,14300,0x07
2026-09-06T13:04:56.053-03:00,83,0,2,51,1012,1059,10644,1050,961,14300,0x07
2026-09-06T13:04:56.071-03:00,84,0,2,51,1012,1059,10644,1050,961,14300,0x07
2026-09-06T13:04:56.094-03:00,85,0,2,50,1012,980,11014,1050,960,14358,0x07
2026-09-06T13:04:56.112-03:00,86,0,2,50,1012,980,11014,1050,960,14358,0x07
2026-09-06T13:04:56.130-03:00,87,0,2,50,1012,980,11014,1050,960,14358,0x07
2026-09-06T13:04:56.150-03:00,88,0,2,54,1012,981,11037,1050,926,14585,0x07
2026-09-06T13:04:56.173-03:00,89,0,2,54,1012,981,11037,1050,926,14585,0x07
2026-09-06T13:04:56.194-03:00,90,0,2,54,1012,1037,10777,1050,926,14668,0x07
2026-09-06T13:04:56.214-03:00,91,0,2,54,1012,1037,10777,1050,926,14668,0x07
2026-09-06T13:04:56.232-03:00,92,0,2,54,1012,1037,10777,1050,926,14668,0x07
2026-09-06T13:04:56.250-03:00,93,0,2,51,1012,1039,10743,1050,941,14671,0x07
2026-09-06T13:04:56.270-03:00,94,0,2,51,1012,1039,10743,1050,941,14671,0x07
2026-09-06T13:04:56.293-03:00,95,0,2,51,1012,1039,10743,1050,941,14671,0x07
2026-09-06T13:04:56.313-03:00,96,0,2,54,1012,1074,10536,1050,981,14546,0x07
2026-09-06T13:04:56.331-03:00,97,0,2,54,1012,1074,10536,1050,981,14546,0x07
2026-09-06T13:04:56.349-03:00,98,0,2,56,1012,1018,10769,1050,982,14589,0x07
2026-09-06T13:04:56.373-03:00,99,0,2,56,1012,1018,10769,1050,982,14589,0x07
2026-09-06T13:04:56.391-03:00,100,0,2,56,1012,1018,10769,1050,982,14589,0x07
2026-09-06T13:04:56.414-03:00,101,0,2,50,1012,960,11061,1050,1020,14447,0x07
2026-09-06T13:04:56.432-03:00,102,0,2,50,1012,960,11061,1050,1020,14447,0x07
2026-09-06T13:04:56.450-03:00,103,0,2,50,1012,960,11061,1050,1020,14447,0x07
2026-09-06T13:04:56.473-03:00,104,0,2,53,1012,1019,10805,1050,1019,14472,0x07
2026-09-06T13:04:56.491-03:00,105,0,2,53,1012,1019,10805,1050,1019,14472,0x07
2026-09-06T13:04:56.509-03:00,106,0,2,53,1012,1038,10701,1050,962,14770,0x07
2026-09-06T13:04:56.533-03:00,107,0,2,53,1012,1038,10701,1050,962,14770,0x07
2026-09-06T13:04:56.553-03:00,108,0,2,53,1012,1038,10701,1050,962,14770,0x07
2026-09-06T13:04:56.573-03:00,109,0,2,51,1012,1020,10771,1050,980,14737,0x07
2026-09-06T13:04:56.591-03:00,110,0,2,51,1012,1020,10771,1050,980,14737,0x07
2026-09-06T13:04:56.614-03:00,111,0,2,52,1012,1019,10766,1050,981,14779,0x07
2026-09-06T13:04:56.632-03:00,112,0,2,52,1012,1019,10766,1050,981,14779,0x07
2026-09-06T13:04:56.650-03:00,113,0,2,52,1012,1019,10766,1050,981,14779,0x07
2026-09-06T13:04:56.673-03:00,114,0,2,50,1012,1000,10859,1050,1000,14728,0x07
2026-09-06T13:04:56.693-03:00,115,0,2,50,1012,1000,10859,1050,1000,14728,0x07
2026-09-06T13:04:56.711-03:00,116,0,2,50,1012,1000,10859,1050,1000,14728,0x07
2026-09-06T13:04:56.731-03:00,117,0,2,52,1012,1000,10870,1050,923,15136,0x07
2026-09-06T13:04:56.752-03:00,118,0,2,52,1012,1000,10870,1050,923,15136,0x07
2026-09-06T13:04:56.770-03:00,119,0,2,55,1012,1055,10597,1050,945,15112,0x07
2026-09-06T13:04:56.793-03:00,120,0,2,55,1012,1055,10597,1050,945,15112,0x07
2026-09-06T13:04:56.811-03:00,121,0,2,55,1012,1055,10597,1050,945,15112,0x07
2026-09-06T13:04:56.830-03:00,122,0,2,51,1012,1059,10537,1050,941,15198,0x07
2026-09-06T13:04:56.854-03:00,123,0,2,51,1012,1059,10537,1050,941,15198,0x07
2026-09-06T13:04:56.871-03:00,124,0,2,51,1012,1059,10537,1050,941,15198,0x07
2026-09-06T13:04:56.890-03:00,125,0,2,54,1012,1056,10509,1050,1000,14982,0x07
2026-09-06T13:04:56.913-03:00,126,0,2,54,1012,1056,10509,1050,1000,14982,0x07
2026-09-06T13:04:56.934-03:00,127,0,2,54,1012,1000,10757,1050,1037,14833,0x07
2026-09-06T13:04:56.952-03:00,128,0,2,54,1012,1000,10757,1050,1037,14833,0x07
2026-09-06T13:04:56.970-03:00,129,0,2,54,1012,1000,10757,1050,1037,14833,0x07
2026-09-06T13:04:56.994-03:00,130,0,2,51,1012,961,10970,1050,1020,14926,0x07
2026-09-06T13:04:57.014-03:00,131,0,2,51,1012,961,10970,1050,1020,14926,0x07
2026-09-06T13:04:57.034-03:00,132,0,2,51,1012,961,10970,1050,1020,14926,0x07
2026-09-06T13:04:57.051-03:00,133,0,2,54,1012,1000,10815,1050,1019,14951,0x07
2026-09-06T13:04:57.070-03:00,134,0,2,54,1012,1000,10815,1050,1019,14951,0x07
2026-09-06T13:04:57.093-03:00,135,0,2,50,1012,1060,10518,1050,1040,14866,0x07
2026-09-06T13:04:57.111-03:00,136,0,2,50,1012,1060,10518,1050,1040,14866,0x07
2026-09-06T13:04:57.132-03:00,137,0,2,50,1012,1060,10518,1050,1040,14866,0x07
2026-09-06T13:04:57.150-03:00,138,0,2,50,1012,1020,10681,1050,1020,14970,0x07
2026-09-06T13:04:57.170-03:00,139,0,2,50,1012,1020,10681,1050,1020,14970,0x07
2026-09-06T13:04:57.190-03:00,140,0,2,56,1012,1000,10778,1050,1000,15089,0x07
2026-09-06T13:04:57.213-03:00,141,0,2,56,1012,1000,10778,1050,1000,15089,0x07
2026-09-06T13:04:57.231-03:00,142,0,2,56,1012,1000,10778,1050,1000,15089,0x07
2026-09-06T13:04:57.249-03:00,143,0,2,57,1012,947,11067,1050,982,15211,0x07
2026-09-06T13:04:57.273-03:00,144,0,2,57,1012,947,11067,1050,982,15211,0x07
2026-09-06T13:04:57.291-03:00,145,0,2,57,1012,947,11067,1050,982,15211,0x07
2026-09-06T13:04:57.309-03:00,146,0,2,50,1012,1020,10751,1050,960,15362,0x07
2026-09-06T13:04:57.329-03:00,147,0,2,50,1012,1020,10751,1050,960,15362,0x07
2026-09-06T13:04:57.371-03:00,148,0,2,50,1012,1020,10751,1050,960,15362,0x07
2026-09-06T13:04:57.414-03:00,149,0,2,54,1012,1019,10752,1050,981,15316,0x07
2026-09-06T13:04:57.459-03:00,150,0,2,54,1012,1019,10752,1050,981,15316,0x07
2026-09-06T13:04:57.503-03:00,151,0,2,51,0,0,0,0,0,0,0x03
2026-09-06T13:04:57.547-03:00,152,0,2,50,0,0,0,0,0,0,0x03
