timestamp,sequence,team,robot_id,interval_ms,left_target_eps,left_measured_eps,left_duty,right_target_eps,right_measured_eps,right_duty,flags
2026-09-06T11:40:44.661-03:00,502,0,0,52,0,0,0,0,0,0,0x03
2026-09-06T11:40:44.679-03:00,503,0,0,50,0,0,0,0,0,0,0x03
2026-09-06T11:40:44.703-03:00,504,0,0,50,0,0,0,0,0,0,0x03
2026-09-06T11:40:44.720-03:00,505,0,0,52,0,0,0,0,0,0,0x03
2026-09-06T11:40:44.741-03:00,505,0,0,52,0,0,0,0,0,0,0x03
2026-09-06T11:40:44.758-03:00,505,0,0,50,0,0,0,0,0,0,0x03
2026-09-06T11:40:44.782-03:00,505,0,0,50,0,0,0,0,0,0,0x03
2026-09-06T11:40:44.802-03:00,505,0,0,50,0,0,0,0,0,0,0x03
2026-09-06T11:40:44.820-03:00,505,0,0,52,0,0,0,0,0,0,0x03
2026-09-06T11:40:44.838-03:00,505,0,0,52,0,0,0,0,0,0,0x03
2026-09-06T11:40:44.958-03:00,505,0,0,52,0,0,0,0,0,0,0x03
2026-09-06T11:40:44.980-03:00,8,0,0,52,0,0,30741,0,0,31098,0x07
2026-09-06T11:40:44.980-03:00,9,0,0,51,3374,0,40000,3500,0,40000,0x07
2026-09-06T11:40:45.000-03:00,10,0,0,57,3374,246,40000,3500,0,40000,0x07
2026-09-06T11:40:45.023-03:00,11,0,0,57,3374,246,40000,3500,0,40000,0x07
2026-09-06T11:40:45.041-03:00,16,0,0,57,3374,246,40000,3500,0,40000,0x07
2026-09-06T11:40:45.059-03:00,17,0,0,57,3374,246,40000,3500,0,40000,0x07
2026-09-06T11:40:45.079-03:00,18,0,0,54,3374,1926,36895,3500,0,40000,0x07
2026-09-06T11:40:45.102-03:00,19,0,0,54,3374,1926,36895,3500,0,40000,0x07
2026-09-06T11:40:45.120-03:00,20,0,0,54,3374,2907,32724,3500,0,40000,0x07
2026-09-06T11:40:45.140-03:00,21,0,0,54,3374,2907,32724,3500,0,40000,0x07
2026-09-06T11:40:45.163-03:00,22,0,0,54,3374,2907,32724,3500,0,40000,0x07
2026-09-06T11:40:45.182-03:00,23,0,0,60,3374,2767,33322,3500,0,40000,0x07
2026-09-06T11:40:45.201-03:00,24,0,0,60,3374,2767,33322,3500,0,40000,0x07
2026-09-06T11:40:45.218-03:00,25,0,0,60,3374,2767,33322,3500,0,40000,0x07
2026-09-06T11:40:45.238-03:00,26,0,0,62,3374,2710,33564,3500,0,40000,0x07
2026-09-06T11:40:45.261-03:00,27,0,0,62,3374,2710,33564,3500,0,40000,0x07
2026-09-06T11:40:45.278-03:00,28,0,0,62,3374,2710,33564,3500,0,40000,0x07
2026-09-06T11:40:45.301-03:00,29,0,0,59,3374,2729,33483,3500,0,40000,0x07
2026-09-06T11:40:45.319-03:00,30,0,0,59,3374,2729,33483,3500,0,40000,0x07
2026-09-06T11:40:45.342-03:00,31,0,0,59,3374,2729,33483,3500,0,40000,0x07
2026-09-06T11:40:45.360-03:00,32,0,0,50,3374,2720,33520,3500,0,40000,0x07
2026-09-06T11:40:45.383-03:00,33,0,0,50,3374,2720,33520,3500,0,40000,0x07
2026-09-06T11:40:45.401-03:00,34,0,0,52,3374,2750,33393,3500,0,40000,0x07
2026-09-06T11:40:45.419-03:00,35,0,0,52,3374,2750,33393,3500,0,40000,0x07
2026-09-06T11:40:45.442-03:00,36,0,0,52,3374,2750,33393,3500,0,40000,0x07
2026-09-06T11:40:45.460-03:00,37,0,0,59,3374,2695,33627,3500,0,40000,0x07
2026-09-06T11:40:45.480-03:00,38,0,0,59,3374,2695,33627,3500,0,40000,0x07
2026-09-06T11:40:45.498-03:00,39,0,0,59,3374,2695,33627,3500,0,40000,0x07
2026-09-06T11:40:45.521-03:00,40,0,0,59,3374,2576,34131,3500,0,40000,0x07
2026-09-06T11:40:45.539-03:00,41,0,0,59,3374,2576,34131,3500,0,40000,0x07
2026-09-06T11:40:45.559-03:00,42,0,0,59,3374,2576,34131,3500,0,40000,0x07
2026-09-06T11:40:45.582-03:00,43,0,0,59,3374,2814,33123,3500,0,40000,0x07
2026-09-06T11:40:45.602-03:00,44,0,0,59,3374,2814,33123,3500,0,40000,0x07
2026-09-06T11:40:45.622-03:00,45,0,0,59,3374,2814,33123,3500,0,40000,0x07
2026-09-06T11:40:45.640-03:00,46,0,0,51,3374,2765,33330,3500,0,40000,0x07
2026-09-06T11:40:45.658-03:00,47,0,0,51,3374,2765,33330,3500,0,40000,0x07
2026-09-06T11:40:45.683-03:00,48,0,0,52,3374,2654,33802,3500,0,40000,0x07
2026-09-06T11:40:45.701-03:00,49,0,0,52,3374,2654,33802,3500,0,40000,0x07
2026-09-06T11:40:45.723-03:00,50,0,0,52,3374,2654,33802,3500,0,40000,0x07
2026-09-06T11:40:45.741-03:00,51,0,0,60,3374,2750,33393,3500,0,40000,0x07
2026-09-06T11:40:45.759-03:00,52,0,0,60,3374,2750,33393,3500,0,40000,0x07
2026-09-06T11:40:45.782-03:00,53,0,0,60,3374,2750,33393,3500,0,40000,0x07
2026-09-06T11:40:45.801-03:00,54,0,0,59,3374,2661,33771,3500,0,40000,0x07
2026-09-06T11:40:45.819-03:00,55,0,0,59,3374,2661,33771,3500,0,40000,0x07
2026-09-06T11:40:45.842-03:00,56,0,0,59,3374,2661,33771,3500,0,40000,0x07
2026-09-06T11:40:45.860-03:00,57,0,0,58,3374,2707,33576,3500,0,40000,0x07
2026-09-06T11:40:45.878-03:00,58,0,0,58,3374,2707,33576,3500,0,40000,0x07
2026-09-06T11:40:45.901-03:00,59,0,0,58,3374,2707,33576,3500,0,40000,0x07
2026-09-06T11:40:45.918-03:00,60,0,0,60,3374,2800,33180,3500,0,40000,0x07
2026-09-06T11:40:45.942-03:00,61,0,0,60,3374,2800,33180,3500,0,40000,0x07
2026-09-06T11:40:45.960-03:00,62,0,0,60,3374,2800,33180,3500,0,40000,0x07
2026-09-06T11:40:45.983-03:00,63,0,0,58,3374,2707,33576,3500,0,40000,0x07
2026-09-06T11:40:46.001-03:00,64,0,0,58,3374,2707,33576,3500,0,40000,0x07
2026-09-06T11:40:46.020-03:00,65,0,0,58,3374,2707,33576,3500,0,40000,0x07
2026-09-06T11:40:46.038-03:00,66,0,0,50,3374,2740,33436,3500,0,40000,0x07
2026-09-06T11:40:46.061-03:00,67,0,0,50,3374,2740,33436,3500,0,40000,0x07
2026-09-06T11:40:46.079-03:00,68,0,0,53,3374,2642,33854,3500,0,40000,0x07
2026-09-06T11:40:46.101-03:00,69,0,0,53,3374,2642,33854,3500,0,40000,0x07
2026-09-06T11:40:46.122-03:00,70,0,0,53,3374,2642,33854,3500,0,40000,0x07
2026-09-06T11:40:46.139-03:00,71,0,0,59,3374,2712,33555,3500,0,40000,0x07
2026-09-06T11:40:46.162-03:00,72,0,0,59,3374,2712,33555,3500,0,40000,0x07
2026-09-06T11:40:46.180-03:00,73,0,0,59,3374,2712,33555,3500,0,40000,0x07
2026-09-06T11:40:46.198-03:00,74,0,0,59,3374,2831,33051,3500,0,40000,0x07
2026-09-06T11:40:46.221-03:00,75,0,0,59,3374,2831,33051,3500,0,40000,0x07
2026-09-06T11:40:46.241-03:00,76,0,0,59,3374,2831,33051,3500,0,40000,0x07
2026-09-06T11:40:46.259-03:00,77,0,0,59,3374,2712,33555,3500,0,40000,0x07
2026-09-06T11:40:46.282-03:00,78,0,0,59,3374,2712,33555,3500,0,40000,0x07
2026-09-06T11:40:46.300-03:00,79,0,0,59,3374,2712,33555,3500,0,40000,0x07
2026-09-06T11:40:46.318-03:00,80,0,0,61,3374,2639,33863,3500,0,40000,0x07
2026-09-06T11:40:46.341-03:00,81,0,0,61,3374,2639,33863,3500,0,40000,0x07
2026-09-06T11:40:46.359-03:00,82,0,0,61,3374,2639,33863,3500,0,40000,0x07
2026-09-06T11:40:46.382-03:00,83,0,0,59,3374,2797,33195,3500,0,40000,0x07
2026-09-06T11:40:46.400-03:00,84,0,0,59,3374,2797,33195,3500,0,40000,0x07
2026-09-06T11:40:46.423-03:00,85,0,0,59,3374,2797,33195,3500,0,40000,0x07
2026-09-06T11:40:46.441-03:00,86,0,0,51,3374,2569,34164,3500,0,40000,0x07
2026-09-06T11:40:46.459-03:00,87,0,0,51,3374,2569,34164,3500,0,40000,0x07
2026-09-06T11:40:46.482-03:00,88,0,0,61,3374,2492,34490,3500,0,40000,0x07
2026-09-06T11:40:46.500-03:00,89,0,0,61,3374,2492,34490,3500,0,40000,0x07
2026-09-06T11:40:46.523-03:00,90,0,0,61,3374,2492,34490,3500,0,40000,0x07
2026-09-06T11:40:46.541-03:00,91,0,0,62,3374,2823,33085,3500,0,40000,0x07
2026-09-06T11:40:46.559-03:00,92,0,0,62,3374,2823,33085,3500,0,40000,0x07
2026-09-06T11:40:46.582-03:00,93,0,0,62,3374,2823,33085,3500,0,40000,0x07
2026-09-06T11:40:46.600-03:00,94,0,0,59,3374,2746,33411,3500,0,40000,0x07
2026-09-06T11:40:46.620-03:00,95,0,0,59,3374,2746,33411,3500,0,40000,0x07
2026-09-06T11:40:46.643-03:00,96,0,0,59,3374,2746,33411,3500,0,40000,0x07
2026-09-06T11:40:46.661-03:00,97,0,0,59,3374,2864,32907,3500,0,40000,0x07
2026-09-06T11:40:46.680-03:00,98,0,0,59,3374,2864,32907,3500,0,40000,0x07
2026-09-06T11:40:46.699-03:00,99,0,0,59,3374,2864,32907,3500,0,40000,0x07
2026-09-06T11:40:46.723-03:00,100,0,0,59,3374,2593,34059,3500,0,40000,0x07
2026-09-06T11:40:46.741-03:00,101,0,0,59,3374,2593,34059,3500,0,40000,0x07
2026-09-06T11:40:46.761-03:00,102,0,0,59,3374,2593,34059,3500,0,40000,0x07
2026-09-06T11:40:46.779-03:00,103,0,0,58,3374,2707,33576,3500,0,40000,0x07
2026-09-06T11:40:46.802-03:00,104,0,0,58,3374,2707,33576,3500,0,40000,0x07
2026-09-06T11:40:46.820-03:00,105,0,0,58,3374,2707,33576,3500,0,40000,0x07
2026-09-06T11:40:46.840-03:00,106,0,0,60,3374,2817,33110,3500,0,40000,0x07
2026-09-06T11:40:46.863-03:00,107,0,0,60,3374,2817,33110,3500,0,40000,0x07
2026-09-06T11:40:46.882-03:00,108,0,0,60,3374,2817,33110,3500,0,40000,0x07
2026-09-06T11:40:46.900-03:00,109,0,0,59,3374,2593,34059,3500,0,40000,0x07
2026-09-06T11:40:46.923-03:00,110,0,0,59,3374,2593,34059,3500,0,40000,0x07
2026-09-06T11:40:46.938-03:00,111,0,0,59,3374,2593,34059,3500,0,40000,0x07
2026-09-06T11:40:46.961-03:00,112,0,0,60,3374,2700,33606,3500,0,40000,0x07
2026-09-06T11:40:46.979-03:00,113,0,0,60,3374,2700,33606,3500,0,40000,0x07
2026-09-06T11:40:47.003-03:00,114,0,0,60,3374,2700,33606,3500,0,40000,0x07
2026-09-06T11:40:47.020-03:00,115,0,0,59,3374,2797,33195,3500,0,40000,0x07
2026-09-06T11:40:47.040-03:00,116,0,0,59,3374,2797,33195,3500,0,40000,0x07
2026-09-06T11:40:47.059-03:00,117,0,0,59,3374,2797,33195,3500,0,40000,0x07
2026-09-06T11:40:47.079-03:00,118,0,0,59,3374,2678,33699,3500,0,40000,0x07
2026-09-06T11:40:47.103-03:00,119,0,0,59,3374,2678,33699,3500,0,40000,0x07
2026-09-06T11:40:47.121-03:00,120,0,0,59,3374,2678,33699,3500,0,40000,0x07
2026-09-06T11:40:47.139-03:00,121,0,0,60,3374,2750,33393,3500,0,40000,0x07
2026-09-06T11:40:47.159-03:00,122,0,0,60,3374,2750,33393,3500,0,40000,0x07
2026-09-06T11:40:47.181-03:00,123,0,0,60,3374,2750,33393,3500,0,40000,0x07
2026-09-06T11:40:47.199-03:00,124,0,0,58,3374,2759,33356,3500,0,40000,0x07
2026-09-06T11:40:47.222-03:00,125,0,0,58,3374,2759,33356,3500,0,40000,0x07
2026-09-06T11:40:47.240-03:00,126,0,0,58,3374,2759,33356,3500,0,40000,0x07
2026-09-06T11:40:47.258-03:00,127,0,0,55,3374,2273,35421,3500,0,40000,0x07
2026-09-06T11:40:47.281-03:00,128,0,0,55,3374,2273,35421,3500,0,40000,0x07
2026-09-06T11:40:47.300-03:00,129,0,0,55,3374,2273,35421,3500,0,40000,0x07
2026-09-06T11:40:47.323-03:00,130,0,0,61,3374,2672,33724,3500,0,40000,0x07
2026-09-06T11:40:47.342-03:00,131,0,0,61,3374,2672,33724,3500,0,40000,0x07
2026-09-06T11:40:47.360-03:00,132,0,0,61,3374,2672,33724,3500,0,40000,0x07
2026-09-06T11:40:47.378-03:00,133,0,0,51,3374,2765,33330,3500,0,40000,0x07
2026-09-06T11:40:47.401-03:00,134,0,0,51,3374,2765,33330,3500,0,40000,0x07
2026-09-06T11:40:47.421-03:00,135,0,0,53,3374,2642,33854,3500,0,40000,0x07
2026-09-06T11:40:47.441-03:00,136,0,0,53,3374,2642,33854,3500,0,40000,0x07
2026-09-06T11:40:47.461-03:00,137,0,0,53,3374,2642,33854,3500,0,40000,0x07
2026-09-06T11:40:47.478-03:00,138,0,0,59,3374,2797,33195,3500,0,40000,0x07
2026-09-06T11:40:47.498-03:00,139,0,0,59,3374,2797,33195,3500,0,40000,0x07
2026-09-06T11:40:47.618-03:00,140,0,0,59,3374,2797,33195,3500,0,40000,0x07
2026-09-06T11:40:47.618-03:00,141,0,0,59,3374,2712,33555,3500,0,40000,0x07
2026-09-06T11:40:47.641-03:00,142,0,0,50,3374,360,40000,3500,0,40000,0x07
2026-09-06T11:40:47.659-03:00,143,0,0,50,3374,360,40000,3500,0,40000,0x07
2026-09-06T11:40:47.682-03:00,144,0,0,50,3374,360,40000,3500,0,40000,0x07
2026-09-06T11:40:47.702-03:00,149,0,0,58,3374,1552,38486,3500,0,40000,0x07
2026-09-06T11:40:47.722-03:00,150,0,0,58,3374,1552,38486,3500,0,40000,0x07
2026-09-06T11:40:47.742-03:00,151,0,0,58,3374,1552,38486,3500,0,40000,0x07
2026-09-06T11:40:47.762-03:00,152,0,0,63,3374,2698,33612,3500,0,40000,0x07
2026-09-06T11:40:47.780-03:00,153,0,0,63,3374,2698,33612,3500,0,40000,0x07
2026-09-06T11:40:47.800-03:00,154,0,0,63,3374,2698,33612,3500,0,40000,0x07
2026-09-06T11:40:47.818-03:00,155,0,0,61,3374,2934,32609,3500,0,40000,0x07
2026-09-06T11:40:47.841-03:00,156,0,0,61,3374,2934,32609,3500,0,40000,0x07
2026-09-06T11:40:47.860-03:00,157,0,0,61,3374,2934,32609,3500,0,40000,0x07
2026-09-06T11:40:47.878-03:00,158,0,0,59,3374,2831,33051,3500,0,40000,0x07
2026-09-06T11:40:47.901-03:00,159,0,0,59,3374,2831,33051,3500,0,40000,0x07
2026-09-06T11:40:47.919-03:00,160,0,0,59,3374,2831,33051,3500,0,40000,0x07
2026-09-06T11:40:47.940-03:00,161,0,0,58,3374,2621,33943,3500,0,40000,0x07
2026-09-06T11:40:47.960-03:00,162,0,0,58,3374,2621,33943,3500,0,40000,0x07
2026-09-06T11:40:47.983-03:00,163,0,0,58,3374,2621,33943,3500,0,40000,0x07
2026-09-06T11:40:48.003-03:00,164,0,0,58,3374,2707,33576,3500,0,40000,0x07
2026-09-06T11:40:48.021-03:00,165,0,0,58,3374,2707,33576,3500,0,40000,0x07
2026-09-06T11:40:48.039-03:00,166,0,0,58,3374,2707,33576,3500,0,40000,0x07
2026-09-06T11:40:48.061-03:00,167,0,0,54,3374,2685,33668,3500,0,40000,0x07
2026-09-06T11:40:48.080-03:00,168,0,0,54,3374,2685,33668,3500,0,40000,0x07
2026-09-06T11:40:48.103-03:00,169,0,0,52,3374,2654,33802,3500,0,40000,0x07
2026-09-06T11:40:48.123-03:00,170,0,0,52,3374,2654,33802,3500,0,40000,0x07
2026-09-06T11:40:48.141-03:00,171,0,0,52,3374,2654,33802,3500,0,40000,0x07
2026-09-06T11:40:48.159-03:00,172,0,0,60,3374,2850,32968,3500,0,40000,0x07
2026-09-06T11:40:48.179-03:00,173,0,0,60,3374,2850,32968,3500,0,40000,0x07
2026-09-06T11:40:48.202-03:00,174,0,0,60,3374,2850,32968,3500,0,40000,0x07
2026-09-06T11:40:48.222-03:00,175,0,0,58,3374,2690,33649,3500,0,40000,0x07
2026-09-06T11:40:48.240-03:00,176,0,0,58,3374,2690,33649,3500,0,40000,0x07
2026-09-06T11:40:48.263-03:00,177,0,0,58,3374,2690,33649,3500,0,40000,0x07
2026-09-06T11:40:48.281-03:00,178,0,0,59,3374,2678,33699,3500,0,40000,0x07
2026-09-06T11:40:48.301-03:00,179,0,0,59,3374,2678,33699,3500,0,40000,0x07
2026-09-06T11:40:48.319-03:00,180,0,0,59,3374,2678,33699,3500,0,40000,0x07
2026-09-06T11:40:48.342-03:00,181,0,0,59,3374,2712,33555,3500,0,40000,0x07
2026-09-06T11:40:48.360-03:00,182,0,0,59,3374,2712,33555,3500,0,40000,0x07
2026-09-06T11:40:48.383-03:00,183,0,0,59,3374,2712,33555,3500,0,40000,0x07
2026-09-06T11:40:48.400-03:00,184,0,0,50,3374,2580,34116,3500,0,40000,0x07
2026-09-06T11:40:48.423-03:00,185,0,0,50,3374,2580,34116,3500,0,40000,0x07
2026-09-06T11:40:48.442-03:00,186,0,0,53,3374,2792,33213,3500,0,40000,0x07
2026-09-06T11:40:48.462-03:00,187,0,0,53,3374,2792,33213,3500,0,40000,0x07
2026-09-06T11:40:48.480-03:00,188,0,0,53,3374,2792,33213,3500,0,40000,0x07
2026-09-06T11:40:48.503-03:00,189,0,0,59,3374,2814,33123,3500,0,40000,0x07
2026-09-06T11:40:48.521-03:00,190,0,0,59,3374,2814,33123,3500,0,40000,0x07
2026-09-06T11:40:48.539-03:00,191,0,0,59,3374,2814,33123,3500,0,40000,0x07
2026-09-06T11:40:48.562-03:00,192,0,0,50,3374,2640,33860,3500,0,40000,0x07
2026-09-06T11:40:48.580-03:00,193,0,0,50,3374,2640,33860,3500,0,40000,0x07
2026-09-06T11:40:48.598-03:00,194,0,0,53,3374,2717,33533,3500,0,40000,0x07
2026-09-06T11:40:48.620-03:00,195,0,0,53,3374,2717,33533,3500,0,40000,0x07
2026-09-06T11:40:48.641-03:00,196,0,0,53,3374,2717,33533,3500,0,40000,0x07
2026-09-06T11:40:48.659-03:00,197,0,0,59,3374,2763,33339,3500,0,40000,0x07
2026-09-06T11:40:48.682-03:00,198,0,0,59,3374,2763,33339,3500,0,40000,0x07
2026-09-06T11:40:48.702-03:00,199,0,0,59,3374,2763,33339,3500,0,40000,0x07
2026-09-06T11:40:48.722-03:00,200,0,0,59,3374,2695,33627,3500,0,40000,0x07
2026-09-06T11:40:48.740-03:00,201,0,0,59,3374,2695,33627,3500,0,40000,0x07
2026-09-06T11:40:48.763-03:00,202,0,0,59,3374,2695,33627,3500,0,40000,0x07
2026-09-06T11:40:48.782-03:00,203,0,0,59,3374,2797,33195,3500,0,40000,0x07
2026-09-06T11:40:48.799-03:00,204,0,0,59,3374,2797,33195,3500,0,40000,0x07
2026-09-06T11:40:48.822-03:00,205,0,0,59,3374,2797,33195,3500,0,40000,0x07
2026-09-06T11:40:48.841-03:00,206,0,0,58,3374,2707,33576,3500,0,40000,0x07
2026-09-06T11:40:48.860-03:00,207,0,0,58,3374,2707,33576,3500,0,40000,0x07
2026-09-06T11:40:48.882-03:00,208,0,0,58,3374,2707,33576,3500,0,40000,0x07
2026-09-06T11:40:48.900-03:00,209,0,0,62,3374,2726,33496,3500,0,40000,0x07
2026-09-06T11:40:48.919-03:00,210,0,0,62,3374,2726,33496,3500,0,40000,0x07
2026-09-06T11:40:48.942-03:00,211,0,0,62,3374,2726,33496,3500,0,40000,0x07
2026-09-06T11:40:48.960-03:00,212,0,0,59,3374,2729,33483,3500,0,40000,0x07
2026-09-06T11:40:48.983-03:00,213,0,0,59,3374,2729,33483,3500,0,40000,0x07
2026-09-06T11:40:49.001-03:00,214,0,0,59,3374,2729,33483,3500,0,40000,0x07
2026-09-06T11:40:49.019-03:00,215,0,0,59,3374,2712,33555,3500,0,40000,0x07
2026-09-06T11:40:49.043-03:00,216,0,0,59,3374,2712,33555,3500,0,40000,0x07
2026-09-06T11:40:49.061-03:00,217,0,0,59,3374,2712,33555,3500,0,40000,0x07
2026-09-06T11:40:49.083-03:00,218,0,0,59,3374,2780,33267,3500,0,40000,0x07
2026-09-06T11:40:49.102-03:00,219,0,0,59,3374,2780,33267,3500,0,40000,0x07
2026-09-06T11:40:49.120-03:00,220,0,0,59,3374,2780,33267,3500,0,40000,0x07
2026-09-06T11:40:49.143-03:00,221,0,0,51,3374,2667,33747,3500,0,40000,0x07
2026-09-06T11:40:49.161-03:00,222,0,0,51,3374,2667,33747,3500,0,40000,0x07
2026-09-06T11:40:49.180-03:00,223,0,0,52,3374,2692,33638,3500,0,40000,0x07
2026-09-06T11:40:49.200-03:00,224,0,0,52,3374,2692,33638,3500,0,40000,0x07
2026-09-06T11:40:49.218-03:00,225,0,0,52,3374,2692,33638,3500,0,40000,0x07
2026-09-06T11:40:49.243-03:00,226,0,0,60,3374,2817,33110,3500,0,40000,0x07
2026-09-06T11:40:49.261-03:00,227,0,0,60,3374,2817,33110,3500,0,40000,0x07
2026-09-06T11:40:49.282-03:00,228,0,0,60,3374,2817,33110,3500,0,40000,0x07
2026-09-06T11:40:49.300-03:00,229,0,0,50,3374,2700,33606,3500,0,40000,0x07
2026-09-06T11:40:49.318-03:00,230,0,0,50,3374,2700,33606,3500,0,40000,0x07
2026-09-06T11:40:49.339-03:00,231,0,0,61,3374,2426,34769,3500,0,40000,0x07
2026-09-06T11:40:49.358-03:00,232,0,0,61,3374,2426,34769,3500,0,40000,0x07
2026-09-06T11:40:49.378-03:00,233,0,0,61,3374,2426,34769,3500,0,40000,0x07
2026-09-06T11:40:49.402-03:00,234,0,0,61,3374,2738,33445,3500,0,40000,0x07
2026-09-06T11:40:49.420-03:00,235,0,0,61,3374,2738,33445,3500,0,40000,0x07
2026-09-06T11:40:49.460-03:00,236,0,0,61,3374,2738,33445,3500,0,40000,0x07
2026-09-06T11:40:49.460-03:00,237,0,0,59,3374,2729,33483,3500,0,40000,0x07
2026-09-06T11:40:49.478-03:00,238,0,0,59,3374,2729,33483,3500,0,40000,0x07
2026-09-06T11:40:49.501-03:00,239,0,0,59,3374,2729,33483,3500,0,40000,0x07
2026-09-06T11:40:49.521-03:00,240,0,0,60,3374,2767,33322,3500,0,40000,0x07
2026-09-06T11:40:49.539-03:00,241,0,0,60,3374,2767,33322,3500,0,40000,0x07
2026-09-06T11:40:49.563-03:00,242,0,0,60,3374,2767,33322,3500,0,40000,0x07
2026-09-06T11:40:49.580-03:00,243,0,0,59,3374,2678,33699,3500,0,40000,0x07
2026-09-06T11:40:49.601-03:00,244,0,0,59,3374,2678,33699,3500,0,40000,0x07
2026-09-06T11:40:49.619-03:00,245,0,0,59,3374,2678,33699,3500,0,40000,0x07
2026-09-06T11:40:49.642-03:00,246,0,0,59,3374,2695,33627,3500,0,40000,0x07
2026-09-06T11:40:49.660-03:00,247,0,0,59,3374,2695,33627,3500,0,40000,0x07
2026-09-06T11:40:49.678-03:00,248,0,0,59,3374,2695,33627,3500,0,40000,0x07
2026-09-06T11:40:49.701-03:00,249,0,0,60,3374,2850,32968,3500,0,40000,0x07
2026-09-06T11:40:49.719-03:00,250,0,0,60,3374,2850,32968,3500,0,40000,0x07
2026-09-06T11:40:49.739-03:00,251,0,0,60,3374,2850,32968,3500,0,40000,0x07
2026-09-06T11:40:49.762-03:00,252,0,0,59,3374,2729,33483,3500,0,40000,0x07
2026-09-06T11:40:49.782-03:00,253,0,0,59,3374,2729,33483,3500,0,40000,0x07
2026-09-06T11:40:49.800-03:00,254,0,0,59,3374,2729,33483,3500,0,40000,0x07
2026-09-06T11:40:49.818-03:00,255,0,0,59,3374,2729,33483,3500,0,40000,0x07
2026-09-06T11:40:49.841-03:00,256,0,0,59,3374,2729,33483,3500,0,40000,0x07
2026-09-06T11:40:49.860-03:00,257,0,0,59,3374,2729,33483,3500,0,40000,0x07
2026-09-06T11:40:49.878-03:00,258,0,0,59,3374,2746,33411,3500,0,40000,0x07
2026-09-06T11:40:49.901-03:00,259,0,0,59,3374,2746,33411,3500,0,40000,0x07
2026-09-06T11:40:49.921-03:00,260,0,0,59,3374,2746,33411,3500,0,40000,0x07
2026-09-06T11:40:49.939-03:00,261,0,0,58,3374,2690,33649,3500,0,40000,0x07
2026-09-06T11:40:49.962-03:00,262,0,0,58,3374,2690,33649,3500,0,40000,0x07
2026-09-06T11:40:49.980-03:00,263,0,0,58,3374,2690,33649,3500,0,40000,0x07
2026-09-06T11:40:50.002-03:00,264,0,0,60,3374,2783,33251,3500,0,40000,0x07
2026-09-06T11:40:50.020-03:00,265,0,0,60,3374,2783,33251,3500,0,40000,0x07
2026-09-06T11:40:50.043-03:00,266,0,0,60,3374,2783,33251,3500,0,40000,0x07
2026-09-06T11:40:50.061-03:00,267,0,0,58,3374,2707,33576,3500,0,40000,0x07
2026-09-06T11:40:50.079-03:00,268,0,0,58,3374,2707,33576,3500,0,40000,0x07
2026-09-06T11:40:50.101-03:00,269,0,0,58,3374,2707,33576,3500,0,40000,0x07
2026-09-06T11:40:50.119-03:00,270,0,0,59,3374,2661,33771,3500,0,40000,0x07
2026-09-06T11:40:50.143-03:00,271,0,0,59,3374,2661,33771,3500,0,40000,0x07
2026-09-06T11:40:50.181-03:00,272,0,0,59,3374,2661,33771,3500,0,40000,0x07
2026-09-06T11:40:50.181-03:00,273,0,0,60,3374,2800,33180,3500,0,40000,0x07
2026-09-06T11:40:50.199-03:00,274,0,0,60,3374,2800,33180,3500,0,40000,0x07
2026-09-06T11:40:50.222-03:00,275,0,0,60,3374,2800,33180,3500,0,40000,0x07
2026-09-06T11:40:50.238-03:00,276,0,0,58,3374,2759,33356,3500,0,40000,0x07
2026-09-06T11:40:50.262-03:00,277,0,0,58,3374,2759,33356,3500,0,40000,0x07
2026-09-06T11:40:50.282-03:00,278,0,0,58,3374,2759,33356,3500,0,40000,0x07
2026-09-06T11:40:50.301-03:00,279,0,0,59,3374,2729,33483,3500,0,40000,0x07
2026-09-06T11:40:50.320-03:00,280,0,0,59,3374,2729,33483,3500,0,40000,0x07
2026-09-06T11:40:50.339-03:00,281,0,0,59,3374,2729,33483,3500,0,40000,0x07
2026-09-06T11:40:50.363-03:00,282,0,0,51,3374,2667,33747,3500,0,40000,0x07
2026-09-06T11:40:50.381-03:00,283,0,0,51,3374,2667,33747,3500,0,40000,0x07
2026-09-06T11:40:50.398-03:00,284,0,0,52,3374,2712,33556,3500,0,40000,0x07
2026-09-06T11:40:50.418-03:00,285,0,0,52,3374,2712,33556,3500,0,40000,0x07
2026-09-06T11:40:50.441-03:00,286,0,0,52,3374,2712,33556,3500,0,40000,0x07
2026-09-06T11:40:50.460-03:00,287,0,0,60,3374,2700,33606,3500,0,40000,0x07
2026-09-06T11:40:50.482-03:00,288,0,0,60,3374,2700,33606,3500,0,40000,0x07
2026-09-06T11:40:50.500-03:00,289,0,0,60,3374,2700,33606,3500,0,40000,0x07
2026-09-06T11:40:50.520-03:00,290,0,0,59,3374,2627,33915,3500,0,40000,0x07
2026-09-06T11:40:50.543-03:00,291,0,0,59,3374,2627,33915,3500,0,40000,0x07
2026-09-06T11:40:50.563-03:00,292,0,0,59,3374,2627,33915,3500,0,40000,0x07
2026-09-06T11:40:50.581-03:00,293,0,0,59,3374,2712,33555,3500,0,40000,0x07
2026-09-06T11:40:50.599-03:00,294,0,0,59,3374,2712,33555,3500,0,40000,0x07
2026-09-06T11:40:50.622-03:00,295,0,0,59,3374,2712,33555,3500,0,40000,0x07
2026-09-06T11:40:50.640-03:00,296,0,0,59,3374,2831,33051,3500,0,40000,0x07
2026-09-06T11:40:50.662-03:00,297,0,0,59,3374,2831,33051,3500,0,40000,0x07
2026-09-06T11:40:50.680-03:00,298,0,0,59,3374,2831,33051,3500,0,40000,0x07
2026-09-06T11:40:50.703-03:00,299,0,0,50,3374,2640,33860,3500,0,40000,0x07
2026-09-06T11:40:50.721-03:00,300,0,0,50,3374,2640,33860,3500,0,40000,0x07
2026-09-06T11:40:50.739-03:00,301,0,0,53,3374,2698,33614,3500,0,40000,0x07
2026-09-06T11:40:50.759-03:00,302,0,0,53,3374,2698,33614,3500,0,40000,0x07
2026-09-06T11:40:50.782-03:00,303,0,0,53,3374,2698,33614,3500,0,40000,0x07
2026-09-06T11:40:50.802-03:00,304,0,0,59,3374,2780,33267,3500,0,40000,0x07
2026-09-06T11:40:50.820-03:00,305,0,0,59,3374,2780,33267,3500,0,40000,0x07
2026-09-06T11:40:50.843-03:00,306,0,0,59,3374,2780,33267,3500,0,40000,0x07
2026-09-06T11:40:50.861-03:00,307,0,0,59,3374,2661,33771,3500,0,40000,0x07
2026-09-06T11:40:50.879-03:00,308,0,0,59,3374,2661,33771,3500,0,40000,0x07
2026-09-06T11:40:50.899-03:00,309,0,0,59,3374,2661,33771,3500,0,40000,0x07
2026-09-06T11:40:50.922-03:00,310,0,0,59,3374,2780,33267,3500,0,40000,0x07
2026-09-06T11:40:50.940-03:00,311,0,0,59,3374,2780,33267,3500,0,40000,0x07
2026-09-06T11:40:50.963-03:00,312,0,0,59,3374,2780,33267,3500,0,40000,0x07
2026-09-06T11:40:50.981-03:00,313,0,0,51,3374,2588,34080,3500,0,40000,0x07
2026-09-06T11:40:50.998-03:00,314,0,0,51,3374,2588,34080,3500,0,40000,0x07
2026-09-06T11:40:51.021-03:00,315,0,0,52,3374,2712,33556,3500,0,40000,0x07
2026-09-06T11:40:51.041-03:00,316,0,0,52,3374,2712,33556,3500,0,40000,0x07
2026-09-06T11:40:51.061-03:00,317,0,0,52,3374,2712,33556,3500,0,40000,0x07
2026-09-06T11:40:51.080-03:00,318,0,0,60,3374,2783,33251,3500,0,40000,0x07
2026-09-06T11:40:51.103-03:00,319,0,0,60,3374,2783,33251,3500,0,40000,0x07
2026-09-06T11:40:51.118-03:00,320,0,0,60,3374,2783,33251,3500,0,40000,0x07
2026-09-06T11:40:51.141-03:00,321,0,0,59,3374,2746,33411,3500,0,40000,0x07
2026-09-06T11:40:51.159-03:00,322,0,0,59,3374,2746,33411,3500,0,40000,0x07
2026-09-06T11:40:51.182-03:00,323,0,0,59,3374,2746,33411,3500,0,40000,0x07
2026-09-06T11:40:51.200-03:00,324,0,0,58,3374,2707,33576,3500,0,40000,0x07
2026-09-06T11:40:51.218-03:00,325,0,0,58,3374,2707,33576,3500,0,40000,0x07
2026-09-06T11:40:51.241-03:00,326,0,0,58,3374,2707,33576,3500,0,40000,0x07
2026-09-06T11:40:51.261-03:00,327,0,0,60,3374,2750,33393,3500,0,40000,0x07
2026-09-06T11:40:51.280-03:00,328,0,0,60,3374,2750,33393,3500,0,40000,0x07
2026-09-06T11:40:51.303-03:00,329,0,0,60,3374,2750,33393,3500,0,40000,0x07
2026-09-06T11:40:51.318-03:00,330,0,0,50,3374,2680,33690,3500,0,40000,0x07
2026-09-06T11:40:51.340-03:00,331,0,0,50,3374,2680,33690,3500,0,40000,0x07
2026-09-06T11:40:51.358-03:00,332,0,0,52,3374,2788,33230,3500,0,40000,0x07
2026-09-06T11:40:51.381-03:00,333,0,0,52,3374,2788,33230,3500,0,40000,0x07
2026-09-06T11:40:51.399-03:00,334,0,0,52,3374,2788,33230,3500,0,40000,0x07
2026-09-06T11:40:51.422-03:00,335,0,0,60,3374,2683,33676,3500,0,40000,0x07
2026-09-06T11:40:51.440-03:00,336,0,0,60,3374,2683,33676,3500,0,40000,0x07
2026-09-06T11:40:51.458-03:00,337,0,0,60,3374,2683,33676,3500,0,40000,0x07
2026-09-06T11:40:51.482-03:00,338,0,0,50,3374,2660,33776,3500,0,40000,0x07
2026-09-06T11:40:51.500-03:00,339,0,0,50,3374,2660,33776,3500,0,40000,0x07
2026-09-06T11:40:51.523-03:00,340,0,0,53,3374,2830,33052,3500,0,40000,0x07
2026-09-06T11:40:51.541-03:00,341,0,0,53,3374,2830,33052,3500,0,40000,0x07
2026-09-06T11:40:51.559-03:00,342,0,0,53,3374,2830,33052,3500,0,40000,0x07
2026-09-06T11:40:51.580-03:00,343,0,0,59,3374,2729,33483,3500,0,40000,0x07
2026-09-06T11:40:51.603-03:00,344,0,0,59,3374,2729,33483,3500,0,40000,0x07
2026-09-06T11:40:51.621-03:00,345,0,0,59,3374,2729,33483,3500,0,40000,0x07
2026-09-06T11:40:51.639-03:00,346,0,0,58,3374,2741,33430,3500,0,40000,0x07
2026-09-06T11:40:51.662-03:00,347,0,0,58,3374,2741,33430,3500,0,40000,0x07
2026-09-06T11:40:51.680-03:00,348,0,0,58,3374,2741,33430,3500,0,40000,0x07
2026-09-06T11:40:51.700-03:00,349,0,0,60,3374,2783,33251,3500,0,40000,0x07
2026-09-06T11:40:51.723-03:00,350,0,0,60,3374,2783,33251,3500,0,40000,0x07
2026-09-06T11:40:51.741-03:00,351,0,0,60,3374,2783,33251,3500,0,40000,0x07
2026-09-06T11:40:51.761-03:00,352,0,0,62,3374,2677,33701,3500,0,40000,0x07
2026-09-06T11:40:51.779-03:00,353,0,0,62,3374,2677,33701,3500,0,40000,0x07
2026-09-06T11:40:51.802-03:00,354,0,0,62,3374,2677,33701,3500,0,40000,0x07
2026-09-06T11:40:51.820-03:00,355,0,0,59,3374,2627,33915,3500,0,40000,0x07
2026-09-06T11:40:51.843-03:00,356,0,0,59,3374,2627,33915,3500,0,40000,0x07
2026-09-06T11:40:51.861-03:00,357,0,0,59,3374,2627,33915,3500,0,40000,0x07
2026-09-06T11:40:51.879-03:00,358,0,0,59,3374,2712,33555,3500,0,40000,0x07
2026-09-06T11:40:51.902-03:00,359,0,0,59,3374,2712,33555,3500,0,40000,0x07
2026-09-06T11:40:51.921-03:00,360,0,0,59,3374,2712,33555,3500,0,40000,0x07
2026-09-06T11:40:51.939-03:00,361,0,0,59,3374,2627,33915,3500,0,40000,0x07
2026-09-06T11:40:51.962-03:00,362,0,0,59,3374,2627,33915,3500,0,40000,0x07
2026-09-06T11:40:51.980-03:00,363,0,0,59,3374,2627,33915,3500,0,40000,0x07
2026-09-06T11:40:51.999-03:00,364,0,0,60,3374,2800,33180,3500,0,40000,0x07
2026-09-06T11:40:52.019-03:00,365,0,0,60,3374,2800,33180,3500,0,40000,0x07
2026-09-06T11:40:52.042-03:00,366,0,0,60,3374,2800,33180,3500,0,40000,0x07
2026-09-06T11:40:52.062-03:00,367,0,0,59,3374,2695,33627,3500,0,40000,0x07
2026-09-06T11:40:52.083-03:00,368,0,0,59,3374,2695,33627,3500,0,40000,0x07
2026-09-06T11:40:52.103-03:00,369,0,0,59,3374,2695,33627,3500,0,40000,0x07
2026-09-06T11:40:52.139-03:00,370,0,0,52,3374,2769,33311,3500,0,40000,0x07
2026-09-06T11:40:52.139-03:00,371,0,0,52,3374,2769,33311,3500,0,40000,0x07
2026-09-06T11:40:52.163-03:00,372,0,0,62,3374,2419,34798,3500,0,40000,0x07
2026-09-06T11:40:52.183-03:00,373,0,0,62,3374,2419,34798,3500,0,40000,0x07
2026-09-06T11:40:52.201-03:00,374,0,0,62,3374,2419,34798,3500,0,40000,0x07
2026-09-06T11:40:52.219-03:00,375,0,0,60,3374,2833,33039,3500,0,40000,0x07
2026-09-06T11:40:52.241-03:00,376,0,0,60,3374,2833,33039,3500,0,40000,0x07
2026-09-06T11:40:52.259-03:00,377,0,0,60,3374,2833,33039,3500,0,40000,0x07
2026-09-06T11:40:52.282-03:00,378,0,0,60,3374,2700,33606,3500,0,40000,0x07
2026-09-06T11:40:52.300-03:00,379,0,0,60,3374,2700,33606,3500,0,40000,0x07
2026-09-06T11:40:52.318-03:00,380,0,0,60,3374,2700,33606,3500,0,40000,0x07
2026-09-06T11:40:52.342-03:00,381,0,0,59,3374,2644,33843,3500,0,40000,0x07
2026-09-06T11:40:52.360-03:00,382,0,0,59,3374,2644,33843,3500,0,40000,0x07
2026-09-06T11:40:52.378-03:00,383,0,0,59,3374,2644,33843,3500,0,40000,0x07
2026-09-06T11:40:52.401-03:00,384,0,0,59,3374,2678,33699,3500,0,40000,0x07
2026-09-06T11:40:52.419-03:00,385,0,0,59,3374,2678,33699,3500,0,40000,0x07
2026-09-06T11:40:52.442-03:00,386,0,0,59,3374,2678,33699,3500,0,40000,0x07
2026-09-06T11:40:52.481-03:00,387,0,0,60,3374,2800,33180,3500,0,40000,0x07
2026-09-06T11:40:52.481-03:00,388,0,0,60,3374,2800,33180,3500,0,40000,0x07
2026-09-06T11:40:52.499-03:00,389,0,0,60,3374,2800,33180,3500,0,40000,0x07
2026-09-06T11:40:52.523-03:00,390,0,0,59,3374,2644,33843,3500,0,40000,0x07
2026-09-06T11:40:52.541-03:00,391,0,0,59,3374,2644,33843,3500,0,40000,0x07
2026-09-06T11:40:52.561-03:00,392,0,0,59,3374,2644,33843,3500,0,40000,0x07
2026-09-06T11:40:52.579-03:00,393,0,0,59,3374,2746,33411,3500,0,40000,0x07
2026-09-06T11:40:52.603-03:00,394,0,0,59,3374,2746,33411,3500,0,40000,0x07
2026-09-06T11:40:52.623-03:00,395,0,0,59,3374,2746,33411,3500,0,40000,0x07
2026-09-06T11:40:52.643-03:00,396,0,0,60,3374,2750,33393,3500,0,40000,0x07
2026-09-06T11:40:52.661-03:00,397,0,0,60,3374,2750,33393,3500,0,40000,0x07
2026-09-06T11:40:52.679-03:00,398,0,0,60,3374,2750,33393,3500,0,40000,0x07
2026-09-06T11:40:52.703-03:00,399,0,0,58,3374,2707,33576,3500,0,40000,0x07
2026-09-06T11:40:52.720-03:00,400,0,0,58,3374,2707,33576,3500,0,40000,0x07
2026-09-06T11:40:52.739-03:00,401,0,0,58,3374,2707,33576,3500,0,40000,0x07
2026-09-06T11:40:52.761-03:00,402,0,0,60,3374,2733,33464,3500,0,40000,0x07
2026-09-06T11:40:52.779-03:00,403,0,0,60,3374,2733,33464,3500,0,40000,0x07
2026-09-06T11:40:52.803-03:00,404,0,0,60,3374,2733,33464,3500,0,40000,0x07
2026-09-06T11:40:52.823-03:00,405,0,0,59,3374,2712,33555,3500,0,40000,0x07
2026-09-06T11:40:52.841-03:00,406,0,0,59,3374,2712,33555,3500,0,40000,0x07
2026-09-06T11:40:52.861-03:00,407,0,0,59,3374,2712,33555,3500,0,40000,0x07
2026-09-06T11:40:52.879-03:00,408,0,0,59,3374,2712,33555,3500,0,40000,0x07
2026-09-06T11:40:52.898-03:00,409,0,0,59,3374,2712,33555,3500,0,40000,0x07
2026-09-06T11:40:52.921-03:00,410,0,0,59,3374,2712,33555,3500,0,40000,0x07
2026-09-06T11:40:52.941-03:00,411,0,0,60,3374,2850,32968,3500,0,40000,0x07
2026-09-06T11:40:52.960-03:00,412,0,0,60,3374,2850,32968,3500,0,40000,0x07
2026-09-06T11:40:52.983-03:00,413,0,0,60,3374,2850,32968,3500,0,40000,0x07
2026-09-06T11:40:53.001-03:00,414,0,0,58,3374,2690,33649,3500,0,40000,0x07
2026-09-06T11:40:53.019-03:00,415,0,0,58,3374,2690,33649,3500,0,40000,0x07
2026-09-06T11:40:53.041-03:00,416,0,0,58,3374,2690,33649,3500,0,40000,0x07
2026-09-06T11:40:53.061-03:00,417,0,0,59,3374,2627,33915,3500,0,40000,0x07
2026-09-06T11:40:53.079-03:00,418,0,0,59,3374,2627,33915,3500,0,40000,0x07
2026-09-06T11:40:53.102-03:00,419,0,0,59,3374,2627,33915,3500,0,40000,0x07
2026-09-06T11:40:53.119-03:00,420,0,0,60,3374,2767,33322,3500,0,40000,0x07
2026-09-06T11:40:53.142-03:00,421,0,0,60,3374,2767,33322,3500,0,40000,0x07
2026-09-06T11:40:53.160-03:00,422,0,0,60,3374,2767,33322,3500,0,40000,0x07
2026-09-06T11:40:53.178-03:00,423,0,0,59,3374,2763,33339,3500,0,40000,0x07
2026-09-06T11:40:53.201-03:00,424,0,0,59,3374,2763,33339,3500,0,40000,0x07
2026-09-06T11:40:53.219-03:00,425,0,0,59,3374,2763,33339,3500,0,40000,0x07
2026-09-06T11:40:53.240-03:00,426,0,0,59,3374,2661,33771,3500,0,40000,0x07
2026-09-06T11:40:53.262-03:00,427,0,0,59,3374,2661,33771,3500,0,40000,0x07
2026-09-06T11:40:53.279-03:00,428,0,0,59,3374,2661,33771,3500,0,40000,0x07
2026-09-06T11:40:53.303-03:00,429,0,0,59,3374,2661,33771,3500,0,40000,0x07
2026-09-06T11:40:53.321-03:00,430,0,0,59,3374,2661,33771,3500,0,40000,0x07
2026-09-06T11:40:53.339-03:00,431,0,0,59,3374,2661,33771,3500,0,40000,0x07
2026-09-06T11:40:53.361-03:00,432,0,0,53,3374,2679,33694,3500,0,40000,0x07
2026-09-06T11:40:53.401-03:00,433,0,0,53,3374,2679,33694,3500,0,40000,0x07
2026-09-06T11:40:53.401-03:00,434,0,0,53,3374,2660,33774,3500,0,40000,0x07
2026-09-06T11:40:53.421-03:00,435,0,0,53,3374,2660,33774,3500,0,40000,0x07
2026-09-06T11:40:53.439-03:00,436,0,0,53,3374,2660,33774,3500,0,40000,0x07
2026-09-06T11:40:53.462-03:00,437,0,0,59,3374,2661,33771,3500,0,40000,0x07
2026-09-06T11:40:53.480-03:00,438,0,0,59,3374,2661,33771,3500,0,40000,0x07
2026-09-06T11:40:53.498-03:00,439,0,0,59,3374,2661,33771,3500,0,40000,0x07
2026-09-06T11:40:53.521-03:00,440,0,0,60,3374,2817,33110,3500,0,40000,0x07
2026-09-06T11:40:53.539-03:00,441,0,0,60,3374,2817,33110,3500,0,40000,0x07
2026-09-06T11:40:53.562-03:00,442,0,0,60,3374,2817,33110,3500,0,40000,0x07
2026-09-06T11:40:53.580-03:00,443,0,0,59,3374,2763,33339,3500,0,40000,0x07
2026-09-06T11:40:53.598-03:00,444,0,0,59,3374,2763,33339,3500,0,40000,0x07
2026-09-06T11:40:53.621-03:00,445,0,0,59,3374,2763,33339,3500,0,40000,0x07
2026-09-06T11:40:53.639-03:00,446,0,0,58,3374,2569,34162,3500,0,40000,0x07
2026-09-06T11:40:53.662-03:00,447,0,0,58,3374,2569,34162,3500,0,40000,0x07
2026-09-06T11:40:53.682-03:00,448,0,0,58,3374,2569,34162,3500,0,40000,0x07
2026-09-06T11:40:53.703-03:00,449,0,0,60,3374,2800,33180,3500,0,40000,0x07
2026-09-06T11:40:53.721-03:00,450,0,0,60,3374,2800,33180,3500,0,40000,0x07
2026-09-06T11:40:53.739-03:00,451,0,0,60,3374,2800,33180,3500,0,40000,0x07
2026-09-06T11:40:53.762-03:00,452,0,0,62,3374,2726,33496,3500,0,40000,0x07
2026-09-06T11:40:53.782-03:00,453,0,0,62,3374,2726,33496,3500,0,40000,0x07
2026-09-06T11:40:53.802-03:00,454,0,0,62,3374,2726,33496,3500,0,40000,0x07
2026-09-06T11:40:53.820-03:00,455,0,0,59,3374,2695,33627,3500,0,40000,0x07
2026-09-06T11:40:53.838-03:00,456,0,0,59,3374,2695,33627,3500,0,40000,0x07
2026-09-06T11:40:53.860-03:00,457,0,0,59,3374,2695,33627,3500,0,40000,0x07
2026-09-06T11:40:53.882-03:00,458,0,0,59,3374,2797,33195,3500,0,40000,0x07
2026-09-06T11:40:53.900-03:00,459,0,0,59,3374,2797,33195,3500,0,40000,0x07
2026-09-06T11:40:53.918-03:00,460,0,0,59,3374,2797,33195,3500,0,40000,0x07
2026-09-06T11:40:53.942-03:00,461,0,0,50,3374,2700,33606,3500,0,40000,0x07
2026-09-06T11:40:53.960-03:00,462,0,0,50,3374,2700,33606,3500,0,40000,0x07
2026-09-06T11:40:53.983-03:00,463,0,0,53,3374,2736,33453,3500,0,40000,0x07
2026-09-06T11:40:54.001-03:00,464,0,0,53,3374,2736,33453,3500,0,40000,0x07
2026-09-06T11:40:54.019-03:00,465,0,0,53,3374,2736,33453,3500,0,40000,0x07
2026-09-06T11:40:54.042-03:00,466,0,0,59,3374,2712,33555,3500,0,40000,0x07
2026-09-06T11:40:54.060-03:00,467,0,0,59,3374,2712,33555,3500,0,40000,0x07
2026-09-06T11:40:54.080-03:00,468,0,0,59,3374,2712,33555,3500,0,40000,0x07
2026-09-06T11:40:54.098-03:00,469,0,0,58,3374,2707,33576,3500,0,40000,0x07
2026-09-06T11:40:54.120-03:00,470,0,0,58,3374,2707,33576,3500,0,40000,0x07
2026-09-06T11:40:54.140-03:00,471,0,0,58,3374,2707,33576,3500,0,40000,0x07
2026-09-06T11:40:54.163-03:00,472,0,0,60,3374,2767,33322,3500,0,40000,0x07
2026-09-06T11:40:54.181-03:00,473,0,0,60,3374,2767,33322,3500,0,40000,0x07
2026-09-06T11:40:54.201-03:00,474,0,0,60,3374,2767,33322,3500,0,40000,0x07
2026-09-06T11:40:54.221-03:00,475,0,0,50,3374,2720,33520,3500,0,40000,0x07
2026-09-06T11:40:54.243-03:00,476,0,0,50,3374,2720,33520,3500,0,40000,0x07
2026-09-06T11:40:54.261-03:00,477,0,0,52,3374,2654,33802,3500,0,40000,0x07
2026-09-06T11:40:54.281-03:00,478,0,0,52,3374,2654,33802,3500,0,40000,0x07
2026-09-06T11:40:54.303-03:00,479,0,0,52,3374,2654,33802,3500,0,40000,0x07
2026-09-06T11:40:54.321-03:00,480,0,0,59,3374,2797,33195,3500,0,40000,0x07
2026-09-06T11:40:54.341-03:00,481,0,0,59,3374,2797,33195,3500,0,40000,0x07
2026-09-06T11:40:54.359-03:00,482,0,0,59,3374,2797,33195,3500,0,40000,0x07
2026-09-06T11:40:54.379-03:00,483,0,0,59,3374,2644,33843,3500,0,40000,0x07
2026-09-06T11:40:54.403-03:00,484,0,0,59,3374,2644,33843,3500,0,40000,0x07
2026-09-06T11:40:54.421-03:00,485,0,0,59,3374,2644,33843,3500,0,40000,0x07
2026-09-06T11:40:54.440-03:00,486,0,0,59,3374,2644,33843,3500,0,40000,0x07
2026-09-06T11:40:54.458-03:00,487,0,0,59,3374,2644,33843,3500,0,40000,0x07
2026-09-06T11:40:54.481-03:00,488,0,0,59,3374,2644,33843,3500,0,40000,0x07
2026-09-06T11:40:54.500-03:00,489,0,0,59,3374,2881,32835,3500,0,40000,0x07
2026-09-06T11:40:54.519-03:00,490,0,0,59,3374,2881,32835,3500,0,40000,0x07
2026-09-06T11:40:54.541-03:00,491,0,0,59,3374,2881,32835,3500,0,40000,0x07
2026-09-06T11:40:54.559-03:00,492,0,0,50,3374,2620,33946,3500,0,40000,0x07
2026-09-06T11:40:54.583-03:00,493,0,0,50,3374,2620,33946,3500,0,40000,0x07
2026-09-06T11:40:54.600-03:00,494,0,0,53,3374,2792,33213,3500,0,40000,0x07
2026-09-06T11:40:54.619-03:00,495,0,0,53,3374,2792,33213,3500,0,40000,0x07
2026-09-06T11:40:54.642-03:00,496,0,0,53,3374,2792,33213,3500,0,40000,0x07
2026-09-06T11:40:54.686-03:00,497,0,0,59,3374,2695,33627,3500,0,40000,0x07
2026-09-06T11:40:54.730-03:00,498,0,0,59,3374,2695,33627,3500,0,40000,0x07
2026-09-06T11:40:54.773-03:00,499,0,0,59,3374,2695,33627,3500,0,40000,0x07
2026-09-06T11:40:54.814-03:00,500,0,0,50,3374,2640,33860,3500,0,40000,0x07
2026-09-06T11:40:54.858-03:00,501,0,0,50,0,0,0,0,0,0,0x03
