timestamp,sequence,team,robot_id,interval_ms,left_target_eps,left_measured_eps,left_duty,right_target_eps,right_measured_eps,right_duty,flags
2026-09-06T13:23:31.880-03:00,27,0,2,50,0,0,0,0,0,0,0x03
2026-09-06T13:23:31.979-03:00,28,0,2,52,0,0,0,0,0,0,0x03
2026-09-06T13:23:32.080-03:00,29,0,2,52,0,0,0,0,0,0,0x03
2026-09-06T13:23:32.178-03:00,30,0,2,51,0,0,0,0,0,0,0x03
2026-09-06T13:23:32.278-03:00,30,0,2,50,0,0,0,0,0,0,0x03
2026-09-06T13:23:32.378-03:00,2,0,2,52,0,0,10043,0,0,9854,0x07
2026-09-06T13:23:32.478-03:00,3,0,2,50,1012,920,11094,1050,560,13498,0x07
2026-09-06T13:23:32.580-03:00,4,0,2,57,1012,982,10817,1050,860,12573,0x07
2026-09-06T13:23:32.621-03:00,5,0,2,52,1012,981,10853,1050,788,13148,0x07
2026-09-06T13:23:32.662-03:00,6,0,2,51,1012,980,10877,1050,902,12988,0x07
2026-09-06T13:23:32.703-03:00,7,0,2,50,1012,960,11056,1050,900,13238,0x07
2026-09-06T13:23:32.747-03:00,8,0,2,51,1012,980,10998,1050,902,13380,0x07
2026-09-06T13:23:32.787-03:00,9,0,2,50,0,0,0,0,0,0,0x03
