timestamp,sequence,team,robot_id,interval_ms,left_target_eps,left_measured_eps,left_duty,right_target_eps,right_measured_eps,right_duty,flags
2026-09-06T12:09:58.717-03:00,502,0,0,50,0,0,0,0,0,0,0x03
2026-09-06T12:09:58.735-03:00,503,0,0,55,0,0,0,0,0,0,0x03
2026-09-06T12:09:58.758-03:00,504,0,0,51,0,0,0,0,0,0,0x03
2026-09-06T12:09:58.778-03:00,505,0,0,54,0,0,0,0,0,0,0x03
2026-09-06T12:09:58.796-03:00,505,0,0,54,0,0,0,0,0,0,0x03
2026-09-06T12:09:58.818-03:00,505,0,0,54,0,0,0,0,0,0,0x03
2026-09-06T12:09:58.838-03:00,505,0,0,52,0,0,0,0,0,0,0x03
2026-09-06T12:09:58.856-03:00,505,0,0,52,0,0,0,0,0,0,0x03
2026-09-06T12:09:58.875-03:00,505,0,0,52,0,0,0,0,0,0,0x03
2026-09-06T12:09:58.897-03:00,505,0,0,53,0,0,0,0,0,0,0x03
2026-09-06T12:09:58.939-03:00,505,0,0,53,0,0,0,0,0,0,0x03
2026-09-06T12:09:58.957-03:00,8,0,0,50,0,0,30741,0,0,31098,0x07
2026-09-06T12:09:58.995-03:00,9,0,0,54,3374,1056,40000,3500,0,40000,0x07
2026-09-06T12:09:58.995-03:00,10,0,0,54,3374,1056,40000,3500,0,40000,0x07
2026-09-06T12:09:59.018-03:00,11,0,0,54,3374,1056,40000,3500,0,40000,0x07
2026-09-06T12:09:59.036-03:00,13,0,0,60,3374,2383,34951,3500,0,40000,0x07
2026-09-06T12:09:59.059-03:00,14,0,0,60,3374,2383,34951,3500,0,40000,0x07
2026-09-06T12:09:59.076-03:00,15,0,0,60,3374,2383,34951,3500,0,40000,0x07
2026-09-06T12:09:59.096-03:00,16,0,0,59,3374,2610,33987,3500,0,40000,0x07
2026-09-06T12:09:59.116-03:00,17,0,0,59,3374,2610,33987,3500,0,40000,0x07
2026-09-06T12:09:59.137-03:00,18,0,0,59,3374,2610,33987,3500,0,40000,0x07
2026-09-06T12:09:59.157-03:00,19,0,0,58,3374,2431,34749,3500,0,40000,0x07
2026-09-06T12:09:59.197-03:00,20,0,0,58,3374,2431,34749,3500,0,40000,0x07
2026-09-06T12:09:59.197-03:00,21,0,0,58,3374,2431,34749,3500,0,40000,0x07
2026-09-06T12:09:59.217-03:00,22,0,0,50,3374,2400,34880,3500,0,40000,0x07
2026-09-06T12:09:59.259-03:00,23,0,0,50,3374,2400,34880,3500,0,40000,0x07
2026-09-06T12:09:59.259-03:00,24,0,0,50,3374,2460,34626,3500,0,40000,0x07
2026-09-06T12:09:59.314-03:00,25,0,0,50,3374,2460,34626,3500,0,40000,0x07
2026-09-06T12:09:59.314-03:00,26,0,0,50,3374,2460,34626,3500,0,40000,0x07
2026-09-06T12:09:59.358-03:00,27,0,0,50,3374,2540,34286,3500,0,40000,0x07
2026-09-06T12:09:59.376-03:00,28,0,0,50,3374,2500,34456,3500,0,40000,0x07
2026-09-06T12:09:59.399-03:00,29,0,0,50,3374,2500,34456,3500,0,40000,0x07
2026-09-06T12:09:59.419-03:00,31,0,0,51,3374,2549,34247,3500,0,40000,0x07
2026-09-06T12:09:59.436-03:00,32,0,0,51,3374,2549,34247,3500,0,40000,0x07
2026-09-06T12:09:59.459-03:00,34,0,0,53,3374,2453,34656,3500,0,40000,0x07
2026-09-06T12:09:59.477-03:00,35,0,0,53,3374,2453,34656,3500,0,40000,0x07
2026-09-06T12:09:59.495-03:00,36,0,0,53,3374,2453,34656,3500,0,40000,0x07
2026-09-06T12:09:59.518-03:00,37,0,0,59,3374,2508,34419,3500,0,40000,0x07
2026-09-06T12:09:59.536-03:00,38,0,0,59,3374,2508,34419,3500,0,40000,0x07
2026-09-06T12:09:59.554-03:00,39,0,0,59,3374,2508,34419,3500,0,40000,0x07
2026-09-06T12:09:59.577-03:00,40,0,0,60,3374,2600,34030,3500,0,40000,0x07
2026-09-06T12:09:59.594-03:00,41,0,0,60,3374,2600,34030,3500,0,40000,0x07
2026-09-06T12:09:59.636-03:00,42,0,0,60,3374,2600,34030,3500,0,40000,0x07
2026-09-06T12:09:59.654-03:00,43,0,0,57,3374,2614,33971,3500,0,40000,0x07
2026-09-06T12:09:59.678-03:00,44,0,0,57,3374,2614,33971,3500,0,40000,0x07
2026-09-06T12:09:59.696-03:00,45,0,0,61,3374,2721,33515,3500,0,40000,0x07
2026-09-06T12:09:59.716-03:00,46,0,0,61,3374,2721,33515,3500,0,40000,0x07
2026-09-06T12:09:59.758-03:00,48,0,0,61,3374,2721,33515,3500,0,40000,0x07
2026-09-06T12:09:59.758-03:00,49,0,0,60,3374,2550,34243,3500,0,40000,0x07
2026-09-06T12:09:59.776-03:00,50,0,0,60,3374,2550,34243,3500,0,40000,0x07
2026-09-06T12:09:59.796-03:00,51,0,0,60,3374,2550,34243,3500,0,40000,0x07
2026-09-06T12:09:59.818-03:00,52,0,0,59,3374,2627,33915,3500,0,40000,0x07
2026-09-06T12:09:59.836-03:00,53,0,0,59,3374,2627,33915,3500,0,40000,0x07
2026-09-06T12:09:59.858-03:00,54,0,0,59,3374,2627,33915,3500,0,40000,0x07
2026-09-06T12:09:59.875-03:00,55,0,0,50,3374,2440,34710,3500,0,40000,0x07
2026-09-06T12:09:59.899-03:00,56,0,0,50,3374,2440,34710,3500,0,40000,0x07
2026-09-06T12:09:59.917-03:00,57,0,0,50,3374,2660,33776,3500,0,40000,0x07
2026-09-06T12:09:59.937-03:00,58,0,0,50,3374,2660,33776,3500,0,40000,0x07
2026-09-06T12:09:59.956-03:00,59,0,0,50,3374,2660,33776,3500,0,40000,0x07
2026-09-06T12:09:59.975-03:00,60,0,0,62,3374,2565,34181,3500,0,40000,0x07
2026-09-06T12:09:59.996-03:00,61,0,0,62,3374,2565,34181,3500,0,40000,0x07
2026-09-06T12:10:00.018-03:00,62,0,0,62,3374,2565,34181,3500,0,40000,0x07
2026-09-06T12:10:00.034-03:00,63,0,0,60,3374,2550,34243,3500,0,40000,0x07
2026-09-06T12:10:00.056-03:00,64,0,0,60,3374,2550,34243,3500,0,40000,0x07
2026-09-06T12:10:00.094-03:00,65,0,0,60,3374,2550,34243,3500,0,40000,0x07
2026-09-06T12:10:00.094-03:00,66,0,0,61,3374,2689,33654,3500,0,40000,0x07
2026-09-06T12:10:00.119-03:00,67,0,0,61,3374,2689,33654,3500,0,40000,0x07
2026-09-06T12:10:00.137-03:00,68,0,0,61,3374,2689,33654,3500,0,40000,0x07
2026-09-06T12:10:00.155-03:00,69,0,0,58,3374,2552,34236,3500,0,40000,0x07
2026-09-06T12:10:00.177-03:00,70,0,0,58,3374,2552,34236,3500,0,40000,0x07
2026-09-06T12:10:00.197-03:00,71,0,0,58,3374,2552,34236,3500,0,40000,0x07
2026-09-06T12:10:00.215-03:00,72,0,0,58,3374,2586,34089,3500,0,40000,0x07
2026-09-06T12:10:00.257-03:00,73,0,0,58,3374,2586,34089,3500,0,40000,0x07
2026-09-06T12:10:00.277-03:00,74,0,0,58,3374,2586,34089,3500,0,40000,0x07
2026-09-06T12:10:00.294-03:00,75,0,0,50,3374,2600,34030,3500,0,40000,0x07
2026-09-06T12:10:00.318-03:00,76,0,0,52,3374,2673,33720,3500,0,40000,0x07
2026-09-06T12:10:00.338-03:00,77,0,0,52,3374,2673,33720,3500,0,40000,0x07
2026-09-06T12:10:00.379-03:00,79,0,0,52,3374,2673,33720,3500,0,40000,0x07
2026-09-06T12:10:00.379-03:00,80,0,0,61,3374,2721,33515,3500,0,40000,0x07
2026-09-06T12:10:00.397-03:00,81,0,0,61,3374,2721,33515,3500,0,40000,0x07
2026-09-06T12:10:00.417-03:00,82,0,0,61,3374,2721,33515,3500,0,40000,0x07
2026-09-06T12:10:00.437-03:00,83,0,0,61,3374,2656,33794,3500,0,40000,0x07
2026-09-06T12:10:00.456-03:00,84,0,0,61,3374,2656,33794,3500,0,40000,0x07
2026-09-06T12:10:00.479-03:00,85,0,0,61,3374,2656,33794,3500,0,40000,0x07
2026-09-06T12:10:00.497-03:00,86,0,0,67,3374,2343,35122,3500,0,40000,0x07
2026-09-06T12:10:00.515-03:00,87,0,0,67,3374,2343,35122,3500,0,40000,0x07
2026-09-06T12:10:00.538-03:00,88,0,0,67,3374,2343,35122,3500,0,40000,0x07
2026-09-06T12:10:00.555-03:00,89,0,0,58,3374,2672,33723,3500,0,40000,0x07
2026-09-06T12:10:00.575-03:00,90,0,0,58,3374,2672,33723,3500,0,40000,0x07
2026-09-06T12:10:00.595-03:00,91,0,0,58,3374,2672,33723,3500,0,40000,0x07
2026-09-06T12:10:00.619-03:00,92,0,0,60,3374,2633,33889,3500,0,40000,0x07
2026-09-06T12:10:00.658-03:00,93,0,0,60,3374,2633,33889,3500,0,40000,0x07
2026-09-06T12:10:00.698-03:00,94,0,0,60,3374,2633,33889,3500,0,40000,0x07
2026-09-06T12:10:00.698-03:00,95,0,0,58,3374,2690,33649,3500,0,40000,0x07
2026-09-06T12:10:00.717-03:00,96,0,0,58,3374,2690,33649,3500,0,40000,0x07
2026-09-06T12:10:00.737-03:00,97,0,0,54,3374,2611,33983,3500,0,40000,0x07
2026-09-06T12:10:00.755-03:00,99,0,0,54,3374,2611,33983,3500,0,40000,0x07
2026-09-06T12:10:00.778-03:00,100,0,0,54,3374,2611,33983,3500,0,40000,0x07
2026-09-06T12:10:00.798-03:00,101,0,0,50,3374,2560,34200,3500,0,40000,0x07
2026-09-06T12:10:00.818-03:00,102,0,0,50,3374,2560,34200,3500,0,40000,0x07
2026-09-06T12:10:00.836-03:00,103,0,0,55,3374,2691,33644,3500,0,40000,0x07
2026-09-06T12:10:00.859-03:00,104,0,0,55,3374,2691,33644,3500,0,40000,0x07
2026-09-06T12:10:00.876-03:00,105,0,0,55,3374,2691,33644,3500,0,40000,0x07
2026-09-06T12:10:00.899-03:00,106,0,0,58,3374,2603,34016,3500,0,40000,0x07
2026-09-06T12:10:00.916-03:00,107,0,0,58,3374,2603,34016,3500,0,40000,0x07
2026-09-06T12:10:00.936-03:00,108,0,0,58,3374,2603,34016,3500,0,40000,0x07
2026-09-06T12:10:00.954-03:00,109,0,0,60,3374,2500,34456,3500,0,40000,0x07
2026-09-06T12:10:00.978-03:00,110,0,0,60,3374,2500,34456,3500,0,40000,0x07
2026-09-06T12:10:00.997-03:00,111,0,0,60,3374,2500,34456,3500,0,40000,0x07
2026-09-06T12:10:01.017-03:00,112,0,0,58,3374,2586,34089,3500,0,40000,0x07
2026-09-06T12:10:01.037-03:00,113,0,0,58,3374,2586,34089,3500,0,40000,0x07
2026-09-06T12:10:01.076-03:00,114,0,0,58,3374,2586,34089,3500,0,40000,0x07
2026-09-06T12:10:01.076-03:00,115,0,0,61,3374,2607,34003,3500,0,40000,0x07
2026-09-06T12:10:01.095-03:00,116,0,0,61,3374,2607,34003,3500,0,40000,0x07
2026-09-06T12:10:01.118-03:00,117,0,0,61,3374,2607,34003,3500,0,40000,0x07
2026-09-06T12:10:01.136-03:00,118,0,0,58,3374,2638,33869,3500,0,40000,0x07
2026-09-06T12:10:01.159-03:00,119,0,0,58,3374,2638,33869,3500,0,40000,0x07
2026-09-06T12:10:01.176-03:00,120,0,0,58,3374,2638,33869,3500,0,40000,0x07
2026-09-06T12:10:01.196-03:00,121,0,0,60,3374,2567,34172,3500,0,40000,0x07
2026-09-06T12:10:01.218-03:00,122,0,0,60,3374,2567,34172,3500,0,40000,0x07
2026-09-06T12:10:01.238-03:00,123,0,0,60,3374,2567,34172,3500,0,40000,0x07
2026-09-06T12:10:01.256-03:00,124,0,0,50,3374,2600,34030,3500,0,40000,0x07
2026-09-06T12:10:01.279-03:00,125,0,0,50,3374,2600,34030,3500,0,40000,0x07
2026-09-06T12:10:01.297-03:00,126,0,0,52,3374,2596,34047,3500,0,40000,0x07
2026-09-06T12:10:01.315-03:00,127,0,0,52,3374,2596,34047,3500,0,40000,0x07
2026-09-06T12:10:01.335-03:00,128,0,0,52,3374,2596,34047,3500,0,40000,0x07
2026-09-06T12:10:01.358-03:00,129,0,0,58,3374,2603,34016,3500,0,40000,0x07
2026-09-06T12:10:01.378-03:00,130,0,0,58,3374,2603,34016,3500,0,40000,0x07
2026-09-06T12:10:01.396-03:00,131,0,0,58,3374,2603,34016,3500,0,40000,0x07
2026-09-06T12:10:01.419-03:00,132,0,0,61,3374,2705,33585,3500,0,40000,0x07
2026-09-06T12:10:01.454-03:00,133,0,0,61,3374,2705,33585,3500,0,40000,0x07
2026-09-06T12:10:01.454-03:00,134,0,0,61,3374,2705,33585,3500,0,40000,0x07
2026-09-06T12:10:01.477-03:00,135,0,0,52,3374,2635,33883,3500,0,40000,0x07
2026-09-06T12:10:01.495-03:00,136,0,0,52,3374,2635,33883,3500,0,40000,0x07
2026-09-06T12:10:01.518-03:00,137,0,0,51,3374,2588,34080,3500,0,40000,0x07
2026-09-06T12:10:01.559-03:00,138,0,0,51,3374,2588,34080,3500,0,40000,0x07
2026-09-06T12:10:01.559-03:00,139,0,0,51,3374,2588,34080,3500,0,40000,0x07
2026-09-06T12:10:01.579-03:00,140,0,0,50,3374,2640,33860,3500,0,40000,0x07
2026-09-06T12:10:01.598-03:00,141,0,0,50,3374,2640,33860,3500,0,40000,0x07
2026-09-06T12:10:01.615-03:00,142,0,0,52,3374,2712,33556,3500,0,40000,0x07
2026-09-06T12:10:01.637-03:00,143,0,0,52,3374,2712,33556,3500,0,40000,0x07
2026-09-06T12:10:01.655-03:00,144,0,0,52,3374,2712,33556,3500,0,40000,0x07
2026-09-06T12:10:01.678-03:00,145,0,0,58,3374,2569,34162,3500,0,40000,0x07
2026-09-06T12:10:01.698-03:00,146,0,0,58,3374,2569,34162,3500,0,40000,0x07
2026-09-06T12:10:01.718-03:00,147,0,0,58,3374,2569,34162,3500,0,40000,0x07
2026-09-06T12:10:01.737-03:00,148,0,0,57,3374,2596,34045,3500,0,40000,0x07
2026-09-06T12:10:01.754-03:00,149,0,0,57,3374,2596,34045,3500,0,40000,0x07
2026-09-06T12:10:01.774-03:00,150,0,0,57,3374,2596,34045,3500,0,40000,0x07
2026-09-06T12:10:01.798-03:00,151,0,0,59,3374,2559,34203,3500,0,40000,0x07
2026-09-06T12:10:01.816-03:00,152,0,0,59,3374,2559,34203,3500,0,40000,0x07
2026-09-06T12:10:01.839-03:00,153,0,0,59,3374,2559,34203,3500,0,40000,0x07
2026-09-06T12:10:01.856-03:00,154,0,0,50,3374,2520,34370,3500,0,40000,0x07
2026-09-06T12:10:01.875-03:00,155,0,0,50,3374,2520,34370,3500,0,40000,0x07
2026-09-06T12:10:01.898-03:00,156,0,0,52,3374,2731,33475,3500,0,40000,0x07
2026-09-06T12:10:01.915-03:00,157,0,0,52,3374,2731,33475,3500,0,40000,0x07
2026-09-06T12:10:01.938-03:00,158,0,0,52,3374,2731,33475,3500,0,40000,0x07
2026-09-06T12:10:01.956-03:00,159,0,0,50,3374,2620,33946,3500,0,40000,0x07
2026-09-06T12:10:01.977-03:00,160,0,0,50,3374,2620,33946,3500,0,40000,0x07
2026-09-06T12:10:02.018-03:00,161,0,0,52,3374,2654,33802,3500,0,40000,0x07
2026-09-06T12:10:02.018-03:00,162,0,0,52,3374,2654,33802,3500,0,40000,0x07
2026-09-06T12:10:02.037-03:00,163,0,0,52,3374,2654,33802,3500,0,40000,0x07
2026-09-06T12:10:02.055-03:00,164,0,0,50,3374,2500,34456,3500,0,40000,0x07
2026-09-06T12:10:02.078-03:00,165,0,0,50,3374,2500,34456,3500,0,40000,0x07
2026-09-06T12:10:02.096-03:00,166,0,0,52,3374,2692,33638,3500,0,40000,0x07
2026-09-06T12:10:02.119-03:00,167,0,0,52,3374,2692,33638,3500,0,40000,0x07
2026-09-06T12:10:02.134-03:00,168,0,0,52,3374,2692,33638,3500,0,40000,0x07
2026-09-06T12:10:02.157-03:00,169,0,0,59,3374,2661,33771,3500,0,40000,0x07
2026-09-06T12:10:02.177-03:00,170,0,0,59,3374,2661,33771,3500,0,40000,0x07
2026-09-06T12:10:02.198-03:00,171,0,0,59,3374,2661,33771,3500,0,40000,0x07
2026-09-06T12:10:02.215-03:00,172,0,0,58,3374,2569,34162,3500,0,40000,0x07
2026-09-06T12:10:02.239-03:00,173,0,0,58,3374,2569,34162,3500,0,40000,0x07
2026-09-06T12:10:02.259-03:00,174,0,0,58,3374,2569,34162,3500,0,40000,0x07
2026-09-06T12:10:02.277-03:00,175,0,0,58,3374,2586,34089,3500,0,40000,0x07
2026-09-06T12:10:02.297-03:00,176,0,0,58,3374,2586,34089,3500,0,40000,0x07
2026-09-06T12:10:02.315-03:00,177,0,0,58,3374,2586,34089,3500,0,40000,0x07
2026-09-06T12:10:02.338-03:00,178,0,0,58,3374,2741,33430,3500,0,40000,0x07
2026-09-06T12:10:02.357-03:00,179,0,0,58,3374,2741,33430,3500,0,40000,0x07
2026-09-06T12:10:02.375-03:00,180,0,0,58,3374,2741,33430,3500,0,40000,0x07
2026-09-06T12:10:02.398-03:00,181,0,0,50,3374,2580,34116,3500,0,40000,0x07
2026-09-06T12:10:02.416-03:00,182,0,0,50,3374,2580,34116,3500,0,40000,0x07
2026-09-06T12:10:02.439-03:00,183,0,0,52,3374,2615,33965,3500,0,40000,0x07
2026-09-06T12:10:02.457-03:00,184,0,0,52,3374,2615,33965,3500,0,40000,0x07
2026-09-06T12:10:02.477-03:00,185,0,0,52,3374,2615,33965,3500,0,40000,0x07
2026-09-06T12:10:02.495-03:00,186,0,0,50,3374,2480,34540,3500,0,40000,0x07
2026-09-06T12:10:02.515-03:00,187,0,0,50,3374,2480,34540,3500,0,40000,0x07
2026-09-06T12:10:02.538-03:00,188,0,0,52,3374,2615,33965,3500,0,40000,0x07
2026-09-06T12:10:02.556-03:00,189,0,0,52,3374,2615,33965,3500,0,40000,0x07
2026-09-06T12:10:02.576-03:00,190,0,0,52,3374,2615,33965,3500,0,40000,0x07
2026-09-06T12:10:02.599-03:00,191,0,0,59,3374,2678,33699,3500,0,40000,0x07
2026-09-06T12:10:02.617-03:00,192,0,0,59,3374,2678,33699,3500,0,40000,0x07
2026-09-06T12:10:02.639-03:00,193,0,0,59,3374,2678,33699,3500,0,40000,0x07
2026-09-06T12:10:02.657-03:00,194,0,0,61,3374,2672,33724,3500,0,40000,0x07
2026-09-06T12:10:02.675-03:00,195,0,0,61,3374,2672,33724,3500,0,40000,0x07
2026-09-06T12:10:02.699-03:00,196,0,0,61,3374,2672,33724,3500,0,40000,0x07
2026-09-06T12:10:02.719-03:00,197,0,0,58,3374,2534,34309,3500,0,40000,0x07
2026-09-06T12:10:02.737-03:00,198,0,0,58,3374,2534,34309,3500,0,40000,0x07
2026-09-06T12:10:02.758-03:00,199,0,0,58,3374,2534,34309,3500,0,40000,0x07
2026-09-06T12:10:02.776-03:00,200,0,0,61,3374,2623,33933,3500,0,40000,0x07
2026-09-06T12:10:02.794-03:00,201,0,0,61,3374,2623,33933,3500,0,40000,0x07
2026-09-06T12:10:02.818-03:00,202,0,0,61,3374,2623,33933,3500,0,40000,0x07
2026-09-06T12:10:02.838-03:00,203,0,0,58,3374,2552,34236,3500,0,40000,0x07
2026-09-06T12:10:02.856-03:00,204,0,0,58,3374,2552,34236,3500,0,40000,0x07
2026-09-06T12:10:02.874-03:00,205,0,0,58,3374,2552,34236,3500,0,40000,0x07
2026-09-06T12:10:02.894-03:00,206,0,0,61,3374,2557,34212,3500,0,40000,0x07
2026-09-06T12:10:02.917-03:00,207,0,0,61,3374,2557,34212,3500,0,40000,0x07
2026-09-06T12:10:02.935-03:00,208,0,0,61,3374,2557,34212,3500,0,40000,0x07
2026-09-06T12:10:02.959-03:00,209,0,0,59,3374,2593,34059,3500,0,40000,0x07
2026-09-06T12:10:02.977-03:00,210,0,0,59,3374,2593,34059,3500,0,40000,0x07
2026-09-06T12:10:02.995-03:00,211,0,0,59,3374,2593,34059,3500,0,40000,0x07
2026-09-06T12:10:03.015-03:00,212,0,0,51,3374,2725,33497,3500,0,40000,0x07
2026-09-06T12:10:03.038-03:00,213,0,0,51,3374,2725,33497,3500,0,40000,0x07
2026-09-06T12:10:03.056-03:00,214,0,0,51,3374,2549,34247,3500,0,40000,0x07
2026-09-06T12:10:03.074-03:00,215,0,0,51,3374,2549,34247,3500,0,40000,0x07
2026-09-06T12:10:03.097-03:00,216,0,0,51,3374,2549,34247,3500,0,40000,0x07
2026-09-06T12:10:03.118-03:00,217,0,0,57,3374,2561,34195,3500,0,40000,0x07
2026-09-06T12:10:03.138-03:00,218,0,0,57,3374,2561,34195,3500,0,40000,0x07
2026-09-06T12:10:03.156-03:00,219,0,0,57,3374,2561,34195,3500,0,40000,0x07
2026-09-06T12:10:03.179-03:00,220,0,0,52,3374,2538,34292,3500,0,40000,0x07
2026-09-06T12:10:03.197-03:00,221,0,0,52,3374,2538,34292,3500,0,40000,0x07
2026-09-06T12:10:03.217-03:00,222,0,0,52,3374,2558,34210,3500,0,40000,0x07
2026-09-06T12:10:03.235-03:00,223,0,0,52,3374,2558,34210,3500,0,40000,0x07
2026-09-06T12:10:03.256-03:00,224,0,0,52,3374,2558,34210,3500,0,40000,0x07
2026-09-06T12:10:03.279-03:00,225,0,0,67,3374,2358,35058,3500,0,40000,0x07
2026-09-06T12:10:03.297-03:00,226,0,0,67,3374,2358,35058,3500,0,40000,0x07
2026-09-06T12:10:03.315-03:00,227,0,0,67,3374,2358,35058,3500,0,40000,0x07
2026-09-06T12:10:03.338-03:00,228,0,0,59,3374,2695,33627,3500,0,40000,0x07
2026-09-06T12:10:03.358-03:00,229,0,0,59,3374,2695,33627,3500,0,40000,0x07
2026-09-06T12:10:03.376-03:00,230,0,0,59,3374,2695,33627,3500,0,40000,0x07
2026-09-06T12:10:03.396-03:00,231,0,0,59,3374,2627,33915,3500,0,40000,0x07
2026-09-06T12:10:03.414-03:00,232,0,0,59,3374,2627,33915,3500,0,40000,0x07
2026-09-06T12:10:03.436-03:00,233,0,0,59,3374,2627,33915,3500,0,40000,0x07
2026-09-06T12:10:03.455-03:00,234,0,0,57,3374,2579,34120,3500,0,40000,0x07
2026-09-06T12:10:03.478-03:00,235,0,0,57,3374,2579,34120,3500,0,40000,0x07
2026-09-06T12:10:03.497-03:00,236,0,0,57,3374,2579,34120,3500,0,40000,0x07
2026-09-06T12:10:03.515-03:00,237,0,0,58,3374,2569,34162,3500,0,40000,0x07
2026-09-06T12:10:03.538-03:00,238,0,0,58,3374,2569,34162,3500,0,40000,0x07
2026-09-06T12:10:03.556-03:00,239,0,0,58,3374,2569,34162,3500,0,40000,0x07
2026-09-06T12:10:03.576-03:00,240,0,0,57,3374,2684,33673,3500,0,40000,0x07
2026-09-06T12:10:03.596-03:00,241,0,0,57,3374,2684,33673,3500,0,40000,0x07
2026-09-06T12:10:03.614-03:00,242,0,0,57,3374,2684,33673,3500,0,40000,0x07
2026-09-06T12:10:03.638-03:00,243,0,0,61,3374,2492,34490,3500,0,40000,0x07
2026-09-06T12:10:03.656-03:00,244,0,0,61,3374,2492,34490,3500,0,40000,0x07
2026-09-06T12:10:03.674-03:00,245,0,0,61,3374,2492,34490,3500,0,40000,0x07
2026-09-06T12:10:03.698-03:00,246,0,0,60,3374,2650,33818,3500,0,40000,0x07
2026-09-06T12:10:03.717-03:00,247,0,0,60,3374,2650,33818,3500,0,40000,0x07
2026-09-06T12:10:03.737-03:00,248,0,0,60,3374,2650,33818,3500,0,40000,0x07
2026-09-06T12:10:03.755-03:00,249,0,0,52,3374,2673,33720,3500,0,40000,0x07
2026-09-06T12:10:03.779-03:00,250,0,0,52,3374,2673,33720,3500,0,40000,0x07
2026-09-06T12:10:03.797-03:00,251,0,0,51,3374,2608,33997,3500,0,40000,0x07
2026-09-06T12:10:03.817-03:00,252,0,0,51,3374,2608,33997,3500,0,40000,0x07
2026-09-06T12:10:03.837-03:00,253,0,0,51,3374,2608,33997,3500,0,40000,0x07
2026-09-06T12:10:03.855-03:00,254,0,0,57,3374,2632,33896,3500,0,40000,0x07
2026-09-06T12:10:03.879-03:00,255,0,0,57,3374,2632,33896,3500,0,40000,0x07
2026-09-06T12:10:03.897-03:00,256,0,0,57,3374,2632,33896,3500,0,40000,0x07
2026-09-06T12:10:03.914-03:00,257,0,0,58,3374,2534,34309,3500,0,40000,0x07
2026-09-06T12:10:03.937-03:00,258,0,0,58,3374,2534,34309,3500,0,40000,0x07
2026-09-06T12:10:03.955-03:00,259,0,0,58,3374,2534,34309,3500,0,40000,0x07
2026-09-06T12:10:03.978-03:00,260,0,0,60,3374,2583,34101,3500,0,40000,0x07
2026-09-06T12:10:03.996-03:00,261,0,0,60,3374,2583,34101,3500,0,40000,0x07
2026-09-06T12:10:04.014-03:00,262,0,0,60,3374,2583,34101,3500,0,40000,0x07
2026-09-06T12:10:04.034-03:00,263,0,0,52,3374,2635,33883,3500,0,40000,0x07
2026-09-06T12:10:04.057-03:00,264,0,0,52,3374,2635,33883,3500,0,40000,0x07
2026-09-06T12:10:04.078-03:00,265,0,0,51,3374,2549,34247,3500,0,40000,0x07
2026-09-06T12:10:04.096-03:00,266,0,0,51,3374,2549,34247,3500,0,40000,0x07
2026-09-06T12:10:04.114-03:00,267,0,0,51,3374,2549,34247,3500,0,40000,0x07
2026-09-06T12:10:04.137-03:00,268,0,0,61,3374,2525,34351,3500,0,40000,0x07
2026-09-06T12:10:04.158-03:00,269,0,0,61,3374,2525,34351,3500,0,40000,0x07
2026-09-06T12:10:04.175-03:00,270,0,0,61,3374,2525,34351,3500,0,40000,0x07
2026-09-06T12:10:04.198-03:00,271,0,0,57,3374,2614,33971,3500,0,40000,0x07
2026-09-06T12:10:04.216-03:00,272,0,0,57,3374,2614,33971,3500,0,40000,0x07
2026-09-06T12:10:04.234-03:00,273,0,0,57,3374,2614,33971,3500,0,40000,0x07
2026-09-06T12:10:04.257-03:00,274,0,0,50,3374,2520,34370,3500,0,40000,0x07
2026-09-06T12:10:04.275-03:00,275,0,0,50,3374,2520,34370,3500,0,40000,0x07
2026-09-06T12:10:04.299-03:00,276,0,0,51,3374,2627,33914,3500,0,40000,0x07
2026-09-06T12:10:04.316-03:00,277,0,0,51,3374,2627,33914,3500,0,40000,0x07
2026-09-06T12:10:04.335-03:00,278,0,0,51,3374,2627,33914,3500,0,40000,0x07
2026-09-06T12:10:04.355-03:00,279,0,0,61,3374,2574,34142,3500,0,40000,0x07
2026-09-06T12:10:04.378-03:00,280,0,0,61,3374,2574,34142,3500,0,40000,0x07
2026-09-06T12:10:04.396-03:00,281,0,0,61,3374,2574,34142,3500,0,40000,0x07
2026-09-06T12:10:04.414-03:00,282,0,0,57,3374,2544,34269,3500,0,40000,0x07
2026-09-06T12:10:04.439-03:00,283,0,0,57,3374,2544,34269,3500,0,40000,0x07
2026-09-06T12:10:04.457-03:00,284,0,0,57,3374,2544,34269,3500,0,40000,0x07
2026-09-06T12:10:04.475-03:00,285,0,0,58,3374,2483,34529,3500,0,40000,0x07
2026-09-06T12:10:04.498-03:00,286,0,0,58,3374,2483,34529,3500,0,40000,0x07
2026-09-06T12:10:04.516-03:00,287,0,0,58,3374,2483,34529,3500,0,40000,0x07
2026-09-06T12:10:04.534-03:00,288,0,0,61,3374,2541,34281,3500,0,40000,0x07
2026-09-06T12:10:04.559-03:00,289,0,0,61,3374,2541,34281,3500,0,40000,0x07
2026-09-06T12:10:04.574-03:00,290,0,0,61,3374,2541,34281,3500,0,40000,0x07
2026-09-06T12:10:04.597-03:00,291,0,0,60,3374,2600,34030,3500,0,40000,0x07
2026-09-06T12:10:04.616-03:00,292,0,0,60,3374,2600,34030,3500,0,40000,0x07
2026-09-06T12:10:04.636-03:00,293,0,0,60,3374,2600,34030,3500,0,40000,0x07
2026-09-06T12:10:04.659-03:00,294,0,0,61,3374,2557,34212,3500,0,40000,0x07
2026-09-06T12:10:04.677-03:00,295,0,0,61,3374,2557,34212,3500,0,40000,0x07
2026-09-06T12:10:04.697-03:00,296,0,0,61,3374,2557,34212,3500,0,40000,0x07
2026-09-06T12:10:04.715-03:00,297,0,0,65,3374,2569,34161,3500,0,40000,0x07
2026-09-06T12:10:04.736-03:00,298,0,0,65,3374,2569,34161,3500,0,40000,0x07
2026-09-06T12:10:04.756-03:00,299,0,0,65,3374,2569,34161,3500,0,40000,0x07
2026-09-06T12:10:04.779-03:00,300,0,0,58,3374,2603,34016,3500,0,40000,0x07
2026-09-06T12:10:04.797-03:00,301,0,0,58,3374,2603,34016,3500,0,40000,0x07
2026-09-06T12:10:04.815-03:00,302,0,0,58,3374,2603,34016,3500,0,40000,0x07
2026-09-06T12:10:04.855-03:00,303,0,0,61,3374,2590,34072,3500,0,40000,0x07
2026-09-06T12:10:04.855-03:00,304,0,0,61,3374,2590,34072,3500,0,40000,0x07
2026-09-06T12:10:04.877-03:00,305,0,0,61,3374,2590,34072,3500,0,40000,0x07
2026-09-06T12:10:04.895-03:00,306,0,0,61,3374,2492,34490,3500,0,40000,0x07
2026-09-06T12:10:04.915-03:00,307,0,0,61,3374,2492,34490,3500,0,40000,0x07
2026-09-06T12:10:04.936-03:00,308,0,0,61,3374,2492,34490,3500,0,40000,0x07
2026-09-06T12:10:04.956-03:00,309,0,0,58,3374,2552,34236,3500,0,40000,0x07
2026-09-06T12:10:04.977-03:00,310,0,0,58,3374,2552,34236,3500,0,40000,0x07
2026-09-06T12:10:04.995-03:00,311,0,0,58,3374,2552,34236,3500,0,40000,0x07
2026-09-06T12:10:05.018-03:00,312,0,0,50,3374,2640,33860,3500,0,40000,0x07
2026-09-06T12:10:05.036-03:00,313,0,0,50,3374,2640,33860,3500,0,40000,0x07
2026-09-06T12:10:05.059-03:00,314,0,0,52,3374,2673,33720,3500,0,40000,0x07
2026-09-06T12:10:05.079-03:00,315,0,0,52,3374,2673,33720,3500,0,40000,0x07
2026-09-06T12:10:05.097-03:00,316,0,0,52,3374,2673,33720,3500,0,40000,0x07
2026-09-06T12:10:05.115-03:00,317,0,0,60,3374,2550,34243,3500,0,40000,0x07
2026-09-06T12:10:05.136-03:00,318,0,0,60,3374,2550,34243,3500,0,40000,0x07
2026-09-06T12:10:05.154-03:00,319,0,0,60,3374,2550,34243,3500,0,40000,0x07
2026-09-06T12:10:05.177-03:00,320,0,0,58,3374,2655,33796,3500,0,40000,0x07
2026-09-06T12:10:05.198-03:00,321,0,0,58,3374,2655,33796,3500,0,40000,0x07
2026-09-06T12:10:05.218-03:00,322,0,0,58,3374,2655,33796,3500,0,40000,0x07
2026-09-06T12:10:05.237-03:00,323,0,0,61,3374,2574,34142,3500,0,40000,0x07
2026-09-06T12:10:05.259-03:00,324,0,0,61,3374,2574,34142,3500,0,40000,0x07
2026-09-06T12:10:05.277-03:00,325,0,0,61,3374,2574,34142,3500,0,40000,0x07
2026-09-06T12:10:05.299-03:00,326,0,0,58,3374,2672,33723,3500,0,40000,0x07
2026-09-06T12:10:05.316-03:00,327,0,0,58,3374,2672,33723,3500,0,40000,0x07
2026-09-06T12:10:05.336-03:00,328,0,0,58,3374,2672,33723,3500,0,40000,0x07
2026-09-06T12:10:05.359-03:00,329,0,0,61,3374,2590,34072,3500,0,40000,0x07
2026-09-06T12:10:05.377-03:00,330,0,0,61,3374,2590,34072,3500,0,40000,0x07
2026-09-06T12:10:05.395-03:00,331,0,0,61,3374,2590,34072,3500,0,40000,0x07
2026-09-06T12:10:05.418-03:00,332,0,0,61,3374,2623,33933,3500,0,40000,0x07
2026-09-06T12:10:05.437-03:00,333,0,0,61,3374,2623,33933,3500,0,40000,0x07
2026-09-06T12:10:05.456-03:00,334,0,0,61,3374,2623,33933,3500,0,40000,0x07
2026-09-06T12:10:05.476-03:00,335,0,0,59,3374,2542,34275,3500,0,40000,0x07
2026-09-06T12:10:05.499-03:00,336,0,0,59,3374,2542,34275,3500,0,40000,0x07
2026-09-06T12:10:05.517-03:00,337,0,0,59,3374,2542,34275,3500,0,40000,0x07
2026-09-06T12:10:05.535-03:00,338,0,0,58,3374,2638,33869,3500,0,40000,0x07
2026-09-06T12:10:05.558-03:00,339,0,0,58,3374,2638,33869,3500,0,40000,0x07
2026-09-06T12:10:05.578-03:00,340,0,0,58,3374,2638,33869,3500,0,40000,0x07
2026-09-06T12:10:05.598-03:00,341,0,0,58,3374,2655,33796,3500,0,40000,0x07
2026-09-06T12:10:05.615-03:00,342,0,0,58,3374,2655,33796,3500,0,40000,0x07
2026-09-06T12:10:05.638-03:00,343,0,0,58,3374,2655,33796,3500,0,40000,0x07
2026-09-06T12:10:05.656-03:00,344,0,0,63,3374,2556,34219,3500,0,40000,0x07
2026-09-06T12:10:05.675-03:00,345,0,0,63,3374,2556,34219,3500,0,40000,0x07
2026-09-06T12:10:05.698-03:00,346,0,0,63,3374,2556,34219,3500,0,40000,0x07
2026-09-06T12:10:05.716-03:00,347,0,0,50,3374,2480,34540,3500,0,40000,0x07
2026-09-06T12:10:05.739-03:00,348,0,0,50,3374,2480,34540,3500,0,40000,0x07
2026-09-06T12:10:05.756-03:00,349,0,0,52,3374,2827,33066,3500,0,40000,0x07
2026-09-06T12:10:05.778-03:00,350,0,0,52,3374,2827,33066,3500,0,40000,0x07
2026-09-06T12:10:05.797-03:00,351,0,0,52,3374,2827,33066,3500,0,40000,0x07
2026-09-06T12:10:05.817-03:00,352,0,0,59,3374,2661,33771,3500,0,40000,0x07
2026-09-06T12:10:05.835-03:00,353,0,0,59,3374,2661,33771,3500,0,40000,0x07
2026-09-06T12:10:05.858-03:00,354,0,0,59,3374,2661,33771,3500,0,40000,0x07
2026-09-06T12:10:05.877-03:00,355,0,0,60,3374,2550,34243,3500,0,40000,0x07
2026-09-06T12:10:05.895-03:00,356,0,0,60,3374,2550,34243,3500,0,40000,0x07
2026-09-06T12:10:05.918-03:00,357,0,0,60,3374,2550,34243,3500,0,40000,0x07
2026-09-06T12:10:05.936-03:00,358,0,0,58,3374,2638,33869,3500,0,40000,0x07
2026-09-06T12:10:05.957-03:00,359,0,0,58,3374,2638,33869,3500,0,40000,0x07
2026-09-06T12:10:05.977-03:00,360,0,0,58,3374,2638,33869,3500,0,40000,0x07
2026-09-06T12:10:05.997-03:00,361,0,0,52,3374,2538,34292,3500,0,40000,0x07
2026-09-06T12:10:06.017-03:00,362,0,0,52,3374,2538,34292,3500,0,40000,0x07
2026-09-06T12:10:06.038-03:00,363,0,0,51,3374,2608,33997,3500,0,40000,0x07
2026-09-06T12:10:06.057-03:00,364,0,0,51,3374,2608,33997,3500,0,40000,0x07
2026-09-06T12:10:06.077-03:00,365,0,0,50,3374,2260,35476,3500,0,40000,0x07
2026-09-06T12:10:06.095-03:00,366,0,0,50,3374,2260,35476,3500,0,40000,0x07
2026-09-06T12:10:06.115-03:00,367,0,0,50,3374,2260,35476,3500,0,40000,0x07
2026-09-06T12:10:06.137-03:00,368,0,0,60,3374,2683,33676,3500,0,40000,0x07
2026-09-06T12:10:06.158-03:00,369,0,0,60,3374,2683,33676,3500,0,40000,0x07
2026-09-06T12:10:06.177-03:00,370,0,0,60,3374,2683,33676,3500,0,40000,0x07
2026-09-06T12:10:06.197-03:00,371,0,0,58,3374,2741,33430,3500,0,40000,0x07
2026-09-06T12:10:06.215-03:00,372,0,0,58,3374,2741,33430,3500,0,40000,0x07
2026-09-06T12:10:06.239-03:00,373,0,0,58,3374,2741,33430,3500,0,40000,0x07
2026-09-06T12:10:06.259-03:00,374,0,0,57,3374,2596,34045,3500,0,40000,0x07
2026-09-06T12:10:06.277-03:00,375,0,0,57,3374,2596,34045,3500,0,40000,0x07
2026-09-06T12:10:06.295-03:00,376,0,0,57,3374,2596,34045,3500,0,40000,0x07
2026-09-06T12:10:06.315-03:00,377,0,0,57,3374,2526,34344,3500,0,40000,0x07
2026-09-06T12:10:06.339-03:00,378,0,0,57,3374,2526,34344,3500,0,40000,0x07
2026-09-06T12:10:06.356-03:00,379,0,0,57,3374,2526,34344,3500,0,40000,0x07
2026-09-06T12:10:06.379-03:00,380,0,0,58,3374,2552,34236,3500,0,40000,0x07
2026-09-06T12:10:06.394-03:00,381,0,0,58,3374,2552,34236,3500,0,40000,0x07
2026-09-06T12:10:06.414-03:00,382,0,0,58,3374,2552,34236,3500,0,40000,0x07
2026-09-06T12:10:06.438-03:00,383,0,0,61,3374,2590,34072,3500,0,40000,0x07
2026-09-06T12:10:06.458-03:00,384,0,0,61,3374,2590,34072,3500,0,40000,0x07
2026-09-06T12:10:06.475-03:00,385,0,0,61,3374,2590,34072,3500,0,40000,0x07
2026-09-06T12:10:06.498-03:00,386,0,0,61,3374,2639,33863,3500,0,40000,0x07
2026-09-06T12:10:06.516-03:00,387,0,0,61,3374,2639,33863,3500,0,40000,0x07
2026-09-06T12:10:06.537-03:00,388,0,0,61,3374,2639,33863,3500,0,40000,0x07
2026-09-06T12:10:06.555-03:00,389,0,0,57,3374,2614,33971,3500,0,40000,0x07
2026-09-06T12:10:06.579-03:00,390,0,0,57,3374,2614,33971,3500,0,40000,0x07
2026-09-06T12:10:06.599-03:00,391,0,0,57,3374,2614,33971,3500,0,40000,0x07
2026-09-06T12:10:06.618-03:00,392,0,0,61,3374,2557,34212,3500,0,40000,0x07
2026-09-06T12:10:06.638-03:00,393,0,0,61,3374,2557,34212,3500,0,40000,0x07
2026-09-06T12:10:06.656-03:00,394,0,0,61,3374,2557,34212,3500,0,40000,0x07
2026-09-06T12:10:06.679-03:00,395,0,0,59,3374,2593,34059,3500,0,40000,0x07
2026-09-06T12:10:06.697-03:00,396,0,0,59,3374,2593,34059,3500,0,40000,0x07
2026-09-06T12:10:06.715-03:00,397,0,0,59,3374,2593,34059,3500,0,40000,0x07
2026-09-06T12:10:06.738-03:00,398,0,0,61,3374,2525,34351,3500,0,40000,0x07
2026-09-06T12:10:06.756-03:00,399,0,0,61,3374,2525,34351,3500,0,40000,0x07
2026-09-06T12:10:06.779-03:00,400,0,0,61,3374,2525,34351,3500,0,40000,0x07
2026-09-06T12:10:06.797-03:00,401,0,0,58,3374,2672,33723,3500,0,40000,0x07
2026-09-06T12:10:06.815-03:00,402,0,0,58,3374,2672,33723,3500,0,40000,0x07
2026-09-06T12:10:06.838-03:00,403,0,0,58,3374,2672,33723,3500,0,40000,0x07
2026-09-06T12:10:06.858-03:00,404,0,0,62,3374,2597,34044,3500,0,40000,0x07
2026-09-06T12:10:06.875-03:00,405,0,0,62,3374,2597,34044,3500,0,40000,0x07
2026-09-06T12:10:06.898-03:00,406,0,0,62,3374,2597,34044,3500,0,40000,0x07
2026-09-06T12:10:06.916-03:00,407,0,0,61,3374,2639,33863,3500,0,40000,0x07
2026-09-06T12:10:06.935-03:00,408,0,0,61,3374,2639,33863,3500,0,40000,0x07
2026-09-06T12:10:06.958-03:00,409,0,0,61,3374,2639,33863,3500,0,40000,0x07
2026-09-06T12:10:06.978-03:00,410,0,0,58,3374,2586,34089,3500,0,40000,0x07
2026-09-06T12:10:06.999-03:00,411,0,0,58,3374,2586,34089,3500,0,40000,0x07
2026-09-06T12:10:07.019-03:00,412,0,0,58,3374,2586,34089,3500,0,40000,0x07
2026-09-06T12:10:07.059-03:00,413,0,0,61,3374,2656,33794,3500,0,40000,0x07
2026-09-06T12:10:07.059-03:00,414,0,0,61,3374,2656,33794,3500,0,40000,0x07
2026-09-06T12:10:07.077-03:00,415,0,0,61,3374,2656,33794,3500,0,40000,0x07
2026-09-06T12:10:07.095-03:00,416,0,0,61,3374,2590,34072,3500,0,40000,0x07
2026-09-06T12:10:07.115-03:00,417,0,0,61,3374,2590,34072,3500,0,40000,0x07
2026-09-06T12:10:07.139-03:00,418,0,0,61,3374,2590,34072,3500,0,40000,0x07
2026-09-06T12:10:07.157-03:00,419,0,0,57,3374,2667,33747,3500,0,40000,0x07
2026-09-06T12:10:07.177-03:00,420,0,0,57,3374,2667,33747,3500,0,40000,0x07
2026-09-06T12:10:07.195-03:00,421,0,0,57,3374,2667,33747,3500,0,40000,0x07
2026-09-06T12:10:07.215-03:00,422,0,0,62,3374,2565,34181,3500,0,40000,0x07
2026-09-06T12:10:07.235-03:00,423,0,0,62,3374,2565,34181,3500,0,40000,0x07
2026-09-06T12:10:07.279-03:00,424,0,0,62,3374,2565,34181,3500,0,40000,0x07
2026-09-06T12:10:07.297-03:00,425,0,0,58,3374,2638,33869,3500,0,40000,0x07
2026-09-06T12:10:07.314-03:00,426,0,0,58,3374,2638,33869,3500,0,40000,0x07
2026-09-06T12:10:07.334-03:00,427,0,0,52,3374,2808,33148,3500,0,40000,0x07
2026-09-06T12:10:07.358-03:00,428,0,0,52,3374,2808,33148,3500,0,40000,0x07
2026-09-06T12:10:07.375-03:00,430,0,0,52,3374,2558,34210,3500,0,40000,0x07
2026-09-06T12:10:07.398-03:00,431,0,0,52,3374,2558,34210,3500,0,40000,0x07
2026-09-06T12:10:07.416-03:00,432,0,0,52,3374,2558,34210,3500,0,40000,0x07
2026-09-06T12:10:07.439-03:00,433,0,0,58,3374,2586,34089,3500,0,40000,0x07
2026-09-06T12:10:07.457-03:00,434,0,0,58,3374,2586,34089,3500,0,40000,0x07
2026-09-06T12:10:07.498-03:00,435,0,0,58,3374,2586,34089,3500,0,40000,0x07
2026-09-06T12:10:07.498-03:00,436,0,0,50,3374,2660,33776,3500,0,40000,0x07
2026-09-06T12:10:07.538-03:00,437,0,0,50,3374,2660,33776,3500,0,40000,0x07
2026-09-06T12:10:07.538-03:00,438,0,0,52,3374,2577,34129,3500,0,40000,0x07
2026-09-06T12:10:07.555-03:00,439,0,0,52,3374,2577,34129,3500,0,40000,0x07
2026-09-06T12:10:07.578-03:00,440,0,0,52,3374,2577,34129,3500,0,40000,0x07
2026-09-06T12:10:07.596-03:00,441,0,0,58,3374,2672,33723,3500,0,40000,0x07
2026-09-06T12:10:07.616-03:00,442,0,0,58,3374,2672,33723,3500,0,40000,0x07
2026-09-06T12:10:07.639-03:00,443,0,0,58,3374,2672,33723,3500,0,40000,0x07
2026-09-06T12:10:07.656-03:00,444,0,0,58,3374,2690,33649,3500,0,40000,0x07
2026-09-06T12:10:07.676-03:00,445,0,0,58,3374,2690,33649,3500,0,40000,0x07
2026-09-06T12:10:07.695-03:00,446,0,0,58,3374,2690,33649,3500,0,40000,0x07
2026-09-06T12:10:07.718-03:00,447,0,0,62,3374,2694,33633,3500,0,40000,0x07
2026-09-06T12:10:07.735-03:00,448,0,0,62,3374,2694,33633,3500,0,40000,0x07
2026-09-06T12:10:07.755-03:00,449,0,0,62,3374,2694,33633,3500,0,40000,0x07
2026-09-06T12:10:07.779-03:00,450,0,0,50,3374,2680,33690,3500,0,40000,0x07
2026-09-06T12:10:07.796-03:00,451,0,0,50,3374,2680,33690,3500,0,40000,0x07
2026-09-06T12:10:07.819-03:00,452,0,0,52,3374,2673,33720,3500,0,40000,0x07
2026-09-06T12:10:07.837-03:00,453,0,0,52,3374,2673,33720,3500,0,40000,0x07
2026-09-06T12:10:07.855-03:00,454,0,0,52,3374,2673,33720,3500,0,40000,0x07
2026-09-06T12:10:07.878-03:00,455,0,0,59,3374,2712,33555,3500,0,40000,0x07
2026-09-06T12:10:07.896-03:00,456,0,0,59,3374,2712,33555,3500,0,40000,0x07
2026-09-06T12:10:07.915-03:00,457,0,0,59,3374,2712,33555,3500,0,40000,0x07
2026-09-06T12:10:07.935-03:00,458,0,0,58,3374,2672,33723,3500,0,40000,0x07
2026-09-06T12:10:07.958-03:00,459,0,0,58,3374,2672,33723,3500,0,40000,0x07
2026-09-06T12:10:07.976-03:00,460,0,0,58,3374,2672,33723,3500,0,40000,0x07
2026-09-06T12:10:07.994-03:00,461,0,0,58,3374,2621,33943,3500,0,40000,0x07
2026-09-06T12:10:08.016-03:00,462,0,0,58,3374,2621,33943,3500,0,40000,0x07
2026-09-06T12:10:08.039-03:00,463,0,0,58,3374,2621,33943,3500,0,40000,0x07
2026-09-06T12:10:08.057-03:00,464,0,0,59,3374,2661,33771,3500,0,40000,0x07
2026-09-06T12:10:08.076-03:00,465,0,0,59,3374,2661,33771,3500,0,40000,0x07
2026-09-06T12:10:08.099-03:00,466,0,0,59,3374,2661,33771,3500,0,40000,0x07
2026-09-06T12:10:08.117-03:00,467,0,0,64,3374,2719,33526,3500,0,40000,0x07
2026-09-06T12:10:08.135-03:00,468,0,0,64,3374,2719,33526,3500,0,40000,0x07
2026-09-06T12:10:08.155-03:00,469,0,0,64,3374,2719,33526,3500,0,40000,0x07
2026-09-06T12:10:08.175-03:00,470,0,0,58,3374,2672,33723,3500,0,40000,0x07
2026-09-06T12:10:08.199-03:00,471,0,0,58,3374,2672,33723,3500,0,40000,0x07
2026-09-06T12:10:08.217-03:00,472,0,0,58,3374,2672,33723,3500,0,40000,0x07
2026-09-06T12:10:08.235-03:00,473,0,0,59,3374,2627,33915,3500,0,40000,0x07
2026-09-06T12:10:08.255-03:00,474,0,0,59,3374,2627,33915,3500,0,40000,0x07
2026-09-06T12:10:08.279-03:00,475,0,0,59,3374,2627,33915,3500,0,40000,0x07
2026-09-06T12:10:08.297-03:00,476,0,0,61,3374,2672,33724,3500,0,40000,0x07
2026-09-06T12:10:08.315-03:00,477,0,0,61,3374,2672,33724,3500,0,40000,0x07
2026-09-06T12:10:08.335-03:00,478,0,0,61,3374,2672,33724,3500,0,40000,0x07
2026-09-06T12:10:08.355-03:00,479,0,0,61,3374,2689,33654,3500,0,40000,0x07
2026-09-06T12:10:08.378-03:00,480,0,0,61,3374,2689,33654,3500,0,40000,0x07
2026-09-06T12:10:08.399-03:00,481,0,0,61,3374,2689,33654,3500,0,40000,0x07
2026-09-06T12:10:08.419-03:00,482,0,0,58,3374,2621,33943,3500,0,40000,0x07
2026-09-06T12:10:08.439-03:00,483,0,0,58,3374,2621,33943,3500,0,40000,0x07
2026-09-06T12:10:08.457-03:00,484,0,0,58,3374,2621,33943,3500,0,40000,0x07
2026-09-06T12:10:08.477-03:00,485,0,0,64,3374,2719,33526,3500,0,40000,0x07
2026-09-06T12:10:08.495-03:00,486,0,0,64,3374,2719,33526,3500,0,40000,0x07
2026-09-06T12:10:08.517-03:00,487,0,0,64,3374,2719,33526,3500,0,40000,0x07
2026-09-06T12:10:08.535-03:00,488,0,0,58,3374,2621,33943,3500,0,40000,0x07
2026-09-06T12:10:08.559-03:00,489,0,0,58,3374,2621,33943,3500,0,40000,0x07
2026-09-06T12:10:08.579-03:00,490,0,0,58,3374,2621,33943,3500,0,40000,0x07
2026-09-06T12:10:08.599-03:00,491,0,0,57,3374,2632,33896,3500,0,40000,0x07
2026-09-06T12:10:08.617-03:00,492,0,0,57,3374,2632,33896,3500,0,40000,0x07
2026-09-06T12:10:08.635-03:00,493,0,0,57,3374,2632,33896,3500,0,40000,0x07
2026-09-06T12:10:08.659-03:00,494,0,0,63,3374,2619,33950,3500,0,40000,0x07
2026-09-06T12:10:08.679-03:00,495,0,0,63,3374,2619,33950,3500,0,40000,0x07
2026-09-06T12:10:08.697-03:00,496,0,0,63,3374,2619,33950,3500,0,40000,0x07
2026-09-06T12:10:08.741-03:00,497,0,0,50,3374,2540,34286,3500,0,40000,0x07
2026-09-06T12:10:08.786-03:00,498,0,0,50,3374,2540,34286,3500,0,40000,0x07
2026-09-06T12:10:08.826-03:00,499,0,0,52,3374,2615,33965,3500,0,40000,0x07
2026-09-06T12:10:08.870-03:00,500,0,0,52,3374,2615,33965,3500,0,40000,0x07
2026-09-06T12:10:08.913-03:00,501,0,0,52,0,0,0,0,0,0,0x03
