timestamp,sequence,team,robot_id,interval_ms,left_target_eps,left_measured_eps,left_duty,right_target_eps,right_measured_eps,right_duty,flags
2026-09-06T14:34:37.063-03:00,502,0,0,55,0,0,0,0,0,0,0x03
2026-09-06T14:34:37.083-03:00,503,0,0,55,0,0,0,0,0,0,0x03
2026-09-06T14:34:37.102-03:00,504,0,0,50,0,0,0,0,0,0,0x03
2026-09-06T14:34:37.120-03:00,505,0,0,50,0,0,0,0,0,0,0x03
2026-09-06T14:34:37.140-03:00,505,0,0,50,0,0,0,0,0,0,0x03
2026-09-06T14:34:37.160-03:00,505,0,0,50,0,0,0,0,0,0,0x03
2026-09-06T14:34:37.184-03:00,505,0,0,50,0,0,0,0,0,0,0x03
2026-09-06T14:34:37.202-03:00,505,0,0,51,0,0,0,0,0,0,0x03
2026-09-06T14:34:37.221-03:00,505,0,0,51,0,0,0,0,0,0,0x03
2026-09-06T14:34:37.239-03:00,505,0,0,51,0,0,0,0,0,0,0x03
2026-09-06T14:34:37.263-03:00,505,0,0,53,0,0,0,0,0,0,0x03
2026-09-06T14:34:37.283-03:00,8,0,0,53,0,0,30073,0,0,28548,0x07
2026-09-06T14:34:37.301-03:00,9,0,0,54,3374,315,40000,3500,0,40000,0x07
2026-09-06T14:34:37.320-03:00,10,0,0,54,3374,315,40000,3500,0,40000,0x07
2026-09-06T14:34:37.340-03:00,11,0,0,54,3374,315,40000,3500,0,40000,0x07
2026-09-06T14:34:37.359-03:00,12,0,0,51,3374,2961,31829,3500,0,40000,0x07
2026-09-06T14:34:37.382-03:00,13,0,0,51,3374,2961,31829,3500,0,40000,0x07
2026-09-06T14:34:37.401-03:00,14,0,0,50,3374,3920,27752,3500,0,40000,0x07
2026-09-06T14:34:37.419-03:00,15,0,0,50,3374,3920,27752,3500,0,40000,0x07
2026-09-06T14:34:37.444-03:00,16,0,0,50,3374,3920,27752,3500,0,40000,0x07
2026-09-06T14:34:37.462-03:00,17,0,0,50,3374,3480,29622,3500,0,40000,0x07
2026-09-06T14:34:37.482-03:00,18,0,0,50,3374,3480,29622,3500,0,40000,0x07
2026-09-06T14:34:37.501-03:00,19,0,0,55,3374,3309,30349,3500,0,40000,0x07
2026-09-06T14:34:37.519-03:00,20,0,0,55,3374,3309,30349,3500,0,40000,0x07
2026-09-06T14:34:37.543-03:00,21,0,0,55,3374,3309,30349,3500,0,40000,0x07
2026-09-06T14:34:37.562-03:00,22,0,0,56,3374,3411,29917,3500,0,40000,0x07
2026-09-06T14:34:37.580-03:00,23,0,0,56,3374,3411,29917,3500,0,40000,0x07
2026-09-06T14:34:37.604-03:00,24,0,0,56,3374,3411,29917,3500,0,40000,0x07
2026-09-06T14:34:37.622-03:00,25,0,0,51,3374,3451,29746,3500,0,40000,0x07
2026-09-06T14:34:37.639-03:00,26,0,0,51,3374,3451,29746,3500,0,40000,0x07
2026-09-06T14:34:37.662-03:00,27,0,0,52,3374,3404,29946,3500,0,40000,0x07
2026-09-06T14:34:37.680-03:00,28,0,0,52,3374,3404,29946,3500,0,40000,0x07
2026-09-06T14:34:37.699-03:00,29,0,0,52,3374,3404,29946,3500,0,40000,0x07
2026-09-06T14:34:37.723-03:00,30,0,0,50,3374,3420,29878,3500,0,40000,0x07
2026-09-06T14:34:37.740-03:00,31,0,0,50,3374,3420,29878,3500,0,40000,0x07
2026-09-06T14:34:37.759-03:00,32,0,0,50,3374,3420,29878,3500,0,40000,0x07
2026-09-06T14:34:37.782-03:00,33,0,0,51,3374,3451,29746,3500,0,40000,0x07
2026-09-06T14:34:37.800-03:00,34,0,0,51,3374,3451,29746,3500,0,40000,0x07
2026-09-06T14:34:37.820-03:00,35,0,0,55,3374,3382,30040,3500,0,40000,0x07
2026-09-06T14:34:37.839-03:00,36,0,0,55,3374,3382,30040,3500,0,40000,0x07
2026-09-06T14:34:37.862-03:00,37,0,0,55,3374,3382,30040,3500,0,40000,0x07
2026-09-06T14:34:37.904-03:00,38,0,0,50,3374,3440,29792,3500,0,40000,0x07
2026-09-06T14:34:37.904-03:00,39,0,0,50,3374,3440,29792,3500,0,40000,0x07
2026-09-06T14:34:37.922-03:00,40,0,0,53,3374,3434,29818,3500,0,40000,0x07
2026-09-06T14:34:37.940-03:00,41,0,0,53,3374,3434,29818,3500,0,40000,0x07
2026-09-06T14:34:37.959-03:00,42,0,0,53,3374,3434,29818,3500,0,40000,0x07
2026-09-06T14:34:37.982-03:00,43,0,0,51,3374,3412,29912,3500,0,40000,0x07
2026-09-06T14:34:38.000-03:00,44,0,0,51,3374,3412,29912,3500,0,40000,0x07
2026-09-06T14:34:38.024-03:00,45,0,0,51,3374,3412,29912,3500,0,40000,0x07
2026-09-06T14:34:38.042-03:00,46,0,0,51,3374,3451,29746,3500,0,40000,0x07
2026-09-06T14:34:38.060-03:00,47,0,0,51,3374,3451,29746,3500,0,40000,0x07
2026-09-06T14:34:38.080-03:00,48,0,0,51,3374,3392,29996,3500,0,40000,0x07
2026-09-06T14:34:38.099-03:00,49,0,0,51,3374,3392,29996,3500,0,40000,0x07
2026-09-06T14:34:38.122-03:00,50,0,0,51,3374,3392,29996,3500,0,40000,0x07
2026-09-06T14:34:38.143-03:00,51,0,0,50,3374,3460,29708,3500,0,40000,0x07
2026-09-06T14:34:38.163-03:00,52,0,0,50,3374,3460,29708,3500,0,40000,0x07
2026-09-06T14:34:38.181-03:00,53,0,0,56,3374,3411,29917,3500,0,40000,0x07
2026-09-06T14:34:38.199-03:00,54,0,0,56,3374,3411,29917,3500,0,40000,0x07
2026-09-06T14:34:38.222-03:00,55,0,0,56,3374,3411,29917,3500,0,40000,0x07
2026-09-06T14:34:38.240-03:00,56,0,0,51,3374,3431,29829,3500,0,40000,0x07
2026-09-06T14:34:38.260-03:00,57,0,0,51,3374,3431,29829,3500,0,40000,0x07
2026-09-06T14:34:38.284-03:00,58,0,0,50,3374,3420,29878,3500,0,40000,0x07
2026-09-06T14:34:38.302-03:00,59,0,0,50,3374,3420,29878,3500,0,40000,0x07
2026-09-06T14:34:38.320-03:00,60,0,0,50,3374,3420,29878,3500,0,40000,0x07
2026-09-06T14:34:38.339-03:00,61,0,0,51,3374,3451,29746,3500,0,40000,0x07
2026-09-06T14:34:38.359-03:00,62,0,0,51,3374,3451,29746,3500,0,40000,0x07
2026-09-06T14:34:38.381-03:00,63,0,0,51,3374,3451,29746,3500,0,40000,0x07
2026-09-06T14:34:38.399-03:00,64,0,0,52,3374,3442,29783,3500,0,40000,0x07
2026-09-06T14:34:38.423-03:00,65,0,0,52,3374,3442,29783,3500,0,40000,0x07
2026-09-06T14:34:38.441-03:00,66,0,0,56,3374,3411,29917,3500,0,40000,0x07
2026-09-06T14:34:38.459-03:00,67,0,0,56,3374,3411,29917,3500,0,40000,0x07
2026-09-06T14:34:38.483-03:00,68,0,0,56,3374,3411,29917,3500,0,40000,0x07
2026-09-06T14:34:38.500-03:00,69,0,0,51,3374,3431,29829,3500,0,40000,0x07
2026-09-06T14:34:38.523-03:00,70,0,0,51,3374,3431,29829,3500,0,40000,0x07
2026-09-06T14:34:38.543-03:00,71,0,0,50,3374,3420,29878,3500,0,40000,0x07
2026-09-06T14:34:38.562-03:00,72,0,0,50,3374,3420,29878,3500,0,40000,0x07
2026-09-06T14:34:38.580-03:00,73,0,0,50,3374,3420,29878,3500,0,40000,0x07
2026-09-06T14:34:38.600-03:00,74,0,0,51,3374,3451,29746,3500,0,40000,0x07
2026-09-06T14:34:38.620-03:00,75,0,0,51,3374,3451,29746,3500,0,40000,0x07
2026-09-06T14:34:38.643-03:00,76,0,0,51,3374,3451,29746,3500,0,40000,0x07
2026-09-06T14:34:38.662-03:00,77,0,0,52,3374,3462,29701,3500,0,40000,0x07
2026-09-06T14:34:38.682-03:00,78,0,0,52,3374,3462,29701,3500,0,40000,0x07
2026-09-06T14:34:38.702-03:00,79,0,0,50,3374,3400,29962,3500,0,40000,0x07
2026-09-06T14:34:38.720-03:00,80,0,0,50,3374,3400,29962,3500,0,40000,0x07
2026-09-06T14:34:38.739-03:00,81,0,0,50,3374,3400,29962,3500,0,40000,0x07
2026-09-06T14:34:38.762-03:00,82,0,0,51,3374,3431,29829,3500,0,40000,0x07
2026-09-06T14:34:38.780-03:00,83,0,0,51,3374,3431,29829,3500,0,40000,0x07
2026-09-06T14:34:38.804-03:00,84,0,0,52,3374,3423,29864,3500,0,40000,0x07
2026-09-06T14:34:38.819-03:00,85,0,0,52,3374,3423,29864,3500,0,40000,0x07
2026-09-06T14:34:38.842-03:00,86,0,0,52,3374,3423,29864,3500,0,40000,0x07
2026-09-06T14:34:38.862-03:00,87,0,0,50,3374,3420,29878,3500,0,40000,0x07
2026-09-06T14:34:38.879-03:00,88,0,0,50,3374,3420,29878,3500,0,40000,0x07
2026-09-06T14:34:38.903-03:00,89,0,0,53,3374,3434,29818,3500,0,40000,0x07
2026-09-06T14:34:38.921-03:00,90,0,0,53,3374,3434,29818,3500,0,40000,0x07
2026-09-06T14:34:38.939-03:00,91,0,0,53,3374,3434,29818,3500,0,40000,0x07
2026-09-06T14:34:38.962-03:00,92,0,0,50,3374,3440,29792,3500,0,40000,0x07
2026-09-06T14:34:38.981-03:00,93,0,0,50,3374,3440,29792,3500,0,40000,0x07
2026-09-06T14:34:38.999-03:00,94,0,0,50,3374,3440,29792,3500,0,40000,0x07
2026-09-06T14:34:39.022-03:00,95,0,0,52,3374,3442,29810,3500,0,40000,0x07
2026-09-06T14:34:39.040-03:00,96,0,0,52,3374,3442,29810,3500,0,40000,0x07
2026-09-06T14:34:39.059-03:00,97,0,0,56,3374,3411,29944,3500,0,40000,0x07
2026-09-06T14:34:39.082-03:00,98,0,0,56,3374,3411,29944,3500,0,40000,0x07
2026-09-06T14:34:39.100-03:00,99,0,0,56,3374,3411,29944,3500,0,40000,0x07
2026-09-06T14:34:39.119-03:00,100,0,0,51,3374,3431,29856,3500,0,40000,0x07
2026-09-06T14:34:39.142-03:00,101,0,0,51,3374,3431,29856,3500,0,40000,0x07
2026-09-06T14:34:39.162-03:00,102,0,0,51,3374,3431,29856,3500,0,40000,0x07
2026-09-06T14:34:39.183-03:00,103,0,0,54,3374,3463,29722,3500,0,40000,0x07
2026-09-06T14:34:39.201-03:00,104,0,0,54,3374,3463,29722,3500,0,40000,0x07
2026-09-06T14:34:39.219-03:00,105,0,0,57,3374,3404,29975,3500,0,40000,0x07
2026-09-06T14:34:39.243-03:00,106,0,0,57,3374,3404,29975,3500,0,40000,0x07
2026-09-06T14:34:39.263-03:00,107,0,0,57,3374,3404,29975,3500,0,40000,0x07
2026-09-06T14:34:39.282-03:00,108,0,0,57,3374,3439,29825,3500,0,40000,0x07
2026-09-06T14:34:39.300-03:00,109,0,0,57,3374,3439,29825,3500,0,40000,0x07
2026-09-06T14:34:39.323-03:00,110,0,0,57,3374,3439,29825,3500,0,40000,0x07
2026-09-06T14:34:39.342-03:00,111,0,0,51,3374,3451,29773,3500,0,40000,0x07
2026-09-06T14:34:39.360-03:00,112,0,0,51,3374,3451,29773,3500,0,40000,0x07
2026-09-06T14:34:39.384-03:00,113,0,0,54,3374,3407,29958,3500,0,40000,0x07
2026-09-06T14:34:39.402-03:00,114,0,0,54,3374,3407,29958,3500,0,40000,0x07
2026-09-06T14:34:39.419-03:00,115,0,0,54,3374,3407,29958,3500,0,40000,0x07
2026-09-06T14:34:39.443-03:00,116,0,0,50,3374,3440,29820,3500,0,40000,0x07
2026-09-06T14:34:39.461-03:00,117,0,0,50,3374,3440,29820,3500,0,40000,0x07
2026-09-06T14:34:39.480-03:00,118,0,0,50,3374,3440,29820,3500,0,40000,0x07
2026-09-06T14:34:39.503-03:00,119,0,0,50,3374,3460,29734,3500,0,40000,0x07
2026-09-06T14:34:39.522-03:00,120,0,0,50,3374,3460,29734,3500,0,40000,0x07
2026-09-06T14:34:39.540-03:00,121,0,0,56,3374,3411,29944,3500,0,40000,0x07
2026-09-06T14:34:39.561-03:00,122,0,0,56,3374,3411,29944,3500,0,40000,0x07
2026-09-06T14:34:39.580-03:00,123,0,0,56,3374,3411,29944,3500,0,40000,0x07
2026-09-06T14:34:39.600-03:00,124,0,0,50,3374,3440,29820,3500,0,40000,0x07
2026-09-06T14:34:39.624-03:00,125,0,0,50,3374,3440,29820,3500,0,40000,0x07
2026-09-06T14:34:39.642-03:00,126,0,0,51,3374,3451,29773,3500,0,40000,0x07
2026-09-06T14:34:39.659-03:00,127,0,0,51,3374,3451,29773,3500,0,40000,0x07
2026-09-06T14:34:39.682-03:00,128,0,0,51,3374,3451,29773,3500,0,40000,0x07
2026-09-06T14:34:39.700-03:00,129,0,0,51,3374,3431,29856,3500,0,40000,0x07
2026-09-06T14:34:39.723-03:00,130,0,0,51,3374,3431,29856,3500,0,40000,0x07
2026-09-06T14:34:39.742-03:00,131,0,0,50,3374,3440,29820,3500,0,40000,0x07
2026-09-06T14:34:39.760-03:00,132,0,0,50,3374,3440,29820,3500,0,40000,0x07
2026-09-06T14:34:39.780-03:00,133,0,0,50,3374,3440,29820,3500,0,40000,0x07
2026-09-06T14:34:39.799-03:00,134,0,0,50,3374,3440,29820,3500,0,40000,0x07
2026-09-06T14:34:39.822-03:00,135,0,0,50,3374,3440,29820,3500,0,40000,0x07
2026-09-06T14:34:39.841-03:00,136,0,0,50,3374,3440,29820,3500,0,40000,0x07
2026-09-06T14:34:39.859-03:00,137,0,0,54,3374,3444,29801,3500,0,40000,0x07
2026-09-06T14:34:39.882-03:00,138,0,0,54,3374,3444,29801,3500,0,40000,0x07
2026-09-06T14:34:39.903-03:00,139,0,0,55,3374,3418,29912,3500,0,40000,0x07
2026-09-06T14:34:39.922-03:00,140,0,0,55,3374,3418,29912,3500,0,40000,0x07
2026-09-06T14:34:39.940-03:00,141,0,0,55,3374,3418,29912,3500,0,40000,0x07
2026-09-06T14:34:39.963-03:00,142,0,0,50,3374,3440,29820,3500,0,40000,0x07
2026-09-06T14:34:39.979-03:00,143,0,0,50,3374,3440,29820,3500,0,40000,0x07
2026-09-06T14:34:40.002-03:00,144,0,0,50,3374,3440,29820,3500,0,40000,0x07
2026-09-06T14:34:40.021-03:00,145,0,0,54,3374,3463,29722,3500,0,40000,0x07
2026-09-06T14:34:40.039-03:00,146,0,0,54,3374,3463,29722,3500,0,40000,0x07
2026-09-06T14:34:40.062-03:00,147,0,0,51,3374,3412,29940,3500,0,40000,0x07
2026-09-06T14:34:40.082-03:00,148,0,0,51,3374,3412,29940,3500,0,40000,0x07
2026-09-06T14:34:40.101-03:00,149,0,0,51,3374,3412,29940,3500,0,40000,0x07
2026-09-06T14:34:40.119-03:00,150,0,0,52,3374,3442,29810,3500,0,40000,0x07
2026-09-06T14:34:40.143-03:00,151,0,0,52,3374,3442,29810,3500,0,40000,0x07
2026-09-06T14:34:40.162-03:00,152,0,0,54,3374,3426,29879,3500,0,40000,0x07
2026-09-06T14:34:40.180-03:00,153,0,0,54,3374,3426,29879,3500,0,40000,0x07
2026-09-06T14:34:40.204-03:00,154,0,0,54,3374,3426,29879,3500,0,40000,0x07
2026-09-06T14:34:40.222-03:00,155,0,0,51,3374,3451,29773,3500,0,40000,0x07
2026-09-06T14:34:40.241-03:00,156,0,0,51,3374,3451,29773,3500,0,40000,0x07
2026-09-06T14:34:40.259-03:00,157,0,0,52,3374,3423,29891,3500,0,40000,0x07
2026-09-06T14:34:40.282-03:00,158,0,0,52,3374,3423,29891,3500,0,40000,0x07
2026-09-06T14:34:40.301-03:00,159,0,0,52,3374,3423,29891,3500,0,40000,0x07
2026-09-06T14:34:40.321-03:00,160,0,0,54,3374,3426,29879,3500,0,40000,0x07
2026-09-06T14:34:40.341-03:00,161,0,0,54,3374,3426,29879,3500,0,40000,0x07
2026-09-06T14:34:40.359-03:00,162,0,0,54,3374,3426,29879,3500,0,40000,0x07
2026-09-06T14:34:40.383-03:00,163,0,0,50,3374,3460,29734,3500,0,40000,0x07
2026-09-06T14:34:40.422-03:00,164,0,0,50,3374,3460,29734,3500,0,40000,0x07
2026-09-06T14:34:40.422-03:00,165,0,0,51,3374,3431,29856,3500,0,40000,0x07
2026-09-06T14:34:40.440-03:00,166,0,0,51,3374,3431,29856,3500,0,40000,0x07
2026-09-06T14:34:40.459-03:00,167,0,0,51,3374,3431,29856,3500,0,40000,0x07
2026-09-06T14:34:40.482-03:00,168,0,0,50,3374,3440,29820,3500,0,40000,0x07
2026-09-06T14:34:40.500-03:00,169,0,0,50,3374,3440,29820,3500,0,40000,0x07
2026-09-06T14:34:40.519-03:00,170,0,0,50,3374,3420,29904,3500,0,40000,0x07
2026-09-06T14:34:40.541-03:00,171,0,0,50,3374,3420,29904,3500,0,40000,0x07
2026-09-06T14:34:40.559-03:00,172,0,0,50,3374,3420,29904,3500,0,40000,0x07
2026-09-06T14:34:40.579-03:00,173,0,0,50,3374,3460,29734,3500,0,40000,0x07
2026-09-06T14:34:40.603-03:00,174,0,0,50,3374,3460,29734,3500,0,40000,0x07
2026-09-06T14:34:40.621-03:00,175,0,0,50,3374,3460,29734,3500,0,40000,0x07
2026-09-06T14:34:40.639-03:00,176,0,0,54,3374,3444,29801,3500,0,40000,0x07
2026-09-06T14:34:40.662-03:00,177,0,0,54,3374,3444,29801,3500,0,40000,0x07
2026-09-06T14:34:40.680-03:00,178,0,0,50,3374,3420,29904,3500,0,40000,0x07
2026-09-06T14:34:40.703-03:00,179,0,0,50,3374,3420,29904,3500,0,40000,0x07
2026-09-06T14:34:40.721-03:00,180,0,0,50,3374,3420,29904,3500,0,40000,0x07
2026-09-06T14:34:40.739-03:00,181,0,0,53,3374,3453,29765,3500,0,40000,0x07
2026-09-06T14:34:40.759-03:00,182,0,0,53,3374,3453,29765,3500,0,40000,0x07
2026-09-06T14:34:40.783-03:00,183,0,0,54,3374,3407,29958,3500,0,40000,0x07
2026-09-06T14:34:40.801-03:00,184,0,0,54,3374,3407,29958,3500,0,40000,0x07
2026-09-06T14:34:40.820-03:00,185,0,0,54,3374,3407,29958,3500,0,40000,0x07
2026-09-06T14:34:40.843-03:00,186,0,0,51,3374,3451,29773,3500,0,40000,0x07
2026-09-06T14:34:40.862-03:00,187,0,0,51,3374,3451,29773,3500,0,40000,0x07
2026-09-06T14:34:40.880-03:00,188,0,0,51,3374,3451,29773,3500,0,40000,0x07
2026-09-06T14:34:40.903-03:00,189,0,0,54,3374,3463,29722,3500,0,40000,0x07
2026-09-06T14:34:40.922-03:00,190,0,0,54,3374,3463,29722,3500,0,40000,0x07
2026-09-06T14:34:40.941-03:00,191,0,0,55,3374,3400,29990,3500,0,40000,0x07
2026-09-06T14:34:40.959-03:00,192,0,0,55,3374,3400,29990,3500,0,40000,0x07
2026-09-06T14:34:40.983-03:00,193,0,0,55,3374,3400,29990,3500,0,40000,0x07
2026-09-06T14:34:41.000-03:00,194,0,0,51,3374,3451,29773,3500,0,40000,0x07
2026-09-06T14:34:41.024-03:00,195,0,0,51,3374,3451,29773,3500,0,40000,0x07
2026-09-06T14:34:41.042-03:00,196,0,0,52,3374,3404,29973,3500,0,40000,0x07
2026-09-06T14:34:41.062-03:00,197,0,0,52,3374,3404,29973,3500,0,40000,0x07
2026-09-06T14:34:41.079-03:00,198,0,0,52,3374,3404,29973,3500,0,40000,0x07
2026-09-06T14:34:41.099-03:00,199,0,0,51,3374,3490,29606,3500,0,40000,0x07
2026-09-06T14:34:41.123-03:00,200,0,0,51,3374,3490,29606,3500,0,40000,0x07
2026-09-06T14:34:41.141-03:00,201,0,0,51,3374,3490,29606,3500,0,40000,0x07
2026-09-06T14:34:41.160-03:00,202,0,0,50,3374,3440,29820,3500,0,40000,0x07
2026-09-06T14:34:41.180-03:00,203,0,0,50,3374,3440,29820,3500,0,40000,0x07
2026-09-06T14:34:41.199-03:00,204,0,0,56,3374,3411,29944,3500,0,40000,0x07
2026-09-06T14:34:41.219-03:00,205,0,0,56,3374,3411,29944,3500,0,40000,0x07
2026-09-06T14:34:41.243-03:00,206,0,0,56,3374,3411,29944,3500,0,40000,0x07
2026-09-06T14:34:41.261-03:00,207,0,0,50,3374,3440,29820,3500,0,40000,0x07
2026-09-06T14:34:41.281-03:00,208,0,0,50,3374,3440,29820,3500,0,40000,0x07
2026-09-06T14:34:41.299-03:00,209,0,0,53,3374,3415,29925,3500,0,40000,0x07
2026-09-06T14:34:41.322-03:00,210,0,0,53,3374,3415,29925,3500,0,40000,0x07
2026-09-06T14:34:41.340-03:00,211,0,0,53,3374,3415,29925,3500,0,40000,0x07
2026-09-06T14:34:41.363-03:00,212,0,0,56,3374,3446,29792,3500,0,40000,0x07
2026-09-06T14:34:41.383-03:00,213,0,0,56,3374,3446,29792,3500,0,40000,0x07
2026-09-06T14:34:41.401-03:00,214,0,0,56,3374,3446,29792,3500,0,40000,0x07
2026-09-06T14:34:41.419-03:00,215,0,0,50,3374,3460,29734,3500,0,40000,0x07
2026-09-06T14:34:41.442-03:00,216,0,0,50,3374,3460,29734,3500,0,40000,0x07
2026-09-06T14:34:41.461-03:00,217,0,0,51,3374,3431,29856,3500,0,40000,0x07
2026-09-06T14:34:41.479-03:00,218,0,0,51,3374,3431,29856,3500,0,40000,0x07
2026-09-06T14:34:41.502-03:00,219,0,0,51,3374,3431,29856,3500,0,40000,0x07
2026-09-06T14:34:41.520-03:00,220,0,0,50,3374,3420,29904,3500,0,40000,0x07
2026-09-06T14:34:41.543-03:00,221,0,0,50,3374,3420,29904,3500,0,40000,0x07
2026-09-06T14:34:41.562-03:00,222,0,0,51,3374,3431,29856,3500,0,40000,0x07
2026-09-06T14:34:41.580-03:00,223,0,0,51,3374,3431,29856,3500,0,40000,0x07
2026-09-06T14:34:41.603-03:00,224,0,0,51,3374,3431,29856,3500,0,40000,0x07
2026-09-06T14:34:41.621-03:00,225,0,0,50,3374,3460,29734,3500,0,40000,0x07
2026-09-06T14:34:41.640-03:00,226,0,0,50,3374,3460,29734,3500,0,40000,0x07
2026-09-06T14:34:41.663-03:00,227,0,0,53,3374,3415,29925,3500,0,40000,0x07
2026-09-06T14:34:41.681-03:00,228,0,0,53,3374,3415,29925,3500,0,40000,0x07
2026-09-06T14:34:41.699-03:00,229,0,0,53,3374,3415,29925,3500,0,40000,0x07
2026-09-06T14:34:41.719-03:00,230,0,0,51,3374,3451,29773,3500,0,40000,0x07
2026-09-06T14:34:41.742-03:00,231,0,0,51,3374,3451,29773,3500,0,40000,0x07
2026-09-06T14:34:41.759-03:00,232,0,0,51,3374,3451,29773,3500,0,40000,0x07
2026-09-06T14:34:41.780-03:00,233,0,0,52,3374,3442,29810,3500,0,40000,0x07
2026-09-06T14:34:41.803-03:00,234,0,0,52,3374,3442,29810,3500,0,40000,0x07
2026-09-06T14:34:41.822-03:00,235,0,0,52,3374,3423,29891,3500,0,40000,0x07
2026-09-06T14:34:41.842-03:00,236,0,0,52,3374,3423,29891,3500,0,40000,0x07
2026-09-06T14:34:41.860-03:00,237,0,0,52,3374,3423,29891,3500,0,40000,0x07
2026-09-06T14:34:41.880-03:00,238,0,0,50,3374,3460,29734,3500,0,40000,0x07
2026-09-06T14:34:41.903-03:00,239,0,0,50,3374,3460,29734,3500,0,40000,0x07
2026-09-06T14:34:41.923-03:00,240,0,0,51,3374,3412,29940,3500,0,40000,0x07
2026-09-06T14:34:41.942-03:00,241,0,0,51,3374,3412,29940,3500,0,40000,0x07
2026-09-06T14:34:41.962-03:00,242,0,0,51,3374,3412,29940,3500,0,40000,0x07
2026-09-06T14:34:41.982-03:00,243,0,0,51,3374,3451,29773,3500,0,40000,0x07
2026-09-06T14:34:42.001-03:00,244,0,0,51,3374,3451,29773,3500,0,40000,0x07
2026-09-06T14:34:42.021-03:00,245,0,0,51,3374,3431,29856,3500,0,40000,0x07
2026-09-06T14:34:42.041-03:00,246,0,0,51,3374,3431,29856,3500,0,40000,0x07
2026-09-06T14:34:42.062-03:00,247,0,0,51,3374,3431,29856,3500,0,40000,0x07
2026-09-06T14:34:42.082-03:00,248,0,0,50,3374,3440,29820,3500,0,40000,0x07
2026-09-06T14:34:42.100-03:00,249,0,0,50,3374,3440,29820,3500,0,40000,0x07
2026-09-06T14:34:42.119-03:00,250,0,0,50,3374,3440,29820,3500,0,40000,0x07
2026-09-06T14:34:42.142-03:00,251,0,0,50,3374,3440,29820,3500,0,40000,0x07
2026-09-06T14:34:42.160-03:00,252,0,0,50,3374,3440,29820,3500,0,40000,0x07
2026-09-06T14:34:42.180-03:00,253,0,0,56,3374,3429,29868,3500,0,40000,0x07
2026-09-06T14:34:42.199-03:00,254,0,0,56,3374,3429,29868,3500,0,40000,0x07
2026-09-06T14:34:42.223-03:00,255,0,0,56,3374,3429,29868,3500,0,40000,0x07
2026-09-06T14:34:42.241-03:00,256,0,0,51,3374,3451,29773,3500,0,40000,0x07
2026-09-06T14:34:42.260-03:00,257,0,0,51,3374,3451,29773,3500,0,40000,0x07
2026-09-06T14:34:42.283-03:00,258,0,0,53,3374,3434,29845,3500,0,40000,0x07
2026-09-06T14:34:42.302-03:00,259,0,0,53,3374,3434,29845,3500,0,40000,0x07
2026-09-06T14:34:42.322-03:00,260,0,0,53,3374,3434,29845,3500,0,40000,0x07
2026-09-06T14:34:42.341-03:00,261,0,0,50,3374,3440,29820,3500,0,40000,0x07
2026-09-06T14:34:42.359-03:00,262,0,0,50,3374,3440,29820,3500,0,40000,0x07
2026-09-06T14:34:42.383-03:00,263,0,0,50,3374,3440,29820,3500,0,40000,0x07
2026-09-06T14:34:42.402-03:00,264,0,0,54,3374,3444,29801,3500,0,40000,0x07
2026-09-06T14:34:42.422-03:00,265,0,0,54,3374,3444,29801,3500,0,40000,0x07
2026-09-06T14:34:42.440-03:00,266,0,0,57,3374,3404,29975,3500,0,40000,0x07
2026-09-06T14:34:42.459-03:00,267,0,0,57,3374,3404,29975,3500,0,40000,0x07
2026-09-06T14:34:42.479-03:00,268,0,0,57,3374,3404,29975,3500,0,40000,0x07
2026-09-06T14:34:42.499-03:00,269,0,0,57,3374,3456,29751,3500,0,40000,0x07
2026-09-06T14:34:42.523-03:00,270,0,0,57,3374,3456,29751,3500,0,40000,0x07
2026-09-06T14:34:42.541-03:00,271,0,0,57,3374,3456,29751,3500,0,40000,0x07
2026-09-06T14:34:42.559-03:00,272,0,0,50,3374,3440,29820,3500,0,40000,0x07
2026-09-06T14:34:42.582-03:00,273,0,0,50,3374,3440,29820,3500,0,40000,0x07
2026-09-06T14:34:42.601-03:00,274,0,0,51,3374,3431,29856,3500,0,40000,0x07
2026-09-06T14:34:42.619-03:00,275,0,0,51,3374,3431,29856,3500,0,40000,0x07
2026-09-06T14:34:42.642-03:00,276,0,0,51,3374,3431,29856,3500,0,40000,0x07
2026-09-06T14:34:42.663-03:00,277,0,0,51,3374,3451,29773,3500,0,40000,0x07
2026-09-06T14:34:42.683-03:00,278,0,0,51,3374,3451,29773,3500,0,40000,0x07
2026-09-06T14:34:42.701-03:00,279,0,0,50,3374,3420,29904,3500,0,40000,0x07
2026-09-06T14:34:42.719-03:00,280,0,0,50,3374,3420,29904,3500,0,40000,0x07
2026-09-06T14:34:42.742-03:00,281,0,0,50,3374,3420,29904,3500,0,40000,0x07
2026-09-06T14:34:42.761-03:00,282,0,0,50,3374,3440,29820,3500,0,40000,0x07
2026-09-06T14:34:42.779-03:00,283,0,0,50,3374,3440,29820,3500,0,40000,0x07
2026-09-06T14:34:42.802-03:00,284,0,0,50,3374,3420,29904,3500,0,40000,0x07
2026-09-06T14:34:42.821-03:00,285,0,0,50,3374,3420,29904,3500,0,40000,0x07
2026-09-06T14:34:42.839-03:00,286,0,0,50,3374,3420,29904,3500,0,40000,0x07
2026-09-06T14:34:42.862-03:00,287,0,0,50,3374,3460,29734,3500,0,40000,0x07
2026-09-06T14:34:42.881-03:00,288,0,0,50,3374,3460,29734,3500,0,40000,0x07
2026-09-06T14:34:42.899-03:00,289,0,0,50,3374,3460,29734,3500,0,40000,0x07
2026-09-06T14:34:42.923-03:00,290,0,0,52,3374,3462,29728,3500,0,40000,0x07
2026-09-06T14:34:42.941-03:00,291,0,0,52,3374,3462,29728,3500,0,40000,0x07
2026-09-06T14:34:42.959-03:00,292,0,0,55,3374,3400,29990,3500,0,40000,0x07
2026-09-06T14:34:42.983-03:00,293,0,0,55,3374,3400,29990,3500,0,40000,0x07
2026-09-06T14:34:43.001-03:00,294,0,0,55,3374,3400,29990,3500,0,40000,0x07
2026-09-06T14:34:43.020-03:00,295,0,0,50,3374,3440,29820,3500,0,40000,0x07
2026-09-06T14:34:43.040-03:00,296,0,0,50,3374,3440,29820,3500,0,40000,0x07
2026-09-06T14:34:43.063-03:00,297,0,0,51,3374,3451,29773,3500,0,40000,0x07
2026-09-06T14:34:43.080-03:00,298,0,0,51,3374,3451,29773,3500,0,40000,0x07
2026-09-06T14:34:43.099-03:00,299,0,0,51,3374,3451,29773,3500,0,40000,0x07
2026-09-06T14:34:43.122-03:00,300,0,0,50,3374,3440,29820,3500,0,40000,0x07
2026-09-06T14:34:43.139-03:00,301,0,0,50,3374,3440,29820,3500,0,40000,0x07
2026-09-06T14:34:43.159-03:00,302,0,0,50,3374,3440,29820,3500,0,40000,0x07
2026-09-06T14:34:43.182-03:00,303,0,0,54,3374,3444,29801,3500,0,40000,0x07
2026-09-06T14:34:43.201-03:00,304,0,0,54,3374,3444,29801,3500,0,40000,0x07
2026-09-06T14:34:43.219-03:00,305,0,0,54,3374,3407,29958,3500,0,40000,0x07
2026-09-06T14:34:43.242-03:00,306,0,0,54,3374,3407,29958,3500,0,40000,0x07
2026-09-06T14:34:43.262-03:00,307,0,0,54,3374,3407,29958,3500,0,40000,0x07
2026-09-06T14:34:43.281-03:00,308,0,0,50,3374,3440,29820,3500,0,40000,0x07
2026-09-06T14:34:43.304-03:00,309,0,0,50,3374,3440,29820,3500,0,40000,0x07
2026-09-06T14:34:43.322-03:00,310,0,0,54,3374,3444,29801,3500,0,40000,0x07
2026-09-06T14:34:43.340-03:00,311,0,0,54,3374,3444,29801,3500,0,40000,0x07
2026-09-06T14:34:43.359-03:00,312,0,0,54,3374,3444,29801,3500,0,40000,0x07
2026-09-06T14:34:43.379-03:00,313,0,0,50,3374,3440,29820,3500,0,40000,0x07
2026-09-06T14:34:43.400-03:00,314,0,0,50,3374,3440,29820,3500,0,40000,0x07
2026-09-06T14:34:43.423-03:00,315,0,0,50,3374,3440,29820,3500,0,40000,0x07
2026-09-06T14:34:43.441-03:00,316,0,0,52,3374,3442,29810,3500,0,40000,0x07
2026-09-06T14:34:43.463-03:00,317,0,0,52,3374,3442,29810,3500,0,40000,0x07
2026-09-06T14:34:43.481-03:00,318,0,0,51,3374,3431,29856,3500,0,40000,0x07
2026-09-06T14:34:43.500-03:00,319,0,0,51,3374,3431,29856,3500,0,40000,0x07
2026-09-06T14:34:43.524-03:00,320,0,0,51,3374,3431,29856,3500,0,40000,0x07
2026-09-06T14:34:43.542-03:00,321,0,0,53,3374,3453,29765,3500,0,40000,0x07
2026-09-06T14:34:43.560-03:00,322,0,0,53,3374,3453,29765,3500,0,40000,0x07
2026-09-06T14:34:43.580-03:00,323,0,0,56,3374,3411,29944,3500,0,40000,0x07
2026-09-06T14:34:43.599-03:00,324,0,0,56,3374,3411,29944,3500,0,40000,0x07
2026-09-06T14:34:43.622-03:00,325,0,0,56,3374,3411,29944,3500,0,40000,0x07
2026-09-06T14:34:43.640-03:00,326,0,0,56,3374,3429,29868,3500,0,40000,0x07
2026-09-06T14:34:43.664-03:00,327,0,0,56,3374,3429,29868,3500,0,40000,0x07
2026-09-06T14:34:43.682-03:00,328,0,0,56,3374,3429,29868,3500,0,40000,0x07
2026-09-06T14:34:43.700-03:00,329,0,0,51,3374,3471,29690,3500,0,40000,0x07
2026-09-06T14:34:43.719-03:00,330,0,0,51,3374,3471,29690,3500,0,40000,0x07
2026-09-06T14:34:43.739-03:00,331,0,0,51,3374,3431,29856,3500,0,40000,0x07
2026-09-06T14:34:43.763-03:00,332,0,0,51,3374,3431,29856,3500,0,40000,0x07
2026-09-06T14:34:43.781-03:00,333,0,0,51,3374,3431,29856,3500,0,40000,0x07
2026-09-06T14:34:43.799-03:00,334,0,0,56,3374,3411,29944,3500,0,40000,0x07
2026-09-06T14:34:43.823-03:00,335,0,0,56,3374,3411,29944,3500,0,40000,0x07
2026-09-06T14:34:43.841-03:00,336,0,0,56,3374,3411,29944,3500,0,40000,0x07
2026-09-06T14:34:43.861-03:00,337,0,0,51,3374,3471,29690,3500,0,40000,0x07
2026-09-06T14:34:43.879-03:00,338,0,0,51,3374,3471,29690,3500,0,40000,0x07
2026-09-06T14:34:43.903-03:00,339,0,0,52,3374,3423,29891,3500,0,40000,0x07
2026-09-06T14:34:43.923-03:00,340,0,0,52,3374,3423,29891,3500,0,40000,0x07
2026-09-06T14:34:43.941-03:00,341,0,0,52,3374,3423,29891,3500,0,40000,0x07
2026-09-06T14:34:43.960-03:00,342,0,0,50,3374,3440,29820,3500,0,40000,0x07
2026-09-06T14:34:43.983-03:00,343,0,0,50,3374,3440,29820,3500,0,40000,0x07
2026-09-06T14:34:44.001-03:00,344,0,0,50,3374,3440,29820,3500,0,40000,0x07
2026-09-06T14:34:44.024-03:00,345,0,0,55,3374,3400,29990,3500,0,40000,0x07
2026-09-06T14:34:44.042-03:00,346,0,0,55,3374,3400,29990,3500,0,40000,0x07
2026-09-06T14:34:44.060-03:00,347,0,0,55,3374,3491,29603,3500,0,40000,0x07
2026-09-06T14:34:44.084-03:00,348,0,0,55,3374,3491,29603,3500,0,40000,0x07
2026-09-06T14:34:44.102-03:00,349,0,0,55,3374,3491,29603,3500,0,40000,0x07
2026-09-06T14:34:44.122-03:00,350,0,0,51,3374,3431,29856,3500,0,40000,0x07
2026-09-06T14:34:44.140-03:00,351,0,0,51,3374,3431,29856,3500,0,40000,0x07
2026-09-06T14:34:44.160-03:00,352,0,0,50,3374,3420,29904,3500,0,40000,0x07
2026-09-06T14:34:44.183-03:00,353,0,0,50,3374,3420,29904,3500,0,40000,0x07
2026-09-06T14:34:44.201-03:00,354,0,0,50,3374,3420,29904,3500,0,40000,0x07
2026-09-06T14:34:44.220-03:00,355,0,0,50,3374,3440,29820,3500,0,40000,0x07
2026-09-06T14:34:44.242-03:00,356,0,0,50,3374,3440,29820,3500,0,40000,0x07
2026-09-06T14:34:44.259-03:00,357,0,0,50,3374,3440,29820,3500,0,40000,0x07
2026-09-06T14:34:44.282-03:00,358,0,0,53,3374,3453,29765,3500,0,40000,0x07
2026-09-06T14:34:44.301-03:00,359,0,0,53,3374,3453,29765,3500,0,40000,0x07
2026-09-06T14:34:44.323-03:00,360,0,0,53,3374,3415,29925,3500,0,40000,0x07
2026-09-06T14:34:44.341-03:00,361,0,0,53,3374,3415,29925,3500,0,40000,0x07
2026-09-06T14:34:44.359-03:00,362,0,0,53,3374,3415,29925,3500,0,40000,0x07
2026-09-06T14:34:44.383-03:00,363,0,0,51,3374,3431,29856,3500,0,40000,0x07
2026-09-06T14:34:44.403-03:00,364,0,0,51,3374,3431,29856,3500,0,40000,0x07
2026-09-06T14:34:44.421-03:00,365,0,0,50,3374,3440,29820,3500,0,40000,0x07
2026-09-06T14:34:44.439-03:00,366,0,0,50,3374,3440,29820,3500,0,40000,0x07
2026-09-06T14:34:44.463-03:00,367,0,0,50,3374,3440,29820,3500,0,40000,0x07
2026-09-06T14:34:44.481-03:00,368,0,0,52,3374,3442,29810,3500,0,40000,0x07
2026-09-06T14:34:44.499-03:00,369,0,0,52,3374,3442,29810,3500,0,40000,0x07
2026-09-06T14:34:44.523-03:00,370,0,0,51,3374,3431,29856,3500,0,40000,0x07
2026-09-06T14:34:44.543-03:00,371,0,0,51,3374,3431,29856,3500,0,40000,0x07
2026-09-06T14:34:44.562-03:00,372,0,0,51,3374,3431,29856,3500,0,40000,0x07
2026-09-06T14:34:44.580-03:00,373,0,0,50,3374,3440,29820,3500,0,40000,0x07
2026-09-06T14:34:44.600-03:00,374,0,0,50,3374,3440,29820,3500,0,40000,0x07
2026-09-06T14:34:44.623-03:00,375,0,0,50,3374,3420,29904,3500,0,40000,0x07
2026-09-06T14:34:44.642-03:00,376,0,0,50,3374,3420,29904,3500,0,40000,0x07
2026-09-06T14:34:44.660-03:00,377,0,0,50,3374,3420,29904,3500,0,40000,0x07
2026-09-06T14:34:44.683-03:00,378,0,0,50,3374,3460,29734,3500,0,40000,0x07
2026-09-06T14:34:44.702-03:00,379,0,0,50,3374,3460,29734,3500,0,40000,0x07
2026-09-06T14:34:44.720-03:00,380,0,0,50,3374,3460,29734,3500,0,40000,0x07
2026-09-06T14:34:44.744-03:00,381,0,0,61,3374,3443,29808,3500,0,40000,0x07
2026-09-06T14:34:44.762-03:00,382,0,0,61,3374,3443,29808,3500,0,40000,0x07
2026-09-06T14:34:44.779-03:00,383,0,0,61,3374,3443,29808,3500,0,40000,0x07
2026-09-06T14:34:44.802-03:00,384,0,0,52,3374,3423,29891,3500,0,40000,0x07
2026-09-06T14:34:44.820-03:00,385,0,0,52,3374,3423,29891,3500,0,40000,0x07
2026-09-06T14:34:44.844-03:00,386,0,0,54,3374,3407,29958,3500,0,40000,0x07
2026-09-06T14:34:44.861-03:00,387,0,0,54,3374,3407,29958,3500,0,40000,0x07
2026-09-06T14:34:44.879-03:00,388,0,0,54,3374,3407,29958,3500,0,40000,0x07
2026-09-06T14:34:44.903-03:00,389,0,0,50,3374,3460,29734,3500,0,40000,0x07
2026-09-06T14:34:44.921-03:00,390,0,0,50,3374,3460,29734,3500,0,40000,0x07
2026-09-06T14:34:44.943-03:00,391,0,0,50,3374,3460,29734,3500,0,40000,0x07
2026-09-06T14:34:44.962-03:00,392,0,0,54,3374,3444,29801,3500,0,40000,0x07
2026-09-06T14:34:44.980-03:00,393,0,0,54,3374,3444,29801,3500,0,40000,0x07
2026-09-06T14:34:45.001-03:00,394,0,0,51,3374,3392,30023,3500,0,40000,0x07
2026-09-06T14:34:45.019-03:00,395,0,0,51,3374,3392,30023,3500,0,40000,0x07
2026-09-06T14:34:45.043-03:00,396,0,0,51,3374,3392,30023,3500,0,40000,0x07
2026-09-06T14:34:45.063-03:00,397,0,0,52,3374,3404,29973,3500,0,40000,0x07
2026-09-06T14:34:45.082-03:00,398,0,0,52,3374,3404,29973,3500,0,40000,0x07
2026-09-06T14:34:45.100-03:00,399,0,0,57,3374,3474,29676,3500,0,40000,0x07
2026-09-06T14:34:45.120-03:00,400,0,0,57,3374,3474,29676,3500,0,40000,0x07
2026-09-06T14:34:45.144-03:00,401,0,0,57,3374,3474,29676,3500,0,40000,0x07
2026-09-06T14:34:45.161-03:00,402,0,0,57,3374,3421,29900,3500,0,40000,0x07
2026-09-06T14:34:45.179-03:00,403,0,0,57,3374,3421,29900,3500,0,40000,0x07
2026-09-06T14:34:45.199-03:00,404,0,0,57,3374,3421,29900,3500,0,40000,0x07
2026-09-06T14:34:45.223-03:00,405,0,0,52,3374,3442,29810,3500,0,40000,0x07
2026-09-06T14:34:45.241-03:00,406,0,0,52,3374,3442,29810,3500,0,40000,0x07
2026-09-06T14:34:45.259-03:00,407,0,0,52,3374,3442,29810,3500,0,40000,0x07
2026-09-06T14:34:45.279-03:00,408,0,0,51,3374,3451,29773,3500,0,40000,0x07
2026-09-06T14:34:45.303-03:00,409,0,0,51,3374,3451,29773,3500,0,40000,0x07
2026-09-06T14:34:45.320-03:00,410,0,0,56,3374,3411,29944,3500,0,40000,0x07
2026-09-06T14:34:45.344-03:00,411,0,0,56,3374,3411,29944,3500,0,40000,0x07
2026-09-06T14:34:45.359-03:00,412,0,0,56,3374,3411,29944,3500,0,40000,0x07
2026-09-06T14:34:45.382-03:00,413,0,0,52,3374,3442,29810,3500,0,40000,0x07
2026-09-06T14:34:45.400-03:00,414,0,0,52,3374,3442,29810,3500,0,40000,0x07
2026-09-06T14:34:45.423-03:00,415,0,0,52,3374,3442,29810,3500,0,40000,0x07
2026-09-06T14:34:45.441-03:00,416,0,0,52,3374,3442,29810,3500,0,40000,0x07
2026-09-06T14:34:45.459-03:00,417,0,0,52,3374,3442,29810,3500,0,40000,0x07
2026-09-06T14:34:45.483-03:00,418,0,0,50,3374,3400,29990,3500,0,40000,0x07
2026-09-06T14:34:45.501-03:00,419,0,0,50,3374,3400,29990,3500,0,40000,0x07
2026-09-06T14:34:45.519-03:00,420,0,0,50,3374,3400,29990,3500,0,40000,0x07
2026-09-06T14:34:45.543-03:00,421,0,0,50,3374,3460,29734,3500,0,40000,0x07
2026-09-06T14:34:45.563-03:00,422,0,0,50,3374,3460,29734,3500,0,40000,0x07
2026-09-06T14:34:45.580-03:00,423,0,0,56,3374,3393,30020,3500,0,40000,0x07
2026-09-06T14:34:45.603-03:00,424,0,0,56,3374,3393,30020,3500,0,40000,0x07
2026-09-06T14:34:45.621-03:00,425,0,0,56,3374,3393,30020,3500,0,40000,0x07
2026-09-06T14:34:45.642-03:00,426,0,0,52,3374,3462,29728,3500,0,40000,0x07
2026-09-06T14:34:45.663-03:00,427,0,0,52,3374,3462,29728,3500,0,40000,0x07
2026-09-06T14:34:45.681-03:00,428,0,0,50,3374,3420,29904,3500,0,40000,0x07
2026-09-06T14:34:45.721-03:00,429,0,0,50,3374,3420,29904,3500,0,40000,0x07
2026-09-06T14:34:45.743-03:00,430,0,0,50,3374,3420,29904,3500,0,40000,0x07
2026-09-06T14:34:45.780-03:00,431,0,0,51,3374,3431,29856,3500,0,40000,0x07
2026-09-06T14:34:45.780-03:00,432,0,0,51,3374,3431,29856,3500,0,40000,0x07
2026-09-06T14:34:45.803-03:00,433,0,0,50,3374,3440,29820,3500,0,40000,0x07
2026-09-06T14:34:45.822-03:00,434,0,0,50,3374,3440,29820,3500,0,40000,0x07
2026-09-06T14:34:45.840-03:00,436,0,0,50,3374,3420,29904,3500,0,40000,0x07
2026-09-06T14:34:45.863-03:00,437,0,0,50,3374,3420,29904,3500,0,40000,0x07
2026-09-06T14:34:45.882-03:00,438,0,0,50,3374,3420,29904,3500,0,40000,0x07
2026-09-06T14:34:45.900-03:00,439,0,0,50,3374,3420,29904,3500,0,40000,0x07
2026-09-06T14:34:45.923-03:00,440,0,0,50,3374,3420,29904,3500,0,40000,0x07
2026-09-06T14:34:45.940-03:00,441,0,0,50,3374,3440,29820,3500,0,40000,0x07
2026-09-06T14:34:45.964-03:00,442,0,0,50,3374,3440,29820,3500,0,40000,0x07
2026-09-06T14:34:45.982-03:00,443,0,0,50,3374,3420,29904,3500,0,40000,0x07
2026-09-06T14:34:46.001-03:00,444,0,0,50,3374,3420,29904,3500,0,40000,0x07
2026-09-06T14:34:46.019-03:00,445,0,0,50,3374,3420,29904,3500,0,40000,0x07
2026-09-06T14:34:46.042-03:00,446,0,0,51,3374,3431,29856,3500,0,40000,0x07
2026-09-06T14:34:46.060-03:00,447,0,0,51,3374,3431,29856,3500,0,40000,0x07
2026-09-06T14:34:46.084-03:00,448,0,0,51,3374,3431,29856,3500,0,40000,0x07
2026-09-06T14:34:46.102-03:00,449,0,0,51,3374,3451,29773,3500,0,40000,0x07
2026-09-06T14:34:46.121-03:00,450,0,0,51,3374,3451,29773,3500,0,40000,0x07
2026-09-06T14:34:46.139-03:00,451,0,0,51,3374,3412,29940,3500,0,40000,0x07
2026-09-06T14:34:46.162-03:00,452,0,0,51,3374,3412,29940,3500,0,40000,0x07
2026-09-06T14:34:46.179-03:00,453,0,0,51,3374,3412,29940,3500,0,40000,0x07
2026-09-06T14:34:46.202-03:00,454,0,0,51,3374,3431,29856,3500,0,40000,0x07
2026-09-06T14:34:46.221-03:00,455,0,0,51,3374,3431,29856,3500,0,40000,0x07
2026-09-06T14:34:46.239-03:00,456,0,0,52,3374,3404,29973,3500,0,40000,0x07
2026-09-06T14:34:46.263-03:00,457,0,0,52,3374,3404,29973,3500,0,40000,0x07
2026-09-06T14:34:46.281-03:00,458,0,0,52,3374,3404,29973,3500,0,40000,0x07
2026-09-06T14:34:46.301-03:00,459,0,0,50,3374,3440,29820,3500,0,40000,0x07
2026-09-06T14:34:46.320-03:00,460,0,0,50,3374,3440,29820,3500,0,40000,0x07
2026-09-06T14:34:46.343-03:00,461,0,0,52,3374,3423,29891,3500,0,40000,0x07
2026-09-06T14:34:46.364-03:00,462,0,0,52,3374,3423,29891,3500,0,40000,0x07
2026-09-06T14:34:46.382-03:00,463,0,0,52,3374,3423,29891,3500,0,40000,0x07
2026-09-06T14:34:46.400-03:00,464,0,0,50,3374,3440,29820,3500,0,40000,0x07
2026-09-06T14:34:46.420-03:00,465,0,0,50,3374,3440,29820,3500,0,40000,0x07
2026-09-06T14:34:46.443-03:00,466,0,0,61,3374,3426,29878,3500,0,40000,0x07
2026-09-06T14:34:46.464-03:00,467,0,0,61,3374,3426,29878,3500,0,40000,0x07
2026-09-06T14:34:46.482-03:00,468,0,0,61,3374,3426,29878,3500,0,40000,0x07
2026-09-06T14:34:46.500-03:00,469,0,0,51,3374,3412,29940,3500,0,40000,0x07
2026-09-06T14:34:46.523-03:00,470,0,0,51,3374,3412,29940,3500,0,40000,0x07
2026-09-06T14:34:46.543-03:00,471,0,0,51,3374,3412,29940,3500,0,40000,0x07
2026-09-06T14:34:46.564-03:00,472,0,0,50,3374,3460,29734,3500,0,40000,0x07
2026-09-06T14:34:46.582-03:00,473,0,0,50,3374,3460,29734,3500,0,40000,0x07
2026-09-06T14:34:46.600-03:00,474,0,0,51,3374,3431,29856,3500,0,40000,0x07
2026-09-06T14:34:46.620-03:00,475,0,0,51,3374,3431,29856,3500,0,40000,0x07
2026-09-06T14:34:46.643-03:00,476,0,0,51,3374,3431,29856,3500,0,40000,0x07
2026-09-06T14:34:46.661-03:00,477,0,0,56,3374,3411,29944,3500,0,40000,0x07
2026-09-06T14:34:46.681-03:00,478,0,0,56,3374,3411,29944,3500,0,40000,0x07
2026-09-06T14:34:46.704-03:00,479,0,0,56,3374,3411,29944,3500,0,40000,0x07
2026-09-06T14:34:46.722-03:00,480,0,0,52,3374,3442,29810,3500,0,40000,0x07
2026-09-06T14:34:46.740-03:00,481,0,0,52,3374,3442,29810,3500,0,40000,0x07
2026-09-06T14:34:46.764-03:00,482,0,0,52,3374,3423,29891,3500,0,40000,0x07
2026-09-06T14:34:46.782-03:00,483,0,0,52,3374,3423,29891,3500,0,40000,0x07
2026-09-06T14:34:46.799-03:00,484,0,0,52,3374,3423,29891,3500,0,40000,0x07
2026-09-06T14:34:46.822-03:00,485,0,0,51,3374,3451,29773,3500,0,40000,0x07
2026-09-06T14:34:46.842-03:00,486,0,0,51,3374,3451,29773,3500,0,40000,0x07
2026-09-06T14:34:46.860-03:00,487,0,0,51,3374,3451,29773,3500,0,40000,0x07
2026-09-06T14:34:46.879-03:00,488,0,0,52,3374,3423,29891,3500,0,40000,0x07
2026-09-06T14:34:46.902-03:00,489,0,0,52,3374,3423,29891,3500,0,40000,0x07
2026-09-06T14:34:46.920-03:00,490,0,0,54,3374,3426,29879,3500,0,40000,0x07
2026-09-06T14:34:46.939-03:00,491,0,0,54,3374,3426,29879,3500,0,40000,0x07
2026-09-06T14:34:46.962-03:00,492,0,0,54,3374,3426,29879,3500,0,40000,0x07
2026-09-06T14:34:46.980-03:00,493,0,0,51,3374,3431,29856,3500,0,40000,0x07
2026-09-06T14:34:47.004-03:00,494,0,0,51,3374,3431,29856,3500,0,40000,0x07
2026-09-06T14:34:47.022-03:00,495,0,0,50,3374,3440,29820,3500,0,40000,0x07
2026-09-06T14:34:47.040-03:00,496,0,0,50,3374,3440,29820,3500,0,40000,0x07
2026-09-06T14:34:47.081-03:00,497,0,0,50,3374,3440,29820,3500,0,40000,0x07
2026-09-06T14:34:47.126-03:00,498,0,0,50,3374,3440,29820,3500,0,40000,0x07
2026-09-06T14:34:47.167-03:00,499,0,0,50,3374,3440,29820,3500,0,40000,0x07
2026-09-06T14:34:47.211-03:00,500,0,0,51,3374,3412,29940,3500,0,40000,0x07
2026-09-06T14:34:47.253-03:00,501,0,0,51,0,0,0,0,0,0,0x03
