timestamp,sequence,team,robot_id,interval_ms,left_target_eps,left_measured_eps,left_duty,right_target_eps,right_measured_eps,right_duty,flags
2026-09-06T17:14:16.339,768,0,1,51,61,0,4468,1687,0,23589,0x07
2026-09-06T17:14:16.360,771,0,2,51,385,0,7211,1351,20,19841,0x07
2026-09-06T17:14:16.360,770,0,1,51,61,0,4468,0,0,21693,0x07
2026-09-06T17:14:16.425,773,0,2,50,0,0,0,0,0,0,0x03
2026-09-06T17:14:16.425,772,0,1,51,0,0,0,0,0,0,0x03
2026-09-06T17:14:16.490,1,0,2,50,0,0,0,0,0,0,0x03
2026-09-06T17:14:16.490,0,0,1,51,0,0,0,0,0,0,0x03
2026-09-06T17:14:16.554,3,0,2,50,0,0,0,0,0,0,0x03
2026-09-06T17:14:16.554,2,0,1,52,0,0,0,0,0,0,0x03
2026-09-06T17:14:16.636,5,0,2,51,0,0,0,0,0,0,0x03
2026-09-06T17:14:16.636,4,0,1,50,0,0,0,0,0,0,0x03
2026-09-06T17:14:16.701,7,0,2,51,0,0,0,0,0,0,0x03
2026-09-06T17:14:16.701,6,0,1,50,0,0,0,0,0,0,0x03
2026-09-06T17:14:16.766,9,0,2,53,0,0,0,0,0,0,0x03
2026-09-06T17:14:16.766,8,0,1,52,0,0,0,0,0,0,0x03
2026-09-06T17:14:16.831,11,0,2,51,0,0,0,0,0,0,0x03
2026-09-06T17:14:16.831,10,0,1,52,0,0,0,0,0,0,0x03
2026-09-06T17:14:16.896,13,0,2,50,0,0,0,0,0,0,0x03
2026-09-06T17:14:16.896,12,0,1,50,0,0,0,0,0,0,0x03
2026-09-06T17:14:16.961,15,0,2,51,0,0,0,0,0,0,0x03
2026-09-06T17:14:16.961,14,0,1,50,0,0,0,0,0,0,0x03
2026-09-06T17:14:17.025,17,0,2,50,0,0,0,0,0,0,0x03
2026-09-06T17:14:17.026,16,0,1,50,0,0,0,0,0,0,0x03
2026-09-06T17:14:17.091,19,0,2,50,0,0,0,0,0,0,0x03
2026-09-06T17:14:17.091,18,0,1,50,0,0,0,0,0,0,0x03
2026-09-06T17:14:17.173,21,0,2,50,0,0,0,0,0,0,0x03
2026-09-06T17:14:17.173,20,0,1,51,0,0,0,0,0,0,0x03
2026-09-06T17:14:17.238,23,0,2,53,0,0,0,0,0,0,0x03
2026-09-06T17:14:17.238,22,0,1,51,0,0,0,0,0,0,0x03
2026-09-06T17:14:17.303,25,0,2,51,0,0,0,0,0,0,0x03
2026-09-06T17:14:17.304,24,0,1,52,0,0,0,0,0,0,0x03
2026-09-06T17:14:17.369,27,0,2,51,0,0,0,0,0,0,0x03
2026-09-06T17:14:17.369,26,0,1,51,0,0,0,0,0,0,0x03
2026-09-06T17:14:17.434,29,0,2,50,0,0,0,0,0,0,0x03
2026-09-06T17:14:17.434,28,0,1,50,0,0,0,0,0,0,0x03
2026-09-06T17:14:17.498,31,0,2,52,0,0,0,0,0,0,0x03
2026-09-06T17:14:17.498,30,0,1,52,0,0,0,0,0,0,0x03
2026-09-06T17:14:17.563,33,0,2,52,0,0,0,0,0,0,0x03
2026-09-06T17:14:17.563,32,0,1,50,0,0,0,0,0,0,0x03
2026-09-06T17:14:17.629,35,0,2,50,0,0,0,0,0,0,0x03
2026-09-06T17:14:17.629,34,0,1,55,0,0,0,0,0,0,0x03
2026-09-06T17:14:17.694,37,0,2,50,0,0,0,0,0,0,0x03
2026-09-06T17:14:17.694,36,0,1,50,0,0,0,0,0,0,0x03
2026-09-06T17:14:17.775,39,0,2,52,0,0,0,0,0,0,0x03
2026-09-06T17:14:17.775,38,0,1,51,0,0,0,0,0,0,0x03
2026-09-06T17:14:17.840,41,0,2,50,0,0,0,0,0,0,0x03
2026-09-06T17:14:17.840,40,0,1,51,0,0,0,0,0,0,0x03
2026-09-06T17:14:17.905,43,0,2,50,0,0,0,0,0,0,0x03
2026-09-06T17:14:17.905,42,0,1,52,0,0,0,0,0,0,0x03
2026-09-06T17:14:17.970,45,0,2,50,0,0,0,0,0,0,0x03
2026-09-06T17:14:17.970,44,0,1,50,0,0,0,0,0,0,0x03
2026-09-06T17:14:18.035,47,0,2,50,0,0,0,0,0,0,0x03
2026-09-06T17:14:18.035,46,0,1,52,0,0,0,0,0,0,0x03
2026-09-06T17:14:18.100,49,0,2,50,0,0,0,0,0,0,0x03
2026-09-06T17:14:18.100,48,0,1,51,0,0,0,0,0,0,0x03
2026-09-06T17:14:18.165,51,0,2,50,0,0,0,0,0,0,0x03
2026-09-06T17:14:18.165,50,0,1,51,0,0,0,0,0,0,0x03
2026-09-06T17:14:18.230,53,0,2,50,0,0,0,0,0,0,0x03
2026-09-06T17:14:18.230,52,0,1,51,0,0,0,0,0,0,0x03
2026-09-06T17:14:18.311,55,0,2,54,0,0,0,0,0,0,0x03
2026-09-06T17:14:18.311,54,0,1,51,0,0,0,0,0,0,0x03
2026-09-06T17:14:18.376,57,0,2,51,0,0,0,0,0,0,0x03
2026-09-06T17:14:18.376,56,0,1,51,0,0,0,0,0,0,0x03
2026-09-06T17:14:18.441,59,0,2,51,0,0,0,0,0,0,0x03
2026-09-06T17:14:18.506,61,0,2,50,0,0,0,0,0,0,0x03
2026-09-06T17:14:18.506,60,0,1,52,0,0,0,0,0,0,0x03
2026-09-06T17:14:18.571,61,0,2,51,0,0,0,0,0,0,0x03
2026-09-06T17:14:18.571,60,0,1,50,0,0,0,0,0,0,0x03
2026-09-06T17:14:18.636,61,0,2,51,0,0,0,0,0,0,0x03
2026-09-06T17:14:18.636,64,0,1,50,0,0,0,0,0,0,0x03
2026-09-06T17:14:18.701,67,0,2,51,0,0,0,0,0,0,0x03
2026-09-06T17:14:18.701,66,0,1,50,0,0,0,0,0,0,0x03
2026-09-06T17:14:18.767,69,0,2,52,0,0,0,0,0,0,0x03
2026-09-06T17:14:18.767,68,0,1,52,0,0,0,0,0,0,0x03
2026-09-06T17:14:18.847,71,0,2,51,0,0,0,0,0,0,0x03
2026-09-06T17:14:18.847,70,0,1,51,0,0,0,0,0,0,0x03
2026-09-06T17:14:18.913,73,0,2,51,0,0,0,0,0,0,0x03
2026-09-06T17:14:18.913,72,0,1,50,0,0,0,0,0,0,0x03
2026-09-06T17:14:18.977,75,0,2,51,0,0,0,0,0,0,0x03
2026-09-06T17:14:18.977,74,0,1,52,0,0,0,0,0,0,0x03
2026-09-06T17:14:19.042,77,0,2,50,0,0,0,0,0,0,0x03
2026-09-06T17:14:19.042,76,0,1,51,0,0,0,0,0,0,0x03
2026-09-06T17:14:19.107,79,0,2,51,0,0,0,0,0,0,0x03
2026-09-06T17:14:19.107,78,0,1,51,0,0,0,0,0,0,0x03
2026-09-06T17:14:19.171,81,0,2,52,0,0,0,0,0,0,0x03
2026-09-06T17:14:19.172,80,0,1,51,0,0,0,0,0,0,0x03
2026-09-06T17:14:19.237,83,0,2,50,0,0,0,0,0,0,0x03
2026-09-06T17:14:19.237,82,0,1,52,0,0,0,0,0,0,0x03
2026-09-06T17:14:19.302,85,0,2,50,0,0,0,0,0,0,0x03
2026-09-06T17:14:19.302,84,0,1,52,0,0,0,0,0,0,0x03
2026-09-06T17:14:19.383,87,0,2,53,0,0,0,0,0,0,0x03
2026-09-06T17:14:19.383,86,0,1,52,0,0,0,0,0,0,0x03
2026-09-06T17:14:19.448,89,0,2,51,0,0,0,0,0,0,0x03
2026-09-06T17:14:19.448,88,0,1,51,0,0,0,0,0,0,0x03
2026-09-06T17:14:19.512,91,0,2,51,0,0,0,0,0,0,0x03
2026-09-06T17:14:19.512,90,0,1,50,0,0,0,0,0,0,0x03
2026-09-06T17:14:19.577,93,0,2,52,0,0,0,0,0,0,0x03
2026-09-06T17:14:19.577,92,0,1,50,0,0,0,0,0,0,0x03
2026-09-06T17:14:19.642,95,0,2,52,0,0,0,0,0,0,0x03
2026-09-06T17:14:19.642,94,0,1,50,0,0,0,0,0,0,0x03
2026-09-06T17:14:19.708,97,0,2,51,0,0,0,0,0,0,0x03
2026-09-06T17:14:19.708,96,0,1,51,0,0,0,0,0,0,0x03
2026-09-06T17:14:19.773,99,0,2,51,0,0,0,0,0,0,0x03
2026-09-06T17:14:19.773,98,0,1,51,0,0,0,0,0,0,0x03
2026-09-06T17:14:19.839,101,0,2,51,0,0,0,0,0,0,0x03
2026-09-06T17:14:19.839,100,0,1,51,0,0,0,0,0,0,0x03
2026-09-06T17:14:19.905,103,0,2,51,0,0,0,0,0,0,0x03
2026-09-06T17:14:19.905,102,0,1,50,0,0,0,0,0,0,0x03
2026-09-06T17:14:19.970,105,0,2,50,0,0,0,0,0,0,0x03
2026-09-06T17:14:19.970,104,0,1,52,0,0,0,0,0,0,0x03
2026-09-06T17:14:20.050,107,0,2,52,0,0,0,0,0,0,0x03
2026-09-06T17:14:20.050,106,0,1,54,0,0,0,0,0,0,0x03
2026-09-06T17:14:20.115,109,0,2,51,0,0,0,0,0,0,0x03
2026-09-06T17:14:20.115,108,0,1,51,0,0,0,0,0,0,0x03
2026-09-06T17:14:20.179,111,0,2,50,0,0,0,0,0,0,0x03
2026-09-06T17:14:20.179,110,0,1,51,0,0,0,0,0,0,0x03
2026-09-06T17:14:20.245,113,0,2,51,0,0,0,0,0,0,0x03
2026-09-06T17:14:20.245,112,0,1,52,0,0,0,0,0,0,0x03
2026-09-06T17:14:20.310,115,0,2,50,0,0,0,0,0,0,0x03
2026-09-06T17:14:20.310,114,0,1,52,0,0,0,0,0,0,0x03
2026-09-06T17:14:20.375,117,0,2,50,0,0,0,0,0,0,0x03
2026-09-06T17:14:20.375,116,0,1,50,0,0,0,0,0,0,0x03
2026-09-06T17:14:20.440,119,0,2,55,0,0,0,0,0,0,0x03
2026-09-06T17:14:20.440,118,0,1,52,0,0,0,0,0,0,0x03
2026-09-06T17:14:20.505,121,0,2,50,0,0,0,0,0,0,0x03
2026-09-06T17:14:20.505,120,0,1,51,0,0,0,0,0,0,0x03
2026-09-06T17:14:20.587,123,0,2,52,0,0,0,0,0,0,0x03
2026-09-06T17:14:20.587,122,0,1,52,0,0,0,0,0,0,0x03
2026-09-06T17:14:20.652,125,0,2,50,0,0,0,0,0,0,0x03
2026-09-06T17:14:20.652,124,0,1,52,0,0,0,0,0,0,0x03
2026-09-06T17:14:20.717,127,0,2,51,0,0,0,0,0,0,0x03
2026-09-06T17:14:20.717,126,0,1,50,0,0,0,0,0,0,0x03
2026-09-06T17:14:20.781,129,0,2,51,0,0,0,0,0,0,0x03
2026-09-06T17:14:20.781,128,0,1,50,0,0,0,0,0,0,0x03
2026-09-06T17:14:20.846,131,0,2,51,0,0,0,0,0,0,0x03
2026-09-06T17:14:20.846,130,0,1,52,0,0,0,0,0,0,0x03
2026-09-06T17:14:20.911,133,0,2,50,0,0,0,0,0,0,0x03
2026-09-06T17:14:20.911,132,0,1,51,0,0,0,0,0,0,0x03
2026-09-06T17:14:20.976,135,0,2,52,0,0,0,0,0,0,0x03
2026-09-06T17:14:20.976,134,0,1,50,0,0,0,0,0,0,0x03
2026-09-06T17:14:21.041,137,0,2,50,0,0,0,0,0,0,0x03
2026-09-06T17:14:21.042,136,0,1,51,0,0,0,0,0,0,0x03
2026-09-06T17:14:21.123,139,0,2,51,0,0,0,0,0,0,0x03
2026-09-06T17:14:21.123,138,0,1,52,0,0,0,0,0,0,0x03
2026-09-06T17:14:21.189,141,0,2,50,0,0,0,0,0,0,0x03
2026-09-06T17:14:21.189,140,0,1,51,0,0,0,0,0,0,0x03
2026-09-06T17:14:21.254,143,0,2,52,0,0,0,0,0,0,0x03
2026-09-06T17:14:21.254,142,0,1,50,0,0,0,0,0,0,0x03
2026-09-06T17:14:21.320,145,0,2,50,0,0,0,0,0,0,0x03
2026-09-06T17:14:21.320,144,0,1,52,0,0,0,0,0,0,0x03
2026-09-06T17:14:21.384,147,0,2,51,0,0,0,0,0,0,0x03
2026-09-06T17:14:21.384,146,0,1,51,0,0,0,0,0,0,0x03
2026-09-06T17:14:21.450,149,0,2,50,0,0,0,0,0,0,0x03
2026-09-06T17:14:21.450,148,0,1,52,0,0,0,0,0,0,0x03
2026-09-06T17:14:21.515,151,0,2,51,0,0,0,0,0,0,0x03
2026-09-06T17:14:21.515,150,0,1,55,0,0,0,0,0,0,0x03
2026-09-06T17:14:21.579,153,0,2,51,0,0,0,0,0,0,0x03
2026-09-06T17:14:21.579,152,0,1,50,0,0,0,0,0,0,0x03
2026-09-06T17:14:21.645,155,0,2,50,0,0,0,0,0,0,0x03
2026-09-06T17:14:21.645,154,0,1,50,0,0,0,0,0,0,0x03
2026-09-06T17:14:21.709,157,0,2,50,0,0,0,0,0,0,0x03
2026-09-06T17:14:21.709,156,0,1,51,0,0,0,0,0,0,0x03
2026-09-06T17:14:21.790,159,0,2,50,0,0,0,0,0,0,0x03
2026-09-06T17:14:21.791,158,0,1,51,0,0,0,0,0,0,0x03
2026-09-06T17:14:21.856,161,0,2,50,0,0,0,0,0,0,0x03
2026-09-06T17:14:21.856,160,0,1,52,0,0,0,0,0,0,0x03
2026-09-06T17:14:21.922,163,0,2,50,0,0,0,0,0,0,0x03
2026-09-06T17:14:21.922,162,0,1,51,0,0,0,0,0,0,0x03
2026-09-06T17:14:21.987,165,0,2,51,0,0,0,0,0,0,0x03
2026-09-06T17:14:21.987,164,0,1,50,0,0,0,0,0,0,0x03
2026-09-06T17:14:22.052,167,0,2,52,0,0,0,0,0,0,0x03
2026-09-06T17:14:22.052,166,0,1,52,0,0,0,0,0,0,0x03
2026-09-06T17:14:22.118,169,0,2,55,0,0,0,0,0,0,0x03
2026-09-06T17:14:22.118,168,0,1,50,0,0,0,0,0,0,0x03
2026-09-06T17:14:22.182,171,0,2,51,0,0,0,0,0,0,0x03
2026-09-06T17:14:22.182,170,0,1,54,0,0,0,0,0,0,0x03
2026-09-06T17:14:22.247,173,0,2,50,0,0,0,0,0,0,0x03
2026-09-06T17:14:22.247,172,0,1,51,0,0,0,0,0,0,0x03
2026-09-06T17:14:22.328,175,0,2,51,0,0,0,0,0,0,0x03
2026-09-06T17:14:22.328,174,0,1,51,0,0,0,0,0,0,0x03
2026-09-06T17:14:22.394,177,0,2,50,0,0,0,0,0,0,0x03
2026-09-06T17:14:22.394,176,0,1,51,0,0,0,0,0,0,0x03
2026-09-06T17:14:22.458,179,0,2,51,0,0,0,0,0,0,0x03
2026-09-06T17:14:22.458,178,0,1,51,0,0,0,0,0,0,0x03
2026-09-06T17:14:22.523,181,0,2,52,0,0,0,0,0,0,0x03
2026-09-06T17:14:22.523,180,0,1,50,0,0,0,0,0,0,0x03
2026-09-06T17:14:22.588,183,0,2,50,0,0,0,0,0,0,0x03
2026-09-06T17:14:22.588,182,0,1,51,0,0,0,0,0,0,0x03
2026-09-06T17:14:22.653,185,0,2,50,0,0,0,0,0,0,0x03
2026-09-06T17:14:22.653,184,0,1,52,0,0,0,0,0,0,0x03
2026-09-06T17:14:22.718,187,0,2,52,0,0,0,0,0,0,0x03
2026-09-06T17:14:22.718,186,0,1,52,0,0,0,0,0,0,0x03
2026-09-06T17:14:22.783,189,0,2,50,0,0,0,0,0,0,0x03
2026-09-06T17:14:22.783,188,0,1,50,0,0,0,0,0,0,0x03
2026-09-06T17:14:22.863,191,0,2,52,0,0,0,0,0,0,0x03
2026-09-06T17:14:22.864,190,0,1,54,0,0,0,0,0,0,0x03
2026-09-06T17:14:22.929,193,0,2,51,0,0,0,0,0,0,0x03
2026-09-06T17:14:22.929,192,0,1,50,0,0,0,0,0,0,0x03
2026-09-06T17:14:22.994,195,0,2,51,0,0,0,0,0,0,0x03
2026-09-06T17:14:22.994,194,0,1,51,0,0,0,0,0,0,0x03
2026-09-06T17:14:23.059,197,0,2,52,0,0,0,0,0,0,0x03
2026-09-06T17:14:23.059,196,0,1,51,0,0,0,0,0,0,0x03
2026-09-06T17:14:23.123,199,0,2,50,0,0,0,0,0,0,0x03
2026-09-06T17:14:23.123,198,0,1,50,0,0,0,0,0,0,0x03
2026-09-06T17:14:23.188,201,0,2,54,0,0,0,0,0,0,0x03
2026-09-06T17:14:23.188,200,0,1,50,0,0,0,0,0,0,0x03
2026-09-06T17:14:23.253,203,0,2,50,0,0,0,0,0,0,0x03
2026-09-06T17:14:23.253,202,0,1,51,0,0,0,0,0,0,0x03
2026-09-06T17:14:23.318,205,0,2,50,0,0,12875,0,0,5165,0x07
2026-09-06T17:14:23.318,204,0,1,51,0,0,30396,0,0,31098,0x07
2026-09-06T17:14:23.399,207,0,2,50,1283,160,17648,0,0,3280,0x07
2026-09-06T17:14:23.399,206,0,1,50,3147,700,40000,3500,0,40000,0x07
2026-09-06T17:14:23.464,209,0,2,51,759,275,10674,127,98,3402,0x07
2026-09-06T17:14:23.464,208,0,1,50,3237,880,40000,3464,0,40000,0x07
2026-09-06T17:14:23.529,211,0,2,50,741,320,10259,146,40,3897,0x07
2026-09-06T17:14:23.529,210,0,1,51,3238,1294,39434,3464,20,40000,0x07
2026-09-06T17:14:23.594,213,0,2,55,794,400,10571,201,255,3708,0x07
2026-09-06T17:14:23.594,212,0,1,51,3238,1608,38106,3464,0,40000,0x07
2026-09-06T17:14:23.658,215,0,2,51,794,412,10521,201,294,3539,0x07
2026-09-06T17:14:23.658,214,0,1,51,2463,2000,26567,3089,0,40000,0x07
2026-09-06T17:14:23.723,217,0,2,50,0,0,6653,235,180,4476,0x07
2026-09-06T17:14:23.723,216,0,1,50,2463,1980,26652,3089,0,40000,0x07
2026-09-06T17:14:23.789,219,0,2,50,0,0,5760,2287,240,31213,0x07
2026-09-06T17:14:23.789,218,0,1,50,1355,1920,12793,2212,0,30078,0x07
2026-09-06T17:14:23.853,220,0,1,51,243,1549,197,1498,20,21182,0x07
2026-09-06T17:14:23.935,223,0,2,50,422,540,5379,1312,560,17035,0x07
2026-09-06T17:14:23.935,220,0,1,50,75,760,1414,1672,40,23242,0x07
2026-09-06T17:14:24.001,223,0,2,50,407,480,5451,1328,640,16896,0x07
2026-09-06T17:14:24.001,220,0,1,50,75,460,2689,1672,0,23412,0x07
2026-09-06T17:14:24.065,227,0,2,51,407,98,7074,1328,843,16033,0x07
2026-09-06T17:14:24.065,226,0,1,56,1212,0,19128,493,0,8852,0x07
2026-09-06T17:14:24.130,229,0,2,50,0,0,0,0,0,0,0x03
2026-09-06T17:14:24.130,228,0,1,52,1212,769,15859,493,0,8852,0x07
2026-09-06T17:14:24.195,231,0,2,51,0,0,28472,0,0,16159,0x07
2026-09-06T17:14:24.195,230,0,1,51,1183,255,17671,523,0,9228,0x07
2026-09-06T17:14:24.261,233,0,2,51,3203,529,39836,0,0,33322,0x07
2026-09-06T17:14:24.261,232,0,1,51,1208,412,17321,497,0,8909,0x07
2026-09-06T17:14:24.326,235,0,2,50,392,900,3482,0,0,15034,0x07
2026-09-06T17:14:24.326,234,0,1,56,1055,661,14320,656,0,10861,0x07
2026-09-06T17:14:24.391,237,0,2,52,0,0,21066,0,0,33322,0x07
2026-09-06T17:14:24.392,236,0,1,51,1055,765,13878,656,0,10861,0x07
2026-09-06T17:14:24.473,239,0,2,52,218,38,4989,1524,2135,13123,0x07
2026-09-06T17:14:24.473,238,0,1,50,1159,740,15303,548,0,9534,0x07
2026-09-06T17:14:24.537,241,0,2,51,218,353,3653,1524,882,18445,0x07
2026-09-06T17:14:24.537,240,0,1,51,1359,765,17747,341,0,6972,0x07
2026-09-06T17:14:24.603,243,0,2,50,284,240,4943,1456,620,18668,0x07
2026-09-06T17:14:24.668,245,0,2,52,332,250,5497,1406,808,17211,0x07
2026-09-06T17:14:24.668,244,0,1,50,1692,820,21758,1785,0,24808,0x07
2026-09-06T17:14:24.733,245,0,2,51,432,333,6382,1302,882,15526,0x07
2026-09-06T17:14:24.733,244,0,1,50,1585,820,20391,966,0,14698,0x07
2026-09-06T17:14:24.798,245,0,2,50,432,440,5929,1302,960,15196,0x07
2026-09-06T17:14:24.798,248,0,1,50,1585,1020,19541,966,0,14698,0x07
2026-09-06T17:14:24.863,251,0,2,52,1566,0,21826,126,38,3642,0x07
2026-09-06T17:14:24.928,253,0,2,51,1566,608,19243,126,569,1388,0x07
2026-09-06T17:14:24.928,252,0,1,51,3126,1216,38336,3278,0,40000,0x07
2026-09-06T17:14:24.993,253,0,2,51,1623,745,19366,66,294,1776,0x07
2026-09-06T17:14:24.993,252,0,1,50,3270,1780,37773,3500,0,40000,0x07
2026-09-06T17:14:25.058,253,0,2,52,1623,885,18773,66,0,3026,0x07
2026-09-06T17:14:25.058,256,0,1,51,3270,1961,37005,3500,0,40000,0x07
2026-09-06T17:14:25.140,259,0,2,56,-189,-36,4637,1946,18,27677,0x07
2026-09-06T17:14:25.140,258,0,1,51,850,2137,5428,1750,0,24372,0x07
2026-09-06T17:14:25.205,261,0,2,50,0,0,29858,1946,1700,20528,0x07
2026-09-06T17:14:25.206,260,0,1,54,-179,-130,5422,1936,19,26587,0x07
2026-09-06T17:14:25.271,263,0,2,51,0,0,8035,2792,1020,34544,0x07
2026-09-06T17:14:25.271,262,0,1,50,0,0,4704,1936,0,26665,0x07
2026-09-06T17:14:25.337,265,0,2,51,0,0,3000,2463,1608,27720,0x07
2026-09-06T17:14:25.337,264,0,1,51,119,255,4128,0,0,19987,0x07
2026-09-06T17:14:25.401,267,0,2,52,67,462,1325,1680,1173,19267,0x07
2026-09-06T17:14:25.402,266,0,1,51,3374,1804,39000,0,0,7137,0x07
2026-09-06T17:14:25.466,269,0,2,50,72,480,1300,0,0,23463,0x07
2026-09-06T17:14:25.466,268,0,1,50,1167,1380,12687,540,20,9346,0x07
2026-09-06T17:14:25.531,271,0,2,54,-2310,-222,30091,3500,93,40000,0x07
2026-09-06T17:14:25.531,270,0,1,50,982,440,14330,731,20,11709,0x07
2026-09-06T17:14:25.597,273,0,2,51,0,0,5014,3500,2137,39114,0x07
2026-09-06T17:14:25.597,272,0,1,51,2425,176,33827,2594,20,34700,0x07
2026-09-06T17:14:25.661,275,0,2,51,315,255,5271,1423,2196,11536,0x07
2026-09-06T17:14:25.661,274,0,1,52,2425,173,33841,2594,0,34783,0x07
2026-09-06T17:14:25.742,277,0,2,51,412,353,6044,1323,1078,14972,0x07
2026-09-06T17:14:25.742,276,0,1,51,3120,608,40000,3500,0,40000,0x07
2026-09-06T17:14:25.807,279,0,2,54,694,167,10335,1030,1241,10425,0x07
2026-09-06T17:14:25.807,278,0,1,50,3193,720,40000,3500,0,40000,0x07
2026-09-06T17:14:25.873,281,0,2,51,694,255,9960,1030,1098,11032,0x07
2026-09-06T17:14:25.873,280,0,1,51,3279,1510,39042,3500,0,40000,0x07
2026-09-06T17:14:25.937,283,0,2,50,665,360,9146,1060,1040,11684,0x07
2026-09-06T17:14:25.937,282,0,1,51,2896,1824,32831,3412,0,40000,0x07
2026-09-06T17:14:26.002,285,0,2,57,2344,667,28624,2604,1123,31642,0x07
2026-09-06T17:14:26.002,284,0,1,52,3374,2000,38166,3389,0,40000,0x07
2026-09-06T17:14:26.067,287,0,2,51,2344,1078,26874,2604,1392,30497,0x07
2026-09-06T17:14:26.067,286,0,1,51,1952,1902,20468,2905,0,38628,0x07
2026-09-06T17:14:26.326,289,0,2,51,2520,1392,27711,2852,1549,33086,0x07
2026-09-06T17:14:26.326,288,0,1,50,1927,1960,19909,2480,0,33383,0x07
2026-09-06T17:14:26.943,291,0,2,51,2083,1745,20809,2654,1745,29648,0x07
2026-09-06T17:14:26.943,290,0,1,51,271,1882,4383,1469,0,20902,0x07
