timestamp,sequence,team,robot_id,interval_ms,left_target_eps,left_measured_eps,left_duty,right_target_eps,right_measured_eps,right_duty,flags
2026-09-06T20:32:32.969,65535,0,2,51,0,0,0,0,0,0,0x0b
2026-09-06T20:32:33.033,65535,0,2,52,0,0,0,0,0,0,0x0b
2026-09-06T20:32:33.098,65535,0,2,50,0,0,0,0,0,0,0x0b
2026-09-06T20:32:33.162,65535,0,2,52,0,0,0,0,0,0,0x0b
2026-09-06T20:32:33.227,65535,0,2,52,0,0,0,0,0,0,0x0b
2026-09-06T20:32:33.292,1,0,2,52,0,0,0,0,0,0,0x03
2026-09-06T20:32:33.357,2,0,2,52,0,0,0,0,0,0,0x03
2026-09-06T20:32:33.422,3,0,2,50,0,0,0,0,0,0,0x03
2026-09-06T20:32:33.503,4,0,2,51,0,0,0,0,0,0,0x03
2026-09-06T20:32:33.568,5,0,2,51,0,0,0,0,0,0,0x03
2026-09-06T20:32:33.632,6,0,2,52,0,0,0,0,0,0,0x03
2026-09-06T20:32:33.697,7,0,2,50,0,0,0,0,0,0,0x03
2026-09-06T20:32:33.761,8,0,2,50,0,0,0,0,0,0,0x03
2026-09-06T20:32:33.826,9,0,2,51,0,0,0,0,0,0,0x03
2026-09-06T20:32:33.891,10,0,2,50,0,0,0,0,0,0,0x03
2026-09-06T20:32:33.972,11,0,2,52,0,0,0,0,0,0,0x03
2026-09-06T20:32:34.037,12,0,2,51,0,0,0,0,0,0,0x03
2026-09-06T20:32:34.102,13,0,2,51,0,0,0,0,0,0,0x03
2026-09-06T20:32:34.167,14,0,2,51,0,0,0,0,0,0,0x03
2026-09-06T20:32:34.232,15,0,2,50,0,0,0,0,0,0,0x03
2026-09-06T20:32:34.297,16,0,2,55,0,0,0,0,0,0,0x03
2026-09-06T20:32:34.362,17,0,2,52,0,0,0,0,0,0,0x03
2026-09-06T20:32:34.427,18,0,2,51,0,0,0,0,0,0,0x03
2026-09-06T20:32:34.508,19,0,2,50,0,0,0,0,0,0,0x03
2026-09-06T20:32:34.573,20,0,2,51,0,0,0,0,0,0,0x03
2026-09-06T20:32:34.638,21,0,2,50,0,0,0,0,0,0,0x03
2026-09-06T20:32:34.703,22,0,2,51,0,0,0,0,0,0,0x03
2026-09-06T20:32:34.767,23,0,2,50,0,0,0,0,0,0,0x03
2026-09-06T20:32:34.832,24,0,2,51,0,0,0,0,0,0,0x03
2026-09-06T20:32:34.897,25,0,2,50,0,0,0,0,0,0,0x03
2026-09-06T20:32:34.962,26,0,2,55,0,0,0,0,0,0,0x03
2026-09-06T20:32:35.043,27,0,2,52,0,0,0,0,0,0,0x03
2026-09-06T20:32:35.107,28,0,2,50,0,0,0,0,0,0,0x03
2026-09-06T20:32:35.172,29,0,2,51,0,0,0,0,0,0,0x03
2026-09-06T20:32:35.237,30,0,2,50,0,0,0,0,0,0,0x03
2026-09-06T20:32:35.302,31,0,2,52,0,0,0,0,0,0,0x03
2026-09-06T20:32:35.367,32,0,2,51,0,0,0,0,0,0,0x03
2026-09-06T20:32:35.432,33,0,2,50,0,0,0,0,0,0,0x03
2026-09-06T20:32:35.497,34,0,2,51,0,0,0,0,0,0,0x03
2026-09-06T20:32:35.578,35,0,2,52,0,0,0,0,0,0,0x03
2026-09-06T20:32:35.643,36,0,2,52,0,0,0,0,0,0,0x03
2026-09-06T20:32:35.708,37,0,2,52,0,0,0,0,0,0,0x03
2026-09-06T20:32:35.773,38,0,2,50,0,0,0,0,0,0,0x03
2026-09-06T20:32:35.838,39,0,2,50,0,0,0,0,0,0,0x03
2026-09-06T20:32:35.903,40,0,2,50,0,0,0,0,0,0,0x03
2026-09-06T20:32:35.967,41,0,2,52,0,0,0,0,0,0,0x03
2026-09-06T20:32:36.048,42,0,2,52,0,0,0,0,0,0,0x03
2026-09-06T20:32:36.113,43,0,2,55,0,0,0,0,0,0,0x03
2026-09-06T20:32:36.178,44,0,2,51,0,0,0,0,0,0,0x03
2026-09-06T20:32:36.243,45,0,2,50,0,0,0,0,0,0,0x03
2026-09-06T20:32:36.308,46,0,2,52,0,0,0,0,0,0,0x03
2026-09-06T20:32:36.373,47,0,2,50,0,0,0,0,0,0,0x03
2026-09-06T20:32:36.437,48,0,2,52,0,0,0,0,0,0,0x03
2026-09-06T20:32:36.502,49,0,2,50,0,0,0,0,0,0,0x03
2026-09-06T20:32:36.583,50,0,2,50,0,0,0,0,0,0,0x03
2026-09-06T20:32:36.648,51,0,2,50,0,0,0,0,0,0,0x03
2026-09-06T20:32:36.712,52,0,2,51,0,0,0,0,0,0,0x03
2026-09-06T20:32:36.777,53,0,2,50,0,0,0,0,0,0,0x03
2026-09-06T20:32:36.843,54,0,2,50,0,0,0,0,0,0,0x03
2026-09-06T20:32:36.907,55,0,2,50,0,0,0,0,0,0,0x03
2026-09-06T20:32:36.972,56,0,2,52,0,0,0,0,0,0,0x03
2026-09-06T20:32:37.053,57,0,2,51,0,0,0,0,0,0,0x03
2026-09-06T20:32:37.118,58,0,2,50,0,0,0,0,0,0,0x03
2026-09-06T20:32:37.183,59,0,2,54,0,0,0,0,0,0,0x03
2026-09-06T20:32:37.248,60,0,2,51,0,0,0,0,0,0,0x03
2026-09-06T20:32:37.313,61,0,2,52,0,0,0,0,0,0,0x03
2026-09-06T20:32:37.378,62,0,2,50,0,0,0,0,0,0,0x03
2026-09-06T20:32:37.442,63,0,2,51,0,0,0,0,0,0,0x03
2026-09-06T20:32:37.507,64,0,2,51,0,0,0,0,0,0,0x03
2026-09-06T20:32:37.588,65,0,2,51,0,0,0,0,0,0,0x03
2026-09-06T20:32:37.653,66,0,2,51,0,0,0,0,0,0,0x03
2026-09-06T20:32:37.718,67,0,2,50,0,0,0,0,0,0,0x03
2026-09-06T20:32:37.783,68,0,2,51,0,0,0,0,0,0,0x03
2026-09-06T20:32:37.848,69,0,2,50,0,0,0,0,0,0,0x03
2026-09-06T20:32:37.913,70,0,2,51,0,0,0,0,0,0,0x03
2026-09-06T20:32:37.978,71,0,2,50,0,0,0,0,0,0,0x03
2026-09-06T20:32:38.043,72,0,2,50,0,0,0,0,0,0,0x03
2026-09-06T20:32:38.124,73,0,2,50,0,0,0,0,0,0,0x03
2026-09-06T20:32:38.189,74,0,2,50,0,0,0,0,0,0,0x03
2026-09-06T20:32:38.254,75,0,2,50,0,0,0,0,0,0,0x03
2026-09-06T20:32:38.319,76,0,2,52,0,0,0,0,0,0,0x03
2026-09-06T20:32:38.384,77,0,2,53,0,0,0,0,0,0,0x03
2026-09-06T20:32:38.449,78,0,2,50,0,0,0,0,0,0,0x03
2026-09-06T20:32:38.514,79,0,2,50,0,0,0,0,0,0,0x03
2026-09-06T20:32:38.578,80,0,2,50,0,0,0,0,0,0,0x03
2026-09-06T20:32:38.660,81,0,2,52,0,0,0,0,0,0,0x03
2026-09-06T20:32:38.724,82,0,2,50,0,0,0,0,0,0,0x03
2026-09-06T20:32:38.789,83,0,2,52,0,0,0,0,0,0,0x03
2026-09-06T20:32:38.854,84,0,2,50,0,0,0,0,0,0,0x03
2026-09-06T20:32:38.918,85,0,2,50,0,0,0,0,0,0,0x03
2026-09-06T20:32:38.983,86,0,2,51,0,0,0,0,0,0,0x03
2026-09-06T20:32:39.048,87,0,2,51,0,0,0,0,0,0,0x03
2026-09-06T20:32:39.129,88,0,2,51,0,0,0,0,0,0,0x03
2026-09-06T20:32:39.194,89,0,2,52,0,0,0,0,0,0,0x03
2026-09-06T20:32:39.258,90,0,2,50,0,0,0,0,0,0,0x03
2026-09-06T20:32:39.323,91,0,2,50,0,0,0,0,0,0,0x03
2026-09-06T20:32:39.388,92,0,2,51,0,0,0,0,0,0,0x03
2026-09-06T20:32:39.453,93,0,2,53,0,0,0,0,0,0,0x03
2026-09-06T20:32:39.517,94,0,2,51,0,0,0,0,0,0,0x03
2026-09-06T20:32:39.582,95,0,2,50,0,0,0,0,0,0,0x03
2026-09-06T20:32:39.663,96,0,2,51,0,0,0,0,0,0,0x03
2026-09-06T20:32:39.728,97,0,2,50,0,0,0,0,0,0,0x03
2026-09-06T20:32:39.793,98,0,2,50,0,0,0,0,0,0,0x03
2026-09-06T20:32:39.858,99,0,2,51,0,0,0,0,0,0,0x03
2026-09-06T20:32:39.923,100,0,2,50,0,0,0,0,0,0,0x03
2026-09-06T20:32:39.988,101,0,2,51,0,0,0,0,0,0,0x03
2026-09-06T20:32:40.053,102,0,2,52,0,0,0,0,0,0,0x03
2026-09-06T20:32:40.118,103,0,2,52,0,0,0,0,0,0,0x03
2026-09-06T20:32:40.199,104,0,2,50,0,0,0,0,0,0,0x03
2026-09-06T20:32:40.264,105,0,2,51,0,0,0,0,0,0,0x03
2026-09-06T20:32:40.329,106,0,2,50,0,0,0,0,0,0,0x03
2026-09-06T20:32:40.393,107,0,2,50,0,0,0,0,0,0,0x03
2026-09-06T20:32:40.458,108,0,2,51,0,0,0,0,0,0,0x03
2026-09-06T20:32:40.523,109,0,2,51,0,0,0,0,0,0,0x03
2026-09-06T20:32:40.588,110,0,2,52,0,0,0,0,0,0,0x03
2026-09-06T20:32:40.653,111,0,2,50,0,0,0,0,0,0,0x03
2026-09-06T20:32:40.734,112,0,2,52,0,0,0,0,0,0,0x03
2026-09-06T20:32:40.799,113,0,2,55,0,0,0,0,0,0,0x03
2026-09-06T20:32:40.864,114,0,2,51,0,0,0,0,0,0,0x03
2026-09-06T20:32:40.929,115,0,2,51,0,0,0,0,0,0,0x03
2026-09-06T20:32:40.994,116,0,2,51,0,0,0,0,0,0,0x03
2026-09-06T20:32:41.059,117,0,2,51,0,0,0,0,0,0,0x03
2026-09-06T20:32:41.124,118,0,2,51,0,0,0,0,0,0,0x03
2026-09-06T20:32:41.189,119,0,2,50,0,0,0,0,0,0,0x03
2026-09-06T20:32:41.270,120,0,2,50,0,0,0,0,0,0,0x03
2026-09-06T20:32:41.336,121,0,2,52,0,0,0,0,0,0,0x03
2026-09-06T20:32:41.401,122,0,2,51,0,0,0,0,0,0,0x03
2026-09-06T20:32:41.466,123,0,2,51,0,0,0,0,0,0,0x03
2026-09-06T20:32:41.530,124,0,2,50,0,0,0,0,0,0,0x03
2026-09-06T20:32:41.595,125,0,2,51,0,0,0,0,0,0,0x03
2026-09-06T20:32:41.660,126,0,2,50,0,0,0,0,0,0,0x03
2026-09-06T20:32:41.741,127,0,2,51,0,0,0,0,0,0,0x03
2026-09-06T20:32:41.806,128,0,2,50,0,0,0,0,0,0,0x03
2026-09-06T20:32:41.871,129,0,2,50,0,0,0,0,0,0,0x03
2026-09-06T20:32:41.936,130,0,2,50,0,0,0,0,0,0,0x03
2026-09-06T20:32:42.001,131,0,2,54,0,0,0,0,0,0,0x03
2026-09-06T20:32:42.066,132,0,2,50,0,0,0,0,0,0,0x03
2026-09-06T20:32:42.131,133,0,2,52,0,0,0,0,0,0,0x03
2026-09-06T20:32:42.195,134,0,2,52,0,0,0,0,0,0,0x03
2026-09-06T20:32:42.277,135,0,2,50,0,0,0,0,0,0,0x03
2026-09-06T20:32:42.341,136,0,2,50,0,0,0,0,0,0,0x03
2026-09-06T20:32:42.406,137,0,2,51,0,0,0,0,0,0,0x03
2026-09-06T20:32:42.471,138,0,2,51,0,0,0,0,0,0,0x03
2026-09-06T20:32:42.536,139,0,2,50,0,0,0,0,0,0,0x03
2026-09-06T20:32:42.601,140,0,2,52,0,0,0,0,0,0,0x03
2026-09-06T20:32:42.665,141,0,2,50,0,0,0,0,0,0,0x03
2026-09-06T20:32:42.730,142,0,2,50,0,0,0,0,0,0,0x03
2026-09-06T20:32:42.811,143,0,2,51,0,0,0,0,0,0,0x03
2026-09-06T20:32:42.876,144,0,2,51,0,0,0,0,0,0,0x03
2026-09-06T20:32:42.941,145,0,2,50,0,0,0,0,0,0,0x03
2026-09-06T20:32:43.006,146,0,2,52,0,0,0,0,0,0,0x03
2026-09-06T20:32:43.071,147,0,2,52,0,0,0,0,0,0,0x03
2026-09-06T20:32:43.136,148,0,2,51,0,0,0,0,0,0,0x03
2026-09-06T20:32:43.201,149,0,2,51,0,0,0,0,0,0,0x03
2026-09-06T20:32:43.266,150,0,2,52,0,0,0,0,0,0,0x03
2026-09-06T20:32:43.347,151,0,2,56,0,0,0,0,0,0,0x03
2026-09-06T20:32:43.412,152,0,2,52,0,0,0,0,0,0,0x03
2026-09-06T20:32:43.478,153,0,2,50,0,0,0,0,0,0,0x03
2026-09-06T20:32:43.543,154,0,2,51,0,0,0,0,0,0,0x03
2026-09-06T20:32:43.608,155,0,2,52,0,0,0,0,0,0,0x03
2026-09-06T20:32:43.674,156,0,2,51,0,0,0,0,0,0,0x03
2026-09-06T20:32:43.739,157,0,2,50,0,0,0,0,0,0,0x03
2026-09-06T20:32:43.804,158,0,2,52,0,0,0,0,0,0,0x03
2026-09-06T20:32:43.869,159,0,2,51,0,0,0,0,0,0,0x03
2026-09-06T20:32:43.935,160,0,2,50,0,0,0,0,0,0,0x03
2026-09-06T20:32:44.016,161,0,2,51,0,0,0,0,0,0,0x03
2026-09-06T20:32:44.081,162,0,2,50,0,0,0,0,0,0,0x03
2026-09-06T20:32:44.146,163,0,2,51,0,0,0,0,0,0,0x03
2026-09-06T20:32:44.211,164,0,2,51,0,0,0,0,0,0,0x03
2026-09-06T20:32:44.276,165,0,2,50,0,0,0,0,0,0,0x03
2026-09-06T20:32:44.342,166,0,2,51,0,0,0,0,0,0,0x03
2026-09-06T20:32:44.407,167,0,2,51,0,0,0,0,0,0,0x03
2026-09-06T20:32:44.472,168,0,2,51,0,0,0,0,0,0,0x03
2026-09-06T20:32:44.537,169,0,2,50,0,0,0,0,0,0,0x03
2026-09-06T20:32:44.619,170,0,2,51,0,0,0,0,0,0,0x03
2026-09-06T20:32:44.684,171,0,2,52,0,0,0,0,0,0,0x03
2026-09-06T20:32:44.749,172,0,2,50,0,0,0,0,0,0,0x03
2026-09-06T20:32:44.814,173,0,2,51,0,0,0,0,0,0,0x03
2026-09-06T20:32:44.879,174,0,2,52,0,0,0,0,0,0,0x03
2026-09-06T20:32:44.944,175,0,2,52,0,0,0,0,0,0,0x03
2026-09-06T20:32:45.009,176,0,2,50,0,0,0,0,0,0,0x03
2026-09-06T20:32:45.074,177,0,2,50,0,0,0,0,0,0,0x03
2026-09-06T20:32:45.155,178,0,2,50,0,0,0,0,0,0,0x03
2026-09-06T20:32:45.221,179,0,2,50,0,0,0,0,0,0,0x03
2026-09-06T20:32:45.286,180,0,2,54,0,0,0,0,0,0,0x03
2026-09-06T20:32:45.351,181,0,2,52,0,0,0,0,0,0,0x03
2026-09-06T20:32:45.417,182,0,2,51,0,0,0,0,0,0,0x03
2026-09-06T20:32:45.481,183,0,2,51,0,0,0,0,0,0,0x03
2026-09-06T20:32:45.546,184,0,2,51,0,0,0,0,0,0,0x03
2026-09-06T20:32:45.611,185,0,2,50,0,0,0,0,0,0,0x03
2026-09-06T20:32:45.692,186,0,2,52,0,0,0,0,0,0,0x03
2026-09-06T20:32:45.757,187,0,2,51,0,0,0,0,0,0,0x03
2026-09-06T20:32:45.821,188,0,2,50,0,0,25534,0,0,26316,0x07
2026-09-06T20:32:45.886,189,0,2,50,3092,1060,34170,3208,1720,32642,0x07
2026-09-06T20:32:45.951,190,0,2,51,3093,1098,34016,3208,1490,33619,0x07
2026-09-06T20:32:46.016,191,0,2,50,3090,1340,32960,3208,1220,34767,0x07
2026-09-06T20:32:46.080,192,0,2,54,3091,1833,30866,3208,1685,32790,0x07
2026-09-06T20:32:46.145,193,0,2,50,3091,2120,29648,3208,1860,32047,0x07
2026-09-06T20:32:46.226,194,0,2,50,3043,2220,28659,3208,1960,31622,0x07
2026-09-06T20:32:46.291,195,0,2,51,2918,2373,26541,3208,1941,31702,0x07
2026-09-06T20:32:46.356,196,0,2,59,2590,2475,22250,3045,2254,28426,0x07
2026-09-06T20:32:46.421,197,0,2,50,2590,2500,22142,3045,2460,27552,0x07
2026-09-06T20:32:46.486,198,0,2,51,2320,2353,19585,2838,2471,25058,0x07
2026-09-06T20:32:46.551,199,0,2,56,1817,2214,14248,2384,2500,19536,0x07
2026-09-06T20:32:46.616,200,0,2,51,1817,1922,15492,2384,2176,20911,0x07
2026-09-06T20:32:46.681,201,0,2,50,1813,1860,15706,2315,2380,19219,0x07
2026-09-06T20:32:46.763,202,0,2,50,1876,1900,16278,2340,2220,20202,0x07
2026-09-06T20:32:46.828,203,0,2,51,2046,2157,17194,2449,2333,21013,0x07
2026-09-06T20:32:46.893,204,0,2,51,2239,2020,20049,2594,2039,23985,0x07
2026-09-06T20:32:46.958,205,0,2,53,2604,2000,24426,2875,2208,26604,0x07
2026-09-06T20:32:47.024,206,0,2,50,2604,1460,26721,2875,2520,25276,0x07
2026-09-06T20:32:47.089,207,0,2,51,2819,1941,27210,3005,2176,28287,0x07
2026-09-06T20:32:47.154,208,0,2,50,2970,1400,31290,3104,700,35739,0x07
2026-09-06T20:32:47.219,209,0,2,50,3085,980,34426,3154,1100,34629,0x07
2026-09-06T20:32:47.284,210,0,2,50,3093,1000,34436,3029,560,35440,0x07
2026-09-06T20:32:47.349,211,0,2,50,3075,720,35416,2802,780,31810,0x07
2026-09-06T20:32:47.430,212,0,2,50,2924,320,35332,2731,0,34277,0x07
2026-09-06T20:32:47.495,213,0,2,52,2884,0,36227,2766,0,34692,0x07
2026-09-06T20:32:47.560,214,0,2,50,2869,0,36048,2725,0,34212,0x07
2026-09-06T20:32:47.624,215,0,2,50,2858,0,35918,2726,0,34220,0x07
2026-09-06T20:32:47.689,216,0,2,50,2861,0,35960,2742,0,34415,0x07
2026-09-06T20:32:47.754,217,0,2,52,2900,0,36410,2848,0,35670,0x07
2026-09-06T20:32:47.820,218,0,2,55,2930,0,36767,2844,0,35623,0x07
2026-09-06T20:32:47.901,219,0,2,52,2930,0,36767,2844,0,35623,0x07
2026-09-06T20:32:47.966,220,0,2,50,2934,0,36816,2846,0,35640,0x07
2026-09-06T20:32:48.031,221,0,2,52,2937,0,36846,2850,0,35695,0x07
2026-09-06T20:32:48.096,222,0,2,51,2957,0,37082,2920,0,36526,0x07
2026-09-06T20:32:48.161,223,0,2,52,2968,0,37213,2883,0,36090,0x07
2026-09-06T20:32:48.227,224,0,2,51,2951,0,37018,2862,0,35836,0x07
2026-09-06T20:32:48.292,225,0,2,51,2951,0,37018,2862,0,35836,0x07
2026-09-06T20:32:48.357,226,0,2,50,2946,0,36954,2856,0,35769,0x07
2026-09-06T20:32:48.422,227,0,2,51,2941,0,36894,2848,0,35665,0x07
2026-09-06T20:32:48.503,228,0,2,51,2937,0,36846,2843,0,35615,0x07
2026-09-06T20:32:48.568,229,0,2,51,2936,0,36836,2847,0,35657,0x07
2026-09-06T20:32:48.632,230,0,2,51,2937,0,36846,2849,0,35678,0x07
2026-09-06T20:32:48.697,231,0,2,51,2938,0,36858,2850,0,35695,0x07
2026-09-06T20:32:48.762,232,0,2,51,2939,0,36871,2851,0,35712,0x07
2026-09-06T20:32:48.826,233,0,2,52,2939,0,36879,2852,0,35720,0x07
2026-09-06T20:32:48.891,234,0,2,53,1687,0,22134,-1750,0,22630,0x07
2026-09-06T20:32:48.972,235,0,2,50,1687,0,22134,-1750,-1240,17360,0x07
2026-09-06T20:32:49.037,236,0,2,51,1687,0,22134,-1750,-1137,17796,0x07
2026-09-06T20:32:49.102,237,0,2,51,1687,0,22134,-1750,-196,21796,0x07
2026-09-06T20:32:49.166,238,0,2,51,1687,0,22134,-1750,-412,20880,0x07
2026-09-06T20:32:49.231,239,0,2,51,1687,39,21967,-1750,-549,20296,0x07
2026-09-06T20:32:49.296,240,0,2,51,0,0,0,0,0,0,0x03
2026-09-06T20:32:49.361,241,0,2,51,0,0,24696,0,0,26316,0x07
2026-09-06T20:32:49.426,242,0,2,51,2981,647,34614,3208,980,35785,0x07
2026-09-06T20:32:49.507,243,0,2,51,3007,490,35590,3208,2137,30869,0x07
2026-09-06T20:32:49.572,244,0,2,51,2270,1275,23577,2930,1627,29726,0x07
2026-09-06T20:32:49.636,245,0,2,50,2270,1540,22448,2930,1260,31288,0x07
2026-09-06T20:32:49.702,246,0,2,51,1635,1627,14601,2377,1431,23990,0x07
2026-09-06T20:32:49.767,247,0,2,50,1057,1300,9192,1825,1520,17063,0x07
2026-09-06T20:32:49.831,248,0,2,51,548,1059,4218,1341,1471,11523,0x07
2026-09-06T20:32:49.896,249,0,2,50,381,1060,2254,1209,1300,10672,0x07
2026-09-06T20:32:49.962,250,0,2,51,354,157,5772,1237,569,14122,0x07
2026-09-06T20:32:50.043,251,0,2,50,354,60,6183,1237,340,15093,0x07
2026-09-06T20:32:50.108,252,0,2,51,378,39,6553,1212,176,15489,0x07
2026-09-06T20:32:50.173,253,0,2,51,446,78,7194,1141,20,15312,0x07
2026-09-06T20:32:50.238,254,0,2,51,652,0,9950,1085,0,14734,0x07
2026-09-06T20:32:50.304,255,0,2,51,1322,0,17831,1700,0,22038,0x07
2026-09-06T20:32:50.369,256,0,2,52,1860,38,24008,2281,442,27060,0x07
2026-09-06T20:32:50.434,257,0,2,50,1860,140,23576,2281,1240,23670,0x07
2026-09-06T20:32:50.499,258,0,2,51,1926,137,24358,2371,1235,24753,0x07
2026-09-06T20:32:50.579,259,0,2,50,2029,220,25227,2451,1360,25179,0x07
2026-09-06T20:32:50.644,260,0,2,50,1855,40,23942,2381,600,27578,0x07
2026-09-06T20:32:50.709,261,0,2,52,1847,0,24020,2340,635,26936,0x07
2026-09-06T20:32:50.774,262,0,2,50,1605,0,21167,2157,1220,22278,0x07
2026-09-06T20:32:50.839,263,0,2,52,1605,0,21167,2157,1635,20516,0x07
2026-09-06T20:32:50.904,264,0,2,50,1439,0,19209,2028,800,22534,0x07
2026-09-06T20:32:50.970,265,0,2,50,1344,0,18097,1930,600,22211,0x07
2026-09-06T20:32:51.034,266,0,2,50,1164,0,15980,1791,1480,16826,0x07
2026-09-06T20:32:51.116,267,0,2,50,947,0,13426,1611,1180,15959,0x07
2026-09-06T20:32:51.165,268,0,2,51,963,0,13608,1570,471,18496,0x07
2026-09-06T20:32:51.246,269,0,2,51,1687,0,22134,-1750,0,22630,0x07
2026-09-06T20:32:51.311,270,0,2,51,1687,0,22134,-1750,-1137,17796,0x07
2026-09-06T20:32:51.376,271,0,2,50,1687,0,22134,-1750,-1220,17444,0x07
2026-09-06T20:32:51.441,272,0,2,52,1687,0,22134,-1750,-192,21812,0x07
2026-09-06T20:32:51.506,273,0,2,50,1687,0,22134,-1750,-360,21100,0x07
2026-09-06T20:32:51.571,274,0,2,51,1687,0,22134,-1750,-451,20713,0x07
2026-09-06T20:32:51.652,275,0,2,50,0,0,0,0,0,0,0x03
2026-09-06T20:32:51.717,276,0,2,50,0,0,8122,0,0,12705,0x07
2026-09-06T20:32:51.781,277,0,2,52,778,250,10365,1424,327,17368,0x07
2026-09-06T20:32:51.846,278,0,2,52,393,192,6078,1197,154,15406,0x07
2026-09-06T20:32:51.911,279,0,2,51,0,0,8023,0,0,12462,0x07
2026-09-06T20:32:51.976,280,0,2,52,-765,-173,10537,-1392,-135,17807,0x07
2026-09-06T20:32:52.041,281,0,2,51,-1816,-667,20817,-2052,-843,22637,0x07
2026-09-06T20:32:52.106,282,0,2,50,-2269,-900,25165,-2521,-340,30346,0x07
2026-09-06T20:32:52.171,283,0,2,50,-2454,-640,28442,-2746,-660,31651,0x07
2026-09-06T20:32:52.253,284,0,2,51,-2497,-922,27751,-2833,-1039,31079,0x07
2026-09-06T20:32:52.317,285,0,2,57,-2400,-1509,24118,-2776,-1404,28844,0x07
2026-09-06T20:32:52.383,286,0,2,51,-2400,-2392,20363,-2776,-2392,24642,0x07
2026-09-06T20:32:52.447,287,0,2,51,-2308,-2275,19776,-2740,-1490,28056,0x07
2026-09-06T20:32:52.512,288,0,2,50,-2218,-780,25071,-2672,-640,30863,0x07
2026-09-06T20:32:52.577,289,0,2,51,-2146,-137,26956,-2608,-196,31985,0x07
2026-09-06T20:32:52.642,290,0,2,51,-2446,0,31067,-2736,0,34336,0x07
2026-09-06T20:32:52.707,291,0,2,50,-2735,0,34468,-2926,0,36596,0x07
2026-09-06T20:32:52.788,292,0,2,52,-2853,0,35865,-3050,0,38065,0x07
2026-09-06T20:32:52.853,293,0,2,50,-2847,0,35794,-3101,-20,38591,0x07
2026-09-06T20:32:52.918,294,0,2,50,-2899,0,36398,-3122,0,38921,0x07
2026-09-06T20:32:52.983,295,0,2,50,-2902,0,36442,-3141,0,39150,0x07
2026-09-06T20:32:53.047,296,0,2,51,-2902,0,36442,-3147,0,39225,0x07
2026-09-06T20:32:53.113,297,0,2,51,-2834,0,35644,-3137,0,39104,0x07
2026-09-06T20:32:53.178,298,0,2,52,-2860,0,35946,-3120,0,38905,0x07
2026-09-06T20:32:53.243,299,0,2,52,-2860,0,35949,-3123,0,38938,0x07
2026-09-06T20:32:53.324,300,0,2,51,-2796,0,35195,-3109,0,38776,0x07
2026-09-06T20:32:53.389,301,0,2,50,-2816,0,35425,-3080,0,38423,0x07
2026-09-06T20:32:53.454,302,0,2,51,-2816,0,35425,-3080,0,38423,0x07
2026-09-06T20:32:53.519,303,0,2,52,-2769,0,34868,-3079,0,38414,0x07
2026-09-06T20:32:53.584,304,0,2,51,-2752,0,34674,-3062,0,38214,0x07
2026-09-06T20:32:53.649,305,0,2,51,-2820,0,35469,-3073,0,38343,0x07
2026-09-06T20:32:53.714,306,0,2,52,0,0,14964,-3079,0,38414,0x07
2026-09-06T20:32:53.779,307,0,2,50,1687,200,21284,-1750,0,22630,0x07
2026-09-06T20:32:53.860,308,0,2,51,1687,255,21050,-1750,0,22630,0x07
2026-09-06T20:32:53.925,309,0,2,50,1687,420,20349,-1750,0,22630,0x07
2026-09-06T20:32:53.990,310,0,2,52,1687,596,19600,-1750,-19,22548,0x07
2026-09-06T20:32:54.055,311,0,2,51,1687,941,18134,-1750,-353,21130,0x07
2026-09-06T20:32:54.120,312,0,2,50,0,0,0,0,0,0,0x03
2026-09-06T20:32:54.185,313,0,2,50,0,0,25541,0,0,25216,0x07
2026-09-06T20:32:54.250,314,0,2,50,-3093,-1120,33926,-3064,-1600,31439,0x07
2026-09-06T20:32:54.315,315,0,2,50,-3093,-1560,32056,-2872,-1700,28731,0x07
2026-09-06T20:32:54.396,316,0,2,51,-2691,-1314,28376,-2058,-922,22366,0x07
2026-09-06T20:32:54.460,317,0,2,53,-1371,-981,14245,-182,-396,2316,0x07
2026-09-06T20:32:54.525,318,0,2,50,0,0,14374,0,0,10380,0x07
2026-09-06T20:32:54.590,319,0,2,51,1609,373,19628,1119,0,15137,0x07
2026-09-06T20:32:54.655,320,0,2,50,2043,20,26235,1876,1340,18426,0x07
2026-09-06T20:32:54.720,321,0,2,51,2300,471,27347,2079,569,24124,0x07
2026-09-06T20:32:54.785,322,0,2,51,2385,824,26856,2122,569,24628,0x07
2026-09-06T20:32:54.850,323,0,2,50,2084,1280,21364,1606,1000,16675,0x07
2026-09-06T20:32:54.931,324,0,2,51,2084,1549,20221,1606,1098,16258,0x07
2026-09-06T20:32:54.996,325,0,2,51,2049,1529,19891,1670,1059,17181,0x07
2026-09-06T20:32:55.060,326,0,2,51,2116,1451,21015,1785,980,18882,0x07
2026-09-06T20:32:55.125,327,0,2,52,2303,346,27912,2089,750,23469,0x07
2026-09-06T20:32:55.190,328,0,2,51,2515,431,30048,2381,510,27957,0x07
2026-09-06T20:32:55.255,329,0,2,50,2745,300,33319,2746,280,33271,0x07
2026-09-06T20:32:55.320,330,0,2,51,2890,0,36299,2888,235,35148,0x07
2026-09-06T20:32:55.386,331,0,2,52,2960,0,37121,2943,0,36800,0x07
2026-09-06T20:32:55.467,332,0,2,50,2994,0,37518,2972,0,37138,0x07
2026-09-06T20:32:55.531,333,0,2,55,2967,0,37205,2855,18,35675,0x07
2026-09-06T20:32:55.596,334,0,2,50,2967,0,37205,2855,0,35753,0x07
2026-09-06T20:32:55.661,335,0,2,51,2956,0,37069,2884,0,36098,0x07
2026-09-06T20:32:55.726,336,0,2,50,2960,0,37118,2885,0,36115,0x07
2026-09-06T20:32:55.791,337,0,2,50,2959,0,37110,2878,0,36028,0x07
2026-09-06T20:32:55.856,338,0,2,51,2956,0,37073,2873,0,35969,0x07
2026-09-06T20:32:55.921,339,0,2,50,2953,0,37033,2868,0,35902,0x07
2026-09-06T20:32:56.003,340,0,2,50,2930,0,36763,2795,0,35042,0x07
2026-09-06T20:32:56.068,341,0,2,50,2920,0,36652,2835,0,35511,0x07
2026-09-06T20:32:56.133,342,0,2,50,2930,0,36763,2845,0,35636,0x07
2026-09-06T20:32:56.198,343,0,2,50,2914,0,36584,2780,0,34863,0x07
2026-09-06T20:32:56.262,344,0,2,52,2888,0,36275,2753,0,34548,0x07
2026-09-06T20:32:56.327,345,0,2,56,2916,0,36605,2835,0,35511,0x07
2026-09-06T20:32:56.392,346,0,2,51,2916,0,36605,2835,0,35511,0x07
2026-09-06T20:32:56.457,347,0,2,51,2930,0,36771,0,0,15192,0x07
2026-09-06T20:32:56.539,348,0,2,52,1687,0,22134,-1750,-269,21485,0x07
2026-09-06T20:32:56.603,349,0,2,50,1687,0,22134,-1750,-720,19570,0x07
2026-09-06T20:32:56.668,350,0,2,51,1687,0,22134,-1750,-196,21796,0x07
2026-09-06T20:32:56.733,351,0,2,52,1687,0,22134,-1750,-327,21240,0x07
2026-09-06T20:32:56.798,352,0,2,52,1687,96,21725,-1750,-615,20014,0x07
2026-09-06T20:32:56.863,353,0,2,52,0,0,0,0,0,0,0x03
2026-09-06T20:32:56.879,354,0,2,50,0,0,24732,0,0,25366,0x07
